6962
4679
12650
6686
9338
4324
8908
10670
1987
2616
4656
6452
1447
5939
2693
10635
3652
9643
2705
12463
983
1124
7955
10392
5984
11208
11168
5774
7790
11087
10207
356
1993
9457
11724
705
5052
13003
7350
12861
2857
10548
9501
4542
9471
1247
6275
5146
11654
6290
3387
8130
7609
6999
12902
11499
8430
4917
1748
7210
11420
10897
3681
8033
12959
1175
7663
5239
11024
6565
9655
6298
12818
10155
6684
4484
7701
10004
10369
5785
4318
8358
12349
4852
1806
9013
8269
3483
6745
4921
7217
8657
179
1553
5361
3755
5715
4895
5162
5511
8485
3616
5482
12898
6752
11268
12405
4379
357
7273
11511
2402
912
12630
11017
3490
7182
10664
12243
9124
11052
9548
1576
689
10053
1686
2097
5888
12089
4281
12660
5908
6674
3485
12283
60
11798
5170
9203
4958
11280
13002
8058
1733
4335
8199
4301
5118
9263
6119
3908
8454
11790
5803
8260
10395
4294
5454
10447
5561
5538
12483
2040
4352
7319
7269
2
2281
11968
1617
9479
463
4524
10955
8793
4466
4184
11011
11646
1551
2790
1215
1257
10807
9417
2874
7461
2064
10185
5434
3133
2864
8647
9300
3785
3793
5226
12452
3658
3607
11878
4351
9805
12008
1700
9739
6961
11091
5213
10988
2617
11408
11240
10683
12282
2721
2016
9034
1271
11062
12763
8783
1647
6643
1809
4261
3161
10893
423
6510
4333
640
3947
12873
9033
12310
11339
3953
2437
12755
8980
12544
8046
3955
7327
5589
8751
2734
7341
5350
6106
125
11942
2104
4337
6845
12896
10573
193
11106
5253
1832
10541
9771
9981
5480
5883
1468
10524
11815
12773
5473
11480
9454
12768
12980
12516
10457
7051
12564
12227
10389
4013
1485
6184
10582
12430
8018
9838
8776
1836
10621
7649
9801
9872
4396
458
11509
9690
5109
6454
1683
3507
9345
7390
1652
11403
5891
4554
6568
9619
12277
2842
456
9201
8060
3108
9832
10063
3065
3433
2059
6807
6254
1385
8704
7495
642
2074
6013
9329
8359
11803
8471
319
12238
11236
12311
6202
5129
140
7286
10534
4344
10606
4754
8605
12112
4084
3449
3896
1321
4531
1570
9734
9933
2602
1220
6209
11838
10378
10287
6394
8600
8860
3005
3166
669
6430
8965
3327
5567
6941
9002
9168
7531
11121
119
8332
788
7113
8763
4952
4872
8642
1804
7277
8252
6449
1196
7247
5048
2363
4122
6471
10671
3489
7743
9293
2062
4420
1543
8607
2422
3280
88
7907
1830
4357
5613
663
5903
2299
9241
11446
9701
9225
1599
9482
6252
9400
1238
544
7641
2070
702
10364
1523
7421
4745
4395
4915
5905
8573
7081
11153
8272
2439
8461
2106
8325
12260
2729
10120
8728
8505
7462
7317
1339
2536
2307
4759
6983
11601
11904
4482
17
9031
12023
7378
8902
11605
5270
8441
1990
8892
9903
6601
5349
8001
8005
6825
6272
1796
3605
9604
11851
7173
11217
946
3144
7194
10576
12792
12915
11742
6894
8679
6094
6466
9140
8616
6868
2202
6138
487
1937
812
3971
4996
11685
6809
2301
9674
8655
7582
8428
2428
11952
8673
11731
3007
3865
2246
3262
6514
1706
11185
8654
9078
7762
2736
11756
3650
10360
12926
7729
2818
1439
7150
5669
5824
1293
12798
12368
8276
4019
11692
6933
9877
7542
11611
12049
1027
1300
10390
5612
6460
7661
8136
5337
7960
7678
137
4704
9686
5476
5655
11287
6040
11066
8034
8530
2675
5110
7579
11212
4522
6620
12136
8049
1186
331
8482
11922
1992
2361
8312
9803
1133
6662
2933
7161
8651
9347
12213
8137
1497
12966
8357
65
5188
8796
2755
10852
4341
5438
2431
7771
1777
441
8959
7064
11129
3207
11616
3852
10756
4716
7011
8606
1210
682
7246
7837
11979
8703
1043
3763
12811
5084
12214
4398
10819
64
12765
8765
655
1087
12013
8369
271
1169
528
3812
8652
7884
3923
9353
1611
4197
7120
6976
2181
2191
3426
5196
1645
7828
9415
8012
6981
12641
11599
2626
6148
524
5040
11471
8735
12629
11632
8752
6026
214
2344
4821
4922
7174
1684
4833
10668
8625
10857
12373
1710
2444
1288
1499
4817
9188
3288
8424
11463
3986
9040
4474
4750
462
4373
4073
1273
4239
9028
11474
5215
11889
10393
11717
5743
8973
3855
10572
7939
12866
1126
6470
11751
12887
11199
10041
7629
8558
10467
2762
1858
12364
2037
6345
4401
7293
11959
7887
11558
7694
12578
7299
4838
11116
11863
1163
10182
8355
6975
6249
12962
11226
1615
11267
9385
4000
11860
4192
366
7854
4096
2430
11715
2185
7259
2902
5113
6968
367
2028
8474
453
9949
7272
616
5351
5172
2200
389
1243
7281
12675
7802
7479
8695
10953
3727
10460
6231
8792
2164
864
83
10951
11598
4053
8422
1331
940
10371
4551
6773
10275
5872
779
2502
4966
6805
7703
11167
5400
5637
7231
2756
75
8964
9983
4839
9113
9091
2731
9865
7408
6219
13006
10646
12775
7799
10178
3651
4855
4825
3913
7974
733
11992
3083
145
7088
8459
7143
10918
6818
10292
4989
10701
10637
2393
452
5986
5573
10118
4513
8256
11855
9772
4069
7547
6547
11672
6489
7164
3713
9039
8989
8258
2144
967
8548
5264
720
10867
2546
12492
5423
13
12258
7017
1691
6068
6009
12702
3897
7393
6719
589
12146
7993
12210
1970
10915
1799
11644
10203
12174
10245
6206
11573
4730
6681
5133
3898
10014
7089
11633
10249
477
6351
7798
2972
3538
3983
10858
10499
11181
12721
12101
7148
5643
1525
8518
1168
12799
2555
2199
2024
2153
8582
3948
1735
56
2089
471
3365
2457
12240
1626
8508
12120
8640
2897
4035
9704
11201
6100
12603
10398
427
7085
5152
8733
6285
6799
7062
9812
12239
12642
1614
5271
11243
1921
8794
1976
2463
12973
2392
6831
7099
1410
334
6413
7553
10210
2500
11961
6562
10421
5419
12531
1352
2716
6708
241
5801
11204
12817
8691
2634
2207
4911
1382
352
12512
221
8618
4899
1951
2397
12461
11386
2898
7238
12897
8392
12789
2816
613
11126
687
4929
5260
11414
12476
1265
2425
9883
8969
9413
2159
5187
6859
9477
9930
12309
9833
5207
4089
8720
3162
8854
10236
5313
6570
6047
9577
5057
5525
10000
8545
3964
632
2978
372
2475
6244
3491
3457
5272
10255
4675
1230
1063
9484
5635
6797
534
5095
10636
4990
4837
12141
9003
4449
12294
11045
12781
10605
5171
1528
1764
1380
9637
2807
12894
9663
10030
2009
1260
7760
6480
3849
10840
10500
11031
12674
2368
11162
7415
12916
2938
6433
1358
4445
6289
11100
10304
10870
1884
2085
3942
4254
11619
9895
10956
1779
9216
12938
8944
8294
8731
9204
11390
4998
12878
2465
38
8109
4712
5670
5668
2421
9757
4110
11524
4475
7047
2627
10459
12593
920
9531
9326
2160
7118
11895
4242
6922
5851
2096
11665
2351
6863
10172
7079
10952
9137
467
6545
9361
141
11279
7494
2174
10350
7127
9375
12795
12587
11897
3392
380
8578
8396
8599
5987
6497
9616
10334
11461
7342
8472
2928
12403
3478
11487
2977
9189
2427
1483
7023
7412
7683
9946
2453
6251
2140
7060
7514
12596
810
5494
11452
4770
2648
7653
6256
3093
7852
3515
5963
10288
6024
6411
11766
11589
11920
11308
7285
11526
12844
9948
5148
5107
6266
11704
3282
11331
11608
1172
1760
4823
4183
5157
1619
97
2481
2715
391
5606
10931
1910
3377
3234
851
11018
7871
12016
9507
904
6428
12595
3383
6744
5468
12212
6538
11071
2881
11691
10804
7655
7337
12692
5507
2476
3833
649
4975
8251
5860
4563
11082
9319
7521
1414
609
110
7889
6849
9824
3623
8727
3722
7934
11836
12590
656
11805
7134
7219
8808
7039
3067
10881
8122
3284
11962
8088
2225
6116
6160
5108
11680
3334
4874
2544
8648
10564
7833
2523
6928
12944
8183
2053
7914
2534
12459
10763
703
11111
3098
9494
11559
5039
5664
4421
4574
12625
7971
9536
2959
5850
6177
6959
11019
2365
11561
6950
10338
9024
926
4916
10929
9528
2233
9455
10973
3587
12759
6057
7252
325
1068
10543
3556
8304
10574
11540
12935
5055
8223
10240
4219
7562
6468
2033
7147
11916
1179
1473
6971
9744
3621
6738
5691
6753
12568
1225
1280
4767
3564
3674
5818
11387
10555
9737
11134
186
7841
2079
1030
680
9875
3115
7383
9351
12148
4181
8826
8526
945
10037
6794
2844
9904
9596
10068
12341
9052
1633
10097
4519
6550
5185
1868
12229
11182
7604
11500
11110
8159
2766
7831
4062
12118
2347
924
8682
7018
182
10434
1142
6262
12438
11333
5472
3665
6701
7721
2979
11047
8015
9209
8056
2464
8377
3223
6827
6977
6087
6488
2730
5324
2831
7036
129
10282
7431
10987
10293
1785
11911
3637
2921
6783
2275
3380
10341
7620
6025
7909
10221
4385
10730
2273
2076
5151
5046
6270
8911
9601
11428
791
11148
4312
7952
12608
3941
5627
3265
2038
7654
6702
12334
5441
12090
8968
7764
12450
9057
206
10873
1055
11169
5658
614
8182
798
831
4836
12062
2113
3310
2998
7121
6663
10726
10899
10891
4786
11722
7805
9401
12849
8233
564
8528
12505
9215
6383
8570
12010
7007
3924
8712
12084
9807
12724
11698
10786
7065
3451
5439
3025
2077
6035
4389
3708
10703
7910
10196
950
12738
1840
2862
77
12523
1457
1837
2491
11371
10029
9582
1471
1744
1100
12627
3341
12313
2072
10175
9402
8027
3460
12856
11816
1808
5245
12739
1292
37
12434
9365
11939
11492
8585
9587
3308
3442
3914
9370
5980
7634
1711
6307
5262
7927
8201
11006
1093
10409
7054
9279
3561
443
5699
180
6487
8350
12264
2656
12820
11935
7580
5720
3667
519
9208
6802
1766
8988
6527
1000
11604
10700
8843
2664
10983
4282
6344
5355
785
11993
12718
4790
579
133
4469
6381
8675
9141
6577
10938
6389
1110
1313
6734
12745
6095
5508
4504
5254
10410
9762
7691
12734
3274
5010
9192
3600
5919
5487
6218
1088
317
10570
461
5136
8347
6876
5269
4003
628
250
124
4756
2815
726
751
3463
12130
7970
8029
7816
10639
11221
10539
7330
12316
2929
7242
8635
10449
5498
8315
5663
195
429
4865
3699
10511
10183
6304
6237
10277
5173
2433
994
12377
8019
10624
364
1521
4435
11096
1817
9335
2326
10033
11637
6536
4690
12843
10998
12009
4555
502
4280
173
11109
3724
11351
2277
5450
8974
4200
4349
12555
11529
6739
5120
4005
12833
10256
375
10356
1557
11316
8437
906
8127
439
48
8665
5067
7588
7211
11080
12021
1898
9061
7296
11958
12968
6969
9022
3366
10138
9735
2542
3022
7772
10143
8609
571
9008
4127
12145
506
5563
4992
3984
9100
801
1854
11325
12867
7484
5574
3565
5307
790
9794
2034
2226
6081
99
7199
5475
6114
2004
266
12987
2470
6420
2190
5210
4412
8579
6733
1426
9186
10866
4218
12947
5957
6141
9751
9962
6450
7041
5397
5588
3092
11493
12275
10493
6791
9630
2994
4828
2334
1299
6359
2128
7896
1029
8206
11262
9301
4211
7669
7865
435
5935
7033
5656
9261
6157
10680
7396
7361
2173
12022
2967
2088
10689
795
5912
9434
7280
5755
6766
10192
4021
12030
10294
9025
1609
1099
4095
9207
10124
10104
4397
10502
2797
7139
4883
588
2872
11794
292
11115
1655
7968
2272
7577
2204
10489
4780
9652
8218
1996
9145
4539
9888
2751
6992
6973
5681
4749
5726
6453
12535
5471
9480
9843
925
6858
9811
6673
8801
4075
3222
3801
1584
1348
7021
1562
12526
5399
5075
34
11193
8701
9418
168
3765
7754
11760
8449
1014
9079
11667
6352
301
12885
9979
3530
11607
6996
11758
7733
5855
12338
3585
8929
7156
11258
8624
12979
1914
6082
3850
12138
6949
12703
1595
3542
9562
5347
9053
4558
10002
4629
12406
12524
840
11437
3831
6699
4155
2991
4667
12142
10487
12919
5522
605
10631
238
7835
8326
307
10721
5243
3122
6038
11319
2516
10699
3232
12125
10937
6403
7301
6829
9853
11810
6798
10921
4170
6117
7621
7707
8107
12543
386
1983
9516
3353
729
3034
3825
894
12433
11566
12400
1386
3790
12604
3102
568
2274
9915
7839
12994
1318
6286
944
12800
1334
1422
6543
10224
11411
5718
7725
7781
6274
8064
835
12685
799
5231
8825
1389
4793
5724
7473
12085
1780
6915
7275
6916
5037
1079
6113
2685
6049
2474
4739
10957
4207
9497
683
12707
2029
10488
12854
10401
3732
12695
9105
3754
9808
12996
2147
6861
10309
3127
4364
6939
1896
10872
5819
10327
2429
4354
1289
6755
4591
10898
7650
6125
469
2859
5470
10453
10366
7318
8248
7731
4562
8370
1057
6864
1139
12986
7433
3261
5318
8708
8762
2843
12365
115
9283
5331
4307
5029
3378
7059
11965
11977
138
11988
53
9632
11155
5460
3405
6495
8900
1082
718
8565
291
1998
10618
7628
3039
10661
9944
1539
5594
10686
5413
12067
8443
8877
1960
12782
8918
6727
8502
4213
45
10260
1153
11315
7050
8736
9626
4961
7569
1033
2373
5483
2217
11781
12838
1336
8032
11807
1307
3139
11767
2137
7483
8803
3214
11317
2141
11930
3687
4545
3659
3617
3693
7903
513
5940
3407
11366
6720
3817
11160
5033
9199
4162
2060
8431
1653
4661
1072
2359
10454
11950
8961
12079
724
3532
3654
5895
8947
10902
2416
9256
5326
8615
2383
8576
2958
2315
12224
10471
7024
9646
3961
11625
12812
9724
2139
2244
8473
11135
2194
2031
4580
6059
6599
6583
1006
7672
4250
1925
10211
8773
8738
9296
3049
6321
3363
7343
11841
8566
10212
12628
12415
8834
9270
12017
1720
10829
2005
7610
2201
10010
8705
10585
9298
12649
10781
9651
9348
1188
2083
4235
2102
7963
8561
9041
4890
12363
11984
114
3173
5369
3951
4429
7458
424
4491
4272
8857
5396
6086
4787
11015
2970
2391
7422
11441
11776
8278
1103
4586
6946
4016
11705
2127
5177
9271
6964
4417
6014
12231
6806
4208
1801
10418
3095
879
2478
10580
11647
294
8922
5716
11929
1199
2493
11856
1602
892
12871
5026
3935
1020
8104
4814
11771
2103
11862
6056
5634
8301
6227
7987
5526
8309
2186
3339
9164
12503
9483
8119
4419
11271
4012
9425
12727
12930
660
7276
6907
11239
10681
9792
12247
4151
3110
6442
2030
6155
9997
9393
1815
521
82
1680
12381
5403
11597
6650
2348
12077
936
10601
9688
12990
4195
563
4582
5898
8697
1453
9822
6084
10743
8280
4719
11707
5869
1404
9193
1423
10326
8220
7305
9938
11689
7290
9478
12770
6473
4130
2637
9570
6594
7363
4026
2248
1167
587
9342
7901
1842
5451
2595
7769
5825
9446
8478
2966
933
10072
417
2292
6782
8227
3258
6134
6557
11947
10225
455
5132
12050
5477
6948
5197
6291
10242
4888
8475
9438
6563
1187
7470
7737
4685
7565
537
6405
4914
11089
6511
1961
797
7501
4191
10261
6598
958
12098
3091
8521
652
368
4492
10307
6909
1038
5212
2231
172
2919
5161
8886
2719
188
7557
4693
9985
10465
7574
5126
6066
3682
7545
5916
8559
4039
11785
10253
2087
3921
1138
3774
6653
1526
3320
2590
7437
2681
4840
9954
1475
503
6445
9706
9155
7883
9638
4169
8758
12014
877
5671
5420
3054
31
12815
7310
2121
297
10123
6183
6952
5827
1403
12209
302
2336
1629
11757
1712
4848
5740
646
12002
12509
86
872
3881
5211
1506
12607
11152
11415
12072
10868
4199
7666
1309
10713
2763
7989
12686
3929
11482
4633
10876
744
980
5779
7567
2304
5837
3795
10105
11416
1860
4393
5249
11072
5518
3438
6558
10591
1021
6966
8323
12705
3902
12567
6632
12645
3343
1594
9166
5937
4896
6512
11975
1184
4500
556
3030
11028
3256
9921
4472
8628
3254
8259
9628
6236
5219
9288
5863
8463
12694
8077
7928
7846
6552
3550
830
11802
1861
9738
10280
8895
9488
9680
11005
11924
8972
3576
4728
6379
10278
11694
3609
6378
984
12451
2768
4374
8336
11549
5012
1841
4979
4971
2676
5329
11443
9493
6384
3112
507
1229
3269
6041
574
12446
8243
5520
8852
4729
10959
8779
11484
2492
7985
8550
11164
9561
9179
4928
9197
1508
2010
12720
2723
6696
7502
2677
6785
694
7866
5854
4347
6031
12135
162
10749
2657
3195
8453
846
9029
3416
667
12057
10859
267
3689
6521
11541
2400
3251
12715
697
1239
3368
12133
4452
10347
8096
3976
6118
4223
8630
2419
10303
9731
11023
11097
7667
9074
8275
2963
12001
8719
10248
8393
8311
3567
6440
11853
7686
1302
4439
4742
9489
2699
3276
5701
437
11130
3361
9776
7101
5523
10136
8554
4305
4102
11792
6903
10770
4653
865
6993
5737
10869
10835
12534
8730
7241
10316
10461
7908
5042
10090
11531
3656
379
3965
12631
2302
11833
818
11684
10387
8668
7029
4098
2043
12437
4309
8373
2964
3782
2254
11908
3779
6176
11049
11093
5216
2997
11249
10584
12257
12611
3244
1512
8102
12006
4231
5383
7300
3690
2320
12489
1180
4587
12091
2376
6108
9733
4548
5268
9076
784
3672
11743
2105
11624
3771
1721
2684
2850
10132
10596
8540
5412
9316
5738
4222
8543
1200
215
10753
4650
6121
3910
1582
10265
1105
10344
8384
11295
8844
11187
9729
7400
6898
10127
711
4141
10034
12988
6005
10642
8934
12576
9835
5646
6764
10677
11245
554
4512
9049
3128
7170
9458
5616
3842
9059
8057
6356
4818
5648
918
559
3864
11575
4978
268
5456
10797
9799
7534
7106
4189
5911
2285
4701
12520
2001
6234
8987
699
7084
4212
12007
7951
10170
10776
4298
704
4144
5358
10697
10428
12295
1460
820
12458
4134
2374
6309
12419
10645
2205
11514
6296
6163
6567
11364
9343
3505
9213
9133
777
1219
1160
5312
3427
12612
12515
5492
1032
11174
12839
10089
7592
1878
12362
10674
7563
11453
1723
792
6053
10657
1587
7428
9866
2526
3419
6302
7624
7566
4020
10806
7770
11964
2753
10429
3933
5559
3224
9578
473
2055
470
7165
2294
12351
10473
6786
8537
7977
8901
10478
6778
4920
1709
3903
4674
3624
11706
5830
9106
12193
7270
9015
1920
5552
8729
4593
5182
2167
9879
5875
5174
4361
28
3250
3194
12155
6124
935
320
859
635
3894
1881
5458
12841
3991
3972
1811
8824
10761
9890
10505
845
7738
4052
4063
11697
4894
7460
7205
5339
8003
4774
9892
6375
9940
4038
6693
7426
6078
11875
12991
3
1466
803
6715
2876
10075
5198
12487
1158
9517
2795
12655
12498
12289
7425
5298
5429
4806
4253
5711
708
10723
1056
5310
2467
12626
11220
8686
1283
7253
7631
8465
1888
2466
10359
6523
3191
8293
244
10135
12301
735
2007
3242
2813
763
8805
8915
11394
1458
2309
1369
2547
2855
3317
12270
12467
5232
11345
242
2832
8756
723
516
3973
2236
7111
11818
2953
1353
8847
12845
7332
8419
1905
4536
7897
5036
5570
2239
11745
992
501
10310
11210
3400
11186
6612
9717
12025
3625
4456
10717
12585
8120
12413
5499
1416
2451
1989
9377
1663
3861
9036
12108
397
11844
9026
972
11079
5453
6883
1148
1995
11761
11010
4540
5638
11432
5729
5853
9504
12927
7135
9529
3589
11861
8375
9461
11044
5225
2793
10946
157
8196
6722
3002
10913
5237
11336
4378
4779
12380
5105
3854
1537
8649
6655
5183
12622
2443
1204
2401
9850
1320
9780
4426
4441
9947
6943
9302
10754
2515
1397
1917
11880
1862
10890
4740
7673
11291
6167
8748
3506
11189
11076
3035
5989
6945
10693
2752
745
6801
4159
4323
2003
4483
1052
8861
856
12122
9788
4488
4477
11299
7324
2717
11056
3807
4082
6589
12786
7581
4980
582
3776
4088
1310
6097
4843
6564
8401
9810
218
12537
2513
10051
1496
12960
2905
12123
12583
10654
2090
2342
3271
6349
10222
1502
1897
2852
6018
12946
664
8361
2577
6181
12557
4705
8480
2129
12375
1765
3939
11229
12394
11095
258
1390
6746
2540
7255
8553
997
9134
10263
6055
6360
7905
8496
3726
12298
459
7940
10112
7972
1928
4625
9171
9846
12358
4583
7432
11719
11127
94
9120
10976
6490
6350
3018
5554
154
1703
2924
3239
8539
7116
304
12421
603
4584
5806
3338
11755
8671
4532
8534
8131
7946
4541
2117
2026
6878
585
6226
8008
10512
36
10900
9411
12929
1001
1540
4392
4834
2821
11846
1340
9291
12336
5457
1328
9941
4575
10259
12995
9396
7
4125
1828
10217
146
4657
8555
1185
1315
8560
6229
6812
10715
2974
2987
7925
7797
10151
1376
7344
1031
3655
9056
11347
8021
149
4789
2750
6698
4391
3871
11516
9006
10649
6641
9977
11521
5424
2789
3351
7002
12111
9030
2985
713
10603
2761
8052
1089
5442
7594
2136
9433
11468
6804
7538
8173
9194
7820
2252
10008
2322
6426
10844
12202
11282
8837
3211
11359
10330
8231
8612
4723
11223
7662
6334
5259
6561
5294
10348
8452
9236
7381
8367
9126
5687
8164
1750
764
9761
12337
10020
9290
8638
10589
10517
11431
10099
12325
11234
12356
2282
7718
8402
7505
11779
10396
5401
8520
1477
2701
10498
4413
8510
2514
46
7013
8040
11084
12661
12700
1927
6354
10351
1916
10725
7533
12826
1495
4798
248
6149
3024
3163
4422
7978
8781
8348
11358
6872
4440
12265
1070
5234
1527
2075
11374
9998
3527
5760
9419
7073
2462
2528
2375
9741
717
12814
7482
12297
3892
3346
10796
7455
9069
2250
1097
5500
12147
12806
10836
6906
8376
2744
2260
2667
2399
5727
3436
900
2999
12577
531
12965
4773
1009
4736
5445
8162
11650
2869
4059
6994
5045
7549
6441
4292
12156
9965
2570
5287
8010
7095
981
12911
3323
9625
9016
3036
9767
5299
6390
11332
4410
842
10335
339
10856
2237
3359
7848
4017
10103
5513
8017
6331
11946
3464
11774
12266
10882
11793
3465
10556
5193
9922
952
2119
9136
10354
8829
12977
7615
7759
7518
6758
7066
6241
10494
4753
9218
5302
3062
9644
205
12932
1296
10238
12921
7409
6581
3245
11554
5617
3183
2133
6838
476
9372
11278
9849
8390
7709
2563
2494
12722
3116
9363
5533
586
5901
8149
6339
11383
4283
2943
370
6126
7413
8991
8157
3901
3379
9220
10799
7074
5641
7323
4216
2116
2826
12940
7248
11247
3922
5181
6312
418
11617
2895
9373
12706
8067
514
9951
3082
2610
9595
2267
6204
7320
8564
12465
11682
5537
447
8664
10740
9253
1350
12304
5221
4632
638
8598
3104
4561
5421
9118
8511
510
10914
12408
8864
3272
4569
12521
11552
5845
10361
7049
9790
2353
2519
12869
9519
1154
11073
4622
7032
4407
2052
5767
12829
11323
869
8881
3999
3114
11848
7906
4727
4249
11043
21
1065
3742
12974
9533
4177
249
6205
2738
2623
2495
1701
10875
12402
1776
6074
8838
4792
6803
11830
10257
6713
11678
7441
290
2166
2183
2020
12168
4533
2412
1446
1195
12226
4885
11004
11123
11716
612
3859
10017
6691
6295
10443
253
8797
2665
742
8835
9588
10085
8147
3357
10094
9763
9102
8186
6619
4462
9246
3417
9615
754
1561
6093
3129
3692
6315
2459
4345
12653
4646
9251
1604
445
5933
9174
9760
3797
1486
1377
12376
7010
794
7568
939
421
3257
9125
6810
7283
10760
12923
3512
1156
2293
5069
5009
2222
2319
11022
4734
2532
4257
3717
12732
610
8090
12042
6584
1574
12737
12766
10415
7453
2518
9226
6703
1494
8513
5415
7705
2695
4918
12942
12754
9945
6168
4835
9360
3698
3445
9878
966
12460
5159
5871
2923
12449
6491
11634
10823
5649
2420
12481
7244
227
11520
2671
1325
11466
10308
10119
8846
4115
5092
8581
11886
4489
7532
7911
11826
12436
9816
12333
12220
7933
130
2483
9004
12618
1451
6769
11235
5902
2203
11496
8075
6319
1743
4769
12471
4668
9437
8113
2389
5804
9647
9899
3281
1060
7572
12485
3006
7849
1490
11903
1731
6185
8725
2099
6748
1568
274
10483
5426
3838
9974
4738
263
9160
2820
5140
6551
11819
1658
8506
1622
1086
10919
5204
1667
10626
11156
12345
4048
9781
3119
5416
8289
4057
10226
10163
12194
9206
9239
9506
12046
12410
2554
4331
3304
4377
10015
12969
7898
10032
1304
1874
741
12983
5066
2081
5786
2548
12346
3314
5610
9909
734
552
1121
8979
3628
11391
2123
4370
9151
11475
9964
12828
7596
8721
2828
12823
10847
6162
5381
10385
9381
7491
2265
8346
6502
285
5176
9093
2725
10825
1572
10980
11585
12302
6736
6132
12326
10871
5474
105
1810
11591
12528
8800
2022
10448
5694
6499
2814
10549
9593
4131
12870
148
9045
9075
6852
947
11074
7075
3960
7339
10814
10977
7355
7863
6539
6071
8148
743
9387
7078
8533
5501
8296
5887
7778
8270
11655
1650
2435
8667
8516
4123
719
12855
299
4291
11173
12347
11978
11866
857
11914
10013
39
13005
10508
3853
5389
7215
4854
7035
3344
11211
10620
2539
2550
7783
10317
5509
598
7750
7131
9958
8883
11376
2858
6385
11422
4427
4844
9276
805
6061
6107
4864
2303
6320
10475
3484
1019
1981
6718
12236
9784
4214
10934
6555
9905
12273
5920
6362
1763
5425
11628
532
416
1891
9070
11780
6637
3480
5945
280
2366
7190
8828
9275
222
7665
822
10215
2018
9421
8880
12426
6111
11272
10550
1474
4388
10762
8676
12389
2418
9344
2764
12924
8423
10231
4897
348
10712
12462
13011
2806
12447
6526
340
2479
9405
3029
9766
8397
1759
8342
10960
10611
6305
8360
546
5437
12404
5247
8123
2008
3069
3516
3762
6865
7602
6580
2927
930
4479
9610
10542
4269
7697
8696
12191
7812
3472
10176
1262
11136
10445
12230
6294
3938
1556
10059
8351
5440
4943
9848
535
3583
11372
500
10482
1869
9465
12573
9154
10
12445
12813
7160
5336
7316
10384
12423
8353
3013
8406
3192
4050
518
3783
211
592
3992
446
10800
7959
1829
9042
10714
8141
12
1690
9841
12396
5861
1787
6250
12466
7037
10056
10812
9086
2586
12205
5205
6271
11638
8024
2791
1754
6972
3311
5846
1745
6131
4866
6280
9139
5348
3452
3125
6387
3184
1865
3003
1972
11434
5227
7921
5050
6874
9620
12859
5608
3835
10554
11820
7894
10250
5838
12248
5147
8143
278
6279
11472
1109
12572
12080
10422
6535
8448
4733
5352
5947
12222
2189
6688
12281
2134
9567
2629
10854
7137
7880
9087
9545
11927
3815
12597
4077
3792
10607
5938
12676
9594
4103
10481
9264
6749
7944
9916
5387
11821
6255
661
3618
10832
7895
6075
2901
5096
2245
9986
3552
5527
12785
11504
5873
11703
11225
10619
7564
431
9009
5985
59
10400
572
6724
8821
11405
11103
6936
8552
9262
2450
3028
8917
6402
1685
7125
1850
12610
7262
10194
7442
2032
5058
4722
8279
5008
8549
3202
6517
10270
8769
9156
4414
5667
747
8318
8399
3962
10860
1333
1131
1387
2269
3371
3376
809
7507
4206
3141
8787
6269
5791
9827
7869
7994
12175
5223
2835
12880
4788
2025
898
2506
4034
4829
10986
9845
11994
6474
7359
855
11951
4743
5328
2779
543
8711
10349
2694
7104
570
12643
4138
1846
6689
5199
4156
3759
2184
7186
8103
10679
2780
1492
10117
6731
5154
9742
1818
5542
862
4861
7685
12003
12290
9084
7379
11565
9754
5047
2800
5763
10247
10993
826
8689
1664
12787
6065
3456
10827
12997
10816
1050
185
8812
8544
9925
6496
6156
4983
8245
9970
10861
10587
2947
5915
5489
10559
9937
5363
8830
2135
3597
8717
10842
9559
11205
11251
9837
11651
569
11892
3488
4007
9579
5680
12735
4227
1892
123
4273
7796
4126
62
6934
12397
2394
9196
3975
1713
6740
11868
450
5063
1272
6151
4457
7552
4691
2042
3945
5089
12374
6879
6306
11341
6822
9352
1791
3697
10788
1618
9012
11641
6431
9394
8383
11582
10863
11610
10949
2564
5826
10190
2047
2143
838
7159
6145
11675
11348
8045
1177
12169
2311
7788
1393
10537
11150
12853
1419
6588
11498
1738
9378
7221
10368
5991
11244
3638
1039
4621
4758
1429
2566
12127
10755
349
11829
9358
1636
8445
4497
11663
5510
7601
4371
2907
8949
3877
11799
1370
1851
4717
1111
4229
2011
3622
4766
4910
5622
5778
6508
962
2101
4386
12710
3121
989
12163
4041
11389
6893
10158
2195
7847
8492
10420
793
11669
5410
11867
938
12769
1623
9650
760
6871
1979
1140
1437
1947
11737
12579
10651
6479
4394
472
12150
9142
11312
1805
4932
11548
10397
4869
6777
2165
12082
2571
1252
5528
828
12914
1544
12892
9072
1564
12743
12032
5117
10441
12271
758
8962
9111
11512
1
9818
3146
4804
8500
6591
4604
12584
1800
3170
8527
6311
5944
4232
686
4310
11395
5673
6161
11763
2783
6392
9624
6967
10729
3118
9544
1171
10152
2021
10912
3741
1729
1597
7789
7493
8659
4684
6463
7864
2973
1202
5449
2332
9521
7012
885
10945
10086
1415
12344
566
8889
485
11310
8174
6530
10826
8124
11448
5780
12033
8992
8632
12165
5124
3411
2965
7407
1071
5835
7228
5021
10108
7295
2596
12287
5549
5583
1388
10198
6914
1944
11367
5580
10711
2511
10773
2935
921
5941
9090
6931
7414
9248
9054
3088
3174
8912
3473
11545
8264
7103
11042
12958
276
11546
11423
3197
2914
5757
4210
10237
10736
465
9224
8290
3573
1155
11194
9212
12772
11447
5759
4405
1946
8394
1929
3278
9538
6597
2530
1824
95
5650
8750
10388
6664
10019
3384
6880
6988
10941
1519
934
10227
806
4565
3760
4304
974
7644
2643
12186
7877
5956
11917
5238
3168
4245
6548
7212
10109
5913
8734
6747
10594
9642
8589
11396
2609
7997
11478
6399
2280
7692
9181
7257
5719
236
12876
10208
2196
12352
6324
269
9523
7765
4666
5004
10084
5340
1504
10822
10833
3963
5195
10644
9959
9633
8140
5866
7167
270
4415
7076
9639
2175
3386
1753
4247
9667
8562
12218
6396
5639
3330
4139
12235
6239
9295
4346
1480
11926
3768
3917
9178
919
9466
10660
10137
6211
10519
12797
5858
11788
6363
12366
10297
7142
6238
5896
1933
11429
11858
12206
11787
1489
8030
6605
2696
10069
7529
2614
11470
11021
6153
4448
2624
676
6900
6660
9712
2445
12286
8234
7958
392
9989
9313
9710
12553
2489
11430
5776
8572
12102
6300
6625
8588
10284
3626
3788
6046
9200
9441
6374
5342
9664
8542
4332
11075
3164
10948
3075
6267
875
3322
152
79
10691
5693
7216
2639
11845
7398
11508
9856
11827
12530
621
5651
547
525
1276
7892
6178
12757
1028
9456
11631
7195
8984
5914
4185
7370
8387
2179
4129
9473
128
11850
1532
6761
8931
12475
12904
8020
9005
3751
2172
2223
1384
10581
6917
3502
10774
4757
5025
8620
11823
8743
11957
3273
12865
1503
5581
2496
8054
8977
5993
626
1054
1807
11783
8723
3017
9265
4841
5034
10065
8170
7141
10411
7345
296
3684
7856
10405
511
9862
2278
11910
2569
4400
6410
4643
858
11506
12472
7172
11350
11418
5884
2279
9973
3152
6815
2612
2663
6386
7128
8811
4640
3967
9910
8772
5532
3778
2210
8993
2093
3685
3260
7169
2579
4087
4226
7879
8481
176
6507
6904
6978
1770
337
11324
6938
5535
5186
293
12097
3580
8848
716
9211
5082
11445
7827
5722
4136
1181
1449
5976
12192
5116
12691
12910
5695
11293
10177
7204
8371
9864
1843
4570
5503
1945
6694
3499
10425
7712
10408
11503
10092
8569
9563
6723
2531
4530
7544
2256
6595
9777
5556
4295
2251
7406
7061
6604
2868
7265
2289
2567
9597
12424
8408
9942
2917
9599
541
313
3126
684
602
2484
351
7988
5923
10746
7780
4893
959
1909
7638
10719
517
5391
2169
8976
11923
8345
7019
6063
9077
7791
12066
4795
7031
9198
11734
11662
8144
7578
1887
6043
8745
1845
10906
12387
6115
10438
6795
6154
9107
8910
202
3475
8670
174
3845
3932
2426
1737
7208
10718
8692
11444
8086
3563
4873
3179
3752
1621
10879
9765
6104
5194
6790
761
8850
4514
11207
2111
6412
2645
384
783
6146
11933
12182
6553
12233
1635
12640
3215
6189
937
19
9228
3950
4982
11586
11817
3725
10039
7876
2809
12807
4726
7063
9770
3420
9721
4630
4598
11551
8913
9289
9210
12758
7698
3872
3837
9525
9609
2432
9648
8744
4517
3410
6929
8768
7962
3598
4831
11409
7677
6158
4303
1853
5928
1203
4603
428
4901
6494
4201
6317
3974
5490
11764
1610
10782
436
5579
2598
3773
11569
3710
8879
5870
1552
11690
6393
7163
281
2161
1209
12830
2573
5435
11440
6759
12600
4132
4270
9138
8820
8467
523
5921
6225
2249
9508
2520
4751
9658
9044
4081
6866
5739
44
11273
7658
2537
12939
6837
9492
678
6332
4434
5343
8391
3448
9449
10301
11346
3847
9487
6417
9285
6048
9621
9654
11900
9786
3319
1373
8028
505
2557
5080
8737
12073
813
4607
3293
874
2597
7695
4544
542
8235
1192
12187
5994
4572
9745
10168
10314
3229
9043
5072
4902
6042
5604
12547
9230
3331
5222
12546
9817
3856
2847
3032
9695
10088
6434
4638
8661
11090
12510
8960
5356
11995
11020
10322
11118
5327
1722
5422
8179
8871
7457
5135
5038
9851
11594
5275
889
4805
8863
1049
5180
3593
2270
335
8603
4654
12278
4152
10535
2644
7525
7046
10110
3800
645
8087
5623
5813
9871
11972
2936
259
730
3153
2702
12617
12956
10273
12320
4074
2986
11490
12690
4447
10984
1637
6425
8292
6730
11557
6649
8517
7315
2023
10066
9395
3097
10647
2896
5266
10113
871
1588
9720
8388
9231
5679
5265
2775
5685
10009
6896
3458
1857
7704
4957
11738
7166
7969
12589
12110
6207
11543
10199
10965
3880
2409
10627
12216
8985
1278
7218
1678
3943
9404
4153
6476
1769
6792
4258
9183
7058
12059
3432
8450
11584
1190
1825
2745
7748
4634
2356
7690
11098
7284
492
11801
996
10077
2193
10831
11213
5972
7671
12495
9368
5160
7716
1606
7556
1699
8613
11195
706
9522
1593
11154
731
6824
2799
5373
3048
12602
8687
7487
10073
5626
10727
961
6544
7850
2155
11296
2911
2937
5078
648
7591
901
10318
11905
10439
12615
5495
3688
4009
11290
4647
9645
12075
5948
363
2962
6034
1287
160
10283
12078
11824
2585
8066
881
2770
6316
1515
12246
5285
6446
2013
3734
11832
4935
1803
12804
4369
512
9608
11067
5688
7979
2305
8882
4296
5164
9103
12679
4898
756
9046
10599
5230
2298
2330
3841
1839
1119
1205
10794
2441
10391
2796
931
1201
7202
1659
132
3324
3716
9823
1127
8791
12382
3216
9018
1237
4858
7171
8503
2306
5394
7477
11997
5242
9547
7751
1746
619
3678
6716
12063
6439
1478
8180
10633
12779
9327
9787
12963
12673
2452
10269
7096
11596
4266
3912
12038
9408
5762
5065
8238
9880
4182
284
9476
2122
3372
4499
11854
7550
6338
2778
12497
2925
1149
8261
257
11375
9027
10989
9679
5978
8425
3803
5764
4523
4663
7561
7589
457
3944
9175
6418
1838
2980
58
482
12048
7777
10841
12488
4822
5184
6083
2015
5926
1034
7369
5325
10545
5781
5810
5463
10665
7321
8862
8952
4171
1308
5568
4732
3596
9722
2988
1762
5276
6614
4372
1702
5659
6299
3958
3694
6171
9223
5553
3019
7817
12905
10813
5015
7243
12657
1048
4145
9232
4808
398
10778
10331
7311
9502
2955
11869
8319
10285
1402
2949
438
9067
982
2575
2688
42
4623
633
2379
10733
6918
1513
12545
4641
6974
750
1141
6414
3781
6464
2908
639
4241
10577
3171
8447
8858
10991
4672
5965
6560
11609
9935
9834
11814
5027
8464
4430
8575
692
11713
6789
1173
5094
3381
5139
7427
2952
1524
11141
4367
12588
5849
12478
991
10111
3569
1705
6200
12428
10054
9939
7040
3307
12541
8898
11842
98
4791
6808
3318
6763
12176
971
3283
2845
4857
8759
7875
9055
9000
1084
11925
6128
3140
1441
9600
11438
5745
3446
539
12140
2188
9273
12574
8802
7593
12086
4297
5595
5163
11281
4146
3482
104
599
10560
1802
7067
4748
4762
6212
2497
1476
6120
8868
4342
30
2473
1443
9725
6862
4703
11806
12035
7920
8702
5338
6323
6585
8009
10362
4459
6919
1264
3493
11676
10358
9716
6828
5479
6629
1469
8958
8364
4368
6515
11197
4271
5788
3811
7530
7560
6016
11473
6895
7340
3633
12272
121
839
8604
4174
7999
1374
12167
11936
11464
9167
11544
8105
10759
330
2364
2046
11679
7632
2638
8212
7424
2646
955
3237
545
12432
12399
12207
7976
12158
5892
7334
3510
11321
3212
9321
9496
3611
600
10419
4086
10808
12322
9900
11479
1988
11373
298
5907
12906
970
2903
3985
12554
260
6308
8943
7351
12468
10197
8042
3185
9556
4636
8928
7207
11041
10028
7006
4955
670
6373
6240
3701
12533
1536
3439
1012
11314
1592
11334
1826
11572
12083
4968
3631
9515
10769
5001
87
12976
8112
12477
1958
9730
11588
3009
9694
12709
6608
895
6179
358
8807
6037
4613
10964
5820
3744
7767
7445
11533
7775
1500
91
1784
9700
10853
11949
6624
12355
2838
987
10884
2177
3820
3021
3642
8114
4847
3675
2138
4597
9795
2545
8512
3926
7225
2742
9886
5469
9340
884
6062
1695
2230
7185
7444
1907
8945
12908
6091
11077
7954
4109
1935
3189
6987
3604
1598
12200
1967
565
7108
12143
10552
11061
8602
11696
2661
10325
861
2606
4277
7349
650
9957
1463
2014
1329
10149
2659
1269
12778
2255
245
7289
12664
11592
6593
2572
362
1226
8891
6970
4008
878
3247
6587
606
9884
4046
181
11507
12479
5529
2589
41
11603
12875
9911
9660
9842
2948
1974
5816
7124
3796
5893
11059
3764
7801
12542
10229
6942
7724
5640
3890
10738
9821
4033
9693
12359
6243
8707
3154
10129
6000
6224
7539
5256
5097
12571
5710
736
9299
11131
6342
11642
10662
1546
10043
1740
6166
3132
2503
11343
12884
9759
8135
6187
3060
4143
5263
9023
11218
11797
2883
9657
6486
11677
3560
4243
6436
11877
4443
12975
3340
2892
5761
11294
9416
11510
2592
712
7657
5049
9584
5286
12913
844
2710
43
10437
1256
11828
11919
8455
6337
7982
90
2856
737
11050
2324
11048
1607
728
10140
6077
9936
7612
10692
10166
3925
1781
4882
3076
7590
9861
1899
11120
3996
7891
3080
8172
5707
8956
108
3312
8970
9996
9440
3529
3136
2782
395
9952
9713
3808
6370
6017
8818
9825
808
11658
11260
12934
153
2036
928
2769
2219
1613
11564
1157
4004
6192
12639
9840
11171
2604
6671
3246
89
12274
9135
4313
11337
4752
5386
5713
3566
12429
7510
8798
11712
1094
9635
4796
2711
246
4018
5380
5466
1768
7617
12656
224
4677
6377
2327
6692
5320
2035
2787
9334
2156
7766
1459
3802
5417
4710
9096
954
7476
6328
1285
5960
11297
11122
4702
10345
5645
8519
2833
4080
1855
6908
8178
10791
3064
8138
4099
9274
12858
2517
5925
12917
5443
8747
11450
10958
2863
1176
7500
9782
143
9571
7938
2235
4327
25
11570
12329
10161
2296
4871
10909
2561
2655
4161
10121
8368
3731
10372
6670
8971
61
7808
3994
7787
5418
2100
580
1612
6500
9097
823
3862
3425
9259
9172
4993
12678
8856
5632
8629
7233
2385
209
5878
9666
8071
2703
11385
7693
666
11765
9272
7126
773
2510
3543
12068
6137
8950
7416
2824
1969
3715
10650
3750
3586
7756
4803
4671
8658
9512
12441
675
9668
8457
1600
7395
2673
5794
641
2213
2600
4552
8412
6756
9444
5060
1922
4845
4761
4664
995
9063
3735
4079
4660
12810
2875
9627
6368
8483
100
3643
4936
4511
323
6110
11837
2576
9966
6869
8435
484
9149
11352
10943
7776
7352
11636
12967
9791
10802
10018
2078
721
9356
6697
11894
7294
4404
9640
8000
11140
7298
420
3799
5114
12181
12170
7806
12964
10597
9769
1541
12401
3142
5619
2611
12562
11839
10450
3769
1952
7183
6712
10235
1608
4538
1017
5465
6032
11606
12201
7882
9282
5297
6292
3047
2180
5777
9580
9826
886
11822
161
11037
5083
3888
5303
12519
10629
1687
876
2349
8700
12064
4193
3399
11583
11653
10486
1786
8200
6006
4263
11987
755
12623
9661
5534
4055
2879
12952
9699
85
10495
4236
11986
8305
591
10771
8169
12259
3367
5614
5678
9260
8637
9238
9048
10530
10477
5000
7834
5550
11955
4470
10966
11151
10492
9254
12651
1782
4476
9636
1794
2882
12261
1069
10579
3886
1222
10930
8841
6960
5700
4585
8726
2509
3398
3235
5516
32
2825
3570
3559
2461
10515
6406
6881
11729
637
8498
11736
3981
383
3158
5624
8146
9572
9088
3106
12383
4056
6036
4764
8451
1290
11835
5079
5175
3828
6897
3595
2682
9177
10455
4610
2679
4566
341
9649
9426
4649
2051
13008
10851
1821
1342
2926
7950
10470
8515
2048
5795
4154
536
12928
3321
1620
10696
10972
4380
155
8714
2628
1418
6997
6458
12525
9242
4807
8156
12999
12195
10608
8920
5546
10091
1719
1616
8191
10544
3479
8827
3477
12005
7261
6347
4525
12031
1867
4217
4467
4108
10346
1530
8644
2909
7639
11730
9586
10080
10081
2581
1098
1242
624
8487
9961
7193
1338
1125
3873
10600
10522
8819
2521
5894
12922
7198
3305
6072
6369
7144
9634
774
1755
10462
12076
581
67
12522
3544
8366
11425
3591
5165
7576
4119
10846
3107
4225
10529
4907
4375
5770
3789
7314
10464
8343
11264
8420
9978
12223
6448
3612
6186
5811
12620
4246
11063
9354
5345
12234
6935
9182
6772
9990
1041
8414
3671
5056
6139
10174
11825
2932
8099
8778
781
3461
6140
8313
7443
7303
3557
6840
4938
2870
679
6281
8784
2071
8767
10022
7306
6020
7924
4768
5284
7528
10546
6395
3704
8617
3540
12317
3109
11513
5652
4879
5593
8421
3437
7984
4101
1470
6019
4887
10281
2830
611
2460
2480
12388
7005
6257
3155
309
8041
9357
2941
12616
7715
9814
11426
9324
4194
378
8436
9750
1166
3875
1871
2851
7741
4948
8583
475
3619
2442
10057
7670
7575
7599
527
1491
4508
8230
6610
6109
12726
9420
3150
10688
12323
9500
6127
2777
6481
8372
12985
4617
1689
5051
6635
8567
3664
8006
620
10202
8308
7795
7146
5178
2992
12852
2266
12074
10745
7077
9244
11172
5789
8957
2067
35
8249
8488
8242
283
11114
4777
5519
6322
7138
7478
4473
5179
5596
11932
1392
12808
2552
8125
2148
8766
3336
6213
10300
6010
12536
5879
8660
11686
775
5371
2741
10562
1649
15
10268
12548
7966
2017
4287
9379
12671
6820
7645
3186
12296
3545
2754
1330
7832
7201
5408
3292
2658
9430
5832
1507
8438
7360
7720
4490
11449
5293
9526
6634
4494
12439
9908
9612
11656
5043
107
6503
10047
12065
3354
8330
2505
8236
7652
1554
5769
10266
10962
10336
6221
10940
7239
9414
3740
662
6616
1327
494
8469
10910
8329
4290
10521
10188
3680
4846
740
2713
11433
12581
3149
1646
1774
7446
5481
4665
11206
1578
4402
5137
9984
698
7746
12288
0
1364
11630
7497
12948
6728
7419
7151
5910
7949
7585
5782
5628
4891
12725
10291
1465
7611
651
3026
7401
4765
11735
1542
2458
460
5997
12262
949
1430
327
9469
7009
8866
6811
5990
1044
3562
8639
3791
5514
7981
1545
6788
4276
69
305
9309
4778
3614
8926
11400
4571
6710
11702
7680
5775
10416
12051
8872
49
6912
2642
6963
1831
1696
10666
8966
6261
8774
8836
12586
4881
4735
10220
10531
2215
3599
10262
6654
960
10173
5273
9308
12899
10996
1834
3832
5059
6737
7420
3848
7329
200
753
4311
10848
6297
4036
1425
12971
7730
414
9410
2781
7554
7768
4549
2976
8888
9969
5035
7541
382
9392
6096
710
9863
6268
11078
11012
5607
10436
3501
986
4797
7149
4334
8316
385
1078
4560
6842
11769
7537
12912
3266
6954
295
2668
1950
2240
4925
7779
10659
8240
9297
700
11970
3770
6572
5
7732
3470
9995
8878
2690
11661
1835
2990
1671
11069
1956
4090
509
597
101
7517
5217
5955
9235
8822
9557
3819
7028
5149
4711
1035
8095
8205
8529
2058
8210
6451
8203
9898
8504
1624
5602
10126
8986
9092
829
1756
7810
11318
6844
3404
1365
6076
4387
8815
888
7643
2415
8587
6622
11064
7358
10928
10834
4824
3008
4652
117
6618
11847
5564
9830
12107
5793
11410
11775
7860
5642
3677
11812
1297
404
1361
7367
1535
979
1194
1558
8770
6729
5708
11224
7687
12712
4288
5874
5098
4240
10862
9341
3721
1122
6606
4353
1085
8050
6532
583
12793
5882
198
12752
166
7708
7179
4875
3466
540
8907
7603
557
4436
3081
3629
4168
265
9195
156
3767
3131
8273
7373
3103
1955
1303
1143
12455
1660
1852
5536
10558
6944
10569
11105
14
12783
3058
1077
907
2950
8214
3775
6462
1431
11329
5462
5041
2019
11424
608
9534
9511
26
1730
4819
9080
9202
6159
5889
9162
6004
3309
6613
909
9963
6028
2469
5064
10274
11392
7785
7368
7613
2372
908
12836
7757
11871
10724
10667
10707
3178
1819
4274
2350
868
10324
57
3846
4203
4205
1286
10402
8722
3503
12851
8023
11782
4988
11907
2956
6195
233
4383
7535
11882
9564
279
10394
10751
8166
5732
6920
1047
8468
11238
11149
6995
3911
7175
78
2613
4626
6937
3736
5768
3201
873
3059
1074
8092
2323
8299
8081
11454
1866
2680
3876
4446
1004
12484
3663
3078
738
12837
8317
8693
1632
3829
4140
11137
7364
9532
5224
10060
6301
2942
8044
3588
10497
3382
5983
6901
5696
9820
11138
1399
11747
2841
6770
3296
12998
526
11587
7763
5812
4251
4
7371
8994
10710
5754
3679
9565
3455
5360
12809
11326
4556
4940
7586
8337
9439
11054
867
3627
4481
2438
12760
2724
968
4962
9429
4111
10839
6478
12575
2490
9844
12029
6850
12028
10575
2568
11891
4228
6022
3123
7813
6800
9428
7964
8036
10602
10777
3739
5099
10200
8746
4116
1212
5631
6603
10526
10189
3459
169
9
12632
1644
3649
5900
10911
7206
10125
11065
4651
6886
3523
11778
5459
12241
10995
6990
1509
8810
522
12563
7814
2501
3594
1335
7260
2150
4264
10186
9217
10586
4260
10734
3909
2407
2804
10021
739
12037
12682
10181
199
12081
6398
1123
6787
11455
5690
12879
8433
8634
11255
4252
10375
8742
6366
5584
5061
7043
8887
3332
2601
9366
9144
5130
11699
289
701
5406
5704
2044
2788
5068
10780
7087
1880
5547
6571
29
11286
3355
12767
911
11101
3709
2448
2498
10102
8216
4438
10286
6685
2854
9085
254
6498
4455
11967
7559
3676
3827
766
5880
8641
9709
8532
7322
832
836
5951
350
3079
890
5942
6932
6892
11231
10376
4215
4411
2884
495
8780
3373
1213
6877
1208
9672
8262
816
7520
7607
5922
7132
9110
8786
8967
8462
6951
8740
768
1627
6098
3440
4969
6760
6542
5433
2197
11759
7353
12092
3050
7411
12832
6781
3874
9542
11723
4244
4678
3729
3476
9618
1234
12443
4114
3187
12159
7829
7870
11893
7851
1420
11370
324
3252
10849
4423
553
8427
5005
139
10514
11342
9159
2162
12053
10337
12482
4724
8142
10218
6152
8916
6346
6509
6771
11369
671
7267
5354
4432
819
2468
3823
6899
2369
4676
7945
1498
4526
8914
3210
12442
11937
2152
11870
12511
175
11517
7943
11107
11176
9219
12160
10230
8941
3610
10024
5411
6090
333
5158
1228
6404
10612
10131
7191
6953
8710
7823
12121
2300
7656
11501
410
11754
7755
1790
3428
6925
1147
5734
6429
8875
3063
4680
6816
7402
852
3982
3077
6197
7008
12161
9736
2206
5301
10435
7226
6027
12328
11535
3978
10167
7366
7600
11495
9755
4172
10430
10916
2649
1151
1263
6284
10885
4451
7573
11230
4431
1797
673
2061
1986
1433
12184
5692
6528
3989
9459
9073
5959
3230
3863
5156
1258
1394
8263
6873
3518
3134
4321
4256
752
9380
2261
2706
1747
929
2354
11773
10935
1255
8404
10023
11577
4343
9065
1943
70
2288
3918
7464
3839
7640
6080
1059
11311
1630
3402
9726
9323
5405
11038
5402
3316
11250
9185
8688
7016
8936
12827
11442
4025
10752
5452
2722
1132
5736
3868
6525
12109
7570
3360
6524
11808
329
7304
5202
5346
9472
2283
5842
7606
9928
9779
10999
12043
7696
1344
12228
9967
3995
2607
8476
3497
7117
9222
7235
8181
3169
12208
3176
12670
12500
5311
5016
7227
1011
5890
7480
102
9575
5924
7899
11693
11309
10456
8013
1216
390
12569
1434
2747
9448
10026
12369
9659
1505
11368
1066
5112
8948
1067
10538
11241
5512
272
11547
2635
1113
3352
1008
10064
8037
12036
10474
4510
5644
11614
8666
4670
5280
7519
6984
4463
4027
7619
12496
1677
7583
8295
11643
9435
10682
5950
109
8683
3220
2486
5917
8653
8300
3786
11536
8643
7090
5070
12936
5504
3824
1351
3959
1848
1218
3020
8831
11219
177
7333
8335
12961
5228
9678
286
1435
3227
1245
1518
12728
3374
963
6887
10254
12881
8011
8873
850
5603
11083
3723
3554
7647
6329
9683
8955
8150
9783
7347
6044
12343
4498
7435
1963
9490
8116
9692
893
3291
7331
3712
4859
12420
3504
3519
1886
12950
5633
5952
11542
7439
4868
316
3188
454
5478
3954
6242
11349
8217
111
3364
11036
12340
9912
74
11388
787
6457
5766
3370
7941
355
948
11595
12354
8896
5364
11300
5384
73
9687
5167
4428
12742
12490
4576
11485
12012
1010
12280
6725
4614
555
3345
1182
5074
1670
4811
2328
8741
6273
5168
12729
6220
7749
11550
9509
11419
5676
4718
3660
5002
4557
433
5881
8043
6841
11909
5969
9749
9081
5353
6408
1417
8207
9614
5929
5772
7679
163
10201
4338
8405
7072
10566
10342
4325
11356
9917
9727
11088
12749
12774
11918
7297
12385
3745
12882
8771
10878
11515
1379
914
7844
1227
10947
1903
12164
2436
4363
2384
8684
9906
2708
9098
2666
8
4148
2968
880
7543
11081
2891
2829
7618
3700
3630
11353
10748
1538
7423
10927
10180
9481
6089
7229
9518
12582
10527
5316
12776
7815
10451
8937
10630
12925
3286
9555
2488
9050
10757
12504
5131
4939
11344
7274
2728
12920
5155
2447
10708
7540
9809
468
2551
1555
7187
2524
2771
2066
9869
8106
3931
8074
10031
9513
2271
10532
6015
5829
3347
1714
2733
10641
4863
4744
8282
11302
11170
5013
7773
2861
6361
3423
9066
7597
1643
4425
2454
5566
3526
1673
5864
8378
3987
3016
9367
2529
12335
7821
1137
2984
12850
1326
8381
2620
10323
11883
13004
54
5714
10209
12740
5558
2707
6626
12470
672
318
4956
2286
10407
8853
2913
1715
4070
197
12747
8619
10062
9719
3492
11068
8716
8129
3653
2241
4842
11200
2969
2310
6516
9702
10737
8014
12314
688
5496
1698
4546
3670
2380
8874
4960
4947
9681
12225
3761
1174
11382
6216
9214
10025
6668
4784
11460
2704
7410
7878
2340
3196
6415
11859
2507
12771
10922
11458
4827
629
6848
3934
1565
5455
499
530
5220
4107
5407
11944
4782
5257
4941
12803
5756
12253
10312
12087
8118
10252
3590
1942
12711
11725
3027
7957
9234
3205
2242
7874
1462
5578
7986
220
6380
12835
6687
5019
1728
10011
4964
4737
7794
5278
1900
7449
4697
6569
1798
1585
8486
8919
12026
6248
387
12308
6194
8446
12667
5053
899
9062
5267
5103
6341
3928
1875
11285
746
9896
11421
7508
2767
4589
7109
11567
12185
5261
6235
10469
815
1510
8611
11451
8760
103
12872
5674
2630
11645
10864
5274
3851
7714
12204
12285
6854
3301
10050
8132
5248
8314
3997
338
5145
7188
11721
92
3313
275
5752
3181
1023
10817
1261
1456
371
4984
12857
12559
2975
11192
759
4590
4620
9447
7684
7230
2636
2355
8636
1789
11284
6682
9499
772
8685
917
346
7312
493
11966
3840
11402
9498
6905
3957
1694
916
11649
4687
4568
1246
5844
12601
6253
5127
1291
13010
1661
3893
2142
3940
7651
10357
7192
9697
7995
771
9122
234
1452
9436
6639
3226
4801
7471
7623
11301
11196
3988
5365
7168
10159
12954
10206
2341
8111
3887
1107
6533
6102
9867
6191
12361
11890
8593
3000
9540
1075
3915
977
7558
9423
7862
4815
2538
3070
8155
4553
2284
4167
8706
11467
2982
6885
10874
4198
12708
696
4945
1930
4329
2065
1493
8283
6459
12291
5106
4529
725
7388
7675
7302
12862
12748
11899
1130
560
12407
2944
6069
3051
3147
4588
2358
10083
12095
2931
10107
12687
2709
4237
5771
11179
6955
12647
12060
1511
72
4809
12949
6230
2543
6835
6427
6265
8339
11119
11629
4509
7523
953
8840
12263
9752
786
151
10114
964
1704
5023
9607
10078
12669
8051
7636
3044
8271
1275
8073
5686
4320
10789
4496
11146
12166
4903
1605
10095
8161
1270
4624
10567
7382
10933
12614
2840
4267
7803
8222
10496
6343
9001
11046
10896
2758
11380
5906
5587
3930
8434
11145
4403
12699
10157
7983
6940
11795
9836
8094
1197
2922
1081
2618
4399
5918
998
4706
5735
11494
4832
3474
8226
1566
3326
3160
3221
6259
9245
6051
722
5843
1036
10568
11898
7843
7717
8753
6099
9800
10678
11887
326
6546
12197
3695
3669
767
7853
8790
4776
11477
11934
11242
12753
11026
240
106
1144
10313
11901
2472
7571
80
2381
7451
1648
10399
2050
780
1749
6064
11985
5967
905
3306
2749
9976
8398
4328
11401
4092
273
10732
3041
9901
11465
4066
6566
12846
9929
10971
3424
12198
1150
2080
12094
6930
3356
1253
7338
440
400
4635
6165
10547
4609
112
6582
6706
10100
232
10412
1322
12171
7328
12070
8631
5822
4714
1752
9176
4091
3453
4965
2295
4064
3395
6
1642
9060
9535
8175
12104
6751
7045
11576
2632
7154
8110
12957
9240
8699
2120
4366
7503
3608
7782
1870
12659
10507
10663
11269
12305
5206
8232
1040
184
4465
9907
11896
8439
306
1717
1816
943
9147
1482
6282
4390
577
4485
9383
9546
11578
6310
9307
3295
4381
5817
126
2588
4137
1022
2208
8059
7068
3057
5565
2406
4468
9804
5799
8204
7374
10758
8080
3315
5712
7702
2314
12020
12683
12267
811
6991
5484
9550
1726
863
9397
5927
8470
1708
6611
5414
1424
226
11188
3843
10233
2798
5796
10058
8951
407
2312
4120
9671
3549
10363
7536
9611
4037
657
5377
51
11322
1114
9665
3391
4147
3388
4783
1367
3495
6851
1849
120
5201
308
7053
10583
515
6260
11237
4601
3467
538
68
5625
5086
837
11954
8876
6646
1634
932
4908
7912
3287
7496
3238
11505
12648
4686
8884
7003
6836
923
66
12058
10367
8870
5153
6058
6423
9913
11750
5436
7070
5992
2760
1450
251
7038
1968
11008
5560
8633
12824
1885
12594
10850
12099
237
4083
10204
11399
1549
9960
8382
344
12907
6817
5973
2107
11261
9089
8025
11718
5330
8219
1241
1767
4755
529
3033
8195
12863
1152
10690
2583
10617
11709
4977
1248
6711
8400
9108
2316
3733
1682
10184
6534
5385
10379
9505
1279
7429
6092
2827
3253
12677
7919
674
136
9682
5283
9698
10963
10942
2920
6314
2151
11000
11602
5609
5807
8062
6217
11413
12566
5121
7122
10828
9467
11357
12162
9071
12634
9778
11879
12933
9412
10267
12153
1170
3891
9399
2669
4060
732
1026
5859
9943
10536
2508
5862
5572
4976
5306
1233
11963
6910
9278
9573
5930
10142
5988
2158
7222
11941
2095
4464
2594
12052
9703
5208
942
5867
9037
10246
7867
6232
5409
5620
11915
4128
8168
802
4669
12822
11412
11560
2995
5746
12981
11727
9475
11990
5657
158
9157
7245
7196
7676
2176
10672
10684
4233
9148
11128
3646
4577
9180
2683
2224
4970
10380
11488
3010
3066
11983
425
4747
4317
9893
6422
2041
9170
1550
8580
9748
3686
7511
7434
7157
7389
9117
11283
5741
4179
8061
1183
7155
8302
7140
8380
12255
11555
6531
11748
7026
1913
2398
10044
7459
3743
11695
8126
9424
1778
2939
11476
10365
653
497
1982
776
824
4505
9971
6443
5747
9317
2641
9318
985
6870
9539
6293
8557
2615
4202
10698
142
11306
2027
9934
3011
860
6133
7203
2748
3577
3784
4163
5847
12672
7083
134
9543
5279
12723
1472
10440
1716
2258
8016
11804
1666
11132
10156
11670
10779
5521
12045
6579
12319
8477
6228
4190
9165
6704
2718
757
11070
5961
10551
11857
12731
6318
1024
9923
4689
1559
2404
3401
403
4781
1120
4645
2834
7744
4991
1191
2533
10901
5398
11163
7466
631
10160
11384
7490
7842
1522
2221
9524
4362
975
4032
6890
3524
9462
6675
3551
2063
2860
3810
2054
8053
9617
3579
7392
1223
7747
4265
2774
6549
413
8806
12552
4409
3531
9631
5144
3777
6060
9622
11051
5698
8501
5100
10992
11728
8331
5702
1461
3074
11789
1501
12398
6884
8395
52
615
12177
6902
444
1406
6965
4453
7551
12367
10045
10417
466
12992
3099
3749
3486
10877
4602
5317
8047
7001
6680
9109
2776
6590
10557
388
10676
5332
3946
7287
167
2871
807
9442
6477
3547
4853
4358
8239
9007
5886
6340
8038
8982
10442
12180
10165
10144
11744
913
7488
7056
9277
7485
10997
3061
5236
7824
2712
1254
2670
9470
1076
1651
16
3052
4196
6979
8788
8865
4655
1953
3969
6676
20
897
8072
12943
8065
1112
3834
5344
817
7728
7739
11439
2889
10939
8322
7394
81
5378
9322
6461
5717
8004
11530
12152
12378
9711
3199
3412
6364
5975
12993
5753
2345
3167
4924
1440
6633
5530
4072
11427
5995
7152
1117
1311
6726
4919
3390
6030
7258
3756
9169
3702
1306
6958
11873
2098
8563
8953
8938
12931
6541
8287
1058
5087
11700
3753
7825
204
8416
7237
1337
8184
7015
6023
1665
430
4682
12047
1282
841
12106
834
8356
7857
10772
8139
1359
11600
12232
10315
1317
10093
9882
7587
9119
12480
3528
8732
10565
7659
7515
9173
1984
4326
6554
6467
10355
12860
1428
18
479
6631
5077
5240
5897
5749
2805
8978
11298
5150
4937
7465
9855
9227
7674
903
8432
1277
9873
9082
9286
6505
10709
12714
131
578
10005
3661
3441
9980
2640
8410
5505
4974
7727
8145
10106
1639
12864
10742
1919
11876
4471
3409
1448
1734
9083
5134
2894
10413
6419
12096
12318
9311
6469
9598
11809
6193
8749
396
7516
4112
1366
3297
5833
3747
1314
2343
12188
490
941
4573
165
50
11058
8298
7397
1571
8386
63
11178
7098
1407
4967
7391
4187
6223
4486
827
10049
12580
11055
6371
1360
4029
4800
11849
10414
10528
707
1145
3899
10805
9443
2591
1757
12069
8163
7873
498
4520
3086
7110
10675
10907
1178
1102
2603
11481
4949
11615
6372
4117
714
5192
9094
2878
821
488
6003
4285
3884
1631
4176
4255
7548
12539
5390
7931
1002
4812
11007
9384
4709
40
10892
7278
5044
8297
11562
7197
9095
2247
2313
3270
1736
1161
3968
3243
2456
10640
12937
2808
2370
12592
5357
7635
6679
5934
11579
11381
3539
4999
7325
2720
9422
3268
10503
3394
5582
4031
7254
3816
4315
11313
9789
10343
3927
189
1467
9576
8076
216
10295
2057
4001
3494
2253
12435
11593
1563
3200
2331
7930
8479
12390
10101
4905
3869
7710
6556
2338
7800
1676
3397
12027
1250
12658
2360
7181
9153
2562
11811
10426
9474
12124
11635
9021
8085
8344
2904
5814
2608
8930
2621
896
6867
4959
5932
3772
6784
10975
1531
10134
10128
1859
5497
3787
796
5447
12011
5675
12491
5431
887
11648
2812
9128
8817
277
1355
9723
8954
1193
4437
2168
12391
2837
3358
11938
11912
6615
7967
4054
10179
1438
2434
12624
8621
5218
1844
6709
9685
12139
10070
6327
3113
4501
5141
12888
5689
2839
7250
3970
9312
4946
6033
2993
5374
6743
8362
5308
5255
3758
7555
2449
5666
3333
2146
3705
2124
10669
3640
9403
10961
4741
11981
5322
3434
12307
9161
10244
312
3916
11257
10147
9310
6823
5368
2823
5250
449
6214
508
239
12780
11039
4559
4746
3228
6690
377
11469
7030
3056
11931
1061
11486
71
9104
2045
12816
7454
8176
11726
3919
3233
2773
9796
6847
973
9451
4775
4454
9530
1517
8409
11701
7637
7052
10370
7916
1323
8413
1662
9956
7722
6348
2785
5662
9019
11714
7642
11158
12764
8078
596
3418
6326
2631
7291
8374
6175
3635
12746
9920
5370
6325
12890
10561
10446
9374
548
6833
10990
2887
11457
644
8495
2740
6437
2662
9184
9452
10432
9828
3730
8188
6957
5630
10944
2232
5541
4642
10479
5486
5085
2455
2866
8935
252
7375
5647
10518
2599
6103
8755
1095
5258
2325
1362
4028
2794
4238
4300
5341
10783
10510
4433
4810
210
11733
6144
2002
7027
5102
8932
4506
9257
2187
7625
5379
3217
5936
8995
2056
8349
314
8761
10007
5081
902
5600
4340
10452
6388
9303
11522
2900
4339
3071
6169
3746
12256
10820
1268
311
6672
6336
2739
10141
1813
6456
11943
12431
12088
3578
8816
2735
8525
12883
990
1812
9114
2757
5981
24
1481
6980
3124
9468
12847
4406
2039
4384
7463
190
1901
12456
10340
4912
9999
3193
3302
11398
1064
4487
11002
12454
8996
4359
10352
10444
12697
4173
1820
3603
343
9281
12474
12666
2522
3867
10296
7784
2264
12619
9123
3673
5792
10491
6742
2836
1931
7452
6382
6173
8739
8975
5432
5305
10035
10164
5750
6774
12044
2082
3966
2549
5323
10150
10735
5731
1221
1583
4275
9038
1003
12895
10302
12417
4186
12486
2846
2228
4997
6067
3001
1938
10978
6875
7622
1833
374
11973
6707
5101
12372
11590
2243
10614
695
5169
11681
5885
7091
927
5003
4450
12945
9629
412
1484
8842
6483
5705
6135
9746
9432
6079
7271
409
8284
1674
2916
2759
7509
2692
369
1926
12761
4518
11277
10251
8458
9014
825
8909
4043
10406
7213
5597
4061
1739
1579
8115
3241
9152
8385
9813
6264
5290
5836
1445
8924
6070
4058
5502
4076
3993
7209
4876
11013
7178
11497
6821
9885
1207
5428
448
4696
7809
7377
549
10613
12794
2957
12245
11393
1775
12646
10904
2403
10216
3290
12513
1575
7932
5979
6767
5684
11459
5524
1936
12689
4906
1488
12440
7086
6683
7922
10513
7133
10038
1547
4220
486
12154
1007
4688
4286
5007
11786
27
4093
1890
3335
782
7499
5831
9774
814
11621
10306
8903
5904
12744
10598
7527
1266
8281
10305
2290
7633
10720
12172
2145
3236
9764
6735
11688
11640
3053
7872
9284
5821
171
12071
9756
5444
9574
3979
5661
12331
4175
6485
6982
7758
8303
12663
668
2132
7723
8440
12868
4658
4104
394
8225
9337
1906
8627
4024
9350
10917
9464
9486
6196
10981
3857
5809
7740
1873
9445
4802
1298
1889
8185
11436
12821
2893
12269
2414
5665
4259
6287
9268
3204
3431
4600
1349
9802
8031
10319
6475
5706
10979
10739
4100
659
10130
5488
8509
9325
9332
10333
1679
8246
4662
6199
9047
5366
3240
2109
3645
1375
6472
6882
12636
4799
5784
7498
7935
3375
2574
2996
9914
5125
451
9068
4850
7918
9258
6640
3541
7826
11974
5393
9035
11265
12157
10382
9926
11363
11030
2371
8785
1771
12493
10332
7309
9992
1856
1548
10187
4360
4045
9677
10926
2888
9852
7256
11183
12518
1795
11902
7753
6575
7713
3639
6492
1274
1978
1975
359
228
2086
12499
5621
10329
3218
11198
4639
4515
3814
12565
11320
7845
1912
10905
9605
3294
1249
11001
376
5071
8493
8250
3648
11157
2091
8444
5599
3766
8568
8324
2605
11989
7376
10845
5334
1534
6889
7115
261
3511
3148
7022
4503
8286
9237
8610
6602
5971
6313
6330
993
11749
3094
9460
4618
6911
8039
8656
5841
2954
194
3337
10704
9158
7236
12784
10830
10818
11365
212
10468
10616
11652
4534
84
3703
12834
6648
10214
3521
12684
12409
1934
8098
8645
10374
5802
3906
10741
4336
3263
6493
4011
4900
11843
4720
3714
2276
7055
6578
5054
7838
8429
550
1217
9407
1918
12457
2388
10139
12056
7923
9815
10311
8674
4160
1363
10578
833
6263
6923
4856
6921
1724
11338
7014
8167
11177
12041
12350
231
11671
10427
8663
6482
4826
10702
2633
5295
11215
3385
12652
847
8491
360
1965
3100
9569
2983
11980
8795
5931
11016
6644
3143
11580
2487
3213
402
915
7189
3830
1411
12570
332
10610
8757
6757
5852
196
11166
5815
8851
1904
1106
3998
11266
478
1090
4118
11053
7948
11660
11872
7868
347
9346
5138
5909
12606
8990
11874
520
9987
6666
10705
12668
2582
6927
8869
8905
9656
8538
8224
7947
9051
11057
3182
10213
7365
5730
10289
665
3990
3956
10484
12004
1672
3606
2971
762
5828
9876
8341
9887
2396
11768
10784
5062
9427
9058
12215
9266
12680
10838
11330
10096
8789
12244
11657
12303
6333
10694
10386
1977
2587
3072
6775
10299
5808
5335
2525
3105
12393
1758
11991
5856
1232
11175
10936
8556
12105
8531
12353
9606
12137
4149
1657
12517
7811
6215
10747
6762
10067
8571
10148
4628
2227
11581
4880
2918
5543
10954
11720
7486
3719
2541
11124
4067
12217
1455
6888
12733
401
8577
3209
770
1395
12444
10925
4550
4495
1567
12384
11539
853
4878
6826
219
3138
10191
9955
9919
2732
6129
4316
9591
1062
607
8594
5974
4578
6667
2930
5744
999
12819
10855
8933
573
533
1725
7057
690
1893
1134
10974
4972
3568
2068
3248
10501
6143
255
576
12877
10815
11328
8190
5359
1882
10116
7926
2367
5954
3415
3498
6638
10504
6853
13007
800
7706
6142
978
9541
8093
709
575
8101
1727
9953
10154
11940
9602
883
12211
12637
235
11190
9269
6705
693
9463
9129
10040
10463
10985
3023
2689
12034
1628
677
2424
3644
3342
336
11627
10811
8839
4599
7711
1421
12115
7830
2477
4816
601
2386
1973
654
4715
3180
201
12561
6754
12970
6856
4692
3389
9485
9315
6277
6989
3980
8083
5189
8601
12662
3267
6717
7646
4644
5653
1267
6222
8764
10994
9839
5805
147
1569
2652
11275
11086
8121
5605
8134
12549
7105
9292
12874
8669
1101
11362
12713
3558
12276
11102
5544
303
11971
3055
9229
8108
5282
4694
2558
12178
2333
8595
7481
6779
12131
6926
6573
1589
3575
11668
4221
6721
8070
9314
1083
11335
4262
6540
10074
11292
4763
2746
4860
618
7888
5277
8650
4934
12527
12756
1742
4293
8672
7114
3534
12448
4094
9371
1577
4592
12609
11327
1847
5296
10533
3443
2423
11888
5834
6843
8814
7292
1681
8690
1533
7506
9391
11112
2727
2291
12891
4507
7069
5017
4627
3821
3421
1015
5122
4047
7858
6846
11741
7220
2714
3362
10716
1514
7266
1347
12151
1640
2337
7513
3885
6088
1189
8379
10728
10887
11556
1224
1999
1231
4030
11214
6600
12306
6182
6007
1985
2698
8055
8197
9924
12292
4606
3866
6986
8681
9551
6891
11618
3615
4830
3038
11574
10146
3151
3190
5467
4616
1405
567
127
8002
3574
11969
8254
3952
1408
1135
6832
1879
9252
5877
2867
12903
6651
7307
1877
113
10923
353
3582
1259
1487
1116
9064
1883
3696
10145
8715
3299
10571
2946
1980
12339
630
7263
11834
3860
1159
9669
9143
1693
3042
6839
6519
12055
7627
1413
12312
8352
393
2906
12293
7975
4355
4461
1732
8709
891
4158
5548
464
8586
2951
2890
6652
1894
7752
3889
5091
7119
1091
2092
957
6416
3546
12730
2700
3711
11222
1396
2259
10787
3647
9560
11864
9386
4097
225
426
8897
7793
4478
6444
10516
12061
3517
9847
3430
3632
2647
748
287
8035
4493
1357
3977
1707
9553
2786
9017
7492
6522
3206
8626
6465
1656
7953
5949
1391
3581
7973
7387
12126
6956
7668
1603
2149
10685
8514
8365
1581
4683
9988
1692
5865
6813
8590
5733
6208
3641
11998
12015
10276
5848
10071
2387
2410
9121
6164
2622
3403
2317
2803
5571
3328
3084
2482
7472
10722
9331
1718
11407
11948
4543
7688
7726
7998
10540
8998
10061
8151
321
7034
9603
5798
10228
9450
7282
4502
7251
8698
7102
4085
4535
3666
4204
1016
7734
2873
1053
10908
3794
4820
5857
9127
8069
3045
6819
405
11532
5372
6438
2899
5996
3350
11003
3548
10588
965
1625
3015
11613
2382
4178
7468
1401
4944
8333
4931
1381
4306
9675
10264
10169
11953
12019
5970
8662
12132
10821
3805
1793
6011
11060
854
2802
4612
11708
11502
1005
8007
5362
1827
11147
6657
3844
3225
8403
8456
3937
11355
365
6172
1908
4023
3177
595
9390
9732
5214
9032
2157
4884
5765
7699
1345
8022
8999
4862
10055
6924
9280
12736
10622
4953
1601
2125
7080
561
7082
10052
11165
6855
10016
4681
5590
4973
9306
9994
11800
10837
8171
8241
11740
7786
9691
4022
6435
7214
12113
8694
4322
10590
7362
8460
10655
3259
9858
6012
11397
11772
9205
187
12802
2915
10967
5229
4078
9854
10924
5309
12741
4224
10768
7100
4981
9336
3406
10223
9798
10076
2170
10920
1788
9894
10122
12825
9819
11525
8082
11354
11040
1638
2651
6245
12219
5251
1939
3836
12116
11032
159
4772
6732
5190
12494
8215
10082
5615
10290
1206
8608
12342
9585
10087
3620
12791
647
12978
7025
7438
6586
12183
5235
4963
4444
122
8089
10824
12635
12788
6303
3634
1013
9696
1129
10239
10079
12054
9968
622
7385
2446
12221
10766
1442
3571
2012
8799
7234
5953
9304
2229
4951
5104
6617
3508
8291
11622
3037
9359
9793
12371
2178
4106
11276
1372
2865
2792
3535
7232
2417
7356
10790
2619
6796
11711
6506
8417
8257
10098
5319
3396
9362
1211
4695
2209
11104
229
9653
4985
12953
8904
11456
1427
8997
8813
12327
3090
3509
12514
12196
8209
6576
8584
6400
4699
2940
3858
7129
118
8574
3231
4268
551
12889
1128
1251
5382
8221
11960
8804
1354
4289
10115
2218
3117
8194
8893
11537
2182
12103
2238
4348
23
12556
2126
345
7279
8591
5128
2211
5868
6659
10377
7761
33
10373
170
1118
10687
7804
1911
1295
3435
8833
4994
2912
10744
9305
922
727
8775
604
3870
3895
6357
10795
11796
12698
2154
4308
178
7616
9613
7504
11553
584
4608
9398
11305
10932
11216
7861
12427
5591
5461
11304
12250
9676
3481
11739
5166
5142
328
3813
4595
12696
8328
11406
7991
3157
5191
3429
7822
3444
8265
12633
12831
9267
4166
6998
9927
910
5964
9190
8677
491
10803
10271
10643
1895
7469
2198
7840
6520
2810
3601
7447
658
1959
6985
1590
3879
10328
11270
8680
9993
8623
6052
12901
282
4516
5636
11813
4849
11435
956
2691
2653
6677
5725
8981
9011
1580
2817
11999
2084
12900
3668
11228
11
11906
496
1018
1164
7336
6484
6424
9191
1343
10894
4121
9382
9101
9662
5618
3718
593
11881
5485
7512
12598
10592
6247
7000
4157
7372
3683
7200
12688
8551
12321
7448
7326
12681
7092
6407
9491
6401
3073
3804
3907
230
6276
10652
8100
8939
2772
12506
1949
7048
1454
4051
7742
1281
7093
1378
12114
3728
7223
9684
5585
870
4068
7836
12909
6700
8306
3822
10153
12242
3120
7608
9592
1464
5024
3536
9797
4673
300
5376
6714
636
5491
7807
213
7430
12538
12984
3454
2961
2485
8198
12982
7996
434
2737
9740
5119
8091
6621
5388
3572
9187
3208
9389
12790
12129
5577
12128
10648
1761
5292
7404
8777
8202
93
2163
9453
4458
1080
1971
10193
10865
3043
2413
5090
10383
4794
7917
11378
2945
7682
11791
6559
8535
8899
1941
4042
8597
11674
9718
1872
7961
1096
7664
7071
10767
11921
5962
12751
5233
4886
4708
3691
1822
3584
7522
2006
4234
2960
8940
10048
8154
9514
11673
6623
5557
12529
6054
11133
22
3738
6203
243
1037
483
8524
10843
5333
643
9233
10673
7474
8489
256
422
594
749
2171
10466
5289
11232
12886
4605
10982
11534
5998
2212
12414
3298
7177
9714
8389
6630
373
7936
7162
5611
8274
1436
8117
8942
8596
6288
8097
2512
432
6658
5203
4909
480
8499
10604
10298
1332
8885
1772
951
11246
5787
9897
2357
7130
12360
5773
3219
2553
4564
12716
474
4995
7153
9328
7288
1957
3130
9339
2910
11029
5783
6039
10027
2110
11620
11612
5252
2114
4010
3413
976
5943
5968
7700
11184
9247
7042
2877
1432
8466
9972
8320
6765
8849
2339
5758
562
9132
12750
7158
5958
8152
5682
3393
5660
7224
10433
2678
9831
5703
2115
4044
4631
9020
12762
6647
5586
12777
8165
11840
1324
623
6913
691
10381
8327
1573
12796
6246
10798
10764
4071
9747
4725
10509
3592
5515
1654
11687
8823
10012
5823
11014
4299
8622
10272
6355
6278
2527
4528
3537
1479
3198
10883
11732
1962
2234
11626
5562
2362
3900
5200
6537
11025
2377
4713
8247
6283
4771
4165
4615
47
7308
8497
11274
5030
4105
7942
7904
4581
10656
11527
10615
12252
2848
10658
13000
6780
10403
5629
12040
6636
7450
3414
9902
1346
2308
6695
4376
2578
3720
5123
8288
1863
5375
2504
12249
9255
2580
3657
804
5840
10695
7681
3757
7380
12665
2885
11379
8925
5088
3348
11139
11568
4279
6776
11623
5209
9287
9881
5540
12379
10809
135
1051
3662
1368
1412
7893
12893
12315
10480
1244
5531
6656
1104
8160
2408
3135
5430
6073
12199
1400
12551
6628
4164
96
8522
442
3031
4987
4659
11519
8614
7546
183
12134
2346
4006
6376
3255
5946
7990
7399
1162
769
7584
10258
10472
11417
4065
9221
5315
4382
8266
5601
5598
9931
6409
12190
5966
11143
7176
1236
6455
1675
2743
8321
3936
2131
8128
7335
10638
12532
5031
9728
9249
8678
11035
10895
12719
9891
4460
4942
5697
310
1383
3300
2220
7736
9537
1932
10750
6609
10553
11303
6830
8255
9131
8724
12392
12093
11831
9870
408
6834
6391
10775
4870
12100
11288
2584
12330
7595
11248
8546
3707
2934
9590
6353
6432
5654
5800
9868
1586
6358
7020
12473
681
2130
5748
9581
12469
6750
6669
9707
6529
10595
9369
8244
6021
5790
3175
150
4442
9150
10490
11159
4867
4319
12550
10525
10241
5314
6198
10810
843
8208
415
4350
7855
5751
8890
5404
8867
12416
4547
12299
1954
4416
6367
5999
9715
2395
8855
11263
2650
9250
4014
12560
5876
2989
10634
1409
1042
3602
10423
3525
1669
9243
2853
9708
9520
2819
12279
10563
11746
6335
1316
5321
2118
12540
5367
7886
5288
10625
5677
8338
7980
12801
12951
2660
9163
6188
5448
4537
9099
2108
12024
2499
7614
7630
12386
7348
10046
5742
9554
8754
8084
685
11571
3471
4015
11404
10485
11913
1697
11491
6170
12621
4314
2390
5115
11762
3882
3046
1814
12989
7913
399
7605
11142
8048
5464
315
5982
6447
1596
7467
2094
6857
10970
12972
9991
8426
8192
7900
1924
8253
10968
8845
1940
4579
1146
12693
7107
12941
8229
1529
7440
207
11180
9773
6045
262
4926
4611
6645
2625
11784
9495
9146
1198
5728
6147
9932
4698
7819
5143
3068
5797
10706
3500
5022
11518
12117
1668
1165
10801
11203
12425
9689
9641
8923
10133
288
10458
3087
12357
11770
3101
8921
4209
9349
2556
4731
627
7992
5111
9673
1073
11009
849
9558
1902
7915
3469
7524
10889
11113
11489
3533
6105
2411
3514
12412
3636
7097
12955
2335
5551
2654
12453
617
6397
12324
3156
3279
9758
12717
2257
7249
7745
7418
9975
8068
12502
4521
9918
11956
625
8354
7881
6190
11483
1948
9743
5300
3949
1997
12189
11256
7184
7792
3904
3085
8541
1751
11340
3172
3004
1398
6665
4248
7689
8285
1214
8407
9355
2811
3289
1915
361
10609
5592
2192
2069
10903
76
8718
223
5304
12464
6607
2535
342
10523
715
1046
7456
11254
3325
2886
10001
504
7937
191
8211
11125
9010
1108
7890
9705
9623
7264
11563
1312
7112
8310
10785
1741
2784
6136
5709
2565
5244
8832
10162
1319
2765
7180
8334
11976
5683
11253
7885
12644
10006
6122
11289
9333
3468
8187
11259
789
8177
9320
6029
2674
5076
4527
5028
9874
1240
3285
8063
8523
3264
8983
12701
11666
4113
6050
8307
3798
11752
7475
3422
4133
4365
11360
1783
12284
5672
6130
4930
6504
12268
2880
12591
5446
10950
7145
9376
6513
12918
1823
9294
4813
5073
10171
4040
10404
489
11227
12805
10042
4330
12411
9589
9950
1294
12599
2471
10243
5545
8340
3462
164
12840
3748
264
8415
419
3555
2378
5241
7719
3905
2559
8133
9982
10653
5011
8507
12370
203
11683
6741
2321
8490
5246
5517
10506
7384
6642
5032
3878
12254
8713
11117
7354
8809
1371
4284
2672
3487
9112
8782
11777
12179
5093
2801
7403
5977
5506
3165
3613
8153
10339
10232
9889
2849
2405
3277
7004
2440
9549
8894
7417
12395
11996
1864
12039
6574
144
558
2263
3737
9670
5555
11377
2214
2352
11885
2726
322
4594
4986
4889
481
247
3806
3369
3111
7346
6101
5020
6180
2049
1964
3249
4785
5493
4877
6174
3329
9806
8228
6596
12173
5281
7526
9829
192
1235
8442
9552
8213
4230
9775
12237
8237
6421
8906
4700
988
406
12348
5014
11664
11852
11144
7626
12848
6592
6518
4760
2297
1025
6814
11085
3275
5392
3159
7268
11108
12508
3706
6678
4567
9330
2686
11099
11659
8646
2697
10036
12144
11034
7436
3513
8547
3014
4721
9431
969
9566
5899
6661
8026
10520
9130
4923
4904
11982
3809
778
3780
12149
9860
9364
10353
1923
12000
1305
5018
9503
4002
7489
116
2822
4135
2112
6258
12300
3089
4913
10632
12501
5539
3818
1773
10765
6210
12332
634
10476
3137
7386
217
6501
8363
12654
11639
1591
7357
6768
8963
7902
10628
10888
7123
7929
3096
6112
4408
12704
1641
2593
765
5427
2000
7240
5839
9785
5575
11202
10424
4049
11884
11528
1284
4302
590
6947
2268
866
4950
9116
9857
12605
11753
4927
6002
8267
5006
12638
8277
1520
11928
6233
12613
1876
8189
2262
1991
3920
9859
7859
4356
1516
10880
11523
9768
9115
8859
10623
2560
7044
2687
10793
4278
7648
13001
1115
11945
11233
12507
2216
9583
381
10320
411
10234
4124
5395
8494
2073
7136
8484
11027
10279
12418
6793
10321
10886
12203
11865
3450
7956
6627
10205
6001
11307
2287
11092
4142
8158
1994
1136
9406
5576
11361
848
13009
11161
7598
1966
3883
12558
6123
1045
4619
4150
11033
3203
9388
8592
1356
9753
2329
7774
3496
4892
4424
1792
11462
7405
10593
1444
6008
11094
11191
8411
3303
4637
10431
1560
3826
4180
4418
9409
8536
5569
10195
10731
3349
1341
208
3040
3447
6085
2318
7965
3145
3522
4933
5721
7735
1688
6201
12018
10969
12842
8927
10219
3012
8946
4851
4596
6150
11209
5723
10003
7660
6860
7313
8268
55
3520
3553
8418
4707
4480
3408
12251
8079
354
1301
10792
12119
11710
7818
7094
11252
9568
882
4954
1092
12422
6365
5291
9510
8193
11538
2981
4648
9527
4188
