3387
983
11279
12994
11208
9836
2616
2675
303
588
7864
7694
7458
8641
9338
9643
11402
10701
10182
1748
5613
6684
3616
1205
7560
9601
8269
734
2978
12869
8908
12364
2040
8390
7283
10385
12405
12089
9078
9528
6352
4946
11471
4572
669
5084
5423
11926
6290
11011
12368
214
11154
6845
8704
7194
10459
9271
1257
4680
3985
12631
6451
12351
7335
2731
8262
3288
5361
3425
7547
2484
9606
5421
8376
9501
6742
11641
12095
4952
7678
3681
4008
7871
5380
6510
8895
6460
8454
2434
6704
255
12376
3026
4852
2191
4096
9576
11565
516
1304
11276
10198
12454
7210
5981
9442
9840
4873
12929
2536
7759
11582
10897
11262
1307
1405
6237
9742
938
3485
1561
3712
4855
11062
11106
4657
2493
8043
1551
2055
212
2065
8648
2707
11878
4768
6910
3902
7553
364
6238
5026
9203
10041
10624
4436
10056
5715
11968
397
12995
5860
6351
6148
5162
2453
11150
10057
4770
5589
8749
2520
2448
8060
3491
3701
9583
1779
3013
11186
8027
5253
10996
11897
1313
10557
10188
6420
10454
1617
5178
8539
12573
10200
10791
567
12450
4440
6331
7641
7526
12630
6745
11374
12655
12958
10661
9249
8061
6513
12128
1219
8064
10462
5830
2997
12896
11365
7636
5593
11702
12400
1861
12572
4936
5933
12798
5434
11082
4725
11764
2867
5076
4318
6581
5199
9701
7955
450
10761
6108
12944
12825
11312
1110
6957
10813
10504
10720
4501
3574
11264
9330
4658
4253
144
7685
2921
8653
8889
5785
10421
12524
8814
3480
6703
4786
9417
4838
10579
10005
11032
7992
4606
5939
10060
6178
1166
3237
9451
6184
2889
825
5304
11846
585
5988
9762
10921
4251
9268
1272
2747
12215
6711
10506
6861
8449
2059
9959
2502
8753
10437
6323
703
8236
1650
824
12528
12552
9464
1328
9596
11134
5854
11628
4922
11487
10751
11749
10806
1548
12281
681
4834
9822
1699
11936
12676
8673
10413
1296
12838
9265
5723
3677
4615
1286
12674
3563
11604
2928
7791
12877
4761
4190
7428
8455
10926
1077
6507
10323
3761
11493
12618
6461
3629
12870
547
12016
9555
6177
1134
560
6325
10913
5535
6390
10639
12340
1627
6966
8498
3917
1007
12375
11403
6205
6672
2980
1388
11074
8737
11066
9920
1614
10598
10575
4433
1889
1200
6449
5192
7425
148
8570
9598
9347
8235
3986
7273
9009
272
11317
4148
6165
779
12240
6715
11145
10974
6568
3092
12161
10828
7827
9286
12938
897
3214
5197
4823
3195
5562
4293
5139
7918
5710
1721
10518
10766
7385
12692
11925
7588
10360
12549
1761
12853
8273
7968
5912
7896
1453
6973
6216
11516
2907
3257
12489
5000
12485
9135
7905
4525
4876
12000
10376
11189
2131
8271
10008
1698
5989
2828
10797
8533
4425
719
3465
9165
9904
6578
12809
10304
11348
7733
9825
3989
6527
1168
2519
11185
6575
10366
6563
4712
8439
3202
565
9917
9665
11526
8954
6026
10329
8024
4958
4316
6600
2200
10246
11550
5132
2425
9559
11479
2277
2334
5831
1503
12608
744
1577
10838
11514
4759
8460
4334
3622
3528
2505
6781
12258
3219
6522
4557
7866
4917
11380
3928
4463
9298
9876
3578
4653
10046
10132
10275
8975
2190
9667
6699
1363
5185
10353
1619
543
9638
11995
12768
1290
3086
6027
1826
4524
8207
2499
9053
12973
10483
11224
11453
10063
4518
11416
6753
10488
5924
2199
785
12146
5994
11980
1841
8530
2988
8712
12426
1014
10836
4918
2510
5235
12492
11182
6536
11198
7693
10712
9463
3525
335
8032
2464
8818
11624
3599
3067
2579
3466
2874
5826
12227
1857
11585
11952
12331
11904
6548
1048
479
3006
2528
7418
1591
11368
10628
1215
8412
7650
10900
8402
908
3762
10502
9691
8151
7934
2695
12057
6737
4264
9159
6755
7715
6763
12155
6919
4757
11355
10767
3146
11597
12346
8509
11265
9110
6286
1745
5525
8944
3535
9449
10827
256
4611
6473
10187
8020
6908
9136
11801
1976
5130
5054
3298
7251
6372
4542
8388
9393
7396
3833
605
4387
12049
4705
2090
425
859
11203
6136
5651
978
10375
6083
2204
7852
11455
1854
5226
11517
7839
11496
10326
5847
4991
6453
4568
10859
8124
9746
594
11743
10642
8872
8252
12311
2053
7935
6354
6430
5699
12755
9429
461
1170
2665
5879
4338
702
1430
10691
4998
12587
3449
803
4659
2254
6504
10820
8368
10333
6321
10245
7824
2530
9080
12309
424
9455
11043
1220
6866
9672
9288
12554
5007
13003
9624
5915
4129
5093
11286
1606
1556
10021
7340
12717
5842
6465
10737
1782
5250
5894
12483
9515
12397
2294
868
8589
1156
10561
3418
11616
12577
9710
10233
3448
8987
6366
8728
3975
5774
777
380
8859
8861
566
5927
11480
7781
11282
2113
3115
2494
7060
12523
3941
2064
4488
8226
6822
8430
2358
1299
1973
11156
167
12194
4409
9049
2344
5986
5713
8046
9645
12754
12962
165
6759
4575
140
10263
7286
8936
5801
2474
11148
145
921
420
607
3369
8075
11219
1396
11958
4828
5786
6793
10085
5579
4603
10532
13
10397
2971
12127
8102
12661
8948
6247
2159
12034
2462
12270
3239
1207
7327
4401
2973
6952
4427
7269
5985
12926
2374
8545
12163
8382
492
6517
6202
1441
1667
12796
667
4001
12684
7417
10359
6468
9818
11077
9088
1238
10987
3126
7857
6081
9734
12584
10340
102
2333
5442
9859
8697
9906
4915
2516
4535
8438
8710
12735
12432
8052
12337
5993
4544
3964
1588
5166
382
10570
7960
11195
705
9124
11699
11290
8312
5409
7891
11636
6249
1589
4519
606
7624
4681
12094
5041
6789
6779
1744
3147
5803
1194
7893
11167
368
8329
7104
6386
7446
12423
370
10995
10614
2841
5893
3426
110
5829
11214
4959
9535
11697
2238
8021
1655
4543
789
12966
6480
12705
10774
10119
7573
7654
10651
12013
6614
6717
10940
1904
8516
12193
12168
3827
8727
4450
4200
5208
10239
4727
9715
4526
12158
6263
5867
10746
8338
11661
12478
4553
6095
6218
12434
6632
1418
10762
10347
9155
9896
1630
7974
6486
8420
5064
7834
10875
707
3093
12867
3734
12476
4743
2189
11512
2202
10499
5772
5668
6371
7701
7854
1182
5035
6889
3062
649
6397
4447
3087
11895
1599
7583
268
5234
722
11436
11131
12787
7238
11477
13009
12463
9100
1777
8561
4308
3590
3054
388
5577
7079
6483
1941
2227
5013
5870
7920
5834
9461
992
6239
7156
7295
791
3280
10387
8681
444
9086
9230
1306
10718
7841
9084
6937
9253
278
6448
6511
1675
11399
9348
12565
1879
10223
2005
1716
3651
6598
6697
2450
12250
8733
5210
10079
7442
2563
1750
2578
8844
11101
12660
241
3438
5200
12393
3292
1849
2188
11601
11880
7132
8789
1974
1457
6485
747
9432
3293
6209
8676
2496
11672
1006
470
12820
189
5888
6475
958
9325
7435
4531
11220
8939
6685
6613
4042
1763
2293
6207
1428
4587
9527
8459
12229
8582
4295
7579
5136
1633
10952
7872
8760
5841
6783
1107
10106
5511
10566
1552
11430
1309
10285
9983
9413
5269
7392
2385
11369
4201
4516
3682
11677
618
1749
5204
1347
11089
7430
7754
8668
8985
5096
10149
2249
7436
12394
12596
3080
12937
12764
2061
3330
8934
299
463
8852
3953
9727
10403
12905
6501
5306
9735
7271
12777
12501
5143
9636
9997
8135
8278
441
10474
260
3979
3044
7016
11012
1017
18
9574
6887
3880
10167
202
12122
3765
2437
10289
11432
11898
5055
9478
3142
1853
11850
1108
3715
3342
12500
4000
6494
5173
9421
419
4990
365
11642
5309
7493
4057
1050
8373
7015
4927
1148
7177
3455
10288
8416
11916
10272
4566
11889
10429
9365
4790
2039
11050
11002
12583
8076
10826
8703
12680
1663
2517
947
10968
12889
8768
2500
6190
3843
6971
1443
232
7914
12744
1993
11093
3693
10093
6112
2381
116
10524
3074
4394
3862
2924
12175
2086
8569
10635
2014
12719
9475
7420
5913
923
11766
2926
9204
3746
1597
7943
5394
12922
8717
7620
9372
7988
9145
7926
9532
10138
12288
6852
617
727
9416
12431
4827
6605
4193
9174
9051
7543
10232
4438
4724
1018
12439
10721
10014
10606
8899
7542
12065
3343
6061
1886
466
10781
10818
11400
3850
8077
10017
3083
2088
10406
9457
6272
12417
10807
3621
9703
9779
5578
7389
250
3911
9428
11385
6735
12191
1177
12495
5475
4161
10094
5561
1855
10715
10851
11061
9641
4497
7884
4326
5711
1785
1969
7572
3898
3906
11935
7199
4983
1700
127
1718
4964
6990
10850
12833
10602
8512
8261
8470
10896
9123
10912
8283
8362
6642
3782
6696
13011
3056
10954
893
10205
8968
9934
6101
2885
1071
3749
7298
7575
12645
2016
3162
11497
2508
393
9444
5833
11417
5563
4342
7981
7325
8356
10214
9458
852
6059
1594
799
781
7248
7159
8991
4864
10262
10609
8849
6476
4933
12505
7738
226
1289
3931
3407
12469
9069
2564
443
10163
12106
3954
11632
6790
11466
3856
9811
9072
10637
8937
72
7351
11566
6469
10461
11813
7613
6991
8938
10031
8647
11960
2256
4745
9693
7660
3639
4468
9161
11256
11534
6200
6220
9772
3473
11543
2068
7649
11544
1991
3881
10938
1490
9911
6179
7407
5268
11309
5825
2129
11142
4726
2233
8567
3536
11173
6192
7455
11248
223
10760
7737
8224
10958
4219
12656
2466
6602
11234
3771
9571
10072
9506
6403
12724
6694
7865
6096
2787
2761
11258
7938
11321
1190
5673
9592
7098
5712
564
4451
7197
6983
12054
3717
10829
2226
2577
6531
5665
4889
11209
11057
3549
2171
9549
524
8126
8627
2185
2345
10960
4145
7084
751
7782
1243
9973
10844
9900
5938
8847
9630
10087
76
12442
5129
11810
9
2458
3649
7108
2103
2762
993
11474
7171
6670
10147
2390
9871
4192
5365
5852
11076
1759
6601
3300
3467
2598
948
7328
4718
3870
7289
12933
6893
9659
2470
3706
4159
11361
7818
12038
5793
3376
3498
3526
5513
1416
6778
12659
9190
1865
230
11410
10664
8826
10389
56
12808
1384
8515
2321
12879
4064
10618
10322
2310
3043
839
35
5481
4971
8109
7341
10179
6297
3233
739
8685
6322
4664
10934
6100
5719
2003
12781
11053
1585
10092
3256
1906
5478
6785
6048
8228
2399
9717
2271
195
980
11162
10303
5122
2837
1534
2790
11736
1496
10401
4119
5519
1199
8596
12381
6532
12208
8346
12234
5875
2908
2592
9912
12315
2098
7813
10466
12727
12334
9550
724
1024
10802
9913
10540
11540
11373
1269
9829
10754
7406
4164
3628
10571
7169
9389
1839
12268
1586
3566
5997
7664
5097
10183
10280
3776
634
10108
12566
9878
12601
7846
8657
7236
10522
1242
10208
6907
11054
7122
4622
7303
12446
2994
9484
6233
10772
11463
3690
3774
10279
3949
3679
11680
156
7252
9415
3224
10830
10735
5264
4878
10703
7677
7923
4366
3279
647
6577
11976
4197
12535
4982
7889
8819
1150
6898
10892
5261
12371
6079
12685
10452
1361
8111
7498
3562
134
8296
10901
1774
3503
10633
9107
6683
10553
4107
2700
6405
2836
6262
7250
8199
7058
8536
5360
2799
7821
1119
8467
5880
5585
11790
6017
9103
3150
640
4195
10465
8310
4550
11091
6738
11875
11833
2719
7198
12274
8258
925
9686
287
12617
7683
1187
771
10965
10293
9180
1537
8317
5082
4485
9282
115
1740
9199
10652
12131
8008
7411
6057
8190
7371
3261
11391
8128
7793
11863
7901
9117
12578
11169
7520
5474
1898
6119
279
5746
12586
1244
4311
5236
10765
1890
4895
11934
537
136
8658
7812
6370
12374
2033
10948
4476
7954
11530
8241
9524
12861
1867
5507
6688
1996
12007
3304
11420
4949
6978
8016
11257
1284
3705
10261
3711
11295
3769
4285
2771
11504
1791
10447
8044
2896
527
9131
3554
8977
11031
8874
8110
5119
5398
12389
4758
3009
6611
9137
8443
3519
6126
3812
2104
6659
3516
2089
3265
10469
1848
3822
162
8355
5046
4306
8705
12916
6589
1914
10199
2688
1728
1037
7802
3030
9160
5231
862
4256
5626
11979
1062
2651
12766
1624
12484
1738
3470
8502
10458
12276
3587
5979
438
10332
5560
2174
1240
11769
4039
5917
836
11887
3302
11484
6254
8880
46
11483
8997
10327
2222
1823
4102
7794
4955
12166
12832
12874
8767
8361
7114
10341
12182
9233
2052
2236
6559
11942
2139
12857
7330
6891
9682
2618
1183
4246
0
2549
8638
3205
3878
8034
11499
12287
10006
5687
7408
4977
4835
9518
5030
9925
5477
2728
3783
644
11251
673
2503
6138
4130
2931
12567
951
11844
4893
732
1095
10316
1179
12190
9142
9953
679
10989
12750
9579
9687
6951
7018
11631
12799
12959
1520
8255
3867
12806
11423
6243
12354
6603
8993
12947
6244
2417
12513
1365
4552
5952
3688
5249
6305
1158
7848
3518
7673
12447
1877
3164
11268
9577
5426
10371
99
5707
731
9507
3973
3326
130
9108
7689
2007
297
10799
5918
1647
4191
9587
1884
6319
8573
8622
6349
3366
9311
7785
10211
12811
1682
8655
12079
9760
12084
9210
12507
3958
274
91
5266
6800
2259
10627
8857
11944
637
3868
8674
9788
8092
2221
8125
8920
5079
873
9781
11451
4907
9237
7137
10130
3045
8136
11139
6864
11832
2554
6278
4352
7002
6942
9526
5224
945
9128
5500
280
12821
11293
7052
9841
7519
5142
11394
9285
3835
8921
3991
6786
12521
2964
22
8995
6787
8914
8828
3025
1878
3877
2196
7148
4055
10334
9981
484
8054
3869
11637
12497
11235
1047
2822
4902
6076
5027
872
12737
4805
8002
3477
6348
9052
5051
5935
11820
12021
9865
11435
3289
3995
9307
11298
812
12557
7669
9007
12413
9678
12844
11283
9480
3193
3488
55
1045
698
5662
11172
4376
10816
8523
6767
11513
2276
8196
10177
6466
9888
6445
358
1851
3499
8642
7877
10881
6723
25
577
861
1559
10846
8374
4938
12948
5484
9610
5265
8415
5482
8866
486
571
913
1451
12974
6940
608
4380
9856
12765
5796
563
12419
4779
2066
4634
4812
4829
10973
10516
11406
12099
10191
7338
911
11184
5024
4009
1072
6904
4655
6508
4349
5454
1701
12914
5303
1753
10999
9651
7771
4746
5220
5218
10356
2418
1995
4098
10569
3392
1195
3612
10895
12866
11647
4717
8892
2350
12830
5837
539
10982
5300
6025
11666
3310
7484
4474
11431
12546
12265
12467
792
7041
11324
3792
11505
11777
828
10832
1233
11961
9808
7692
7749
10909
11704
1057
7661
2807
4168
5362
5570
838
7980
2847
3725
7985
11812
10222
10731
9166
7525
7228
222
12420
3393
4152
9694
3177
6801
10871
10668
1994
4331
338
2054
6827
12120
3327
1684
5753
11465
5270
9845
7173
6342
6720
12213
9386
7682
3754
3527
12654
8600
5724
4122
12330
340
3143
12704
9471
12607
10852
11092
3968
7068
12527
7400
4910
9003
5416
12702
6435
7106
10922
12410
4733
2873
3047
1539
541
7512
12683
4269
845
12640
5287
9887
5438
2812
1983
4962
12778
1918
579
2566
998
806
9542
411
1210
8865
10206
9349
8787
4044
5974
932
11905
8716
9603
7927
6774
4116
4996
9149
4576
1279
456
10020
5858
7725
5921
723
4016
7633
7817
603
12961
6382
5636
8802
11956
11501
10024
4227
9066
3482
2460
9629
7860
3109
10381
4236
11197
5118
2534
12053
7621
12751
9867
12627
10121
4305
10831
10689
32
2318
903
4324
10365
9430
3842
1060
9120
3664
1437
12848
9881
2862
7300
4986
2524
4203
8675
6086
4160
10577
5308
8774
10001
12804
2324
2407
7885
6049
6639
9304
556
1558
7614
12018
6201
568
2120
7247
879
483
10956
4817
7448
12721
11111
3405
6970
2442
6277
11970
4870
10283
7035
10400
11640
9683
3773
5965
5156
3090
9520
3957
3033
7136
10423
12740
8618
10350
10048
7799
12078
5039
2591
5792
1979
4861
4881
4448
10144
1291
762
2057
12901
12953
9784
12264
12427
9540
2408
2178
9572
5490
5412
6987
2734
1142
1621
1813
12126
4845
960
11481
423
5955
2133
2656
10396
6996
12934
4988
3849
6391
1084
2580
9688
2330
9436
394
7591
9294
10115
7334
5926
12066
598
917
3795
4156
125
5260
12520
11605
10573
10733
12845
6347
780
9664
9445
9712
8492
10971
5205
10672
3860
3490
2507
7023
5751
704
4649
706
3167
5445
9141
6289
13002
11458
572
4750
11600
4077
7803
4151
3046
7828
2300
659
8613
10872
3356
11376
1583
37
4146
3517
9697
2122
12020
1153
6813
4978
6884
6660
7797
10930
4802
7312
11341
9874
7778
2739
4891
12762
4139
6307
10140
5960
5596
2409
1285
4367
2792
8105
776
11974
5916
7119
6030
11450
3637
553
10687
7629
234
29
8691
6227
4231
11397
9897
3577
5441
2210
5021
5948
626
10257
7107
5973
4109
12361
3909
855
11635
12952
12975
10175
10700
3567
7454
10911
1615
548
6158
12010
9392
8003
11071
11690
7487
11442
870
6797
9001
4413
6016
10792
12837
11794
4483
12826
2957
12085
8469
1026
12614
6495
480
8720
8348
11063
9886
8552
638
10156
1858
2465
3775
8888
2511
5158
12831
7163
11123
7366
9984
6151
4423
11576
8952
6166
12688
11263
2649
7814
3209
11724
4894
12332
10480
2250
9919
5063
10864
8756
4778
4095
8860
2945
12542
4545
9216
2610
4701
6401
11226
5761
129
12449
126
10946
10660
4811
9902
4880
12404
4365
8850
9296
4362
10563
5164
12795
8387
8074
5553
7240
11058
5113
1247
12105
7764
4780
3809
2838
2160
6394
11860
6392
3165
8665
7007
4464
2904
12060
8117
5443
6400
2478
1089
10126
6981
11152
7787
5126
1316
10705
8531
8909
12509
3655
10114
519
8871
5120
8149
12433
8096
7671
265
2929
6924
2627
4475
10345
11797
4418
2074
7647
8154
9838
12514
7474
4153
1511
9622
2720
9513
4926
1899
5502
10442
7619
298
1755
9536
11536
2376
9730
5587
1445
12294
5444
9420
589
10804
7510
7412
10133
4426
6634
10124
3606
5003
152
390
11684
10082
4302
184
2630
9517
10105
9954
6679
1540
1582
886
1568
2022
9163
7011
7281
2878
5489
7653
1236
1464
5843
378
4816
2073
9015
1198
2998
1800
10924
10390
8786
6395
5330
8298
2323
1155
5167
2891
10213
12568
8227
7191
9188
5780
11715
6625
655
12939
6163
9055
4551
8175
3865
97
5685
1608
9133
3824
5970
4641
2130
2565
6880
12355
7282
11242
3157
8030
4207
4896
1636
2479
6176
6506
2480
1139
4444
9792
11835
1093
11028
4199
10135
7699
9194
3069
11964
1935
8913
5271
701
1273
9827
12298
9833
6428
2451
70
3234
1332
2020
8163
12646
9313
2180
3709
8942
401
7129
9741
10067
3285
10424
4211
9056
5363
2797
11067
8959
8367
1103
7528
10886
5595
11424
10055
5494
2343
2195
12328
12138
2984
8115
8910
347
831
8854
2729
996
7444
1913
11166
3600
12629
13006
4386
1513
6143
9272
7610
9116
2946
718
10905
1137
3492
4940
5855
2329
5209
580
7521
5567
6837
7557
9497
3945
5820
1685
6481
10821
5782
9443
12399
8127
6592
4213
2558
9077
1117
193
9857
7347
10217
12880
6652
7469
1601
2949
11146
6269
3307
4980
12002
8090
3199
12550
9257
4676
2491
9957
4127
10136
4176
4571
10675
9223
9130
5828
9125
475
9409
11034
6032
2813
7705
9314
558
12957
3459
6267
12048
623
11781
7053
3633
460
10134
11803
454
6771
1504
857
8250
7355
2463
5242
7950
6556
7363
8715
3456
11745
2962
9809
3512
6901
1780
442
4909
7457
5714
5338
520
641
6768
1478
2735
304
4748
8145
9028
9106
1875
8558
10460
7113
406
3478
10033
12406
10169
1000
754
6994
9205
11792
10777
3781
11476
12972
6662
7356
1458
10252
4178
6050
12639
8562
3908
3396
10544
910
5373
8011
1344
6499
8297
5221
1469
12310
11253
12327
45
10146
9990
12930
9231
5125
5800
10649
9094
7099
4856
963
1186
5868
7989
12443
11472
6798
3745
12970
9192
5558
10796
9562
4992
11045
8291
10740
1653
2743
1019
9880
81
1891
1794
6335
2968
11289
4073
7549
4591
6956
7599
12214
316
9956
1662
6921
2366
7622
3250
2439
3872
10626
2206
8068
693
6013
889
7309
8606
3127
5680
7209
10203
9378
11729
4395
10967
7262
9138
3232
1828
2317
5112
3283
10383
7125
7552
2726
349
4270
6234
10451
9239
352
4020
9634
1308
6962
1498
3427
1729
2436
10986
690
12142
8432
3156
10752
1697
8805
9063
9994
10819
4282
9295
6542
5188
7632
8335
6393
9989
10065
4740
1816
12134
8178
2342
11611
1672
3673
10951
10647
1768
6788
3505
1488
12791
4782
10658
6500
12436
10992
11557
9182
10800
10654
10709
8748
12965
8282
6722
709
9755
6146
5070
2914
12228
5959
10435
5897
9816
4415
11448
85
7182
6984
9226
5832
3508
1928
7368
805
10779
7931
2829
7234
10042
385
5493
3110
554
4473
8099
11404
3350
902
7757
12752
11987
5382
6594
452
2859
4217
10534
1709
12004
10243
11133
2000
2282
7089
12382
4772
3500
7304
4928
2017
813
504
3611
8649
9512
8864
5121
11490
2777
1474
4989
3429
3615
3916
7139
11014
4554
5998
6922
6219
1634
6635
2352
3203
10370
302
5364
3019
2056
1500
9322
9721
6869
6678
12235
8940
5617
12824
11147
583
12725
3719
10554
4564
1052
2346
6109
1312
7203
3634
4890
1808
1673
5374
11836
8664
12918
3458
8964
10593
1595
1368
5245
5551
4026
1181
12913
6693
3096
9336
8797
8168
3251
6140
10080
3561
6615
12347
3050
8837
30
6620
4713
2473
8468
1429
8244
8256
7350
10035
4027
8472
11773
1654
6324
11567
5594
2738
6549
3231
6975
10086
1888
5358
5255
2419
5949
6868
1160
3101
13000
11552
1406
11110
4973
7640
4202
11871
10364
4671
4851
10309
12919
6949
676
5524
4184
73
12657
2947
5706
10865
3436
8336
8632
4003
8779
7432
1639
6070
3659
12148
5405
764
9782
8223
8042
1569
1408
10417
9242
12800
6604
6968
12819
7472
6682
12462
12141
5581
12815
9005
3218
4209
1476
2916
2587
1185
1844
12720
7987
11772
1948
10367
7172
3580
3888
8033
3970
3720
5420
658
8426
4
4455
8031
4075
3728
7415
4382
6544
7294
104
11923
6799
9787
10964
8666
9655
7608
5910
6624
6291
1327
2013
10681
2225
10276
6489
8114
2420
11151
4723
4534
2306
6708
151
11612
5095
935
5873
8072
8911
6304
4930
3556
8808
1810
6375
10170
6860
5573
3668
7402
5472
971
6858
11869
5548
2272
7859
6979
8534
8182
5865
9357
7010
3742
3912
3818
2545
10655
12822
10311
4951
4263
4183
9185
2703
12023
5956
6523
3184
2894
312
10991
4287
7585
9729
11438
8807
2050
4230
6456
1112
8189
10150
1977
648
10441
11598
3153
10018
3348
11308
1164
1031
11927
11594
7623
4868
7276
3451
8796
6599
12786
4597
1425
1998
5059
12009
4456
11818
1480
5930
7807
8417
10599
12343
10690
8907
3623
6002
7170
842
1339
8320
10927
6825
7390
11658
622
2363
9962
6961
1760
2857
4919
2722
2396
8253
8233
11475
1080
7376
2893
10251
7481
7097
8769
6623
12008
3619
7747
5517
6115
7231
964
12758
8585
4335
11428
7369
9170
6075
6525
12167
8038
9209
3727
3472
3269
5632
11452
1399
7006
3286
3290
2028
123
1541
7152
7072
7394
12923
9048
10433
4776
6125
3523
120
8790
4784
9016
10380
1932
3385
6804
9264
2941
5090
11946
10758
12183
8344
1873
11434
11606
5688
7576
2990
6835
1860
2938
8058
1531
8780
9042
476
11344
573
4056
4131
10656
8652
1741
12224
807
11587
7153
9802
1250
10269
1632
4853
711
6947
4565
3820
12395
4481
1570
1335
12770
8311
9931
9969
3790
11272
58
6953
3027
7506
1126
5857
2242
2795
10418
9459
9923
1563
9380
6078
4920
5471
3493
8953
2223
10445
5625
11527
4766
2897
962
11852
3029
5754
8525
2781
5775
7533
6387
8763
2911
5078
6744
1683
10685
9398
4783
12123
1677
5282
7718
10069
9618
4505
11732
10040
10708
210
3538
11706
6077
9999
8401
6132
11877
5331
3636
5818
9529
1061
12197
1359
1960
7963
2680
2093
10631
6958
1980
11495
3501
8724
8464
10674
155
12493
6288
7445
11259
9599
11240
12096
6308
3014
10273
6265
972
4480
5943
7740
6275
1039
12940
2472
10472
5758
7946
2404
5086
853
1962
3254
2850
7734
1002
6645
4654
6336
1317
3122
7405
9071
2387
10562
12317
3886
11572
8131
7033
2319
8941
5422
3988
7401
7684
5640
10520
67
6829
11051
12205
10611
74
8687
5902
12779
5900
5716
1881
5908
8639
9676
9200
4296
6462
5679
11320
9922
9452
4892
9891
5590
12156
2684
3035
8429
8537
3204
6087
4265
1070
6419
6963
2145
11379
10045
4079
48
8082
9494
11645
1963
997
918
1990
8267
9038
11634
8022
4787
7507
5083
1075
4430
9696
804
7638
12448
12464
4837
877
2788
11676
118
5634
7964
11800
5259
11217
3460
5628
1646
9803
8503
9858
4629
1781
7192
8702
17
4942
11038
11821
8607
12498
7270
4965
11291
12323
345
9370
6707
4866
12928
915
11292
1720
3378
9212
6746
5272
3667
12392
11652
6338
4859
4012
1762
7361
11409
2690
306
735
5487
906
8424
4668
5658
716
5638
2764
8440
12044
12836
12728
12349
4961
9670
10918
1915
462
4206
2327
9862
9050
907
12204
4884
2312
12530
2986
9650
9799
937
3544
7710
10255
2800
5729
7128
8744
9488
966
3707
5771
2855
6728
10857
9794
2539
11132
12253
2
11100
2966
1055
3924
12296
10157
11643
11520
615
2261
5677
3242
8834
802
4273
147
10178
11856
3997
1788
8553
10312
3259
4879
2963
3780
1360
6241
2036
7883
1544
11482
1856
3344
3274
3845
4144
65
6676
2568
5157
12031
1967
7906
5435
413
10753
12637
9770
7071
12597
5388
11137
8203
11521
11271
6546
12220
1688
9157
2858
8520
3558
11225
6795
5275
2475
8314
3937
10539
3744
2487
10287
6064
3855
12071
7483
26
2004
11765
2670
1409
1666
3105
1005
6782
12776
1001
4439
4997
9699
309
2008
4434
8481
4496
7175
12955
501
9241
1724
5756
1640
513
314
1681
10192
5290
11238
12736
3215
12813
7970
6436
2140
4212
12670
12532
3249
4242
12996
3972
12713
2905
3748
11708
787
9147
3059
7243
384
5321
11351
3680
5643
10641
11780
10007
10525
832
8689
1495
9091
10062
10039
10742
4741
11098
1668
9274
6551
1034
769
4514
12722
3689
3388
8711
1776
5694
6303
422
7135
663
10891
6609
2072
12041
9977
9608
8185
1713
3357
680
8692
2902
8070
3361
12843
2428
8220
3960
2309
2648
7492
6360
9008
6068
11408
1736
12104
11529
8000
5144
9411
6807
1575
12662
8747
1427
2429
5757
3424
3866
7887
5328
11083
3223
753
307
1938
2468
8969
8451
11326
9600
1715
5588
4093
9439
4224
7329
64
7928
6913
12691
9553
1100
2672
9261
6585
6583
2220
11619
6917
305
6439
12561
5839
1722
11817
10165
10953
9899
7409
3767
12451
3641
3372
5159
8162
11742
9585
11340
5297
2574
11384
7438
2774
221
6849
6572
6698
8119
5390
909
1910
2205
5983
2002
7422
7698
11433
3253
12226
2421
10885
5240
1470
1517
12192
5807
11019
4608
6183
1733
6440
4194
6648
6004
10530
11441
10849
6058
1008
6903
5351
6770
6455
11721
2961
5934
12164
12438
4882
5929
8962
10123
11646
2839
6765
4337
10805
11962
10298
11052
4744
12900
3116
2759
12575
6915
1598
9172
12344
2775
9916
3821
3785
12894
2704
12458
9115
62
9895
10325
5635
10747
4118
9054
12269
458
3670
4735
1419
8929
7237
2166
8466
344
10723
12686
881
4371
1772
6199
3423
5399
9316
5311
689
7275
5616
2871
2509
3267
7025
9317
9813
12963
3650
237
12801
12859
8521
4007
11332
8286
6114
11030
9964
1949
6817
6343
3729
5608
11200
11583
1330
4449
11912
3117
4134
12259
33
7075
6373
2604
9749
10497
7450
4378
4312
10600
8419
410
1665
6152
5547
6637
3565
1863
4569
2925
436
8758
985
9797
6117
3036
47
8457
3107
12850
12083
1961
218
2201
11171
9594
991
9597
3135
10629
138
8325
1805
12677
12024
181
2340
3750
12199
2108
11090
12983
12125
2495
5031
7290
4700
8781
6223
1193
9092
10078
5838
11859
6888
12256
12362
9462
4167
8475
7804
6413
11840
12643
1909
2035
6992
7566
6137
2823
1262
11335
10361
178
4078
2969
6628
10616
10861
2091
3461
5538
6248
10943
876
4874
10399
6188
2609
9560
4774
9939
4921
11951
5505
12118
12734
5655
10890
2880
10118
11159
5554
4710
6636
9193
1542
2158
10648
4801
12667
4632
5202
3676
11112
7564
1105
4627
11194
2974
9299
266
11447
4402
3759
10589
6139
7046
8754
7873
2422
12408
11884
2654
9229
1795
11389
1124
10671
11334
8268
9243
1812
636
11883
9872
6120
11215
4140
6945
4994
7026
7473
12173
12342
6069
2868
9796
2842
9789
7146
245
8295
5678
5350
11971
10764
2483
3935
816
5383
1843
3851
8294
7288
5619
3464
2455
2467
11589
10052
5099
6657
4272
11767
7254
1369
3804
4677
2642
10241
400
4607
9213
6160
3903
4905
6573
12232
7600
12402
10037
9637
9723
10698
2121
12621
11943
4825
2602
8172
6036
7421
11429
4912
843
10748
10581
225
12980
6316
6470
10494
12706
8386
6082
9218
5149
8597
871
1743
684
7174
2255
2585
11117
4599
7810
12377
11965
4323
3170
12422
10071
1533
9588
7284
3551
7837
12407
529
3125
4934
1217
1734
3585
7032
3553
8040
660
526
169
7226
10889
6279
6954
12196
11281
12679
3794
1711
1331
8577
11548
7536
5991
714
8306
11547
11945
4642
2075
6671
8730
5342
4459
6646
6060
9437
11738
9418
797
12488
7527
9169
4736
6819
5015
8631
9019
5065
10917
9522
1793
10734
6217
5827
2727
5011
4291
6414
8123
6666
391
2870
6816
10209
8453
12976
677
7779
8526
990
12237
5315
2522
12499
8544
10812
8682
12932
12108
11094
699
10300
674
7063
10201
8599
6999
6434
3879
5805
6761
10282
10219
2100
10778
6772
3929
9401
11330
8365
12690
4580
10682
6294
52
12206
3340
8591
9625
10755
9011
1692
7388
2392
11221
8886
6814
4645
8793
4609
143
3550
12673
5091
2193
1876
12785
6367
3295
8055
4215
5499
5967
2705
5836
11343
9219
4935
3642
12668
7042
7945
1925
8890
981
8272
3940
2780
11509
5546
1224
12910
8051
12700
6280
4163
7044
2637
5522
11595
8813
6135
851
2617
8811
12428
6714
9127
8759
2304
9567
11325
1130
3382
9960
2821
12767
2173
8869
11401
6690
10529
1669
8217
2325
811
11685
9837
2621
11008
1799
1907
4383
8369
745
2248
7439
5749
12153
5368
7395
7716
5337
1068
8327
3841
2834
1643
7851
8341
7256
8328
4345
9262
6710
11999
3805
12827
9168
2806
2046
3981
6932
7471
11993
12763
6024
9175
8868
6089
7504
6157
3696
5378
9726
12696
8155
11323
4794
8035
795
3173
9441
6067
4843
1486
3537
4138
10212
7130
10587
3015
11307
5747
9773
9424
3468
9635
5288
7607
6741
1756
8848
12313
10923
133
9335
12840
11899
7880
3747
4061
6295
2547
6264
9326
5372
4135
8976
7158
2355
3620
3710
12277
5631
11546
8999
10292
7232
10665
4538
7378
10290
11615
10438
8572
11949
5557
8714
9358
10363
11776
2498
11746
9162
6881
11000
9499
11118
6855
3220
6038
1580
11125
8917
1717
5755
8563
11909
9883
6066
8514
10756
8425
40
7165
3739
6850
12180
8994
10260
1607
2588
12304
10670
111
1056
740
9595
6621
12140
5701
4004
5257
5460
114
11620
3144
1049
9329
7792
7051
3183
2687
8812
10793
10944
6734
3796
5333
9632
1953
6989
7215
386
11559
4555
4626
12295
6610
8166
12694
5863
10915
12231
7625
8661
1894
435
11983
10128
6520
9673
4900
4956
4675
8138
478
9465
9656
826
6946
12201
2405
4785
2372
8088
10702
5845
9079
9114
2397
2147
11075
4232
8623
10348
6363
1549
3108
2446
7362
79
7382
357
5944
11255
7470
11277
8141
10207
4223
4369
973
7220
8413
1426
9337
9972
5550
11230
7830
11592
3703
4356
10210
2400
11201
8179
582
10471
1114
668
9220
2981
9029
10038
12648
12119
5972
604
1727
6312
2581
1302
11954
3546
4521
2297
9966
10228
6595
12203
3887
3786
12356
12803
2996
11359
8540
635
11845
7118
12482
2584
11024
7626
12642
8059
2851
3918
7096
4931
2415
8858
2032
12150
10966
700
7790
3028
2433
11407
5768
11972
9985
922
10145
7849
729
9082
1651
2600
6085
12875
840
12579
8752
6443
5440
8397
3976
4506
5895
3227
11937
9096
7888
10583
6498
3743
3338
6902
8955
2553
6000
11342
5107
5465
6689
4865
3647
9388
5262
5849
3060
2559
12312
9933
11657
157
8232
4422
7123
10281
7902
4670
135
9852
2810
7048
4104
9915
11581
11588
2655
7207
12872
10299
2854
5367
5740
7719
244
6037
3185
3770
1764
7233
5291
3686
9869
1417
8640
10678
8735
12538
12187
3419
3084
2416
94
8505
9708
7611
417
9870
3871
1485
11192
9978
7034
11022
1590
7993
9980
818
1261
7017
3282
12570
2102
8174
9666
5071
2247
4040
11009
7267
4775
5025
11693
3329
9849
3139
5317
1917
7674
11181
10574
1670
2290
1815
1218
517
3431
3408
708
4368
2698
11788
4841
12135
1043
12225
2513
2006
3133
12941
2426
4180
9935
9531
7930
7082
6031
2882
5385
9454
7440
12582
7999
2351
849
2331
3420
7279
2732
3442
2167
10202
5431
9963
8592
3171
2228
9024
12794
2034
9289
12117
5104
882
8810
9312
9383
4239
5369
5045
4048
2367
9198
108
854
2213
5263
1547
8300
12318
9075
10722
8487
6185
3791
11541
5514
3368
11796
8086
4005
2289
1333
10117
6619
9308
11310
8723
6988
1725
3339
1859
12139
1086
11768
8375
5734
1154
6724
7003
10663
1703
9089
10379
4832
8118
2671
7274
7413
7977
9640
6204
3861
12537
6706
12774
5691
8905
4944
12701
11740
9256
5941
11070
8240
7083
3684
4357
224
11102
3097
10432
4286
9889
5526
12006
6162
864
171
4661
5146
1204
8071
2796
6011
2313
8478
1958
12241
295
2831
793
11381
10878
7648
3078
6438
5183
1253
7285
4504
12255
3532
10729
10343
7822
12076
515
10743
2753
9473
12689
11500
3608
1159
2809
12873
1446
1372
9941
8313
10604
6318
9032
11786
11233
4561
5859
5307
6255
12188
7291
2614
7092
3625
5459
1203
10653
800
431
7554
4479
379
12466
4221
6524
3548
7627
9609
5376
4210
3447
8580
12353
9023
4585
1135
11127
6680
10444
11574
7467
2368
5501
6769
9720
7949
9391
6550
2447
6159
1487
11839
4030
9043
175
5872
3614
772
281
1954
2846
2693
5283
10845
10657
970
8584
8229
5403
7354
11896
6871
3434
2798
5932
12159
10619
2733
7155
1138
12772
4198
9173
7745
9998
3322
3913
9620
12743
5050
4390
8949
3328
9382
896
1221
194
12249
2660
3605
8442
19
6458
4066
11991
1505
4277
2976
1121
12967
4901
10405
7235
8637
10817
3920
12997
3181
11879
5127
730
11885
3788
2548
610
1120
6118
4877
8851
4043
5534
10354
616
3758
4549
8566
7762
5611
5652
191
2710
8616
1944
2172
238
9647
5476
8456
1620
1790
3010
7241
3412
235
7461
5906
12909
329
5102
12383
5485
1389
3263
5728
8396
11915
11421
9126
3959
2692
5318
7323
12515
8281
5817
11809
3643
11757
7750
10185
11138
12977
2311
4777
7586
8385
7353
5777
534
5032
8047
11668
3736
8484
6065
11870
12284
9070
12319
4094
1468
207
6491
7443
7635
10848
9189
12260
9217
1956
3588
9864
1536
7111
6051
10110
8010
931
2599
7729
5698
8564
11508
12569
9306
4125
36
5111
2391
3394
5428
7311
6487
8085
6399
2423
2169
1945
7115
9340
11734
11236
4507
1258
11336
989
11121
5907
6213
8301
339
7204
7280
1191
4662
12562
4428
8775
2892
3778
8958
283
763
7433
1132
4154
3807
5977
11113
5795
3161
10795
4819
8140
8528
9612
8644
2347
4541
3894
6557
7272
6839
2125
9097
12823
7523
322
2853
10247
8450
11917
7869
1611
5633
5564
11901
4050
10514
3435
511
11639
2556
7868
6009
12029
10197
6364
288
8915
9817
4099
3594
10834
4355
733
10719
7915
8817
3042
11413
289
8084
1259
7359
12051
4249
8427
5356
8931
5671
8831
4137
7322
6368
6150
10538
1355
319
7775
7605
943
124
3245
9021
7211
11876
1809
4714
2444
7723
6236
9798
373
8197
2353
8608
6541
8121
10884
10941
6885
8491
5937
5621
12650
12445
2144
7242
977
3318
3658
6927
8989
1784
63
10416
7835
8494
6425
3800
7265
4872
2514
3678
2852
467
12114
710
8731
3301
11010
9564
1834
4051
11950
6281
4031
258
12028
6492
6843
6385
8411
508
9733
9460
1492
10335
2338
12518
1789
9692
3100
8318
2620
12558
3889
2531
12186
12623
946
10090
2769
6429
12421
7014
1576
415
9240
6606
10393
2080
8635
11651
9725
5016
5898
9602
766
1923
4520
3669
4049
5708
10171
1564
326
4715
1660
5217
2526
7642
3111
6502
12651
3149
6944
12730
8039
3847
2153
5329
6687
228
1283
4972
3657
538
3089
10937
1920
8943
10688
6056
8292
7039
10224
8212
11816
4407
11681
9938
11819
4177
321
6616
9355
3784
2275
6762
10959
8391
8200
5301
7080
11720
761
12273
10608
2181
3947
9677
10476
6121
3337
8965
2863
392
12862
10070
9435
10159
4133
6545
12503
4121
4563
10578
9778
3229
5964
1648
9748
10601
2364
11130
6147
994
12753
9025
12998
10505
2778
6406
6271
10815
3088
2097
11838
6044
8404
11202
9740
4625
5885
5124
9293
5281
7659
8803
12367
12487
430
9611
4188
5591
3119
11085
12769
7187
9929
12292
59
11981
2301
1321
7021
5806
5105
4628
7697
5720
1407
8037
1676
7850
2716
6226
8180
12441
4275
6941
5598
1771
717
12380
7031
4226
8480
4808
10887
270
6210
6630
12729
3876
6909
12230
9565
12593
10419
590
8670
6579
12474
5211
3863
5319
9777
3416
3404
6534
7181
12365
2445
4063
8782
5413
7548
4610
12671
10634
11928
4581
8680
5198
3595
1919
5978
3942
3772
8448
3502
8056
12305
4294
2730
4690
10621
11748
10127
12475
7342
10053
3547
6597
2833
5544
7922
2667
3938
9557
1246
8800
7463
6092
8009
1892
5230
514
2262
503
9031
2785
247
8764
8719
4461
6554
6705
2750
11948
3687
12387
6427
713
8893
6509
4363
4062
6444
4674
8101
12239
7012
7912
10384
3297
11136
8113
7360
9367
12263
12982
9671
2786
12716
5009
11759
7085
3572
8260
12157
712
9387
4826
6232
8932
1523
8186
11170
10510
1773
1770
2865
9489
1385
10091
6756
721
10436
1063
9561
10186
7478
4361
5150
5790
10446
5848
7855
827
8213
3724
7038
1111
12110
7086
7143
9472
11654
4704
4702
1423
8823
3367
9187
4697
2371
954
2950
10716
2663
11553
267
5533
4932
4490
5995
398
12868
6906
6930
3079
8611
512
8587
3258
4793
7475
1982
8275
7595
371
5201
1412
11177
8395
7606
3005
847
7532
12348
12782
5999
6072
11853
1525
4083
1146
6863
8436
11080
4033
8930
4092
12585
8645
7105
2515
7343
6730
1449
12384
8957
8104
7093
9995
5520
2919
3932
5053
9034
7825
10874
1267
7398
7895
5812
6251
2890
439
9581
11246
7144
7045
2060
3335
12137
11919
12030
7503
1766
10122
9814
2427
6667
3145
9487
3609
1338
9395
2943
5085
2756
2770
4605
6669
7809
6302
93
591
7331
3993
12851
5684
2154
5947
8331
7658
5483
6512
2989
9148
10434
7189
6169
6857
1573
3597
5244
10798
5799
2132
11390
8919
5498
3489
8824
10238
4303
142
4809
1543
1679
11489
10697
9004
8359
9538
10677
11149
8248
11446
9065
7696
12494
9955
4041
5310
5161
10786
11522
7468
3837
8862
7150
8721
11775
8490
6878
4165
4067
6170
7213
12950
1502
7488
9590
4046
1460
8586
2111
9631
2149
10636
11103
1571
9474
9423
7570
2431
7216
8912
3091
1364
7460
10073
1265
11411
8897
11175
4937
11107
5334
1136
7029
11849
7656
9244
6376
12652
5461
8500
3462
5163
9171
6
5620
5101
4595
12129
8935
5014
7485
7587
5429
346
9776
12871
5258
9543
5252
7293
6823
569
9660
7227
4840
12279
4532
12042
12580
4613
9402
5212
4115
12266
1066
7979
8751
2398
6496
1609
502
5359
6540
4112
11890
3900
292
1696
967
2953
4271
5743
8770
1131
4679
9319
496
7578
311
12559
2235
6450
10782
4084
7728
6539
4266
2138
11694
10103
12470
9224
5741
9292
1082
8489
5663
7040
7313
11037
9785
9639
5722
7509
28
7184
12625
9154
405
11551
10730
1912
333
11656
8288
8048
1241
7229
9334
5980
10835
11267
10775
10612
3370
3169
8211
2348
8620
11626
7996
2538
113
12299
11750
9495
10686
10235
361
10109
8408
3965
4243
6848
4850
528
8992
7070
10568
9842
6454
3049
8143
7644
4489
8594
6168
10955
9875
9584
10050
4175
1687
7515
12927
8524
21
12511
2115
196
9568
4636
2830
2970
12723
11737
12945
11921
4584
8330
3816
2403
6296
11108
5227
9225
11163
5961
9275
11339
6171
11449
1232
254
7924
4788
9491
8998
741
5537
11751
2176
1065
10512
12609
8093
3914
259
12622
3545
4101
3586
12102
1708
2212
9768
5377
9901
12145
3336
9769
10181
1358
8028
487
9674
12908
685
1723
3801
916
12852
11193
4950
11250
9481
3158
3333
2711
6189
8981
2635
7875
6521
6571
1141
8972
6803
9044
11947
12459
389
3579
10617
7151
8289
9099
9440
7167
12588
6931
9514
3334
15
12956
2669
11191
6090
9718
1362
12780
7180
12101
11834
6229
7441
8208
8441
880
4351
6287
3021
3836
9544
1278
6842
2694
9062
6409
201
4709
11319
12571
11515
12886
3798
2356
12628
7805
4114
2643
7665
697
5850
8974
2411
6643
3904
4974
4695
12174
6253
7426
8120
2270
4495
5049
9287
9483
3102
4406
6665
1010
3569
3713
8776
8013
9968
5404
3967
5238
8739
4486
944
6071
6695
8926
8879
5602
3380
11910
2298
4089
2724
4189
1371
1206
2246
12116
1508
1213
8894
7367
2906
10284
4182
10490
7952
7874
9539
3213
1905
342
10342
7909
499
1895
8001
11036
10463
3312
12107
657
12314
2909
6124
9341
5229
10925
656
3082
11713
7774
8277
9545
7100
3766
11328
6588
3531
12388
12989
8579
8690
984
3583
5098
3733
12341
8176
593
2079
5531
6113
9447
10291
12074
7379
6164
4975
8707
11228
11556
7094
209
9146
5604
3732
549
9410
12275
1612
5899
8538
7574
11382
2818
7675
7735
428
9586
7998
3738
10808
4435
8979
2123
3844
10744
7490
7186
10154
6097
11042
1522
4906
5343
5752
2658
6206
10409
12789
416
7581
7476
12189
10373
203
9944
4111
9830
9208
8254
9892
5623
12149
11207
6396
891
11247
4255
10833
5424
11141
7670
5314
208
581
9882
1375
10267
10503
5696
505
3716
7933
12144
9928
10580
10667
216
9547
12718
4379
5182
3371
4773
141
7836
2512
8080
3065
5322
4408
6332
7501
2349
1510
9121
10321
4898
5171
2676
544
10259
2067
4391
4943
7121
11728
5518
2644
9496
1349
6039
190
2767
10415
846
3999
10500
4222
7571
7556
8087
1807
2804
332
7495
11577
8734
6459
10673
2241
5019
8053
9894
2613
9986
11967
5451
11210
7911
5766
3726
8462
3264
2783
4028
3413
6259
4573
7066
5881
11957
3570
1964
9060
11327
12805
1421
7615
2378
6062
6410
3834
7318
10047
5776
3303
774
8485
10507
6618
1946
12082
3815
5669
12891
11562
7755
6053
7783
12506
7637
12069
5810
11596
9711
11578
2292
9965
2572
9377
11918
7925
10963
7141
6777
7657
1518
8743
12345
2194
9323
3099
1341
5963
9724
6350
3576
11782
9266
9759
7720
10947
23
6167
12068
10362
11719
54
4414
4639
10866
6431
6358
5402
10142
7339
955
11216
10270
7423
3840
1334
1393
12425
7176
1466
987
9315
1479
323
139
4299
2923
545
3982
1726
4310
500
8428
6810
3864
10739
1099
10935
8392
7679
367
11249
4113
11178
387
4013
3665
1098
12619
8204
1377
8878
11473
1188
10425
243
968
11302
5760
2038
11726
5971
9433
7133
995
6844
11644
3374
12664
11187
6673
10328
6330
1752
6892
10478
3573
3113
10979
9806
6702
3700
12885
1965
10625
408
3951
7365
12881
1903
1491
7900
8709
9184
8499
8560
12612
9245
2062
7546
8384
11470
7333
6225
5233
8785
901
6519
9504
6638
41
2640
11554
9690
7517
11454
4739
8510
2239
11081
768
4513
3520
11056
3497
11412
2696
11393
8825
7672
11851
3121
9975
878
10949
9396
9419
8159
3188
84
11229
2959
8696
10638
9290
9351
71
7957
956
10096
4396
3848
12603
12222
9681
7391
1831
5034
4728
10962
7688
6246
11924
9232
12898
12088
11502
602
10623
10278
11211
6421
11311
8202
7535
8614
2832
5769
11762
4411
9967
11068
11866
1691
10296
3398
6686
369
10978
7842
10426
4339
4262
5397
12200
3255
2106
9947
6446
10790
570
3236
8433
2913
8542
6194
5666
3487
6674
6266
11823
2110
9903
2596
4103
3613
7358
8461
8667
1567
3787
2332
2840
8214
10840
3624
9707
464
3494
4157
7537
12810
10985
8358
2736
3001
11437
1661
1896
9000
5542
10988
936
12333
12991
11273
6936
343
8765
6832
5327
6054
5370
12545
6681
9546
9405
1036
9303
9017
3055
374
5568
12219
11109
7691
11160
3584
11806
6663
8377
1172
1521
10936
31
9591
1420
3008
9663
830
2650
5213
4682
10597
914
9510
5864
10374
9036
3240
2586
7937
5615
12324
404
3610
5783
8820
4348
533
2305
10120
9477
1929
12540
2146
4080
4010
8057
12581
10051
5010
10605
2824
6792
5509
3475
1295
1300
2744
8023
7596
6655
7882
5764
7004
10004
7451
1033
426
12307
3838
12386
10221
4248
949
7131
5861
4123
1415
1326
10856
4621
1104
10714
8137
1528
6886
4719
240
3589
4857
11579
5508
7264
942
7969
833
1792
9129
4032
211
7459
7373
6794
7736
8019
6948
8265
4899
11687
822
3201
482
8556
8605
7522
10977
11627
6529
1952
11929
12184
11223
10450
5733
3542
6692
4914
6701
10025
7862
12842
1152
2765
7393
6591
7087
12132
7894
11590
4090
11443
2285
1574
1254
4722
4500
9158
3166
12152
2182
7561
5909
6640
12707
9073
6547
12634
8257
4126
1739
1129
1106
4767
7667
8152
748
236
5273
7088
2776
3351
12895
592
12058
3363
10297
7500
10368
8551
4798
4685
9619
5276
9345
10411
4327
6260
5919
10336
3320
12917
7666
109
12416
1516
8156
1301
12856
3389
5114
1765
10378
4693
3226
4006
11994
10139
8130
8882
1201
3386
7784
10622
1113
11867
7117
1373
7464
6128
1127
7748
11013
5196
4171
869
3921
8089
472
12490
11415
2252
867
3439
7120
8729
1645
1101
7424
7577
112
3051
4220
9414
3948
7381
4860
5968
3974
9819
10274
2274
2666
643
3399
5075
284
6658
341
12429
2469
10414
1346
2481
2557
887
9807
6820
1835
2137
3112
9926
2983
11157
8554
10713
1260
9356
9074
1616
12267
611
6447
12555
11771
8806
1775
9783
11274
1981
8532
5320
402
5295
7714
3106
7555
9570
4085
11498
2175
5866
1422
2243
1939
9940
4330
10218
2497
1314
8305
7404
12216
11306
4968
5592
7514
4529
12793
1970
8238
3581
6441
11630
8547
3287
5089
7978
3901
905
3557
4158
11939
10523
1450
2283
6497
10084
12969
101
2791
2142
9144
6310
8853
12244
11492
5296
4278
11664
5528
8867
11329
4385
939
9753
3411
5606
2817
6808
12221
11506
11825
1461
10286
1644
9332
7134
8219
8835
1804
12745
5323
6934
9027
4088
5846
3207
242
4469
2373
5953
2993
555
1322
5081
8479
8198
12675
10757
11357
11288
7917
12620
8165
3740
10707
1874
4523
1686
2457
7831
12732
5433
4985
5349
12056
12936
12097
5384
9924
4392
7711
8740
2819
1222
12741
7320
2322
7756
10249
359
6972
1175
1847
3095
11199
4252
8437
4721
4522
1459
8725
11046
6433
2042
4261
11865
7297
1447
2302
5395
12502
7844
11861
2567
2772
6276
9215
3070
2151
12907
6106
9206
10837
1009
2611
10519
6627
11425
7349
5809
5584
6653
4995
8762
5137
1394
5891
2224
3299
8822
8548
6235
11337
7788
1507
6661
2664
12063
9855
4466
10814
7655
4560
1162
69
4492
10244
6830
9554
3175
197
3638
5552
625
1535
10027
9786
9254
6977
1059
5886
8394
11837
2085
10809
8700
3323
11245
10537
6292
9942
5647
3683
8181
7703
11894
11204
9541
798
7559
6245
5784
7686
12046
11977
3278
249
1245
3504
1629
12610
6834
11673
11842
7102
7662
8799
4471
11006
6055
4999
2956
2681
1094
8659
2303
11988
11864
6014
10528
1274
5299
1392
6743
6776
10541
8809
1924
7497
77
9951
4911
2679
4747
5887
4117
9771
1180
2135
7317
3922
4842
961
11756
959
8615
9104
11525
5565
8360
5808
6309
1732
5153
1473
4888
7065
4562
12669
10032
12286
10028
10338
521
166
7789
3601
1434
3319
5905
5251
8529
4687
11322
3243
9026
10099
1102
11352
11755
2126
2240
7769
9406
1016
5023
10492
7050
9921
4452
5455
1053
12418
5004
9936
4618
4025
8414
12731
12452
11711
1230
6311
3826
8722
445
10422
1870
7477
2268
5644
12931
2150
4574
1323
2715
10277
6034
11155
8738
759
1467
7078
3560
12999
10898
1767
9728
10306
12860
6154
183
5750
12289
1380
377
809
7991
6840
337
3174
12468
8274
9369
3927
9589
9167
168
1280
8410
5206
10075
8574
7853
3068
1833
12477
10430
12014
1263
10860
6897
6300
12697
8511
8593
4047
6130
2414
179
11485
6569
3994
9848
9309
161
6180
11613
324
5545
1444
10929
11095
6091
11278
7742
1742
11033
86
1015
7816
10521
3661
11338
725
2341
11893
819
1922
9508
12747
8210
293
4849
11218
9992
10552
9812
6727
3695
10582
220
8990
11183
9615
5347
8177
11785
2678
3345
8205
12278
9331
11959
1293
10301
3016
9898
11153
5393
5787
8832
12712
1524
5532
7054
7307
7061
8830
5232
10931
3694
383
5036
11004
1769
12590
5869
3000
331
2214
8924
10666
43
1931
6821
465
4886
7921
3432
12444
10867
9276
9228
12709
4024
9364
6404
4274
1921
3309
6203
6224
5151
7244
2360
1494
5936
5133
13008
2379
9927
10104
5954
3076
5951
9961
11383
844
612
12195
1083
2143
8829
7867
8656
3450
7324
4132
3130
4795
9736
11882
150
2601
9140
2709
4540
4244
3543
9250
12087
8342
11135
3969
10961
856
12522
7806
4567
3698
12818
6890
9616
3741
12282
5141
12749
11784
4731
11418
11602
4993
6467
8482
5781
8251
10888
12802
12045
2084
4081
6751
11629
5223
4467
7843
1202
7124
8062
5958
8496
2211
164
4254
2234
12672
4029
1951
1350
4494
5697
4329
407
5648
10391
7713
1231
6851
9434
11531
6965
794
8025
1320
11059
4579
3534
557
9832
10176
9739
5682
6503
5415
11222
11873
3433
12903
12775
9826
7704
6424
7603
12336
3607
523
742
4614
8906
5152
8447
8650
1027
10102
11065
6381
1208
8231
1819
4035
1825
8147
9150
11124
11665
11843
9098
12479
11188
2456
8315
8380
6876
2864
7965
7292
8527
6415
12564
6626
2551
8501
8036
12757
4336
10550
6093
1109
5504
4660
2237
10811
552
10588
3358
11824
6836
10382
1926
87
3194
5480
4487
7558
6098
2912
595
4297
540
3384
2170
11196
437
6344
3704
6558
10855
11593
525
2504
6041
783
9851
8877
6879
12262
10482
6739
2375
1472
7397
7336
11488
3966
2820
434
7164
2251
10455
10271
11314
3977
7589
11358
7081
2673
5718
159
399
3618
8518
10310
7414
7496
11718
9780
1783
6725
8245
7651
9868
3463
2278
3802
10116
4142
3671
8421
9061
4947
4124
474
6828
4319
613
4987
11003
4143
11026
10880
1032
1864
188
5180
8309
1837
5559
9511
10174
2525
6211
11783
4945
5814
11244
1600
10607
3593
263
7899
5600
12574
3533
3360
421
6046
4247
4913
9090
4604
11848
9493
661
8846
1656
6656
9183
10853
9087
6182
8465
8927
257
1862
6982
12412
2843
10873
10585
9333
9719
10771
5690
11542
5447
11671
9700
4810
6379
12378
688
11427
1085
11906
7127
5277
2287
10928
4257
6353
3316
1325
7639
10596
192
1432
4846
10882
8100
9738
12771
808
561
2881
5738
4218
7592
7138
1169
12091
670
4037
3853
5175
7332
275
8745
7863
1440
9407
12339
10542
98
6384
9438
8881
4904
5739
7724
4729
10591
9018
12943
9604
1557
5381
8107
10172
12112
11662
11731
355
3971
8916
9064
12742
3023
5922
9283
5702
11696
1695
9661
614
4503
9384
10111
9132
9503
2492
8045
12179
9469
2900
1603
12306
7767
8280
9353
4753
11827
8784
11363
2721
9828
10457
12301
11569
8160
5523
9605
2134
11254
6156
9751
6103
10495
10034
5052
7990
2546
9425
11614
8922
4377
9613
11770
7777
2784
5627
14
6974
5448
12756
433
4762
11528
1463
11787
969
728
11371
6252
8234
11857
3124
8946
10694
1657
8144
2922
2112
1705
8736
642
12797
57
10646
8095
4948
5
6012
1562
3437
2999
4358
7260
3128
1671
9139
1950
10324
7702
12543
8014
4245
4460
5700
6916
2265
8321
8629
8795
4375
12047
2884
587
4097
4699
5813
12411
6818
1051
432
6022
5278
12035
5375
11027
4250
7222
841
1796
965
542
4696
5925
2152
9732
8357
8302
6650
5335
7185
5982
7584
4241
5639
7646
7278
481
7001
8630
6043
10610
11069
3476
770
376
4054
3568
12177
2197
5020
3813
12954
2380
8873
3281
9873
5207
3085
11892
11674
4577
10680
11730
7780
6035
10750
8568
9399
7214
933
6141
5073
12893
10904
4446
5408
4703
6383
11444
9394
231
12136
3653
8349
4498
8285
5348
1414
8801
8370
6582
7707
3992
5601
12322
8794
9801
8896
10467
11798
5248
629
5840
10692
11459
1519
11723
9273
2452
9151
9534
4620
2286
409
6437
6133
1635
3603
6314
562
8299
2168
860
10392
12233
8565
4646
11815
2071
3022
6020
296
8508
8
8266
5543
7261
510
5516
7479
7940
10473
172
6333
2951
8270
1087
12003
7811
4187
3874
8557
1455
5468
1897
10254
4120
1044
10095
12424
11903
11700
6345
6846
4792
8678
8122
12352
8777
2917
4984
1916
11078
11610
9774
9371
10546
9698
2570
10081
7540
10564
9835
10531
6964
4848
3723
12964
6463
8598
6905
8798
4106
1824
11347
2308
8399
11386
1719
5815
10676
7508
1122
9211
10810
153
5170
8833
2789
4871
4155
2454
4594
6195
10545
412
912
119
1937
11048
1754
6174
3814
2702
12897
8726
8971
9093
12178
10726
5844
5767
2521
3674
5470
8960
3926
8078
3635
9764
5759
3314
6831
9067
600
11303
3730
291
9502
6047
233
4416
2948
9653
5903
12090
7565
12714
2393
6033
2682
6877
1678
4360
6301
6748
10997
11491
12360
8713
5417
12005
1871
8601
24
7630
11021
6228
1506
11524
5294
8133
330
4082
7437
7326
4831
10097
12739
9047
2697
765
3984
12169
9201
5038
6007
11573
9040
1572
7680
2550
9002
12533
11243
8928
4814
9745
12792
11422
8550
10710
11266
8978
1165
3510
89
10695
1228
9843
3757
5610
9270
6155
9039
6334
11966
2394
2328
7524
6709
924
6256
12124
325
4644
7752
2717
4760
8966
3852
9202
2888
3402
5312
5228
12526
3159
940
3011
9361
3270
12681
12746
8333
9890
7876
7948
2296
7530
3248
4925
9713
6950
1489
246
4923
1387
2244
10998
1376
3123
3582
8398
3963
6668
1303
11284
3271
3359
2382
403
2048
12430
11478
12064
4883
7301
8148
9247
7178
12033
7202
8239
7617
8157
11018
5452
11793
10076
8406
12293
7687
447
5512
4346
6764
42
2155
8351
9236
4638
10068
3952
7268
11758
5674
4228
8750
4314
8839
11761
3187
8581
850
1927
10319
624
5002
4711
4021
3540
6998
11440
3825
3002
2641
5931
6452
4558
9932
7712
11387
6633
3793
4582
645
5346
9907
1475
6736
5488
6131
9318
11377
2092
11086
8863
11655
10513
10229
3197
4453
1846
10843
9297
10794
9081
8555
7765
8588
1038
10768
12847
8066
5950
4635
2482
12491
10769
12865
1930
8679
2936
10732
10173
8688
3222
229
10567
12171
8332
4966
755
10190
12181
6010
3753
12556
8575
4867
5284
11558
2307
4185
11212
1042
10620
3272
8559
6299
6985
2952
4652
4014
9300
38
5992
12113
2615
11049
5683
12606
6008
5406
10696
758
8984
2737
2647
8933
7904
2595
3040
11586
11518
6377
11366
2117
4502
6566
3575
11362
2638
9178
7717
4737
1985
7255
471
2995
4570
8571
9680
5704
163
5572
3052
27
6980
8884
12699
12401
8237
4260
1144
12594
619
9757
5797
7601
12052
3355
3718
10162
9381
10317
351
10412
4963
5044
10479
4328
5357
9234
11705
749
1379
11270
2706
2758
8431
2218
1818
2575
2760
6959
88
282
9235
8284
5497
5779
1471
1395
2542
4405
12613
186
3832
11116
5586
4742
9988
694
7643
823
2603
1268
6716
1249
1501
1356
2336
137
6647
757
5527
12993
518
11855
5521
8218
7057
1689
12602
8354
3189
898
12285
8015
788
8883
1869
3751
12162
1626
12761
5062
11029
11633
9485
3763
2435
11727
586
9426
578
3053
6838
8945
8290
10801
12246
9505
6479
5576
6242
9976
12359
5140
11104
3469
4225
1638
1584
1192
5216
9344
4060
3936
7886
7499
5017
7743
10493
683
7652
1128
363
4317
395
12987
9374
9946
12414
738
11791
6362
12121
8746
2835
7190
5215
9658
6408
4807
1226
5882
11725
5819
11096
276
6854
5430
2058
10983
7861
6474
11260
10431
1706
2740
10464
6261
3066
1011
176
9255
10533
6432
12828
3721
7489
6042
427
12632
5225
10000
1803
3592
9831
7357
4691
726
11669
11570
10107
9102
12858
4174
11388
2631
8091
9269
654
8249
10745
3012
1003
7593
8951
12599
11072
9385
5042
1959
8307
6933
213
9277
9408
12835
3571
5642
5048
6775
4941
4510
8488
1315
4536
782
5237
4420
12626
6691
8891
4105
1318
4720
8158
11709
9037
16
8772
11398
3828
11073
2279
12290
3859
2432
4341
5154
9952
7166
865
10693
6144
1987
8504
6718
11126
8885
4765
6899
8287
5798
12854
3752
6526
9156
3294
9758
6208
5191
11468
8693
5877
10427
3591
7305
3756
290
6543
5222
1710
12988
5463
3212
3495
1212
8393
3846
9737
11841
1680
4916
1887
12829
1797
10112
10394
11
1424
308
3238
6283
8005
6654
5190
4429
1035
4640
9974
498
10787
3652
11822
3140
3998
9705
675
10969
10346
8263
11625
8845
6874
7829
4208
372
2714
3403
2685
6214
7731
1078
1266
12924
4397
1787
8996
2937
11301
9582
5072
9492
11378
11902
10253
4897
7486
5165
2626
775
9844
6389
1041
1735
128
1694
4708
5695
5990
11457
7856
10906
3252
1381
4730
1276
8471
2490
11982
3284
9945
3039
8855
271
3247
4960
3474
1822
9752
4172
10679
3883
6193
1704
7910
11922
8215
9431
7551
5745
9993
8222
4716
8452
4431
1852
1345
7387
9057
1820
5890
9095
7820
5066
11494
1942
8067
11940
8771
10491
8029
5536
448
9614
4457
6019
12788
9879
3178
8625
6752
786
11908
1637
5336
6175
9321
4839
12693
12784
2044
752
1348
2543
4612
1452
5458
5883
8732
8339
2793
4280
10883
12077
1690
7258
6361
6760
7206
3440
12887
12600
1515
1029
6369
4939
8463
10196
11990
1972
4410
3313
12245
320
4322
8418
11663
7384
6824
1342
1211
11675
12839
2025
10741
627
12592
12358
9368
692
3961
3983
5453
8783
11414
10083
5400
6740
957
3383
2370
6005
2939
9041
5305
5862
7845
8434
5705
4689
1454
6073
1157
8435
7951
4847
9343
4981
12151
3978
10788
3273
2668
10551
12247
4150
1845
5479
11511
4887
2231
2935
5219
3858
979
429
2652
7941
7730
4052
6993
6341
1758
2965
1456
9551
39
11164
3453
1382
11862
12647
11997
10724
8513
5744
8094
9196
7798
6505
353
12783
1178
7986
7140
4799
5469
1604
1237
1802
4074
6365
4022
12748
11795
2107
790
7245
1613
12050
10022
3235
8546
12457
4800
9301
7995
1275
4686
1227
10137
5765
631
2779
489
2932
206
1353
8192
12733
11190
2544
941
926
2589
9853
10058
53
11144
8381
3103
7708
1934
3129
1806
4806
11001
10230
11023
12391
1702
2148
7028
10822
12210
285
3018
10736
632
9668
1731
9186
3895
2184
4354
2162
9652
1090
6099
11392
5341
8961
8018
1096
10339
8322
2230
4442
5884
10161
2024
1216
449
12882
12
12726
9573
10164
1658
5607
8187
9884
4854
1737
107
11735
8353
11938
317
4347
11360
5286
9910
313
2314
11698
11213
10439
10015
12207
4954
12251
4290
7597
4763
106
7984
9756
8578
3131
3305
628
11609
1174
975
4320
5057
10003
9949
9714
1610
11261
10527
5672
4602
5770
11275
5996
3296
9359
1140
4350
12951
9466
11300
7590
10151
8407
10586
4445
12986
1850
264
6380
4678
4313
575
6729
1438
3148
6107
9112
6644
11087
2910
3246
4023
75
5344
7892
9450
11252
7257
7037
3702
9376
7602
6313
1147
477
9354
1554
2653
2879
10160
9363
12291
11659
5464
2157
5325
10632
7316
1465
9731
4650
6355
1801
4836
5279
7064
5794
7482
3208
12039
1596
3760
11691
2741
7962
3789
1911
10248
7568
11349
9246
2029
9850
78
773
6538
2748
7337
5975
9580
8279
12638
1357
12759
10565
2915
8497
927
1351
2527
3882
9948
2295
10919
10501
95
12379
6833
10899
5853
4370
8669
7201
9750
6731
5491
5942
1512
10980
60
2215
10858
6052
6590
12460
1885
5077
6911
9970
671
10227
7942
3277
10059
10
4181
10776
4617
1838
9654
1337
9346
2337
3564
9453
11346
4258
5874
12703
10237
12465
5366
11608
5174
4412
10749
2529
5103
182
10475
8372
12211
6356
1223
6442
5920
92
3225
12081
6398
6250
5018
8221
5414
10535
10910
12883
12863
7429
8617
8303
13001
11345
4527
12710
360
10907
6181
9390
12591
2320
7832
10220
11985
3198
4149
4976
3
4069
10526
9479
1374
2712
2449
2955
2076
11088
7149
10908
6570
5486
9575
559
8445
3354
4824
10592
2043
493
9476
1642
105
7253
7218
4601
10357
9767
12160
9523
6811
1448
6773
10487
1054
1239
6329
8216
10098
8757
4508
5241
1659
4669
8106
4110
6791
4648
2209
8073
9375
3496
7663
5094
9704
3806
3722
7706
10560
1866
4791
8400
11811
12902
455
3308
9320
2814
3854
5709
3890
2930
7112
2263
494
4373
8827
5580
5203
8225
8982
2979
10226
10645
6584
5597
4421
3120
5618
10763
9013
6015
7847
12261
10780
7208
10803
4136
5401
2486
20
596
10508
8706
5928
6482
1997
2476
4036
2339
8590
899
12979
11886
5541
509
2639
12968
12100
1829
1579
11539
2441
10630
12946
3524
1652
5289
8483
2872
11114
4979
6528
12172
5703
7101
2281
2940
5326
6105
12641
12080
12715
3061
11881
2389
1287
5108
8694
2532
11670
4196
5437
2114
5816
3884
2361
4018
10234
2757
9281
4929
3321
7183
7569
8506
12202
11294
11599
6617
1163
10302
7447
10870
1076
121
639
1431
4970
4643
895
3077
9456
6186
6274
10330
8660
286
4169
5574
4822
11932
1908
10548
11648
11623
2794
9839
2636
7913
1560
6914
5432
3987
5789
1435
11992
5080
1386
2459
10372
7095
9763
10972
8389
8791
9068
8970
12519
12363
11035
4694
2633
10337
3808
7795
10590
11774
8486
2101
11299
6173
3797
9537
7067
6677
10295
1593
6895
3685
2619
7956
9412
1173
468
11763
8247
12409
9214
5603
4537
9448
8171
3136
3362
7612
11989
6515
3445
10351
10894
2027
5876
5811
12695
5566
10869
8626
6925
2805
8098
7386
6754
1123
9486
10195
3306
7453
737
2571
5901
1986
7296
9500
6464
2127
4141
5134
3137
9885
9521
7890
1900
4698
11714
2975
446
5298
3454
12615
3444
8378
7751
2808
821
11753
8815
4364
7881
12026
5068
2746
6530
239
2607
2156
12252
574
5555
3020
4738
3375
10481
3857
8188
5515
1526
3819
12834
187
2023
904
12644
8950
10784
2082
9113
1482
3004
4214
2773
2583
12154
4630
9164
10453
2518
6001
3811
9847
1378
7230
5456
9118
9556
2245
12849
4588
12508
1880
5727
11331
10407
11682
4517
7195
10683
12906
10231
1527
4590
473
5575
1707
11607
1509
12992
5717
12212
665
2315
12040
12864
2273
4593
6388
2291
9623
1868
11375
10559
1292
1097
1255
2489
3764
12653
10572
900
5510
8026
7110
920
3032
3154
8366
12037
12115
5155
3896
8654
2299
743
49
451
11318
2677
1264
2208
7480
6418
535
3943
5675
10158
11161
5117
8671
1883
2280
8153
2535
11179
4598
6576
7348
12604
6477
3799
784
11744
9119
7091
10408
6123
3996
10484
1622
6923
4511
12300
11830
953
2597
3810
6757
12517
11079
9679
3057
10916
10308
9152
7772
3266
5247
2260
327
7314
2037
12453
4086
4578
950
8603
5622
2177
3037
7000
9823
4235
11523
1836
8595
4967
6935
4804
8804
10515
652
5878
8383
11503
7224
4393
12773
5987
9861
4304
3191
3910
3893
890
10266
2063
11717
11571
10662
180
8323
6561
12335
6733
9207
1251
8103
4755
4637
11315
12496
11621
9179
2573
532
10584
7142
536
7465
2883
11060
5172
2562
7958
8112
7746
2933
662
11461
9058
3331
8778
8079
1023
6939
7645
3662
8183
10215
11507
4344
4359
6806
12541
12036
6134
10547
10440
1383
9251
4707
6641
3691
1550
3007
9267
12589
12790
7800
10981
3962
9820
10942
4559
1757
5583
12472
7796
1310
5911
3731
11986
6780
2657
5436
11350
11831
12534
6555
9866
10153
10576
8006
7768
2257
9991
4665
1966
1555
7604
1229
6240
1436
2406
9950
892
1
11105
7299
6535
11064
2186
11805
1587
3160
3666
9846
2019
12473
4281
5147
6943
2083
4815
1714
10468
9689
5243
1538
4623
7027
2386
9815
90
8476
485
778
11752
1902
5100
3182
6812
9339
1618
1481
2161
6063
5239
576
6853
6649
12321
2972
9263
8683
2860
7879
4764
10314
4417
4267
2077
1298
4381
8947
6320
10725
6471
12890
10862
3483
1235
7074
9754
7973
10824
3604
10388
6537
11858
8742
9379
6298
12369
7024
5946
6607
1989
3324
11660
11911
8773
7959
7287
10398
12971
3892
10868
2284
3311
9280
7239
6749
11603
6378
9642
12553
7609
8004
8304
1901
5804
10023
10773
4781
5630
801
8821
6029
4830
6518
8146
9791
9509
7375
3230
5324
6565
2802
9470
4820
2461
5736
5001
3640
5657
5503
3352
11333
3598
551
6088
3925
2877
1252
11920
5735
1821
7944
2958
362
4400
174
2369
10265
5340
4091
8541
204
10294
4482
11017
1933
5495
9695
7306
7538
6490
7168
2192
2987
4672
2560
9195
1674
5556
4333
3200
8493
5179
10783
10876
4515
4065
2383
894
5047
11617
68
7545
7431
9775
12283
10970
4398
3768
1433
6784
1311
1402
9971
6815
1631
1497
6995
154
10066
10759
2229
7056
418
4234
2661
653
1882
11168
1324
10727
883
12403
5529
11555
12658
12665
4240
2768
1305
7076
12254
4651
11364
12461
5060
5656
1786
7399
1413
11733
664
7466
8766
10699
9675
12338
6402
2164
8259
6326
8423
10957
10496
4237
12942
11872
5371
3443
7377
1004
12435
12303
8334
11575
2749
3654
2179
11580
2049
7858
9400
5274
2207
8986
6567
4419
3946
7161
8838
7766
12649
7967
12915
7939
2942
34
8041
531
4803
3956
12257
8519
366
12198
866
11739
10603
4403
1115
3003
44
2887
10950
6976
5670
8184
5822
7193
7907
2165
746
11931
9669
11907
7826
7722
9143
5763
12605
3645
5116
6045
7154
2109
7838
7223
6340
1592
7403
6018
9291
2927
3737
9468
2424
3400
1747
2754
160
7205
817
4818
10470
7516
4478
5851
5410
3486
9342
6758
5609
1411
11232
3196
12548
11469
7726
9569
621
10180
10242
3672
10448
2118
4813
1030
12576
4862
10477
4204
12635
3522
12372
11356
1532
1088
5549
9626
8164
217
6750
9747
6533
6553
6003
12017
1118
2683
12812
2825
3530
7916
10204
11285
4437
3714
4038
227
11305
3632
5649
12841
6357
8643
522
3907
1282
5686
12698
4647
10344
8698
999
4233
4528
6285
7345
4283
7511
6960
6488
720
1197
8535
7073
9010
8686
9684
3541
117
8543
4340
7953
2264
2782
2012
5778
7919
11930
7634
1978
80
350
11941
7200
1277
8129
4353
269
7494
4276
3391
6809
8816
4071
7263
5791
4924
9033
6867
10012
2628
5285
440
6900
6847
4556
2960
7502
12878
5267
3364
5473
3192
9593
1462
11532
3024
10489
5629
5067
5957
2763
8337
6149
12512
4592
10386
3244
7217
3410
6928
6268
3390
3075
4957
834
1814
6608
6586
149
8243
11561
2886
9617
12385
952
1013
2625
11143
9810
7541
7676
11716
3919
7319
8677
10933
4147
5856
5667
12666
3151
5773
11741
9533
6328
8967
2051
11354
2413
12130
1401
5056
5187
5160
2357
3168
3755
8446
3529
5176
8069
7505
8840
12598
10013
11316
2689
7219
5028
9101
8194
12297
12329
10728
11044
12165
12456
7695
12092
5418
10377
7364
4663
6094
6339
1336
173
3365
5005
6805
7321
3823
336
4749
12925
7410
1566
10369
5871
5802
7739
7961
132
3660
1404
6197
6841
10236
8684
4484
8612
11807
2967
7009
6191
12398
12350
6411
6293
5189
3073
12055
11084
11914
5641
5614
12243
11678
8634
12326
5676
3905
3217
11933
3179
9222
1625
1940
11828
2755
131
1872
219
6587
1189
2266
2440
1081
4465
2258
8875
1116
12143
9530
4389
2253
10315
1028
3211
10355
1370
2187
3602
7681
3699
6187
7616
11419
1398
8340
7452
8422
9467
5387
10030
10074
12904
1936
253
4586
3457
11888
1975
2384
10738
11055
3134
10841
13004
2217
2918
2920
9105
11969
13010
3656
6920
7462
6145
12682
4953
9834
1530
3180
11239
9352
10879
5092
8900
9360
6873
6212
10643
1947
3190
5193
9238
550
3268
2815
1664
5058
2216
9012
4797
8065
1605
8887
2081
7434
5732
2816
13007
5256
3186
5181
7145
3779
3471
7773
3262
11241
9649
8206
5392
10184
8050
11703
8108
4372
10770
12616
396
4315
122
9566
3064
4751
3915
9743
9766
3506
4684
7582
12510
9258
601
3955
310
2011
7823
4530
7383
3377
750
12236
277
2977
9657
491
1176
12529
7419
348
2605
7352
3017
10785
11372
8621
300
12320
5605
9403
6074
6270
11097
7310
5040
2954
8230
10976
177
11269
4477
8695
2718
3777
5969
11847
12025
1840
7196
9362
4399
3875
10543
215
11370
8646
4583
103
11510
11128
4059
11176
9260
2041
252
6457
1025
1366
10054
1746
5449
9422
4692
9548
7761
12711
2078
4589
986
1271
6997
2365
12595
3933
248
6129
7277
6315
13005
3176
2030
11280
8132
6580
6986
633
2119
2766
2136
2801
682
2269
1133
5624
9558
7019
12855
10640
4432
7819
12027
11120
6612
10088
2070
9765
9482
12357
4533
6196
6926
6122
9893
1340
7059
5446
7753
198
4596
7631
3406
7801
4307
6796
11395
2723
10410
11686
7833
4002
12170
7815
10511
6416
1693
10402
9793
12218
8142
8264
10044
5896
7878
7721
7732
497
9324
3441
3063
4756
5599
7225
2844
8173
3221
2622
1778
7020
1012
3071
4673
7416
507
2856
4458
9958
9259
1020
8983
10155
8701
5313
10839
2699
9490
6306
11701
6918
3817
5280
666
4903
8195
6865
8012
8741
9863
3944
11227
11913
3038
11115
488
5940
810
3630
10036
6713
11618
2745
2288
3990
7491
12223
9059
3950
7062
8610
1091
10320
4472
3138
1968
9578
2523
814
7786
6859
5889
7598
1040
9716
9662
12070
1565
6111
4600
2362
8755
10016
8083
6423
6593
6359
7763
9328
4443
11712
11015
7562
5396
5540
2742
10659
9404
9278
1270
4015
820
10650
620
1092
6040
6721
9709
334
9706
7249
2501
7563
5664
8116
8276
7090
12876
2018
4616
11313
5726
12440
10711
2803
4539
3899
11099
5008
3428
2087
10313
2232
4885
10486
1602
10684
9744
1955
12738
8609
8792
2401
11007
2555
5391
5730
10939
4058
1751
4454
1149
6346
9006
9327
61
8898
9918
3172
12248
3118
5355
4034
2861
495
6562
3596
929
11760
3401
4631
6472
7936
12960
8458
9248
10615
9800
4179
8495
12022
9563
10498
9030
1391
3228
5214
96
8925
11205
3081
8007
7
4683
12563
11545
12086
9996
6257
11689
7344
7668
5984
11460
4011
6426
2412
3829
7259
7049
2047
5110
5646
7109
3513
4732
7030
10863
2849
2691
4869
490
11722
4017
7908
2674
6938
5637
8856
7594
5506
10029
1493
4667
6172
11367
4259
5462
9685
3058
9516
2488
1811
375
767
11679
9761
930
10216
5945
11237
50
10395
5762
10011
9366
10449
5109
5976
3511
469
7008
100
2430
12109
2388
4796
4969
2869
2903
4404
11456
9014
1067
10129
7529
10131
11467
8923
12536
6153
4633
10443
10166
5352
5693
760
8364
2686
6110
2845
12633
1145
5339
12390
4238
8134
4908
10717
5037
10009
4068
3897
8326
6484
10914
1209
8049
2982
2015
12935
756
7808
2875
7157
12176
11667
5195
5439
1712
4789
3031
11122
2402
2316
5029
8633
5966
10318
1343
884
10264
10100
4301
7898
12817
1058
8549
10194
6327
11688
4284
2537
251
9373
8167
3373
11047
976
4325
2410
2163
4076
2031
2335
1073
6273
12370
6870
5650
10902
3803
934
1477
8901
858
10089
12760
8841
1999
11405
1817
10456
6826
4229
9722
9045
1354
7162
4619
2506
7179
6872
8903
8242
5659
2045
10043
3675
3276
2541
3241
10125
2594
8324
5530
3349
4162
11874
4205
8350
2985
3104
11829
974
5731
10077
6407
3206
5892
672
9519
9804
8409
9621
8201
12544
1830
10556
1410
9987
9085
9648
2021
273
11549
6021
10984
1196
12708
9908
7534
10825
1578
10307
2561
11963
3346
3697
686
1397
5061
6284
7380
9181
10613
354
11789
5835
11814
5302
1069
9284
8583
9446
1623
9805
3414
11119
11891
4858
3839
5074
8636
5450
315
12892
11984
10141
6006
4292
7976
12531
3379
261
1248
6412
2443
8708
12678
11426
6882
2069
6221
170
10352
5135
11439
3830
9191
414
2203
8836
5186
11568
7212
796
5654
3048
4548
8963
8473
12471
12015
5088
1400
1984
4706
6574
2827
4875
1499
6231
1842
6747
6552
5033
459
837
7513
1184
4173
928
12884
9111
205
7994
11462
10595
3415
4279
7966
2001
7036
2895
7456
7567
2095
599
11692
6198
10064
3397
11854
2096
8097
2899
7897
8761
12242
3317
1546
8379
11900
11165
12888
5123
7047
9035
2934
5087
5661
1483
9153
7531
11710
11533
2991
7055
3260
8246
863
12001
199
885
7932
8477
5379
8522
584
4072
5569
9176
12062
8316
4332
7982
5131
7903
8956
7550
10049
874
12990
2646
12437
1064
5145
6732
9943
919
4769
12816
8517
3555
4863
6028
4045
1798
1329
10168
2590
185
12481
7709
7372
7983
9252
7744
3617
12814
5721
1514
1403
3291
8672
3381
3873
10854
10113
3132
10932
546
5425
5571
6215
294
8319
12373
988
7315
9824
12949
3521
3275
1125
328
9702
1484
11519
8161
7308
7700
11129
1143
11016
2094
8902
11808
12073
4388
1730
8662
6023
3514
8363
12525
12981
2901
4771
12103
4309
2377
1957
7160
4384
9979
10240
4166
5467
11304
12280
9790
4754
5492
11396
11297
1256
5332
3094
10189
10019
2645
11206
6719
2124
5821
5466
11560
1294
11868
10002
11754
8347
11005
1628
4833
1442
9305
11802
875
10558
1214
9937
6127
2438
3446
11638
8788
2485
8604
8718
12111
1943
5194
4499
3923
651
678
695
7770
8628
4019
2267
6896
11563
10420
7741
8170
3644
3939
4624
3210
1022
6560
12271
1529
7043
5246
12807
10010
10842
982
630
835
3332
12504
5184
5389
12032
8699
8081
10509
7266
2326
10920
2713
9279
11804
1641
7116
4108
736
4070
4821
11231
12238
7971
5353
4462
12978
11973
2811
3395
3422
5115
1046
7972
5316
10331
4752
12325
6664
9197
10143
4053
12846
1988
3930
10268
10990
10258
301
6894
1074
11287
12611
2141
12147
8918
4268
3216
7374
8293
9877
3552
1390
7449
10669
5923
888
6317
10061
2662
10026
11174
9310
6374
3479
3034
6596
2826
4688
12316
7870
3692
8017
11683
10903
9821
4491
11747
2634
2576
12075
1352
11486
6700
12486
3646
2552
6564
1893
11998
3559
11020
7302
9109
6967
5419
11041
1319
597
5386
4734
3507
715
8444
6631
12899
9795
12019
2725
6766
11975
8843
2009
6802
5823
8876
11039
9227
158
687
11996
7188
10993
3934
7690
2848
83
1079
506
11537
7346
3539
8345
4100
6230
12415
9607
12516
11584
2608
12480
5457
318
3452
5345
6726
3515
696
11622
7221
6080
12067
10704
1281
9134
1161
12185
650
8988
5254
7628
8651
12043
1992
2612
4656
7022
4186
10404
7929
5012
1553
3417
8352
1367
3481
7947
9860
12098
5168
1297
7727
8209
2751
2477
3484
6102
82
2876
12272
9646
6104
11591
10594
2105
5043
8169
2701
4374
3347
2629
4470
4547
2898
11778
1439
6929
6712
3708
8405
8624
7776
6883
11445
1832
10349
5427
12985
11564
8191
5653
8870
6622
9914
9350
2944
6282
6222
9552
12539
8343
5148
11296
8663
7518
5169
5138
9498
3141
5293
10152
12551
11140
11955
2354
6161
8193
457
7618
1649
5737
8980
9644
3152
4128
11025
6084
7539
4666
4298
2198
2540
2593
5292
6493
10225
6337
3315
2395
4216
11353
11653
3627
3341
5411
4170
12308
5177
6516
4509
7975
8371
3735
10945
2183
1151
9627
9122
10485
1288
7758
3353
5681
3980
7544
12636
262
2099
3631
356
2128
10193
2219
815
4087
12663
11953
9633
11158
12984
10706
5069
12012
7427
3663
11707
11650
1581
9177
11799
1021
2606
5612
11535
530
829
2866
7840
4493
11978
8507
848
4289
9076
2624
12133
200
10549
9022
5660
5645
10101
6116
4546
2569
3891
9046
6142
12396
5692
4512
10555
1171
4343
2992
12093
8139
10517
8474
6651
2708
5006
2010
5407
9909
7077
7370
6969
5824
9525
646
10975
9083
3648
12687
5582
10644
7997
7126
12912
3072
12217
2359
6875
4424
2623
6912
3885
9628
3409
8308
12011
7760
5689
2752
51
2116
8619
6422
2471
5128
9427
9302
5022
3163
3430
6629
66
8576
6258
7580
453
8150
2026
12072
7246
12560
6675
10847
5539
12920
6417
9905
3421
5725
4441
3098
10256
4300
5106
10305
1827
7069
5962
12455
4844
9930
4321
12547
12921
8904
6856
3155
5354
3325
7005
8403
12302
11695
10789
12061
7013
12209
10823
5914
6955
8842
3114
3626
2632
5742
11040
8973
7103
2533
10428
8602
1225
11464
10893
9020
11538
10250
146
3831
5904
1971
5496
11826
1167
609
2582
7147
12059
10994
3509
381
3041
1234
6478
11180
10877
2659
6862
10536
8063
9854
4288
9982
10358
1545
11779
12624
9221
9397
691
6514
11649
12366
10148
5788
5748
12911
