6963
4325
11044
3387
5147
856
3465
12959
8333
8359
6569
12650
8909
4485
1858
588
193
263
8794
1748
10583
4319
12617
253
9495
12631
12463
12898
6685
9339
12107
11208
2470
8780
12243
4680
12021
2265
4967
7956
2705
983
1687
3833
11853
2202
12944
265
11962
7822
10640
5047
10812
13002
833
7509
3621
1904
11003
5422
5366
8374
9451
1093
9416
7391
6109
11878
12962
5254
11659
10109
3986
9659
1648
7820
5001
12926
9987
3701
5747
550
7813
9093
10497
3054
12580
10384
6250
2678
5776
11765
1160
2896
8356
6275
1106
12782
3869
3973
10799
10387
10272
747
2449
25
9222
11166
9083
618
2939
6309
1759
3150
2060
4408
3703
6782
4521
7702
2898
11198
6394
6165
1307
8064
12584
370
10696
9337
2902
11863
4421
7100
6846
2479
10491
10830
1939
12143
5965
4130
10498
9189
8988
7866
4764
4053
7924
1168
9143
12476
1382
1187
249
12381
6276
2257
11162
72
9095
4554
1099
6220
5214
1631
7549
293
1986
4328
8847
5913
12572
7037
3915
607
685
2648
1385
516
4324
12351
2277
9455
2374
2366
7361
2483
9092
8597
8649
8167
11950
11745
8136
2723
7059
7679
9712
10234
4116
2513
9560
2358
3170
9633
7048
10913
6291
10839
3771
1656
9111
2907
9698
9289
5140
7434
1055
6621
11624
978
12902
5157
12630
9498
2464
11025
1210
11866
11443
6779
3921
5750
849
10302
9090
7973
2344
9599
12700
12958
9135
1884
1117
6681
9115
6065
10814
657
2774
11130
6235
11137
3061
4700
5943
9656
8059
9732
12100
8460
2239
2107
8838
8486
10909
5644
6305
7716
10761
10430
7642
1864
10495
921
13010
3485
4499
9184
1358
5861
11455
8444
11371
12837
1360
3323
7936
4632
4828
9897
7344
574
5933
4990
1205
1633
7286
3686
3347
4338
11642
10388
11138
1664
1272
10094
7761
10054
10932
11718
2350
11188
5907
10386
4119
9142
5219
5085
12919
9850
7889
11477
1949
8529
6441
12264
5042
10749
10565
4816
7036
729
2854
7872
8617
8837
8653
2590
8439
1922
6366
5304
4952
11992
949
1839
10999
1632
8836
2190
2282
2125
1476
8677
1220
6115
8429
394
5904
3105
11889
5919
872
9063
970
9401
7012
5289
11067
4600
1085
7846
12309
2252
1496
1699
12470
9733
3263
10188
1389
8652
8662
11309
1503
12207
1451
868
10316
10071
4127
12380
2437
5065
3122
6704
9741
11279
3257
1862
10129
660
10173
2524
7749
9057
7133
3711
4935
463
1497
11943
6306
824
5985
5353
12149
10186
725
12595
1828
380
254
6695
8207
7408
10227
8647
3457
10803
3492
5154
4008
11112
6409
1053
11098
1623
5385
12395
11591
7263
7460
3964
238
1916
5908
1599
12016
11374
4438
3702
9438
6164
9183
8987
5299
1363
9881
1999
5986
102
4148
4440
11055
1456
9052
1932
8664
1555
5285
7102
9106
4355
2567
4959
7030
3187
771
10622
5176
7582
2365
8915
12847
9326
8861
2270
11416
2543
9181
2254
349
6097
8658
11979
1310
7025
2998
8162
10057
8816
12587
6585
10763
7432
1080
4840
12740
11672
8138
2237
407
6974
9597
2348
4933
11628
3148
12982
8686
2428
4197
10049
12928
12183
8058
7139
9960
9703
10897
12375
5123
6792
2055
8477
2911
2926
3923
4172
6602
5049
239
2486
6462
2544
383
5883
4884
1401
7939
1469
2988
9589
10252
12417
9456
6210
5635
1453
10815
10704
5195
4713
12655
10269
2753
1955
1194
4144
5475
11264
11151
7578
8741
12459
676
6804
7008
5050
2933
10242
3364
3467
10064
10338
3775
592
7821
4332
1328
3822
2762
5014
7585
7847
11276
4478
11355
7959
9114
5381
9303
11490
1154
3562
2192
1588
1230
12471
7580
2383
5440
11033
9301
2994
9825
3724
2360
6195
1856
11597
5989
8256
3352
9914
8230
4670
8508
9971
10558
9271
2168
7554
6236
12407
6185
2003
3349
8962
8402
8742
1855
5983
212
9079
7665
851
2506
8171
11046
2183
7291
10158
5473
4645
3933
1447
6061
5960
2832
2047
1259
4940
9661
897
10330
3652
7935
7038
5265
1965
8721
526
10902
3043
8391
5046
1250
10401
9508
125
6490
3033
9672
4712
3505
8362
9316
785
11446
9061
5977
2016
4634
9082
1071
570
11942
2217
1847
7830
3559
2347
4684
9896
9044
5766
6047
13000
1118
3269
3662
11171
8878
9037
11604
9664
1650
9789
1951
589
9828
10280
11846
7867
3218
3530
6808
1019
4603
1777
9386
6161
10769
4523
11654
6217
6644
1007
6078
8262
11619
1704
1222
3829
1425
6698
1057
7771
7573
2114
4264
3116
6087
5498
12550
12534
9051
11360
5413
12710
7436
11632
12057
8710
2244
9026
2115
160
5130
2106
1514
3898
4524
12017
9933
9932
2809
2452
7110
6426
8232
9842
4703
7268
8174
7992
5087
9603
6747
4893
1002
8672
7963
1591
9361
737
9702
3032
6830
6395
4380
11646
6670
2837
5576
8883
4575
7202
4802
4856
130
9104
8642
8191
10674
3776
3862
9122
5077
2446
11523
1723
5352
3189
11781
1050
11265
11221
7228
1396
5754
2791
2490
846
378
10289
3047
12786
919
986
10650
9197
3419
1166
938
3399
7751
7993
9392
8636
1929
8791
6145
8216
5787
4125
4838
11473
9087
9204
1649
194
6404
6827
3454
1970
9696
2852
7433
4720
373
6674
5808
2811
12331
7317
8822
1223
3335
7850
9007
10697
10636
9327
12593
2921
6515
4541
10039
2276
10986
4690
12365
23
5377
10177
12360
10311
11565
5228
9417
10960
5737
9587
500
5186
1861
4987
8523
9506
104
10862
11072
416
12596
7156
2872
478
10192
7527
3087
7164
8873
9766
10843
205
1374
6243
3216
4035
10363
11152
7979
8503
2306
7235
11268
1370
4958
7035
140
12385
1988
4849
7176
11330
3149
4158
8946
260
10777
3427
295
11456
6149
11975
11996
12322
5664
1407
2673
7429
4570
8626
1841
11069
2941
1551
10100
4718
8533
10886
12854
7348
3580
5695
8918
5346
647
4278
3795
9829
7784
9388
4664
3104
883
8921
5128
4049
5345
7522
2790
7738
5502
11054
877
2098
5619
6067
4735
1619
4608
4749
11594
1044
8936
5197
10828
6166
3055
7911
3661
8618
6651
4819
3920
2189
5779
853
9641
8282
4227
4818
6129
4150
12519
6752
10180
12288
7146
7743
8418
10379
3381
10352
974
8829
10662
8538
12781
6197
10867
5011
10473
3828
6398
11681
6982
9667
432
9831
3265
5806
12229
1663
3209
6258
12538
3825
6926
6977
6101
669
4000
3720
4962
4015
10282
11729
8251
7819
10455
3235
7943
7705
7077
5581
12213
7499
6141
1973
10236
5329
11905
5483
10435
4771
12405
6589
10097
5701
3024
4579
3977
1552
4576
2974
6713
9903
1627
2448
7075
6296
7446
7844
1522
3643
1233
7018
3144
2892
163
5538
3107
12828
7309
5236
12311
9464
8559
10923
7619
2429
6082
2844
12342
9220
3288
3608
1905
10087
10610
1276
502
10313
285
12906
10985
1556
9542
8261
3315
4534
3196
241
5246
9740
7960
5235
8620
8001
9155
8639
5843
2425
10593
1435
4362
12284
5472
5511
3227
2343
9055
11185
9227
5900
8021
341
1654
2668
12176
8013
905
6380
5962
10419
1808
3550
4998
7023
564
2889
10694
11547
1930
5178
9814
5585
4701
3443
2845
2340
565
2534
6247
1693
8788
10489
12966
8860
2908
4544
7145
6494
9514
9795
8221
12693
1300
8290
4806
7829
230
2240
8455
904
2937
4820
299
5447
7859
4636
4307
9228
2251
901
3693
3773
4377
7190
9682
2394
7548
8562
10798
9507
10496
7098
10988
2319
801
9274
4861
10919
5863
423
11877
8448
3464
8518
12146
1958
9515
9265
3792
8577
11059
10078
9459
11947
2874
12483
7274
5705
11474
798
11139
9530
961
8979
474
11018
8567
11849
57
5019
7673
7296
5716
4020
1592
1562
1414
8378
9262
1336
12766
4118
3525
5169
12875
935
2756
6040
9729
10950
1758
12896
4501
3814
5134
9140
1646
2427
8843
7838
3970
1587
1215
5319
1573
10845
3972
9905
2536
6687
4871
8420
5401
11186
1404
7378
2390
2303
7966
843
9330
408
9103
12885
71
4017
6234
5786
9679
5162
1816
3013
9721
9287
356
1000
6470
4652
7837
6727
2382
12492
7212
8841
4007
2627
4220
142
11751
8940
12136
4195
4093
11734
10606
6750
9272
2548
12450
766
6201
12128
6007
1167
1653
4948
6333
4620
3385
10140
58
8462
5625
3639
2027
6022
3099
4594
8280
8093
1766
8989
9465
287
6594
577
6299
10734
8476
3362
11833
8313
2566
9322
4224
802
3287
10631
806
6570
8348
3031
1046
3578
11386
9252
10450
2973
5953
3630
8137
8004
4400
1844
1009
5006
10422
4506
399
7920
11680
8552
5365
7791
9578
1760
8576
655
9064
11890
3700
4984
12751
3110
548
11293
4183
18
2714
1795
5357
5441
8320
4297
10171
279
8906
1898
8853
2924
6335
12643
10425
1966
1686
2985
6350
1832
2420
7919
5928
12581
10246
5775
6983
4598
3145
5772
1550
410
9888
9296
12110
12079
8699
8924
6805
7224
6312
4997
12731
11803
2990
9622
8697
5221
4825
2676
10753
99
375
972
7319
5539
1516
3971
1742
3185
2691
1234
8199
3982
11845
6716
9630
2805
5513
4615
5397
5553
11759
1984
2481
2363
11448
154
5636
12294
9349
4426
11824
3557
8488
7519
12565
717
1578
6179
6818
5742
6213
4573
601
1940
8751
3959
1690
1430
8574
12454
376
10106
4844
3877
2781
8109
4396
2660
2256
4084
9843
5845
11852
3582
6320
7528
3925
8810
7239
8311
118
6027
12416
3279
8884
5570
475
9452
8977
12979
3573
6125
11178
401
3489
6927
12383
6096
461
11519
890
6705
4498
3019
8416
9323
2339
9533
3504
12148
3870
1642
10037
10738
5212
42
9125
5432
10556
7958
2141
10467
9237
5798
11062
9683
1201
5455
8056
10800
12270
8458
10893
9225
5972
987
6909
8183
9764
1919
5940
9250
2250
1537
7507
10755
7383
1115
12666
122
2736
481
7047
4174
5679
4761
1851
3171
10721
12951
770
444
11071
9512
11083
9628
9263
5024
8253
4470
5158
3363
630
1355
11580
2724
12989
9926
12428
7971
4941
9471
9469
11554
1615
12452
10267
10700
8779
5509
9782
3138
6364
5027
6783
8148
4418
12737
5
5658
10891
2422
11927
10768
1781
11413
12969
8211
147
12501
5914
11876
11808
12188
6240
7406
5096
6339
8279
1261
7693
6077
3068
3133
8645
53
431
6788
2953
11007
10488
10327
9017
8757
8327
4106
5643
6921
3128
2999
2364
7742
2351
2838
7362
12163
1950
8845
5430
899
5282
12081
3785
4217
8705
3418
211
6809
7687
5431
5688
4905
1479
9783
3861
12221
5360
4504
1805
2900
8729
3442
10520
6890
3175
1548
1427
4455
6639
7916
596
561
3935
6968
7014
3396
878
12602
4525
6428
11194
5251
12897
5905
161
12845
9009
7234
7219
2655
1443
11006
6958
3951
9561
7050
9849
7341
3797
2315
10871
8383
2026
5220
2201
8698
8913
10841
9234
12995
571
3694
10232
6960
12191
6355
9240
5891
9604
8807
9136
3059
12392
2218
11324
1193
12241
8716
11517
591
4072
7840
11081
4564
144
3764
9529
3169
8797
9394
9772
5620
7994
3526
10240
9601
10590
485
3995
6561
7137
10835
9366
3727
3193
12469
4807
11077
6754
1750
5072
615
4704
11331
11323
6362
10415
5225
8051
10108
3178
11336
2258
2220
6556
12719
4831
4549
8614
6033
2342
3965
5175
274
11272
7195
9410
10274
7238
396
9627
2274
7262
5761
136
3468
10241
1563
6600
3968
4333
11259
538
7328
11052
5364
7290
5387
289
4865
6882
10022
10713
9389
6985
4906
557
10850
11222
6113
9521
176
4282
7054
9651
5213
11237
7307
5896
10855
9359
4887
4063
11932
12491
4522
290
11626
710
11213
6317
3956
10392
2583
10440
7750
10413
1755
1482
6000
5494
8082
6434
4932
1720
1131
7518
7524
9286
6633
8896
1566
10589
1458
3991
9396
8212
1072
10994
11332
7720
12324
4469
5703
10716
525
8259
6104
4739
5080
11420
8111
11116
10516
4812
1992
1489
9332
12988
10035
8231
673
11949
2247
6274
10199
8976
8123
9414
6791
8980
9198
7056
7292
11063
6357
12722
2718
10597
2064
5733
10720
2317
6823
3391
7914
3025
3983
2666
4352
10446
12114
6208
7928
5466
8377
7351
4775
2146
9219
11662
362
8585
8399
12889
11108
12553
931
10391
11710
9042
9179
7269
3192
2784
2944
7004
11959
10951
5846
751
2231
6098
10068
45
3353
10526
5125
11566
1684
828
9074
9753
10683
2359
3751
9081
4105
3813
5958
3044
5335
8360
3902
5568
10127
10420
4610
6393
8257
8411
4081
3752
1652
9776
5055
3868
6853
728
6863
610
4875
7261
12555
2262
7352
10355
11639
4169
7759
582
9866
1794
3003
4908
10872
10074
1942
7877
9177
2261
11630
1032
12467
1190
8178
12801
8012
5062
6260
11048
8776
670
12531
1670
12741
3803
10364
3029
6001
5391
6617
10905
8228
5390
7457
1668
12563
6566
12458
3696
12984
5477
10069
11894
3975
3555
11964
7218
5920
3547
4209
3131
3500
7496
11856
845
3163
2463
4543
5837
12888
9909
621
1709
200
3114
3855
11769
4548
7060
10203
6708
2710
9067
12769
1635
12198
4335
8724
9967
5362
2436
12045
178
3591
12996
12485
11832
3961
4312
762
6906
12216
10211
1564
1952
9313
8704
1460
7898
6502
3383
9130
11019
2816
10308
5804
10702
9217
6599
1721
3906
1301
6347
1962
4048
11722
8544
1667
10731
8047
864
6451
10599
5293
9527
4330
3091
5694
7662
9637
8389
4689
3733
11032
1934
2688
11110
11255
384
2897
12408
1813
9689
5037
10866
5876
4192
1395
11645
6023
11234
6454
8417
7414
640
2108
1812
3180
7282
5872
4923
9224
1928
3992
2494
8540
1114
6745
705
12487
11058
4859
12930
5008
5384
2883
5616
3369
10160
867
950
6005
11449
5734
9246
11467
8400
7028
7007
10949
3125
9002
8718
6110
11016
7563
1935
195
1298
2901
1944
6203
3459
11404
12652
12445
5188
6036
9511
7512
9413
6064
10760
3374
3448
3494
9639
1364
4833
4618
689
7186
2797
4395
10892
2698
12698
8887
9992
8761
6246
10304
10454
12827
5939
11505
5740
1972
5516
971
10562
455
97
11529
1581
9080
345
5796
3495
8590
11326
10722
8203
11998
9739
6828
5258
6340
12953
9779
8945
12707
10058
7442
7113
11666
4678
4334
2131
2467
2751
3683
656
662
3748
4982
9242
4748
2533
1634
2095
6015
7465
3742
10758
6952
8974
2376
5932
7443
3713
6124
1822
10771
12929
11367
9823
1995
1849
12542
3390
5489
9647
4032
5615
5885
11507
12049
6483
5923
10034
8449
6037
12557
6152
108
4864
1267
7842
5174
2435
8247
11427
6119
12627
4274
8413
5848
8992
11410
11347
8350
12924
10598
7046
7782
6864
2292
8796
6831
4450
12363
9304
5785
8102
5834
5665
1933
1837
3392
5781
4568
9348
605
12648
6346
3944
10235
2707
10649
8996
5322
237
1866
12991
1349
12466
1836
4910
6991
7817
8783
5897
6288
7448
4531
2245
7659
5532
10402
5782
5589
2171
3568
4890
6287
11778
6376
7660
12277
11428
4980
3103
781
10765
2354
429
6774
6616
696
8815
8269
2233
10153
1580
9200
7409
3960
819
6784
2658
2799
4308
6850
2764
9503
4751
2511
9373
6768
9827
1980
9834
389
5063
10259
12205
7471
3962
11143
683
6239
9747
3841
1369
4717
6123
4741
9862
4268
855
8674
3121
10124
1882
4562
11068
12367
5052
1685
12124
3082
3502
6496
10222
4805
7718
6399
5476
9839
9144
8370
5508
12673
110
5765
7539
11106
2976
5474
3513
12754
7556
8782
5323
1575
6976
3177
2946
2320
5356
6619
12758
4607
5556
4043
7193
8991
5755
6811
1268
2894
4123
11297
4766
11532
8084
7011
2104
8833
1199
8217
11686
7896
2725
1878
6664
9071
8823
9398
8357
10142
11356
9882
6537
4530
10314
3864
888
954
3796
5167
4260
7533
10004
11941
5308
5579
6308
1047
11412
10116
11834
1938
7065
2709
9815
8660
3872
6048
5869
7039
937
11341
10445
3684
12566
7970
10385
8656
1436
5035
5639
6072
1672
167
11813
4277
8579
6294
2328
10643
6457
3291
6262
9564
6062
9307
11985
936
7978
3050
2739
3789
1725
8387
8927
8864
3490
4095
5704
8379
9466
8312
10533
5748
11820
6649
1518
10310
8745
2929
6881
3642
1236
3689
4545
1923
4412
1743
470
12157
152
6912
4723
1418
1111
7901
5191
5631
8613
11212
5163
6458
4257
5100
10623
10015
1891
4306
4817
4537
3709
5302
2362
10541
6231
1279
2881
153
9653
8616
4762
3207
232
722
8956
5877
2066
12653
1572
8811
7625
11817
9936
3849
5350
5211
3316
599
2120
12340
4078
12314
620
1611
12035
5057
4705
11133
9368
10587
480
5164
4799
834
5921
6401
11541
2767
12532
6330
2462
9885
12904
8169
5094
4428
9390
5899
11752
414
1344
9212
8156
962
556
1412
9137
12494
11779
5496
6793
12536
6249
6939
12787
9108
2530
8911
796
4926
8832
1347
10690
8719
11004
6630
5903
2012
12306
11926
12227
9257
7247
10073
7647
2847
10719
7906
6198
7925
2206
12066
6377
2223
8514
11914
6148
12879
2828
1135
8995
3062
6255
10922
4024
12694
3757
5850
10877
8289
7214
4126
2964
12386
8930
10938
9638
1731
4477
7484
12486
6887
1280
3858
12131
2198
9312
398
2289
6468
331
7946
6212
10783
7175
11298
5510
12735
3692
4653
11665
6814
12244
10797
8129
4839
5275
778
3342
3292
3377
8737
5189
2052
8159
1376
6133
2877
12186
7579
1885
5815
7605
12890
4276
995
2309
6273
12851
8531
4050
8680
7531
5358
270
12460
11464
6407
12218
11300
11014
3984
7810
3826
4502
3258
12625
2975
10195
1596
11855
1876
3990
7340
271
6321
6756
1417
11050
6132
1821
7099
141
8177
2885
2059
4228
2355
11496
10344
5889
2109
2522
6088
8749
5478
10647
804
11021
1066
12474
8886
10659
6563
10987
1971
413
10851
11444
7535
5836
11649
11678
999
4323
10218
5814
7623
5492
9168
10787
4371
9636
8954
6325
5296
6068
4870
1087
1126
2253
2127
11600
7108
59
11830
12318
11696
8606
10724
5689
6400
10947
10639
11060
7000
3248
5438
10328
7655
44
6430
3560
3200
3317
4002
830
9150
189
1500
10584
11516
12123
5383
4507
6270
1577
420
7183
11164
6546
2861
3111
6495
5712
11667
2703
3708
5656
6463
7612
3811
12255
7461
1109
9431
9166
8017
5700
6557
11092
12661
7106
6902
1470
3844
12140
424
9620
9579
6392
9273
9043
9253
6421
6225
7237
1568
8752
1921
2597
4490
4888
9983
952
7444
12446
9742
7466
7150
3793
3800
4559
11086
6508
9837
1801
6081
79
7277
2356
3969
9308
11160
10176
4222
8471
12659
10970
5802
4768
5609
6389
7649
2022
2480
29
1558
7860
1804
7932
7300
6560
1542
10461
11592
4487
3787
9770
4912
12456
2238
8525
1033
6069
1140
6020
11644
12607
4565
8446
7067
6910
8520
2024
417
6193
7907
11637
1001
7243
2062
4792
3010
2875
6219
3487
8409
10635
5859
9282
10961
8472
1134
1906
4611
6961
5234
7152
6059
11748
7445
2782
2876
466
4340
8512
124
12430
5318
543
5685
1103
7342
6227
7511
5272
3470
8738
7917
12185
3718
5566
12683
7592
10312
3625
1969
8222
3286
4781
1478
5569
12161
6261
10107
10901
11226
12457
7692
2126
534
1432
8986
1485
916
1978
9053
6408
5586
4827
8825
6073
9920
5702
12313
5292
5652
8524
12712
9787
11976
11252
4413
7965
2200
539
9408
12515
4954
11631
11499
86
9243
6318
10365
5354
486
6271
11107
11521
2129
11286
7882
8566
2686
387
4434
10817
2815
10926
1773
5233
5756
9045
7385
5991
3614
8990
6313
2063
9297
11525
3098
4433
11804
2426
8563
10823
11316
7358
1325
6456
6950
10220
5504
11968
3002
923
8499
11610
12014
1350
3112
0
11720
7626
11482
5541
1113
2455
9187
5331
3664
4367
12150
613
6014
6654
12509
4917
7551
5459
344
1282
4587
2626
1351
8937
12259
3558
7541
2951
11145
4929
7042
4567
8120
5980
3603
4141
8894
6981
1853
3040
11837
1636
11564
6962
3891
6477
1441
9802
4883
2432
10319
10580
7088
4047
857
9298
11585
312
325
8583
8591
12961
7372
5129
3838
4156
11424
7755
10809
7521
1863
8122
12692
3663
10524
957
993
9930
10300
2227
5107
11805
479
10026
12441
11524
1784
7666
2069
156
6949
9937
3140
165
9499
4480
1275
1387
8509
6181
3051
6869
3584
4557
8870
476
5444
347
6787
11854
12941
1701
11697
8561
291
6177
5099
7893
8982
8000
8344
5827
6945
2793
8006
8753
6896
11766
6844
1148
9755
1361
831
3623
10853
5461
1119
2431
4481
5690
6528
9294
7772
2009
12258
3067
5240
6300
9902
8150
5200
5839
4233
6487
12785
7962
7209
12204
3807
4798
9582
12799
1838
2491
6297
6382
3453
5469
6973
11757
5083
9305
8045
9476
6838
2858
6518
4314
8885
12899
199
1700
12421
7222
1641
12031
6564
10942
139
11291
3981
704
2178
1987
316
8143
6732
3009
2004
1063
10732
8557
8302
2904
10301
1397
2888
9167
5623
8907
1359
7123
1038
1524
1083
817
6553
11167
10286
9774
12362
47
8542
3251
1082
4401
6184
4439
8422
9788
11447
7280
12361
412
9126
8121
9745
2275
12825
2195
10042
9404
5405
11240
336
6018
6415
4601
4444
261
1769
2981
9557
4574
11994
7734
8627
1776
11002
8331
9568
3784
12511
1490
3224
10689
4320
2281
8117
7400
245
9194
695
2559
13009
4666
7162
2601
12402
495
2608
7302
6183
7384
6749
8594
4064
1232
6475
12285
4746
5484
2334
6797
5778
648
12133
1107
7180
2801
1125
12047
3414
10537
5497
7983
12523
1729
2458
4965
5970
4279
1625
4535
3063
1964
8043
8106
5303
9784
9781
7259
10397
10339
117
8265
4706
12414
7588
7154
12083
6229
10278
4483
2565
9913
8457
12705
1569
3716
2453
4112
5127
4769
7420
7322
5326
11245
1098
4104
9610
3329
8938
6862
7070
2549
6536
716
8254
7937
7691
8817
11511
10414
3049
1977
2771
10567
2922
10613
11271
1197
10737
10585
7740
3398
6978
2285
5278
9545
2518
5979
12178
1724
7861
1348
6867
7988
1681
12846
7630
11712
11358
9089
5771
8854
453
1532
2615
11593
4699
4938
12667
7650
210
7346
4088
5133
3941
12612
8161
7494
1008
438
12162
4551
11436
10779
4425
10217
4637
11488
11397
10515
3080
12727
10050
7814
9548
5030
10859
7545
622
2556
988
6200
2116
8115
2775
3854
12448
9631
1177
1040
1065
918
10329
10827
3416
7208
12495
5542
1511
1121
6303
10382
5506
11103
8555
6304
4930
9550
40
8933
746
8916
9266
7891
11041
1495
9562
158
2918
8368
10733
4247
3821
2509
3249
7074
5777
12253
7875
847
7677
8010
12725
8830
5194
12033
6571
12018
1014
91
8876
10626
10752
4649
9817
3688
11479
6137
6524
5237
12533
3160
6105
3753
1754
12590
12662
7686
11568
9531
4889
7984
12637
2962
4311
2033
1799
5880
10509
5942
34
5288
12564
821
12151
8852
2674
6986
6391
7637
98
6679
8155
1116
5205
9685
4098
9800
3089
11073
4789
7468
11780
9873
8008
11437
2266
5590
9010
12618
4660
2669
2538
10478
8386
3768
5709
3810
8573
5668
10517
4302
8343
7472
7502
8536
1340
12170
12684
5929
11795
11868
9887
4745
9890
8904
774
3074
8801
1413
10669
5746
4977
11454
2589
8201
10577
7974
2545
9602
542
3488
2529
744
12510
5338
6328
4744
2864
9868
9921
9096
2630
8361
6112
4448
2388
10494
2305
4058
10624
4662
1092
2629
12797
528
11911
720
10371
119
7991
10637
6548
9973
8502
6214
2301
1025
755
2584
457
1219
8367
6379
6467
1409
8186
2731
397
7242
5788
9319
9415
1554
8511
1975
12645
7594
6545
1657
7854
5922
2663
8799
12730
2312
9852
1260
7672
1774
10128
11392
8419
7786
12219
3406
3436
3405
12181
535
1546
3220
2122
1045
5587
848
11687
6645
7374
8267
11229
9374
1846
6431
10469
4909
62
5372
6970
5800
2370
11431
7185
2086
10627
8582
9924
8971
7086
1283
3301
8612
9191
9121
82
3980
1907
8025
2133
6586
3093
10294
1892
9072
74
8947
9607
2478
12960
9056
2993
9492
6935
2053
8170
4953
634
6739
2043
11136
631
6204
12836
11567
4964
5937
4240
9675
611
2867
5009
11934
3952
12656
13003
2763
1901
9577
11993
2552
12415
12166
5105
4006
4416
6211
2371
3717
4316
1756
4085
3065
8104
11984
12237
5071
2324
1601
6541
10559
10412
11451
12203
10990
3593
134
7327
537
11559
8415
4796
4577
6079
208
11888
1616
6130
7090
4364
1005
8349
2664
12271
5177
12767
8483
9756
1895
12208
2851
8604
5305
10333
9879
1332
467
3275
10484
12048
9066
28
3441
667
3318
3213
8879
9748
6855
2728
11475
4518
9532
11469
9778
5088
2527
12437
10609
6102
2633
5760
12078
354
5124
1953
10860
12865
6135
12032
9502
9232
8643
2631
2727
6845
4596
2181
12334
12852
531
4442
10119
10522
7363
6694
7798
11301
2542
3232
12461
5580
3006
7611
3308
10692
8105
5945
2642
12377
11929
1394
9949
5591
9041
5269
5173
10194
8586
507
5803
6715
5997
9981
10322
2755
5266
10873
8065
3290
8654
10104
9487
9248
1820
6676
8128
12755
5535
11104
4145
6888
3444
9291
5578
6368
6829
7487
7508
310
1800
6206
4162
11590
109
9617
9895
8337
4348
10121
12245
1559
2130
5045
11512
7733
4757
1306
8179
2332
1840
9642
3204
5813
10080
1912
789
4571
11256
5437
1868
1105
7216
6008
7961
6453
10506
5793
1293
7101
10747
7624
8498
10421
8881
12239
8934
2818
9244
4588
10139
3732
8599
3102
8139
2468
7799
8077
1610
4553
11383
11262
3095
348
3670
3004
738
6526
7495
7775
11782
11314
5416
8527
862
11144
8184
12238
3976
3037
2680
8233
2241
11402
4824
7250
7084
11411
4142
7248
11384
8793
10471
11844
492
12089
2502
997
9472
11887
9236
5838
46
5091
8734
4409
3745
7873
3574
1823
10915
8408
12614
2155
1076
5181
3499
12916
149
10588
4731
5784
10945
761
12578
6700
10131
11958
4216
1785
7564
11602
10395
5116
4583
4558
8173
939
4065
3587
8950
3351
11625
1486
2823
1829
8052
12341
9018
7658
10056
859
10818
11700
8750
1388
9185
6293
7315
8609
2118
10956
3030
12132
909
11987
8141
10881
1561
9141
8560
838
7294
12394
7073
1442
10141
3036
4944
12880
4135
654
5517
9491
3677
7823
2914
8553
2928
11860
10997
7260
3534
8376
8619
10795
2862
7377
12027
6552
2734
10396
11239
7849
10754
1341
1806
1483
5203
4456
3346
2865
4843
7355
7217
3934
9946
11822
6738
5402
100
12760
5617
5145
6702
390
2594
6581
6176
6800
1640
4339
11243
4200
3079
11843
8249
7396
1198
5261
3741
4424
2785
2813
929
7249
5930
3798
4212
3228
11481
404
2730
10991
2406
107
418
3285
6414
6224
7254
296
3521
8125
2768
4599
4061
4039
11423
8287
3767
5284
7192
8451
2554
7614
3181
220
9735
8578
795
1073
7574
2528
7336
12289
5743
4808
8917
3191
11684
3633
3613
10680
11699
584
12615
10164
3615
5069
1621
10016
11232
12970
8078
4592
3123
3523
1006
4536
8293
2346
10974
236
1498
5971
6126
2051
688
776
7681
7809
3763
5199
10508
6544
11207
2715
7710
1367
1927
1317
7304
3830
7407
5119
4841
6549
5005
2650
8364
9804
11882
10276
10404
12332
6871
693
11485
10287
12838
11453
10210
8168
9767
1655
9420
6154
7717
3334
5398
5079
11952
11809
11381
13001
8634
12453
10275
11796
8872
1697
6583
8912
1334
4068
12573
2093
658
228
12224
8889
6543
2942
10782
4572
10805
6969
7577
4885
3451
11132
12411
4853
7827
8334
7529
11838
496
11440
12529
5915
5773
204
7147
2585
11903
12689
5789
7320
5597
2920
328
3847
3840
11317
5393
6992
11342
8942
10928
3208
201
4913
3857
425
4914
11774
2675
5795
13008
9658
2368
9978
996
11789
2413
4186
7083
10279
3958
3758
5926
6422
12923
11737
7865
7855
6436
9988
8151
3425
5744
2019
8903
6257
1626
8952
10946
10053
4886
9362
6118
12330
171
6638
1431
4466
11051
6711
3194
11919
11494
1595
2966
5654
5086
1827
12397
3837
7613
2932
11414
698
8715
5501
4986
4108
5172
10651
4269
8607
10504
10774
2167
2392
9738
3907
2938
8696
12720
9376
2525
6429
2230
12934
4756
12952
9025
3886
4452
12691
11961
959
12418
519
840
5493
11435
8467
138
9553
4760
11880
6849
3735
6215
11558
10008
11118
6839
4076
9707
8727
8754
13006
1084
6093
11339
7930
9482
11917
6776
12260
1887
4860
4373
1170
6221
5373
9497
8978
8688
5677
551
5638
568
9925
2636
3120
3479
628
1264
8372
5411
5711
8798
9708
4128
2417
2209
1352
12105
7382
4370
1159
9878
7795
9412
9358
3783
11900
580
7423
1161
5888
8085
365
10879
3255
7575
3431
3690
1877
8910
5152
9938
2061
7726
9371
567
11916
10492
9278
12054
5856
483
6505
9931
10230
10089
10501
5592
616
12571
12068
1299
8735
1502
8587
575
5745
8722
4988
5862
9028
10646
11730
6562
2421
7857
7783
9955
7778
4114
6770
330
10684
1088
11933
10675
11150
4406
5684
7617
6063
10226
1172
5693
10788
9182
9032
5210
3850
12660
7331
1058
1059
8016
441
9494
1637
10299
12973
6741
4872
763
10055
3548
11101
8638
8187
9199
8644
7633
8478
6894
6150
10972
3728
2074
4750
5081
4697
11168
12326
10111
6720
3666
103
5968
6266
2076
5663
6122
10239
643
3325
8635
2825
1464
9555
6988
10499
9023
10063
10634
11140
11577
8214
3967
4747
6466
5198
1571
11191
750
3626
9857
11898
11735
1060
4202
5714
9833
5736
8133
10673
8132
1894
10335
11430
10824
12431
2574
8661
8862
11815
9806
10161
4714
3946
989
6168
3057
6798
10739
4821
9606
6918
9367
2948
1269
4863
12505
9267
10146
10349
3772
6371
11598
8292
578
3888
6873
2090
4255
12628
8877
12676
9496
1405
4122
4702
9865
10332
2267
3238
7599
10789
8785
10638
12506
2765
7199
2949
10705
12432
6763
10531
2586
2537
10612
9047
677
5028
2570
2917
11904
5917
8347
12480
8185
8558
953
4814
2599
7044
1605
9442
11438
10184
12438
8034
2857
11393
5819
6948
2687
11763
6459
7057
9572
9751
10568
2860
9091
6369
11450
4503
8545
11912
12115
11701
6980
10858
3354
8175
2853
3233
3115
4021
10324
7021
6138
11546
177
5613
6290
7297
11223
10062
3680
11074
10245
4516
9853
6735
503
2620
10727
11551
1886
3679
10163
3985
1031
10572
8550
2982
10172
4214
1218
11470
975
730
11634
5874
6254
8286
3873
7948
9357
8692
5739
12950
2440
9777
1354
2288
12987
5297
5061
5325
9758
11965
5298
9966
275
9004
10663
10952
12153
3199
1420
9678
317
8244
7252
6820
10251
1171
4874
6427
2947
5894
4372
3926
4857
6990
12545
1782
10023
12508
1526
6766
3198
2704
1248
8848
5584
3413
422
3016
9285
10441
10977
4161
12263
2164
8532
6172
7395
4171
2628
5678
8433
1982
6517
10745
7096
1722
7794
4429
9525
297
8346
4640
12714
256
7938
1902
4659
12287
8263
157
12841
4096
5165
169
4961
2345
2286
6336
5334
2372
11983
5807
6438
4778
2456
12669
7774
6107
11636
5996
1079
1309
8147
9520
8152
9447
10512
809
10725
1408
6956
9399
9826
12052
7980
1156
7843
5671
9859
836
6051
12299
446
4149
4489
1590
12072
11389
7516
5182
980
9098
9615
1164
8671
7748
1909
7982
5882
3628
9029
355
562
4399
8303
4001
10169
4134
2377
12040
5614
4999
956
3746
11219
9749
9158
9730
4854
3606
12649
3632
6637
4011
5370
7757
2472
6989
3963
3572
9538
12343
319
8608
11131
5114
2443
3409
11901
1484
6411
6500
2702
1274
2646
3078
277
12822
7080
4993
12358
12882
12809
10277
11671
393
7459
7764
4724
7470
5954
7091
9731
4187
10620
9824
4071
9701
2602
4759
12067
2025
3038
8565
1990
2389
9673
10671
1764
2423
2492
10757
5898
8321
5881
7505
2955
3197
5533
3147
2204
6577
1062
702
586
1415
3913
10908
11377
10944
7273
7998
11861
10405
10703
5007
12552
12850
9536
7109
12522
11277
7482
6153
5944
12968
9480
10729
9841
7370
3605
1753
7055
2111
4765
6915
8490
5392
5998
9309
12900
6833
8094
7122
11693
12947
10091
346
10642
8549
7181
3219
3579
1718
9065
4728
19
5436
4253
745
5988
4904
6117
7171
3761
10250
9440
1315
440
7157
6717
2980
11608
12141
6011
6764
5499
9477
8676
12231
1179
2934
196
6345
1101
9518
3142
7415
1682
11408
8595
8993
6381
8541
11005
7542
7835
5741
11563
8526
1584
6338
7144
1638
9660
4419
682
12876
10070
5887
6923
5417
2598
2154
3307
9752
12831
8406
8850
8593
10178
6796
6311
5605
11739
2153
9995
10247
12156
223
12863
12202
3449
11172
522
11865
12807
10528
5963
9295
9670
4858
5457
7610
315
4467
6358
409
6028
9894
2531
11775
5790
5718
12579
2945
5137
6127
11582
433
7590
426
4754
2635
10863
7498
12478
6892
6595
4472
9139
434
8192
3651
11235
10869
3403
10630
3106
10347
10975
11088
4283
7976
3681
9975
6533
1028
968
1867
11182
7912
9585
5120
9743
6486
6478
2637
9805
452
11241
11113
1791
5342
11250
332
121
5906
8240
9215
10373
8029
8712
12789
2803
10939
6786
231
6209
2185
9821
5768
2814
12717
1674
1013
4099
3378
3356
2
5150
8789
7972
11508
3794
135
10561
11925
5412
6506
9504
5902
9567
6596
6360
7719
1943
4146
6835
4157
2681
10168
4542
2424
9549
10266
6009
11258
7981
8820
4784
1471
1003
1094
10969
7160
4975
793
4062
9347
12468
12116
10341
7715
3234
7475
352
6513
3945
3393
9006
6248
5274
2634
369
4569
7394
1779
11215
6650
11246
594
8466
185
12302
10547
7275
10816
2385
6066
11027
6322
9461
9380
4694
8570
8713
3566
11937
1318
6631
12174
8790
12688
6593
8198
9980
219
11328
8521
8939
3673
5000
8434
11196
1678
10844
6841
2145
11685
1645
2804
12955
8975
12541
9799
1976
11713
1854
12164
8834
9594
1292
7762
7699
3510
9000
889
875
12516
1162
3539
6286
11096
2959
5604
2671
9054
8288
4991
5518
8999
984
5982
2497
2302
8569
11616
4067
6147
10487
1874
1402
11798
12768
10175
5531
4368
11024
8706
11605
2447
12855
2882
3241
559
2706
1715
1780
4811
8431
2311
2573
6758
10695
10868
1696
7773
1270
1380
8858
12169
11364
8496
7766
7589
6375
12098
10207
4124
2268
4902
12223
10767
6728
7049
10832
12310
11111
10456
1411
11673
9485
12954
7390
1604
9573
9402
3348
7727
1603
6329
2683
10244
5359
8842
1702
3166
8283
8113
4629
7493
1096
7447
2228
7079
5216
10848
5482
11359
12821
11361
4590
10451
1612
7488
873
1865
4363
12558
3376
1761
8786
3139
7747
1530
8304
6420
6790
3298
6207
7558
5330
2393
8291
5692
5691
4648
6202
2572
6089
8100
12091
515
12384
8539
10545
6726
6899
6987
126
6775
11149
12817
4641
9333
381
12520
11811
9541
7081
8410
11908
6042
7746
12675
12127
4121
12939
1091
5217
2943
5993
7184
2817
12249
9078
8775
12744
787
12378
343
11982
8165
1481
11419
4782
11839
694
6722
7127
5974
3549
8153
4153
6190
6683
3380
11154
4605
3404
12075
527
2460
6281
8235
4685
536
11053
8038
10971
945
709
11573
7711
10834
11918
520
9970
5574
10145
759
12337
6673
9405
4829
12857
8300
3598
1679
12347
12103
7148
11348
1565
8505
4604
68
3917
10911
4625
4622
166
3158
7174
6349
7398
3842
3299
8369
9016
7440
8769
2726
12819
9769
9429
4667
3407
10281
8342
3736
7397
4238
6759
9554
9900
6075
10356
2611
5264
164
7439
12043
6171
1239
579
4894
7797
3462
4262
12813
4918
1946
9516
7417
2783
4140
1180
2656
11344
3685
7456
7506
12642
5893
1889
9958
5822
11303
7540
6386
10920
4286
6324
12997
4957
8970
11657
10085
406
5559
4420
12228
4733
9116
63
11571
1857
7945
10764
5955
10093
7836
12304
1614
4924
12559
159
11555
8581
8285
4937
2609
2696
5410
12548
1271
11583
1428
10655
9871
982
3908
4966
6611
7279
3611
5108
27
590
11986
10197
11403
2695
2795
12230
10826
1936
1249
7792
7140
3337
5363
4464
5300
2037
10735
10804
9591
3012
11627
3320
4203
66
9425
7043
7231
6334
6979
12708
1472
5729
6121
8856
10884
6879
8107
12816
5445
9912
2046
10323
1024
5738
1326
854
9984
1786
691
11127
2021
7863
4077
7879
1086
5015
38
12403
969
8572
8237
6043
1265
829
10686
6016
360
6907
12339
6076
1207
5227
5715
11576
6085
8517
3426
6865
7198
5066
12336
3835
4463
10052
8955
5526
12936
8546
6588
7163
10943
7045
5294
3020
11674
10538
1263
6282
11236
3928
6423
4042
2333
5655
48
12387
5646
2963
2748
5728
439
6265
4321
1487
3994
6367
11462
7816
9691
3853
5769
7603
9991
5645
11675
5912
8030
8068
799
3610
11352
9838
9810
12086
1437
8437
2188
2623
1792
1403
10518
5565
2905
8454
8114
638
8914
1644
8601
4351
2143
2081
6045
10036
10959
1051
3324
85
10013
9038
6678
12818
6473
8707
9209
4510
4675
6084
4384
8869
9147
9537
12905
4407
12546
1493
8092
1039
7368
5487
1423
3262
7010
681
7909
8802
3083
6388
11828
7729
10544
7997
6938
4230
10876
1747
4974
7121
5910
9341
5651
1677
3355
7903
8194
4310
4995
4674
7760
2100
8011
12824
8355
10574
4609
11401
3567
1736
26
8489
7933
2972
8669
11897
3222
5650
2496
12065
9648
7401
7639
3440
4070
4753
6877
2336
12632
9015
12424
5207
4519
2103
10726
10846
7188
9152
12835
8849
5230
12826
10948
6120
4005
4461
12679
7824
11545
7167
9725
11966
4234
10664
7119
4014
4465
9174
10973
10507
5423
8480
11230
11375
3851
4922
6527
6315
9953
777
8497
5451
5710
1022
8055
5818
6646
12678
4794
12806
105
2761
10857
6417
3480
2473
3081
5895
12977
10031
11200
9618
7552
2403
11343
1049
3831
11128
912
7246
9102
7403
3929
6302
11495
3195
3358
11334
5783
5708
11287
2466
600
12364
8020
4185
2653
8702
2789
5141
12024
1345
4852
626
3223
10955
12634
8957
8813
7112
1015
11231
4025
4780
8022
6655
11663
12964
9917
9588
1323
6230
6733
9231
5126
10553
884
7354
9068
4026
11606
1295
552
3531
12345
3282
11874
6514
222
7537
7022
11214
6519
11676
6608
2397
11515
6710
8484
5115
5938
11549
1466
3818
11292
6218
67
1089
9397
11692
910
5239
10665
5572
7803
361
1802
10436
7251
3273
7607
10018
64
12839
3312
3143
3653
2831
1521
8090
7597
5753
5369
7455
12623
6194
8144
12058
6718
5992
1871
5407
9680
1100
10418
2318
10571
1751
12709
9118
925
9353
6233
11177
9956
6854
150
9671
5794
5824
12868
8966
4643
7880
7878
2582
4462
5707
2708
11785
9180
11337
5648
1446
8958
8584
464
9575
8206
2606
12567
6697
7570
12957
9493
9539
11429
708
10594
9581
10271
6223
11442
5545
4589
8818
10967
3168
12436
10030
12577
11491
12370
3508
7826
2065
5629
8851
11266
11409
11335
1711
2958
2255
11840
2159
9153
3515
8205
3660
6675
7438
269
8728
1285
10427
9665
5981
7651
8941
2140
6406
2996
4715
5537
7076
3927
4698
5374
4232
5301
7862
10847
10270
10011
5180
9996
8821
3809
1959
757
498
3389
10807
5361
6806
2743
6914
4284
9164
12423
10633
1717
2689
8571
3996
9207
715
4152
5935
3475
7293
10934
509
12019
1454
1560
7266
10067
3629
8792
12983
5409
11280
3146
7284
1499
2616
4193
8220
8623
4381
5449
12125
9893
2693
12635
9762
4261
5577
3778
6437
6278
7737
8685
8922
131
7411
12773
5060
8495
886
6866
9556
2050
7670
2916
3856
7704
775
10000
8209
7754
12796
6606
6352
12447
4752
11750
11159
2744
9218
6159
5495
4985
12672
10115
12062
6173
8330
12233
7629
12750
9901
8277
12777
1422
11333
8264
684
2613
9094
6933
3699
6507
4012
9559
2165
10708
6893
11995
4578
10268
9409
12290
5758
5749
1208
1771
1128
11070
2729
7601
7947
10162
4182
9876
56
12697
6365
6653
10629
12316
2810
5020
3805
1165
8027
11801
524
7120
653
12283
2080
1757
366
11648
12211
4287
6372
1628
7661
8556
2035
7376
7576
460
3520
11141
10060
4075
12006
7688
2304
10712
1519
1273
10773
1433
6280
7118
12009
10376
12574
12087
7833
5183
11218
10925
8764
11553
4646
1600
1716
9030
3280
12651
12871
2935
1491
10706
9145
6810
946
8859
11935
4239
9669
10292
10937
11688
12281
9076
9786
12335
9300
12728
7910
1570
12748
7191
4038
1141
5021
93
12475
1381
8516
12554
2110
6959
7648
7848
12041
9906
2661
6071
10614
4654
8691
1671
7683
2134
1911
1527
1012
5229
3058
784
8160
7051
1133
3450
3151
9744
11930
3659
12994
6618
2136
9621
5456
70
2936
2484
733
6080
2694
9406
2848
1797
3654
5672
497
9003
6665
8931
7620
243
11204
2551
4971
2550
4094
7303
9820
3656
6719
43
10156
10523
1294
2321
1155
517
3527
11056
4305
2717
9001
8318
5268
11244
1872
6157
12420
2879
9563
11800
8482
6592
11009
6031
8048
7069
4059
2259
12500
2005
4836
8600
9077
9268
5023
6919
2555
1075
8452
4532
529
5031
699
5093
1200
11754
7182
11717
8366
12082
8200
11812
9450
2737
4939
8748
5633
12762
4709
363
2866
9962
1618
5084
767
1150
3221
9422
4832
1030
10927
12005
8089
4963
5098
8096
906
12524
2829
8633
3100
3754
3762
2965
6442
12636
12338
2142
4903
5676
7
10502
5306
6660
2132
2682
10474
9923
12144
10442
5530
11362
4028
6108
7207
10233
12812
2517
9593
11038
11939
6039
7426
12723
10831
10964
942
5389
666
3918
7728
10122
9245
10021
6162
6579
6884
5713
1994
12139
6512
5328
7890
5241
9014
4251
3028
9519
12703
2177
3276
2786
3901
5667
10273
12658
5870
1331
9363
12094
4979
10174
3184
4978
3509
11537
11622
3710
12348
12102
4517
1450
3645
8997
11503
8564
4473
3394
6666
3601
6516
12427
10321
3357
7412
7770
4454
5279
7093
2246
12860
9169
2105
10144
3253
16
1899
6405
11373
9385
11225
9928
7638
8218
2117
4154
8324
6803
9803
8180
3471
4136
10350
10423
6620
11206
2912
1391
2219
12911
9854
10248
3244
8867
2205
5344
11902
311
10514
9690
229
4804
214
8098
12981
8809
12800
6575
9441
1320
10214
1158
7134
1445
2459
5446
5193
3834
2940
8475
450
12010
6822
9205
1467
3916
4331
10306
10254
10088
11749
10125
4830
12372
12464
12090
8805
35
10802
7999
5630
10887
2082
4303
11869
11306
6054
6928
8131
9432
11679
11201
10648
6729
12002
3365
724
8243
4638
12663
11465
11011
11179
5367
8340
1377
3439
2221
9619
1903
1798
3333
11008
233
3270
12943
12848
9997
8831
5627
11028
12069
6609
9945
11538
8985
1819
11156
9013
7421
1507
7226
12993
5622
10688
7064
3295
8223
7536
7173
2072
12749
6900
3866
3446
5218
3564
576
4054
9213
8492
5146
2880
4271
3712
7776
11036
3765
6497
83
1130
4410
4476
8436
9968
6283
421
9434
4318
3202
8073
3501
8528
4943
1695
10464
9891
11080
9668
11535
1956
5999
11463
206
9613
7087
3344
1459
9059
5418
2263
11169
10776
900
5485
12399
5419
10155
12080
337
8248
8510
12561
2986
9259
7356
1691
4315
5719
9203
12820
4254
2521
5073
359
2508
8543
7136
351
4100
8575
3903
4892
963
8425
2010
145
4349
5196
12887
7523
4155
5512
6582
183
5842
9479
2618
255
10303
10581
12300
10500
3477
9
4379
5731
11153
9768
8530
4582
8963
11299
3367
11924
4248
12303
1520
4734
4556
9195
10811
5135
2579
4787
3791
9241
4292
908
4190
7197
10260
7343
9338
9490
1688
11157
11967
9049
6344
2445
3512
11353
1074
4823
11387
3899
11761
903
671
2835
12609
4359
5314
11114
2808
11886
2827
4223
3071
12932
2068
12640
2605
2287
11575
9483
4131
6019
5231
2685
1845
3719
11400
5453
6095
10463
8602
8208
5010
4493
4725
12514
10953
12780
3497
6292
1357
6559
4404
4281
3267
6824
7953
2283
786
11669
3979
3514
487
7628
11873
12196
4031
10995
2754
7721
10711
3704
11261
12129
11146
6342
3021
12629
8236
3283
555
4259
10534
3212
12409
242
9809
4810
8892
7904
9276
10345
5349
7567
7388
3056
5976
11099
4402
3519
6498
2997
1426
2526
10393
9387
7458
9861
11193
248
5263
10543
12261
6667
11618
6295
3052
5082
266
7616
10894
4626
1607
4716
2842
292
6703
6378
2298
2493
7695
12276
5283
50
10525
11273
5316
2822
2316
5683
2214
8336
8070
4430
7256
5582
2684
5867
1937
258
4515
4460
581
5817
8101
6966
8630
1081
12145
9400
6802
3237
955
3005
8603
4779
5726
7815
2488
7895
6975
5336
2402
12861
3371
8390
645
4165
5465
4992
7034
11165
8252
9216
6452
10077
6003
8015
1256
283
273
7177
6055
11274
8835
12023
2812
7765
294
9674
11134
5054
10256
687
9382
4539
2849
9860
513
11587
5257
6625
10821
3045
7245
8
7480
8134
2839
465
8535
6778
10189
4891
7024
10924
2242
8142
10645
11793
11530
7779
2560
5612
443
6301
10331
5844
12736
350
5443
11115
7467
604
8384
2338
12473
3885
3046
11756
1873
5774
2773
4226
8028
338
12088
10390
3384
2622
818
9950
5267
541
4595
3695
5805
6492
8948
714
8772
7276
5139
7369
4288
2070
3671
8063
3667
10882
6472
8651
9734
1240
1247
1439
8317
8733
7189
2284
9722
8657
8808
642
10691
12832
4710
7001
3571
4103
8404
10870
11988
3808
9325
2039
6643
4405
6597
7013
1525
2821
8338
5206
3281
10307
6993
7967
8501
9334
5092
3066
10709
1788
11910
10212
10185
3188
10748
1319
11588
8744
913
12914
7485
9344
7332
12393
11548
9632
5602
1108
9985
9994
12874
8893
2137
4360
3939
2512
7596
10667
7701
2408
2651
4343
3039
9223
12039
9119
10403
7663
7586
4655
4981
4538
9687
3860
6913
1090
1277
10833
8844
11228
12604
8363
3726
8905
9421
10608
2841
3974
10315
7646
10336
11617
6337
11705
896
10179
11368
12721
11147
2895
8325
6131
3119
3430
3698
10190
7288
11350
12925
1651
4635
9084
2871
10602
12937
8116
3843
11257
11893
313
4633
4855
7168
3721
4218
1146
4656
4265
5687
12443
6965
8373
10527
1974
3635
7514
12527
4540
5966
10658
1017
9870
2073
12619
3759
9666
2722
8019
11093
8998
7805
8659
5595
12291
8326
1915
10447
7581
12217
701
10265
2174
4159
11087
9793
4242
11851
6530
5064
6843
4488
5315
7572
2034
12122
8035
12085
9449
9989
797
1814
1010
2296
7371
11740
9840
5792
2170
7874
6052
7913
6736
11376
4529
6706
9634
6769
4668
10206
6734
11951
2520
11767
8855
3401
12810
2149
10592
5029
9940
4022
651
2006
4117
8610
3950
12319
11471
2008
1281
3397
5780
9019
11940
10411
5764
1054
329
3001
1881
7477
2225
12909
7061
10198
10009
225
1037
11792
6532
3875
5097
5226
462
12644
3859
128
8743
1735
3546
6032
61
10297
8226
4441
6439
4376
2229
12583
12272
87
1534
4101
8684
9818
4500
3420
3183
8044
5757
11899
1790
13011
2740
5603
8080
4514
12320
10958
5012
2166
4547
7289
5470
10875
5340
7205
12359
10147
512
6707
7510
11694
6440
4215
9874
2619
12479
1510
11850
5916
732
10740
12570
7941
6755
12696
12770
7694
10066
11790
7553
1112
12778
11764
7674
1035
5557
77
2489
10389
3729
835
624
3583
5003
5273
827
2770
6682
5801
9547
9501
8046
90
11711
4087
6886
1539
11318
10285
8695
10334
3565
9709
13007
12077
10200
10701
8866
8709
1448
803
773
6205
8299
3331
8746
10560
8863
1241
10996
12106
2595
11483
11732
3769
2562
12779
7669
6641
11786
2391
1029
2395
1043
4147
1683
6510
5004
5138
12404
3922
9792
12171
11791
6460
8935
12195
5950
9540
9356
8493
6111
11506
12844
12323
12739
6035
11346
9796
5770
286
9605
9939
9584
1398
11794
284
8210
1213
8773
2058
1255
11653
10808
7393
7852
5593
2373
5192
1016
5102
12126
1767
321
10196
8747
3755
7321
3186
2011
10542
7977
5109
2906
4951
4446
5260
191
11163
2042
800
12907
791
2787
12026
12121
4882
1149
7690
12489
5660
1356
8640
6464
11762
7165
8551
6370
6724
3867
12569
8479
4164
10605
1143
11807
5106
627
12624
12798
3740
7758
2836
1182
5583
3252
8197
3014
11816
4275
4895
12117
6757
869
7350
992
9626
282
2873
11398
8397
12985
2989
3896
9509
6696
2563
9880
4770
718
3544
11199
6840
12212
6587
10377
4432
5368
1888
6509
5875
1815
6574
4647
175
4044
2568
4994
8960
6094
6525
11742
12400
6354
1440
12853
7353
7128
2121
9489
9264
10090
8352
9027
545
7287
2158
6025
9830
12794
1860
22
2700
12507
9847
10238
11719
9475
1597
11572
11079
2752
1991
9773
2410
12425
7027
10215
597
12317
10530
4898
9746
1368
1662
9040
10819
4711
7026
4797
9318
9411
9210
3173
7270
7957
3569
5567
12592
9570
11043
523
3533
10448
9171
12154
31
4497
3271
2802
6004
12262
10249
672
456
8086
3865
1390
11788
1339
342
5348
6351
10931
10237
7015
5452
10791
8310
10014
10201
1639
3152
2434
6538
948
891
4719
8943
8145
3293
11970
395
641
8646
6331
5978
1424
12073
12526
2580
5548
218
382
11057
11702
707
8426
1732
10743
7257
8839
2450
1070
12933
11283
8973
9062
2438
5399
5209
7115
259
3314
10992
115
10047
5596
10225
3597
11142
4066
1139
6387
11931
8826
3876
10483
3007
9807
5295
5112
12490
12576
12274
12429
5179
792
2519
12108
2260
11603
892
9942
4687
5909
1925
1666
12280
10072
8149
1379
3304
8392
6241
3130
3874
4436
4184
2029
9430
7707
8119
403
9112
2299
11623
2716
2280
563
3034
9022
5250
4983
10468
3988
1384
7602
9686
635
1284
8708
6603
5799
11980
491
3483
9444
33
3205
5044
9517
9031
9662
4403
9448
8763
10221
3250
2032
4707
9864
8405
1068
1123
2352
3770
1703
10462
1462
7265
8414
9797
9505
11920
4581
7544
9583
8225
5332
388
3300
9763
3126
3627
7741
12193
5190
1719
8031
3634
10398
6686
3022
8306
4776
930
6857
12028
1508
8395
9336
11652
530
1173
1226
8723
7418
12805
7547
12269
5380
6746
4366
5324
7876
2893
8146
3434
7584
4606
11012
10112
12251
2184
11771
1254
5632
4451
6491
12376
5202
9611
3676
12743
1026
5840
10906
10046
1253
1852
11909
10766
6868
9684
11973
12702
6474
12346
9654
6765
2870
5561
8270
12746
8315
8803
5600
3631
8506
7450
7464
10027
5074
4037
11322
1535
7040
7739
5852
12282
10228
1609
1875
6772
4236
5148
11884
10157
1235
1221
5540
12240
814
111
3027
3261
4173
1018
10641
8453
885
2561
1796
9035
10305
9576
4509
11683
10576
10283
8238
12829
9403
5886
10399
9384
9117
11777
11736
3330
7955
9254
1192
3993
12059
3096
9437
7918
9534
3529
5056
12296
4973
7347
629
11466
11445
3134
10621
10632
4508
2013
6671
9723
12878
1444
9911
5290
12388
9623
5598
2856
8018
1392
281
9156
5892
12286
8944
8784
10829
11806
10438
11031
6012
850
5232
1506
9794
12112
4851
769
2644
4280
3428
6825
1843
2910
3496
2314
11641
4208
3556
314
3245
5864
9655
12999
4457
8294
12109
10678
2067
3747
2211
3473
11476
7149
10263
10380
5642
7159
9848
3159
9625
5245
3370
2018
5253
2792
2361
12199
7318
7453
5255
278
9771
12657
12915
2735
6026
3284
9284
6852
4194
7379
3637
7609
12451
7644
12866
11867
4681
11260
12046
5624
10940
9453
1186
8951
533
12668
10550
10493
1810
8307
4921
8806
10730
2909
1188
1833
10040
12433
2179
547
5155
7233
11422
7635
10183
9974
2826
10113
5247
9249
21
146
5355
4486
3674
2593
137
12597
9595
12222
7345
3715
3781
3725
12918
8339
3452
2769
5868
10601
3595
2859
4329
10566
11247
12426
4296
308
3084
6046
2869
2278
2652
5454
8766
754
9463
8053
3090
10529
11275
4313
3824
10099
6520
11313
7513
7631
3806
7041
5201
10619
2101
7546
9869
7486
2672
9435
10170
2454
268
10020
5312
6943
6539
10575
2400
5601
12064
7562
10652
10549
10079
5797
11472
12236
9811
7204
865
12053
2112
4555
608
7333
11569
11601
7424
6891
10618
8568
4073
6511
4686
1286
2416
5973
2476
9872
11848
3878
10343
11963
6542
4911
11836
9612
5339
4109
4786
10317
5434
10368
3340
9927
6922
8899
3075
2863
7449
6812
8507
6623
7560
5143
4947
4163
6100
3931
12252
5811
8365
3932
8319
4243
12298
3108
10682
6851
385
9819
881
3226
5075
3113
4337
5961
11396
5089
8234
2987
4110
10883
5136
10465
6175
6060
8768
4443
3590
11536
5406
12368
5599
2931
10778
7700
10898
1694
4219
12366
3542
3368
4082
3157
10539
11285
3619
14
7675
9844
9726
1778
8714
6493
10744
8057
11269
7203
5170
9097
4170
6737
2846
9790
9713
1659
11891
8720
3705
7130
8641
9812
6690
12177
2621
2495
12084
3306
4089
2457
9365
6931
12742
7211
4736
12956
10431
1452
2967
5546
11321
9883
2208
998
5994
3432
6156
6880
12297
8968
10693
11690
1835
4822
9423
6534
2979
1712
12913
5222
5618
5571
5421
12560
3481
7117
10123
9293
8039
7285
4972
8625
6134
1707
9255
8598
10546
7410
10854
823
3072
10670
11433
8335
8732
1996
2659
5090
5002
272
3463
9258
11457
794
3640
4617
10933
11921
4533
8880
1557
3895
4342
207
8994
7736
4586
603
9342
12134
4422
1831
5488
1204
469
4393
7902
783
3846
9124
8166
6041
10941
12608
7645
6479
3528
10657
11527
3341
11670
1579
726
1834
7323
632
8126
544
4213
226
3756
2077
488
2409
1343
3408
9596
179
7664
10676
2293
2078
2779
12113
8481
4630
9915
192
11197
9196
9580
10596
1710
8438
9418
3161
12589
7107
3589
9021
5682
2477
1342
813
9279
168
8295
6323
5185
6128
9468
3217
3190
4210
8683
2091
368
2750
8959
2603
2670
12462
4742
10359
11871
7172
5763
2337
3455
11370
6167
11184
2216
10243
1327
4051
11183
12055
6842
3893
3015
11181
9427
9230
1739
1538
4369
8667
2197
768
12056
10476
6499
4375
11528
264
5522
8615
2138
5934
4034
3832
985
10374
4677
12992
12686
3839
11955
12215
9907
11999
2232
6944
8554
3400
6504
7883
6590
3607
234
5524
12220
2300
5017
12980
5481
3322
10900
8081
870
3743
2956
7606
12811
11489
12585
4132
9816
11753
9085
6568
10229
3948
11180
7058
7063
3940
10051
411
2234
991
6455
12029
3620
1338
7124
11487
12556
12160
12670
2777
257
2327
12118
2349
10002
4876
7125
3744
11327
8902
9172
2738
8589
1517
4867
9875
4950
473
11017
5680
7476
1879
4845
5400
11173
6348
9899
8305
8468
4285
3466
10361
7922
3924
11758
990
9801
11971
2323
8690
5558
2023
606
7839
8725
8163
11661
9972
4244
12671
10154
2886
12862
12329
7987
12374
7032
3616
5959
7796
874
1245
8118
11338
1132
9918
808
4137
2758
6038
2160
129
10885
2381
6279
6731
1574
7951
3478
10135
3167
6901
3820
3602
3697
4151
12946
6996
12682
9700
7968
3648
2487
2788
12206
5036
7092
2313
10625
4345
2510
181
3421
4970
11325
12092
6264
4585
10
2196
12894
7062
12493
3852
2203
8274
6187
7416
540
3815
8758
8919
5681
9486
4298
6712
2083
8190
4191
11102
322
4495
10103
7503
11668
3657
8196
7230
5095
10750
5039
924
324
1069
6116
2927
12921
760
9484
10264
609
4627
6480
8961
326
11738
2830
1129
10698
11691
1630
11841
4563
6251
12687
6327
10453
2430
6316
7653
4946
8447
12020
1163
12275
468
506
1789
8965
2719
7131
5500
1244
932
10564
7196
9851
11406
7864
8675
7427
148
10400
9695
12716
9346
10383
4785
12776
1216
10536
340
1288
12267
3129
2640
8071
9608
4295
10470
4023
5698
7517
7314
10213
1237
10896
3256
7722
9614
8445
5132
1095
12654
9160
4056
3827
2367
15
10962
639
917
9433
8547
10503
11614
8358
841
10801
12042
11210
6385
12278
7469
6178
10914
5686
5964
3458
10369
3543
12975
3624
9170
4299
6656
1744
2541
12210
60
4256
12142
1793
2692
12639
7565
11217
7310
9754
7301
6446
2038
2307
5721
4250
10134
10204
7538
8227
735
7793
2638
756
12120
197
5439
1665
9131
112
5659
11492
10699
2806
12234
415
6006
2207
2742
73
5514
10340
244
11460
11842
659
10010
1416
5149
12305
2654
51
386
7643
2749
1509
8296
8700
12747
12390
6847
5984
7500
4916
9720
3124
9941
6640
748
10337
1056
10148
863
1583
686
5078
1227
9657
9919
1174
3665
10041
11405
6883
2396
1127
2172
12706
514
5460
2161
3498
11302
2017
12455
5262
3060
9592
4356
1727
8328
3723
1142
10443
5347
6936
209
585
7732
12137
8407
3411
3176
2884
2957
12412
3053
10756
2482
9663
1353
449
10762
9345
6488
10825
6714
5967
172
10921
7708
2414
3077
3819
9381
1346
2439
6449
734
10098
11957
1400
10209
6010
7789
1473
6163
8424
2820
1042
593
546
96
9697
7478
4168
10096
2604
7825
7698
12948
3085
10309
10150
4494
4447
6397
7359
9478
5670
12641
649
1589
12248
2778
3780
3845
8076
10874
1960
3706
5641
10852
1870
11281
94
8266
6889
2697
7744
2326
3714
7441
12647
9737
4907
7071
4835
5013
8097
3524
10003
1541
10482
11158
7777
11513
11493
852
6964
2891
10459
3897
7568
12594
7366
11913
10024
9473
11810
11907
5812
5204
6834
4767
7463
12413
7801
12187
11407
553
8193
11607
339
12626
3658
12802
8140
2639
1252
5879
8154
12931
12804
7807
7179
5111
12990
11550
1480
7929
2147
6277
1896
8465
12753
11989
5256
3863
11117
11650
9034
11319
1842
7481
12197
3802
4566
12869
10806
9233
3094
4790
837
994
6573
10984
5238
8032
3909
9760
12886
9311
12301
12732
7068
10348
6632
4642
6143
5371
5901
1335
6413
7097
8871
4597
4665
11544
3422
5884
4414
7066
3386
1243
5242
2187
11539
12598
2776
5276
1945
633
8473
11923
11175
6725
3957
7676
898
88
12998
4737
1183
8005
9146
12232
12373
4915
3127
3388
2720
3242
9643
3647
4388
4245
3507
4688
10954
5841
2040
1337
5503
10840
9226
3182
7428
4945
12793
7802
7634
3350
10092
7853
11879
7326
7790
11633
7053
13004
170
2236
12147
5666
11638
1543
5723
10586
6272
5871
6030
11065
2210
10486
3379
5351
12152
812
11289
1191
9705
3493
12674
1303
6403
9239
5343
6092
7858
11211
3437
5519
9646
2054
11125
3894
9467
12391
10375
12823
12344
8469
4365
7915
9957
2701
11504
5534
12562
6723
3423
2647
11534
7831
114
3343
6878
5051
1185
10654
5752
6021
3023
7788
1224
1745
12965
9715
6034
3930
12159
2899
5833
12605
6762
7244
4679
250
81
4795
9884
2028
4513
6535
5951
9785
6356
5634
11704
5464
9260
8275
1989
5382
11915
8678
7569
10966
11621
7264
4036
5310
2045
9546
12734
11311
11415
10372
1455
2291
3912
623
5448
3264
5878
2903
3231
8421
1184
9979
2890
10284
2504
6629
2222
2961
1324
11818
5528
2113
1763
11579
5142
9364
4561
1211
9020
2399
7526
8382
1914
10540
459
2475
6946
11135
10837
11351
2419
12180
9944
6672
8693
4755
11755
10856
6777
12517
9088
11773
12530
572
3345
320
7126
501
815
10437
12840
7780
5873
12606
12488
490
12076
10532
9436
3254
9165
6642
12371
1698
12942
598
12003
6402
9855
2331
5948
12646
860
6263
1848
1011
12172
9714
9964
4729
11498
11655
3782
7697
1979
8777
3649
3429
2591
10181
1021
9954
9261
11938
5673
6628
6410
11562
6905
3000
1924
5122
560
973
11552
7703
7730
2378
10439
7591
1366
10045
5730
11296
8463
9552
1449
602
1738
11023
10822
6174
12920
9952
8371
893
6139
9048
1549
9069
9073
2272
12074
11459
3999
7392
3048
12903
1242
8441
11862
1540
3734
4803
6689
3041
4102
713
6821
11715
353
10573
2094
246
1505
12690
9162
2092
9846
1787
1214
7986
1195
11883
5724
8857
1931
12434
4435
2868
4658
7598
10353
4960
10784
11013
12521
12803
12333
922
215
1533
10360
1313
4846
4773
12037
6361
5573
11304
1809
5161
7094
8812
504
4920
9694
10416
3540
2036
8281
10912
4624
11075
80
5525
2085
1077
4672
12273
4850
301
3900
186
1576
9910
9963
12353
12155
11613
9360
12547
12724
8868
12472
11990
6748
6743
7990
11723
9990
12877
8981
7240
7225
3311
9235
12808
10617
1706
8215
3092
3892
1768
9598
3246
1567
3947
8423
6744
3535
4616
11864
4252
5277
6192
3881
11797
11426
9727
7557
7019
2215
6971
10367
8519
9352
6916
6284
10677
6044
4866
3678
5949
965
12498
10668
10916
9716
12867
8099
8322
10890
12442
1585
8781
11514
2625
7680
472
12000
6049
12856
11224
4453
113
8014
9822
11497
6662
2766
697
703
3730
2995
6228
2624
6972
2699
6663
12235
9247
11522
10288
2139
10378
8605
11620
7949
10794
7491
619
7153
12070
12535
12439
6558
12616
4180
11881
4612
3328
9134
9149
4927
1893
12892
10981
3588
1258
7402
1406
7002
5468
8316
12482
2404
9127
3880
8189
6580
636
5131
3433
8202
10407
2535
2444
5543
3707
6090
11100
7931
7942
10717
7555
10710
5849
5637
3561
7334
11417
9175
764
9151
9202
5068
11310
7768
6947
4289
5287
24
10152
3641
5404
7927
9419
10785
8778
6816
4198
6858
11835
2855
6396
11288
3484
8804
1475
7899
1004
4120
5732
8824
10849
106
5717
7600
1246
8069
3594
8308
6668
8983
2794
2645
12038
6692
11049
11599
12484
9075
3438
3518
8874
1515
2733
4738
10143
2677
9692
10167
9128
11991
5271
6024
9993
3461
7311
7003
428
12611
8900
1772
8474
1501
3503
54
10888
9948
2498
6053
879
12715
6
3132
2294
3268
12582
7020
1020
10342
742
10117
1287
907
6761
5429
9522
4411
4842
9704
6895
4692
583
7950
12884
4880
11105
5341
518
1765
10133
1229
8759
10707
6874
5101
8443
4862
8271
10836
10370
4631
4708
2384
489
7723
3064
2501
7365
9645
9688
4868
1908
721
1206
4358
4179
4018
3236
10105
12927
4815
6870
7161
7604
11531
6954
10603
644
11743
7169
10481
6554
4057
11155
10895
5823
11733
1494
5657
7312
625
2662
12588
7213
1421
7129
5479
6343
5490
7089
5675
12293
7871
8819
3101
7812
12772
4878
9969
216
9544
6998
4160
3240
10017
4783
11418
4602
2057
11202
12410
9500
8401
4931
5520
664
7923
9190
10291
10842
941
13
7685
2002
11595
8341
6216
8182
5527
6908
7785
8897
1730
10591
5563
7845
3156
5309
1196
5507
12512
12733
10346
11076
2571
880
10114
10354
4207
1708
1308
11698
8297
6443
3447
4492
4651
10751
1311
12349
2308
5529
10059
4143
8427
10025
6622
8351
5426
5414
2097
5549
10742
8442
4291
494
1372
8731
4969
12726
521
2800
12790
1251
6693
12201
11707
1257
95
9889
2741
4074
12013
8054
6186
4726
6285
6522
8814
4083
4397
4387
2157
8485
5043
12192
10136
4834
933
10978
5117
5523
2295
4897
1617
2798
1985
7451
4273
7689
7587
5725
5427
920
6469
6591
3
5252
6925
6091
8396
8665
3070
6269
9551
9340
7316
1362
8042
8276
587
9513
10746
3373
6799
69
7271
6289
3989
1463
1586
7804
6238
4527
790
1624
9959
6610
6384
10208
6180
11278
9060
2461
5144
887
8260
7236
3372
4266
10786
7888
10607
7329
7474
11875
9350
12093
4968
4763
10989
11647
10065
11382
3577
7532
7404
4090
11394
6383
10555
3774
9109
11944
9798
3668
6709
5831
5153
5327
3887
5860
4628
8172
1393
6684
1203
7995
7908
7856
12225
1465
7731
6501
10258
6390
3997
6245
5320
9163
227
4695
4
6607
3332
5552
12784
3172
11831
2099
2612
4060
12250
1963
9571
484
12610
2226
9310
203
8774
12910
1333
10611
858
1178
12859
1752
12967
4346
371
6142
1231
3554
11714
8009
1660
11254
12895
1948
7308
7975
7869
3750
12011
5911
9280
10936
2415
2075
11209
3609
12130
2148
3576
9711
6614
2578
8026
9369
12167
3636
7324
5435
12849
4900
2499
5386
10899
5767
10102
2031
2569
2124
5830
8901
12830
4188
2833
7095
7832
6160
7200
5376
9206
573
7756
10864
4027
8800
11045
3294
11
3011
8515
10472
8375
4848
3118
4989
1061
10166
10793
1266
7940
1544
3517
1737
6435
740
6144
3541
9609
8650
12864
10076
4560
1386
75
12173
1305
4113
1181
6677
2249
2514
549
12327
7227
8381
8666
6794
11366
1741
12063
6819
5486
6636
10723
3738
3278
964
11203
2796
1429
4097
1714
4427
12633
458
5699
10910
5594
1378
8329
11542
9765
10424
6310
5564
4996
1262
2469
6584
9717
6813
7884
5706
7632
9335
327
10595
4801
12843
9832
12406
2516
6578
11953
1545
7103
4391
12194
5403
727
1913
12986
430
11969
4526
11205
1067
10672
12190
5025
7454
8066
7887
7622
11922
8969
12268
5450
4550
10426
12502
12354
816
8621
934
10780
11859
12001
4326
5505
2759
7241
11709
4661
5215
9929
10510
6314
1734
7335
2977
6146
1169
1468
6795
3215
6523
12044
12883
8739
11651
4196
6742
9375
5471
4178
2465
11744
8213
3302
8470
12695
6721
1811
224
2271
6669
7072
3788
11294
8534
810
3911
3691
2049
1329
12591
11561
569
7229
6169
4336
235
7422
7618
10687
10903
2269
3904
3563
612
2978
10466
10968
143
2824
11703
12544
451
12833
12308
11312
7969
927
8494
6191
493
4976
11148
6612
9998
11388
5626
1122
4730
9488
12401
9904
6196
3382
4030
12350
7671
4398
2807
7781
960
6967
2712
12756
2273
4272
7479
12499
300
3600
9383
690
2952
89
7709
10861
7082
3731
2983
9070
6433
11395
10935
9934
8432
1078
8245
674
8246
2398
1048
6341
981
8500
3955
10479
7389
12613
6826
11518
4925
2380
2969
5588
675
3018
6885
5647
6789
6817
12419
8631
11872
1290
9835
5223
7497
10326
6298
4693
1399
839
1145
3211
9281
12307
2442
10521
5941
9543
2451
4732
10865
4374
6373
10001
7206
554
2557
1316
7668
132
10582
5286
4623
10084
377
4580
10187
6635
7654
8323
3942
614
1027
6688
9965
4270
9328
445
5118
10715
1434
5058
8762
1880
173
4813
12119
10656
5166
3823
7520
6856
4721
12175
1330
10325
8393
5208
2690
3910
2610
3737
926
4301
10458
4029
7800
4016
12254
7745
10432
11480
5076
6876
6259
8689
2713
4138
7595
12729
2150
510
5379
188
6267
5858
8967
9193
4879
6353
10628
9836
3435
5720
11174
10417
8195
3239
7593
280
4206
7338
11061
8703
2711
9858
8632
5388
2186
1824
2341
5544
4621
7851
9624
5022
11320
11129
11109
1238
9105
9329
6540
2418
4009
758
7151
11084
2746
3650
8717
3954
3088
7954
8891
11176
11858
3586
11997
2041
1152
2329
11029
6604
6189
2954
12872
9699
10043
6995
12356
4199
7306
6424
1209
1302
11097
5048
30
11345
8033
12265
5041
5696
2056
3551
558
36
4484
9269
9446
3303
951
11825
1189
7462
9951
8840
5151
5857
5442
8629
822
11885
5463
6074
7905
2657
7431
8668
8024
2587
11656
532
3836
12704
12525
4382
10205
1438
9454
9780
5829
10644
11611
2539
12540
11821
7380
11706
10792
1733
9123
4019
11037
9317
5313
780
3026
5762
8108
8920
400
3890
1175
3871
7016
958
133
3086
8711
9590
5375
505
12398
11509
7752
3410
6484
8087
11015
3482
1144
4041
2971
1383
405
736
10681
5067
8412
10255
11586
8110
10741
9154
3790
9526
1321
11695
4246
12168
7405
2353
3936
4673
3305
9943
6897
6917
7615
11282
12771
6531
4221
4449
9176
8865
4205
8932
2600
9474
8060
8771
1023
8332
5947
10796
3545
6567
12036
11379
12713
2199
765
9407
1918
7258
7640
3585
4176
12051
5810
10653
4877
9916
5425
372
116
9302
2643
11520
3644
3415
11784
11126
101
2540
123
10409
711
11349
11468
9813
5168
1036
1673
10298
7657
11612
12101
7201
8023
10728
566
10616
10007
2156
12791
8456
6701
10563
12444
7272
11981
10032
11708
4309
12242
7714
2564
6760
3179
5415
5038
3884
6785
4512
12873
11956
4386
3109
3035
10604
9113
4046
8949
4080
11677
6615
52
10600
8628
3165
1869
12379
12382
6647
9395
12600
7712
9761
9229
10193
11195
1297
11363
10548
3137
11094
2575
10358
7267
1883
7881
5865
11826
3277
9426
825
4327
11242
12497
2375
8663
39
5184
6332
8403
127
940
120
3445
10457
3155
12601
10930
10132
7029
12795
9898
12575
10394
4347
10126
1647
3313
9288
10429
967
12060
1993
7052
6182
8580
2925
10231
10202
3136
12292
8730
7870
5931
9192
11082
1680
9283
11945
2264
749
10452
3669
9036
2194
9372
9736
7515
12165
12214
7283
2411
3817
11747
4079
12568
6860
4669
7490
7413
11660
9378
3201
10475
7525
7534
12685
8219
1998
7641
9086
3553
10012
2128
5669
723
7339
8204
9251
7678
12025
2614
10006
1528
10101
184
3260
11220
2169
7818
12621
9535
2243
8130
4133
5016
10138
7550
2079
6753
4267
10775
10110
820
11954
11802
8648
844
6232
2576
5550
12681
4936
6680
11857
335
3801
10449
11227
6773
4394
2757
11035
8736
11589
4231
977
2001
11827
3536
3259
12015
12718
12765
10118
4847
4052
10759
11216
11578
7985
3949
4593
3937
9320
2044
4361
739
3618
5649
1713
10029
11372
678
3247
1689
1775
9314
10410
11119
894
12135
5832
2950
7828
7111
3229
12158
8272
7187
6476
1594
8157
3919
10889
3672
7989
826
11581
12551
5751
11556
448
12071
11385
8459
11728
2182
9681
8242
11570
1830
2212
4740
10083
1817
12481
12935
5321
3804
11248
4774
9635
8888
2213
6444
12449
832
3336
11091
753
357
8765
10362
9256
2984
10261
9892
12189
12012
10191
11799
6521
4003
7170
9569
12008
7033
10511
2721
10038
5607
7724
772
11484
8756
10406
298
7132
4791
5249
180
11095
2407
12200
1629
6955
9159
11510
10982
8250
8673
267
2048
2412
4919
8588
8164
4033
2507
2335
3655
6242
2913
11039
11066
4928
11461
7787
8002
2163
477
10290
3799
6658
3882
2087
7627
7452
12922
2745
9379
706
4955
3739
8435
6957
10554
4139
12422
5957
11390
11270
8007
2401
11596
1746
3359
6661
5040
9377
2665
2191
3469
5396
6613
12763
8428
6268
692
8255
6911
5515
5608
7636
12111
11308
5491
182
5032
11814
9039
7330
1304
4896
8679
9867
9110
6920
8229
6481
8083
3266
9982
5248
7017
1457
1961
1513
12949
12677
2071
4229
1365
12664
2386
3905
12295
7892
6244
5969
7375
6657
3938
307
9331
6226
306
240
9277
12357
4458
8241
6017
9370
4293
10444
7868
10838
11640
3777
7232
4175
5104
2772
4475
8701
12858
3164
20
5562
871
1110
11574
12539
5575
10979
2887
5847
5160
9759
8258
11034
1602
6222
1523
11895
10557
92
4010
2968
3327
4392
217
9523
10408
7006
7964
10223
8188
8882
12792
8278
2102
4211
6751
11948
915
9275
12097
8088
11584
6170
6941
9640
1278
187
4956
2135
392
3117
1608
6529
309
1917
5924
9221
6781
2175
2780
1157
10460
4491
11369
4167
11721
5378
12972
12138
1217
8767
318
4249
8075
1477
7009
10570
11307
11823
5628
2387
6934
8537
11238
17
5610
3914
4826
6576
807
4181
1410
9270
2369
9120
4468
9524
4474
2546
5428
9977
8548
9428
6601
652
303
12030
12891
7682
5791
4511
3570
11315
10685
511
10998
2089
5674
12881
6767
1488
379
3883
10366
9443
6461
9808
5433
12369
8491
11502
1967
11432
11441
7952
5555
4639
979
2433
2581
9706
7223
6188
8923
1034
10976
11689
9393
6659
7114
7373
12352
1504
11122
6699
11042
5480
1726
6624
12257
3361
6627
499
8041
5727
8103
10790
731
3456
1529
10679
1803
37
8380
2173
3042
1582
8388
7435
8040
391
6652
4263
2532
2290
2180
3153
11434
876
3076
190
221
9445
447
11724
895
1419
9186
3326
1620
11870
4727
1983
8908
436
7561
10718
4528
7501
2119
12870
12752
2596
6634
12050
1661
2007
84
6953
5159
1296
12745
8726
8760
11439
9976
7684
7220
9856
8953
6691
12775
4837
9677
11946
9351
5995
650
3395
1850
10151
12978
8925
700
3203
10551
4800
3506
5337
6432
12226
6929
3097
11120
10929
11305
5243
5611
11847
4111
6450
1947
5103
55
1
9188
5809
3069
3206
4869
2441
9391
3687
4107
442
10048
6875
10028
12976
3786
11500
3225
10357
8890
4354
3073
10963
5825
252
276
12971
10434
1643
12321
866
9161
12513
5821
4644
1474
4901
2970
7278
10552
4650
11187
9710
9058
1675
6605
10005
9791
5420
2088
12599
9046
5722
7769
3486
11284
11030
8755
4258
9457
6904
3966
4591
7926
7357
12680
2405
10262
6448
8875
4788
911
3848
5735
5956
8928
9011
8036
719
508
6937
811
1890
3472
4520
7364
4115
9877
11090
1957
617
32
2760
11829
4682
712
11974
9005
7571
8385
10820
8074
10477
10257
12022
7142
2248
8740
6114
6503
8972
8787
6002
12279
2015
8770
12622
1512
9629
4899
10714
4204
2297
842
7367
4671
10878
8003
3310
6807
8037
6551
9693
7437
3319
11022
6419
6940
9173
6057
3491
10082
7834
1622
12774
9343
8450
3622
9947
1461
8072
6158
3596
9908
12788
2325
5918
7143
4445
8309
9724
3879
9922
6832
12638
6924
8504
6319
9649
3297
2649
10519
5759
9719
11787
4793
12435
8273
10917
11458
743
6550
6106
10296
9321
4881
364
7489
4091
7808
3017
2505
5536
8795
7706
8298
9462
3321
11340
2850
10813
4353
7105
10095
4459
3289
10216
7194
11760
11977
7313
8464
7255
10219
6482
9458
4482
10120
12603
4189
4341
6903
6730
4004
2330
12518
2577
6253
7473
6626
10661
302
367
10957
1151
8440
12315
9935
5835
12209
9050
4777
10772
6256
5662
782
6465
49
10081
1225
4086
861
7155
6416
4300
9133
7667
12
5317
10505
7430
668
2500
9099
1176
7387
2322
11267
9299
12549
7360
6848
10149
7158
10880
1138
8158
334
7504
4613
7215
2357
11783
2991
6999
6489
12325
2588
12184
4809
76
7166
2523
4696
402
11124
198
7725
6103
6237
9324
1606
9008
5606
10019
8670
9558
7621
7543
12247
9201
7135
2152
2641
1147
5018
10579
11770
7696
7996
7031
2030
8095
9775
11123
9211
12711
12266
3008
8522
5291
5121
9315
3953
3511
10130
9470
11380
2915
6326
4040
4237
8050
12256
12908
12095
1531
358
4350
5927
10993
1598
12182
3309
5554
11249
11040
1783
10965
2224
3162
11425
11064
1749
1371
11658
3522
11560
1102
8049
3141
12543
11776
6471
9986
10907
2474
4385
5424
12938
12963
7386
2162
4431
8091
8284
8596
2379
1826
7104
12504
8061
9101
9863
3889
12783
9148
8487
10428
11026
5855
6136
5521
4691
2632
7753
7583
1124
12842
7652
7419
12061
6859
902
11391
3617
10918
3474
1740
11354
2558
8124
9214
12759
11000
11731
4357
374
3272
4758
8394
5853
2930
679
5244
3375
5156
3360
12389
2919
10293
333
5925
1728
11192
882
6648
637
9138
12465
12440
9586
11526
6771
3760
2193
6083
9424
4304
4722
4417
6994
5640
9510
9292
8655
2553
4663
471
4013
5661
4415
3516
12764
8681
8929
11727
1997
7886
7295
5560
1900
9650
454
5026
11978
966
12312
2667
6942
6837
9757
11399
4129
10666
11533
11020
5936
3646
11161
11233
4294
6086
1202
4772
5826
9238
6598
3675
4322
10086
5816
11190
3460
5113
7078
8622
6359
12893
1120
5854
7894
663
1314
10578
3575
7608
8062
9132
11892
2279
7885
2020
6780
7178
8067
2679
5171
6932
5187
8513
7305
7253
1536
5866
11643
2144
8127
5395
3779
12757
9528
11290
2747
11772
11741
4546
9178
8611
1322
2843
6984
6029
10182
3682
9033
3612
4873
12096
9961
7005
12815
11253
12738
6374
2310
10485
5551
7337
1136
12477
7141
1593
1658
6155
3338
9600
3417
11540
10569
12355
1692
4069
7221
11121
11960
1373
9616
11615
6070
9355
5462
5697
11010
9886
11609
3274
6425
10736
3154
6447
5333
4949
11478
3812
9676
1941
4437
2123
3581
9999
247
7735
4235
1705
4045
482
1492
9728
8345
8079
41
5952
9481
1954
7085
11047
10165
8176
9290
11189
10381
5820
10513
4201
11378
1153
3766
5621
7767
12246
11295
262
12834
4743
2471
3538
6872
3214
2503
2840
1897
11726
8827
11936
10075
11682
5828
4934
7325
1818
2096
2592
4383
3339
11486
805
10295
7559
4942
9439
4317
4479
7841
2732
8895
8624
1926
11357
7934
6572
2014
1375
5653
9129
6307
944
5259
6565
9012
3592
595
1547
7900
10490
12396
7806
6740
8682
914
7713
11501
7299
5975
9644
976
11906
6140
11251
1137
12503
10137
7399
3978
9107
2960
7921
7897
11089
12814
7116
5033
13005
646
6801
2235
9157
5394
943
9566
3604
4241
5053
11085
11629
9718
8135
788
5280
6363
2834
4092
1041
6445
10159
11365
4177
8268
288
435
2607
1212
1064
11170
12004
752
305
10615
10980
304
9024
11928
928
1859
12496
4676
6056
2617
8637
6058
5110
427
10044
3366
1807
3532
7483
3296
11716
151
4496
9354
8398
6252
8353
155
1910
78
8592
5224
5270
4389
12945
8181
779
5547
3722
8430
6099
12699
6412
2515
2923
8828
5034
3943
437
11078
1312
6547
12761
6555
4505
5890
1770
251
4471
12901
6930
4423
8687
7944
5070
6861
12528
6836
4166
8224
680
11421
1968
12537
9565
661
9845
5990
12007
11819
8112
2992
7381
8964
8301
10033
5467
12179
5851
3599
9652
665
1669
6485
10810
6815
4619
10770
10318
2176
12912
4657
10781
12099
8354
9306
6013
10351
11768
323
12940
6418
8461
5059
3243
3210
3424
12586
1762
8694
741
11452
10535
7425
12701
3749
8984
11746
8926
2000
10224
1553
4552
3174
947
11557
5408
10480
3552
174
8846
4683
12034
11972
6199
9750
11635
213
10904
3638
12974
11896
6951
1228
11263
10061
8314
7530
5307
3987
7298
7763
4225
11725
2547
1104
10433
11664
7811
2485
4344
3230
10660
65
2084
4584
1613
6151
419
5946
2878
7349
11543
3476
3135
1920
3537
3998
6997
1052
12328
4378
7492
10253
8898
5987
9100
162
4055
4290
9208
3412
2151
1981
7281
1289
5458
10320
6050
7210
1825
6898
12917
2819
12620
12665
7656
4614
12104
7138
9460
11001
7566
5281
10983
5311
8239
1291
1676
3402
4390
9574
3816
202
1097
11329
