8641
5147
11471
6804
7286
12959
10582
588
9643
2761
4657
487
5715
8358
7553
6962
4325
7132
11878
9338
10701
4319
11028
10724
10004
5984
193
4922
4967
9501
5442
12368
6866
10670
2675
11402
983
11024
7478
5163
10245
4468
2449
5511
8332
8496
3914
9904
9291
2997
3833
424
2207
6260
9268
1447
12926
1390
3485
2101
2246
8908
8697
2966
4485
8975
11867
12044
10691
11000
7864
12902
5785
11780
7070
6453
10881
5872
9115
9203
6352
6254
1652
8439
11410
2873
1748
516
2464
1469
12815
1494
10499
12734
2129
2705
11095
4213
9899
1858
6179
6272
11182
5774
5873
5894
11112
2069
5119
6103
10207
11240
5755
9494
5662
9354
7701
8252
989
10959
11329
10645
10526
9906
6885
3947
4791
7876
3677
1987
4211
5421
3724
11019
4345
5022
7020
6565
9309
13002
2365
5070
9761
11668
12898
6803
1914
11187
8303
10720
3387
2193
2248
7792
8102
794
5647
4212
12849
6460
356
3281
964
1160
8011
8510
6684
3910
12621
12350
2258
9457
1171
1343
1186
2186
12880
2648
172
337
3953
12637
8147
5679
11530
8643
9700
2790
6394
5240
2271
9677
11087
4737
12351
7866
4204
1094
10569
5415
8569
9526
8401
7857
12451
1057
1417
1785
5416
4302
6468
5819
8936
12205
12396
8824
1540
11390
10896
8673
1309
9839
0
6708
5259
3292
818
10635
2807
7246
12655
5423
11161
6872
3656
10806
4915
8657
8454
6486
5111
2355
298
8727
2056
11672
4489
10210
5524
6601
10356
8336
6298
7103
4985
2074
10500
2165
2141
9464
5579
6988
6139
7355
7275
10215
9547
7461
6281
12895
9870
8004
11135
5668
4397
640
6371
11645
2097
133
3927
4947
4107
10627
2104
8500
10541
8776
403
7781
9733
1332
3477
4628
12232
4183
8325
1081
10950
1153
944
5955
11895
5116
2109
6507
5363
8808
747
7569
7960
5281
1032
1307
3288
2083
10457
6948
126
5710
8359
4179
534
12625
7238
5371
10002
10814
9415
799
10003
2006
3674
5701
1799
11006
2693
12987
11048
12753
8034
12750
188
5093
2983
4145
12792
5243
7011
4928
4410
9308
7485
8922
6249
463
3008
9885
638
6414
10948
434
11420
11792
4617
5806
8649
6998
2195
2278
2928
8674
2560
5459
5496
11426
2924
11573
447
8337
4398
7955
2921
9105
3865
11578
7594
8725
3483
5217
7477
10103
1252
9865
5939
9348
11940
3616
684
1185
8312
5852
7733
10394
9220
12227
12404
3112
4097
7030
5133
12947
6454
4634
12463
11179
8425
6485
11537
9567
5649
9762
462
4377
2882
6184
810
5114
8549
7691
6532
5614
8745
5809
6188
8874
3989
4994
6801
7387
12015
7273
3845
5607
2179
5644
11513
3062
12915
11971
6512
6732
6346
10289
7215
9167
5218
4952
4913
7842
5318
11540
6270
6321
2093
3117
11212
10715
6999
3364
4128
7494
5244
1125
6878
11638
4402
5279
9620
11732
6049
5254
11284
3942
949
3794
3344
912
9101
836
4095
6060
8974
11917
4399
6753
7445
12768
3457
2217
12909
4633
5492
5910
6237
2203
2060
4604
767
11779
12271
2037
241
7858
6679
5487
8120
11642
5256
1518
10431
7508
6568
5813
3985
2100
11277
11017
8321
1027
7026
12378
4498
4396
1683
6348
2091
10781
1364
1701
12311
10646
7096
649
5084
8847
2811
3131
11066
659
2033
6556
5336
5214
2874
8410
11399
11564
9052
11934
1087
11654
9023
9200
7226
2478
6340
9802
1673
5761
6158
7349
1895
1077
2304
9986
5403
2068
8357
7718
488
1195
4105
1238
12596
518
8010
626
2511
4978
6308
4478
6389
8431
3542
6017
3433
7201
8415
4584
5659
8793
10650
906
10150
4039
10947
309
12510
2760
9429
6073
12365
1044
9012
9822
1396
5291
1226
5574
7578
10389
8648
11303
4395
4601
11102
9601
5722
198
6386
10
11030
8923
6600
7194
8942
12900
5050
5740
2605
11231
3233
11612
2038
524
9805
8660
3756
10255
10078
950
1168
7516
8987
2267
8399
5296
5663
6698
9748
2089
1879
11201
6809
973
5945
7531
1454
11450
3230
10404
12090
4040
598
5504
344
9437
6102
5282
8440
6562
1084
10592
12228
5481
11093
9894
10056
1570
8797
1993
7641
13003
4192
11152
6111
3211
313
2138
4580
4603
1024
5015
1959
3906
5499
8642
6398
8391
5049
7392
5843
6875
4206
6912
3404
4762
9949
5648
6514
9053
1789
8843
4202
5792
6596
13000
11508
2752
9096
1563
5801
7536
6685
5012
5637
9107
5578
1083
1103
6576
2978
4532
4751
10366
12238
58
1475
11552
11364
6841
12340
3120
4824
5245
7253
11847
8498
7790
2032
8459
11137
12983
12498
3626
8952
7420
5726
2008
2463
3511
11363
10513
12763
11421
1410
2085
1990
11109
11464
3054
6374
12030
397
2214
7493
11601
6420
11279
3766
12423
3523
613
1237
2031
8418
7686
11516
12256
4968
796
5525
10640
13006
2623
2952
6702
9846
11267
2072
12507
6383
5968
2206
5729
5139
3516
2302
10439
6330
2639
11469
5255
872
11900
6113
7325
261
6174
3032
7046
2369
1880
745
9010
7962
5589
10014
11424
11060
4293
11608
3747
10737
7803
5546
6814
7061
3768
8003
5987
7567
7410
6584
8910
7907
10365
6098
5915
5655
12509
9399
9140
9262
2226
4972
2275
12224
4347
7350
11605
5246
7851
1598
2202
10203
2969
9081
4104
12036
9289
6156
3658
374
6845
10994
11289
11016
1697
1043
5351
11661
2563
12503
8689
924
7105
4408
3116
10923
10475
1488
140
10756
8835
3585
4102
3504
2164
6066
10892
10260
1545
11696
4425
2112
6607
7047
2170
1727
10309
9427
12102
4918
8260
10789
7941
3224
3392
1179
11459
9507
9041
3282
5444
4382
905
11519
5571
10336
12961
11674
9575
2959
5071
4719
5390
2810
6653
7487
4080
207
4900
12963
3759
10775
5271
8217
10191
9858
2320
108
2412
5171
10554
12386
2872
10460
7658
7522
11832
304
5926
3440
9810
4423
7873
7157
5464
11937
4687
3245
6645
916
1507
467
9194
2475
884
12415
3900
7326
3738
11707
5653
2212
4265
11798
6761
11993
5047
10007
3506
3283
10601
10729
11032
6488
11806
11096
115
8654
6896
382
8262
8239
11451
2455
11068
4126
851
3075
6309
10934
2665
1373
9586
10863
2183
8092
11745
6540
4979
1983
11436
11234
7724
10549
7187
6069
5229
9851
5695
11505
8087
8085
1280
7168
2712
1502
6146
7758
2262
4916
9998
4365
12739
134
1245
5038
12742
5394
7455
420
11225
7490
1711
13008
9106
2851
9890
2453
5634
12764
8676
3490
11925
12026
9321
12905
2504
5981
6546
9208
3911
4848
10262
1428
4359
8668
8892
8900
9528
11213
2263
10099
5526
2716
11352
12958
5034
2281
11616
12852
8377
10584
6860
9738
10237
561
5719
1051
9702
7239
3252
9843
2577
7188
11154
9799
11168
1327
12345
8821
11242
1506
5804
773
12782
5937
12135
3352
6571
5585
1684
6479
12538
8157
563
8810
11589
2041
5035
8130
8967
12530
9265
3902
2270
8524
3606
3648
3084
2618
962
1707
7205
6390
8789
9952
5850
4098
7533
11547
3171
5549
2015
4757
5540
733
9178
6114
12899
11091
11206
8600
9631
7104
1504
2799
926
2661
5395
1741
1273
2225
6032
11669
9933
9855
5822
2287
3816
8832
1913
1755
10955
411
9948
11121
2516
6891
12585
150
8844
5319
12052
9917
3132
7099
8946
11853
4955
9056
6691
11062
2961
737
10173
6552
6095
1170
2054
2652
6280
1888
833
9486
4253
2678
11354
113
5690
842
2524
5651
8266
11529
9087
3159
2480
11111
7359
7609
10895
6583
1256
3977
12328
8211
9972
242
7628
4228
11322
11555
3522
2044
12986
9862
7705
83
3191
559
3346
11565
1896
4686
8794
12400
577
2885
637
10045
5156
12156
12697
10231
4799
1965
240
8763
5212
9426
7870
1671
5364
656
5476
11031
9013
9497
7699
10785
10022
5522
474
12654
3463
6039
7371
5045
11100
12838
2266
6816
6926
1196
7159
8632
9989
8014
10560
5681
4835
5250
7262
9801
7008
3155
11059
5435
10080
3425
2535
1148
6489
2348
10424
12019
26
8536
3982
2386
2748
12204
9369
10818
12355
2864
9421
30
8886
11742
5639
1497
9823
4590
667
46
4289
2503
11810
9284
11388
1783
5671
2375
11221
530
6887
7602
4393
6395
11389
1456
1399
2812
7025
2684
9622
4813
8624
3207
3340
624
6082
1672
5606
355
5141
1679
1610
11049
6273
12861
5533
6276
8519
3576
4140
7164
9971
6541
5258
2253
456
7304
3018
4401
2433
11985
10735
7600
11667
8385
3396
9141
9238
4611
12720
11239
3310
2152
10423
2349
4739
1306
3969
4774
9720
10515
3122
4691
3296
5099
8825
6899
941
11474
3369
8683
7378
2642
5151
10647
5577
4976
9716
5484
2666
3345
3536
2213
5790
1272
4385
9260
752
8605
2216
2827
9992
340
11825
10909
11485
1075
5474
6588
12237
8953
2171
9988
2191
6342
10842
465
11134
10021
5576
1544
11177
10738
5275
7013
9994
72
10547
7702
1008
3254
12827
4750
6908
12441
11422
7653
6773
4081
4492
10104
7889
4828
8098
5362
12660
5752
4888
688
4418
7770
4463
11208
8971
2042
2134
865
4024
4141
1492
12775
7974
5556
2998
3896
263
3929
1732
1380
1808
11888
10329
2986
9525
1559
11506
9786
3007
4752
8754
3610
11700
1955
11821
11194
7715
2758
3158
2392
5048
560
10463
8489
2368
732
11619
11968
322
7677
7111
10918
11265
6206
6029
7647
11155
3652
8071
12563
9680
6925
12251
1859
8522
4495
3197
12789
7010
5105
7006
8704
2688
4727
1904
5130
1149
7979
7649
3780
3212
2159
10898
4388
9207
6131
8951
9256
3620
9288
5547
11431
7166
12769
2435
7294
4374
1438
6243
11984
6219
11429
7163
5838
124
10015
3920
4428
11643
1954
8021
6570
5110
2424
7358
10962
4303
6317
2132
2105
10811
10652
3093
687
4476
1797
5142
744
2136
7825
10780
648
7296
8787
5334
7169
9850
8959
12435
9734
302
12120
6236
1128
11524
6916
586
388
5563
5148
793
7512
371
2400
12879
7874
6090
2471
3165
3451
9581
6494
9098
5315
7462
4390
9665
10422
1443
11415
3971
4940
12893
3022
9883
5238
4518
6129
4142
9271
7212
6313
8636
1162
9387
3624
505
1404
6781
6963
4286
9745
8811
8329
7347
8169
5787
12439
6671
5054
7122
11590
11025
4638
12288
9283
1623
1173
12575
1782
7411
3705
11499
12009
1345
6594
3429
8342
10412
6135
6439
3586
12132
7664
7479
5211
519
12260
1757
11996
11319
11693
4391
9424
1124
2483
3499
9739
12268
591
10459
8106
1429
9565
5657
6694
3681
7830
1659
1601
4714
6815
4508
2762
2706
4218
2189
5262
5627
9145
956
10281
3881
2250
2169
12054
12965
3832
8862
470
68
253
9826
10218
4759
10969
9550
11196
3173
6619
11916
12539
4164
8508
642
11149
9082
6296
7610
12217
2036
10105
10798
12889
398
10108
4613
11458
3875
27
11157
1385
3306
2862
10113
12025
8872
9955
6210
1064
6185
9792
5239
3497
10282
2018
8764
11775
11392
5793
5828
11702
9546
5357
1780
6869
5426
1952
7024
5158
3901
11997
1667
12480
9300
1326
1481
11905
5082
11278
1264
369
7434
7057
11312
2137
12486
5157
1613
12945
1691
2628
8172
6246
907
8237
7234
6862
7195
938
2012
12459
1874
2523
11670
8802
12489
8114
3784
7336
8916
11575
4486
2650
5329
1017
3444
2067
1
12371
9533
5235
9489
2030
2496
1923
7659
2947
5166
5199
10222
2624
1178
6553
12528
5225
9956
3380
2855
5780
9182
6680
12114
5934
6126
3471
8132
8315
513
3839
6480
3993
4953
715
1774
5131
2579
11381
8858
11858
8426
8904
7323
11275
2111
10854
8445
7356
11980
2382
5061
9252
3498
3835
6695
4421
7750
10379
2644
1215
6911
6606
4373
11061
1020
7949
7269
5455
5569
2626
9583
9084
7562
3445
12485
6945
4320
3887
11477
636
9538
11344
12128
8232
2236
972
2611
7905
3308
1022
180
12082
9478
3033
2055
3460
11496
12785
4071
7101
12810
12272
2638
8733
12225
5731
6370
11325
1101
6235
63
3891
12897
152
11718
10883
6132
11538
5513
7561
8448
5463
1415
4561
8621
8852
4130
8164
10851
7729
279
7557
12956
12657
7797
10545
3734
5947
8272
2199
5461
2499
2725
3808
2075
10997
12059
5885
8254
3919
6091
6686
986
6470
2709
5946
5313
11078
11561
1609
8283
2039
533
1117
9830
4295
6234
4775
792
1105
1836
49
2441
10270
11235
1378
3420
10135
7335
8782
1833
11935
3149
9537
8773
10933
10438
9673
12159
4096
4761
7620
839
3503
3758
5053
2710
828
3358
6407
5280
11597
10095
11050
1156
12049
1865
5382
5797
11043
7248
7412
12473
1945
4041
5777
2259
12886
658
11609
11708
9210
12999
946
10704
11807
897
11218
7777
12557
11972
3895
12425
8997
5445
546
1353
10151
5470
5879
7903
9035
7713
6161
12744
4482
4608
10796
10535
12096
6741
3604
7808
8759
3976
236
3825
9888
10978
6873
4573
11544
1514
11666
211
5618
8077
10688
3936
8799
5616
10398
7322
4676
12853
11782
2989
11167
13
10620
3422
12571
5739
7624
1204
11574
3001
7063
8968
10201
7765
12756
8300
5055
9295
8873
6952
4287
7794
119
379
2940
953
6134
10739
7457
12436
9269
2773
6844
9465
7077
6372
604
6575
280
8918
6365
7334
1037
5605
6523
9202
2090
12427
3670
1229
11734
7579
6116
11055
2035
11243
4259
4353
5396
8846
2818
2634
12465
3059
11115
10663
1225
6377
7415
13001
1892
5399
4127
2279
908
893
6466
9045
2540
7191
5745
10367
4602
325
6165
192
3274
225
9926
7518
5753
6582
606
12903
8606
8950
7928
4235
5304
6918
12882
11374
7667
2420
7241
12534
12110
8481
1392
6727
1699
2126
7320
7438
4086
7952
3915
8826
4413
7834
9094
5770
1189
5491
3958
1295
8752
3005
5508
4551
1098
2063
8529
12466
1558
1981
10084
7232
9124
2929
6634
12645
9787
3039
4616
2833
9836
12405
6662
12770
12290
3507
6783
9317
7822
1569
367
11598
9002
3938
4787
11956
2932
4117
11334
9298
4790
3045
1228
2049
1451
1948
38
11454
9757
11906
12537
11525
4586
7403
3113
3331
11478
2597
10277
5973
11735
8165
4038
1143
5242
1533
12347
620
7056
358
7203
8001
12229
2878
3109
7439
6642
7652
12381
888
3
12670
8809
5825
6311
12711
7348
12584
12101
4314
7395
6269
2770
3381
5292
11332
9908
2009
10254
2860
4721
5859
4037
7409
98
2610
5220
7079
2175
3746
10577
2096
105
10179
3279
6477
7264
7697
308
6722
10669
602
5555
2442
9078
1909
6928
9438
11981
6026
8884
11453
6936
7394
4652
11936
11761
10075
7683
2081
162
1920
8048
3195
4779
12097
4858
11774
920
11515
10527
7373
9462
10137
2086
2354
4677
12953
10786
2315
6168
10133
12455
4606
10693
12253
4930
12791
9072
1878
5379
5816
6018
8029
451
11283
8944
3917
5272
4943
5948
9243
12391
1357
657
10019
4688
1389
12196
1885
3064
5880
2254
5475
12671
10678
93
12962
555
5682
11545
7768
1116
1669
2474
1605
858
11368
5257
9655
455
6341
966
11567
3012
6974
12615
12801
11913
6788
4675
2772
10998
9372
11755
6907
7700
880
9187
6949
1211
10452
11486
9859
6106
2528
12208
11787
129
532
12402
11820
868
4980
1397
10866
1407
10611
10146
2828
8879
3691
10858
2734
123
3793
8016
7954
7469
11140
9054
10532
2120
12780
7722
5733
1377
12301
222
10788
9168
11583
2784
10359
11804
12445
9239
2124
7383
8693
7341
3559
7502
6173
12377
2954
8443
8628
2151
4936
4033
1437
11297
10242
11029
4932
11130
3023
6554
21
6524
7041
12989
8251
8848
1158
3802
10514
4768
1543
7427
7206
2411
7039
12699
784
8939
12281
4851
12032
12443
3492
5457
458
6421
4570
7328
9741
4878
11594
8914
11165
450
1980
4722
5370
9990
5951
6938
8948
12317
7638
2367
12771
9945
3395
10730
4534
10374
10938
10903
12561
11353
7549
1113
3697
9849
12727
1060
2324
4821
4480
11147
7993
5273
7015
9431
7910
6599
4572
4777
1493
12112
10504
8573
5654
3997
7231
39
11813
9259
153
6427
9771
2971
7251
8370
10307
7222
8082
878
11408
11893
8633
6022
10484
8042
1002
6742
809
1657
4484
3567
315
80
7542
3169
4133
111
12116
5405
299
5865
6171
11398
2600
1068
10565
11222
2384
11750
7755
490
8186
477
507
4474
435
7538
422
4125
10208
4243
4610
1224
3133
268
6277
12388
609
5887
2026
12250
8938
327
2564
12341
8424
11073
6764
9649
813
5102
5711
1534
11507
11037
9651
2439
7589
2343
7050
4231
6112
3893
1388
12011
10006
3228
5650
12831
7146
2849
2381
4771
3028
4925
10445
2931
6208
6550
312
7712
12664
2547
294
5613
8564
7106
1798
267
10470
12240
4897
4443
1722
2672
10482
10980
7574
10495
6950
4663
11321
4419
4032
4661
7401
2011
6167
2046
9110
2636
4929
404
4143
11789
6909
5876
4905
3815
5849
5322
3912
12816
11872
2240
7283
5991
2941
1150
1591
4581
2282
3493
9701
980
510
7424
3017
1063
3204
12075
9916
10214
10292
9769
11826
10342
8488
4717
5429
4501
9430
6864
4137
7330
7263
1088
3307
12819
11987
4222
9634
10871
9121
5314
7182
1147
5160
12917
1665
1321
11280
1426
334
10436
10005
9263
12167
691
6551
12872
8145
9475
7930
3464
1615
5554
723
9258
3217
10371
410
11844
5749
9779
7364
12635
7267
2755
11912
8630
305
1686
1480
6717
2426
2110
8432
9650
11983
7093
2418
10760
7919
2602
11396
9889
3676
12495
12912
10490
6023
1412
7207
11438
11592
4623
5032
8541
9752
7763
4893
5493
8815
11244
8814
4834
7405
11928
1501
11209
4279
8108
2238
4341
7261
3432
10378
788
8542
2514
4034
10975
3476
4268
9149
4306
6464
34
4949
544
9249
418
2347
2800
8384
6478
7361
4298
10954
3950
2130
763
3627
5108
6832
861
9574
7820
2379
11308
3363
3722
4190
6251
10377
9179
3125
2393
3973
5263
10098
2024
12977
11854
543
5781
565
1851
5673
9707
12513
7957
2534
9073
11557
496
1819
3796
2166
5612
11704
373
2135
2448
9319
9374
7088
7757
4304
1104
6086
854
6144
12461
4198
3605
3763
11164
2122
738
12107
6140
1809
11435
10473
3402
4454
12725
1413
8772
4629
3662
12067
4589
101
6970
3123
8813
8285
5413
4262
2942
3939
4334
1738
789
7843
7616
3546
5414
749
874
3088
7178
5328
727
2142
7095
5023
5985
5807
11974
8153
6223
11520
7853
10062
6020
9804
5994
143
9535
6696
5928
1203
2621
10360
9569
7503
8347
9077
12651
7021
11366
12967
12356
12997
11441
4121
11323
12056
3741
6183
11550
9180
4626
2252
11169
4381
4659
1247
8322
6442
2556
1207
10029
5385
11614
12658
3431
12458
11796
7036
1576
10469
9606
917
2793
8078
11919
4723
5206
11385
11489
11778
10230
11044
9509
11404
5002
6087
8603
7433
8065
6522
2440
3809
7970
9311
6097
5080
8442
9254
7657
5302
5295
11658
3778
1230
4023
3851
5044
2444
11989
2649
5717
9943
6610
1586
10595
898
2886
8701
1118
5582
3948
8350
4296
4372
9886
11405
7632
5724
1592
219
383
9047
10877
9564
6979
11214
3721
6681
2939
10464
619
4682
6228
12000
5713
837
4524
12516
3898
9185
2622
8755
8013
5705
9301
1503
12916
11370
503
8945
6933
12800
8722
3083
3824
3785
1331
8964
10943
7302
4555
4364
7968
2396
9037
11653
4394
8706
4594
706
3684
3861
1351
12305
4765
7507
12515
10283
3353
5065
12497
4992
11569
3271
9919
9349
4556
802
8430
1593
6991
12212
835
2867
5720
4863
12611
11269
9061
10589
7983
9113
5198
10974
5800
10185
7475
7054
7711
3715
11090
3287
395
5706
6177
12293
10428
1941
473
11412
12202
7170
8902
12504
12737
7854
919
4997
8460
5191
4371
6438
6074
11683
9872
12644
4935
11631
4456
7581
11902
3682
4270
3944
8795
1003
9610
254
7441
4552
10660
2029
8088
1477
3926
11036
4317
7237
6068
8136
7597
7449
5033
8631
2724
2065
8378
4637
10308
335
7034
1205
7244
4715
4446
2696
11026
3964
7916
7428
10991
927
1137
9261
12113
831
805
11288
9881
12280
9104
8393
10899
11623
1733
5625
5090
7896
2200
9350
3621
10081
8450
11610
11726
1330
10101
1777
5106
5604
1765
8461
4245
2839
11065
7023
9279
909
10430
6275
8664
9730
1394
7435
2598
6046
7922
6000
4239
622
10831
12464
9225
9676
537
8070
7447
1726
1887
11498
2659
8206
4336
5446
776
5164
10661
7199
8580
7458
12576
9674
1329
11835
3512
7693
69
11543
11611
2308
12745
8056
7827
10340
9242
2820
64
1849
9001
4540
841
7460
9033
8723
12125
3752
8179
4735
8546
531
1855
5918
9004
5542
6915
9116
3884
3878
11411
6719
1472
1658
9867
4595
5400
9969
12758
8732
10827
5660
6422
12416
5839
8247
12397
11532
3531
11512
3623
8561
10570
10692
3999
11012
4290
3764
4605
7407
12446
5201
4299
1718
603
2779
6124
11249
3300
692
3091
2631
769
4902
6256
12556
4783
4054
4803
7321
11875
2980
1997
2792
6939
8466
4490
2572
2242
9439
10288
13011
11850
6705
12954
7811
3461
9807
7221
156
6195
10153
2436
8124
3101
9860
504
9558
6339
264
6759
4154
2209
9076
5083
3480
12931
3561
4741
2239
4007
7065
11118
7148
11138
11301
8577
5079
521
11712
7247
11002
5672
12475
11615
7991
3312
9099
12500
4658
10917
10392
3321
1210
3645
3167
2520
251
1167
1208
4576
3465
12091
12675
1308
5460
9351
6828
698
8235
8738
9423
988
6434
210
7005
11487
427
8740
6805
1944
3100
11947
1555
8060
9778
4426
1271
5527
7789
11967
1670
5601
1963
4909
10044
12865
10914
1206
7926
11838
11758
10810
12973
2507
12299
8463
4517
4738
702
8046
10952
11045
278
2359
8115
6777
2153
10478
3004
3852
10552
634
1812
8527
9502
11298
1242
6040
9753
11932
1423
11846
9588
4251
5862
12245
12002
12496
9837
12249
903
12914
12631
6392
4667
7417
12130
9932
4841
5895
9505
8860
6934
1213
5427
6054
10758
761
8718
3367
4937
1422
11465
527
3371
9345
2113
3251
6318
5684
2956
5037
11021
11517
675
12234
8833
7233
3603
7431
12811
12946
4963
457
316
2491
5995
4966
1365
9724
10746
310
10852
9882
9016
8053
569
11220
1632
5691
2490
9359
8112
5870
9668
849
9213
11721
11965
7293
856
1383
12508
7646
7313
10834
11500
12639
5664
9017
625
4066
3055
7402
9985
1616
6282
4227
6774
11291
9531
7526
2102
12647
8590
2548
6976
8346
7259
8937
2022
6881
3619
12549
8499
2438
7708
10027
7155
954
8079
2525
357
11675
4541
1891
2925
2640
4907
8554
10893
7053
9025
9320
7214
11079
8548
8619
3080
12266
2062
48
10751
8194
12186
1458
5989
6765
6310
3424
6209
11509
12453
5581
8184
3636
4697
9205
10414
9746
2215
10220
5189
8670
8653
11004
2232
3302
7971
11439
9652
1188
9657
6593
9451
12866
3594
8878
12094
3859
11945
7480
10929
5868
12633
3639
2521
1115
5943
2785
2866
5317
8471
10362
2116
4662
10939
3355
255
7663
9624
7751
11123
3073
9696
6496
8883
4012
660
2457
2702
11001
12131
4789
7145
7128
9767
4895
4100
12298
2916
6423
3137
2825
3928
574
483
43
5656
12161
7787
2286
6289
3975
2856
5074
9939
2019
952
3846
10134
2601
4358
7280
5448
8552
3333
8291
3529
2229
2805
9007
8644
4718
345
11636
7591
1946
11018
6035
3921
5150
191
959
10713
7987
6790
5988
9713
3885
9226
5241
11419
5447
4061
7568
4639
13007
6491
8574
2923
4630
12105
9365
4248
5590
7759
1164
7769
11233
3630
20
12595
4001
2889
10771
10860
8956
4519
8861
915
4856
3924
11461
4282
3775
9441
350
9793
5878
6227
1989
7389
8518
7934
2158
6238
8441
10145
12856
362
7829
9518
3484
5848
7291
4874
6625
3740
4496
10115
1754
12683
2119
10016
9578
9557
7800
881
10847
4982
700
10747
5591
9392
3532
1339
12746
2571
2698
4079
1633
12669
370
4269
7140
2003
11634
10839
12672
9417
7935
2753
10829
3517
11865
5901
8101
5260
7891
12587
6763
8382
2336
10706
3534
11384
9715
3183
10053
12410
4917
7831
6835
3873
10319
8043
8250
8766
5021
9951
8598
3179
1341
12170
9403
10593
10664
11372
10132
11527
3501
5384
10644
7689
10311
2445
5434
4191
12363
8562
7997
3342
12920
1827
3373
7921
3817
8119
4674
5221
9685
11514
3986
6883
9396
1166
696
9829
2196
3732
1145
5473
2127
11736
9215
2686
8379
10629
12603
11664
1829
6683
8985
7319
3830
3384
2357
8334
12535
10907
2869
2192
12887
7740
3856
12152
8747
5378
5016
2506
2814
717
12071
1719
12200
5620
10448
1607
2663
5290
568
2341
9796
7558
5388
12913
5452
12380
7339
10190
10300
4459
7745
2992
5439
10395
6665
10805
4523
6983
4565
6115
720
12264
1491
6580
4132
3584
2208
6379
5699
9895
9177
2161
12155
8859
10591
10944
10615
8730
6617
9825
12772
11618
7228
8591
587
15
12864
7977
10057
10605
10836
5078
12722
12817
3510
10204
12182
10853
2374
243
2309
5323
2398
4583
9122
2061
12822
4151
11753
11766
11119
292
11938
11483
4497
1692
7807
5232
1698
12389
3150
1680
5066
2115
2479
5132
1141
230
2750
11258
7627
10442
4971
12925
2452
9188
2904
1928
8419
2125
867
1689
10996
1482
5570
5252
11406
7397
10193
2178
12313
8780
3710
5025
12749
2028
1811
12447
8614
4996
3247
2726
3323
901
408
1361
500
3448
4625
10240
9853
6738
6747
982
4684
1172
12078
491
11217
2738
6990
10599
11210
2160
2397
8870
7623
8534
11621
3981
4414
4753
11706
2949
641
10017
445
6529
6050
10803
7040
5017
1907
436
6263
6187
12884
8333
8183
1430
4901
6452
9750
5437
2244
10967
5789
2325
4991
10668
7354
11943
3667
11650
894
1096
3903
7229
1839
4825
2519
5397
12398
9067
10388
2656
137
5626
4123
9539
511
10418
8427
11092
11382
9235
4493
6290
6750
10773
5520
5497
4502
3339
11369
4770
12393
7243
10946
1369
2912
6325
12246
11254
284
699
5854
7773
12339
6007
2968
6393
11777
6369
11754
5458
3225
8792
10752
8221
4466
10001
7682
7556
10637
5219
5954
10622
6917
11188
11
8241
7119
351
11077
3868
12721
2746
11889
3213
12692
10284
3703
11143
3967
5677
3178
5640
3278
12935
3410
501
5051
4567
3994
7601
285
10110
11973
6846
11014
2182
12932
2419
8707
5529
1771
11327
1915
489
4505
2919
8712
7950
7606
9563
5595
2103
10413
8045
12176
10571
5462
7136
1180
10047
3121
12506
3438
5905
11365
6316
29
165
7673
11409
8739
9928
3226
1634
366
6957
6613
2051
11676
9337
9032
11070
307
5120
7027
8963
6333
1372
11305
6203
12294
7956
4847
8318
7437
4175
7880
7687
1653
4530
8096
2896
5795
4281
6056
10722
6880
8629
5890
6946
11069
8286
5505
11482
7871
8999
2593
8563
3030
12704
2079
863
12832
378
4193
722
12944
4591
1746
2087
4469
7456
9275
6555
3907
6255
8775
8786
9638
8402
12632
6239
8017
5808
11510
9993
76
3717
4860
7915
4948
11914
11930
8895
12197
9471
7466
4679
5312
8568
19
7312
8866
6120
6513
6164
610
1902
1724
5436
2756
10927
9060
10694
42
5010
10375
5892
4640
7837
6997
9593
12586
11127
9666
131
4945
2728
2023
12594
3933
5276
12470
12362
3401
1074
12379
6291
8362
10100
3466
6121
11257
3289
6375
7413
3223
7585
8311
5406
9718
10124
7862
862
3474
3140
2797
8363
775
8474
12001
2970
8750
6511
2268
3246
12270
9196
40
5193
11546
11394
7289
12061
5169
10749
10318
8537
5982
5919
6400
9901
11639
12115
10170
8414
1476
11556
11873
2204
9119
8586
6441
7482
5438
9570
6958
10848
9474
4330
7710
12544
7250
11293
9806
1019
2045
414
1854
616
8269
9742
35
746
11195
8121
6324
6995
11581
5137
10828
9541
3257
864
2025
2850
82
8204
9066
100
4160
3810
12776
12814
8700
8830
11349
523
1432
8731
9659
9453
9218
250
1056
4521
9128
5478
7138
5180
6408
10216
5718
8753
5337
3170
2717
3998
2219
1867
11746
4115
8242
4749
7552
8482
7345
8356
12372
11840
2871
4318
2057
6154
2373
2276
2620
12854
12794
7112
1039
10304
711
4309
996
12098
6198
8871
8998
9318
9393
12073
12607
8219
7135
7554
8131
10069
734
9146
9639
6031
6558
1863
11156
9231
12807
1644
466
4201
2543
3089
6798
3814
2071
8143
10244
9152
11009
12163
9868
7795
3135
8127
5925
4499
6130
3309
4654
9760
3038
10618
1316
9197
368
11587
10055
2529
1193
8602
4514
32
7489
3654
3143
2198
6906
9142
1580
6285
7196
237
8728
11346
1912
2536
2972
10988
5746
1974
1826
3050
12226
4680
4462
9181
10772
10502
9572
446
5587
844
7388
3418
3067
11083
5836
3354
1674
2569
10872
7329
2627
12653
9692
6381
3096
3622
2311
4449
10491
9499
8133
8355
4014
7832
9608
9147
9788
12751
2283
1606
4977
4881
7571
7160
3807
9500
1579
1288
6793
1049
12929
7419
994
9201
10373
11862
3467
12413
5128
7746
5490
7924
3421
4592
9048
9315
7629
2727
11797
11760
174
2930
4700
3737
2034
3754
4338
3866
6940
5831
12928
12089
11665
2654
10675
7266
5632
6608
7301
5970
6648
12329
1925
7883
2342
2671
4543
1285
12693
7517
1119
7109
4432
2053
8465
354
2339
4869
5194
498
7408
1582
6631
9903
2197
12420
8881
10580
7530
7798
4854
9174
10199
3987
9443
8292
3423
10920
6760
7297
9237
11397
6244
9051
4431
4321
4366
3991
2768
10043
9953
1016
4249
6443
11709
6693
2583
9133
816
7706
246
11076
10989
12449
11994
12652
617
6458
10241
9428
10782
12068
8123
3076
6092
12703
11010
7258
1175
8556
1975
7586
3407
12069
11964
10662
12806
1596
7048
9408
1202
7029
9161
224
10510
3487
8348
7739
9015
4285
1061
10341
1216
9482
9562
1796
7645
12093
7973
4906
8190
9414
2370
7467
12992
2306
6724
8163
4672
10155
10419
6578
8921
4472
7440
3959
9861
272
3098
8023
10263
9941
9679
8798
8990
942
2944
10801
9009
2845
4441
5743
12612
9864
6492
1100
6471
393
5512
6178
9703
1313
710
12663
10074
12103
10925
8635
2223
5007
6033
9395
3749
8966
5178
8520
10440
10832
11479
787
9619
3324
3979
10380
1335
252
3602
10556
6212
4333
2432
526
10964
11447
5283
12119
6633
9614
10531
8970
6322
6497
5788
7656
10956
3372
4062
4494
7152
12826
11391
9688
12736
2301
8601
5485
10338
2842
5165
4899
2823
8144
4383
2144
6800
8444
7432
8478
2174
9689
11681
1837
11122
10008
12220
12382
10348
9542
7640
12209
10107
6728
10884
10139
10228
8345
2404
8253
9055
3872
12062
10581
12242
2487
2682
6462
317
10202
6984
12877
2010
8069
6637
3172
493
2007
8158
5270
8855
4250
12385
5311
1142
2765
3946
4049
12957
2718
7230
9307
2769
2335
5274
12364
9388
12432
11260
3024
11491
11380
10648
4513
12748
4538
6658
4539
652
9058
10657
750
12403
7161
1487
3313
9240
4
11752
9375
7344
9449
5844
3202
9670
2237
9554
758
6190
9582
12759
4636
6338
1624
11641
666
12469
4220
5402
2922
6004
2364
11357
871
5805
11836
7472
154
10610
1070
11848
9725
3166
4500
10147
23
132
3702
8210
8955
6652
3013
2108
4322
6385
8986
9833
1766
3760
10251
9030
12991
4277
5347
9791
8223
12689
1344
3633
10092
4782
7599
1932
12219
439
3995
5735
8979
1597
12984
9803
7963
11751
10867
11924
795
8099
4843
6626
1590
9979
3040
7366
1091
1643
2918
10787
10235
4280
6712
11237
10817
7464
6344
2241
4444
6450
9628
11963
5046
8680
12531
1255
10187
7045
297
12708
9646
9977
853
3521
9965
6775
401
6791
12869
12659
9368
5026
3683
4692
9286
5109
407
5087
7909
7543
6616
10999
6490
8920
4122
6059
7406
1340
3565
4452
3579
5020
11845
12990
8783
1015
5764
2422
11376
171
5820
529
8639
5889
5829
11808
2346
3242
5899
7945
8072
8588
12705
11815
4703
2391
8413
12761
12972
10511
4153
10982
4455
9170
10182
3203
4563
7902
8626
11170
5680
5700
96
1012
5224
12598
10164
6451
5791
2815
3557
1664
11362
9151
10344
6689
10011
412
2201
8666
9852
5503
12261
7946
8736
2653
3153
1562
7976
10054
9046
9654
4310
3164
12014
4131
11572
8203
12352
10919
12540
4266
6823
5773
4291
3234
9954
295
12788
12842
10973
4836
2946
8901
7165
7450
12353
12624
7999
2788
11521
5815
56
7743
6525
3800
9070
7497
5874
5346
2674
8850
11687
1192
5732
7375
10712
4903
8638
8205
4609
11125
502
11151
9857
6010
8464
8249
8159
6670
3366
6534
7488
3459
2284
5121
2794
3897
1961
8540
6399
11995
11744
3787
3337
5068
1535
2616
4646
2162
2098
6070
3327
9093
5085
3751
7678
3591
9353
8154
6678
8294
6405
6436
6378
5333
11224
10544
10951
206
11105
514
2555
9911
8796
12263
10346
3458
3184
11493
1381
10028
6674
12139
1804
12643
5056
10672
6612
6559
9973
6336
5152
9597
11003
3280
10085
1367
11568
6651
525
12191
9758
2722
10778
11299
5375
10546
8128
611
7028
3692
9057
9064
9036
6628
6261
10953
7255
12349
7913
10314
10067
2594
3081
8933
11189
9158
1847
9656
2227
712
8678
5628
1666
1401
4896
6502
735
2817
4013
7939
2148
10355
7285
3711
3853
4488
5003
3761
1371
4668
9444
8233
3041
5305
10799
6849
94
3736
4101
5043
11488
8663
8913
826
11901
10520
5187
8187
6663
12194
6537
5521
11074
6373
11337
5929
2690
4587
11103
2821
9304
8559
8665
4479
12138
7496
10465
2957
12634
10856
11982
9660
12085
4400
778
12851
10296
3011
4546
11281
9599
9755
8380
11120
2114
3886
5136
5907
3428
3394
5039
8031
4367
8073
4057
10224
4660
8064
11259
12702
4920
4840
9984
2043
11652
6994
8962
7665
5352
3389
6194
3347
2121
3253
7612
3593
8800
11941
12321
10088
10038
8274
9544
9183
7295
10312
1972
3781
4743
661
9118
3714
11663
11186
4465
2048
9331
5552
8178
9229
4242
7881
728
1883
1841
3335
10026
7423
6424
8447
3563
1499
9364
6279
12888
7967
3890
2550
781
8344
9127
571
11764
6387
5886
1420
9693
281
5381
6445
11110
6057
50
7861
9039
3742
7869
6673
8487
9591
8000
827
10089
4417
1541
6853
2590
4481
25
2264
721
6258
11417
9698
5203
8528
5942
4871
6303
6350
6094
11859
12558
28
9458
8328
7120
2625
714
10390
9555
8526
6361
10435
2495
1734
12824
9434
4215
889
7384
8909
7443
1293
10161
8757
1921
6605
6543
1140
10809
4853
7380
2739
10625
2791
10120
7298
7844
9445
10857
472
9221
12133
12084
10331
4274
3377
4734
5209
9223
8483
7282
3482
11219
12487
3258
3472
2906
6754
9828
5794
3500
4349
7824
9050
8940
11328
11689
9356
10649
12709
8074
5113
12966
11387
965
6533
3580
2508
8849
995
4959
12741
2685
5827
10838
11158
3685
690
12022
11595
9924
3834
5990
73
2434
5528
1810
10453
7978
7565
7436
10165
6428
3260
12778
8289
146
2477
6221
9137
3598
7575
12677
10837
7249
4186
10279
3770
1496
4194
9613
2329
2830
8068
1629
189
10494
9139
482
12802
10674
1617
9602
12833
9790
7989
742
2402
4669
614
3657
4216
9020
8516
9435
10846
3236
5728
4927
10449
3488
10077
757
5419
12286
399
2714
3403
875
10323
9422
3704
4844
5593
8756
3774
8934
11248
5567
4802
2328
7042
1408
9705
5316
11150
6591
8684
8365
1311
10010
8352
4810
9781
7525
5964
6687
2697
2076
12970
10269
11656
10509
9114
4615
2486
11962
1010
12359
7841
1292
223
12859
9687
2580
2936
3844
4533
7848
9592
8612
6079
814
6842
2733
2744
9085
9958
1708
460
3227
4643
12007
9732
3019
7817
8980
4294
5704
9019
1655
8819
5428
9130
5297
12574
1375
1635
1537
1260
8513
5642
2673
3949
11071
4832
12533
6921
7959
2001
6329
10082
6461
5940
1739
4969
9519
1484
7810
199
2180
4063
10687
12058
3413
12650
4683
122
10617
11776
8376
5018
7719
11952
7426
5689
2470
2465
1033
7529
10522
2296
6355
3163
8435
6063
3840
9080
9721
5966
2730
1214
1818
6587
3820
141
5502
5004
5916
740
7009
9166
9699
8677
11181
3970
1163
8263
12818
6001
8327
7670
12213
8287
6159
9323
7535
8226
5153
11562
932
12845
181
4433
2990
6193
11606
3637
217
3029
7875
5714
3850
9726
9964
12730
7130
9330
7317
1248
651
12870
12691
4923
120
3849
3513
9074
10638
3406
8215
10905
11588
2789
9212
9784
1971
5758
3931
4665
981
9193
2118
9483
12118
440
5075
11166
3660
12860
2774
3804
2310
3869
10736
11216
7452
2321
1463
426
3036
7669
2383
11852
11759
66
296
8790
6714
9632
6545
5962
7563
5864
1251
2900
1071
8854
9714
9594
3378
8609
9092
9191
8207
6920
7314
11097
10229
6894
12858
1453
7374
8645
1509
9209
4076
6785
10984
3980
7541
10639
4257
2840
10695
12541
3539
6253
5635
11800
11191
2211
12948
1556
5923
2803
3470
8771
2139
2776
2781
11273
10539
7617
11790
5175
9626
5667
5469
1490
4746
7368
2020
1723
7484
12907
2415
5583
9747
10493
10609
60
6002
11027
8208
5138
4339
3680
1001
10102
7877
6117
6472
1439
4405
5031
12942
9963
8748
10505
6172
2802
12949
4384
2677
8778
1561
11492
11894
11141
10188
6163
6391
10820
2205
9711
550
12649
2326
5693
5443
7038
1731
730
3798
1052
12106
4182
7639
2300
3276
1962
3176
10358
4755
540
4247
2314
5896
8737
6930
822
9120
4632
7287
1069
1038
3270
5358
2844
2184
7098
10840
8049
360
7596
12848
6147
4467
7548
5661
7090
9543
4233
6879
10886
5909
6199
11051
9914
1578
5412
9132
12850
12622
442
7338
12060
8012
8258
7615
7082
7386
11433
12418
4855
4767
979
1086
1802
1636
8214
300
8330
3044
2163
3712
9663
8749
3145
4562
10488
11717
11236
8517
8086
10117
1235
10607
9775
4184
9241
11691
12336
3216
12295
1287
6654
1745
4457
6603
10247
3317
2751
764
8803
12981
7681
3925
7801
3082
5767
9561
6740
800
4525
2951
419
2994
8278
5678
3267
11604
12150
9361
6107
8931
11302
7102
807
4956
2172
9498
11571
6127
515
12581
443
5993
1029
3114
4162
8
9854
11644
6859
8543
4857
2911
8331
11830
8521
1638
8193
9878
3743
2337
6579
7068
12795
10761
3160
12619
9983
5826
7097
2700
663
1183
10794
1831
990
10326
705
1897
8314
10983
3562
12547
12201
3611
10770
11970
3249
2257
2458
11715
2218
4599
10890
10274
8341
8083
1047
6105
3325
7086
2017
9095
8182
2669
8234
4798
9625
9768
4550
4260
1845
985
1903
12255
3218
7288
6557
6403
3526
7087
1097
3157
12747
9363
7938
8227
2578
3077
6528
11999
12985
5900
9347
10576
12448
2993
10196
9968
2865
8122
1107
10031
7002
10767
7534
6288
6734
5921
11596
6563
12269
4074
2146
9534
10993
1446
7007
12327
4794
8326
5920
6084
2155
10152
10623
1984
6840
5519
10051
3739
6078
12755
12941
10058
1478
7593
8917
7242
1523
1222
2754
12016
11047
3051
6731
11136
12104
11731
3182
12883
271
5779
3848
9946
10253
4064
10793
12247
9472
10697
2243
11856
2117
4327
9931
7062
1564
12891
5064
12289
2645
8837
11053
846
3836
2307
7622
4984
1936
5725
7661
4124
10248
6376
2088
1900
5935
9473
1512
5369
12855
10065
2587
5608
3136
11899
6061
99
4450
1911
6953
2168
9159
904
10466
10849
8954
2907
7532
11310
10273
11467
9887
3867
62
11160
290
1759
11833
4800
1794
7748
3968
10050
1416
9065
2149
1650
3894
2469
9587
5380
6589
11311
2902
12452
6211
5349
8026
12873
10942
11699
499
2000
1301
8655
421
1721
12330
6473
5354
6762
5692
4152
7107
4873
9418
4890
5387
8582
9108
7276
9394
6088
4246
1908
7208
9144
10904
10961
12417
5393
10551
6643
8151
4510
7385
12129
9401
11908
10238
1611
11437
11950
2181
4695
3540
3447
7310
484
593
8495
921
11400
10066
11393
8392
4386
2323
3972
8535
11662
5036
9102
5821
5630
5073
1300
5310
8167
7055
718
12592
7540
9456
10343
8992
1890
9026
3582
4354
12003
7633
5543
9642
9425
12384
9982
10121
3723
10574
10119
7675
11395
11655
3651
9398
7281
6664
6006
5472
7060
10875
672
1690
256
8761
6484
1588
5418
1471
4106
6410
6264
2914
6141
6711
8090
10604
1102
1462
6416
7762
12687
11272
11227
12221
11633
2334
2317
9310
4004
11473
8978
4011
7732
8293
4557
5741
12421
9630
1550
10573
8129
3635
142
4554
9897
12812
9727
5851
9661
1267
8152
5456
7509
2694
6871
5882
7791
4440
2987
8369
11007
11264
1583
6851
958
5778
5410
8696
1473
12809
11737
12560
2002
5124
10707
9469
8264
8037
5149
10176
4818
6186
8982
9981
1409
5127
3934
10352
8710
579
10385
4776
12411
3718
3056
2319
4108
3021
3675
8375
7812
9756
4806
1445
12518
9856
3052
2313
6047
7074
11348
5338
3427
6947
4387
6779
12728
11462
1703
1822
1947
6119
10158
1355
269
9442
4089
11960
9824
12494
3290
10555
7608
11183
12955
6927
7607
11247
10487
3468
9244
3727
6955
3877
3726
5866
12969
12172
11309
9840
11716
12314
7603
9545
2078
7151
10598
2619
8976
429
3015
5298
5264
3520
7189
4622
6884
8360
5930
2884
9340
5321
3147
4731
6509
12894
2858
939
9493
10232
7175
8977
11627
3243
4542
1448
127
12034
6956
3099
8100
785
1764
2538
10068
852
9512
5330
7666
10393
2363
10310
1820
10631
10733
2664
647
5842
449
10995
6535
5573
136
3320
2128
7399
618
11586
6015
12821
8583
6142
1801
3268
8245
7898
1584
9186
7156
1522
12392
4461
7365
10239
12099
3535
8168
10665
5097
4323
4819
12434
5205
7584
9360
8268
9627
5293
8555
830
5301
1358
1089
8055
8298
6293
726
8222
3341
10508
3719
11884
3673
11831
7200
229
4284
12835
185
9798
106
6657
5161
6855
557
6028
8762
10376
7570
4144
323
12065
3818
12588
11475
1360
4379
12021
5857
10332
4355
551
5775
2292
11694
548
4763
10275
7775
12524
8932
9452
729
4600
5958
11292
11476
6632
8869
10862
5898
4780
6858
4939
47
10083
8805
3237
9925
1031
10305
12079
1368
12376
11576
4027
5425
4681
5494
4169
7694
11246
9075
3175
6475
5167
6861
6966
12095
4324
4624
6353
3945
215
11184
10126
3255
11307
5299
857
11788
1059
4981
1800
12206
8587
8585
12786
12936
3550
6865
11692
1198
9134
12324
4209
10960
11241
12666
9607
6794
415
7920
6025
1434
5440
6751
3058
2586
12613
5708
9029
5477
5959
8383
7865
7519
6978
7274
2385
5339
10985
9763
12668
10921
8150
6506
6924
1182
8177
8567
8409
8709
12323
3996
7081
7150
2233
1025
7367
5368
10060
6723
12051
9336
1078
144
4707
9795
6707
1354
5823
5643
3002
4849
5501
205
5965
10897
7523
41
2887
6817
1706
4008
1112
1474
9780
11882
11198
10048
10405
9103
538
1730
4620
7867
9785
8417
10401
12017
3156
10454
943
1236
1787
11829
6675
1324
6312
12081
8052
11688
8396
7587
9386
1234
993
7174
6981
4823
5391
1647
2881
12901
6151
3293
2933
8022
5308
12428
2604
6226
1996
11423
375
4069
11034
10550
2539
6581
12874
9011
1018
650
6096
6455
2813
8490
11373
2294
1786
7418
1122
855
7630
4328
961
8397
8472
7369
1830
6854
3847
3665
12218
10090
12706
6914
11757
2484
4553
7582
1516
10489
5466
8308
3134
2846
2517
155
249
1483
7613
4792
2876
10507
7738
7788
6051
9598
11114
8438
11819
197
11762
7430
11466
3269
6690
2809
11705
3940
4043
5324
11904
12701
5195
4520
10111
12559
3443
1532
3855
1035
6110
1934
11107
343
11613
10685
9125
6595
1433
8394
7804
5207
10800
7984
11427
1349
12593
7495
7474
9069
8610
7390
10824
3078
12609
9907
11330
4357
12628
4704
6721
5343
11040
4758
10671
9937
8647
597
8257
2558
9333
12522
12636
978
8405
1843
6969
7611
10608
10667
542
5670
7895
655
5286
2894
1127
1967
2608
3655
635
3411
5998
5340
6669
9068
12076
3592
4859
10127
12808
273
2559
12781
6752
5875
7966
9595
9090
1065
6036
8238
5550
1191
11885
8202
195
5013
829
7847
10353
10236
12334
9461
1688
2822
1992
12680
7631
3799
6831
12248
6150
832
376
394
1519
11879
4793
9342
12501
7370
5005
12661
3663
508
1860
6870
10370
7679
7505
8611
948
11863
2251
12698
1274
7764
9940
10855
1619
476
10200
9566
9580
7218
2410
5631
3208
7442
1276
494
6483
6778
992
10033
235
2901
10036
1337
6368
12332
10681
8455
2221
10597
910
8174
5687
1126
3644
10429
8941
3104
12482
5344
4515
6259
12805
6305
7651
2482
4975
4084
3071
7311
869
2955
7680
9927
1099
9097
3613
392
4627
12863
1571
8566
615
1347
7499
6011
2637
11922
8996
1803
5629
11361
549
12257
10630
2630
3043
8406
4264
341
3454
7692
11794
8804
2795
1414
11084
4531
5999
8390
4987
3229
2466
2903
61
12982
12679
10619
5884
4111
2004
12836
8296
10708
11954
751
3625
8579
3128
1882
9267
10709
6005
9228
4350
9000
1870
6782
3669
8002
2713
6667
12569
12024
11377
3698
8744
9407
11481
6666
10402
11266
4326
1508
3713
1677
3678
4272
4178
6730
6959
169
5441
10878
3960
1400
10879
8717
8050
8965
12419
8367
11082
984
12111
11560
4619
204
1553
9675
9357
232
444
5228
3414
12638
1305
6476
9490
8244
2783
85
4207
9523
2157
1262
12678
10160
11630
5810
3668
9549
12164
653
4159
6027
12520
3063
4458
2680
4744
8894
7318
4560
7917
8118
12673
12143
3595
12050
1026
12053
1319
6122
9503
8428
1132
10690
7031
8672
1277
2897
5560
12951
12080
8453
9527
5598
1823
9327
10040
11331
3368
12799
11457
6574
3634
7860
6162
1716
866
4147
3031
12367
2099
1258
11304
10564
1531
6992
1889
10258
3615
12803
6155
9402
11802
6822
2915
10432
4655
9615
6503
4343
2731
6538
3608
4273
10557
12267
10325
6746
6143
9811
9921
6796
6109
2877
4588
10496
6972
10189
2064
6242
5479
5307
5325
9160
11857
6820
12483
621
945
10702
12529
3450
6481
572
1751
2288
2720
8138
12100
592
7372
5975
5226
2692
819
1393
3456
5646
5335
1641
3200
12373
9334
11403
8299
3315
12394
135
6713
2356
11743
821
10797
7270
5170
3266
3094
148
5389
12072
786
7741
3455
8076
3314
239
4852
3416
12348
1184
812
7598
380
3130
9222
8457
12282
8637
12923
10280
9912
4983
4826
11252
6758
3578
6083
7471
9797
1631
5052
10354
10421
110
11896
5383
10561
8915
4809
1970
1529
10524
10498
8105
12796
1159
1694
12830
12216
12315
9609
3232
7583
6446
2981
9648
5539
7069
2399
5769
6807
11126
125
3823
6737
6813
7774
5092
3003
2481
7892
3161
7986
4998
11253
4709
10183
12499
6650
713
5404
8839
7604
10032
409
10327
92
6247
697
2073
4226
95
4733
3192
10381
724
4477
8386
9712
8890
353
1737
1853
10850
9814
9573
3597
12798
3572
12409
2591
11452
11360
6301
11099
8212
3773
5971
8368
2595
12553
3127
11261
8781
2609
11080
5372
12039
6065
5059
2699
12740
11455
5518
10317
7265
3110
601
1129
8816
11931
9409
8785
5186
4016
6474
7766
11541
11701
3479
4804
12779
3762
6347
7953
12862
5183
3115
509
478
7672
11558
6910
5881
9934
6345
556
1869
3231
9556
11647
12488
1995
9290
1547
10315
9866
11484
9794
9783
6384
3351
9325
226
10636
3057
12287
2380
10096
2298
319
1973
1464
5565
4256
11468
4865
7300
2344
9154
2423
3185
8277
1263
11651
3409
9765
12825
12243
2351
121
2635
1986
4926
7018
3118
1600
12700
7162
8777
12577
2732
5796
10020
9432
3496
10223
10725
6520
12127
12408
8097
5001
3951
5561
7626
2826
339
3716
5688
4866
2554
10265
11773
4946
11728
6922
3687
11180
8650
683
1968
11113
9343
5284
1876
12043
6905
6609
5483
454
6829
4705
6197
2255
9150
2880
9450
8595
4919
10000
3708
10287
5817
3142
11559
7674
6233
2526
3074
5118
2575
9480
4019
5058
8005
10351
5202
8201
10399
9049
2963
6363
11637
11686
4261
7852
8307
4886
3206
7216
1244
5510
5266
7723
2461
5306
1991
668
2908
2831
8081
8615
258
4090
12387
12086
4009
12994
4885
2801
2140
1130
5953
6396
7885
5734
6977
5089
8220
1515
2570
9479
5978
9278
11442
4559
11314
12285
4912
10416
6349
8893
4547
8372
3755
4197
1649
3437
1720
8851
2092
6700
679
9195
859
79
7868
2582
6306
10534
293
1776
289
1901
10945
3628
10481
4157
9978
6429
3829
10885
9834
10301
3299
3642
918
6586
5674
9217
10586
11094
3545
6267
12591
7872
7257
12527
4187
804
7806
1441
6148
11430
7735
9028
12878
9611
9302
12346
5288
5596
9529
7143
1712
9171
9684
12004
7932
2509
1058
608
245
1411
11480
765
11988
196
6812
5278
11172
10696
7033
6224
11724
5117
3863
10732
9694
10130
9224
7753
5913
7176
8545
8575
4788
4411
9273
6886
416
10013
6567
9991
11276
480
2446
9281
10986
6499
4571
11566
8784
1715
9604
8491
5331
12614
10521
5107
4491
11295
6843
8225
9380
4020
584
3508
5515
10931
7655
4740
12331
7001
1950
2145
10826
9832
5327
177
7833
4861
7756
8039
7429
6469
7901
5006
9071
6412
5716
2047
9522
6037
8361
1243
704
4989
5179
9257
10583
10922
3990
2658
1648
3291
4118
4870
4005
12479
12141
4911
2533
7362
2945
2358
8702
4166
3812
4528
5572
10891
8281
9913
5906
6602
12939
522
11992
12597
8576
3819
11178
12766
1922
5837
4931
12554
11849
1815
7066
5247
6624
352
275
10958
3365
12029
9629
11316
5285
5431
7256
481
1999
1905
4742
5904
11861
3336
12185
4585
4044
3086
5353
8228
10868
4942
4155
10910
12134
7642
5707
12667
361
10940
1816
7393
12468
10859
5747
3643
158
6153
3338
12717
4352
5871
2371
3686
7840
10477
3693
11725
346
3205
7268
10434
318
4389
12322
7277
2561
87
8801
11129
4838
7714
12108
9463
10410
116
438
1297
3097
11783
1781
10451
5545
10703
5506
11684
4879
963
6644
12454
1314
8216
9691
430
6284
10221
11104
6250
2892
3601
5374
5721
7859
81
1919
10148
12904
12008
12041
12055
11933
4579
4420
9100
10516
3198
8991
3524
4035
8480
3010
4522
12841
1840
4766
1966
161
7501
8779
7925
3379
10246
1121
9524
6810
762
3070
7316
6611
149
10718
7879
4199
11008
11740
6943
2131
7856
5289
8634
7845
7605
6229
372
9088
2612
7931
10034
336
9808
3666
12258
7193
12998
1943
3583
1651
9316
9749
4833
12583
5063
8533
218
2265
10783
6003
10528
1342
11915
12360
8720
11739
175
2562
10802
3744
10162
11768
1935
11339
1536
2331
270
11192
3316
7566
8658
12681
8820
5712
3382
1568
8735
3151
112
12627
8714
3264
262
5495
7129
887
5584
166
1219
10572
11886
12265
1221
2316
12083
10322
3297
3087
6569
5096
3575
4814
7204
4644
4578
12476
8381
825
4934
9492
5401
6081
5086
6890
11263
9645
11795
5742
11101
8400
5960
2965
9433
7555
5223
770
9155
6176
6548
6457
1199
14
6337
3983
10578
5538
1266
6009
631
6769
5675
7836
4729
2052
2409
10719
12438
5977
5517
7676
10219
2515
3376
541
6655
10753
1082
3400
10676
6182
9585
9293
8532
6564
10603
6756
4653
12629
8125
10180
13004
10441
1528
97
11697
12662
11926
4614
9306
8160
1542
4864
11548
2429
4950
11535
10497
6048
6160
5897
12211
8025
12777
453
12169
10864
8437
4894
8949
3248
2888
12840
8713
88
1465
1281
8309
4148
1085
11098
5877
3329
11781
6715
7333
815
5067
8898
11579
4234
84
11975
138
10330
7172
11991
5762
4730
1587
11823
11864
10987
11174
6572
7592
9376
8033
9735
8947
7796
8841
10680
151
12738
9250
1286
147
2406
783
1294
6960
7737
10653
10816
3294
5453
4892
2425
6993
7634
11333
4344
11013
3700
8857
1581
6380
12048
11205
10025
5361
1630
2764
8051
6012
6278
6067
12511
10659
9335
10486
1005
6768
7814
12566
824
2500
10071
11300
8911
7721
6314
8667
8807
6913
8038
10142
12731
8246
8572
12173
12578
12995
1511
9930
12514
10337
8504
6745
3272
4862
11871
5858
12971
12562
4817
4022
1660
12274
7944
5024
1772
12046
3509
7470
4139
11685
12147
12040
11533
9842
303
886
469
2910
12710
4010
9774
2447
1505
5253
9297
11089
4375
10123
10684
7446
10178
3061
10880
2224
6660
10621
5094
11064
3889
5709
10420
4311
4356
8243
3449
10777
5888
4772
471
5553
607
2771
8897
6319
9153
3375
6459
10512
3537
10122
8486
4224
5077
7972
3332
7134
4308
6900
1807
3544
11359
6274
2082
9559
11898
12896
2403
12694
4006
405
2879
10368
6328
3974
7780
3462
3653
4219
9367
11446
10212
12927
11052
5268
2413
12484
4146
11549
6508
3452
216
2707
12326
1036
6517
7779
12157
4116
10472
11022
7958
2395
8868
1770
12526
209
9896
12582
10333
10679
282
5162
8412
9819
288
1328
1956
8581
11245
8067
4536
4974
8599
12153
8408
639
11622
6166
109
10302
7260
957
2574
4504
9516
6191
2614
8812
9014
2228
669
8155
10614
806
716
11251
9173
12543
7184
10407
3803
4176
6627
12934
486
9997
11890
11948
9251
7521
12074
3060
7818
5594
10076
9485
7823
1861
1938
9294
2749
6530
6863
8162
9869
6736
987
8140
2853
2532
719
8058
6985
6852
1793
1637
9040
12623
1806
11401
6292
12231
3786
7110
7398
6444
201
2245
790
4078
4208
10517
7084
6799
1028
2976
11703
12793
5514
7948
5530
3701
9391
7886
12491
3435
10406
1525
8084
5698
12344
4099
10400
10313
12834
8024
3913
7545
9135
10971
10271
10935
107
4647
10972
5251
4503
693
1877
1958
11449
2960
1111
11203
7855
6688
5471
2332
1298
7614
12605
2014
2150
1548
7961
8066
10131
1927
9042
11211
4301
12375
1006
12919
9530
11356
4210
9413
8146
1090
2847
10979
2974
8828
9285
2599
2617
10316
2859
11379
6493
8476
3632
4109
8751
4815
9848
2133
10433
10140
3265
2927
5914
1953
8877
12536
11351
7123
10748
11542
11324
4065
12493
7353
1436
1736
2468
10198
8708
12160
2775
11318
566
12723
10138
4267
1521
1899
2816
8919
5957
7072
3273
1700
3238
12922
3111
7127
9397
8509
686
7315
12580
9253
968
6138
7826
7137
8452
12797
9915
390
1573
12189
748
4036
2782
13005
8705
1421
7227
3390
3769
6515
1575
9162
7177
646
11855
9820
7752
6744
5697
7821
4483
3779
9717
5008
59
10894
5377
10227
11197
9468
12844
17
7546
12630
2982
681
9476
7180
3788
8823
838
2518
3152
5100
9960
5586
11582
5468
9754
2584
8404
6635
3515
8485
2222
9358
3434
11015
12023
4236
3871
7179
202
5143
4516
8110
7118
492
12546
11949
12414
9947
9511
6877
10177
5112
3348
10250
6536
2683
4769
3146
9957
9980
6802
10467
1209
11229
12993
12617
3937
7224
9623
11577
7271
8080
5676
8558
11818
5936
7052
128
4598
6795
695
535
10303
12646
8927
10384
9740
8822
12471
4908
6447
9708
8061
7878
8040
12857
8604
10596
12357
5126
8551
2913
4748
86
5765
11648
4312
12045
1645
7720
10887
5356
12620
4760
11146
6415
3827
5756
12980
8882
7767
1930
5566
5011
5972
1253
10812
12180
6136
11961
6042
8019
103
753
11812
2167
3569
6426
3854
1007
8279
860
4015
4710
10807
7004
8475
1702
1850
11620
8734
4511
2177
6335
9126
8176
7550
3688
4944
3046
9031
883
10530
1871
5173
2095
10166
9710
10698
1296
5748
6401
12813
6334
7500
8958
7211
10689
5359
8698
11020
10267
2291
935
9618
8994
10641
4276
9272
11713
8594
10091
5532
6935
4699
7725
7085
7849
10063
5979
5057
9454
547
1856
11554
8721
4666
441
12978
168
600
7309
1735
9344
5997
90
782
7465
8983
3048
11075
12724
9672
899
4229
5019
9313
9521
1602
8530
11698
3494
5908
5751
6819
7117
2841
7331
5652
9898
3735
7576
2745
3874
10655
520
8929
12784
6560
7473
9579
6827
1775
3573
5911
8928
11463
4170
11336
11887
6089
1152
12839
431
9198
238
578
1304
8695
1419
6824
5424
12302
11443
4941
4161
10882
709
6836
5407
1640
3144
5669
4649
10519
2566
9658
6241
3441
5040
685
1779
11345
11978
5155
2843
11534
1444
791
8831
4275
4868
6354
6982
11038
12121
3491
1138
333
10682
11822
5580
4690
10437
6704
12087
3330
7147
10018
8297
3286
754
6729
4438
5366
7995
91
12275
8030
9821
5544
1310
6676
5233
12165
5855
8181
10046
8592
900
8688
3568
2695
10833
4701
2615
8467
5480
12277
7625
6500
1951
7254
6838
2414
8009
7744
12933
12070
6516
817
5933
4471
4244
1050
2715
9729
11722
6784
437
12319
5042
12684
4938
1608
3095
4957
9175
9034
2387
873
11199
5000
9247
1284
10523
173
475
8889
7210
2985
4545
4407
311
4728
4412
6590
1792
12626
3600
10745
4163
1539
5783
9910
3617
12254
10543
11470
2040
6965
3285
3322
1717
1526
10209
6857
9553
6519
9918
1250
11124
7391
3614
8984
5912
3888
12437
7685
4745
214
5498
8462
7468
11117
11176
554
6882
6659
5188
6797
3689
5248
8863
11116
12762
8506
1461
9495
7782
5168
2333
11250
6621
5123
10869
8681
5623
2123
8661
2766
3311
4575
12754
1604
7459
12183
4880
2021
9255
12804
2711
4820
12565
2027
6549
5028
10734
7078
6411
12570
6789
5950
4174
6364
10677
8301
7425
8675
4898
6123
1825
7908
11270
8429
1681
3486
673
3843
8411
3858
4993
7396
9411
8198
10911
3362
54
11602
8373
589
10633
3105
2723
8685
4830
2050
3035
10041
11733
3187
5782
5208
7126
9143
9813
10518
8512
1194
495
10928
11340
843
6430
5204
6932
4527
6749
12126
11145
11801
2890
3690
2542
1574
9266
12440
9236
3190
10727
6770
890
633
12203
9682
11173
364
3357
11282
11719
11977
1261
7337
6510
2996
10109
8091
2340
3201
5633
567
3599
5531
2670
2249
11350
4716
11957
10990
2870
12309
12307
3148
1366
2552
755
928
11784
1500
387
11677
6901
9653
5983
10087
3196
12674
9184
10225
7992
930
777
5386
10654
12358
9884
10762
10841
10143
12847
6733
2405
12195
12390
2757
4369
911
4694
2938
8806
9817
9847
160
3318
1176
9385
1917
8906
12600
7933
7863
12937
3374
11723
12467
11131
6518
1566
257
2299
7988
9296
4544
10915
8366
6792
8456
3215
12426
1795
291
11785
10097
12137
1455
6052
2926
1080
9352
4725
12142
10256
7225
1283
12940
10901
3042
5833
1714
11624
10030
452
9448
11132
7124
581
3554
11671
9112
6989
9506
6425
9942
8827
4378
4181
4526
3558
1200
9589
6986
2016
7421
4904
12938
9024
10686
4778
8170
7835
1577
7014
1299
5088
11603
10249
8969
5140
5617
3189
6618
1824
11727
8335
11591
10372
2378
955
4134
2759
6716
6898
10159
2681
5454
3037
3570
7572
11228
12642
12063
1868
5941
517
9459
11490
4252
3640
9976
1348
6622
10415
8354
12291
12988
8589
6833
6030
10345
10403
16
4685
1821
2194
5757
7022
6169
10186
1174
6008
4026
7064
8729
51
10009
8896
10763
9612
1317
6677
3629
3495
11710
11680
6449
9487
1067
4135
6202
9923
10634
1218
10364
3638
5184
7838
12517
9577
3577
5332
10079
1212
7564
187
5917
6432
11440
3731
7051
10118
5611
164
10699
5430
6283
1000
4713
3596
4708
12273
6876
2510
1323
12765
11632
8189
1066
4747
2861
2431
12109
2293
5309
10819
605
9590
9966
5465
3066
3397
4986
8618
11892
55
5963
4072
2806
2408
3826
10106
9667
12297
4059
10257
10632
6699
11874
11531
8565
10072
328
3405
22
3543
12552
5736
5956
6351
10861
7742
9
7381
3383
4473
4241
1976
1942
259
4875
4025
2588
1450
6743
8876
6808
4961
4712
741
2747
2394
6772
5832
2401
2417
4120
11626
11460
10213
8671
6413
8607
1334
9697
7400
4018
9616
7911
13009
9975
2854
8093
11824
5103
7717
975
11827
1622
1485
1363
3168
1062
4150
4882
7506
12568
10417
902
7588
11767
2537
12318
1406
10387
10804
12236
9719
2269
2796
10324
301
10774
12996
12924
1676
6149
1442
599
3609
5768
6406
10602
12876
8407
11193
7947
4618
2687
8062
10981
6874
5744
118
6703
2943
9827
11842
10450
8686
6431
6623
1705
1978
1374
12283
248
4648
6045
7749
1725
4002
6735
7091
9381
2361
6418
186
7643
9782
4103
11828
4564
8290
2173
8420
6893
7043
12369
10205
10642
8651
9510
12774
9669
573
2662
10349
7235
2613
3180
3992
8107
2958
2290
771
9876
4795
8421
2780
9117
8451
3541
3016
10765
6937
5863
2647
9764
1761
11063
9219
71
10930
10957
10175
5938
3162
2585
1402
8458
8741
4954
3782
2975
6573
9227
461
5727
10243
4196
2576
12366
9362
1784
5360
1678
9893
3797
2473
12122
11046
10768
11163
183
3590
7650
10912
2935
4028
9008
12013
9005
11891
11659
7000
6942
10606
6498
1338
2289
7786
2603
12370
4416
10908
1282
8271
11215
5287
8691
6359
1654
3126
10808
9900
4887
11042
8838
5122
10830
6299
3359
12222
11190
11159
212
9644
1303
10815
11986
114
1231
8316
10272
11023
8550
9165
4678
9920
4029
892
9446
11501
8027
5600
7998
4237
4223
4047
6230
3607
9770
798
10710
8501
10163
402
1884
11793
3679
10073
3553
2156
1599
6897
6266
8305
10757
10506
12361
3256
10624
2667
1618
6077
5737
10548
332
1054
6527
2277
1940
1675
8224
4430
6647
3806
8758
12589
12012
4781
8057
701
12616
1517
1440
4696
9355
10234
1937
3923
11320
689
6437
3560
6196
3757
998
227
7113
11979
4149
8836
11495
885
8306
1190
6118
6720
11413
12964
2353
4030
923
4448
10731
9999
7527
10320
5249
8817
6592
8340
5516
3505
11207
2804
11843
4297
4368
7899
7094
772
2476
4112
10037
4165
11504
5597
1620
5610
89
845
10764
11133
12881
11144
2505
5615
9383
1157
4529
936
5927
9169
2312
6505
3275
4073
971
1817
7076
4965
8137
11148
5853
11456
629
5841
324
12871
6207
10742
10813
12230
1969
1852
670
8656
459
9163
9477
840
9346
12193
595
9641
8111
1370
4999
11966
1384
1246
10540
11472
5665
3235
3952
7049
8075
6213
1595
4113
2494
11791
12018
7016
8395
1565
2185
2899
12823
9059
708
1034
12918
11005
3049
10759
10651
5702
12696
6889
5342
12707
8288
4361
12820
8742
3574
11765
9508
9384
2551
7153
7044
7190
5451
9532
7813
12146
11951
5867
8523
6629
11953
999
5696
6440
5176
1346
10129
4808
12952
4651
5213
1217
1567
8171
997
4827
5014
4693
5750
12038
1449
5686
12656
8423
11860
11378
3909
9199
3391
1916
3672
7142
5559
9635
7893
8840
8989
8584
5771
12910
4068
1382
7698
12335
10157
9246
306
9305
231
11969
6780
11255
8692
5326
1042
4785
933
9214
10579
1452
4185
12296
913
12532
2492
9329
3811
117
1661
7754
8497
1864
8449
2527
12430
9863
2297
3671
3177
4995
6718
3360
8767
1513
5467
10835
12726
6598
12057
4764
2836
3776
8230
10567
8126
5422
3388
2352
8544
1257
10266
3261
6526
6902
3370
4876
8515
2488
6300
671
7897
12752
3860
2273
9723
4255
9341
4429
7167
10297
2633
10492
12088
3795
12885
11585
2786
2719
6016
9681
1395
4053
479
7404
4807
5568
5348
6034
12590
2778
2544
3298
9902
413
1457
7272
3956
8275
3880
7637
7089
7940
5523
643
5134
12474
12178
10924
10195
7703
11142
1106
7990
18
2005
8273
12490
3103
7340
5350
9280
12521
7736
3649
7379
5599
5095
2513
580
6597
11570
10411
7252
4403
1873
9003
545
10949
1560
11268
2948
5564
11081
665
8282
432
11230
8926
2066
2077
6192
774
5009
497
4437
10136
11599
2657
7186
7217
9891
768
24
8018
31
12682
4316
9234
396
1621
5535
7771
5845
8622
10386
7139
1742
3181
5041
2549
6848
12177
8109
12979
558
3154
1557
8593
1656
3412
6181
7726
12412
3841
11907
6973
8240
1685
1134
3478
9929
1040
2964
1109
2863
9922
4720
11998
75
7900
4460
11851
385
12908
4837
11039
4812
6108
2934
4706
1376
1977
662
9447
10485
10024
7290
5081
12695
4091
10169
6265
6919
7690
9871
2530
797
7619
365
12239
10299
5277
11805
11990
349
11386
1594
4537
4593
10791
5754
2742
7192
8623
882
7357
10427
1095
5486
922
2107
10587
7887
6504
8261
1108
1177
5537
12422
6767
9709
1572
11695
1875
6757
2531
4914
5683
11729
2676
10383
2721
1729
1520
6419
7684
1805
12892
7019
7906
5603
1144
10116
6093
3935
3783
7360
5355
536
11866
11128
9063
3767
10226
582
6630
1318
3966
11375
8113
3349
7696
1767
3955
7003
1872
12599
10443
3295
1249
3214
2937
7451
6200
4000
10750
8317
10533
10306
10261
3831
5373
8903
1466
12690
9874
11518
10023
9204
12187
4664
7912
8008
11367
12890
3661
7092
7299
1743
7747
3000
8768
7278
3034
11200
1747
6128
9504
12399
10906
12732
4110
8304
4031
1552
766
1076
391
7114
5507
4230
7343
9420
4642
5115
8525
10889
7969
11086
6216
3240
7037
7590
10628
12171
1585
2787
3641
8503
2646
6964
221
12338
5135
10503
7539
5891
5534
9043
8715
9089
4773
1435
7100
8047
8912
3047
12424
5856
11799
7181
5091
10456
3069
12505
4203
7154
12551
8829
12729
10369
4933
5551
5182
9909
464
10790
3174
8865
2428
1625
1181
11741
3439
6448
5840
11811
10992
11880
6975
12930
1527
2835
12066
725
5969
12374
2330
8374
11909
1894
4839
3962
3801
7559
820
12828
7202
2668
9996
4845
8351
359
3194
6304
11730
6818
6620
3899
6895
6367
12154
3385
1241
5072
3259
2305
6435
12579
2735
9157
6755
9962
12300
10563
590
5766
4566
12665
6961
3530
1881
6262
11593
10902
7012
528
6697
12303
6085
8662
9809
389
6232
5834
12525
1530
3119
4822
11342
4083
4307
7635
9044
4596
1431
12149
1778
11204
10012
2977
4427
6739
3092
5294
12312
10562
5500
6710
11041
4017
4048
3514
9875
7346
9841
1093
7223
7688
228
3857
4574
10876
8887
3186
4340
6053
6638
2106
11232
3864
11649
1289
5641
287
4549
3141
2512
2895
12158
7520
6307
7560
4801
7816
3941
9936
11202
1268
2327
7785
12478
6100
4507
1131
678
4711
3250
1835
9617
3326
9378
8175
8477
11425
1918
1359
9515
10845
7209
2875
12733
1728
3014
7491
8470
2568
5196
2372
5062
7551
2553
234
8703
8313
11841
8867
8188
11502
3552
6222
10363
803
11809
3963
276
8988
1270
3319
6867
1014
2973
4392
8195
6152
8716
10874
8041
3481
8270
6726
6356
11226
5231
9216
7704
4088
9536
9621
7454
6058
3139
5932
5154
7513
4436
6294
12431
10600
4756
10446
4451
6217
11341
4045
5861
7580
1998
6971
6323
9481
8834
6189
11690
4470
6302
9466
10125
9540
2606
5786
2962
10154
10926
1554
1756
5602
11088
386
6320
1612
12719
3386
8856
5624
4582
11772
6240
6021
5818
4558
10744
931
10347
947
1227
10252
6180
8191
7904
4973
6326
4846
2546
4092
7544
2565
3745
7734
5261
5592
1960
8711
2632
3733
9389
506
6825
3566
1988
1479
6024
4254
331
8059
7144
7929
2190
3957
11803
974
10039
5903
5760
3533
9460
2261
9877
9551
7185
8319
5609
7662
11296
9406
8726
10613
7985
10825
12783
8905
9967
5869
1320
6709
12354
11711
9671
731
8116
11673
9751
8035
5738
3408
5392
9131
425
5636
7668
4077
7032
8403
4754
5411
12523
12276
8960
3699
179
74
5076
583
10276
4453
11497
10093
10268
11428
12790
12031
8032
682
9831
10174
5265
6099
4548
2147
4332
10711
5367
9704
5432
347
1278
8597
6402
7308
2995
10795
7017
11058
10447
11262
11526
8891
7422
644
896
7115
7793
3398
7116
12306
12875
594
10666
925
5303
6776
11106
9379
10455
8185
3631
9488
3301
2322
3813
2231
6019
11869
7324
1939
8276
3489
12047
12460
8339
8209
11646
2362
6944
10784
12320
8338
10716
10112
2443
4351
10538
11942
7245
2338
12140
10976
11584
10391
11035
12519
2953
1418
4346
9006
9136
6465
6903
2567
3430
9637
2303
2979
1510
7351
7510
4263
2416
1663
3709
12333
8180
6834
7981
4278
7982
2838
4114
3612
12395
10743
11927
11747
12027
1135
1696
9232
8995
5029
12166
1813
6585
9816
5267
283
12042
12325
2808
6487
6064
10052
6656
11660
7284
4094
6725
7695
4292
8687
10114
9584
4085
6826
628
12020
5548
321
3006
1926
12145
3350
7075
12337
4434
11770
7463
9416
5420
9647
7707
11939
3334
756
9377
9744
11185
9455
2629
2176
1290
7035
10740
4726
5902
11414
3538
11678
7131
645
3399
9496
10721
4056
6362
11306
6806
468
5621
7621
6566
564
7197
10965
1386
4050
11748
12481
11287
4607
7537
1379
10870
2407
208
10612
4867
10286
7125
12606
929
10776
10970
3564
7292
3220
9517
9264
9944
10626
7352
8957
2522
2274
7809
2058
7918
9970
10458
1055
8973
7183
9845
10766
6856
8371
576
9766
8015
4168
3108
9189
5588
3199
1391
314
9404
12401
12492
4671
9640
8433
3918
145
2984
12604
11625
7636
10900
6287
12259
12975
4067
3707
7618
3879
11057
10397
4342
9776
6771
348
2829
5830
3343
6382
2013
8557
1079
1773
2472
3750
2272
6577
570
157
7236
8103
9172
12092
2285
11918
3025
7504
6271
3009
9905
10575
11580
8236
9276
951
1790
9812
6409
6245
632
5980
7783
400
8570
12192
8388
4964
12714
8492
3961
10968
2891
10206
4889
7709
5799
5638
7936
7059
11343
3821
7453
7727
2581
7547
5489
6766
4205
5509
12444
6839
2767
12310
9412
2905
9838
4805
11839
9021
7772
2917
11355
6133
9491
2729
1233
11444
3837
12429
5144
9440
1398
7141
4831
4424
801
1146
6521
6038
9470
2655
10977
3571
8943
10594
9773
8104
9662
7914
4362
6830
6639
1312
7654
4924
6847
6101
4058
6811
11294
1123
9600
7058
7731
10741
7121
12188
1713
5398
10328
266
6931
6248
2437
2991
5723
4409
11371
3790
12564
6075
1155
3090
780
4021
8218
12284
6220
6145
6463
4577
8095
9190
5802
8094
1041
8149
10293
8993
9405
1695
5922
3548
5341
184
5069
6080
10474
3102
12712
1662
8255
3695
1933
4370
11536
1053
8539
6157
11285
3984
10559
8473
2834
8514
4200
12715
1931
1763
1985
12735
5949
1223
2545
3518
7846
1048
7198
4650
9248
9568
3244
12215
5172
70
9038
3892
12181
2360
10070
7728
9552
1220
10755
8310
4404
3284
7815
5944
4217
12308
57
12037
4535
10233
11358
12383
6661
1750
7805
12829
9800
12151
5216
10217
6014
12442
10542
6787
4960
11511
1846
36
9728
5030
8446
11522
4300
4335
6495
7595
12252
190
3065
3842
12787
3068
12976
8924
10483
7363
9974
8353
7890
10334
5835
2704
2377
677
8284
9737
4796
9706
330
6748
10408
2421
3870
779
7951
9326
5200
10779
4509
4990
5860
8888
9303
6417
12567
8494
10294
6360
9736
6539
5488
10156
7108
6044
12035
4797
5300
3694
4363
8028
2059
1424
5222
4195
8139
7927
10616
879
9636
8596
850
2852
320
2541
3664
6218
4447
10167
6104
12555
5190
11946
2187
5974
5027
8142
247
9484
1110
3777
3026
9018
4376
9206
10726
876
627
2462
4156
6013
11315
2857
11929
5345
7761
6706
585
12688
8323
6456
77
7760
12006
2967
2497
9022
8907
5924
3978
4702
11553
7481
10409
1898
3930
3646
8972
8690
8646
7377
12837
12767
736
3222
2999
6614
1866
5269
11657
11629
1639
10932
10537
7784
7071
1161
406
1906
1627
9410
6467
6929
8875
67
4970
1489
12718
10149
6076
7
6137
5622
7133
4951
10913
6268
11056
1768
703
2737
6542
9062
12911
3106
8044
11445
12618
5536
1459
13010
2689
1682
9400
1758
5060
11256
4315
8134
8020
3916
8248
7942
11503
12713
2366
3393
9083
3210
5952
9419
1356
12943
4055
1030
9596
5408
3305
3765
5320
10259
3588
11139
10361
3527
12542
3904
213
12550
5197
8694
5230
1862
3730
11313
7486
7937
1201
5125
433
6170
512
3528
12117
4442
4051
8899
4360
2210
4786
11271
10278
5619
5759
1949
11153
1468
8682
485
12304
6343
2837
3932
9844
12462
2819
4891
8089
3725
9138
1788
12921
2607
1642
10844
967
11910
233
2376
5811
2950
5227
9935
5146
8818
7492
3473
2848
12545
12548
977
4214
381
596
10476
808
11640
5449
7964
1693
6649
11771
44
45
1470
9690
6996
7158
6433
1524
4171
10144
4732
6923
2643
7303
12144
2832
11067
11976
1546
11738
4288
1139
4172
1021
11959
1154
10479
12906
9148
2763
12190
3659
4087
3838
11528
8853
5967
8349
1848
12456
11897
12760
6544
9818
11868
3581
1886
4962
7514
12406
10298
8842
1752
11072
7975
3943
12179
139
623
877
8343
1275
10064
8166
9129
3618
10536
4645
1760
11539
7528
4167
11416
11347
6967
11317
1832
2390
10873
10529
7483
759
6604
6175
10525
4136
5803
12064
6682
2741
4331
2701
10888
7799
1460
2660
10035
2988
6868
1753
7850
7994
5562
6561
8007
2234
1011
2350
11720
12124
1498
9233
11635
6482
6951
3587
1893
8760
265
8961
10728
10966
12010
4811
7332
7573
12292
1834
8229
8538
6225
7498
10049
12601
6
4283
674
1704
10769
6205
9995
12648
8006
7923
9873
6904
4138
4698
976
10295
7894
3079
2389
1467
3965
5376
9192
4221
4512
9789
1709
5976
6786
4348
7943
7515
3446
12244
4329
12162
1265
3303
2070
5784
10339
5101
8652
3453
7073
10321
4568
4240
8265
9277
6672
8192
8063
12846
11286
10843
12743
12214
8560
4635
9314
5558
78
9079
11763
1838
8422
3549
12175
7884
6701
104
9571
12477
7414
8608
2459
760
4188
5575
1322
4487
3772
10168
10717
3502
2557
9371
1924
2235
7716
612
9880
3706
11920
823
848
12867
220
6968
9777
1857
940
11600
1136
6640
1668
10558
8434
1844
4380
4232
8769
4093
9467
11944
1120
10754
10568
159
7173
8571
12148
11223
12207
3954
10171
3221
1744
10061
2824
6397
8479
12005
4046
2691
1197
10823
4910
8117
11958
4052
6125
12433
10723
6692
3647
4406
1979
4225
11607
5145
1589
9683
5666
12136
1425
8627
3262
10382
9270
7819
6646
10683
7839
1982
3547
3361
12472
3072
12968
9664
12343
5365
2
9731
11523
167
10585
10285
1549
274
7965
8267
5557
2220
1352
8880
1259
2498
178
3356
8511
12843
428
1828
1929
2920
7067
8578
1994
11448
1239
12773
5847
1387
6055
11551
10656
11903
553
8774
5129
10468
5
12457
4415
11923
3883
1603
9603
9123
6615
6062
12608
8699
1710
5409
11876
7307
7730
1325
11175
811
5730
960
10444
53
5961
2485
1749
9328
4877
10590
2501
1151
6636
1072
3828
9312
1495
4422
286
33
3905
1009
11085
10425
10184
7080
11834
1114
12223
3988
12716
10963
3862
1646
3027
4569
3263
4958
8320
6980
5237
4784
338
847
5234
2679
10396
1964
11955
12676
4158
5893
707
680
2777
1336
194
6201
11290
7149
6668
4829
170
6043
5192
2280
1740
2450
9835
3239
2084
4612
5104
4842
9959
6041
3417
6888
12174
12033
12950
8864
12235
895
4258
4464
10181
6821
6297
9287
1626
5694
6531
3469
2154
8199
2094
12502
12640
7671
12
11418
9686
11407
1092
10350
417
11814
1910
9722
11749
3188
1187
10172
2430
12572
3882
10264
6641
4724
5541
12077
8845
3241
9950
4736
12407
329
6315
7828
9514
6204
363
8505
7213
2736
10588
5482
4070
4082
11786
2641
5992
2188
3129
1762
9091
65
10128
3551
7342
991
6327
4189
11434
5210
2388
3138
6404
4689
6231
342
176
277
10936
7171
2456
4921
1403
3729
8389
3908
12198
8231
5883
9299
9605
8613
3696
130
11881
9382
11679
4305
10042
934
10822
8468
9370
3277
2740
10192
1004
4656
7648
1350
7524
2703
1133
9373
7980
423
4173
4042
4988
4271
2080
1315
3805
6071
2909
8765
8507
5159
3876
1791
7802
3525
11714
1169
8148
4180
3555
2883
3053
12233
1957
8324
200
2651
12450
9027
52
6214
1240
5996
8930
8469
5798
8724
7476
11171
8770
10194
9332
8295
12685
4475
9892
11383
9938
8398
12610
2295
3436
4883
384
8925
1165
2592
2708
3475
8885
2489
4337
7382
4445
11563
1046
11054
3020
9109
9695
9324
1614
9322
5236
8981
4313
11162
12573
9678
3085
6331
654
4060
4597
1427
9282
6366
6358
8616
10357
8719
11837
1405
6357
1269
552
1291
9576
5181
10471
4872
7306
969
5763
937
182
7416
11274
6388
3789
4238
10462
8259
12602
2502
10700
3589
8197
4177
5986
12342
3419
7240
12279
2798
8788
12316
7279
2451
4506
1486
5703
11817
9245
3748
11816
9366
7448
10566
6837
10673
163
11326
8502
2868
11617
8436
7305
1362
8302
4621
4075
7660
4439
10094
7376
1279
10141
6332
7444
2467
7888
12210
4850
10865
1302
8416
2596
1254
5417
8256
4641
10658
10821
11921
2454
11756
12123
8141
10461
3209
2460
8156
3792
10916
2893
575
9548
12868
2143
10211
4884
12686
12241
7996
11238
5812
9520
7644
10086
8659
2256
4670
562
5185
10714
10501
3791
4003
7577
10553
11011
10426
6252
8640
1628
10480
2427
870
11911
11628
2898
244
7776
3922
8791
8493
1232
834
3107
7882
10941
3650
2318
3193
11335
10197
8173
4129
12974
8196
5776
37
8625
12028
914
7511
2743
5174
3219
8620
5098
5658
11682
3519
5685
2345
7083
9164
6215
4119
11338
1842
9879
9292
1073
12184
6892
5931
4673
9176
1333
12757
743
9111
9633
2247
203
3822
448
9560
11870
8280
9772
8213
5215
260
2573
11769
6257
8547
1538
630
8743
9759
6295
664
11432
1769
10291
10643
8531
11883
3415
6286
6072
12168
8135
12641
9156
2230
102
8387
8553
5433
8364
5772
4435
9961
1013
891
7219
539
5645
8484
11877
3124
8161
2493
1814
7327
4816
11494
10937
5814
10792
7778
9274
10059
9513
9743
3328
11108
5846
9339
8036
326
3442
9211
6850
3720
7220
5824
3771
11033
1023
3556
676
6987
10335
9815
8935
9987
5177
1687
6941
12512
8200
6501
2260
10705
12199
12960
12262
2589
8669
377
8617
739
3426
970
694
10290
3304
9086
8054
4631
9436
6954
5450
9230
1551
8746
3728
1045
12278
6547
9390
3753
8679
