3387
6804
588
8641
983
9643
10524
3724
2731
3083
3288
10701
9501
12994
5421
1779
1652
12181
1124
8135
2660
7507
12959
9791
593
4656
11110
10245
7955
9110
11633
11660
4263
8648
3410
4967
12368
9012
7286
6849
6290
10185
10548
1699
1469
9832
4513
7445
3026
7733
8658
4397
4379
4925
3652
4998
2449
11014
3062
8824
2537
4980
11544
8332
5552
10286
7103
3309
5982
4171
397
7721
11838
12535
3538
2374
9836
7934
12364
12351
3891
8500
9601
83
11654
10857
2464
12331
12966
12163
4398
10120
8797
11453
9225
8879
997
5084
2500
7759
11854
3622
7132
666
2101
2493
2264
1370
9662
12349
3939
7210
8060
5578
10751
2042
5477
86
12253
8254
11441
5249
3052
152
3638
12056
11659
5606
12021
11175
11913
11221
2097
9271
10811
11672
1665
4500
11208
1309
3172
12381
6613
603
10718
1748
6568
5939
8137
6684
4401
8536
11265
9415
2499
1653
3991
11585
9091
3830
4031
2129
5239
2857
31
7323
3738
11907
12282
7237
4790
8917
5242
9494
5981
6317
2381
11276
10002
6908
2096
5146
6354
2029
2418
487
12241
11072
11962
8215
9598
5813
9314
4070
9885
1542
9437
7876
11890
11643
6694
5833
10789
12152
3037
7368
2522
7371
5819
12394
10733
663
8530
2102
4218
7335
4881
12962
11066
8854
11916
12483
12025
12532
5194
7701
6686
9059
4752
9904
2544
12396
5561
10455
5240
10541
3616
11899
5588
3893
12599
8430
7290
5295
12986
1128
9528
7031
9069
2059
9499
10621
9577
792
6889
12775
8450
2030
11471
11114
839
10897
1783
3787
11045
10035
12761
7543
11382
5245
6962
11604
4007
7415
9202
824
6996
5024
210
2563
5152
2850
9031
11355
11702
1106
1229
1532
6949
9673
3146
2186
3046
2705
12861
4834
11245
6650
6622
11833
12885
5162
4477
2809
11024
10908
9841
6351
9397
7344
785
1343
6490
8534
8439
4847
9782
5038
10392
2091
6869
794
8077
9338
5154
8048
9002
12268
10696
12516
11876
7516
10429
7458
7265
10162
11236
1551
5035
2528
6674
6420
4417
1690
7858
11374
9826
12497
11530
5292
130
10640
1973
8496
6390
8599
3954
2040
12980
2785
11909
656
610
11048
6406
6445
4271
730
9850
8222
2623
6073
4708
3705
4899
4533
2512
3380
12496
3952
5785
12119
4604
7609
5310
1858
79
6389
2158
2628
6810
99
7101
8571
3030
681
12070
7827
237
10436
5309
6375
11968
4559
7407
9386
10334
9925
10453
7588
9863
331
10046
1863
3133
579
7158
3581
4676
6167
1385
6770
5110
4817
9765
1861
9795
298
1643
757
1
8728
3127
1185
8791
8020
10018
7986
2037
10631
357
160
4482
540
2420
1846
12007
5907
8415
9596
5036
2400
11559
6698
7586
8987
5754
1920
5612
10574
1955
477
8652
1107
5542
4183
8021
4367
7273
6136
5010
10385
5837
1687
12258
11750
7489
5514
12333
5731
1390
10953
9218
1750
6318
6581
12520
7762
7163
2502
11443
11339
10959
8818
11771
2397
7585
11044
574
5850
1327
8252
9983
8789
8977
4497
5076
8454
8826
11250
3833
6139
11162
8141
11185
3234
10725
6906
648
5197
2332
12816
3748
6628
11653
4414
1852
6803
1807
9831
2018
6211
12916
12635
6850
1837
6670
3212
10072
7164
2090
8001
923
2234
3339
1593
10778
10954
12250
1253
7144
2062
10359
11367
4840
12954
3265
10274
2928
7253
689
7337
8164
4395
5183
9600
9094
10447
3606
9057
2104
9530
5570
12866
5029
4638
733
467
4686
4602
7842
9035
10985
11707
8058
12876
11073
2354
9168
5385
2548
8258
7870
5264
3464
10695
4424
936
9878
11539
6360
5441
2072
7093
9930
3350
4156
12947
9351
7018
256
12944
9635
10228
10691
12234
12849
10593
1509
3901
1810
10113
5177
1928
71
10804
9103
1341
1563
4027
6846
6080
7853
5908
7498
8741
10813
7385
712
667
9665
2901
5034
2536
2820
12276
3862
8389
9659
989
11952
10386
11112
12542
6254
4267
12653
4902
5348
12973
8568
2873
9334
2976
9766
4572
9464
1686
1983
11279
3363
9119
6283
1328
10236
12405
5791
9753
3543
12260
901
495
2087
11810
5000
5811
7757
4429
10938
5865
3173
6604
5715
12691
7409
11392
3129
802
8148
7435
11082
1592
8702
456
6403
1806
8558
3962
9370
4466
7020
702
11254
640
2174
2530
4839
2459
616
12013
1296
10742
8843
12522
3865
4946
5675
7343
5946
4510
10910
7546
916
10201
5614
7928
1299
9667
7707
6412
7211
5858
9864
9691
10221
9840
2047
1771
2807
3302
1579
11467
6100
7883
8889
6122
8357
10688
6429
7892
12642
12460
8505
9482
4394
9843
7169
6470
4373
7118
8391
4387
8548
7866
4806
3565
7649
11573
6507
11331
2035
9488
11477
4511
7143
11706
3913
2119
8727
2748
11095
5751
6305
531
8831
10030
241
2041
3651
4955
1361
5974
6209
3733
1308
3594
3747
8256
12588
8554
10517
2157
12071
8221
3311
11140
3923
6079
7526
4411
7354
10222
148
4357
5554
6448
11973
7460
7856
6644
10246
6991
3427
4056
9837
12702
7617
5346
716
283
4929
5273
8410
11264
12498
844
4767
11646
6342
999
10405
5930
8680
2695
10791
1474
6506
8978
8616
5026
2271
9585
5993
6158
2043
3067
4984
10495
214
349
2154
6024
7508
11240
3484
11064
9688
3092
3689
12123
2616
1238
4836
3641
12106
11786
818
5998
6767
1864
755
3909
6539
10059
6551
9204
11397
9627
3734
11601
7272
10122
12118
5651
12982
12285
11400
12701
1473
472
6125
7019
11888
10539
9201
8179
2038
2510
2085
8836
5557
1366
4589
1064
8395
5298
9775
9538
8194
3118
6981
8809
8181
10987
6997
2049
11699
8144
9771
646
9969
5262
10104
9717
6688
3254
5044
5215
2375
2462
1742
10496
1363
10579
8413
7828
5770
3858
619
5198
8615
9565
5880
11648
2484
1186
6074
12960
7954
9135
1031
1245
10838
7079
3508
10836
2303
2370
12031
9377
12774
2921
7577
9718
3921
10210
6512
6030
10582
4075
4747
5255
434
706
2844
719
10087
11111
11637
7582
9865
3637
1766
9567
10797
11867
11966
9442
4525
7702
11534
3449
12583
12283
9809
7195
12085
9223
11691
8955
7920
10991
3544
12934
4388
700
9980
855
9890
1867
5380
8621
5039
3735
771
6462
6032
10421
12611
1759
6272
6919
9587
1429
12539
10145
8994
7997
4917
10697
9200
8567
5818
7963
1040
8440
4700
10329
1670
12900
1904
2355
9369
1399
12617
1475
11619
10448
8624
9648
978
7503
8709
9196
5422
11442
12634
11458
10509
2503
9664
12846
10394
3289
10600
2422
7511
2773
631
8631
8241
6379
21
4374
193
5927
7770
3839
10737
11052
10703
2513
2800
9989
878
1116
9420
9564
546
2137
5705
598
6141
2395
4324
8878
11498
5490
8262
12482
9972
198
1740
9746
8139
2269
7481
9720
10681
4509
10900
10896
1134
6191
9216
11106
4092
6028
6671
3371
6280
2845
4546
1548
11310
11497
1171
11028
3534
1093
10802
3045
10642
10568
5190
8942
5862
5951
1018
11584
12530
3159
11408
10208
7275
2065
10033
1666
7268
5353
8443
10056
4737
7408
10526
5985
5196
12773
11526
6194
9548
1906
10779
2257
3678
11859
561
10866
6956
10744
10583
6802
3144
9821
6256
10344
5173
3079
5361
5141
4908
7603
669
2069
2239
2033
1153
4067
3753
11630
12313
3058
4202
5960
6436
12222
8300
10255
7685
6814
2190
1243
4116
7729
5920
8952
1168
3009
1823
3707
7332
9182
5107
7426
1224
5789
10191
693
4975
5526
7106
8610
12167
8272
11322
10000
8425
2289
12578
8281
11938
9561
5943
2960
2123
8297
2373
1591
1028
1697
2673
4712
8231
3384
9602
26
6349
926
5171
1590
3365
10952
2966
5153
4314
2712
557
7520
3086
9088
3211
9733
9209
9167
8664
9814
4307
10561
1668
7381
74
4440
2434
358
1461
8876
10469
11793
9171
227
8760
12295
655
11212
9293
1812
5079
5373
2074
10730
1051
10651
873
9783
5149
10809
11946
8334
9686
5033
8294
7851
1709
4622
1763
4948
12138
2839
11371
4957
7459
2552
11616
2167
8700
2385
6303
1663
369
9157
3131
2273
10626
10148
11780
12165
470
11988
2896
5566
5300
319
10759
9478
1619
9079
11964
1829
10754
12130
10839
8312
4736
1809
2378
5237
1095
11947
10434
9907
2034
3829
371
4580
11743
3582
12630
12016
6002
10412
474
11332
12723
10273
3711
7804
12514
9829
4838
1688
33
12294
2023
9048
10179
10309
4792
6993
10950
2892
4028
2718
12461
11466
4864
6235
8347
12640
9886
9210
10664
4631
4190
4952
3299
2211
12345
5854
12059
10275
8337
12050
516
11430
10375
12309
3015
518
9507
7179
2738
8189
12739
1192
2769
162
4150
1177
4951
11093
234
12357
1828
340
5647
12261
10118
5117
6979
6398
571
731
8470
4758
8510
10762
8989
2488
8647
11591
937
1911
2175
761
11132
5784
3770
3396
3088
2523
4569
6825
5291
8071
8623
2866
10734
11142
2897
2189
3854
10893
4582
12469
5090
1760
12037
1017
6995
11849
1655
2959
10768
4364
7658
10452
7017
3379
4993
4131
9438
1903
2997
10173
9828
828
3694
10102
7303
9122
10886
131
3693
10270
9619
10945
12969
2026
6642
10572
7875
498
7572
7547
5533
5547
5839
8681
11697
3924
6554
5644
3667
10921
3813
1300
3463
450
6138
11287
8918
6021
12391
8581
2588
5932
2884
1791
6957
3456
12692
5055
10197
93
8429
10064
3436
10962
4521
1708
8464
3674
7651
8985
5851
5450
10749
11376
4852
6812
10559
10760
11243
9642
6502
1477
65
7919
9959
7765
8892
12628
7011
12003
7607
4867
11390
12371
5092
7036
6973
2283
12756
462
9637
1601
496
4524
7244
5482
59
6430
11357
2044
3695
1492
8237
268
722
12933
8183
11925
6887
1875
6986
10406
12680
10955
8064
4443
10320
808
9343
6316
9933
4447
2120
2631
12604
5407
3442
4583
6939
2843
4835
2412
7877
10726
1198
12329
4483
10227
5699
1917
7760
8660
12256
2254
1622
6302
12949
11781
6483
9763
5931
2419
8900
621
10769
2173
12462
9790
2036
2520
1656
1162
10997
5848
3059
5966
11847
2170
8566
11031
4072
12254
12745
12877
594
11253
8310
3836
6975
3558
570
3887
11320
1216
4400
1912
8321
11209
6369
4978
9566
1821
6076
10218
11818
2604
159
3215
6301
10075
4605
4746
8465
4389
337
4636
8340
2978
6894
10187
4288
8289
2957
6460
6238
2558
9008
221
11154
11097
4486
3979
11731
10220
10748
3868
4915
12068
10824
6845
6752
6556
1264
7575
8844
5331
8232
3567
9774
7153
9660
2045
6707
4893
7032
3177
9207
3940
9040
5697
1119
6314
5860
8437
154
5759
2948
3377
8047
4321
12568
2665
5178
12869
7428
3639
378
4545
1588
11846
831
9487
2140
5410
11727
10674
1680
5360
3166
4049
225
12492
5424
2222
7839
10263
272
10705
8195
9498
10889
12922
5347
7773
13
2028
5997
7483
7618
5336
2299
401
3477
3263
7670
5894
6520
10204
9305
11225
2290
368
6751
7736
12487
11259
12032
5769
4019
1768
6374
8701
2524
12484
9317
11447
1272
12232
5817
843
12136
12062
1860
2266
8108
8608
4292
11878
3658
1790
6629
1407
2900
6921
10291
11134
632
1062
8682
11285
2105
5479
1876
10207
854
12326
942
12770
10935
2454
9922
7224
11490
10564
4284
8768
5553
8182
11812
9518
7059
12658
11520
11018
10596
11001
6987
10878
3373
9941
6469
5137
12112
6601
1331
12054
11030
734
11611
3869
12991
2107
1222
12616
12187
11197
5872
842
3047
2751
12207
6099
7962
4862
2078
7825
8269
8638
8043
6
975
9085
2050
121
1764
567
4958
10217
11488
4295
3944
5519
11104
3319
7805
6632
3676
9626
12625
4657
1826
5007
12718
3081
1884
11415
5873
2007
11465
11483
7194
12161
6759
9347
11575
11626
12467
5797
7560
10063
1191
12430
4390
5787
12917
2517
10269
7214
314
834
7148
3988
3856
10271
8764
8251
10827
11503
2287
12289
6200
0
8012
768
11373
1866
2880
7378
11656
11953
7750
82
12131
1456
1841
7817
2898
5253
6179
123
779
4878
4601
7247
12725
3242
8980
5761
5718
778
1745
8923
7818
10342
5243
9817
4328
8731
12325
8759
8570
9681
6183
7903
9414
10316
11365
6216
6826
11942
12420
2550
402
6769
9089
6025
3993
6126
4110
5909
7416
9188
10728
4331
6217
3207
5990
7077
2658
1439
4557
8914
8991
5394
864
4074
6344
8683
7643
10182
906
22
562
2435
11809
12587
1951
7071
4403
2330
424
9003
11168
9410
5639
9868
4415
1683
5879
5778
6896
2056
4085
1727
12764
12092
8909
8690
12101
4243
6755
1181
12338
5877
10053
8354
7402
2153
414
5396
2685
11959
5717
5138
9562
8974
7261
4530
6467
7075
299
12831
1896
9810
9628
11486
3190
4688
12730
11129
10117
12643
10825
6094
10459
4392
4404
1190
11380
7537
524
4658
8733
297
7119
12180
6805
12183
7058
7517
7522
2915
4002
9677
10904
189
11748
7719
11078
12681
10520
6683
8657
12111
6790
4489
8233
5389
10888
2762
11976
8264
9455
10669
9253
6928
11470
10549
9097
3708
10668
360
1323
10966
688
12417
1324
12036
12416
4317
5859
4333
1205
7134
3338
5357
5806
8016
5586
4335
262
10333
2990
6319
7774
5621
10704
10465
11006
3771
5296
10492
3683
5988
3080
8995
601
9780
1204
8118
350
2571
1672
2910
4137
6780
9712
11472
626
6700
12682
8905
7534
4561
8013
9707
5670
6563
4254
125
3911
12084
12064
4289
11590
12898
3720
4209
8754
4914
9102
1436
830
6618
250
8643
11564
4291
10965
9375
668
11021
12240
5804
12117
7386
4663
4375
10340
934
12951
1241
5912
6519
5118
5428
11100
9263
2051
948
4753
9454
3285
12562
5236
4808
5637
9917
2276
3085
1333
6103
7880
1129
207
12441
9939
7028
5573
3617
6792
5504
11289
4633
1572
8260
2858
3509
9356
3963
375
8858
9552
1818
2210
4493
988
12219
11101
8688
7423
9571
116
9991
232
1154
4669
5192
8076
4760
11348
1257
8962
8975
351
1553
1835
3475
4126
7283
6258
4066
5538
7421
11765
6653
8543
10536
7911
8348
9866
3369
1794
8463
12716
3584
8625
3926
7025
9430
7905
12582
6458
10711
11589
12199
1714
7199
10071
2655
6459
4305
12854
1513
4675
8328
7949
12649
6761
12047
9706
9484
7691
11321
1175
11107
5827
7259
12479
10510
9822
2020
1273
9944
9721
11830
8890
3353
12367
11718
10663
9555
7007
993
10471
310
548
4889
5341
254
12753
12927
2022
10565
322
618
373
4499
8061
12645
7971
502
8345
3890
8424
7976
3744
10591
8632
10610
9750
1637
10152
451
10004
3808
11475
6230
9605
7843
8891
12231
12182
6866
3262
2953
10776
812
6635
6381
6435
7003
7647
7541
1785
9576
362
2005
3298
1061
11848
12145
4189
12735
6646
2356
6708
6565
6357
7098
5051
4024
820
8385
11431
4798
6439
851
7468
5918
4405
144
4428
7239
2413
4082
3426
11269
5969
5796
9054
6784
12230
9279
2787
696
2814
11125
4336
12594
1321
6639
211
321
555
8992
11933
6500
10019
7832
4814
3889
12536
6119
9361
5114
1239
1209
1692
376
3505
791
8324
5372
8361
5896
1085
10472
4458
10790
10580
12488
4211
7234
2932
2993
972
8422
1055
5420
9957
8494
545
5823
356
8355
10253
2100
5401
5432
1898
11600
12120
5534
8202
11602
3739
4681
7712
1052
4632
119
9797
2955
11340
2526
1862
6063
5903
11183
2341
5297
5065
2088
2683
7652
10395
8054
7080
3455
6348
7170
8915
2467
1007
2003
2639
6306
4055
679
2479
9222
5708
10872
8940
9732
10898
4151
3815
9381
12212
12274
52
8154
1350
2103
8913
6287
8107
12279
1447
12650
6270
3260
12433
8679
1392
12518
2079
6307
5069
4098
4450
4431
9289
6468
12229
10009
11693
715
9702
1925
5053
2106
3330
488
5489
5556
5352
12752
6372
1786
3801
1516
3842
6368
2981
6250
1202
4629
1043
2352
12088
12570
6140
7583
2907
5895
8223
6346
9431
4349
11135
4542
6064
7768
12348
8751
4194
11323
3221
5864
370
4073
1346
8227
3971
9270
12332
12721
1645
3423
564
11399
5040
3252
1605
10634
9323
8724
6553
2913
10106
6455
3192
4575
12210
11965
11223
1277
7243
9563
1249
12830
2025
4890
12878
11783
1901
8193
12663
4143
2403
3121
6213
8864
5304
8984
9895
6466
3768
12563
10081
3517
10419
6697
6955
1664
10481
8874
6852
5605
101
3929
1285
11083
5182
1996
6218
974
5649
11388
10183
5824
7182
10856
9129
3959
5822
2902
166
185
5991
11275
1856
10641
6114
2301
5131
7316
4361
8397
7349
7127
10667
8291
7777
7558
5454
3459
3345
11425
11951
3419
10736
10326
1167
4959
2011
164
10530
54
7833
12593
6853
9349
6465
11131
11413
4769
6838
7992
4427
2089
6321
12015
12328
4276
305
7717
3975
4990
4165
12489
10523
7197
12769
675
10369
7364
4574
10863
10650
11516
2749
11177
11305
7674
41
11056
4132
6933
4383
6782
7366
1519
10440
2346
458
5439
9007
5971
1733
2659
1554
7288
5150
1681
12961
5543
9130
10190
1567
10828
12243
5524
803
4449
10500
9633
9325
9237
5532
10159
7152
5447
4667
70
3679
2406
7655
4615
284
9515
12971
9433
8096
1353
8197
10740
1488
8056
5959
417
3494
10366
12215
576
994
8774
4520
170
4290
10775
9203
7451
857
6444
8315
4487
11881
2322
3786
9899
10350
8828
6285
6050
8730
4950
600
12275
9292
11841
637
8944
10024
1230
103
2856
10815
8810
3762
8740
9226
12297
2336
5187
7336
12024
4805
6781
10043
7174
224
2275
11603
9030
5464
4100
1967
1685
3759
12521
3600
6690
5886
12638
1000
8042
12271
3383
7886
913
12310
4969
6440
1923
9355
7241
3992
6659
4750
7518
8455
11768
6797
10584
5836
12886
12549
7785
12193
8776
11741
3115
4452
664
12214
7037
9050
11417
9336
6882
4821
683
8693
11588
11961
4849
3960
8932
11126
9697
998
1720
1494
10512
8057
9927
3096
6041
8614
10545
4161
9096
2934
12618
7600
5889
10731
2625
4965
23
7570
10501
12380
5339
11230
1307
4962
11163
589
10934
7801
3807
2004
9417
5513
9402
12305
9004
3728
7070
7465
5890
11235
413
12035
8822
1646
10422
447
10297
3607
3766
4883
10398
12851
9471
6019
866
965
1789
1164
8875
544
6903
6959
5356
2703
10622
444
2390
3687
4469
7974
58
8785
8084
9805
7569
3124
12116
11823
10079
11682
11216
9380
11296
6059
9175
1178
5201
9141
11436
7395
10732
9404
11057
12026
5050
910
1258
7184
2593
3483
8888
10462
12932
2840
6576
5989
9504
10188
2219
7487
7308
7698
3596
9052
4155
1465
10982
9709
6757
2446
7433
4593
1660
5185
8752
7926
12543
522
8243
741
1142
10016
622
4473
542
12447
4823
6394
10225
12847
9590
421
982
6754
12426
8790
6753
5546
12747
9387
245
5383
11639
2151
7186
8191
10049
3654
8372
520
12057
5334
12734
399
3919
4982
5535
11827
7689
5499
4679
9620
12010
3662
6058
4941
2764
3448
11557
8218
10196
8033
7935
1562
6441
12569
7111
10178
1381
10875
9364
5635
12061
10477
11583
3888
9151
3023
6156
6872
5301
9965
4121
8393
1449
10288
9391
4922
11020
2149
10969
9759
12614
492
10206
12828
6133
9328
12987
10494
6212
6086
10382
12832
7226
11069
8286
3761
1448
4654
12172
7907
4354
4407
7829
8607
786
6033
6696
5231
3048
11571
10698
10912
4213
1883
3539
11837
2802
6391
4508
514
3826
3863
10468
5474
2869
3699
9569
9481
4144
4426
8642
10932
2226
6901
2204
4907
1334
7863
10989
1719
275
11944
2132
7709
9754
5001
1722
7434
10295
10806
11523
1952
9486
6479
7766
4351
12374
5771
4140
10743
7697
276
9080
3415
9536
11080
11655
1263
8005
1067
1936
813
1117
12362
2505
12552
5109
5032
3407
4178
6992
42
11262
10603
4610
592
12748
6186
1870
660
12782
3506
3516
8216
9968
8161
4983
10944
11151
8356
11273
720
12838
12442
2947
4625
9232
5563
6542
1507
12504
2448
2743
9451
8105
10796
5140
2315
11102
2557
4685
8757
6093
3755
9611
9280
4371
5425
3532
11016
6443
10150
12924
8024
98
8556
7456
7849
2024
12110
12387
1137
9971
10767
10976
4556
6918
10643
5910
12340
8882
1502
3831
4825
8507
9173
6234
3715
2511
6007
897
2679
13010
1713
1993
10907
7462
8846
11039
4432
244
9777
9113
3981
895
3008
486
3402
2228
10624
12272
171
6960
4612
11715
5115
9467
11272
5126
134
4071
191
206
2081
8359
9170
3995
4135
9034
5835
2876
11708
2690
12732
9285
9344
5867
1607
3314
987
12382
7793
6036
6648
11514
8805
5744
11226
8067
6715
11553
9037
10070
12786
12834
7291
10244
6834
3232
5893
9752
9575
12644
10629
8461
6075
5307
7862
10995
8990
2031
1398
6300
5167
1057
2147
12410
4309
1910
12779
4979
5081
266
2638
7392
5928
9421
9123
6982
8326
6778
6608
10830
6312
4297
7578
11873
4620
12125
10840
10671
6173
3362
7724
6039
11038
11027
2756
2606
3570
3530
1280
9327
87
7776
552
5430
12141
8662
912
10029
8314
4316
4475
9143
8030
8225
12027
6665
5537
9976
8829
7938
9174
7539
1696
4927
9329
12809
4976
10627
2818
3005
3305
4783
12808
10599
7393
9903
1907
9758
5964
2054
721
9273
4714
4444
8032
12548
4061
11411
9851
1775
10404
5116
5560
12997
8838
11826
9710
10085
8954
9931
280
9371
3931
12509
7430
3760
3599
11511
10895
799
12686
5487
3684
11798
5976
8398
6282
11071
9160
10144
12343
4421
8813
12860
11636
12872
6243
12744
2350
11246
2782
5144
1344
12299
2647
13004
1788
10124
9330
1926
8633
7884
3876
3935
8295
4285
6127
3399
3802
9727
1918
3228
11540
6031
4312
2977
10432
28
7276
91
8972
8080
4919
10216
1938
3296
5723
11622
8604
11510
7544
5427
10636
380
6108
8416
4368
4088
4780
12619
788
5458
9100
8645
252
11531
11091
7050
12304
2498
2912
1872
3970
8495
10780
7205
9358
12938
4537
11677
7822
12043
6731
12541
11822
7648
118
1194
12473
12224
8626
7220
11851
11525
6447
826
12195
7493
523
293
10712
6051
11607
11979
9827
1010
5355
12046
12581
5674
3927
2594
12322
5382
11385
4683
5972
6013
9674
10983
6322
4713
11222
4710
9597
2480
10466
4237
7046
2402
1776
12500
5726
11621
7413
5921
9409
2070
4960
6049
11266
6537
1739
4117
11003
4749
9652
7135
4380
9244
8835
11774
8112
2515
7933
12464
7466
9193
11144
436
2387
8748
9058
8870
967
10560
3520
5289
10967
9896
4611
6913
6625
10130
10114
8003
5926
11227
10771
3271
5779
4726
6494
9025
9357
4608
11088
1293
12055
5276
11499
4391
10614
6998
5369
7921
7023
422
6295
6533
12480
7178
7790
12470
2577
11597
7591
9367
12257
3119
3321
2432
8044
3108
10757
5666
8717
3147
6620
88
12975
3560
3143
822
10770
4352
5247
11599
2601
2944
7238
8263
10161
6505
11015
10205
10441
8365
2169
12218
5777
6860
8721
535
2344
6124
12700
6095
1887
12941
11759
8050
10566
3224
4196
4029
8750
3134
4234
959
964
10260
11330
8872
5016
4048
4947
10283
3703
11821
9645
6215
685
8928
7047
3315
11766
2662
6552
11935
12636
12238
11561
954
11059
11002
1079
12468
7747
8466
4748
1723
3070
1297
111
8661
10486
7667
10038
5158
5978
11303
7406
12902
9432
3857
7193
3675
12408
10449
8934
9197
107
10357
5507
5607
9429
8947
958
11926
4319
3809
10529
12324
2737
10265
10562
3157
5620
7549
7756
9512
11270
12919
7654
8981
8654
9952
10699
6656
11115
9258
11875
10587
6969
12673
1877
10556
11898
8068
12795
7490
11889
2032
8441
7715
12737
6299
8951
2648
2134
5942
6953
9352
2146
772
4273
2943
4090
238
7342
4888
7429
11661
12527
3746
9757
7022
7533
11928
9240
9898
8490
6786
3817
4093
7113
7328
1815
6940
11420
2409
1710
9719
4108
5327
9255
4548
7782
2872
1529
12227
4974
12028
10415
10215
7008
8059
10702
6822
281
3357
8527
12239
12321
5478
7085
1932
9807
3973
4294
112
7410
5550
6840
4200
6984
10683
3473
4709
10243
7669
6523
7589
8535
11728
4386
452
2492
4128
5794
4076
11764
11234
5753
11398
12595
4346
3278
4360
2471
9093
8113
4430
849
2719
6950
2663
4370
2940
10645
5871
1850
10968
5170
5199
6004
7700
4467
294
7788
9476
12989
2879
7565
11037
11377
11139
10008
5733
3803
2060
12450
1496
9463
980
2152
5916
745
1749
7871
8613
2867
11799
7740
4586
5492
6240
1935
8579
6023
5329
952
7191
6633
10341
2846
893
4174
9617
12259
3542
11742
6329
7742
6488
3896
2815
4894
569
3065
11480
2587
6066
10241
9792
12438
6330
3933
1851
3430
8557
11192
400
12244
10048
10800
7803
9428
4385
11461
7909
12883
8174
4253
8650
12020
9304
4744
1290
6237
4662
7002
2388
8502
2494
3731
11842
9740
4776
4434
9588
3276
1479
7250
374
8408
3884
9231
5925
1754
3312
8601
11394
10611
11738
8880
7479
9221
6999
11489
6206
1158
9534
5303
1736
7646
611
1556
8635
1446
2553
12096
2854
9164
11882
3621
9183
6355
10861
6047
9296
766
9406
7078
2431
7902
11993
5317
7270
146
11598
11501
7467
12777
1908
5017
9533
986
7208
6970
10155
852
3202
4238
12888
11423
6056
2851
7668
776
9844
1781
9542
5716
7559
10336
12132
1705
7568
4655
8735
11096
2916
3704
4741
11883
2847
2700
5254
12822
1165
2792
1199
3545
892
2474
7901
3204
4112
5446
2810
10551
5095
11306
7619
6931
7784
8939
2761
10372
478
10858
6078
7610
8736
3917
2426
8563
6600
4433
3098
1156
9736
12736
4107
3176
6536
930
11971
12905
7836
11058
9756
3561
2874
2118
1816
7631
5241
9921
5511
1506
4626
6115
3316
3417
9047
3875
6641
550
11923
8618
10946
12670
6147
984
7145
3737
7404
11795
8329
3814
8417
1011
1451
490
4895
11349
11456
7422
3968
1804
9165
10423
7478
5845
296
6267
11201
5938
8104
1059
5423
8116
2384
6693
10498
11210
12669
12584
11761
1214
11448
5371
8862
12030
5669
6591
1265
4246
3985
6807
6149
5968
6266
3490
6249
2608
8302
8927
9227
12699
2564
4223
3266
8403
11277
11596
8092
7845
6325
8729
3507
4350
1368
12717
10916
8653
2456
9068
9689
9655
7555
1744
4661
6150
5625
7580
8807
3390
5481
5825
1044
3031
7996
3677
3899
4173
9516
11326
7923
5987
342
1268
2159
11863
2185
1415
7527
5760
1734
5689
4402
5124
1743
10619
12044
3496
10219
10036
4831
10171
1518
3726
6261
5283
484
6935
7035
9550
12519
4197
1075
6130
5634
12099
12335
11877
4603
327
1817
2841
9726
10844
736
5668
6740
659
676
5362
1003
1941
3859
3084
12312
5235
11384
5402
8475
3381
11022
20
10571
7427
3665
3025
11613
7848
5136
1295
3950
2460
5821
12463
442
2946
8971
3521
11053
12729
6703
6245
10672
12930
1836
10679
3472
9967
5677
7813
11936
8884
39
2083
6184
479
8438
9166
12788
3195
2710
2999
10837
4470
6560
11941
269
4170
10716
3056
8279
7699
725
6487
6185
3355
5411
8317
149
10741
7260
5322
10542
5272
10414
11070
182
9962
3663
12760
2075
6054
2121
5220
1046
4310
1362
7725
12719
2495
9951
3199
6915
4068
7403
8659
10266
3418
5191
1580
2172
7873
5580
4827
9310
5965
4185
7959
11815
7821
8663
7457
7114
5041
1808
7374
7602
10506
5653
5324
6324
3392
7454
11191
8998
2486
12881
7301
7167
3087
9181
2788
6926
9860
3322
2654
5632
7329
11363
2707
8738
8886
2302
5151
11464
10312
8184
9142
8476
3295
4358
6340
2911
428
5747
1237
4221
3554
1476
12127
4418
8705
7304
2723
4832
90
11156
2819
9661
8250
12262
10653
5800
10758
491
4761
990
9800
4607
7557
6617
12829
7633
5270
6680
10972
5120
4549
5280
11395
3514
6880
7014
12785
774
5693
1738
7680
2457
3247
6012
66
1546
10786
2642
5540
945
11567
1885
11740
2516
11831
850
2202
11676
6798
5445
9086
714
5816
11939
6829
7834
12134
6034
11914
3110
8019
3758
8239
6936
12385
1401
1834
11896
6262
11858
882
6544
1712
8132
8716
1944
877
10096
4393
12481
8823
587
11552
10961
2775
11623
12995
1105
943
4961
6662
8646
11025
5967
8526
11476
2143
4226
8509
7442
5123
11451
12612
382
8211
729
6366
6843
4866
12129
8718
12677
2527
9847
8358
1913
6945
12423
12862
4891
4003
10819
670
7029
25
1382
3672
10943
2256
3580
1756
8371
9140
7950
27
4833
12474
2092
11763
12316
12907
2622
1151
6083
1633
10766
5031
9621
9131
7277
4215
2251
9095
12651
10039
9190
8929
5393
6112
4729
8756
9671
2881
11173
4874
809
7216
10367
5878
9928
11422
8383
4425
8201
6048
4125
3879
11634
8471
12848
2311
1152
1393
3648
4934
1088
10569
8506
2868
629
6155
7841
9028
10137
12440
3233
9705
177
6411
11119
5072
461
6009
7384
6313
5275
7125
995
233
7432
2144
12891
195
10226
11631
11189
5073
4214
385
630
2048
1716
10345
7722
12741
9573
1803
5686
11508
6994
10752
5113
506
10170
11061
11717
3107
5345
8165
1255
12964
3307
12159
12476
312
157
2908
9192
8124
2531
12089
9312
2372
8474
2641
4786
5188
3764
12290
12592
2255
4123
1351
11255
7495
4567
11065
8602
2139
12629
1531
11062
1304
10439
3524
4717
3378
11638
8593
7166
7506
6278
4456
6914
8867
9981
11478
10041
6198
2744
3361
5438
10347
10607
11195
1611
3513
10675
3422
3841
7890
12713
10502
6356
12434
5740
9353
5437
5448
161
8
5209
12776
6339
6255
6497
12113
9849
5333
8533
6070
4694
8079
4699
6541
1041
4721
2975
187
7363
3103
1624
9911
9251
9998
10475
3700
12456
6559
9770
5736
11297
1114
7690
4396
12075
1276
6573
8151
8861
10867
11338
3984
3270
6495
3656
11405
12857
5525
3718
11824
538
3966
12242
3328
11307
743
12251
825
2827
904
10585
6855
7513
1271
7121
1540
1707
2320
2521
3424
12139
8134
8715
7254
6954
1050
886
507
9553
10957
6624
9749
7321
3331
1408
10511
624
9439
4502
12356
2340
3867
12550
12306
6534
2288
10820
4410
10409
2115
3468
11608
9527
3670
12296
4187
1495
12633
1077
9186
3818
1500
5313
3333
289
889
1586
203
5940
2425
7657
3625
5042
2247
6585
12369
6020
6929
8462
1131
11548
4293
10435
11915
3245
8644
8186
7256
2416
212
140
1155
8825
9960
5305
10690
2711
179
8767
8732
10027
3334
11996
2262
1587
1073
11491
1014
4716
3075
9525
2306
8685
12090
11283
7664
2109
12984
7865
1610
12005
12019
5722
10755
4996
1617
11524
2668
8936
1975
10575
5521
1598
10941
7044
628
5248
1231
12045
7229
8053
6393
8217
260
2286
4476
6937
12863
7223
12988
12266
5048
336
11153
11199
412
3340
1512
11998
6525
13006
10818
7289
5459
4704
4793
366
9616
4803
12337
2111
9337
5748
8133
228
12952
11512
5781
11198
6681
12105
3955
4461
9877
10011
5690
10470
5015
2408
4453
3310
9897
4999
6304
12824
109
11950
2973
9986
3367
11274
7819
9816
6741
3775
8935
7004
960
10540
353
1256
12360
465
7869
12298
12958
9554
11772
12048
1336
12358
9413
8010
10365
5954
10834
7562
7086
11536
872
3356
9051
3002
10988
11641
5293
11455
4095
11012
3398
5145
9443
12097
3446
3482
7278
7355
5002
2805
3681
6371
2439
8163
13005
12968
3132
3816
9395
359
2156
7215
5351
9612
2649
12162
12814
6029
10618
3470
9133
1873
5350
6286
1454
10684
10978
5913
11341
10031
8271
7642
9650
63
6888
7246
7521
168
6836
11229
6687
1956
12128
8655
6057
11850
3163
2231
5844
5899
6053
6160
8491
3352
12709
11450
3376
11204
11386
11213
748
10302
2114
295
2405
10700
7961
2590
2473
11137
5156
9519
5476
8931
12712
6401
3900
1891
6275
7671
10522
1315
1400
480
5343
11378
6008
2603
8176
2365
2458
7138
4255
7236
2209
4876
9024
1317
11529
6367
9212
12742
7387
2343
2410
4250
1396
10612
3457
7966
9021
10803
2735
5905
11737
9522
8666
515
12940
10713
1612
865
5189
6264
5528
4099
6630
7327
3797
6292
4916
4986
4149
7209
5278
6450
11664
7864
11294
6727
10975
4576
12880
1004
12613
4142
2889
6902
4162
9888
8083
12573
3528
7100
7960
10581
11606
9909
163
7027
3690
4815
11188
6182
5975
4797
1019
1161
5443
3727
3916
5364
8714
7026
11079
4732
2364
3492
2570
861
11051
4268
12339
8575
4198
9946
455
2360
3485
11117
10692
7455
7738
2333
5719
7965
10555
5897
6161
3958
438
12149
3610
3167
6773
5518
6947
11684
6775
6904
10891
8162
7139
3878
12524
9286
6567
6788
7874
3237
5810
4911
7684
2469
6870
2376
1358
8473
7693
9511
13011
12622
11205
12404
7212
9378
7221
1725
8088
2080
10410
1895
3395
2992
4722
9049
9362
7161
5398
10905
8537
12793
6395
8524
9480
5468
6990
2566
9254
10590
4136
5224
4038
8121
3892
7861
12889
2664
5457
11671
5377
9177
11359
2650
5945
896
6239
770
12319
7531
5846
2082
3020
339
4266
2133
4016
10352
6892
10076
9061
9117
9180
3071
9653
8863
10362
6408
10595
11181
4484
7097
5986
11719
4372
1717
6942
9912
5642
8035
7816
7120
6148
3540
11381
1197
4101
2399
10689
11773
5914
4535
9768
6779
1029
6417
2166
9044
4063
8210
925
8208
2368
6414
11010
10974
12754
11268
9963
9663
1444
5609
5934
1966
10233
72
10781
9125
919
8908
8342
3881
7764
12906
12168
4886
2567
11860
8265
3068
9284
4531
2995
10918
5077
11981
853
7637
1853
8582
218
8588
12081
9995
4008
2008
9248
9803
4861
6861
11918
1342
6320
9408
10913
7369
3022
10460
6983
459
6260
9401
4872
1053
12029
11785
12746
10044
1865
971
7953
12602
2171
9625
11861
56
12115
7744
7006
302
7347
3440
6333
6352
2285
4819
8997
2878
6363
10234
2651
11418
7852
7060
7269
4011
49
4571
7661
6664
11949
2508
7339
4146
4875
7584
12572
9668
2039
6326
304
11791
1160
8938
11666
9639
4021
489
12945
8081
1886
6424
2506
7927
9695
11328
12597
8511
45
11159
8066
6527
8373
12802
1772
5814
278
6948
4322
11894
6768
2931
1630
6737
6988
9631
2942
2357
7447
9572
2205
8550
12695
635
2184
8720
4772
10533
4552
10917
9472
5692
3072
6676
4032
335
5251
12556
11041
372
4180
2830
117
8414
7067
12458
11060
1793
9363
7400
12486
1130
5682
11505
7315
7298
9290
6113
4551
2568
11004
6789
9360
3779
3827
1262
5181
5700
1215
1376
6791
4086
172
287
3292
8841
3282
6405
4745
10491
12023
752
9440
11813
2766
7982
9393
8587
6587
9006
12022
11005
5465
2279
6661
12494
1132
1081
1814
2485
5294
136
8564
7811
10971
2542
1069
2472
11975
10853
9162
2842
3028
1038
4920
8482
8460
8122
1310
10538
6895
12624
1625
11686
5530
7263
1453
859
6594
10127
11427
3374
6252
441
12185
8378
11716
1345
7271
10735
7854
2281
7728
11542
8885
5011
12265
8313
3488
674
11541
9711
6643
1201
10723
6082
5165
386
9403
4635
1533
6135
6068
67
5061
3798
9462
10519
4928
10091
7885
4490
671
6157
5631
5786
2195
8456
11118
6710
12397
4265
12546
2728
3589
2126
12835
556
3406
4954
4381
8637
6207
992
11379
9820
3608
11313
787
6842
9115
1244
8224
4731
10894
7326
10413
3375
8849
2468
7675
7013
5175
5221
9372
138
8377
6423
4851
9893
6607
976
6734
2057
8409
12720
445
1049
1499
2578
526
961
2297
9228
1060
6297
2804
3605
5108
742
10015
2694
239
3515
1969
6795
6854
3811
10322
7737
8497
4828
6425
1267
10407
6569
4972
1604
11657
585
7472
2607
10074
11172
10958
8392
464
11457
12778
5892
4670
7350
11886
5713
9195
11496
1629
1084
4195
10546
5698
9503
5958
12685
11736
991
11167
12856
5387
1482
12767
3669
11650
9205
7147
183
8634
8472
6496
4384
7123
3967
10276
274
3274
408
9940
2168
12350
1961
9001
1460
9230
3201
10882
12495
1574
10620
383
9997
1266
1485
9158
4650
3716
11063
1608
9382
8745
10810
5638
8406
9111
5885
7492
5509
5163
12407
8895
12053
3462
3555
12388
110
4863
8773
2131
5933
12596
2497
5820
75
1377
8316
365
7168
9022
8920
11314
3778
10951
2001
307
6123
2444
11581
9744
2855
6800
5515
10119
3772
10573
8261
12098
6764
5469
11368
425
1074
10346
907
10192
2794
1355
920
10256
11801
9045
4707
6711
7624
7952
9064
5500
11504
5741
12672
12738
6334
11532
9194
9112
6365
12690
7993
7072
1187
9306
8723
5008
10644
9083
9704
10149
6637
6106
8304
921
7855
1855
7065
10134
12528
10116
12501
7073
4541
265
10715
9703
12620
9288
8778
9881
3153
5318
5133
9988
5440
9245
12874
2452
4488
6196
11788
10054
12287
7294
4698
10193
12217
10963
1900
1422
8401
2238
5384
12269
1338
8200
7977
5135
1558
3414
7000
12361
7748
11428
8586
602
9156
7523
2325
7775
12820
46
1421
2192
10257
6724
3122
9214
605
10388
6588
3405
12040
804
3095
4206
560
8457
4822
7551
9465
3283
3799
7951
7198
5227
2776
4348
11329
2634
1387
3123
3774
1977
11280
5378
3444
12164
9249
5571
4564
8007
9622
1957
1616
9685
10678
12523
8763
4870
4773
7878
10175
2585
345
11364
5375
4774
3364
2359
5376
9918
8719
12850
12974
9065
2930
9461
8553
6045
4054
11309
2754
12727
8427
2724
3219
3471
8018
6968
3871
2920
12950
1747
1838
12431
5901
8488
10639
2612
1200
8812
2740
9452
8487
7440
2415
817
949
510
6294
5805
8038
8240
6257
8961
5593
7436
3074
9761
1626
2298
6654
7910
6689
4311
11050
12103
8827
6107
6164
8766
3431
8244
5004
4770
10121
3012
2046
431
2451
10879
6584
11546
6925
10026
11085
8095
3203
2777
8636
3548
12859
8598
3572
6006
2687
2611
4445
1072
7232
5678
6647
10518
5299
7981
4059
6718
12896
8780
10613
9666
4939
1671
8973
7830
11152
4439
6636
2547
5696
318
935
7356
9714
4451
10230
4448
3408
8046
6382
3630
1882
1825
9434
7496
2496
3391
9331
7891
4422
9313
405
1414
914
5961
11046
9019
4550
6517
6865
1848
7574
3053
5409
525
311
6886
6055
2736
3486
10937
2177
9762
12870
4930
3938
3161
4122
9919
4519
12114
4023
10482
9741
10933
12540
891
3503
5906
7300
3845
1602
6883
599
4932
9466
1770
17
2068
4826
5745
9412
11703
6820
10248
533
11169
7943
10829
6178
6813
8871
3432
6027
8620
9672
9543
10865
1275
10535
9138
5314
12146
5711
8168
12839
4723
3359
5503
9114
10594
12034
12499
10094
10168
795
4613
8396
6571
3439
9773
1550
7705
8739
4436
377
1404
173
10287
12039
11092
8002
4794
2883
541
553
11515
5604
7333
1080
653
644
2116
7514
9500
614
6277
6169
2722
4033
2155
6510
2837
3013
2671
11113
29
3536
9872
2404
3556
5099
2318
3834
10012
1326
7485
12780
3126
5212
981
12432
827
7734
2821
7727
9350
11366
4345
7893
10850
12882
5206
10154
4562
10237
12320
10666
4956
12213
12757
3784
4687
3620
2893
4186
4812
10816
7984
5412
11620
3117
12150
11556
7509
5949
1658
8115
12472
11930
10126
11434
7620
2760
12401
12733
6951
10860
11087
1701
3571
11751
732
6091
3164
7787
3920
3566
10765
1613
2380
2268
528
9950
6096
1797
6550
12454
188
8859
8296
6531
11353
5365
5828
2294
10186
11369
78
1987
10403
1984
7266
8814
6916
8901
9235
2935
3347
8150
9541
12201
4811
9905
2619
1497
2411
1905
3055
11757
3308
5370
6837
10177
7379
2708
5790
2307
5172
2863
4573
11775
7340
4441
9252
12836
5887
12671
5225
10078
8802
11992
11893
10662
1281
3660
704
3
7311
1930
4706
3082
6595
12175
4913
9824
5391
8769
12352
1498
10521
5169
847
5655
5581
10370
5028
3429
1894
11537
11685
7918
8387
1247
8453
7597
10080
662
1179
4810
738
9794
251
2321
24
1627
10376
6416
11304
7672
11248
3655
11301
4585
4538
463
5750
2877
9755
11440
12124
4020
1693
8452
4201
7129
11566
222
10099
396
8986
9419
3327
9444
12722
11805
2833
10353
12796
1259
8761
1405
8325
9297
7380
2937
7746
6589
8799
10874
9678
2624
6847
7598
8792
11033
10528
6905
10880
8545
11744
8318
5311
11694
11845
2223
6897
1388
10892
8319
1127
3997
10930
10909
7752
9694
1261
1695
1206
10772
10868
11023
9656
12706
1991
5950
3229
10609
9786
4494
11762
8965
11769
2335
1016
7621
3227
8820
9078
4282
3016
12372
6890
12704
4730
7484
3698
230
6858
12203
2806
9389
34
1792
9374
3937
1435
12621
8521
11644
3978
5049
261
2259
9303
530
9693
8331
9029
10527
3692
4719
12937
2212
7979
3696
6971
5467
12783
6046
12429
10873
1406
10537
215
12577
832
12378
3235
35
5551
7486
6978
3341
9121
7048
12797
8343
3602
10364
10608
7794
12444
10301
2165
6530
16
8031
4040
10970
11463
780
2235
9145
3420
12606
5335
10799
2324
12819
12791
7082
3275
7867
5205
1145
4118
5870
5501
1086
1899
4759
2438
9517
5271
9425
12743
6388
5841
10633
2243
2667
4242
8248
7045
8853
12205
9294
1468
4423
8287
5659
4690
2936
231
2308
7362
6081
2988
12585
10037
264
1375
3109
8518
8478
7660
10842
10854
11387
5957
1250
6558
2584
8609
11957
7203
7542
8800
11160
6418
2795
11982
3170
6934
394
3597
6806
2865
6120
7069
6386
1211
4587
6000
12108
8094
4153
5325
7606
947
4882
1843
11794
6735
12708
1089
2580
2721
8979
9574
3257
4347
10323
8691
2487
7665
5098
10750
5046
9690
202
9934
3054
1800
10914
3846
1541
3671
7320
8327
12608
5415
2242
12908
6152
9636
9345
2361
874
10420
1329
11884
12264
10598
6387
5395
426
12674
2870
8611
10680
8725
3089
11817
519
1842
5222
10990
1443
6018
3965
6471
7595
1042
6817
9026
12560
10947
9871
7192
10646
2145
9535
9023
10849
5576
5045
9599
12755
10242
10821
10195
5105
7840
9551
9379
6515
5585
1359
11729
6296
6410
5792
5868
11224
1585
7846
3385
11203
6228
9011
1466
5902
4225
3780
7900
6105
7550
2099
2200
12821
9242
9394
2730
10570
10454
2791
5219
2994
10685
5217
11869
573
4471
12465
5807
10929
7126
7317
4216
6713
7225
8102
7005
7978
8011
2627
9815
3049
3466
1455
1360
2214
1287
8277
7899
3136
11176
4642
2292
4139
581
512
9974
2789
4334
114
3587
7613
12314
6546
9198
7016
1953
7453
977
8015
9735
9699
2755
5654
9858
11617
10525
551
11625
6463
1615
7505
7264
7561
7376
5342
4715
4856
9005
6072
6203
10474
9502
7425
10135
711
1373
4903
1589
9745
10638
9250
5075
9978
2507
10349
5233
2672
2699
6738
7754
3777
4148
3964
10098
1432
8153
5414
950
6910
8960
12365
9547
12292
12263
1020
5302
9806
1787
11194
9084
4106
2714
4420
900
12192
4044
6491
5388
12901
10390
1335
9477
9418
6965
9185
1039
2861
5216
12377
10431
9308
1292
908
12428
9747
9526
11592
5838
2816
6667
3796
7627
10198
3443
3182
6311
355
1833
8009
3236
8037
5582
2595
10437
1673
620
347
9446
4013
2194
12191
6793
3791
1434
9277
2894
3946
1207
2758
12104
10649
6210
8136
12413
5284
2812
7809
10238
10189
7844
3723
2871
12077
11186
7088
5230
10383
141
11554
10707
3956
2986
2886
3749
6885
12457
767
12703
6001
4043
5922
11170
2666
1811
7358
7576
5730
8547
3461
4455
11487
2720
9199
7235
3849
1035
9570
3885
4945
10906
6016
1813
3145
8143
12157
8402
5904
4543
4971
3928
7908
3824
12226
9979
12060
5597
4555
1819
2179
4235
7704
6721
7252
1897
6098
885
2904
10915
1193
4047
3769
11674
12525
12890
4693
2579
1582
7314
3585
10298
10377
10884
6274
2348
1121
1648
1559
4176
2747
6442
124
6832
8902
5596
8481
7494
1037
5725
7500
3101
8948
4516
7365
12478
3788
11767
11614
8352
2823
8213
11990
11077
11036
2640
2309
9301
1537
12074
9923
8594
10293
931
1538
7449
848
8668
11166
10109
10252
2233
1189
5688
11103
6159
5667
4212
12559
7917
2919
10986
4994
11011
1528
9875
7502
5326
12421
9457
5505
673
3948
3745
6572
12942
4034
6378
8910
7999
11473
5060
1098
6205
7411
1068
6930
2583
5260
11840
4060
9796
7122
8830
9632
9009
11299
3951
6281
7802
4526
8833
11271
4089
5466
1417
4257
9581
4672
4000
4788
12278
5721
10514
7592
5174
7988
4756
3623
3256
4064
12477
4695
11578
6678
1090
11215
2417
12144
1571
11454
11547
5629
11157
1503
11410
8341
2599
8670
12841
3069
7042
10136
1694
8404
692
9514
6504
11174
8532
2682
4666
6532
5944
12235
4042
6170
10864
2095
4665
1871
2491
12347
1552
6974
2006
12126
918
5257
6763
208
10550
2198
2969
1313
6457
6663
1762
11238
1515
11075
12506
12249
9784
2150
6966
2996
10284
793
3673
4496
2715
1934
4518
1195
5094
1543
10306
7769
11987
7322
3792
2280
2725
12956
12211
11335
1704
2232
3578
8062
2142
4923
7482
9127
2657
6603
460
11165
10240
726
7357
10314
8591
6224
1056
5047
1576
5006
2726
3757
9163
4739
7967
10708
3120
12726
427
7636
8771
8689
6335
2741
3653
9354
12137
1642
816
5663
5809
4898
12990
3682
8384
354
4454
12198
7994
236
11000
7718
4166
10940
3189
2017
3035
1423
5941
12228
2334
10632
1703
6772
1103
9155
9441
10034
2093
8988
1647
1979
9407
1371
6582
2965
10289
6655
12931
5788
5290
11927
4308
7313
12177
3882
5610
10438
1286
12135
10444
4590
7405
805
1523
3011
12067
3810
4006
1188
7749
2613
8360
10446
4944
6400
5853
5984
9298
9593
12567
10981
3980
10597
1844
5875
6456
2774
10
10926
5134
682
1698
6499
5782
11574
9520
4824
303
2244
5687
11921
13008
8561
10006
9056
9560
11675
1577
5261
8447
6799
9594
6658
3847
12063
1751
7115
12711
4614
12659
10648
11533
4256
468
9743
3986
1384
4705
4377
12318
8525
3194
2077
329
4968
2586
4222
6547
3583
3244
11803
4764
9942
2328
4892
8498
3284
7666
5431
6177
583
9474
2021
12001
332
8028
466
5852
11642
12197
8178
1638
3290
11507
2427
9557
4313
10330
6052
8073
9339
10724
10788
12302
1769
11865
363
2939
951
10843
8697
9537
10066
12073
12455
5752
9459
2224
4796
10327
3547
1960
3034
6762
846
2540
7868
7398
7084
11752
9106
12066
9116
1226
94
11562
3897
8155
5774
11954
5765
12121
5
11879
9669
1463
1112
10508
4103
5214
4138
12493
7401
3549
1824
8420
2677
4193
5780
2903
636
475
9848
4281
4512
3659
9852
7653
764
3452
6726
2885
909
3804
10402
5602
7175
4970
1711
798
6963
11756
7064
4018
3844
8075
2763
5266
6783
3174
2391
12140
1144
3822
4315
11724
2576
6358
10532
6026
11161
2618
7176
4301
5319
5849
7389
11200
5671
946
6758
190
1123
11980
8130
11887
1352
1765
4725
5720
8669
2176
12160
10371
11361
8734
7063
12449
12171
7160
9262
10280
2053
10393
6331
11972
10180
11318
7810
3222
11908
3258
3614
9608
642
1348
899
1220
10401
11211
4382
167
1314
3664
12395
7673
11429
9894
9189
883
8367
12688
597
10021
62
7231
3188
1082
3853
11730
4782
12864
9531
584
6180
334
1832
4026
10484
11820
6071
361
12178
5413
680
6722
7010
9854
9722
11402
7293
9579
6524
2216
6433
4963
7731
4208
10939
3717
12768
6242
3401
6162
12772
6900
7443
6022
3148
3498
3730
898
3094
3568
5802
2926
9411
10397
929
313
10125
4474
3852
11739
7090
2489
7105
7165
9246
5562
9539
9309
5577
10139
12963
4097
8784
3634
7940
7375
6454
1535
8817
2314
6736
12551
9219
9027
3628
1721
1032
3112
12409
11136
10007
1409
1288
1795
4017
8411
3280
5074
12363
5766
6449
4949
5743
10489
2704
5021
4703
7108
7628
6580
5724
8428
12696
7763
11568
12903
7859
9368
8968
4853
12311
7180
2951
6574
11868
4618
3261
3393
1023
6289
6067
5080
11967
4419
875
11912
6293
2465
650
6739
5756
6187
8970
505
12245
47
389
9396
7142
1881
6660
8333
3099
3525
8175
3983
3785
5406
10261
8292
11679
12565
242
3702
6985
8091
2535
4597
4910
12169
4203
956
10635
104
8489
5955
5952
9943
9010
837
6247
12247
11521
5279
3646
6811
814
7713
8708
2423
10487
5656
7146
1982
863
4674
12344
5252
1318
5473
8172
57
5456
672
12694
8284
9128
404
12646
2698
2964
8753
10294
10795
12999
1801
5062
3451
6222
279
12656
10602
3904
869
3851
894
7815
8198
9385
6413
6397
10123
3481
12390
5863
8257
9316
165
11931
6144
7388
2327
7796
3880
9239
9272
12439
7872
1092
880
3372
3213
12792
4277
6513
10578
765
4697
4041
957
10400
6723
2778
3838
100
10817
3394
12277
2199
6543
501
8493
7970
11885
3063
11311
8283
6964
2514
3250
181
9776
2270
8522
7615
4119
2293
1126
2895
10516
4554
11569
12815
8857
6229
9654
12979
4755
4343
8390
430
7837
7284
11293
12507
3125
5337
10927
5312
12082
5826
267
10156
8779
5812
3714
12545
7753
7099
10418
6879
384
5900
12784
7124
1221
2750
4463
1413
5776
9491
6815
3240
12334
10084
11278
6223
4701
10852
6583
95
1163
10504
1367
1773
3346
10625
8014
8612
7838
8322
9359
565
8967
429
12655
3320
9169
7831
8925
11733
11970
343
8852
2635
11999
11897
7745
1527
3489
10172
5306
9994
12724
10111
4272
12609
1210
11074
9287
8479
11054
12537
11866
9321
6774
10317
5392
1013
12147
12909
4169
1270
5608
1094
511
6438
9609
1729
5405
1045
7532
11396
3680
11302
9647
8106
3701
2733
5641
4989
5485
3382
10212
10107
4738
4160
10999
617
2329
558
9692
9154
1623
420
11754
8159
6927
9038
9153
217
9366
6489
282
12225
695
9257
9838
5349
3064
2183
2193
8921
10142
7474
1491
10473
418
5575
7041
9423
12284
6776
10457
3231
8338
747
8040
11257
4845
4871
6097
5232
5704
3487
9213
132
7528
393
10254
5685
1628
8362
5315
11214
7814
9954
4340
1536
1635
2265
12790
12341
7939
12273
11582
2803
941
12018
9651
6765
6972
12855
2925
1143
10871
12826
4844
11518
10841
2221
12041
1752
8249
2565
7140
10601
192
7305
2784
3619
3389
11389
3294
6917
106
2316
8220
1480
10214
6227
1949
4111
5801
6117
1139
10805
3267
509
651
845
2729
3279
10285
12715
1931
6353
11
4850
7957
11932
807
10331
12804
10355
4992
12173
5962
6816
4644
595
9618
3040
10798
5617
1316
8330
1025
1859
11158
9241
7242
3104
8712
3241
1426
3743
5267
661
6038
1639
204
6614
10665
8542
12354
625
1242
1599
12623
8431
5973
10101
2556
3615
9604
12448
5691
6612
2213
12981
2661
12237
11978
9778
11560
6570
12342
11680
5652
4175
10956
9926
4718
8722
1731
11089
4164
762
6426
11670
939
6477
7973
11509
3191
9787
8930
9300
3155
11627
11789
12750
5130
6219
9033
9823
7798
3193
6461
10281
6821
11640
9603
4935
9341
12466
9278
10292
12751
4157
8180
2681
7761
6035
11948
11723
6446
8363
10381
2162
5980
11334
6087
1724
3029
5043
5874
4938
423
3691
1301
2148
7222
10211
4412
7187
12475
9046
12928
11459
7612
6516
8451
10166
1291
5979
8380
2798
7201
6492
1115
2835
277
11735
8696
11940
10920
12803
12451
9657
4909
5354
7567
10160
4691
9013
2991
7185
2178
364
8551
4581
8101
749
2551
5728
7057
5970
9568
8711
12978
4241
8539
1985
2383
1284
1902
3519
9384
3050
5956
7732
2136
12179
8815
9307
6824
10693
5601
3141
4507
955
5265
3060
4995
4179
2780
1659
1505
7947
1430
11256
142
392
4897
4339
8114
7204
9299
4539
12002
11892
4051
7200
5338
12392
8893
2968
7438
4563
8485
11513
12818
4829
7835
2592
3014
7925
10073
6493
273
209
12303
4600
3479
10305
7536
9435
3709
8916
12607
6787
4168
6232
933
10153
12512
10132
1584
7307
985
4728
536
5263
8726
7255
6089
3160
11267
4079
12957
1467
717
10647
3855
8274
12893
11474
2428
1718
703
11652
8596
476
2386
8747
9682
8950
3249
1462
9819
10604
11345
10328
12955
12571
7989
11628
6276
6597
1522
4320
2853
348
944
4781
4841
1322
7157
10677
12327
7941
6528
10657
1236
5735
7608
4327
10224
1349
11667
4936
7173
12972
12939
9813
11362
8706
9966
5627
5640
11551
4114
6827
7217
4997
708
10774
8399
6844
12781
4906
10310
9683
3209
11128
6529
2653
2002
11444
9436
7448
6204
1677
4244
7056
1767
7267
6943
7001
4940
12601
1914
5633
4624
2888
7723
3366
7087
6347
9399
4337
1919
3870
1026
11155
12236
4464
10082
12895
5416
12665
8742
8855
10356
7895
4022
8152
11040
11409
10485
5087
3574
2363
2767
1332
12200
7382
270
12943
3003
5496
12080
6719
4005
11994
5381
12710
7437
8832
836
2644
5783
3588
8710
2838
3226
8147
8911
10942
1472
7280
4594
4606
8483
12631
9256
9825
11595
4801
5088
11903
10869
9760
1649
12925
10670
8513
7116
12823
6146
9139
12051
5125
1386
2338
5461
3066
8512
11150
575
2643
38
1354
4204
11090
352
2501
4659
12414
1109
8349
1071
2609
12308
11281
12566
2392
9062
12852
10115
5815
9902
8063
1782
1798
6744
12689
7969
143
4696
568
3976
3686
8848
499
4409
4105
6952
306
3416
10652
6720
10379
11081
4468
1212
1525
1319
3903
9275
12370
4078
4084
4678
9422
3592
1746
12379
7341
1657
7030
10090
4599
3721
12091
2716
9017
8816
4628
6090
32
9906
3239
2424
5749
2248
2466
3550
4544
8205
8303
2669
8275
7601
8305
4609
11745
1796
4260
10783
9788
6685
2326
1252
12033
10660
4809
12353
968
10655
13003
8755
6511
12042
12771
4220
12553
4896
6733
5102
4004
7359
8565
2277
6873
4762
10497
11649
3248
9716
381
6279
12427
8933
176
3910
8912
5587
9513
5594
5494
12526
12490
1758
12789
508
7245
8597
4465
10042
10973
3230
6691
11538
180
7889
3216
6163
7720
10883
3894
5429
2909
7714
11853
9445
9261
7021
1517
6233
10960
8065
11098
5884
4147
3001
1099
7515
5274
800
7230
2396
4227
6189
6606
5358
8034
493
2429
10138
3010
4854
1383
9993
10426
12678
11790
5400
229
1365
10061
10847
6669
2702
12534
6480
9238
4124
8821
3480
8504
2098
9365
4298
783
7133
4869
1203
7688
9862
3905
9043
11945
12122
9105
7055
5071
5583
5762
8246
3073
10338
8423
10628
6699
10451
9532
3848
4813
11870
346
2180
12660
8746
3032
11624
5023
7783
3850
12533
5408
586
1490
10739
433
686
12209
4459
9318
439
11755
7054
4102
12576
2058
7370
7882
7219
6062
10615
9958
4921
2337
12038
7998
9510
155
4287
12065
341
10445
3604
1450
10264
12445
8673
10200
7897
3225
11218
7130
7477
5882
5495
10553
197
10213
2637
6808
13009
6350
291
4130
6747
7644
13000
11905
7985
6599
11127
6701
8877
773
10534
7181
1888
3573
10543
9215
61
3220
7128
6967
8585
8819
1033
11316
1036
1706
5977
8435
940
3996
9489
8957
5732
4711
11312
6432
10928
2573
2215
5832
3324
7154
8085
6437
10095
8480
11549
12317
50
8919
8976
4887
2245
2203
7614
11519
566
9400
654
97
8070
8667
12009
9900
10430
10458
10167
5947
3460
6484
5282
5694
12970
9830
4933
11469
8375
8434
6923
11690
3021
8027
12186
6419
2218
8922
8941
3767
6015
784
1992
5680
3171
10499
11753
105
3782
2274
11565
815
11123
5564
4842
11207
5712
10763
1822
1890
8788
527
7987
6848
1146
9521
970
6474
10616
3400
9675
3061
8235
6259
3661
147
9326
8253
5512
5772
7262
1149
9874
6428
12842
11251
6514
8856
801
5574
126
7972
7136
3722
12166
2260
4991
7915
300
8051
1428
4210
9392
1678
12142
3223
7553
8519
4653
3645
12223
7590
12216
12076
1024
12833
11527
1219
8017
3150
6750
5727
2709
2282
5475
4651
51
2591
11130
11032
7330
7751
7942
3914
6623
8837
2
9470
11696
7604
1561
3135
8069
1594
10259
2206
9812
471
9767
2187
11800
9224
216
3185
7352
8743
5089
12879
12435
6037
4647
11190
5449
554
6766
12810
6717
3128
12590
9798
10720
5799
4270
12693
7887
7463
11094
7894
3511
1674
5238
7233
1568
7944
4057
3004
529
6362
9018
3635
7599
12267
12156
8560
10229
6181
6482
7227
5729
5037
199
9259
3403
2629
7681
10870
4727
6269
6128
6085
694
10103
11346
7956
8468
6692
9178
3246
8906
3647
8238
5426
8899
3076
1078
7461
8282
8695
10040
2757
9624
737
6486
11282
11687
9184
4724
8160
3994
8999
11796
6555
1583
497
9846
4014
8167
1122
4240
5579
4558
12252
5662
3006
5057
1182
2201
3158
10823
2461
2971
6404
5590
3179
1298
7089
12154
3335
150
1110
8515
2012
10463
871
7799
9067
2135
10478
7767
12437
81
3947
8898
4506
4408
8907
3644
1097
11808
8188
8783
9876
4050
11446
11164
5129
8204
2284
3018
4648
5660
12555
8699
10203
7475
9873
11495
8000
2739
559
7640
607
3441
6586
2569
5139
4251
11220
2824
6695
7274
12189
7743
5763
12174
503
1976
6859
12914
11734
6309
10017
3264
6856
11594
12698
9015
3337
10112
4249
6069
2122
6535
8123
2071
8698
2545
1416
1995
12641
11370
6005
3557
5983
2414
4228
9449
2013
2394
4523
6246
127
10822
6509
5104
7519
2656
10058
8503
4261
7228
11122
7913
2027
5112
11651
10503
4318
3987
12664
9229
6941
1227
6129
4937
3751
7110
7735
2693
11678
4596
410
9243
8288
12170
3627
12069
3642
1954
12280
3478
10919
7995
6651
1232
6396
85
12929
10630
158
1700
1682
3169
9546
8796
5157
12657
3945
12926
8946
1667
10656
4236
9426
8595
2860
7156
7579
5855
9233
3533
8959
953
8544
11460
4247
5757
7716
11146
4859
10706
9416
7914
3329
12202
10251
6253
5340
1147
4264
8903
8280
6137
2678
6522
5202
2225
2483
11315
11997
2437
8449
11485
2890
11383
3712
4771
4058
6042
9118
5435
5734
6521
3591
6652
12892
2543
3765
3041
2753
1990
1452
10547
12400
7155
5418
4901
2447
6730
4296
473
3175
790
12402
6835
2442
1125
5480
1940
3906
10792
3820
11528
3819
9613
8798
3612
2113
2796
3033
11986
8412
9447
3454
8484
8665
5059
7594
11009
1636
8777
12967
2970
10993
6434
8353
12155
2229
15
3732
3603
12683
5650
9101
11184
8369
6801
3510
1411
1963
9725
11502
8029
4953
5591
3640
9236
10467
969
735
226
7446
9159
1118
3313
12255
10296
2476
3349
53
5452
6195
9265
5022
2675
8157
5793
4837
2598
10321
580
12845
10577
5643
11839
12017
8156
9074
7512
10304
5516
6616
10428
1305
11917
2549
1136
10586
12376
3186
8782
4784
1021
1138
3304
4338
11977
2546
7545
8052
4363
9340
9320
10089
11705
9641
763
11673
4167
12436
8199
2849
11669
500
9938
6575
9670
1998
7049
810
7206
9524
3523
7470
8508
7826
6876
1632
7563
10354
4664
5277
12668
924
9070
7888
11725
12386
9291
9496
3306
9081
7310
2950
7800
643
2832
263
9398
4579
5484
10676
8958
4804
6208
9964
11043
9483
7081
2518
3116
6875
9388
3773
2188
12913
7639
12812
10083
10761
12652
1994
11196
3291
5207
7117
12899
3130
10785
1618
3756
1248
1279
11924
582
11834
4406
10746
6192
9032
6862
5436
3752
7473
4303
6268
8629
12095
4787
2230
5168
10877
5861
9644
6785
10129
10709
5742
905
11404
2781
11439
9984
12359
4359
11171
11086
1564
7372
7983
12996
2859
9016
2972
6611
4232
10047
8097
3546
10332
11701
3019
7501
2752
868
10032
8458
8517
10531
4637
7052
539
4485
7196
6596
3579
11782
1180
9913
8501
9545
8293
6271
10013
613
8850
1174
11494
12301
728
9066
3872
12517
12800
8924
12605
12763
8350
1631
6431
7772
6961
12884
9479
3388
3650
8234
8834
543
5924
1578
10105
12373
1854
1544
12813
1374
2430
1978
1634
2961
3332
2836
2478
5565
9804
5701
7605
8574
8381
11327
1169
3713
9509
3742
10682
7686
6549
2362
2117
11629
1570
1083
4649
6168
9992
12806
7287
4515
1012
12513
8117
8765
9060
10901
5025
10003
10358
12598
2128
2263
7739
5843
7726
5684
4081
1942
9529
4588
2779
7540
2138
10977
11895
10835
2984
5510
4001
1909
8592
1484
8006
5549
8839
12508
8206
8074
12078
12794
3039
7695
11995
7945
5063
11695
10141
10714
4591
7912
8770
2237
4668
8982
4534
11354
12787
758
9090
344
7420
8580
2094
1805
10925
6863
11350
2742
4480
11844
6088
12840
9915
6748
9715
513
1054
1269
8394
2453
5390
12270
11722
11506
10194
7808
2696
11182
4062
7302
3781
2987
9559
11919
11141
7104
11974
1922
8569
9523
8323
7932
5589
10028
1015
7626
1830
5455
7780
8308
3586
6101
9082
12190
11770
11249
4987
3351
4802
10282
3113
1489
5111
10808
1104
9582
3593
12867
3789
1440
5101
6385
1566
2938
4532
7824
3632
9087
6337
11778
4988
7696
4460
12637
3281
8278
4
5869
11784
7281
3205
8772
4015
10319
3057
4283
6682
7399
308
8996
3537
5067
4800
10391
4069
11055
11237
11347
2504
5288
806
3908
1065
10374
4816
12714
6109
2236
6526
8692
9405
11206
11618
6675
7394
2110
11099
10949
9332
8307
1102
6709
6640
12684
2589
4113
3286
2727
9427
7807
5323
9075
3100
11291
9802
4344
1689
3318
1741
2826
12875
9073
7676
5228
1369
7771
9734
9580
6830
8185
911
4522
3710
6166
7596
2811
9217
8477
1650
819
6912
5622
2433
7812
8364
707
658
12654
1581
1728
6201
12807
3575
5180
7240
5056
328
60
4172
5523
6564
9853
6475
326
11864
3354
12399
9485
9948
11263
1737
9120
3843
6668
8036
858
8339
6328
9586
11956
3114
12153
9606
5539
7282
10077
5679
2160
5664
11232
5211
829
7936
10902
9742
11143
9789
710
3883
1555
12843
7292
8145
2076
6116
8787
3425
1510
4010
759
4689
7074
3268
10368
11612
11836
9383
11777
10158
11545
5085
8993
756
6044
11288
11360
3902
11352
4735
3805
12012
7149
3972
12561
8486
3636
3895
1150
11689
10807
7634
7361
856
6197
2196
5619
12286
5344
3093
9302
7009
5531
7538
2477
1974
8865
6891
2358
3562
6199
9497
5661
11991
6627
11437
9687
3156
1357
2605
10747
5246
3835
11343
10062
2793
10184
9126
4645
3178
11522
4472
5626
6453
253
5857
11336
6332
7499
5646
2713
4977
9342
10483
11712
1337
1464
419
1965
8678
6818
10239
8949
3495
11871
12208
4219
12014
12626
6415
775
3272
2852
6881
2597
249
867
5681
8794
2393
11721
11479
6621
3741
201
9266
3740
11726
4540
3027
9739
5287
4269
5616
6877
10351
5840
9999
6084
5419
1166
5030
4865
8090
8622
5179
11807
2055
11828
1732
6728
10923
7334
9861
6592
7109
10507
3323
4779
6151
3504
2278
4560
5256
8125
8786
9260
1213
1034
9172
3433
3821
12575
7898
12107
4918
9799
1784
7189
1403
1108
1971
12072
608
2217
835
44
315
11468
2525
2923
4777
10140
435
5915
8904
1459
6376
2191
5064
1970
687
517
5052
5058
6273
12897
2541
5091
1799
3531
5121
9839
3685
2401
6938
11419
7850
4325
6884
9583
7641
12412
9945
4224
3624
8762
30
135
884
11732
1539
1603
2509
8448
4009
2967
11500
4323
5397
4641
12648
8459
8694
3036
2864
2305
6343
10443
1839
2554
6712
590
9076
7131
5328
5618
10427
2164
3336
7881
11034
6631
12424
3360
4617
2533
11543
8737
2862
691
690
2927
9701
5320
11202
10464
6225
9996
2906
3912
5545
5433
7351
12281
6777
12853
7452
4491
12639
10979
8140
8860
10777
6174
1560
4259
10787
8209
290
6771
7417
2963
5764
11260
1964
1644
11758
8166
10948
12221
1372
6557
4677
3293
5285
9274
12765
4504
2817
1391
5567
9268
3649
6193
1595
6236
3111
4775
8177
12749
6065
647
6924
4860
2163
10050
11333
3873
2765
1676
10169
12315
8247
3106
5558
10324
8606
2600
10996
223
8649
4595
10505
9136
604
5603
12288
3162
2539
10165
823
5856
3500
12102
4286
4036
1437
9150
2319
10055
7331
10387
578
406
8529
4778
3434
6864
6265
12503
7312
876
12557
3469
12589
5019
10727
572
338
3806
1679
5522
8370
11709
9793
5559
12574
10931
11148
6003
5155
3297
3874
1223
8801
1600
3151
6508
10247
11133
6284
3936
1141
6673
3953
457
7924
10307
8374
8703
1009
8041
92
325
12452
69
1458
10311
6944
1364
1418
2771
12632
7711
8103
240
1958
398
11843
1303
1802
9063
390
11252
2519
3998
6134
11550
9929
1183
5208
6092
133
2066
6874
8255
2182
3300
8531
9634
3961
258
9234
11421
6705
1294
4229
4248
2389
7820
10318
11904
6893
247
10801
1669
8405
8309
9891
9424
9835
3208
1133
8576
5996
482
11375
5891
860
4885
12355
7207
4252
4087
3941
2759
12529
7162
9508
5184
6485
3541
2646
2891
11776
4964
1879
6143
12510
6132
3666
596
1777
14
11178
4879
5132
1988
3837
7806
4527
3218
2369
6911
3499
6749
4141
652
3934
1641
7573
5773
3411
9055
2828
12662
7795
9914
5555
10151
3180
6121
4931
7616
5218
6619
903
5399
8583
1356
5568
11688
753
1172
4553
782
12817
1520
3102
12515
12904
5695
4300
11449
1945
6011
5244
1933
11698
11683
11108
10128
113
1774
220
6702
6315
2998
3140
10065
11700
12998
7708
2084
2220
10846
1521
7034
437
10563
9092
609
11901
8126
8099
11358
3527
8552
1208
3476
11029
746
699
8676
10848
12805
5520
724
12307
2954
8344
8376
205
4245
754
10272
9556
12965
5842
8744
4900
5368
4566
5159
4751
4115
8499
9493
248
6649
8022
5259
11779
288
8098
7629
4012
7360
10911
6014
6145
3898
8120
2602
4065
744
5767
1597
915
1070
8026
5027
1397
12985
709
8842
504
388
9124
7383
3198
1030
4030
73
3930
9077
6111
1691
2421
12415
9335
1927
4598
3344
12418
6190
9578
271
10303
5948
3497
7632
12953
7556
10060
2086
7625
9977
7510
2790
448
1929
9148
7659
5707
11710
7741
6609
8803
6605
11403
10488
6645
521
5739
649
12661
3438
1487
7703
4217
1389
2351
4830
5386
5536
8203
10088
12004
12758
7710
11983
5517
8110
9053
5142
8804
8049
7968
6251
5737
6341
2645
12731
7172
750
8366
89
9456
316
12000
5527
40
9348
5702
1757
8528
10399
4274
3042
10163
8881
8242
3051
7431
2887
137
6040
3553
11231
9540
1662
1684
4765
3949
7469
6732
12667
4528
3493
12148
1246
440
324
11746
11579
10417
12133
4096
7645
6796
1849
9607
3458
4329
8577
10093
7476
7190
5330
10980
5544
10832
2808
9558
7789
11855
12868
8111
8546
2684
5321
6634
10992
11934
4191
12188
3860
7092
12446
3522
4757
11929
7188
7419
9937
8640
9315
9855
9448
10005
10814
6545
10899
9492
7929
751
3629
5919
2532
10576
1176
8628
8382
8686
3154
5888
9801
6110
5506
7251
8675
1433
11692
4362
4299
12911
6729
4720
1493
6308
5883
9779
11241
7062
7325
2000
11586
2382
12547
2227
415
12411
3974
2956
8883
3168
6221
3512
11035
4858
12827
1753
2882
8674
128
6345
292
6153
3999
7171
395
10014
169
12591
2130
7091
10637
5623
8605
927
11049
7095
1702
11797
4570
7040
8704
4884
8446
665
10174
8603
11147
3043
1726
11426
7390
10544
7439
416
11832
10258
2252
5470
11068
10876
4416
5054
6878
2974
3886
8138
4942
4763
12976
12544
2559
12336
9880
8169
483
5775
4231
9901
10433
5013
2989
9176
10617
3435
1378
5636
4053
5963
1511
9469
2377
821
8656
10277
4133
7397
5493
12502
2481
10022
7694
10250
9834
3957
10097
9738
6370
323
9887
1878
3943
8436
3017
6263
5917
1857
6626
5363
5103
9460
2596
1962
12300
9072
6323
7529
2208
4660
1892
80
10890
8538
2581
11484
2582
8368
1557
1621
3273
7249
4966
7781
777
11244
8266
4035
3184
12093
8127
2342
9870
7571
8445
902
7396
4083
4077
5119
84
2899
12087
5403
4413
4094
739
7663
1508
5803
3989
8887
6579
9811
4943
10694
11984
3149
2829
4207
3776
4365
9146
8781
11300
11872
11663
6202
4646
3413
12921
4442
4498
4621
8869
3861
3609
9676
8523
12977
833
7094
6548
3918
7285
5615
6472
1937
12564
8963
9544
10389
200
11857
7491
10020
10308
2626
9728
1394
7299
3325
10067
3526
5308
7937
7053
1424
8983
10793
4369
3077
11233
10480
3969
2317
3626
11587
8418
1380
1478
7524
5548
11242
3576
10176
7444
4868
9808
12425
3447
1924
10887
449
1614
12865
4355
2300
1233
7581
4341
6377
11008
10069
10373
4873
2398
8268
2768
1640
10147
5005
3000
11852
7622
1278
2688
5462
8540
1234
10515
213
7068
8089
7107
11720
1282
811
11593
4462
255
3090
5176
8894
7679
5258
2799
11658
2962
2450
12384
12705
6590
2620
9623
9295
11193
6833
10994
11138
10554
8514
627
10343
5086
10425
1968
11295
1008
10924
862
928
10831
2445
7377
12798
432
6932
1501
11239
2670
11704
8072
12094
12109
11452
7102
5082
2125
11325
3783
8267
10360
10100
1225
2015
4627
10315
8966
10753
8896
3044
11109
5226
5200
2436
9751
8956
2572
4233
2949
8433
102
11713
12915
2610
8086
11007
4529
3453
1066
10442
10659
7792
8219
10717
8212
2848
6745
10300
3643
5630
4481
7353
1827
12419
11874
2701
3794
5444
391
781
11880
2124
11462
8793
2822
1820
2258
10513
5795
4584
4199
6364
12184
10051
2455
4754
6907
10337
9589
10784
96
9036
10855
5755
10589
2108
1251
11943
115
9723
12393
7662
1412
11124
1022
379
5472
4366
10092
4152
10710
11806
11149
2061
12194
4789
1761
1483
1438
6857
4643
9882
12871
2112
1441
6503
8589
1425
4495
8320
9475
6602
3618
7257
7318
12196
2813
11492
1916
3719
10339
7948
10181
8578
6336
2692
12176
6593
6976
4505
10833
6017
8336
12220
11711
3763
963
8469
12346
9932
11802
10380
1001
37
9208
5453
10686
6464
11076
12923
2689
3729
4734
11351
8562
5936
11219
4857
5143
9322
1431
4904
12158
11324
5929
5223
532
11424
10231
4278
6809
2407
1950
8045
5768
8419
8516
7730
1735
3657
1254
1889
6898
11985
5018
10592
12049
9883
2067
9373
4619
9453
2555
9936
178
5703
1442
7879
11563
12993
5078
4981
10232
1457
11342
8866
5193
5953
3358
5595
5529
11635
6409
7678
1184
4239
9889
10606
2825
8008
8301
7348
8840
7779
3832
2686
1302
1524
3370
5122
309
922
11747
2745
9949
727
5706
11580
9920
1113
9935
12799
12471
11902
7946
11416
6578
9973
6220
4446
8146
10262
11121
10209
9473
879
7896
1606
10773
6823
5286
1526
3982
12676
6746
10658
698
481
9179
7593
4163
6742
9614
1173
9696
8684
4843
9591
10157
3613
3214
10363
3217
5093
9264
4109
6451
7
2353
8492
48
333
7033
11605
11609
4158
9592
2636
6716
9953
5628
9649
6473
6743
7051
973
11406
9684
3828
1157
591
1880
979
8039
5166
68
1780
5834
5508
3409
10722
1100
1120
5359
8713
6407
12246
5592
1101
4514
12707
10903
7916
6989
9506
2875
10416
7566
1006
8351
4848
8926
8082
10335
10998
11749
6610
10964
10721
8230
4578
10384
10131
2630
243
4623
1058
633
5658
12558
3206
12422
2261
615
11261
6538
8311
4492
5881
7922
6383
3255
8541
1981
3197
1135
11906
7635
5097
5502
108
6518
12603
12825
1027
11792
12936
12011
8617
1654
11856
485
10202
2250
4818
2560
12935
12766
6679
9842
1874
10479
2009
8845
7623
3342
1096
718
3105
3269
6452
10756
12086
10738
4568
3038
446
4880
10143
4973
2717
7218
713
888
1283
5999
3445
8775
5460
4129
9000
7112
8299
12615
4733
1063
12918
5665
5758
2475
6248
5020
5488
6176
12983
11558
3301
3465
10045
7786
11955
4503
1320
1947
4435
7990
697
12728
184
3421
7860
3790
1730
9772
5599
6244
9376
7904
4120
5992
5498
11922
2985
2706
4182
11668
5195
3181
4304
12248
9132
4652
8196
12762
3864
9737
7525
12948
11284
1530
246
5714
7791
5366
10764
1217
2339
11787
11067
996
3450
11862
2676
6478
6359
3793
1845
1997
5012
2614
8672
10396
9956
5613
5648
7043
2197
4768
4091
9144
320
5738
3474
9187
2929
7441
11662
1847
12679
4630
11179
286
7159
11570
2463
4479
7630
2979
10299
634
11760
4740
11482
2246
4682
11412
8129
6657
2917
8093
9505
3326
6909
9781
64
2367
9595
9311
5186
9879
5147
7418
10025
7096
11825
5898
10881
12398
6327
5316
9748
7930
8142
3137
4743
9916
4046
4905
3598
12697
5210
5911
7150
1196
11960
7083
1111
3750
12531
6154
7295
7024
2680
9658
12293
9206
9468
5645
1002
2010
6677
8386
9884
10450
2632
145
8943
196
4127
796
537
9390
1471
3590
6920
4230
9161
10859
3932
5128
11577
12058
6868
1514
4634
9346
11576
4926
5009
3559
2562
12801
9713
11445
2574
1778
10845
3552
12491
4924
6427
7141
6175
2073
8555
6828
4104
10199
8228
3142
2249
3633
235
4262
4280
367
2734
8953
4680
11920
12485
407
9099
9680
2240
12443
12811
5204
966
838
12511
13002
740
5847
917
7061
3942
760
7066
8851
11356
1289
5935
2801
1986
8945
1675
3287
2914
6638
8055
1339
4184
11615
3210
4807
12887
4536
12083
6104
4192
8421
10729
3595
7297
577
8407
6819
10313
8549
3564
4258
4052
2141
7778
3688
5491
10456
2783
7758
9020
5066
8192
8207
5379
9283
789
11432
2983
7548
12666
8442
5442
153
1274
2561
13007
3601
8078
2529
1481
4438
7587
4501
5483
6010
2482
3736
5624
9104
9845
5003
1575
11247
12600
8214
9970
723
7677
8630
4577
1048
11391
317
5829
1946
8444
3795
1715
840
3259
8171
3725
2732
6241
7306
10411
12204
9615
962
9039
3491
11647
6561
4356
6577
3277
4640
11610
3668
5672
4145
4791
8619
3368
5229
5434
5100
4671
9191
10552
3317
3990
2267
11555
6373
10267
10476
11910
6338
1330
43
7823
6871
4846
1620
932
7367
12740
7076
6615
11958
11228
8520
8969
9724
1972
657
2905
9108
1596
7958
8290
2291
1651
12
9281
11286
4855
8559
11217
8573
8087
2207
3631
3569
1311
11319
4785
4565
1989
9985
10378
890
5148
2982
10782
11937
5808
2746
8149
9629
9955
12151
7414
3518
8964
11814
12858
5332
11337
8285
4181
11804
7683
5374
3840
4025
12453
8651
7638
1534
8677
10687
5572
1419
6958
403
11019
5083
10493
10068
19
4639
7656
938
2312
7975
12873
8749
6977
1445
9818
6841
330
1959
5486
7015
7450
9584
129
3800
2945
5160
6043
5923
10826
11116
4332
12366
1939
7964
11911
6481
3706
5404
10278
1140
9987
12687
5995
870
7706
194
18
8432
8187
7373
3502
4275
10146
10745
411
8273
547
9137
6598
6361
841
55
259
5471
6867
494
6399
1661
887
12554
7991
6077
8158
612
10922
7530
6706
11714
5746
2918
3467
5164
11435
9450
7183
7504
2786
11084
6291
4820
2958
2490
3138
2615
10812
12403
6165
6725
1840
4326
3825
10268
9324
4478
5569
3078
8584
8868
2575
9908
12586
9071
3551
9961
11344
3563
12837
5096
11393
9975
6172
8795
4684
2538
1087
469
7137
6794
36
7296
5127
12459
8306
1410
1325
11535
10424
12946
10279
7039
2310
2980
12006
8600
9947
12675
7554
7338
9014
11493
6288
1943
3343
2621
11517
8119
1547
10057
4795
2064
5014
1545
3535
5268
5584
11407
1549
3412
3183
7202
1340
6171
3243
1893
5709
2924
6226
6380
7258
11308
3165
9109
8707
7345
4378
8100
4742
4045
9867
8190
705
219
10010
3139
1420
151
3907
11017
8128
6118
10661
4330
6566
3397
9220
7279
797
1347
12323
12610
10164
1047
9924
8270
6839
7931
11963
120
4376
6188
8687
8259
12079
5250
2296
2347
8023
2345
10588
10719
10052
7687
9764
3251
6142
5831
2161
11105
9333
10223
549
5600
7471
6980
9149
3238
12920
3915
6562
8276
4154
8627
7488
1005
8245
7151
9708
7319
7906
11438
2313
4673
5598
11401
3007
3152
5203
7324
2933
1980
2063
7552
9495
9679
4080
8467
11572
7213
139
6131
4616
3428
2371
10862
9982
1565
12100
5106
6501
7480
12579
6760
3866
638
12330
3823
2772
3196
1379
8379
7797
5541
2331
11187
11042
534
2304
2633
2272
1148
12206
5830
1091
11891
2534
4037
8847
3187
9041
2323
1868
3200
8806
9869
5234
186
12406
7424
5070
5673
9247
7464
10348
1869
1312
3754
11433
2831
11026
4342
453
174
6060
8897
9269
12052
9646
8572
12233
10654
7980
10235
5710
3577
1218
8173
6704
7309
3303
4592
1504
6231
10490
9549
257
9282
9107
11414
1999
3697
6714
11145
8808
6946
9698
684
678
9610
1235
6540
6756
4457
2941
12538
1573
175
4877
5367
6666
443
5451
2052
12910
12992
3529
5798
9490
6384
3386
4437
9856
7857
4177
9769
12580
2379
11989
645
1470
8109
677
12627
10023
6899
11681
9458
5269
3925
4985
1228
5463
8025
12375
4353
7564
5994
10086
9730
3091
11120
11900
639
1170
2652
9833
9729
2016
12647
5876
7038
11632
5937
6392
8639
4039
9857
9859
2770
2014
2295
8937
9267
10885
9892
1395
11180
9098
6421
10110
5683
5281
6422
11013
6061
454
9731
1260
11298
3611
12291
11290
13001
7682
3922
1159
11835
8590
1427
1609
8400
10567
8229
2441
7391
9990
10936
623
5213
7346
301
6851
11258
7012
9630
2834
10673
4302
9638
1076
122
9152
3977
8170
2349
4766
11481
285
1915
7497
12894
10605
12008
1240
11819
2797
9211
9147
7847
10558
4799
5676
12844
8346
8811
10133
2697
11372
2019
6214
8873
10408
2253
3024
10108
769
2952
6498
5068
7611
9640
8236
156
11829
8226
8131
563
387
10623
9785
3097
11645
3812
8335
1486
1402
7248
1948
8004
2241
8758
9
10557
12759
1921
10249
8671
6831
606
9042
3253
11317
3404
7692
10361
10984
6102
2691
8298
4702
9319
9276
4279
2366
12383
5417
6476
881
3877
1569
4517
6922
1831
6298
7650
5611
12143
11969
10290
8388
4159
9134
4306
1755
12912
2443
11292
2470
6402
1306
7177
7535
11665
10325
4912
701
9910
2674
12389
5866
6310
12505
5161
3437
10001
3348
4399
2440
11811
6672
77
5497
76
2181
2127
10794
10851
409
7755
11816
7412
2617
10461
9700
8426
641
2922
4692
11047
5657
3501
4547
4134
4205
4188
