983
588
11878
4680
8641
9203
8648
1617
1551
7011
9501
2731
11471
12861
5254
5422
5614
1238
10670
12463
8454
7286
6250
516
1699
3288
8332
5085
11265
4738
8390
3387
2675
564
7253
10035
2080
3724
6149
7012
7133
1205
5381
12944
9906
10959
1190
6421
11630
4531
5861
3485
12344
2761
4525
1733
7864
12340
997
3902
9832
6579
4325
7142
2201
7194
1007
11080
4676
487
1328
3054
11846
5851
9711
6318
7547
4450
4759
8426
5989
9666
8908
7000
6958
5140
10350
2433
6387
4561
9643
232
7283
12089
8793
6255
6855
5855
12483
4556
11724
10836
6770
12811
1525
10106
7531
2885
6681
10888
4184
10475
4771
3762
2834
10762
11838
11352
11919
4967
107
8256
11168
6705
1426
8530
4562
2348
7420
11889
7588
5940
7493
2639
1528
12085
11745
8647
6602
11479
12381
7458
7107
10185
6420
423
11060
8704
11097
2252
12706
4791
12534
1160
2536
11173
6431
8294
12821
11264
11279
7647
4192
8258
578
1219
12194
1851
7182
7099
8913
1761
6180
7694
3111
11112
6291
11702
1860
4713
785
11189
11690
12349
13008
64
12637
9701
5362
2921
9506
9598
8409
669
10621
3295
9577
8847
1057
10493
9455
1134
9528
10326
10524
4916
1859
824
4926
7678
11786
3807
10390
5174
6472
13002
9103
10636
4526
9102
10635
11368
12351
4918
5526
7934
7385
5721
4399
2189
10282
10415
10872
6107
4837
380
2334
9101
1512
4915
7751
8510
4008
742
7553
11474
10304
734
10873
56
747
4501
4402
10447
4117
5270
9621
6754
8860
12343
1721
3894
12874
2566
8170
5186
4380
541
10584
3376
1773
8735
12617
5221
10611
1756
12634
6508
12433
640
1987
12532
9377
10334
6306
4264
7660
851
11208
12802
74
11178
10698
2014
5198
11238
6982
1881
11126
9219
3747
4408
10809
9393
1748
11177
3652
10053
1385
270
9538
859
4543
4894
7242
12913
8818
3979
4534
7871
1126
9329
6238
9917
11952
5265
12311
1014
6033
3927
11246
12910
10257
4896
3455
5788
720
6695
9828
7837
3491
1218
1726
1898
3062
11925
3625
2508
1766
3157
7466
5361
6203
12798
11836
10494
7554
9196
12628
11526
6325
12569
2800
10063
5785
5223
4485
6853
12995
7340
91
4743
2645
5176
11854
6974
10385
8338
10033
11174
12193
2859
10614
11082
5172
2062
6738
11011
10671
11110
9338
11371
7866
12394
7926
1304
8567
10454
9614
11855
375
10187
10120
11032
2702
1588
8288
9458
397
11893
1516
5351
7021
7577
12813
10548
6080
5267
1891
11116
10079
3986
3765
3715
6406
1789
6343
6345
5240
5253
7426
656
10974
11877
11580
4705
10200
1285
12304
4545
6429
4582
11015
10577
6332
1199
9827
1589
6922
1804
1476
2257
2532
3677
5011
2246
9066
4549
11959
10178
3704
10681
8147
5561
8261
11790
10813
2397
4030
3565
8104
4856
4569
7950
5828
275
5163
6743
11348
3741
8924
9742
2358
4651
2399
7459
12238
11573
6405
7725
9175
461
1230
10748
11965
10744
6219
4573
12651
3091
12266
1526
8049
2762
475
8310
7076
3783
12737
1179
11185
938
2782
6633
6422
10950
5335
1606
8030
12482
896
5889
1666
9468
731
6286
10579
7901
6352
2061
8233
8210
5543
11930
8940
1755
11960
2068
2632
7065
4603
3826
249
3065
6704
12769
6210
10273
5970
6441
10210
4324
4171
4818
12773
1858
4157
6299
6041
11118
1500
10922
2233
11898
10258
9028
6043
6407
10004
2763
3081
140
11397
9363
2875
11856
9141
9981
8779
11111
7905
8852
9061
12127
1750
2815
6930
7820
11660
597
4853
5243
5444
9576
611
7580
8611
4004
4658
11941
9716
3492
2788
2484
1643
10288
8645
2710
2648
877
528
2282
11030
4875
8975
5197
926
195
9872
6092
1627
10969
3280
11641
150
6969
10886
12298
4866
11813
5405
2953
9869
10567
7193
2488
5713
1418
11198
8173
1655
6711
7999
2478
9602
2467
4747
12682
9867
6367
702
7584
11567
11073
255
9841
1405
8697
1521
1377
12783
2005
310
7201
667
2154
12190
5501
2361
8472
3279
5804
8569
6952
4520
5801
1797
11018
11672
6240
3364
10777
8944
7655
10921
10018
4065
10989
3451
8467
8676
4202
8705
10168
12078
11659
7545
11585
8058
8305
6276
9008
12973
8251
12901
6685
2204
7611
4430
8616
2425
771
9600
5134
9378
4563
9720
1576
1508
4874
6070
10760
9482
8417
5216
370
3776
12866
9080
10686
7557
5358
11743
4322
4922
2072
35
2949
2747
2968
4760
9632
11530
5495
9606
5127
9695
3681
7520
2101
4230
3026
8114
8865
9838
4909
10661
3734
4718
7478
2823
9953
10137
4312
3365
10388
9128
10183
10095
7661
3083
3912
148
9197
8331
8005
8260
2874
2119
3853
9573
3410
2553
5214
7654
8558
10249
1624
4839
274
12090
3209
349
9415
260
31
6019
9182
3093
9237
100
12330
1169
2059
225
2113
10724
11278
2102
5029
2807
8826
11616
10786
9059
10045
5218
11410
7530
500
10379
7758
4352
11793
9471
4952
3655
4418
12789
5534
11966
4829
9234
7570
13
5817
10441
5689
9057
12375
8393
4132
9140
4387
9024
4434
7354
8987
9887
1467
12146
3898
8060
5077
3459
1489
12536
2133
4695
7880
9738
3267
8861
9715
9489
12852
9463
7636
12564
4953
8736
7086
9188
6702
2392
10606
10397
4483
6812
5848
1563
12877
2494
1307
7571
9166
11299
8227
12683
6802
1782
4307
11001
4050
12701
8978
2292
548
5388
3478
311
166
11601
12161
8991
10756
4682
3693
8235
4803
2766
3475
5130
7247
12583
8952
2902
1809
6699
9459
12163
4740
11339
5147
10256
4634
8657
10431
11392
11436
4754
9662
4559
758
194
7960
4395
1546
10822
10233
7137
8199
12062
6006
5332
10892
12225
931
12485
1774
11350
12376
6759
11403
9688
8547
11453
668
4959
9757
4487
7858
11283
3928
1611
2904
11909
13005
203
1806
7432
8137
12125
910
8145
2759
11717
7955
5049
1116
936
5272
718
9616
4598
9478
3027
8077
6381
8871
5317
3457
12702
11076
8339
4067
11296
463
8439
605
5882
7561
4027
9434
10993
8652
6715
9355
2729
579
601
7085
10575
12258
3712
2911
7363
11441
12184
9385
2623
2151
3881
4127
221
9291
7502
1143
11645
10094
7439
1063
3563
9587
7870
1906
8546
10255
5928
11561
8460
12707
141
10141
9353
12915
1044
4513
9763
5700
5934
8379
756
10761
3854
4826
1710
11049
5753
10667
4130
1889
5985
6749
2980
9986
9833
5181
10930
3664
3880
5199
2344
1800
2415
1824
10409
9862
2520
11608
11252
1880
4227
1612
10400
805
3636
3621
8570
12885
10737
185
12708
8495
8808
6978
8269
10857
9232
9930
9218
6436
3578
3133
2050
4244
12748
8796
2103
6480
11783
9630
6962
8289
3350
10738
1931
7572
5242
8453
11002
4709
5027
7214
7024
12997
3828
9397
2546
1927
4017
9555
12430
5123
1633
8262
5125
3092
4396
4669
11499
1355
2150
8412
419
10566
4455
5712
1552
10901
12797
7619
2480
9287
8977
10057
4825
2422
2365
7203
7565
10512
9245
4464
2907
11470
1
9890
1010
2416
8508
1492
6
10530
7912
3569
2301
1401
10980
4590
9296
11390
6811
1488
9484
1041
1359
11488
9236
12263
4401
8740
3651
7791
11107
924
5929
4835
278
4611
3879
12820
616
6574
7288
9084
3468
9124
3616
9682
6536
10758
7511
7980
10687
3951
10020
11148
3505
2567
9941
6631
9596
8430
1995
9265
10167
2181
9334
7526
10563
12403
603
9145
6466
1795
10525
10359
10006
7675
12368
3531
10853
3202
12328
7616
10327
6729
1193
703
565
4575
2734
7573
11850
10369
623
2920
1413
12982
1299
2058
2090
11209
54
2831
6415
3290
7958
2033
2960
1727
9925
7583
1982
2352
10600
7576
6030
8336
12863
2074
462
110
12401
6140
8812
1599
8122
11633
1283
1763
7803
10335
12775
10112
6319
12694
1779
1791
11438
3172
8893
11408
11085
8059
1327
2222
10570
3383
7105
10781
6716
4419
4405
4945
4793
5178
2097
7136
4884
8752
22
675
5427
3606
7888
9325
1124
12230
3117
4217
12495
5524
2248
2690
2024
359
1082
11628
7
4566
724
9344
5298
12519
4338
7729
2220
8798
2254
3144
10500
4005
6455
10593
5157
7269
7600
10468
6157
9110
9669
547
7987
12551
186
935
3717
7360
2439
9790
10086
10118
10984
237
6601
8455
11374
9652
4711
7775
10729
9801
3940
1129
10721
3200
4840
8125
3066
1861
1117
12493
7797
10496
2716
4452
7738
11507
524
11261
2016
5090
2806
10192
6778
2767
9274
11916
2666
6162
5990
9641
1034
1607
1775
12168
12523
10158
12938
2453
6687
10354
8483
11221
12595
1081
1288
313
12247
8888
8282
8578
12511
5587
12996
10278
10239
10331
2280
293
10481
8435
2426
6983
11992
1504
1163
4644
4404
5325
8491
9417
4720
7159
2018
12781
1390
2096
10082
9335
8301
11707
9590
10776
10251
9242
10269
5173
2748
930
6643
12204
6355
6093
5909
6953
4180
799
12608
4587
748
8428
7275
8879
3512
8018
8443
12288
9924
5539
3506
12611
3510
6282
9955
2781
12814
3759
10449
9432
9226
12542
5376
12521
11046
10800
4838
12926
7841
1672
10393
4167
12178
8229
7007
6413
11323
5590
6244
8376
8872
4998
8898
10829
5481
5149
10147
11643
8337
2277
11181
2030
3607
4571
7231
12115
10270
2159
2896
1520
9663
3153
4592
5505
8632
5844
9093
492
9314
10583
5417
5311
11417
9285
7673
3089
12888
8636
916
9837
10421
2350
1511
6379
11122
5098
10198
10591
8400
12119
7903
11954
3013
10386
8627
12739
716
6454
757
312
6249
8678
7237
6934
2988
8118
9120
9319
144
3375
9402
1594
7236
5652
1072
12924
2195
5668
710
6164
8711
3835
1812
6663
3177
7539
4664
4985
12962
357
10929
6321
3438
10307
10429
6061
8685
6619
989
12063
713
4755
10802
11031
11253
207
4484
12903
12131
12120
10603
11576
3085
6195
11940
7741
9799
5922
3127
9366
3215
12158
4375
3119
3084
6881
8478
10828
7852
9442
4433
10322
11654
5695
12660
849
7335
6446
5974
2736
7671
5798
3300
7935
1335
11558
6518
12467
9539
3135
12765
11464
23
1396
6902
5834
1628
7202
1976
5568
11781
1740
125
3500
12919
11575
8942
3795
6451
8219
6231
3801
10680
3985
745
12715
681
11057
1017
5022
145
2714
1167
1306
8902
2449
1796
3453
297
451
12760
8154
6578
10619
6193
7428
1002
8920
1966
9413
7766
10838
12307
6202
6725
4101
9025
10488
4655
9640
5925
3071
3126
7989
2610
7700
6862
3493
8465
2819
12661
8915
5084
2674
5438
1679
1040
8767
794
7196
2529
10117
8013
1826
1188
6864
6259
7072
9771
390
4615
9365
12353
4706
1548
2611
1123
6234
11751
12674
5927
3436
10678
1271
4770
6892
11917
2304
471
6773
5802
10132
7752
11069
11052
8092
3780
9708
7371
8906
5297
4378
4519
11154
4788
1208
11555
4734
241
2368
8995
8759
5080
10428
10237
10789
12150
2905
801
7612
9693
5490
1291
4670
11071
4262
11454
4036
10695
1042
4614
6411
8803
1416
9759
5054
7746
10221
8810
8683
10792
62
12016
10228
2500
11115
2493
2816
5430
5840
9006
8988
6973
12631
11155
10289
7273
2374
4329
193
8886
5251
7117
3956
7993
544
5500
1094
2291
11101
4964
4214
12724
10604
5263
11452
992
7373
10333
4564
4768
2042
2892
230
9588
12602
1730
10735
4514
2023
1983
11711
9410
6708
4584
449
12187
3319
2515
11993
2569
809
4427
9516
11186
10598
222
11623
8859
45
12578
12575
3745
1829
9425
5853
3829
8553
284
6591
12377
12191
4521
12850
2479
2828
9939
10212
7685
7829
3425
11597
10718
1006
4189
4678
11103
1567
12139
978
2166
2997
8180
4044
3764
3470
4119
9625
11231
8017
567
4311
5432
7814
3324
2901
11914
8348
4941
11841
6305
6822
9347
7630
8853
10316
5486
1996
527
7887
899
855
12818
12231
7522
2545
7495
5957
4022
6301
8642
138
3901
1729
11386
4318
7906
6504
11926
9565
3234
7051
5714
8947
9437
11579
11531
7516
197
3735
5913
7607
4211
3771
9642
6418
10196
12606
11309
2692
4744
445
4194
5681
11718
5246
4409
6185
3419
1835
12965
10631
11373
10240
86
6350
3075
3005
12907
7804
4541
6438
7827
8347
9271
12831
9548
6570
895
2004
4717
12080
1430
5206
12972
4892
3706
5034
12770
9227
9223
11212
371
7317
655
6038
7161
6887
1601
8784
6027
343
920
6694
3232
2025
8334
5556
6313
7091
3613
11263
2842
9571
11648
4848
6963
6917
5918
3782
2268
2351
10259
8974
6903
1867
2279
10953
10218
1535
574
976
3244
7195
2452
358
2580
9340
11376
957
6254
12553
8874
8909
11803
2095
11305
4103
2424
1909
9186
252
10108
10951
1561
1241
12032
10261
2129
3964
1711
6683
6428
11225
6764
3247
3908
10074
4659
2395
7806
10696
2191
7970
9465
12741
11153
3102
5328
5827
10637
11384
11680
3778
9067
4168
391
2237
9168
11337
3041
3482
8313
11923
6304
3308
5276
4253
4449
12745
5203
2429
7510
10138
2533
169
9447
10434
1456
1509
10467
11142
4478
9947
10599
6096
5891
79
9035
7909
10812
1279
10452
9826
5095
2083
5530
5055
7487
9703
11613
2600
10844
2608
11204
4917
5414
6805
11763
3113
7145
6386
11367
7461
3615
2964
9959
543
10041
10589
10190
10720
7059
6621
4553
2394
1106
9286
265
761
10943
3796
5919
4956
7123
4912
2895
11516
9650
665
11942
11034
5476
2076
10285
7343
1913
10414
2521
10895
3719
6450
894
11251
5972
12497
9731
10610
897
5871
10751
6758
10051
8515
2457
11989
3125
3568
1192
10207
7427
1688
813
5215
3037
2913
7104
4281
9212
257
11432
5965
8782
6035
9392
3377
11308
6399
6499
1519
6214
7075
5578
12084
7750
71
3961
8728
539
10070
8621
1195
1372
12118
569
533
10455
10175
6154
9531
7078
2826
1000
7080
3846
7079
2563
2104
8834
1186
6826
8002
1349
4126
6594
12699
7456
8388
5977
8004
6696
10297
4610
1320
10222
3197
3289
5839
6440
10058
4555
5863
218
2078
9963
6175
6133
5453
6786
8148
10730
10206
10944
2064
11487
568
4275
3471
9556
8612
5315
3851
10150
11843
8304
7532
5349
5200
3567
8897
2544
2474
4893
634
7667
9570
6618
7135
6629
882
3755
3502
5688
3115
11236
7215
8506
2476
5010
5057
3106
9513
8727
8494
5207
4043
10657
4393
1623
5211
12953
11050
158
8749
9758
2082
1759
9224
11319
12445
10384
912
2230
1453
6968
1035
9414
6512
6351
11294
591
11162
11024
2919
7825
9961
1150
11876
6502
7300
9213
12457
5135
4993
10301
2070
5028
5428
10264
4020
8744
6470
4468
8091
3622
10608
5864
12133
11435
8089
3358
4070
1522
7620
12980
8168
11043
3158
11669
8100
8408
9368
10129
12299
7945
4978
3841
1177
5384
364
5743
4925
2026
12346
3311
1210
4727
4237
5896
9164
8284
800
657
10229
10163
1728
10401
12382
2198
12181
8870
2225
2705
12101
2817
825
3406
7884
12008
2965
9980
5953
9638
9019
5880
12738
9814
3415
1159
7927
3281
8254
2239
12690
10905
3321
8130
10374
5171
9202
6668
356
8700
8326
2524
937
9239
4366
2505
4845
5408
2330
7650
10211
12254
6066
10743
3865
5189
10014
4287
5814
8526
3249
1938
4750
11490
6620
1663
12994
2312
12165
7669
531
7973
3756
6130
5000
10162
6292
9524
6867
5069
12037
6024
2226
3183
966
4975
6589
11980
10690
9820
4557
11727
7506
12653
10861
8309
11478
1215
1388
5708
6769
3925
630
3935
9142
9583
3836
78
7403
11890
11700
8416
4524
948
5836
8065
11927
9037
10453
4138
2167
470
8960
631
2986
214
12528
10846
8315
11910
12244
9454
5886
11058
9855
10549
238
11455
582
2604
6798
593
2427
9256
705
8931
10182
2693
6747
10878
4158
6132
11087
5482
1458
2931
5449
11590
11624
7285
2241
922
7407
7579
4907
3838
154
10232
6721
7693
7060
2844
12825
10060
11063
10462
3953
11492
1451
11548
9806
6803
7914
11775
11268
12392
5789
3754
3581
2613
11226
8183
3261
3659
12446
9002
7822
11875
6139
4703
6148
11128
2900
4550
3960
12136
12829
10076
3587
7187
10771
9407
2667
9889
10677
12200
347
4185
3696
950
2677
8507
5943
4990
6491
4134
7849
1364
1447
795
838
4381
1368
11131
2261
3955
7367
4547
11497
822
11734
11291
11233
928
6322
11095
1664
6237
4415
5195
5677
6050
7157
7856
7248
4684
8431
6658
10295
5244
4881
10356
4003
5277
3320
11420
5564
3346
4989
1956
8751
1704
7349
540
11129
7562
2069
14
3708
9926
1023
12629
2260
10469
9493
424
11026
12461
9517
9289
5545
4928
7361
7757
10837
10002
10128
6166
955
2571
3235
11821
2673
11949
10172
1444
3535
12873
3411
7602
8629
2530
4376
828
3637
12079
4622
4895
10662
6389
5423
7609
3310
1583
12075
7138
11317
1243
4623
3842
11541
3449
4137
4057
7325
12331
3231
5557
3257
5094
4785
3620
4810
1762
9107
5056
8283
11276
8185
8471
1498
12282
1419
210
12412
9960
9944
7388
13010
11782
4048
11022
10788
12515
11064
4951
11593
8197
7417
10155
2528
5998
10715
7229
8195
8703
3211
5037
1001
7548
8538
8415
12916
12546
10574
6110
10043
9842
1689
11514
1817
8134
12173
9617
4984
1156
4164
8036
898
3933
3691
7640
2060
5007
4056
7590
6861
8541
7883
11747
9312
5962
1409
8954
1571
5258
9014
4407
2510
9881
5227
9088
7994
10230
340
12895
12795
4783
690
5809
9836
981
8668
5458
9452
479
7931
9229
10555
5908
9725
12064
8930
8561
8028
7778
6919
1059
9593
3813
3678
8375
4100
6270
4052
5002
10931
12898
776
4847
10444
9075
8895
369
4921
2328
12240
5784
2437
10337
873
2114
3266
2264
10912
2475
12324
9190
5761
10023
8162
8236
3820
3034
8582
11723
4546
9356
7692
1901
11915
6278
11798
2640
4088
5418
6241
10408
12998
287
89
2466
8516
8150
11484
196
11404
6461
10626
3067
7077
10745
5208
9773
6976
5039
12921
3922
12284
12054
3523
3971
11962
9474
5715
9797
9968
12824
10664
12128
8548
1378
4235
11712
10064
6752
12082
2434
3926
3623
7582
12947
10602
7392
5460
12333
12332
4
10367
8822
1093
2410
7978
2402
8410
4887
7765
1870
7014
2407
6624
5040
10831
6500
6217
11902
2081
4442
5079
7653
768
10908
3775
5457
12520
2537
12059
647
1946
10501
4204
12680
5151
5901
6396
2503
9348
4850
4350
7143
7857
9726
61
5690
7424
8241
3189
11619
8758
84
11870
1149
3384
12243
2431
10179
2707
5431
1716
7844
7004
12481
9537
6493
11562
11364
11598
12197
6617
3309
4752
4491
4112
98
782
163
381
3367
1272
521
9850
12635
7610
9152
7140
2884
9345
12400
7621
589
12068
2495
4382
12728
3845
11557
8996
7761
1224
6028
11316
11583
3950
12207
9295
3674
5338
10642
325
6398
9903
5752
8105
3976
7529
4809
9091
8322
10003
3270
8407
11090
11859
10472
12239
2881
6087
1843
8044
4342
2891
3682
8816
5792
11272
5942
12571
7434
12107
11139
12462
11896
2952
11812
57
8713
9332
2490
1337
8045
11864
12224
3430
6527
1698
8776
2793
4291
693
9677
4398
9130
10477
1032
8819
6128
8248
8889
1229
12533
5506
9276
10471
1461
12498
990
7389
9018
9885
6108
5145
9477
11802
9563
3812
2111
5483
9399
3932
11195
12657
12782
4817
4091
7468
11214
8797
10503
5359
3825
12285
9339
9599
4821
267
10645
226
4974
8599
4597
11574
4481
8298
9136
4971
1434
12880
11853
12379
8252
694
4234
4301
11883
3590
719
5108
4572
2808
11911
2430
11102
10144
9156
2630
201
11274
2959
11862
10284
11815
4662
472
5252
1855
10302
2450
7465
466
7682
8425
4467
9983
7781
9260
10546
6330
12464
7659
7519
3260
6684
6187
5850
4290
823
4704
3968
7412
3203
7889
8555
8747
4778
12305
5624
9077
6295
12931
9567
1052
9509
9373
11444
9615
10703
12792
762
8901
4774
4712
2066
1387
5009
1947
4593
6272
12847
7089
1011
7770
4689
12390
11599
8392
11692
6985
3044
10497
5070
3023
6540
853
9604
2974
10896
11625
3866
6251
10728
8359
12717
1669
7674
9910
2164
1020
3977
11979
7492
11037
10672
867
5021
11215
69
746
749
1408
7574
1085
11510
9004
8757
8743
3447
11480
2353
9380
1395
770
12407
12610
10514
2534
4737
9005
4901
5750
4567
1585
2009
366
7743
9007
240
9216
5588
956
11698
6007
11772
515
12663
7892
9514
7839
6997
6337
9502
7209
1989
7503
1686
2306
262
12991
5447
2054
9450
5382
7996
1316
11515
6842
2210
3972
1099
641
7063
7813
9201
4966
12774
2027
8584
10942
12586
717
5514
6921
11984
1245
7207
3946
3272
9884
11549
250
130
11749
3876
1582
2200
1076
12832
11582
3857
10376
5375
9877
4691
5683
11286
9158
5571
11152
9079
8715
4148
2858
6302
2256
7938
9874
727
3821
8910
7372
12172
4733
11201
6794
9351
11722
11994
7998
4448
7394
8418
10977
299
5775
10405
2032
9902
1767
5063
12410
4145
10766
4714
9929
12114
8520
10410
11922
3141
8805
4371
12159
9052
4205
4406
12692
3654
2037
6991
11290
7613
3981
6799
1084
530
7801
4811
211
12081
3246
4832
12928
9034
3405
11868
9933
10324
11427
1654
1119
9294
9137
9858
2809
8136
6317
6486
11005
5838
9802
7153
11708
3714
10778
488
12013
4731
2470
3282
592
7878
672
1972
12387
2857
6390
3670
12526
9290
8008
12137
6955
11985
8610
12816
11736
3116
6533
1146
915
8883
2549
9435
8048
8765
11028
12882
10368
10581
4707
6469
8604
4121
1172
6495
4552
8000
9078
11795
5513
3307
11788
2100
5411
10021
9123
6537
10487
2343
5548
10078
826
10699
8194
10994
4863
4024
12941
5071
2915
753
8525
960
7069
6514
525
5720
9192
12896
9651
12668
6029
10312
821
5124
2276
6950
8356
5445
923
3349
3473
11634
2314
11
1615
4795
3872
10314
12911
9143
12203
7784
408
6941
1539
11687
10136
737
11547
8113
3213
3815
11571
8837
3206
3100
5403
1482
5807
4152
7749
6326
1928
4207
9180
6460
8605
5139
12098
8696
11329
2576
9012
10521
2957
10870
9879
857
12612
8873
12043
12976
4699
10460
3194
10347
6652
10311
10804
7036
3184
6691
12934
2384
5791
8174
9300
5144
7788
6200
12957
9678
3774
6459
1944
12110
9817
5773
1181
8365
10413
6001
6669
12391
5334
10214
7183
3204
2110
5895
1019
2128
6566
7549
4039
10939
7805
4692
12662
3602
12338
1101
2034
10075
2038
8314
1962
7717
4836
8651
2951
468
12950
6801
3792
4616
8986
12630
2822
6404
7500
5100
2297
12579
1266
7591
5679
7006
11874
2130
4657
8367
3819
11266
3256
8094
3967
12878
10685
9308
2131
3760
6682
6062
172
11604
4548
256
6094
11948
5279
7896
12918
5930
4179
8817
9525
2543
7541
6333
3390
890
5105
7810
10442
506
3983
5968
1348
12036
9957
7881
6014
8829
8237
1605
7384
97
1466
6117
1735
4133
1760
9962
11099
1386
4940
8172
9660
1929
10746
7018
6878
2386
2318
1050
2236
4388
4191
4199
6247
1008
3400
3709
6213
8712
6236
7430
1058
2211
9330
12065
12867
4187
11293
3271
9173
11658
6324
3101
3097
4797
7670
3238
12024
9578
7518
11336
8509
8463
10767
5756
3750
11355
11799
5464
9457
2049
8730
2513
5666
6104
456
8362
6442
9580
6215
5293
4968
12870
5566
11104
11300
5569
4601
9370
5738
9897
10887
7257
2156
5082
10066
7699
9383
639
7173
6403
2221
4944
833
6048
7329
421
5806
11771
9398
4209
12027
7270
1131
4646
7322
10464
12581
10641
6294
5994
453
9000
4867
8117
7651
10418
5699
10096
3378
9299
5470
4441
5653
5259
8824
11780
2942
3752
4516
298
6900
7344
8856
4530
7569
5398
5475
12408
12226
10965
7396
3864
10960
4045
4278
3541
5936
11894
8456
9860
10085
2992
3732
3576
439
7979
1818
6788
9418
11399
3404
263
10585
2401
8925
4015
4279
9664
11833
2428
1484
699
9948
7631
8587
7528
2122
1626
3556
7882
5893
7274
7919
12472
9546
7872
2719
12199
10971
2089
2797
2137
254
3403
6850
7760
9151
1427
9866
5386
3087
11273
8259
11533
12500
9579
12721
3600
4336
4535
940
8032
1294
1392
12017
11134
10407
8009
2421
10416
1225
12135
4599
2597
6071
2629
1474
12830
5771
1575
7723
11999
8850
4364
1619
3665
9396
11255
8429
7139
12514
11295
7904
12531
11349
11606
8223
10306
11621
7949
12219
1538
345
6488
7090
9942
4303
10263
7132
12503
8355
6780
3757
6261
1223
12420
6981
6877
6354
10274
416
5168
6168
12732
6192
276
1128
350
7264
4943
4605
8264
3705
5409
9246
934
6948
2572
11715
5535
8490
12477
7310
5213
1060
227
3431
5635
529
3588
10946
9770
2944
66
7423
8775
6416
10422
9135
11581
9554
2073
6880
7446
3331
10012
1724
7368
4574
9891
3669
2903
2183
2197
6369
4647
10827
3076
12893
8862
11742
741
4844
12779
3003
314
676
7262
9515
8980
696
4653
11074
8939
3660
12281
12929
6303
11072
8613
327
11968
11227
11794
9193
11100
3220
8140
11951
5498
12618
12729
8345
9856
441
12823
5634
1677
1289
5503
10803
1753
7869
9676
12157
12025
5912
9970
7649
1161
3351
4532
2184
4624
5620
8143
3787
2363
6722
3214
6995
7421
1502
99
4833
11656
10622
1553
9654
493
12543
1910
11136
2771
1659
554
5595
9081
6309
2445
8015
5101
10586
6262
7239
1578
2436
12313
2464
0
921
5342
4729
4120
12678
11982
3532
7101
1828
9568
12117
4831
3945
6496
10806
10527
8780
3612
11503
5032
1534
1037
388
10868
2832
628
286
3392
4282
8093
9189
2751
8670
7497
7977
12494
7227
6256
2462
1061
9472
4463
5322
3856
2941
3207
8297
3069
10044
580
2581
10459
5320
12891
2383
1892
4701
8112
4220
46
7853
12658
3731
10000
10560
2031
7947
4129
7046
4854
7230
1771
8550
6120
3808
6252
7589
11165
2821
6165
11845
3166
6774
2446
2224
1028
3887
5035
1741
8562
7863
4756
2585
11167
9730
7200
2526
6605
11713
11315
10668
7790
12102
3966
9549
8071
1559
1312
11113
6264
6161
4316
5304
3628
12428
6437
12841
5856
7954
12835
7280
1854
1580
12587
933
6368
1787
10691
5043
6936
3227
791
11303
7780
5497
11947
6464
11359
12518
4083
9146
12808
4242
8789
1165
7494
3699
2643
6800
7821
9194
5443
12859
10382
9547
8718
967
9868
12208
2683
7115
604
3004
4632
6060
10952
8535
4721
10375
8938
8184
3186
6452
4929
1436
106
12443
4153
10364
3516
12614
1286
7164
7606
191
12077
10899
11697
12577
12572
10582
3934
2193
6298
9031
10250
253
10277
5671
2507
12134
5553
9268
9241
4040
4639
5155
1242
8695
2616
4775
483
7496
9637
12312
6199
3469
5562
8031
2899
2148
972
12777
7353
9972
5541
12129
10204
8441
1543
10692
3852
8278
8011
9950
3690
12370
12722
8755
3959
2880
9505
8211
5510
2607
10142
8076
11640
11738
6116
11970
12480
12336
6741
11443
4356
2271
5938
7162
5023
6739
9915
11881
1536
7128
3863
12466
12314
7030
5250
2621
2106
12636
6358
11486
10752
9717
1420
11440
831
8807
7083
4977
12147
6090
7555
1814
209
5326
5013
2552
1449
4732
9185
44
12347
5220
2499
4899
6521
6528
8549
8844
5574
295
9430
3138
6102
4652
4447
4222
10596
9753
958
4986
9744
12038
1993
1930
11430
5160
8725
11502
1660
2512
2830
4780
1406
8843
11975
4934
7020
11551
4304
9406
7540
8090
816
9776
660
10103
3573
7527
11636
3396
8281
6791
9504
2171
881
3284
4001
8164
3025
6542
9722
11617
3635
3564
878
9011
4224
10796
2323
12380
1937
2617
1845
11701
8644
8689
10925
4362
7981
8325
1371
9916
2315
12438
9589
9603
7556
2504
5604
9422
8231
9740
351
7823
7716
6088
6793
8966
5758
3630
5364
2720
11703
11728
3429
7238
11400
2837
10660
7169
3156
8806
8087
8514
6660
11220
8923
2539
6220
4505
9605
9852
10909
7963
3942
5565
1820
4277
1577
11259
11380
2275
7472
7244
5273
2993
4156
10683
10675
949
12031
13006
5390
11523
5613
3205
12734
12020
8638
4373
11014
7181
11607
6228
10283
11664
5014
3039
7121
115
1441
5275
5120
6745
10936
7058
367
4488
8714
3589
9684
2542
8096
735
10113
4197
3344
4693
7156
10983
113
1640
7586
6467
8422
10432
7171
10194
9544
11863
42
80
2570
685
12179
5350
7442
6401
4146
12246
7259
6045
9438
6588
9106
10099
9483
2161
2322
12693
10790
7504
1918
10161
5156
7053
5642
1391
6374
3327
2481
2753
5522
6790
8341
5356
5086
10535
7243
7479
4251
248
9512
10152
5435
5024
12279
10564
2786
6348
10551
8738
8663
7632
1838
6830
4082
3527
3987
2382
7507
5344
2814
5377
7040
8042
11839
10541
9741
5572
12530
6888
2696
6131
183
504
9016
12051
8836
6077
1595
10122
1479
10479
7832
10170
2207
3686
9
5915
12026
9171
2789
7877
1471
8349
12904
7850
12676
476
1885
8531
12943
2845
3839
12
12374
846
8448
5271
1151
7088
11973
7391
6967
2362
8240
7918
814
12329
5657
11524
10461
8664
8921
2634
9215
12316
12920
12585
6439
4077
6169
6395
11501
6287
8540
913
1593
10538
11912
6703
7254
7147
10083
1440
1590
12596
1781
11777
3721
162
5345
9969
8594
4586
3713
67
3143
7787
914
5531
1572
12566
5452
7885
1681
4370
1182
7688
7292
9635
6053
1815
505
2192
7294
11038
7455
5577
3594
12275
3843
10396
3860
6675
9384
6484
3250
1670
9998
3199
12395
4898
10544
5795
5747
10191
9545
9723
6377
1743
6273
8126
2939
2112
6904
146
8732
7409
6179
1446
12799
10217
969
12454
5496
1890
11600
12990
5509
8447
2935
6557
11650
11569
9698
2795
7774
3298
586
1886
633
11997
12598
8671
3772
12851
9628
5615
1166
6843
3224
12028
856
9815
2127
4497
7146
4347
28
4503
10795
7629
10982
12301
4073
7634
9126
12723
1884
7303
3873
2258
9675
4308
8891
12148
8239
11986
6483
5888
8721
5875
7490
1625
1046
5755
4141
180
3474
10419
10298
5185
11591
1144
9601
10907
4412
2278
3957
7985
1460
9441
11851
8250
12932
1255
2398
5528
10067
8878
906
4302
10996
5065
1333
5824
13004
11106
4504
7633
7191
5808
5440
6972
3554
11477
2469
2281
10726
8424
7314
5676
1122
11744
6194
2372
4229
6724
3329
10689
11892
4823
11809
9264
3598
10694
1950
499
4259
4136
1952
2906
1801
9278
12570
2603
3920
496
11232
979
9665
2492
2354
12966
7092
2785
11886
4038
3467
1280
7213
9830
1653
5132
12061
491
102
6920
5303
6709
11109
4437
4435
6170
2413
5292
5884
2321
7122
7734
2866
11665
7334
3108
12574
2961
3016
12141
9922
701
12897
939
6320
11493
11694
12469
2865
4432
12513
4976
4935
6253
12504
3671
4602
6114
8391
10580
10387
4476
9085
5876
11362
6209
11511
9734
320
1132
3833
751
8866
2669
9108
12544
7179
460
7968
557
6666
12397
12804
1323
7358
11730
127
271
9786
9508
11137
6181
8722
7815
10403
3624
11565
3458
11873
788
11976
5175
7067
2336
10208
9694
11779
4883
2780
9750
7272
1971
12052
11752
5230
12512
12502
142
63
2969
4529
4824
4014
7925
10470
11732
1402
7983
3904
5395
5716
6183
1974
12971
12496
523
11170
2983
9487
11405
3870
3668
12709
10826
9988
6447
1621
1708
10300
9010
6942
9449
6163
649
3336
7205
3617
7811
4697
4221
5805
9027
6996
12215
9892
723
6221
1757
7449
4454
7218
7957
3890
6762
12277
10290
3672
9707
2749
695
3105
3452
4369
1992
12600
1296
2162
5424
4608
9813
3164
8481
3984
10345
2517
1029
4270
11304
2105
8230
412
9793
10797
12951
436
11121
192
6224
9747
1261
12209
6833
2302
8831
1917
2592
1487
11280
11827
6300
7773
10650
21
3094
12427
3978
2010
5643
12049
4508
6444
9840
7498
3543
535
6158
4862
2185
10296
8161
12109
5675
8141
2756
10008
8293
10787
5204
7429
2017
12112
3609
12834
4650
9849
8423
1398
7581
11564
12286
2535
2790
12560
4219
6874
9211
4041
9636
10321
5454
143
8606
7512
5473
5161
9709
4053
2028
8021
12302
6787
6269
224
9009
7771
4841
9160
1300
2846
8296
11817
10970
11163
6112
11333
6736
12626
797
5951
7767
2987
6858
6296
10911
4445
5542
12675
1568
11758
9582
385
4028
3245
220
946
1951
8618
12846
10862
8571
9074
8580
5576
6837
6851
1847
4539
9845
11936
6580
10723
3483
12261
12810
12641
133
5341
7111
11310
7709
6860
6661
11642
6804
8864
9706
2272
944
5907
5167
9267
9935
5262
6328
3784
5103
373
1573
8157
9761
7379
10241
4649
11354
2813
12144
7172
10945
8933
1969
4470
6384
6360
3650
10976
6020
6138
2405
7397
4035
3858
11867
7178
5849
953
4955
9148
5991
7470
3549
9940
6095
2121
11756
10858
7039
6297
1786
2116
1308
4333
8973
6835
4757
5008
1970
3061
11481
10658
6226
9634
2658
3499
7019
8303
8247
4869
1852
10697
73
5847
3293
3861
10199
4181
10127
9984
5367
8295
7350
615
8082
550
9507
5126
4086
7489
7499
2565
6147
6079
1365
9848
6532
5570
889
5306
2898
1344
6906
12505
12490
6463
9183
3122
1821
1051
8881
11065
6265
6346
3162
2357
3460
4143
3811
6584
12740
4942
9655
8440
4400
2890
7311
4351
12945
1389
6155
4965
12556
12687
11447
1864
11540
182
5580
7366
4252
5610
5324
5803
11969
2419
8035
6700
12268
6127
11267
11577
6623
4983
114
576
11570
8062
7665
2706
10919
4579
4098
10077
1162
4498
3489
4510
181
12853
9461
9416
7419
1979
11156
9973
1876
3958
9395
3910
317
5264
876
4297
1043
12725
10362
7250
3582
1788
10854
12074
12983
7897
11377
12597
1932
9328
7719
25
5393
7818
10346
8724
3638
1505
11114
9996
9191
12373
104
9358
11866
3949
9069
5768
9030
11164
11826
3540
10135
4861
3538
10711
2229
10193
691
4834
8849
3763
12325
842
5599
175
4625
9121
1321
8110
2839
8192
12860
7438
3509
7163
9581
4323
489
5751
7684
2443
3163
7225
11425
9519
3913
6834
11318
3362
5959
5964
5916
9249
12778
11849
12979
7608
954
12862
7345
3814
10517
4958
10757
9426
4151
2691
1856
5150
9558
2744
6524
1705
8912
1078
11740
787
2936
8984
10303
10962
8574
406
4131
1045
10022
9492
6356
9791
6999
773
8557
12383
3907
10236
11635
7410
1555
4799
4416
12072
2043
12758
12465
7593
12516
5728
7816
5786
10107
1133
12985
1668
6366
11542
2325
7802
6585
5979
1990
7726
4969
2390
10785
5099
3421
4123
2601
5193
4106
7959
3524
9086
12899
5554
6680
6777
12294
7425
9622
3465
5119
3683
2547
7151
11682
4391
10360
431
147
4049
5232
850
10702
9541
9569
12902
11861
11406
1636
486
12212
3929
6344
1630
7696
538
2273
10483
6490
4685
319
3936
2991
3806
11760
4289
11801
10663
9943
4851
3840
2894
5387
4631
3090
5877
12046
1315
6021
8291
11297
2564
6075
12248
726
1916
8329
1112
6032
11513
9719
5726
11465
5238
6388
9560
8838
1700
318
8055
10990
1298
1201
6522
1819
9865
1600
5579
8840
3528
12436
7658
9026
399
6334
2447
10618
6599
10088
5239
12452
8205
4735
2108
7312
1022
12455
9975
12652
5133
199
2588
11629
9336
2471
10625
4238
5746
8892
2274
12018
2925
6531
5906
4032
3809
10381
4165
11584
6435
5401
362
8591
9305
3258
5468
5316
7831
5917
1784
8328
2190
3242
5625
3466
8985
5406
10732
5019
7165
11062
11150
5319
1367
1231
3644
6208
11089
409
6201
8061
4949
2650
7224
6121
5794
5288
6612
59
2653
1939
4800
12015
9627
1148
3874
2319
12967
12909
5797
1691
216
3426
3938
3195
38
5956
837
5378
11903
3028
11067
1831
2849
4071
1189
10209
7713
5707
2799
7359
6290
12448
9043
5187
7807
6378
3137
670
307
9036
12886
4843
6084
885
3558
4060
447
4876
4675
3050
1510
1805
1358
3553
827
2680
3689
6854
4397
8047
3773
12264
12884
7381
5672
9658
2313
10266
11353
7543
12201
5549
7002
9181
7830
1415
4677
9861
12035
9209
8573
2473
8943
11202
12431
7130
6734
18
8003
9702
7351
65
4310
1439
11609
10205
6315
9389
5655
4554
1978
1276
10262
12269
5337
8320
12100
4852
7648
12236
10865
6082
8476
10601
9198
2199
11805
478
903
4527
5825
7129
12202
4258
12419
6339
5546
8470
7296
10340
7592
2487
11108
6288
728
866
1765
3575
1204
5686
1680
11327
12688
12167
7330
202
8841
6846
9958
6091
552
11726
11250
5597
11939
2562
10923
721
292
3788
1894
700
3944
10841
9777
3134
5703
11667
279
8257
272
12415
8680
11553
9386
10224
217
6581
8501
3379
5952
119
942
10372
10391
2527
4225
6380
941
10616
4379
3711
11543
1139
2982
807
12517
9127
7418
10707
10572
10110
5745
11705
5621
11943
12755
5502
780
6124
10775
12195
1069
7991
12155
7501
6040
420
7305
3175
7028
6828
6126
7907
7568
7474
2219
12735
2036
5659
10323
12216
4089
444
5455
5116
12414
188
8489
6606
11647
12213
1703
3632
8286
3830
10151
5937
4016
5412
5177
3675
11955
12718
4436
10031
11144
3033
2557
2699
70
3937
5869
2687
10894
2909
12621
4668
7691
6766
3980
8228
8457
4272
4700
7240
9204
2522
8919
3785
7198
12684
9987
754
6575
9839
4414
2349
2519
8774
5066
3629
1715
10473
781
5001
5739
6639
9362
10065
1089
12273
11219
583
8394
1422
8792
4710
3909
9324
2540
5560
10089
929
4604
6207
6657
11615
1940
9844
3618
9796
8532
4269
4560
9112
7736
5778
777
12417
5832
5136
10722
8308
5248
9724
4972
7706
8102
9755
3448
2841
8667
12487
7307
12402
8404
2369
10933
2930
10244
118
6646
1351
8536
12450
3562
8523
1558
1137
11770
3036
12605
2329
2120
10329
3591
7932
12908
9691
9521
4090
8413
11990
893
6840
9895
10102
12984
12591
8969
5400
7698
10248
11921
9745
4820
4749
9649
4621
6664
9713
3265
11330
3727
9551
8639
3892
1986
9805
5487
3552
11187
6927
1953
7326
10234
12743
9937
1412
1957
111
3040
5465
3700
12421
4377
3514
12961
6477
10394
1907
865
3301
6671
1722
7951
12174
9217
8037
12388
12283
1080
5290
892
12956
10741
9257
2582
4245
7739
5217
4764
2404
2635
1400
245
7124
116
1657
908
9834
9015
2284
7186
8655
3420
7990
11529
5914
12092
2897
2560
987
404
7415
2810
9390
11789
10533
3020
1361
10139
1083
7126
10271
2717
8302
6899
2668
3275
12554
1026
11421
9945
5310
6807
6329
3877
10519
8399
5333
1329
9685
1768
7536
7149
3520
7798
2356
2682
5772
4142
10975
614
11719
7740
11183
1259
2283
9993
1754
3047
8178
5899
11709
7276
8279
10534
1065
1592
9608
7110
5166
4489
9159
12525
3417
3991
4198
2923
5996
1955
10701
8070
4384
9657
2883
5800
10820
11905
12404
5519
6475
8387
11023
10955
10040
6146
11837
8675
6595
9781
1374
4249
448
10343
1184
9798
7009
4248
6394
7690
3599
4568
6501
12162
11394
5867
709
5636
5067
5763
653
2040
9273
9133
2335
12007
7457
7158
429
9310
4429
4076
7293
443
3899
8513
5687
10793
12922
9003
2752
5141
3187
2346
11498
2340
1941
1798
12151
2295
5678
13011
7538
2618
4748
2977
8267
5993
12733
5087
2660
7948
5073
452
4939
9918
5661
2768
1676
11270
3230
5966
5592
11088
6909
39
2366
9240
6115
6642
9966
4122
759
6266
4906
11967
9592
9284
12744
5194
4777
12647
9244
7301
5954
8124
3432
2263
10071
12434
3627
2713
12599
4512
1565
2288
12418
11192
4868
8534
7309
5603
919
4446
861
3503
10884
6059
1319
5092
9876
10774
329
3450
8397
5693
555
4858
5508
7533
10291
1693
8052
1799
9949
7380
5971
774
153
532
4719
3832
6561
1635
4080
1203
1661
11248
2886
11676
9496
1895
2998
1872
3497
661
2594
11357
2709
9749
8687
12396
2223
5698
9429
2165
1350
7127
9379
7514
10286
426
6458
12584
10511
2659
11378
9732
2516
12451
417
7800
4950
4873
9607
10612
5734
1713
7643
12826
1793
7265
12547
8654
738
2423
11626
3888
7601
11324
4798
3667
7614
11750
394
2825
2796
4200
1912
5684
1790
3593
6173
11401
4947
11901
613
12357
8095
3236
4522
6285
10028
7735
10392
10773
12096
5905
5584
12326
9572
4812
12507
8684
1842
8396
6293
247
10985
7032
1202
10516
891
637
3361
10050
2743
7416
7386
6732
165
8333
12555
8212
12700
3348
2728
3019
352
12126
2213
12276
2142
9857
10815
4064
7450
9333
2853
9371
2551
7911
2144
90
6176
10964
8106
5586
8024
602
9261
6144
10755
10439
1645
9909
11334
4596
11193
2614
2633
6959
5369
9710
4066
2045
4924
10357
12643
5523
3822
8292
9674
2948
4469
5890
3560
1062
12138
5517
6316
6895
10189
2316
4784
190
6598
8941
355
1857
2843
7843
10378
5202
1206
7047
12948
8169
3930
7748
40
8442
786
11459
1154
12573
3891
2703
8498
12488
5102
4256
5692
6678
187
6530
884
3014
1393
7331
1742
11017
55
11433
12686
2595
7525
2299
3749
7845
2649
7854
2146
9327
10941
3883
1537
11042
9870
3287
4294
9639
10115
3507
10339
5837
6785
12849
8882
6013
11361
11820
3031
11774
3646
10669
8177
10967
12369
6206
10835
7515
4299
1673
6520
9469
3583
1475
8459
3442
4306
12749
4846
9952
5357
11249
683
7378
644
12232
228
4155
10352
11714
6009
5391
3139
8827
839
12449
11048
1646
848
4931
10934
8053
3517
7289
7598
1694
1236
10009
1277
2745
6814
545
11769
870
1712
1155
6552
9044
10181
6083
7206
7680
11127
6129
11971
9280
1701
9051
609
511
11483
12639
9095
1211
1810
10764
10673
6844
6980
2145
6796
11729
5402
2173
3082
3739
7390
7851
12800
2777
2848
3963
7402
11281
2067
4344
2664
6519
2396
4033
9609
11004
10440
10644
8312
8484
6839
7281
1908
3954
9557
1281
4626
10080
12588
10961
4506
3059
2255
7707
2737
11544
5670
3550
12609
3154
2555
2985
6817
2972
5109
2912
6074
7475
2836
1662
12656
60
10871
7891
161
1813
6845
6122
2878
8900
11244
11552
1379
6792
10733
9766
8238
12509
9792
4537
9900
12300
16
3584
10920
6815
5544
1687
760
2577
901
1973
12378
12785
6615
3422
5858
12954
3038
9733
5967
12053
6640
1562
5122
9372
4232
2400
9851
3488
12022
4515
12335
12220
4523
11369
10140
12076
11307
8832
37
8108
9818
9780
7284
6541
11287
3656
8576
4741
11649
7617
9374
5639
622
6462
3824
3369
12939
1480
5529
302
3015
11785
7327
5583
184
7263
2933
425
7908
8277
88
7899
4690
7732
3174
10713
10958
3896
7299
11899
9049
12582
9619
9977
9062
4482
3939
9400
5600
796
4257
10552
9690
3427
10265
1596
1100
1053
7893
5050
10769
12468
10281
10092
6335
6662
2583
8244
772
6924
2502
3243
9552
3662
11302
8935
108
12667
9566
12111
9313
440
5154
3990
2644
3185
8433
5164
9533
5295
7779
1692
6610
5581
11695
1232
1018
3068
2341
75
8971
11496
8708
5302
11463
8069
1343
11586
8858
3397
8572
4403
12352
7443
1445
6392
135
2760
12822
12437
10361
1244
8575
7114
4813
177
7454
11044
10465
10305
7628
12977
3518
5478
2724
1648
5448
3334
344
5631
2554
3862
7946
9466
9281
4628
5183
3352
12552
12622
1903
11188
12881
9752
11509
2598
10165
3444
2022
4009
11466
6204
5397
3179
8787
8922
3446
9272
6600
12321
12442
11834
5663
5451
2158
1140
874
7646
5860
212
11424
8213
3941
2867
12444
4367
6227
10201
1448
3653
2584
7840
6361
3519
10811
2628
10817
9768
712
817
2134
10801
10104
8830
5182
12459
8699
8131
10498
3849
8374
8142
4113
10399
10507
11757
4627
12801
5525
11806
2856
8436
3385
8464
8073
1152
6474
3110
5831
4779
11631
10153
4905
8566
11950
9591
6756
233
5294
975
6365
3181
1262
1902
11913
9687
8300
7445
11666
1397
1096
12844
10430
11190
4758
2773
7291
12790
2700
3060
8692
8828
3269
6951
12809
7544
11517
4911
4061
11784
2827
1685
5280
3401
11766
1529
12337
7695
673
10318
1068
5245
9117
2006
2290
4533
1102
11612
1109
10717
1130
12356
11688
4159
11520
11885
5399
8276
7551
2333
9946
508
5489
4135
11428
7306
581
4937
7034
12927
7812
4877
3051
11545
7031
5669
10628
6795
1079
6314
8101
3176
12083
7715
10782
6372
8607
4801
12432
8742
5694
11282
6689
1549
8857
4462
1228
8619
6889
7517
7033
8989
4459
6827
5944
993
3345
10332
9231
1803
10098
654
2956
10856
12214
6868
2940
7404
4111
12981
4502
9033
12360
10536
2979
1216
6567
7460
6243
261
7375
8795
8163
215
5667
9039
5606
11644
2609
4980
8559
7066
9808
5999
12726
11341
2688
2332
12776
10087
1433
2638
2824
11678
4280
11269
9279
5062
2172
12106
704
3297
7355
7809
7109
5662
2140
7232
3688
3608
11869
1984
11262
6523
686
6910
6977
2391
384
2722
651
11791
811
5630
7336
8352
5701
494
8754
7477
1274
10840
3222
2574
8918
1462
9907
6875
11196
10821
11451
11987
8175
1187
2917
12010
9233
2803
1667
2864
2194
7933
2730
2990
10157
1005
6051
6651
8583
5031
6457
4215
5975
5722
6046
6560
4355
2020
4361
1991
8323
12260
688
3022
9878
7035
8674
10016
10917
5656
8771
763
6525
2860
435
8437
6510
3002
5488
1811
9526
5854
10981
8979
10213
2143
10355
2077
7762
5494
1214
244
5360
11123
9083
368
736
10268
301
1841
4104
11554
8373
6994
10666
4629
4654
599
3800
11056
11468
2625
10406
3818
11012
8023
6526
8343
171
12786
1844
8014
8010
8046
2792
10325
2084
9822
1919
8176
12958
1980
12499
3389
3393
7471
2489
11003
11160
8962
2406
5829
3120
8485
2646
2647
4128
1220
4125
6018
625
9921
10173
458
9653
29
4472
7116
2876
864
10025
1586
3619
8266
11964
4190
4730
4422
9149
7400
5469
5299
11566
9626
965
9807
11412
5433
11418
4108
9065
10798
5947
117
4105
11754
6988
8884
11655
5992
9176
11475
4609
6728
6569
8287
11130
5602
7043
1840
775
6779
12771
6961
7855
5589
4789
4365
7838
4767
428
8537
7834
549
963
4026
6212
4987
1336
4440
3924
872
10260
11508
8368
12245
10938
12914
9045
10005
6044
5532
980
6517
12664
3513
11020
12252
2624
2758
3095
6789
2003
5446
2240
3982
3793
2805
1125
10847
836
3943
11092
3276
3193
3697
9490
8363
10825
8085
10520
4216
12255
8563
9376
2432
4908
5718
9989
542
12341
11413
4857
1746
3264
264
7745
6717
810
2015
5736
8869
2947
4140
1176
3596
10510
5205
911
1432
5969
4665
3347
9270
7001
9174
12624
12040
9559
3574
6289
11810
7081
692
306
10948
8544
5474
4319
2955
12805
2511
2085
10623
8316
1009
11505
11006
6746
9700
1036
5274
8380
6604
729
4298
11811
1071
5053
792
6940
10174
3418
1194
6656
7733
1785
663
9248
11079
105
765
1772
11693
12293
9967
6918
9784
9488
10995
8719
3152
10411
10605
7594
7433
2451
12045
7298
10587
8948
518
9342
3592
8274
10123
8970
6558
11897
7352
1609
8020
12764
1233
12959
6393
9843
7534
12527
5605
986
1608
8025
12759
12892
7942
9170
2455
123
6912
9825
10036
12833
5709
4368
11149
4751
3058
10648
3952
1825
6529
1340
3559
3009
12746
5607
7338
7056
12280
7976
5754
1227
7246
4079
3733
10957
8350
3643
8905
7876
2216
10417
1369
10344
8926
9823
5748
6277
8155
10034
10435
4667
4428
11396
5323
6283
11618
1642
4413
11532
8809
7452
5339
8519
6331
139
11096
880
7705
1496
402
4698
1899
8146
5988
5170
6039
5955
11180
11120
3423
7776
1690
5633
6676
12580
10164
2186
5196
5559
11434
5781
4011
6160
2637
4828
9527
11536
3229
2212
4694
5516
6975
9100
9150
12164
10651
1506
6105
2243
11205
4511
1651
3191
4612
6650
5363
5416
11158
6848
2847
7167
3212
3810
11222
5658
10490
12384
11816
1127
4456
6883
10450
9032
845
3435
11094
5816
112
3180
8128
6509
7992
7833
2345
12143
9115
12113
2596
10834
12642
3286
5353
5704
5255
11068
1554
4431
7155
5637
9610
8057
12501
7118
2459
9252
9480
10630
2126
11482
7848
9951
4538
9481
3299
2420
11602
612
6119
10653
2868
6636
12153
10526
5984
1517
2593
10017
9536
1347
10046
5911
3278
5373
6577
3335
12524
8255
8497
11828
178
3758
5674
5719
10245
9667
9783
9859
8899
1547
7953
8914
1963
10932
8907
5143
5379
4578
12088
9361
8823
12848
8835
608
7297
3382
6644
12669
12071
2741
12317
6141
2136
2411
9038
7184
8686
10485
12845
1778
11677
11036
2509
1024
11937
10478
9423
6925
9096
2418
6856
10830
8406
7096
11135
1564
11938
266
1777
7106
6427
4576
7451
6913
2011
6926
2206
714
8790
339
11661
5104
8542
2491
12510
231
1550
6593
10682
7453
617
7308
2791
8814
11840
3626
9913
12105
6915
8135
4815
8646
3948
3226
10438
2307
7025
12171
3557
10019
2460
4097
7644
2873
7860
12730
7789
7302
11880
4753
1501
9811
7190
1004
5072
4315
277
12175
3753
12567
818
7064
1275
2458
4374
5372
8263
3992
1324
1251
12960
9992
2989
11958
2778
1174
12936
8504
5573
457
3370
10195
5188
5235
12968
2794
11961
11679
8468
9899
2331
3868
12987
12906
2783
6710
2926
6311
321
9954
6349
7944
8203
1077
8444
8679
5843
6611
12756
12807
3805
7464
3237
8903
3790
11710
205
5626
3603
5331
12689
2804
93
11884
9746
4633
4019
3742
5682
1252
12271
10997
10558
10763
8398
9696
5366
10119
3128
12272
10592
970
167
5061
8867
5740
4830
2388
8688
584
6945
7199
11228
10860
8552
12558
6423
5425
4359
9401
4174
610
10246
10159
9760
7656
2435
1904
85
365
4162
5923
3355
9681
9735
4954
3217
8026
10412
8911
2727
927
4606
3555
3048
6279
12794
7728
570
12145
50
4849
7753
2377
6979
11415
10197
1869
2770
8666
8586
7484
3571
4496
5093
7786
10624
7440
12073
12974
6267
2928
5737
10134
11822
11908
8086
1468
12290
6489
1153
1865
8167
2250
3363
1090
5368
10850
5247
1055
7721
2176
562
12296
2262
383
6246
4827
1352
6336
3679
4885
4715
7217
7233
1965
7266
10542
11431
502
2051
12142
6424
2811
8196
11140
5732
6825
1849
12787
8152
5628
6274
7348
5811
2380
5459
6723
2115
3340
2872
5932
5779
11292
3746
9456
2202
12170
5512
4346
2188
4904
4992
11086
4233
6943
3223
6188
10783
5380
11681
10754
5648
9436
12603
12066
5392
5585
8579
2711
10818
12039
1098
8597
12180
8319
7044
5209
3999
10522
4334
258
12986
10927
2285
5742
5612
11534
3561
11522
5741
2755
698
2978
9352
1256
12002
2093
6142
4363
12362
12409
8358
10227
1942
12645
6616
10148
12964
11684
2779
11383
6872
12806
7686
10506
12060
1269
6004
1745
7356
7624
3547
10882
9099
6765
11860
8702
7637
7792
6775
8043
1407
2934
12872
4331
12460
10705
3729
2456
9147
577
11495
2732
9772
9070
11504
7676
3173
11041
6719
7566
8951
12205
12122
9475
974
1897
6101
1848
6481
5068
2887
1414
10457
6932
3462
8717
8854
2337
8311
4390
7875
1602
514
6965
8
11627
598
2013
9360
9585
6819
8067
1064
2163
5881
8216
3743
5420
8628
9499
10320
7277
4000
9109
4013
12670
12752
6307
11147
1717
2238
3021
10448
11686
5352
11332
4787
12538
5012
8353
559
3064
11485
9154
7714
1905
4570
11429
3343
3545
12703
12930
11338
6898
12308
1494
4261
5347
1988
519
7258
12883
11753
6753
11904
9991
6476
3052
8677
3248
5646
12780
24
5309
11872
96
600
9754
12116
10515
9982
7208
5110
12654
10353
6572
8799
4062
6257
4460
8994
6205
4902
6603
3317
9323
6069
6692
12679
6667
1503
3906
3867
10310
3233
4630
4421
2995
9129
1473
4055
9208
1497
10243
4742
9597
5006
7755
12411
9020
2599
7210
7131
8653
8207
6964
6430
4761
905
4796
4110
10505
8420
7022
11335
999
2829
674
1695
10068
3057
4960
8556
6000
6873
9341
11928
12229
6052
8846
798
6068
1853
2855
9167
8234
3521
7873
8027
10617
5231
9205
3533
8917
3566
8763
4193
5219
2135
11472
77
8324
4763
450
11234
11683
6072
5897
8361
8372
12241
5511
1997
11446
9163
8357
8624
6432
6984
11242
8512
11098
3477
4477
4683
12342
9540
6323
3012
4320
4029
5107
3988
779
1273
5518
4979
2627
10987
6831
2578
495
12842
7376
7170
7747
8590
12940
10091
9928
5138
6145
3304
12793
10891
4093
3255
8272
1613
12550
12425
9357
12198
2835
11184
291
6498
4914
6538
596
2802
12423
446
11691
2775
879
2444
1373
526
8371
2838
11093
1747
1650
9113
3114
8720
12565
2179
328
396
8631
6167
5336
4150
5180
11835
5685
9476
5898
12593
10451
3007
3042
8001
1309
5812
5729
10947
5159
12363
10613
8186
2047
2065
7422
11638
223
5044
575
5131
1282
4059
5225
10727
5165
5046
12714
11761
10038
8383
5821
164
12422
11235
8474
4345
6448
5862
9225
3885
982
3728
4661
8222
5370
7357
6230
12540
11210
6054
3882
8290
2048
9056
7185
7339
4492
10309
2342
5064
9727
1421
9743
6284
10317
7211
2684
4411
7148
1145
3694
7234
3701
12649
8707
1725
12350
330
8623
2636
10992
2851
5904
6838
12176
3063
7098
11494
10474
9847
5910
160
7513
3542
8395
3464
2671
4933
7615
7395
7154
1644
12237
8204
9155
3029
2385
4188
9853
10819
8693
3341
9105
11207
1682
3484
11344
9042
4051
7316
9683
3869
10900
8151
9824
1454
10253
6638
6134
5371
6659
12989
11829
11920
12607
8119
6433
9974
2035
4656
8051
5036
3032
10365
9089
8672
10293
4528
11328
517
7605
9072
9431
10039
2615
1301
1581
433
11882
12671
8791
7177
11651
11277
1464
7917
9139
9965
7166
5866
6670
131
11668
5318
332
1960
2029
6036
1752
5
8880
12890
4206
3551
9779
5289
8480
4195
11346
7013
4426
8080
7048
5547
12887
2665
4268
52
10279
11422
1118
7016
1114
10999
5645
1923
12440
282
12149
11818
7828
1399
10445
4018
4208
6543
87
11807
4300
6516
4994
9979
812
2938
12592
6971
7731
9978
6852
7920
8432
10272
769
11416
3291
12879
11977
8149
2019
12097
4781
2929
4074
6545
3797
5770
10926
1491
9620
5076
4480
7370
34
4963
10647
6876
3263
11871
9864
9718
1622
9298
11345
8753
11716
8916
8545
4295
6152
1935
722
11285
7362
5343
4509
4507
11161
6768
3142
6870
7219
10986
9497
1610
1871
1513
1257
8524
3413
4686
6929
546
4327
9122
6686
6990
12763
11247
2409
10543
5550
200
4999
19
1342
12188
2550
5538
11595
11675
2324
7112
11402
12048
5617
11372
2946
5796
11363
12828
4786
12691
12788
1706
7982
8215
10069
572
1141
4619
7627
4228
9562
5705
7482
1136
6562
12251
4118
5212
3798
11559
10832
3129
9022
1556
10476
5540
8887
12633
9369
10924
9893
12366
2879
5730
10126
8377
3779
9819
9134
2414
10389
2091
1394
6186
8097
10424
2685
2525
10779
10753
2708
6012
3408
2694
764
9762
5717
10537
6171
410
11796
12839
1915
8929
9411
8243
2296
10867
4094
11765
12548
11035
5865
9931
6539
3723
6327
11906
12309
3294
2075
7795
8171
11991
1270
5815
4970
336
7052
10180
12869
12257
1366
7222
8710
2757
8568
5551
9686
6720
2242
11953
12992
12508
12854
6576
9618
11787
4865
11382
11197
7564
5228
3338
3407
2863
2531
10949
4542
2840
12695
5650
1647
4417
732
1092
7042
11175
4453
400
10480
10855
11546
9177
5421
5307
6479
3073
7782
8115
8821
11934
1631
6275
624
5429
8318
12698
7399
1968
7720
7304
10740
2721
9821
20
7278
10292
7313
3096
8116
6608
7929
10842
988
5641
12843
3585
5935
12761
12393
12644
9633
3168
4010
8099
520
5466
3146
9405
2107
8268
1832
11663
72
5894
7902
136
10443
6248
4293
6813
12021
11778
2742
9812
6373
12685
11832
9195
331
5017
6726
9427
1638
9259
12666
7900
1370
10915
11243
5782
2265
12479
7287
5477
10876
1780
7150
854
5383
5921
6771
7346
8050
5210
3080
4007
300
11009
5504
4383
5179
643
10639
563
9222
3169
2055
11013
10770
1998
11823
1732
1837
7664
12249
2556
1739
4340
10632
9326
280
8335
151
1197
8786
6198
8354
7939
12256
2642
1326
12677
11124
3219
10508
6125
10341
7413
9094
6546
5878
6893
7328
7255
7347
5284
2966
11844
137
6698
12753
7480
10833
7220
11614
8224
783
1459
5305
12486
6136
8487
2482
12458
8384
4267
6503
3098
11797
6626
2147
2286
8833
883
5222
3702
1424
10402
9671
427
3490
1709
3188
9304
9896
9421
1734
6191
9302
8411
2087
9510
4241
10956
11393
8625
9964
2071
1981
285
12946
4581
7986
12124
3359
9495
12871
1253
6677
6944
7061
8063
10565
11476
5924
8885
7204
1147
6693
11568
6713
1707
6397
7689
3570
3190
3530
2670
9277
11895
5480
326
3149
9172
7662
1597
1226
4588
10383
11179
2620
12604
1278
10607
501
6763
149
7550
4243
6515
10242
6841
11731
510
1933
10845
213
9387
5857
11762
7045
9871
645
4273
9001
7524
8746
12439
4068
9228
10708
6376
1443
3440
1920
9445
8381
2679
2725
9013
4882
6268
2218
11119
4728
4679
1542
8592
8299
5153
10688
8993
862
335
3053
3965
6225
6449
9956
6587
8936
2619
12711
4927
3374
11848
3893
10171
2408
4354
2041
947
5249
8706
9532
2689
12917
333
1934
9179
7585
4493
10794
2367
4286
12894
755
12937
6772
5973
4266
2079
5767
9787
7267
2672
3770
808
4305
3251
242
7094
3161
8745
996
6879
6465
9612
11935
10121
1463
7597
8773
11819
1481
995
4473
4765
1070
6419
12720
4288
9424
12742
4816
3610
5374
9247
3049
6625
2656
4139
11240
7722
7318
239
315
9253
8842
10319
8144
12385
1287
2812
11132
2187
9518
7074
8762
2943
5997
3536
9648
3356
7256
10313
8748
4149
3428
9530
10276
8615
6836
9306
1260
11945
8983
11301
4808
11045
3121
10377
12389
3342
652
3522
3748
7374
7008
11256
11995
10502
9623
5048
6172
8731
8723
3641
1731
12011
401
977
259
6810
6869
4321
6931
41
5025
6487
11741
3480
2579
659
7913
9068
4591
7476
403
4636
2364
12140
10839
4696
4260
4804
9553
7819
5826
1823
8982
5097
2514
2945
1263
4663
338
1911
1518
6078
11061
10889
10370
9269
9574
6085
1977
11596
7469
4474
9520
8505
8928
10013
1039
12615
11314
7966
10116
6111
10315
1450
6938
11657
4486
7228
10169
6190
12456
5129
12297
7542
398
6901
11842
7794
4458
3445
2132
120
4962
159
8275
15
12253
7681
11461
3601
7772
4805
2269
8034
3799
11974
784
10202
9322
9063
4930
1158
778
8656
3045
8577
9668
3525
2347
6583
9756
1027
6706
8851
3548
9055
11033
8511
10509
3056
2970
3313
9863
11978
2589
11924
8189
5872
10633
8120
7924
9394
918
4551
6143
7188
4285
1173
9994
5845
10111
2412
8458
9453
6443
4517
12447
8200
8273
8997
1360
3834
2877
7226
1267
8863
3443
11194
294
12772
2338
10655
235
10885
11008
2303
11138
3316
6551
6986
3182
9645
1295
7108
2870
8074
7928
6123
9230
5113
2109
5462
1423
10676
6400
3998
4069
9444
8673
10913
8633
11768
5184
6987
12206
9090
7835
8990
4996
8945
10562
469
3221
1634
3160
7223
5933
8533
1016
2776
10646
10423
1332
12386
459
6679
9317
4386
10081
4871
8419
5410
9462
8040
11199
925
6347
8188
10373
8802
10072
4842
1714
9542
12535
10084
4585
9297
10235
1410
4218
5961
10816
3131
1322
6151
8650
11983
3767
1110
10294
2092
869
12108
11646
12228
2270
2575
11696
1142
6727
10203
2359
7221
7082
5346
8083
6022
11159
7488
5946
1926
4859
1091
2098
10772
2007
7216
11423
6735
9997
4328
11146
9054
5818
1383
5601
1417
11007
9060
9595
8414
4072
10937
4620
10569
8694
10486
9320
132
2180
5045
5033
8218
1652
12601
6767
8280
803
7483
2586
10523
3259
8421
7737
3010
9846
11972
5118
1003
8551
2798
11171
10615
3210
1115
558
12250
8369
4660
9661
5282
5003
3391
4671
4186
5744
2232
2123
8661
5106
11218
2215
8845
7071
5314
6099
2820
3595
3658
5644
5759
6426
3366
606
9712
9586
1882
10380
334
2099
2177
2259
6821
522
10280
2850
3666
9831
2833
2375
12067
12768
3208
6886
467
6563
5041
11603
9728
11078
11391
1639
7005
6894
9923
12234
5479
10491
4988
1540
13001
109
8734
1222
8265
8466
4274
3357
2152
10561
1247
10015
4389
3969
9699
3254
7485
4475
847
8801
6410
11010
12476
6434
9114
1954
11706
3386
11084
560
1121
4420
8434
9729
7017
3786
5415
5291
10047
5978
8539
8958
998
3337
1168
4745
1632
10656
430
11605
10048
8868
507
12969
6956
1834
1603
2733
4284
3738
6744
503
9058
658
10972
10609
1486
6755
7724
1164
1620
1331
10649
3112
2869
7377
12620
9751
2735
2641
3915
198
3132
3816
11213
5426
4183
9875
7401
7037
9901
7952
10879
6382
4226
4739
5555
8637
8206
4457
626
3605
10768
12287
4889
4276
11458
6385
10109
9337
7625
8813
7049
12704
10030
3597
9816
566
5735
629
1802
587
11040
6554
2294
3273
10532
7113
3192
11528
8452
2918
7652
1470
12267
4888
6174
10810
7261
12576
7940
11491
1442
405
11445
1925
10032
10573
3855
3921
1736
9251
6750
646
7910
3123
11888
3673
5081
2910
11347
3136
7144
4031
9697
10395
7703
10684
9522
11673
7971
11387
3684
858
5407
8166
81
3529
3895
11331
4154
10550
689
7642
8385
1207
1031
10595
7245
12424
11662
951
5226
3657
9748
378
6417
8783
12475
3008
7916
5691
7431
9775
11539
945
5112
7387
2310
10143
12978
10231
7467
10791
2655
10518
6308
3103
1268
7559
5301
3631
2497
8617
101
11027
3923
11306
4423
9076
12970
1744
534
11639
2590
1472
9739
6023
1524
6534
1049
11611
1604
3228
2403
434
8934
7055
4317
9971
3511
11825
9419
1429
3439
10652
2169
9309
1758
10734
10130
7364
11460
12803
3024
2053
1507
6106
2472
6761
4178
1428
3918
4723
12912
1614
11000
3147
594
11981
4182
9071
11409
7473
5920
6637
1425
11320
6008
5236
5169
9021
7623
9631
2981
2937
11814
2021
6627
6641
5439
4991
484
932
2663
10026
11230
6513
8330
6218
10968
7663
283
5598
1311
6260
1696
12348
3262
7026
5234
12875
12489
7235
8794
9375
309
4518
3109
8482
4807
3996
6816
3633
7003
3640
1943
3155
5128
5162
1185
7015
1097
971
10590
9443
1641
7383
12339
3354
2139
5618
4461
8896
2118
12416
9721
393
6178
8098
11857
92
1922
7321
5960
1455
7319
8132
7023
3781
12262
8640
11419
4385
10843
5396
4495
707
6556
2088
9162
12099
3604
9888
9789
5623
11563
8589
6823
9412
9584
4716
7626
3993
4702
3777
962
5774
12426
5887
11360
3368
8950
4814
9886
5765
2962
5647
7241
8659
11223
6782
9316
7567
51
8622
10852
7742
7552
7683
12186
7936
10571
3178
12014
2738
12672
6632
750
1493
8904
752
11933
4855
8781
8019
10540
8669
6098
8601
3848
4674
12474
1807
2311
10149
12868
1846
6223
10404
12265
395
3736
12632
6197
1234
5051
12736
968
3305
9769
11172
10940
3837
2622
8054
6159
7702
6820
8208
10037
6937
12638
12754
4613
1541
9409
8153
6607
9854
11289
8427
8072
9138
1403
9367
8462
8649
6849
12310
2654
8041
10594
5638
5777
3695
11519
2266
2174
12086
4046
733
1888
3011
6647
10898
1683
2631
6409
1107
7599
6005
10545
7029
2916
5257
2251
9331
3680
2305
7969
9912
12857
4595
3515
3919
730
2854
8109
1457
6653
4002
12009
2548
6353
2168
4673
3649
917
9611
2681
11203
3995
4444
6402
7141
10906
7974
7437
11237
10597
3850
2320
3486
5308
11525
12563
13007
10716
11284
7038
9704
11578
3283
10363
9262
11351
9161
6582
9082
2371
10634
8998
8528
2000
11506
1900
3947
8016
11166
11699
5537
12345
8123
10358
4107
5461
374
3611
1557
12731
3871
7481
3196
1200
5567
6445
11245
10654
9263
6086
7486
12955
2914
4802
5948
11182
11830
2440
1334
8959
7521
834
3441
3399
12435
10864
8698
3676
10146
11151
6002
8449
1235
8217
7414
8768
11653
3911
9764
4792
9656
316
3831
422
2932
1047
2441
2012
6473
6550
5949
6017
10807
585
1384
5485
9927
1095
1720
4054
2764
1833
9144
8193
413
12836
6235
3296
12557
900
6859
4236
1297
3079
1030
677
9391
4443
2698
5261
2002
3847
6809
1380
6622
5146
8129
10859
9990
4583
3070
5020
7463
4012
5958
3878
8084
1560
12665
2678
7956
8976
7645
9809
8560
2999
1874
11537
11077
8596
8450
1530
4687
8518
10808
991
1302
5903
8307
3889
386
32
3823
6911
2217
9359
4212
11053
348
9920
8662
7679
5749
8772
10247
11847
6571
49
2657
4923
12130
3074
4250
2784
4766
9321
12033
5727
9804
10553
243
1994
9500
5281
907
5852
7252
12042
12819
7941
4173
8232
10799
12398
9048
10918
2739
5521
11725
305
407
8386
6494
3456
12223
6357
10725
2205
10349
4372
2160
12710
3315
2046
6733
1157
11764
9883
6011
1345
8777
1111
2483
964
10714
3504
9774
10215
5241
1431
12441
11518
12227
2701
10219
9936
3537
9440
11381
3905
819
8968
2461
8405
830
1584
11550
11918
7596
4642
7175
1887
2852
10177
1751
9318
82
767
9498
10166
10131
5654
8225
7537
6505
7995
8848
3372
8701
6923
2001
7799
11737
342
7041
2
9098
10216
12000
5793
1346
12413
6613
8804
9053
6471
414
10750
4891
4223
10456
8461
3722
11808
3159
6548
11298
11489
3043
6047
7672
308
7712
3303
12522
3130
12784
5833
9029
12320
11047
3165
6026
129
7160
7505
12935
5558
4102
4292
5780
6362
7010
5484
6645
7093
1948
4451
11029
3572
1878
6707
7369
8608
12975
8317
4283
7176
12923
11500
11773
11411
9119
12182
5939
7868
9467
8529
9050
5190
8346
5088
10054
8446
11379
12876
1959
273
9283
6890
2178
12713
2924
9904
12334
1376
7320
8588
2774
2652
6882
5846
377
5472
5629
10093
12361
10188
863
5640
10420
6740
2196
47
1038
12355
8493
121
4203
5005
3539
8766
8214
6492
1120
323
12697
6564
11792
12640
12169
8327
2568
11457
7861
8477
68
6109
10928
8160
3433
9364
8999
10328
10186
9999
11407
4580
9301
8681
2498
9184
9914
6239
5900
743
2465
7604
1012
2606
7436
7962
6016
6960
7915
12757
5710
1531
2485
12619
12537
1794
2976
1566
8221
8389
11637
2602
841
7846
11370
6468
7961
8992
4920
5456
790
10090
4177
9307
5493
7509
556
9040
9737
678
12627
9511
170
11385
7408
6233
3751
1769
9311
9210
1375
4313
7102
1873
12589
4357
1827
8496
208
6056
1675
6189
5365
7937
8187
4536
7618
6232
6947
10436
1616
9439
9932
8760
7763
1381
11442
372
9017
10712
9985
3740
10665
6100
4466
8690
1883
5790
7062
8877
8927
11852
5619
6946
509
4296
6391
12103
7068
9451
11241
9670
3424
5651
8488
12864
11776
12183
832
680
638
3645
7687
337
4021
6340
1303
4099
4438
3000
9157
5078
9346
1523
11931
2769
6364
8503
7975
3268
3614
10226
2153
3974
219
6628
1490
6258
454
5321
766
3661
12949
9064
6156
5137
9238
6497
8614
1527
12766
6103
10156
5413
12539
12478
5018
11535
4144
6609
9187
11824
12942
8306
13009
6037
10528
9503
8890
6630
11133
12156
6957
1587
12856
5764
9535
711
8522
11988
234
2175
7785
3323
2496
480
4231
12673
10466
12623
10704
11512
497
8502
10114
360
648
4617
3647
8066
12274
382
9529
2523
5830
6010
3802
5819
12030
5148
10588
10184
11145
11887
11767
11620
7930
1658
8198
5074
6865
8785
4746
10124
7535
3099
2378
8182
7054
6089
33
12815
2057
12218
3973
10336
3274
1783
7260
2605
12210
1914
11254
11143
2234
7174
10557
83
11900
829
303
8815
12372
7411
5394
3859
8209
281
2963
4540
3035
4394
5492
3371
5091
2379
9782
8107
12727
6135
1879
12625
1579
5283
7095
7119
2996
7710
12233
8626
6730
6553
455
6949
7251
2247
8769
1362
1945
4957
6271
11051
10437
6535
12791
12044
4254
682
12561
6634
6939
7641
1221
3006
10160
12189
8691
3698
10398
3766
8007
12001
5926
8469
7894
12659
5594
7125
6737
9214
6310
3546
12222
3302
11224
12406
5312
477
4666
1570
12613
7622
5142
4392
1764
1985
6896
6871
10988
11343
2052
8029
4499
843
2715
2591
17
6649
12315
1317
11674
4772
7704
4618
1437
2801
1936
8972
3402
6596
7268
6177
442
12646
481
2317
6383
8479
10706
1483
10765
3322
3395
871
12712
1382
94
12399
6908
6783
1249
9575
10568
10883
10299
11622
12762
8344
2157
6760
4332
4124
12840
5673
7842
6907
11998
943
10433
5766
9235
1816
11670
3975
8156
7756
4265
3720
4870
909
11963
3360
2765
3577
6073
11271
7657
5286
4769
7027
11311
6757
12289
9644
10736
11946
5987
10529
11858
8643
1054
6597
5499
7783
9564
2888
11342
10056
1967
6015
10547
8964
5340
10556
1338
4878
36
6712
5632
5783
9343
6055
9908
2538
6847
6064
3794
1896
687
5385
3118
6371
6097
3685
9165
8201
4900
6031
9778
3817
8370
5702
595
8340
3314
8800
6690
8078
2125
1237
9491
3586
1196
8716
1290
4997
9293
9350
1246
12471
2922
3962
8103
6954
5757
1515
5404
9288
7333
11081
346
3997
411
12484
7759
12616
2249
2718
4439
10914
1545
3580
3903
1067
6590
8499
6003
2355
607
6081
4109
11275
868
7050
9250
9408
8932
9835
12132
4246
5563
1485
4343
12837
1175
157
7168
12858
8492
2289
5859
465
11206
11239
10643
11054
11021
9092
13000
1105
5842
3692
2889
4872
6375
10351
10848
4589
571
10011
5313
12492
7808
2954
1719
7824
9254
11105
2117
5348
5052
11831
1264
9255
11957
6857
8351
9494
4981
9613
10101
7862
1697
3703
8378
12993
12185
5266
8075
1108
7152
8981
6776
8660
12365
10220
1178
2559
642
7836
4725
12889
7295
5660
12359
9382
2862
1808
5616
1591
7084
4309
1254
3328
9765
3148
1949
2376
3498
3534
4879
10513
8364
4635
7943
8249
7668
8946
3718
124
10052
2750
9689
1212
1469
1183
9795
3725
9905
6359
10073
5731
10059
789
7523
4085
7859
5593
9206
10679
10125
7921
2558
7560
7546
2389
6673
437
10027
1738
8382
11748
11258
10849
3642
2971
1239
6688
3140
9354
6635
3104
1265
10049
6935
9829
12058
5981
5260
8006
2787
11325
8271
4201
7290
10458
4982
11450
10638
8609
888
4075
4037
12648
12094
4681
2373
2486
820
2039
1964
9624
7337
2882
2381
573
9073
3409
1749
5892
12029
10747
9911
251
2984
5300
5835
11685
12405
8603
1770
6229
7100
11804
7448
3018
204
1113
5976
122
6482
8179
10425
6153
12364
4424
10176
4773
322
6697
6993
10910
5945
10823
5982
5680
7964
2124
3225
12545
3716
3292
464
12006
8445
4726
10330
10427
5823
8682
7697
620
1066
354
6565
4160
10576
3687
10001
1240
815
95
6742
2141
1533
1674
7197
3285
10366
9976
8620
2044
8521
985
8133
8543
952
6184
12594
4210
10252
1318
7087
1465
2651
5089
11039
9486
11176
5237
5467
6555
2138
2477
5649
6748
1248
1341
152
1086
9659
4890
3917
7444
485
9349
10719
8158
11521
9460
11589
1353
8820
9679
3333
3884
10902
6485
3900
706
3201
5931
4114
8402
4648
8963
12371
7768
2300
6885
551
10874
3875
1198
134
11091
10954
3046
1868
4708
11473
4166
10998
4479
4794
7508
7575
4360
6338
11572
10287
1961
2958
5026
4078
4806
8285
12003
3454
9803
9153
8473
11016
363
835
6137
12278
4330
3330
3171
619
12318
12751
5256
959
10963
5627
3017
11944
10145
5902
9479
4047
2573
3501
12323
9534
2208
9221
11652
3218
7898
9919
1514
7097
5015
2772
7134
5442
6731
1435
12549
10916
1363
2712
2950
5963
10897
12568
2612
11560
1033
3789
12327
4762
30
2339
618
7342
5083
12900
5047
3412
1191
3496
1569
12319
9118
8876
12123
5820
7923
3914
961
5042
4471
10742
6863
5471
1822
3768
10749
8475
11721
8658
627
6425
12217
3253
5591
11929
12838
4116
684
6511
3388
12221
2086
12367
432
4995
3318
11594
4558
12865
10133
4565
6992
2463
11288
7212
8056
10446
5870
793
6113
1499
1180
11467
11437
11326
12177
12047
1025
11070
7817
12070
1339
3198
5941
6547
4822
10024
5115
5552
6832
9523
3077
4196
1314
11800
4348
8220
7847
7073
8226
6025
12056
11169
7890
9104
4938
2468
3526
3151
11125
9303
8634
1850
1056
1836
9200
379
904
418
11313
12506
3124
12855
8581
289
7279
5724
5201
4641
5868
1478
2308
10254
12152
2723
9543
2871
12470
2438
2541
1087
12750
8121
8500
9714
3463
3827
8242
9207
3353
6342
1135
5983
5287
8593
7972
4358
5419
8778
1313
7271
12019
8321
5114
802
2214
8750
8366
53
4247
1544
8595
5121
6453
3437
740
5575
9131
6568
9894
9199
8585
3916
5327
10482
4910
12291
1629
1411
4335
1013
512
8756
9266
9788
9934
12681
4084
5355
9047
5733
10935
10154
2726
6824
11746
11358
9292
9178
12104
11755
8139
6592
10805
6456
6067
10338
10709
1649
6182
1495
5117
1684
8486
5278
11735
6891
1104
4607
6989
9023
7984
650
12057
11321
2676
12696
4271
5507
5611
10866
2155
9561
3086
392
473
6933
2170
7192
8081
12303
6312
2908
10489
11083
13003
11907
11469
12590
10640
5075
296
3326
8955
9473
3167
11610
1325
5813
3277
10700
8788
7639
156
8038
8068
12767
5711
1213
4176
2746
4341
10463
5725
11879
6806
6150
12050
3803
12747
5822
2203
2209
2448
8729
2253
8602
9629
7718
11932
4353
5810
6412
1862
12963
2309
12529
4776
984
10578
4638
4860
5787
48
8181
7988
415
304
5192
4643
3487
2818
7965
11462
739
9315
288
389
9116
9785
12705
5058
1103
9464
2228
10880
8726
6478
1356
8937
10225
353
7595
6866
5664
1404
1999
7382
6672
1598
11739
4790
5760
664
11414
7826
2182
5269
1292
11389
2149
2695
7447
8965
6614
9420
3145
636
840
6914
7865
9800
11449
10348
3804
8012
7365
12562
6674
3240
4544
4092
5060
6245
1074
4688
10
7727
1718
10007
4913
5354
12541
2326
4672
6928
2056
4175
7324
9403
5515
4640
11191
5436
10659
4240
3332
9692
11216
9041
7341
8811
12095
7997
5536
6196
632
4782
2227
7744
10620
9275
12354
1209
11217
1250
994
10978
8894
3634
9132
2267
1723
438
11117
387
10784
10531
8825
8270
3791
4169
3312
7491
4314
5016
3931
6781
2008
12655
2244
6507
12933
9938
10426
8839
8527
1021
12041
5229
4722
6281
3663
11019
1088
126
9646
10275
12091
5841
2967
1921
26
4096
12716
4903
4736
662
3494
5520
269
11456
3001
11257
9087
155
2293
2370
10904
10875
12166
10627
2501
11527
8111
6370
4042
5329
3472
229
2740
5111
5873
697
9485
10973
5437
2417
5950
9873
7879
6966
1015
8855
10629
11356
725
11211
3339
10890
4213
6216
1357
844
4594
6701
10029
715
9258
5096
1863
11340
10105
3481
1354
5609
9810
7180
12952
58
5582
5434
3844
11759
3252
11996
4600
6797
7315
8517
7769
9243
5441
10869
3306
179
1702
12034
9448
12429
176
4880
4932
7730
7558
10991
4886
7120
10308
168
1792
621
6042
6363
1958
9594
7708
8733
5268
9169
7922
7249
7666
376
11704
1452
2454
6751
11059
8022
7323
12211
11075
1305
9673
9647
4645
3055
43
5874
12093
6586
4339
11588
5296
9995
3381
12121
875
10759
4025
5665
10903
9125
9446
12719
11157
7967
4023
1866
11398
11395
5706
3170
9736
10966
7393
7895
12812
8401
12004
5596
8764
2754
7677
6970
8360
8138
6916
6718
8564
5533
5608
513
9470
6057
12358
6063
8191
11439
7603
11066
5059
2393
8709
902
10097
11229
9794
4087
8737
9282
12023
4170
12259
10877
3761
744
11865
6897
10495
5883
1310
8956
5004
7563
8949
8635
3414
10693
10010
4147
2587
8770
7587
8565
11592
11365
2994
1830
3994
4326
6829
10539
9220
11587
3744
1893
3710
9898
4163
6049
4946
6549
290
561
11448
11025
11055
10979
6998
10710
12925
4724
12999
10554
3897
3707
6414
2231
11538
5762
860
11733
2661
5723
498
7103
10492
7867
4577
5622
2975
9433
4172
12005
537
8039
4058
7435
12453
7406
4337
3886
1258
6341
12196
9705
7398
4897
1665
4919
12988
5697
10731
10238
10674
2662
4161
8739
11260
1073
7793
8961
4465
5463
4494
6714
236
4115
3373
10055
6263
1656
7886
5995
8598
3544
8665
9880
4239
11556
887
5233
7701
5389
8165
590
12235
10342
5330
11322
1284
6058
11312
103
3726
4864
4961
11956
5696
27
10061
5158
5769
10851
2697
553
11720
12242
9680
3495
6506
6655
1293
12905
7638
5030
2442
10062
6211
2893
8438
482
3398
7441
6408
12650
4255
4006
474
1477
11632
3239
12559
806
5450
8957
5224
3639
2561
12827
2927
341
9381
1170
4034
4063
12154
3476
5527
5799
2063
2245
3479
11426
8088
1839
5980
12270
10814
12069
1138
10881
8033
8741
1776
10371
7070
1618
3730
11891
5491
8079
9882
8245
8967
6065
12192
8190
4637
679
12306
8064
7057
12817
12160
1924
2686
886
6654
7332
7711
10100
1171
804
9428
6280
5038
490
6573
9097
189
2387
10042
3078
11141
3107
8159
8875
3150
4819
7874
708
9404
128
6905
4081
10484
7764
7777
3970
4973
5152
4490
10893
5285
2327
4500
5885
8127
10780
4948
3461
3380
1438
2287
973
173
852
1217
324
1048
8600
10824
10223
12055
6034
2518
3325
666
8253
3072
7635
4263
6808
7282
8630
3434
5776
12491
3737
4410
9111
11375
12087
12295
6818
3030
6118
8761
2094
10499
7405
9672
10863
5191
6242
1671
1737
3394
635
4095
7754
1975
1678
1637
671
8554
3989
1877
76
6222
12322
6559
11366
2973
12796
6784
1330
2235
7578
361
4349
6544
2704
10267
2861
3769
8451
11388
9046
3416
246
6665
10559
174
7796
8246
7462
1574
268
10739
11689
9767
3508
3648
1875
3
8202
2298
8953
3241
3216
2360
5986
1075
7189
1532
4425
12012
206
3579
11671
6648
12292
8342
8403
4936
2506
6884
10504
9388
3088
536
9550
6076
2626
12473
5879
11200
