5719
6962
11208
4324
11925
11012
2907
8971
11648
11024
10724
5718
10582
1168
11265
7934
12311
12959
3742
9501
5441
5084
9794
5038
12898
4135
8854
4774
3530
10282
8658
12775
2923
5251
11493
731
9494
10121
11415
12078
3857
479
7992
6469
7871
5553
5099
3484
2638
7759
5894
2345
9604
6704
516
11334
12670
7340
447
2128
10359
181
5436
8642
7410
2505
3710
3779
1030
11182
9538
4852
7262
12513
3287
3364
4737
11045
12641
8619
8853
5415
1808
5578
5826
6866
2785
2408
7853
10460
10760
8029
5586
1305
10204
4437
7231
5054
2387
2781
4609
9338
1654
3978
8257
11988
3868
10551
1626
5993
3760
2035
1270
8137
1194
5100
8464
12902
4318
7466
7912
10649
8135
2190
2178
4594
5932
6458
6825
4631
12603
2089
10830
10892
2622
12584
5435
5095
11489
8202
3870
5850
9107
7511
801
11718
9229
9904
12047
11469
10188
7253
12275
4450
1700
136
687
647
6038
3741
9361
7495
3814
8410
8898
592
4326
11367
6138
12727
6125
2654
8430
8806
6752
2067
11138
581
12838
10827
12559
10339
732
7188
11508
12376
5701
6100
1282
12995
8229
12242
5716
533
12368
2350
5047
6593
12622
2318
4015
47
12425
7845
4929
12123
11601
3794
3176
5600
8704
8211
12116
6999
8967
463
298
10518
8883
3825
12325
9475
11059
11856
1453
5063
8220
6291
4828
1954
1747
5020
6126
450
7527
4906
8865
3114
9633
3730
3856
12139
4928
6050
2935
4513
7531
7761
12364
6224
6563
3294
10120
6492
7818
3775
5537
12211
12787
2134
8571
4089
8776
3865
2364
3386
4604
3699
5572
7831
870
4371
12453
2465
2119
1126
7852
3444
4218
12155
3163
8825
4804
4512
12740
11405
6495
10664
6139
4186
11644
7790
4127
2295
341
3695
2188
3740
2877
1854
2191
10813
474
3782
9792
570
10701
2493
10056
7945
918
6885
6074
7082
972
6233
1589
3708
5291
8231
8242
10705
5930
3435
6889
3536
5933
3837
11497
1986
8149
3843
3672
10500
518
3808
7970
6565
3693
12710
11011
12960
4878
7648
10602
9226
3706
8227
9959
8280
6404
7950
9836
5870
137
11905
373
4116
12469
3852
682
1483
3297
8643
5940
7889
12279
7046
8556
8215
591
6673
8361
4543
5428
12658
3762
10095
9631
2651
2817
1720
7787
2041
2964
6016
4593
11350
7446
2526
7536
8745
7842
6859
6774
2845
5517
3774
5879
8969
12760
12358
3736
5429
1799
618
1269
7841
5829
476
623
12650
8942
5525
7952
12869
9724
1455
7947
9800
3757
357
4597
7996
7157
8264
5267
8722
12344
5755
3206
6703
194
8905
5367
1200
10306
2758
11520
9200
3229
4693
12143
6861
2528
5642
11635
1170
12122
1429
9559
8611
5959
10546
7144
2596
12028
10483
3867
7613
4202
6852
4230
7999
5579
6191
2514
10715
12810
11466
5446
5140
4497
11853
2251
12427
131
12499
11053
3156
8958
11236
9247
12128
11139
8377
1550
6450
4480
819
4807
12796
11443
10971
10289
12859
493
1134
10105
9502
1279
11529
11930
10601
4997
12523
12483
1542
9605
6667
10910
9820
8226
9549
5542
166
5594
6392
10642
11668
3688
8767
5643
1891
594
11413
4004
3753
4092
2533
12014
11408
8288
11589
5416
7408
9645
8910
11264
7878
2015
6487
5142
7676
10314
3838
4310
2762
1727
11942
6250
10197
9643
7402
10043
3703
7760
7795
3069
954
8000
4238
10716
10245
6767
7963
6575
3992
8255
10480
6313
683
766
11947
3270
11286
3861
10291
11593
9525
2879
10345
445
11339
7961
3731
12435
8347
8697
5606
1840
11626
649
4467
7199
8657
1220
3803
3125
3053
7439
9641
4439
11514
10364
6725
11729
8926
2232
4986
11188
11474
7532
4691
9664
8506
6471
11122
11189
390
3748
7988
6459
7897
11030
8051
12409
6696
337
11749
10340
10897
5250
4624
11096
8332
297
4736
600
6090
7641
1223
4124
8131
11369
4449
11949
6868
3919
2587
10101
4216
11793
3477
10323
12230
3694
8388
2118
6686
7965
3700
4957
12631
997
3426
6517
4446
924
9721
6251
9730
10333
7325
10020
4195
9307
6832
2343
5213
813
11577
4577
8734
6587
5875
5805
3709
1803
4386
4019
9649
4066
1247
3749
4524
6896
4133
11374
10511
5198
11598
12272
10019
9526
7606
7389
5939
34
8251
5482
12020
9518
5184
11293
11090
4311
9403
10783
4542
5712
12494
5200
11530
12405
1456
8537
5377
3718
1159
190
9286
5795
4861
8833
4274
6234
7268
11331
5854
1795
7770
12946
8515
6706
1940
1591
12652
4937
6161
11488
3453
9452
8320
12330
10171
2001
598
10963
750
7905
4739
11985
782
10610
2238
6032
8852
3657
11005
10304
6339
11009
9708
4470
12770
1484
11654
10818
9796
5395
249
2739
10251
12756
11868
1574
9416
7957
10894
12245
2447
8708
6301
3913
12252
6463
8030
8209
21
3307
9972
35
10187
9372
4252
5234
198
12408
9722
1755
11569
8335
7694
5056
7020
9399
9912
803
63
7679
3701
8196
4963
7896
10108
5431
11301
3022
4643
2396
3841
7616
3719
9014
6449
11736
9802
685
4692
3651
11628
7669
6422
9888
9176
5258
3571
7187
6867
12481
4114
10033
10524
7927
8606
7778
12183
5408
1164
10205
4663
12757
3796
6737
602
7832
8037
10179
6928
5853
1016
11271
5533
9780
10808
10754
8312
4119
5710
4595
9050
9979
4576
5276
3716
1350
11787
10048
492
11583
12561
3754
8003
7618
4201
543
2315
8001
10832
4248
7349
5535
809
6801
2977
9415
1309
11161
7797
5427
7047
8580
3783
11734
1348
10089
6079
12779
9389
4330
848
9260
6763
5915
12478
12168
563
11484
4445
6931
274
6353
12068
2614
8915
8718
9601
5003
9808
8323
11573
3066
11421
11803
8052
7041
12830
10344
2457
7525
10325
6416
8562
7269
5178
7296
4277
10400
6914
2996
5888
1360
1618
10192
10404
10727
2480
6963
7307
10502
8934
1077
165
7474
3931
8791
8219
1963
10708
2548
8530
9790
3108
11585
5679
8873
8744
11165
8752
10615
729
13005
4151
1551
4607
8148
10343
2370
7858
1082
10512
4009
3631
7589
10821
788
7966
12600
7923
3663
611
9625
7655
12612
11616
4270
11349
9926
4608
5561
7483
12171
853
3902
6670
6653
1137
5677
5398
2454
4242
6098
11887
5500
6573
11724
1404
11912
12949
12263
5693
12572
1239
9332
2665
12250
4490
4908
2321
805
3826
7909
10981
3724
6783
2635
9734
3109
4069
6800
2504
6842
393
3896
10109
9767
11108
9762
8770
11091
8497
3064
10194
8685
3824
8303
5374
7691
5037
992
8359
2765
12459
1162
12241
10566
8715
5916
3925
9280
10695
4424
11137
7271
8282
11333
2048
957
10228
11238
12635
2503
9080
5941
8937
10964
6516
8381
3319
1588
9293
7837
4717
2256
218
12907
11811
3039
2313
8467
1349
2105
6837
4333
3337
8823
9179
11209
10925
9663
11017
12120
5912
4256
548
11464
126
3249
5270
6894
7794
4346
9093
9187
6558
2473
6420
4215
808
10839
9164
8218
950
6106
3153
6494
3827
11399
5017
2360
8923
7300
2459
3581
8875
4329
3812
8189
12135
8454
388
958
6815
5245
6247
9902
11536
12238
1860
12738
4602
4286
8846
4404
3407
883
12102
717
5376
4983
10279
3789
5960
1610
11487
11156
8250
10702
2920
1866
12563
8676
12694
4721
8495
1568
5588
8281
4642
11077
2349
1691
8816
8297
4323
7704
2554
12299
11677
1328
11173
2663
8608
770
11253
6405
9855
4899
9956
9166
4893
7603
1416
4496
8667
5734
4925
7557
7250
12142
8286
8170
10475
8764
354
9451
7456
3984
11938
1985
11647
2227
10141
7672
9228
903
7353
5707
12133
8686
9776
6947
12911
7823
10140
7775
5467
10346
10911
12281
6475
607
2236
6409
1820
3752
11086
12682
9718
1737
2543
1104
4153
6048
10734
6241
4249
5313
2752
6759
844
7397
978
8208
12565
6491
12243
5796
2659
8314
2422
1426
12497
1567
10208
9871
2271
5472
2565
566
1387
6578
12699
3395
8459
5317
6481
527
1686
10889
3339
11365
5206
8239
12431
5438
10984
4258
2634
4939
6165
11174
5923
852
9491
9364
1363
4368
10383
4622
3025
416
4476
6764
9752
8259
12656
12487
2484
3969
11481
6443
7791
4407
2539
6410
8680
7282
12704
599
2097
3333
8551
9400
8283
5667
1280
12662
6908
2621
7355
7173
1291
5905
11970
11818
10747
4479
2281
4591
5053
7649
3445
8348
11813
7989
12115
5397
9587
7960
9588
1407
385
7899
1973
8175
5597
4870
8877
8507
7044
11611
9385
6490
5801
9545
6081
5761
9965
5143
3357
7252
20
7281
8353
2234
8362
8471
8863
8270
8417
3689
738
3359
6747
7661
10797
12023
4773
9334
7633
1481
4187
3596
12385
7962
8150
12861
8356
6535
2704
5155
4189
3862
7484
2038
2264
11982
9181
7617
5361
4305
1805
6149
2058
1722
952
11676
13009
11309
11898
2930
1798
10550
9670
1405
1027
3680
12282
8953
8023
9326
12619
10110
6219
11723
8502
4633
4164
11449
11060
1909
6715
6114
12298
6340
4520
9125
7274
11914
4394
2800
1139
10657
2008
8301
11732
9094
8273
12533
11016
12923
10471
2070
2285
11607
1225
1892
9543
4206
9244
4552
11897
11131
2755
1723
6122
3887
9480
1730
7482
1440
3164
4072
3082
12789
7499
7959
2259
7954
3715
111
7605
5015
6906
6179
1905
3711
6883
1561
6177
12885
7074
6435
3143
11576
4291
12794
12613
1807
1300
6835
5630
2516
5000
5866
667
11101
5577
5552
5607
3767
1187
6387
11366
7080
6461
2952
1219
2451
8044
2476
8390
12826
12005
1528
10268
8534
10167
608
6439
11152
2692
9442
3974
12213
12119
5316
2511
12836
7559
7251
12441
12208
1825
10753
10238
6421
8895
9881
855
2767
11534
7872
132
147
11833
9289
4129
9087
2034
10018
4917
12019
11280
714
7431
5737
8743
928
7654
202
10373
2668
10004
9841
2538
7001
11494
7063
12800
2073
12207
3332
12221
10457
8245
12094
6699
6318
11829
2595
8223
11546
412
3482
2475
5817
10322
12226
3360
7445
6730
1668
11212
12125
3476
5984
4345
2117
5532
5154
11340
3848
1491
5593
10100
8110
12151
1885
2749
5132
12888
5460
2392
8866
9892
8478
3860
520
9221
158
3068
4844
7509
1056
12808
1975
8031
9504
8256
4770
31
7069
2468
11941
5338
8289
3480
9542
8055
6626
1740
12516
3222
12524
6321
2591
8623
24
4418
5480
5794
10224
7326
8498
10921
12231
9439
12761
1951
5112
6526
9958
4668
10660
10557
10896
7888
10799
10085
828
938
225
1446
12138
9367
4046
12007
3472
1193
5259
5195
7820
5675
9761
8624
5379
4845
8550
11870
8247
6802
9239
666
11220
2100
12031
10081
1171
6207
4401
8246
7819
1638
11665
9486
10635
11259
6592
6031
4754
5347
12649
5072
540
4681
4400
7127
5942
1228
2598
2801
4108
3089
2728
9426
2552
6305
1717
6248
452
2406
6604
542
5432
2483
10687
9356
7201
7342
303
12339
6497
99
12035
9936
6713
5346
5746
3985
4488
5626
3081
3119
10856
4657
6975
8404
3539
7991
12375
2843
4236
12390
3650
7544
6781
4579
7034
5799
9363
1399
200
11978
1769
4478
12892
12181
5292
8751
7334
1376
7898
7625
6217
11696
4302
9861
5646
10053
12349
2629
10855
1754
8610
11409
12597
10414
896
1444
11376
560
949
5111
6809
45
7690
7673
8243
12466
2
432
3087
9923
1035
12017
8184
2294
1425
1174
6813
8186
7132
10603
10147
2824
6519
6093
11121
3833
6698
3778
2224
7196
10029
669
2456
11908
62
3171
524
2182
4126
12038
12170
1823
11747
113
3074
4662
9476
9896
1169
2212
5649
6685
6242
6548
9202
10394
8737
7722
4234
157
5652
220
5221
3676
2506
8129
7765
9578
3393
2798
2914
1652
9255
663
1492
7940
12630
65
2389
9116
8205
257
6570
3792
892
12893
11133
4125
3801
9375
10901
5975
838
8405
2688
12437
5173
6444
10501
6510
12303
9368
9060
11337
12870
6849
3697
11834
5648
11089
5964
2205
8295
6338
8063
1272
6619
5861
10840
9444
1577
6326
9927
4199
3705
1688
1299
2010
980
4800
910
177
4623
8213
8694
12932
4915
12501
8343
5540
9911
11031
6628
6330
10939
9535
5495
7320
8134
6746
9172
12862
10278
8696
2926
10828
6129
8358
8959
2174
11427
10244
10098
11079
1175
11528
9714
4761
12454
12313
5872
4179
12520
11650
12058
706
7953
10587
5527
2438
11726
7052
6496
3042
7222
7075
5046
3566
12780
7678
4916
7505
2013
12150
12229
73
1061
3892
11613
10630
6347
7868
769
2990
5237
8043
10654
2664
12674
4008
195
12356
8191
5838
138
5714
6073
11757
4264
5780
9478
6238
7471
9981
9391
10063
2567
8524
11751
6758
6029
4550
6642
5133
3835
11773
7551
5987
10780
7085
10745
4451
7799
11830
5417
3574
358
9425
10367
1869
12392
1571
9969
10301
7042
6613
11390
10165
9857
11411
5867
9297
5917
9787
7111
3211
4373
11814
6209
7977
10938
3959
1766
8177
10352
1741
6232
1315
975
9693
367
5622
1265
2478
1693
1619
7752
9213
4079
8876
1912
4104
1960
3761
7125
353
8659
504
2936
7906
12051
9465
12432
10540
897
7731
12532
10952
6773
1286
8840
12398
5787
11872
6567
11036
4539
3836
12855
12697
6512
2774
12049
5531
10523
6486
7030
5295
10447
7688
2799
6021
8230
3707
6095
6631
5550
2597
1412
4250
10688
6145
4817
8661
2323
10563
4278
12458
8482
6398
10937
7596
11841
6618
8338
7096
9028
3828
2461
9815
1046
7493
8470
6214
1462
7273
12645
10989
247
10844
4632
10655
5624
719
8890
920
8771
7137
8919
9606
5175
1026
6403
10269
6489
5860
4360
10008
11698
6359
7579
9268
723
643
4558
718
1580
3038
5937
10953
11368
3673
610
4059
5357
2020
8068
8235
4410
3583
912
2545
5236
1262
9842
107
4220
119
8935
384
2143
3592
824
4856
5580
6199
8334
9044
8389
11375
5786
5938
5266
5851
8203
10051
3649
6934
4504
3231
1129
8284
3505
12095
6457
10866
4224
1556
4549
800
482
9853
9515
3409
1726
4194
7021
1490
12527
12786
12438
4714
948
1882
7935
8112
9066
10965
2221
5282
2377
7163
9477
7665
10503
5247
4818
9212
5598
12930
9816
3952
9064
4610
763
12882
9890
3388
9791
7519
2806
10248
5928
208
865
7327
2678
9352
11950
5644
6714
12087
5036
6720
396
6602
10045
2880
8701
12240
8748
1742
8321
8796
12350
2310
1786
8762
5370
1614
2871
10957
12695
9110
8143
7971
12365
7401
935
10162
11801
2274
5670
10648
2139
6391
11728
2157
1179
9273
3457
9749
8699
8908
8741
9632
6468
3717
12258
9448
1502
2277
2257
5834
5230
12421
5774
5696
6843
4211
9507
1724
8279
6483
5181
5164
11507
11790
7451
1071
2244
7076
281
7565
2036
6211
7017
6358
7828
11279
3167
1515
9366
4321
6064
8529
2186
11692
4833
7249
3844
8172
9922
2233
12399
7993
8364
919
11395
5193
6308
6892
3040
3462
2734
6848
3498
8924
7130
434
12720
5813
11191
4006
2239
8590
8163
12340
2145
7136
12109
5462
12434
8787
5576
12383
3869
9010
9355
4322
314
2455
8569
9489
9741
4966
5040
3655
3770
9482
4855
1943
6507
4121
9662
11849
5802
10529
1932
8589
12163
241
1967
5094
4529
9574
5334
12573
2362
2204
12708
11006
7261
2331
3433
7851
2269
2999
5464
5097
8614
44
12455
9405
282
9285
2513
10213
160
10223
11943
8560
12154
5403
7295
1581
108
2525
538
12666
1390
1521
7582
6594
2496
4718
7283
6476
7821
6271
1598
11687
11015
2979
127
8844
3029
293
6738
8978
3755
12651
93
8818
234
3174
10505
9660
640
2852
6357
5199
7746
12868
10285
528
9788
8158
3819
4616
4588
8728
5453
6382
1243
5972
3876
1496
1921
11843
11708
971
2603
8712
6920
4406
5262
4002
4235
12477
3277
11175
5402
6621
12370
734
2316
9893
9864
10570
4992
6136
3764
10049
6434
1530
7039
2887
7170
10
885
8056
6342
2546
11527
10944
2435
9103
8198
7725
11526
8516
11537
2228
8330
8483
9764
11672
12333
6550
10793
1871
8879
3504
7542
18
9524
10218
9196
6998
6726
1156
4468
8620
2420
2672
4376
6493
3202
10822
8477
5445
7072
9302
1507
2810
571
4858
11308
9977
11232
2241
4041
3702
7371
6026
12748
5886
5781
4397
2570
9122
1959
5437
11046
451
7235
10815
2479
7400
2820
10665
10775
478
6188
11268
12876
3804
8265
1597
91
6609
4399
3915
3773
4429
56
9365
11113
7700
6689
5239
5187
6287
6846
12897
5887
3134
8564
10264
1345
4784
11078
12889
12403
11256
8089
1110
10988
12685
7336
6215
250
1218
10158
9681
8443
6777
6323
1534
6994
1302
2787
11300
6226
12915
12896
3597
1908
5812
9275
11231
5071
10423
8536
9447
1231
9567
6485
4921
8102
8420
4989
1504
2418
8988
790
3128
7287
5455
3944
1099
8292
6688
8400
3977
7874
7798
2193
5736
7862
3293
5026
11058
3692
7995
5083
212
8015
6289
12382
9648
11068
12447
6695
9751
10547
630
6891
10865
4157
9849
3704
11444
7365
11281
9023
12502
3012
3344
2088
5401
11085
472
11899
8296
10129
11225
11186
9640
12267
5130
10768
8261
3967
10706
10113
4469
8984
10042
1586
4140
11018
5161
4920
7007
6192
4341
6830
8476
10057
1105
12981
9233
1235
4005
9009
8333
8598
7696
8083
342
2848
6863
12564
4569
3904
9765
894
3958
9793
8829
9646
2469
5322
9715
4379
9020
4901
9069
12461
6194
10417
10870
4711
5818
5645
2507
6793
8523
10730
4759
2141
12913
6407
5399
5763
7969
10349
10764
7879
11679
9018
12548
12471
12359
6
3769
3031
8830
5383
3496
12511
5082
6509
4210
3973
1696
12305
3190
6426
11541
4982
6949
3151
661
11890
349
4534
9597
6059
9630
12745
10792
1600
12844
10283
11600
4369
3652
3784
8775
7865
12316
2218
2444
4650
4463
10330
12706
4000
11499
3627
4894
2640
1038
12776
968
6002
6319
11341
4298
319
8552
10672
7708
1630
1547
12069
6213
9380
11896
8217
7972
9322
3210
9419
5604
12965
5770
6210
9167
3976
7680
6974
1221
8782
3515
8185
9509
8260
5217
5177
12581
3133
11513
11149
7362
6472
3585
12754
3894
8579
3971
8341
3813
12681
4654
11034
5837
6588
6608
2123
9155
5440
10215
12816
12411
12557
12878
1362
11171
11116
9935
11882
946
9206
11888
12894
5735
10246
10954
4232
6370
1725
6756
2658
9817
4508
12968
10379
8687
12691
2912
4694
9210
9566
10259
11277
6237
10436
936
4813
9174
4047
6240
1853
10776
3368
12512
12413
4883
3917
2563
9833
1336
2703
9459
5965
7861
6442
2773
3956
2051
6542
1649
8889
6899
12495
740
10765
6473
400
11915
6385
11428
988
3491
7171
9703
2112
10182
2066
8977
12802
9746
10819
9612
6274
2144
4811
2346
9272
7329
405
3988
4212
2837
8165
4098
3535
635
4141
8585
9073
12560
7562
5090
12232
2361
2735
5845
765
429
4726
8372
8952
9906
2365
6131
4768
5907
2933
11263
713
10905
4780
1222
3999
12769
9052
7951
2445
4683
9042
9438
8994
4582
1157
8126
2518
8921
8943
7549
3916
3623
5215
5474
5191
969
7112
7195
9898
917
9235
9012
3290
12165
6761
10026
6286
1083
2625
6568
193
2042
1192
12057
4295
5963
7658
10233
11170
4392
4405
9269
8711
7910
4342
5921
6635
2840
6743
7284
9608
9874
6264
9635
5001
7426
3815
964
7090
9487
6036
5375
3189
10022
1763
11126
9485
9295
3299
9962
9343
7119
6961
12468
12439
9178
4042
8941
10439
1353
10976
9866
1695
10993
3534
10781
4564
7490
2519
8892
3233
1079
201
4652
2458
866
8553
8604
12983
12669
10807
2633
1212
4053
4038
5706
74
2829
2705
3155
4635
3340
5380
999
2502
9828
693
5257
4207
9136
3546
7120
5466
2946
11099
10662
10276
3628
2203
211
1397
3634
4544
4580
12407
8336
9550
12366
156
4403
10842
11768
7802
5027
3292
6790
12334
1236
12550
10189
10515
4847
4973
6648
1681
7181
2870
2200
11132
4672
6462
9217
2575
6645
8930
10327
2433
10086
9097
6856
2530
12225
7045
461
11385
8652
7160
2450
4137
4095
12537
1992
9360
1569
5049
1980
496
11320
12271
8091
355
11936
9157
7419
1903
12728
12598
1800
7275
4521
7973
7737
12260
6803
3790
4188
6105
7322
149
8625
9007
1525
5847
583
12921
9265
1728
4719
11063
8067
5564
7949
4456
7541
5868
11574
561
3437
2087
9813
1924
12791
9051
12274
7968
4083
4674
634
6650
2014
4738
12451
3586
12595
2927
12973
4619
6294
3346
95
11290
12986
3204
10466
2761
6013
7093
1953
7706
7185
10623
6150
8382
8193
5278
12755
4191
9076
5293
7781
4586
5713
11610
5832
7619
1112
8174
7994
10203
4477
7936
8033
5157
6547
5809
7234
3823
9278
11636
11533
6700
7227
2867
10427
5547
12111
8900
12991
52
227
11618
7668
7463
12093
9602
39
4034
12239
11467
9748
8740
8309
11459
3871
2305
7224
9581
8594
9344
6236
11568
7372
12456
4614
11041
1779
12287
9571
1010
3682
9803
9795
1150
12204
9726
10231
11948
2489
2101
7833
3122
6857
438
2173
12999
8981
8440
9288
1004
6572
5287
12377
2059
11714
7434
12319
2245
7498
11491
8837
1244
11472
10494
11146
6317
11931
3184
10900
11893
11081
10545
5889
1817
11878
8577
11690
6201
2741
12718
8538
7664
3739
3548
2791
3664
5121
12212
9203
9470
3698
12580
11623
3607
7378
7382
10127
9832
7639
3632
5207
12473
10058
12528
488
12159
8518
10256
9432
213
9975
2054
4085
5724
12144
12990
3051
262
11770
4892
7741
6581
2981
8190
9689
6107
5141
8882
7186
10522
11185
878
9629
3141
8753
2472
4671
7324
5126
3011
1062
1140
4071
256
2769
9088
6996
7804
6413
12037
1382
7867
11993
5731
6324
7
9180
4746
5185
872
7486
12126
9154
6252
10476
5060
9992
6750
10257
1411
7138
7529
9345
985
2853
5835
10103
5769
4972
9279
973
1532
10915
1377
7015
8705
11468
2675
8635
11909
289
7321
6659
882
12273
11555
615
668
10982
7849
7040
11239
10376
12036
6875
495
2534
7297
2161
4016
12593
4288
9084
11701
10527
8438
1009
8354
345
6027
2288
12536
6452
3135
1533
9036
5091
7670
12157
11436
9666
6017
11858
316
6285
8221
747
5297
8164
4823
7027
1285
12193
3369
12543
12184
10811
4484
10517
2818
418
5584
601
6275
564
1570
7086
1028
846
3622
11517
3557
7574
9884
4219
2021
6298
2082
2849
1936
6329
11694
6346
7620
3543
5819
2851
12534
9402
5927
324
444
3945
10774
11283
1583
11074
6770
3362
4180
5792
1749
895
7547
2261
10639
5908
2717
10556
11848
1702
4233
2989
10225
5830
3611
7914
5639
8360
3106
3922
6047
5613
4183
6751
4998
9783
9151
2601
6052
7984
11657
11228
10893
7310
7101
9329
6904
4391
12634
5103
12110
12426
1759
261
2226
3675
11210
9059
7943
12927
4296
7182
3338
8011
8894
11177
8141
2287
4688
11213
1111
6171
1289
5342
5484
7516
182
3273
2390
7838
6119
11715
3421
2683
2846
6683
4068
12500
1791
8427
1073
1809
6148
5683
4611
8489
12940
7575
10014
12297
6189
12623
4458
10678
12793
7958
8159
8786
854
1413
7409
4261
7404
8206
5885
224
4165
2628
9510
6643
5623
939
4606
8453
7479
757
2373
5160
2407
11549
2416
7941
12615
11917
4080
10060
10519
1537
7748
6564
821
10066
637
9611
12414
8020
10826
1344
7732
12901
4555
3598
3854
2957
2586
11412
3073
8210
2959
6814
6766
4994
10341
7707
6414
5180
12254
11785
11482
4387
3677
5035
8679
6968
6872
1497
11071
8927
3750
2177
904
10448
8278
5470
7716
2498
6665
7803
5125
7743
3880
5697
3060
4254
10927
827
11311
2706
4755
5661
6431
222
3244
12083
10154
4
3975
8214
4727
7399
4050
6544
11699
712
2356
10177
9251
480
11386
3653
3127
8319
8956
2607
7657
3207
6907
11373
5079
11686
9700
2265
5012
5526
3387
7755
4287
5304
10646
2515
2967
11190
4528
11954
5448
7174
3007
7550
6808
1687
3220
3209
4940
5616
11633
1161
10070
6674
391
4839
2501
5321
9194
1543
2341
6193
12605
2811
4704
749
5899
4090
798
1408
12465
597
7660
10599
9907
8723
9011
10744
9161
9170
10094
3798
3855
2667
3331
6115
114
4942
9960
2183
1579
5775
4971
549
1478
6855
10751
2250
11599
10055
705
10618
305
629
3614
1578
6991
11123
426
5476
4290
4357
4819
8690
8862
11566
12015
3120
10680
1172
9859
10588
11180
8054
2901
11760
4947
6281
6864
7997
672
799
10879
7931
7412
1928
2573
1472
1431
1499
1505
8653
555
7267
1839
1511
3820
6184
2332
6204
10991
4241
12643
8178
10621
6230
2727
8558
4226
4712
4910
7105
8749
11506
10144
758
10385
7816
6893
1961
3509
11010
11397
6684
3502
1751
6273
9106
11516
6724
11424
12228
12018
4587
3350
1084
11669
10986
5768
6649
10766
1676
3684
2075
4144
9483
10801
9128
2731
9113
1410
552
2325
10935
4557
5821
3728
12819
4337
226
4045
4279
8855
1128
12739
7713
1125
3432
1141
11937
4365
3620
7764
8636
11545
375
1040
11621
7756
4162
3816
11844
12054
7442
4398
10122
1653
4094
1346
12449
10689
2126
11330
7631
2378
6333
3235
13006
7651
1880
8197
7847
4198
3560
11042
9281
2881
1023
7524
6108
12609
7179
7710
3269
10293
6118
7939
10868
3991
12337
5033
10368
4806
2427
9512
7078
8509
1858
6625
5013
690
577
7113
2052
9376
6277
8939
9022
3252
12954
5093
9294
9231
1617
9620
11267
72
7824
6109
9373
1338
12233
10477
7197
7784
10082
7454
10757
1706
5849
12129
8933
8965
61
9384
6019
1968
11745
10207
6283
2813
11964
4756
12590
430
3083
8392
2604
53
371
7303
4824
9576
6589
10461
6101
11567
12484
9844
617
4867
9900
11612
4541
10669
11637
3267
6474
9240
11722
12148
4612
8736
10240
4659
11353
3046
11007
1437
5166
7964
10370
11049
7884
3810
10087
11485
8367
7071
1500
7730
7510
5148
7204
7280
9579
142
1258
2437
5674
2779
7354
1792
9032
9431
2303
12743
5618
10329
7588
12521
2676
2715
6740
10584
5720
1716
1358
9699
5945
3130
7834
11396
3831
1692
3283
7278
1997
2997
6506
1434
2874
4075
12937
7543
4007
1710
2462
1435
9745
8266
11204
9530
11570
8858
8651
11539
1181
2520
2883
3091
7561
7172
2631
5354
8809
907
321
6111
2732
6300
9651
188
10543
2988
3642
10882
8006
9540
8649
10750
5694
7331
3021
3829
4551
306
6898
12235
2092
5858
5122
3957
6336
1721
772
64
3963
1735
5235
12926
7773
1684
6590
12400
7390
881
1900
8315
2099
3243
8720
4134
1421
7054
3469
3666
4396
2796
7363
5319
7632
10347
4751
4965
6411
6378
4152
3568
3647
10465
1450
5345
11470
7332
1106
2131
8554
4626
9688
10220
6120
8451
10106
4789
8087
6838
8435
7341
7772
12503
83
1086
11114
7855
9102
7159
4638
3148
5156
5762
1075
2211
2553
12460
2972
5671
3573
11475
3545
266
7750
4217
3929
3310
3943
960
12222
9104
1913
7875
7987
5827
1197
5075
6085
7480
10453
5503
2847
2381
7782
11742
5330
11297
8331
10316
4765
7507
8996
1050
12962
12199
3418
8107
1538
3745
8803
5298
6428
1290
11313
12771
252
2891
11761
2446
3658
11287
3667
8899
8662
9696
7611
6605
12479
11332
8946
9544
2253
10096
3424
6888
2652
10493
7424
11145
7438
2283
5261
6577
2559
2189
7055
8985
9471
7662
7418
5582
9801
3442
5873
1836
10358
5891
11776
3961
8998
457
1753
11192
12306
4793
8216
4618
8049
817
5227
7901
12955
10168
352
4299
11619
565
12288
4272
7894
1215
7646
5406
407
8991
11604
576
10697
3659
335
1974
3489
9863
6925
6445
7103
6634
6216
10487
9677
10520
6929
84
7290
11245
1616
7302
11162
6536
8735
12660
4056
11919
6135
12210
6446
9886
8081
10017
680
4266
6255
12289
4350
6311
6502
12167
2937
11323
1209
3986
6599
10444
4175
9589
10583
8403
5651
4349
3275
8306
10581
11594
10739
3610
12482
7104
6874
10334
6882
6819
1268
1063
8114
11235
6046
7892
2219
2721
2329
4280
7560
9314
6623
9119
9950
8241
6112
7980
8663
3955
246
3850
8485
1093
7440
8272
51
7946
7237
3309
8008
8841
4293
9952
10281
6014
8785
12746
10711
12864
12074
514
5504
9883
8673
1625
312
3181
6969
5672
1145
12578
1582
6772
8130
4571
4244
9822
10902
10351
6629
1585
7933
10037
699
5473
6083
2792
12636
3425
3280
2921
7035
5673
12209
12509
5336
7512
11780
9933
5567
115
2831
3182
10955
3604
2549
428
1784
9337
6958
11756
1100
8706
5962
12474
7478
9823
8436
6268
12950
12480
7443
5102
9138
5385
1831
4665
3036
1237
3720
1731
2642
10499
11119
12646
11315
10634
9299
4423
1539
12397
9277
8709
12220
11889
8047
4395
1138
2336
10309
12989
4209
6376
11069
10377
10666
573
6220
3603
7026
8311
1708
10607
9947
4651
11441
8955
6754
783
2187
7077
6959
2133
7801
5344
2282
9614
8465
10337
10484
12472
9230
9041
323
1463
9775
11592
6718
8522
3879
10021
4285
10525
11159
7216
5657
7168
161
4455
10742
3885
6816
4297
3459
3928
4884
3329
5461
3052
1833
11457
236
3721
5544
1154
1848
12332
12842
10592
2306
8136
3020
7880
9067
11766
10656
3427
1898
940
2613
11002
12884
4010
12270
2243
5563
9004
4502
12813
4676
12440
5051
10031
7598
5943
4771
2857
12215
3519
8463
3811
3146
5229
10386
3882
5414
6950
6325
4548
12381
12835
4308
7567
1701
414
1347
3549
12711
4472
12450
10157
2956
7444
7883
8835
5560
3460
4435
9909
9407
10538
10852
8276
11640
4812
1674
9850
1365
4084
2168
10756
4026
7151
11891
11120
7817
3015
3416
2701
10415
6932
7276
4783
12672
10039
7728
963
233
7918
8746
8678
2600
12257
8339
5896
937
5568
9856
3567
4851
10261
12827
12488
4540
3121
1229
7107
5529
9232
9638
9988
5044
4148
5994
5669
6035
80
1648
10605
2686
12998
292
3238
2876
10102
9191
10526
4653
2132
10455
10572
6640
10074
5223
5665
1865
11927
12820
9937
12931
10723
6617
7260
12857
11166
7066
8970
5790
4715
8017
7309
3766
11102
12562
10153
7028
4306
3306
7869
1041
10375
2340
12798
12657
7864
11697
1782
12742
6380
5078
5150
4344
5793
12265
1514
11316
1851
5067
2369
10125
4049
8275
6566
8631
8517
3398
3479
10252
6970
2194
10217
3320
3588
1599
1680
11572
8486
4118
3901
10059
4995
1294
8842
863
7056
9421
11553
10297
12396
9146
7850
6198
5005
124
7128
12626
9256
8249
38
1230
11923
7178
10590
11125
1804
3564
1523
12586
7492
9469
5197
8691
6789
5620
692
7270
3008
4889
11061
6660
12064
4735
5944
4613
4879
8013
10703
4440
5331
9185
6637
3713
2044
2005
823
4474
836
6222
6780
3194
5080
8439
4426
2581
7242
5349
8366
2842
12361
8993
898
506
8076
9618
7745
5700
4898
568
5702
4366
4065
7009
1818
11934
11786
1846
8758
9316
11617
5089
12529
9974
8316
2589
11452
10919
3525
10771
12908
1058
10788
11223
343
9713
9548
659
1074
2984
4362
6844
5501
4685
11748
9461
2419
2047
2064
10600
4945
3845
12644
12683
1849
7345
10284
12716
5085
8975
5610
365
9838
2794
8947
9672
7299
116
7829
2270
12974
8456
8596
9529
12237
3401
5280
11450
7805
5373
5471
7010
6805
4891
9610
11886
7215
4554
11861
1682
12854
7294
7895
5948
9327
2056
6374
8672
4381
12867
5632
11319
248
12324
12345
10003
857
258
4143
7822
12941
8717
2632
6624
2523
2425
1948
10450
12393
11328
2564
11521
7122
6614
12805
11778
11846
2529
9243
12522
9642
3743
4409
4706
2171
11730
4598
873
11479
7395
8521
408
4531
9258
12016
1560
10933
12276
9925
1535
96
5475
10072
12032
459
1843
7907
3964
2113
11711
9656
6798
9430
5189
7245
10641
4798
7184
9622
3540
7766
12592
8412
11261
12033
6755
9347
4223
11003
1488
5209
5265
1998
1232
12012
6466
9647
3454
2854
9359
11509
7091
5609
9062
1326
86
6464
6406
7876
3712
1658
1890
9209
3026
7449
5350
5678
2208
10388
1201
6556
7053
3726
6244
4599
4649
12463
5931
10916
4786
12043
1189
6143
11438
8729
1457
4246
7239
5764
2889
5411
4923
3771
3055
424
2517
1734
12444
5776
2812
1650
1024
9560
2561
5617
9930
7570
4790
5686
3286
12284
11796
5108
4457
12175
10027
11382
1821
8911
12953
10762
2166
8565
11303
8535
2724
11975
4978
4447
10670
9729
3847
10272
6654
5364
12887
8772
1447
2943
10408
11269
9225
3853
2590
509
3725
8945
2181
1403
10871
11862
1418
6632
5545
11222
9533
5783
8681
8724
593
9152
7553
4865
11026
9756
11596
5007
4757
6722
3662
1703
1548
11854
5277
9108
12689
104
9617
3537
9701
1288
1914
5351
13001
11336
11869
11719
5296
8120
7209
2229
1605
7433
2822
7891
4536
1118
4025
11051
8291
5681
2195
2808
1979
46
5857
7084
4590
3506
1756
6965
8326
2707
5839
8869
9657
6069
4745
3615
4229
3201
6037
12668
2836
3107
11097
11082
9296
3517
1001
4699
7223
2976
4943
1470
11716
3478
4567
9862
5240
6584
10876
6185
5684
979
7836
12977
874
5680
2650
11671
10620
9639
11981
6881
5655
3635
7225
7319
11675
10178
1911
12815
2150
1369
7985
3914
272
9665
5452
9889
5608
3032
6769
12075
325
2280
6712
5855
12589
11586
4351
8090
10232
5565
4011
694
10464
10679
7217
6532
3185
8075
12003
11387
6454
10741
5153
3681
2430
1332
2436
7206
3183
6776
7305
6132
10803
8349
5320
7049
4231
1631
9743
8152
11525
12845
6174
12935
2768
7911
11812
7494
11473
9821
12812
4730
10418
6128
1409
11458
1361
4675
4660
6261
12326
3149
5946
2023
3690
8739
9595
3499
7736
1971
580
6390
1679
4146
2968
3200
12315
10626
4506
702
2127
3501
1765
3079
7667
609
8528
6598
4192
12735
9143
8532
4103
6246
307
5740
6936
14
5362
604
12707
7726
3934
5405
2402
1629
5396
12475
2655
6060
4099
8888
4096
6873
12839
12850
9257
9870
6304
4918
3131
3138
1939
6030
8754
7998
10393
3471
76
11193
5119
8395
4797
5852
1666
2592
12107
12404
12825
2179
5439
9513
5871
4130
4840
7514
10288
5365
12180
9035
1142
1151
10899
5069
12824
4433
11876
11595
9582
5660
1719
1254
10929
5490
3511
1623
1343
8352
11582
12060
605
11195
7272
2060
2610
10250
6966
3507
2434
4284
1707
10628
4020
4875
10974
5909
7546
6396
10409
7470
11847
4661
8812
5152
11237
6231
927
10539
3314
8670
9460
8445
2551
11693
4136
1264
5451
11831
12357
901
6663
3570
5139
6666
2786
9047
6040
11655
6664
6243
12957
7590
6571
8964
2682
7734
6513
10532
5043
11955
6903
4415
7792
6520
12934
9188
5911
9753
9317
9001
10458
8428
2192
11544
9053
7435
11590
6652
4035
4523
10068
6190
2348
1915
10083
171
2775
6451
2645
11884
411
11578
8125
3078
3933
6279
5355
12063
6977
376
11379
9148
6646
11512
2276
5759
9557
3123
4150
6133
8082
6987
139
11230
4155
6290
11867
11836
1113
11169
12853
2709
4764
9250
1395
10718
3780
10681
5804
1184
5391
7339
6538
4722
5034
11243
12852
2147
10488
9466
2006
4268
989
8028
3004
9282
10553
2790
12617
3278
4444
12545
11445
2680
6918
1832
489
11037
8079
6467
8179
6160
9834
10805
368
1718
3434
12871
4872
3224
11206
646
7979
3758
11143
4170
12933
197
6071
10371
11584
4954
9081
7501
315
3759
12851
1994
9393
11057
2823
3347
4538
6870
3308
2630
12607
8155
5485
4251
221
8139
1419
567
12547
5562
2077
10005
6116
10643
11480
4656
11622
628
9412
9117
8180
840
6620
1133
10462
6134
11840
6350
3580
2357
2397
7241
9747
2071
3910
10767
11039
1096
1278
2230
11913
5014
916
4064
5997
6799
10863
879
11153
2809
3768
11737
1436
8035
2719
4036
8983
3552
2081
7719
8979
12987
5459
6692
10650
3630
10201
11624
1612
11700
11958
356
7360
2970
10260
2246
5492
6103
4589
3311
7846
9021
3935
9089
4980
5574
616
7308
2925
1251
12866
3873
5092
6355
3179
10369
4573
6745
3483
11922
4895
7380
8106
2751
745
12268
1778
1554
12266
9248
9335
1867
3572
1303
2120
2698
6671
10748
8572
11347
11798
965
1469
12671
10234
6141
12090
8138
7432
3729
415
7330
1389
7904
3799
5394
2574
9404
2494
9222
10052
1541
6212
4772
12103
2827
7644
5841
5502
11921
10516
9341
1372
3559
81
12176
12186
12877
3461
6206
9392
7291
2579
8119
12295
1644
6429
11451
1662
5955
12969
9071
10651
8396
2834
364
10728
8385
9016
8350
3512
13010
1274
8641
1672
2412
2978
12904
4393
5990
3363
12782
12535
5340
3895
8622
11275
10589
7279
5366
5214
5785
11324
3786
11199
11327
164
12686
11118
8990
3842
8747
7018
9348
6694
5225
3905
700
11179
9017
10585
6205
5749
3995
2986
7721
5224
6845
1176
9043
5869
10884
3105
7430
9027
11660
1972
9333
7839
2690
3353
7164
5771
11805
420
4936
8688
10854
6272
12758
1308
3325
12004
6644
3265
4027
9905
2772
10115
4876
3846
5715
7116
10013
6147
10416
1067
6827
1249
4077
10857
12304
8710
2828
9309
5491
8027
12462
9328
8344
1120
6557
5311
6553
11826
10206
11789
3324
656
5424
11661
7263
2266
5138
8144
7528
1760
11564
2247
4679
12544
4732
2578
11298
9325
7148
7343
4803
13003
7647
7500
12174
6288
1739
5699
9033
11109
3532
1544
7533
725
6181
1340
12712
5662
4481
9599
5985
11911
5543
10002
3942
4993
7393
2324
2326
6022
7221
11769
5753
3383
10704
3356
7415
11032
8567
2858
9539
1196
3936
785
9072
11809
1287
8675
6354
9414
2078
3646
4486
11044
4532
3909
1870
8612
4801
10166
7595
541
10221
6603
721
4200
12766
5169
2258
9865
12055
4769
833
4959
12799
10315
6836
3303
7429
657
25
6010
625
12806
10671
1796
6610
2098
10381
2919
2896
12446
372
9659
6732
1476
6742
8501
12190
6408
6009
12420
9183
1091
10845
12530
6127
7683
923
296
11420
12194
8912
5382
12823
5524
11501
2252
11157
9653
6397
8789
12394
4385
8713
3797
1594
12227
10535
12153
9135
11148
8540
11996
12492
3058
5756
9039
8906
11431
10255
10442
9876
9687
10508
66
36
11070
3520
11695
10864
6705
4177
9046
3531
2524
6448
3316
1878
11727
11810
8238
4500
3456
3890
11197
2240
2599
7634
691
11258
10786
5096
8742
2899
5107
12158
10491
1260
7520
12362
5353
9369
5958
4962
8267
11020
4996
4592
11910
6381
2401
4585
2385
4948
7687
9508
614
12637
2091
9777
8429
11246
7180
4849
4498
3072
1352
12865
9514
3840
6985
3018
10485
3028
6377
11435
3446
1838
1889
9149
8828
3683
4336
8302
288
8871
5146
2464
13008
2793
7411
3429
11022
5961
1420
7523
8714
5523
6180
11429
4809
7005
8305
3602
11495
12967
12048
11364
11163
6585
12752
12112
12696
2644
5238
7685
8760
6349
7796
1059
8225
8253
4970
7036
6151
1621
893
2560
4842
5211
7712
9324
9970
8406
11075
334
9825
184
3510
11632
10909
5299
276
6748
7902
12639
6482
1510
8340
1391
10667
12647
10814
10973
11338
11326
1378
6728
12951
6580
2637
735
512
2398
2158
11986
9190
42
12749
11207
3448
8575
10579
7571
7724
3595
10032
7677
2330
5219
277
11388
8750
9261
2627
545
2481
7502
9114
9208
10077
1396
1697
1941
8041
6223
6527
3555
7653
4753
11403
6923
11154
6508
1296
1563
8880
11575
294
8365
864
456
1241
10644
9964
8648
1916
9951
5422
4339
10700
97
10936
1144
1284
1475
5520
4600
6916
12665
8698
6453
2944
13011
589
12753
10054
8656
7674
9917
11710
2821
4713
12378
709
845
10219
3939
10116
11296
4327
427
10123
2929
2947
983
7593
2162
4912
10169
6084
7025
5729
11972
5494
5419
4237
7983
2743
465
8491
9516
3097
7569
5592
2069
7099
2873
3070
1920
5479
5188
6622
3938
2314
5006
1501
1828
7436
7385
12255
4003
2980
626
8036
11581
8078
339
4247
10594
10653
3907
11608
720
5318
2003
6254
1775
6569
3906
3606
1277
11217
7518
2000
11321
6152
3744
6265
3809
9899
11262
2897
2049
1417
5109
10838
4882
658
10958
4700
9336
2694
11282
1433
1292
11752
10979
8795
7465
11455
6394
4495
11779
5279
7788
5450
9349
622
9111
10737
2149
1904
2107
7930
1178
123
12001
7652
9616
562
9954
4785
377
818
2102
2903
6419
4062
3063
12140
4466
2085
7932
891
8669
7464
8026
5434
6480
6263
10438
6276
12772
807
3756
2748
4697
5726
7014
9411
4763
8756
8329
11860
1146
10360
10769
10595
12988
8263
1465
5369
2626
7142
7604
4658
11588
9945
8566
4758
5064
10537
3529
2521
7866
5149
7228
11402
4655
2649
12507
322
11951
5246
6709
1414
12539
9197
2619
8304
7100
1273
10824
2217
1620
9271
8426
10736
2636
9637
5788
7920
1385
5045
8014
462
11754
2540
754
380
5305
8425
9457
8363
1233
5115
3205
11377
11184
10076
10241
3669
3802
9938
11304
3644
389
8153
7359
6951
6307
2720
8886
3177
3381
2826
9913
10772
11667
3405
5268
9698
8201
9919
3661
7146
1787
2885
6611
10474
12709
6680
4503
3609
12192
2491
10542
613
9609
386
9219
2928
2384
3377
11969
2905
10802
9500
574
2146
773
5098
8040
12309
4492
5935
10307
6373
183
12792
5273
10722
11066
8416
5030
9984
3800
5123
8457
12890
784
3522
8065
11150
1319
6195
8433
9420
11706
10227
8781
8634
11072
12667
588
7740
4535
1829
8271
3274
11702
9843
1926
7473
8254
460
1301
11680
10719
8194
404
3582
6971
5766
3467
6858
27
9040
3236
5876
2040
11198
10479
6693
990
4197
4561
9564
4914
11216
12618
3090
10265
5300
69
2918
8328
3893
8774
6395
5131
1025
8431
12558
4181
1656
2375
2344
11214
5778
4448
929
10966
9395
5310
12579
5253
1155
1132
5302
10160
7585
7735
3818
3772
8088
7568
1242
2875
6068
10946
1857
9971
9572
11642
10331
5730
4578
7903
1238
961
6733
11384
9732
10749
8974
7384
12034
5823
8346
1048
8896
9357
145
12684
9259
12763
3439
8237
143
12606
263
11025
9695
3551
2172
2679
9127
9759
10155
9171
12351
8248
12172
9686
3962
10509
3687
11038
9131
4024
3192
5172
6784
12336
11278
8512
3390
3169
3492
1793
9996
7129
9490
9814
2353
9592
9479
10387
103
8094
12079
3225
5290
10186
3983
1527
1593
6172
6401
12966
10978
5784
9989
8212
10274
5052
4900
2045
9182
8848
8582
12248
1188
11155
9162
4160
9613
11407
10093
9406
11093
431
6061
6045
9669
2859
8588
4682
11673
7928
232
239
2669
1393
7383
11105
12531
251
9445
5881
2639
9378
3473
6878
9944
28
12822
4778
3422
11477
4343
7635
5041
2777
8183
9593
10934
8240
10785
1013
12217
6314
501
624
10080
2090
12410
4174
7200
8324
5028
10873
8707
7461
7583
4617
10987
6926
4063
10391
12185
12422
12515
3735
4023
270
9680
11221
6719
1552
1852
4864
7881
5039
9773
2558
12050
10796
67
12714
4782
29
636
2992
7437
3112
12525
5627
5658
10132
3447
4702
10226
7975
5048
12526
9541
5966
4854
1384
816
1400
12899
761
10198
4710
4927
10985
1767
9768
5076
9387
2713
3899
378
12642
12417
6854
3558
7825
10006
128
12009
5782
1049
10625
12486
5722
4742
3441
7705
4516
2299
11410
4565
9946
3633
5585
10478
9710
9276
11871
6299
1923
5633
10930
6266
5323
6850
6647
4117
4372
11158
7357
7681
4382
6636
2699
10609
5463
2439
12384
11318
11713
3481
11151
5689
9311
511
5772
12858
2674
10440
890
3626
6943
12496
739
4634
12121
6063
10913
1329
10430
8009
5998
175
11603
9484
484
481
4696
6437
6820
2453
8520
4485
5596
10560
9809
8024
499
10350
3777
10995
10895
4575
2948
3191
9551
6612
172
10611
8503
10847
11498
7346
8160
9774
6600
877
8632
9158
5443
1321
106
1950
2693
8096
10062
6579
7417
9997
5407
10787
5256
797
1794
4380
2618
11946
1204
9916
6937
11168
313
5581
3095
12323
8290
553
12809
10195
2068
8380
12978
8060
2307
2235
8526
12363
584
150
4442
707
6523
4359
1942
2466
5400
11307
3370
4044
1768
4213
1207
5488
10088
11354
9807
7600
2841
11205
6500
10335
2074
11292
12308
781
3888
4838
3475
10236
7226
12604
12879
11043
4074
2648
5949
1460
401
12201
10709
12202
9371
8633
5159
1945
4294
3365
9195
2180
9038
6662
2492
7313
1060
2898
1709
1427
10867
4808
12765
2386
7004
2969
10410
10170
6284
726
7747
397
662
2196
2206
8387
2746
4931
4462
6089
10107
8012
2608
9704
5989
11733
2805
5595
4257
5303
1255
1655
652
2317
777
1065
10690
6978
6341
7789
510
6633
9184
858
10164
3001
5174
6821
9705
10097
4107
9423
655
6880
19
3043
2152
3352
3136
413
2327
925
3117
2838
12655
1078
2766
10850
1517
5196
9115
5742
9733
9934
12443
10495
11684
1613
2508
3048
4903
1234
6124
2429
8116
11543
6072
8845
4984
6638
3203
6080
841
8531
10633
7584
6225
1498
7762
7070
12795
10292
10007
2423
144
4417
4977
6616
4227
6051
6221
9070
6316
9852
12719
5910
9220
12732
9468
5882
5412
163
7768
8038
10714
392
10996
10637
6447
5010
8826
7139
7556
6262
2477
3733
3542
8204
3616
48
8187
8375
1824
6687
4967
12939
5165
9568
12723
12198
186
9216
10403
6140
442
11782
10135
4583
4827
11035
3178
7854
6352
11461
505
12300
12715
8192
679
2500
7428
10923
9224
8488
11979
1946
7601
1494
9867
4221
6531
1124
9755
6477
6681
12343
11008
1211
5636
1536
5538
11605
2184
7255
5147
12379
8313
7285
1087
7059
3523
4184
7366
2955
4645
12391
859
1816
6175
4603
8442
4154
3080
8725
4709
10846
10130
9924
11147
5637
6721
6522
2556
94
1947
471
5711
500
3326
7256
12182
7102
1966
5002
1312
5988
1934
2940
3923
12322
9569
6418
12025
5738
11135
11562
9716
899
5836
3839
1557
4147
5803
10577
2966
11370
203
4728
1873
2017
11892
8561
9498
11563
12807
59
5025
3464
26
1297
6371
9869
11627
12574
10366
4890
6488
8960
9999
875
861
675
10319
8950
6543
12705
75
5433
10355
464
11202
9562
7375
6423
6417
7462
10275
6297
4428
10859
4431
7709
8007
909
8546
8692
6831
748
2576
9263
10877
5745
2474
1714
4985
1732
1957
1875
6779
12963
8980
6280
7733
1699
10254
10809
8929
3
6011
2685
12860
12582
7140
7503
7624
436
11242
3218
12958
9266
12433
5275
6853
7684
8671
3104
4414
381
9860
5179
7629
10676
10683
10574
10931
8142
5650
6365
1572
3696
7259
2273
494
223
41
7453
210
8646
1529
7506
1011
5457
5356
11746
5363
7016
6986
11486
11916
4425
2616
1245
7194
102
8779
4796
68
6386
1458
12387
2156
1667
4159
1745
3463
503
5663
10791
5074
1842
5922
3891
1467
11511
11522
7123
10459
11765
7344
2080
4843
7496
2354
7406
8824
1186
8822
8925
12736
10210
7809
4328
9894
12724
11519
8637
2095
2031
5329
11392
1506
11561
326
9034
12044
6922
4269
5638
6218
1424
11483
5387
9175
7769
3298
8072
10190
2319
3926
11984
5511
7232
9627
3738
7592
10951
4547
5548
3304
7890
10185
9284
259
4877
7396
12570
7387
11819
6576
8308
5703
7637
2053
6787
12117
9661
269
868
7266
10413
10795
8595
9758
9558
4453
4509
4204
2268
1008
4961
5478
6146
922
4881
3486
10661
12568
8046
2297
677
3219
9731
6897
5757
9312
9573
3449
1406
6504
12731
2467
778
3544
9074
1359
11352
6851
653
12214
12251
11257
4781
688
11989
3317
2018
4411
5077
4032
10593
9532
11804
11784
11935
9013
9055
3594
9455
1394
11532
1977
5807
10514
13007
7311
4862
13
7810
9655
6023
7623
2136
10784
6529
7840
10011
3077
1835
12026
1452
9727
5113
2802
10947
3785
2839
8421
9692
6208
9961
11688
4149
8481
4487
508
1054
6871
994
7037
7210
6739
10396
1214
4834
9536
2606
12781
6630
1354
2742
77
2428
11047
9636
10429
10046
152
5390
11712
8124
12269
1888
8479
4441
8103
4888
12166
5591
6744
11505
9274
10038
7192
2019
7860
7202
4731
4105
12131
4887
834
7405
5057
22
3746
1772
1872
8132
1053
11346
301
7214
6306
6372
12675
1042
7981
10998
3605
7701
10755
5892
12916
8644
235
9511
5392
934
825
10390
10473
12575
839
11855
5065
7885
5272
1663
7887
2906
8355
10997
2583
2033
6228
12583
403
11255
12918
11558
8968
1910
7806
9142
2924
1351
3002
3075
10372
620
9330
7207
11348
82
7079
1897
9586
8154
6596
3086
575
11342
4831
10134
1937
3875
9615
12734
1473
7333
5992
12277
4419
5629
7065
9519
9702
3264
11774
3301
7793
11504
1160
5721
12261
9624
11652
4420
6886
2142
5811
12464
5825
4100
1847
1713
8173
12065
1850
2605
7812
2028
23
7577
7060
11638
10638
11218
4766
1758
4014
10629
8484
8987
3878
10758
9408
9523
1879
9045
12971
10454
10806
4454
2440
5328
4987
7211
5088
10398
8936
9126
987
5205
9596
185
1868
2691
6778
5822
9725
2915
10497
3061
192
11478
6082
12145
497
8299
5252
6788
8548
6137
12571
9994
6337
515
11828
8181
3979
374
4988
4489
10262
2856
1827
4639
3226
7003
7610
10578
9985
2975
4885
3084
2764
9744
6041
7692
8989
2542
7388
4043
8104
8053
8599
12354
9826
764
7540
2300
11515
884
12406
10624
4313
2063
5497
9835
6320
264
11816
9068
1712
11720
4734
2987
11172
6771
5791
8492
1987
11707
9840
12909
12679
11422
6530
12692
8188
4677
12843
3994
3980
4364
6070
10298
2869
835
12485
8384
2760
206
7491
3937
4969
118
3234
8475
1480
8768
1097
9168
10362
11312
8542
1334
8117
8022
6661
10099
55
1884
1944
1356
3173
8868
11704
2797
7233
3100
3232
11088
9205
11531
12929
12508
862
5144
9812
9290
9315
4673
7019
311
11641
1098
8369
4182
5255
11738
189
6229
8455
6972
8399
8508
1689
6651
11136
12294
10363
4568
1014
9428
811
3490
7288
8703
11247
7351
11142
2009
4570
6498
7013
5136
1562
9267
931
5118
9159
3354
3186
9005
6166
238
8902
9897
7218
554
5232
1743
11678
8807
11962
3430
2290
3371
12077
9782
5929
10759
2046
794
6267
5685
7711
9845
2391
6363
4412
5483
7032
9193
4563
1830
1933
1095
3591
9249
10912
2902
9583
11883
8568
3103
12156
4139
9879
2039
12687
3271
9292
10735
4938
3115
876
4919
3613
12147
7926
399
382
8766
792
11181
6591
1855
11019
2951
5386
159
11629
11064
1976
3948
7924
4161
1685
1774
7314
8860
6823
8573
2745
7135
2653
3193
8345
10972
7240
11904
11430
1646
6001
11967
695
5708
4263
1202
544
9709
2671
10999
11552
2347
8059
3900
5204
1422
9086
4956
10202
7976
3245
12750
2400
4493
3637
1471
491
5842
1386
8914
8423
7031
11381
8057
2027
2175
10943
9789
344
6668
10694
2486
645
4708
4596
308
287
8802
5381
4556
7318
11115
8777
6479
8730
5389
5934
5105
850
4518
12633
167
6806
2945
7537
11960
2532
6005
2116
4698
1978
2544
1965
174
648
1602
5619
3335
9377
5752
1634
7539
5506
1845
1733
4729
1257
5690
8074
10411
3997
5413
12086
2677
12905
7097
7421
5190
1432
5442
1489
6753
4438
943
5741
5203
2757
585
120
2072
905
7011
6514
8922
3455
7468
10431
6901
5514
2262
6574
1373
2011
8169
12187
6582
1206
2730
9739
2084
12130
842
10271
5676
11663
10069
6945
8587
3199
12206
3584
9983
245
12053
2431
3049
10180
2541
7522
4913
12412
4868
525
1304
12625
155
11372
2725
6834
1596
3030
3903
3737
4533
12980
12092
12616
275
4317
2868
12585
9940
2555
5936
12961
1632
12747
1383
12338
6097
255
1327
2442
12498
4826
5274
11842
746
2763
3094
5308
9967
2029
1307
1342
7830
11000
12327
977
11356
1122
1089
4848
6057
11864
9464
9987
5634
327
1757
8944
12654
10338
1477
8062
9137
12448
5218
7774
7663
3379
1956
9553
3951
9201
10357
9092
9429
6782
8222
8525
7689
10422
7826
207
9712
309
1487
1357
2135
11705
260
6383
2366
1047
11944
4964
5029
11940
4799
3343
5583
1370
11961
370
6144
9910
6258
10663
3654
5024
7150
8450
579
8004
10073
9462
6551
2308
12874
12223
5519
12314
6077
4630
3624
7115
1092
2159
3403
5843
3092
7666
1224
4723
5806
3851
1019
10861
4060
8269
4922
3940
1428
3165
5498
7064
9481
4443
2953
7900
6343
9453
2460
141
804
5335
1388
10962
9436
9198
727
10389
12402
2886
3342
4974
1520
7335
11631
9590
5635
10071
10326
7615
11442
12052
11703
789
7398
2865
10321
9915
7316
11799
5231
5856
486
12627
9454
4193
9321
9837
5556
10619
4615
2155
2030
4530
771
6511
10549
2495
8805
2037
4560
9234
2342
283
12797
7576
6335
10317
449
2850
12553
5569
10114
10513
2623
10324
9015
1081
4120
1783
11021
10161
12891
8111
8080
7807
6794
4664
5186
1738
8513
12762
3305
2414
12100
8677
9771
5128
10263
2374
383
1962
3161
10034
5846
4471
10926
7254
9585
6351
8317
1657
2248
7246
3787
10693
12596
12906
2339
11932
4873
3253
3180
5986
5127
995
5
5590
11991
9763
8373
9056
10725
3897
2550
911
2908
2032
10492
3660
11920
11140
3685
2910
4950
5241
10209
3284
1339
4701
2176
3230
12881
4106
6096
4367
10782
6086
11260
2788
10300
1555
6056
5059
1449
7608
11609
7521
8808
3656
148
5388
11835
5874
7208
5691
6006
9006
1844
11602
10159
1748
10777
3102
6545
253
4123
10732
4960
1135
7000
3420
8490
6984
8629
4353
1017
7628
10631
4514
4320
12767
1468
9303
11800
8800
7844
11597
8901
12895
1127
9124
11358
9410
6455
1566
11502
4301
2577
9492
9024
11274
366
6130
4028
7642
10295
8850
2328
11580
1020
10035
12104
12972
2780
11620
12072
9982
11758
6102
2942
2279
7152
11160
6505
8127
6817
12027
10746
3259
6164
595
4749
9199
5228
11389
12948
3239
3918
10608
4315
7848
7165
6757
8609
11124
2148
2864
3727
559
12587
16
9472
5515
3216
11625
1811
12664
2399
6540
8073
485
9528
3065
3834
3279
7717
6583
2708
12134
5536
9561
1639
7441
4953
2301
4669
6791
3047
744
3024
11957
4794
3406
1051
4430
12061
4093
11945
2432
6562
9556
10173
3807
8207
7134
2916
10790
2904
1057
12640
1952
8504
7190
3382
1313
1659
1007
6768
7517
10907
3054
9331
6465
9123
12380
5925
7990
4482
1148
9805
7472
10136
178
3228
2712
762
4667
1130
6528
6702
2895
2351
7919
1240
12917
2807
8719
12992
5653
3822
5978
11250
4666
9563
7068
10720
4421
5880
9427
2057
3256
7198
3563
6669
7143
2620
9099
5957
3300
6811
8084
6762
1208
5615
10318
7193
11817
11107
11838
8048
11763
10468
11440
829
3384
11866
12846
7219
10078
9098
9358
11004
5454
12105
9008
9283
4981
2272
3883
12008
1877
10482
3732
10079
5974
6710
10794
11764
5549
4687
676
5404
1929
2383
3261
7586
4388
8527
12717
8200
3930
3781
6362
10435
1108
12089
12653
3533
12096
932
3327
8379
3035
2700
7264
1785
6895
57
11952
10825
6933
5212
4176
10970
7622
5895
4166
3641
3003
9873
1670
11448
7974
11794
1153
3639
5980
6309
5625
7051
5903
2684
7776
12785
4510
1587
1310
11062
12152
1177
2702
6912
9521
11994
90
5884
6955
2007
1066
6440
12567
361
9717
871
5831
4088
2958
11095
3638
6253
3124
3019
752
2716
10617
8995
9675
8005
7050
11414
5171
4128
2547
7686
1573
7154
8702
4904
1311
11437
1545
6076
9300
6879
6028
4169
11033
3376
11027
10658
2103
2789
11391
12944
7597
6054
9990
3195
12938
9806
10384
6334
2624
2714
5893
9719
3734
8018
2284
2994
9241
7873
7942
10888
2991
1797
631
10804
11453
173
8601
5469
7243
5284
3187
6388
4815
8940
942
534
1641
11873
1746
11276
6944
8469
2736
10174
10862
9547
6701
5011
6919
12066
2795
4841
2776
8761
12975
9797
435
9737
10196
7377
11433
7403
1512
7843
1119
6938
8861
6804
3877
8647
6176
3013
2917
1810
11240
10686
8870
9049
11559
900
6368
7645
11933
10139
6004
5991
3516
6515
941
947
2995
5368
6168
7292
6869
10184
3889
4262
9736
9728
6062
7751
12976
2110
3323
359
6348
8849
4070
5654
7497
12556
11065
9839
674
12415
310
9676
5999
7161
2130
10942
4955
6839
8374
8300
15
5421
10994
9215
6989
6554
9422
1295
11980
12369
7650
8780
11681
837
12621
2931
822
1841
11691
4537
336
8603
10835
4416
6749
3302
11997
5194
5508
1381
2882
7458
10287
11557
3366
3565
168
11229
5750
4491
5844
12947
3093
582
9396
2334
11054
3067
9848
10498
11419
9026
3417
4452
955
302
71
1068
1874
11903
6672
8108
10456
5021
1595
10237
9382
10472
2778
8093
7944
11463
12506
8533
8274
722
6539
4055
7718
12551
4792
10565
10311
1006
4716
5641
10699
3428
1996
5926
6415
526
10216
1190
5447
9949
70
9441
10733
1173
10009
8592
0
9075
8627
3912
1227
8168
8738
12419
12141
10613
6436
2216
8581
1430
5611
254
8938
9298
394
12216
4946
446
11959
11885
2900
4820
8716
2337
3981
6601
473
12764
12246
7081
7373
8025
6727
299
671
5979
348
4689
4196
2729
5640
8913
2770
9401
10432
9379
9002
2379
6366
8461
6470
7671
12452
5913
10533
10968
556
737
12801
11820
2662
5748
11104
3859
9437
3098
7420
8811
3589
5727
7621
6067
3989
12610
10614
340
10467
9238
6227
6058
9941
11666
7423
12554
698
1442
3765
8480
7368
6736
11080
1136
12489
3322
5682
2509
12982
8473
3158
3947
4863
2024
215
12873
12291
3126
1283
2863
9105
10354
12984
2471
3057
767
12555
7978
12729
10531
959
5698
8293
8881
11393
2109
1032
433
2424
2490
10016
9986
8543
11178
9497
5599
10692
5666
9237
8917
2115
8058
10145
12
9446
10763
587
5493
6796
1919
1863
4905
8763
9877
265
1103
1158
9769
12355
1379
2201
5309
4259
105
43
2615
8874
9003
8294
5162
12000
12875
346
10124
8847
5557
11398
10918
4933
11302
10685
199
4031
6775
11928
2296
7117
6104
10040
10356
12778
10290
10310
8689
4464
5995
5510
9165
5289
2738
8386
286
2393
2138
4413
9342
2169
10273
1069
3050
5777
9723
11900
2536
2153
3665
7376
13000
10959
9100
12519
1669
7459
9204
11416
13002
12372
1366
11417
11141
986
4300
9673
716
122
4012
11055
673
6941
5481
2537
12788
2985
6460
12335
9417
1306
11127
268
4309
11106
10030
9939
8171
11227
1790
7083
10731
12002
8597
11995
2333
6887
1678
10568
3266
10374
10548
5971
11183
2291
10247
6983
1590
8628
8118
3118
6902
10914
11098
8071
12085
4625
10729
4897
1628
8370
1761
10887
4332
2140
11234
10738
5486
2522
2572
3397
3372
8409
205
12401
10940
7785
12713
1380
7566
3468
10945
1180
1043
1677
17
12783
7427
10948
12118
1324
3227
10328
1895
11863
3258
6760
1052
12367
9085
6332
5883
6302
2982
2512
1814
11646
7607
9061
7067
5797
11048
521
10348
7108
8224
49
11750
317
1454
843
6364
7811
753
1690
9973
4526
5507
998
12106
10798
10898
7166
8904
6921
3562
11050
8650
10242
6110
5534
4724
9711
5004
2111
4282
12310
10067
1493
7236
8784
10504
12659
10691
11857
3470
3987
11211
4733
5242
4348
10677
5378
8298
4944
8446
3296
1522
1999
3076
2076
8398
6786
11739
6260
4054
7922
7609
10277
1335
6025
3101
8732
4281
6239
2832
2737
12161
10534
5061
2055
2722
6561
10481
6847
10308
5704
1935
10406
2298
10449
6159
11615
4334
10001
6812
10222
10616
8166
8616
2125
8493
10992
6269
2185
12101
8834
6295
6521
11579
523
3288
3345
12638
3160
11762
2893
11547
2641
6552
856
243
10302
11454
2441
1777
10075
2890
4022
3577
1834
5050
7488
9628
11664
11550
10470
2309
117
2571
3452
5070
4052
2973
3017
7767
5458
12256
11425
12353
678
3538
7191
169
1330
12943
9390
1736
11176
9742
5516
6641
1114
360
708
3033
6676
8310
7203
6092
2160
830
9918
4018
2803
4377
5423
9667
7175
12307
8262
10382
7893
7857
10496
1526
4316
9891
8032
7780
11351
8128
3714
7022
9778
9552
4402
5086
4629
3996
5249
4408
7189
7955
5920
6099
768
5271
586
11881
9227
2358
5664
3358
3000
9370
1000
10214
1773
10148
5468
217
3830
8682
5341
11554
7062
1607
11196
2302
9353
728
4646
11792
6675
3451
522
6546
2417
3375
11355
1508
11144
2487
10875
11187
4767
10853
3518
2681
9691
11895
10118
9493
3920
1989
11523
2093
12236
1856
1034
9252
2726
78
2611
6328
11656
6930
4605
5182
498
10922
11345
7763
3399
10880
12759
8794
5008
4740
5337
7835
11877
1815
1195
3408
406
2816
477
9463
4562
12673
2585
4621
12777
12517
12900
6541
6900
3282
1115
3541
1819
8097
9319
8151
12790
11360
11439
760
5210
5233
1918
12137
8448
5897
7133
6595
3751
10133
1812
304
974
12329
11788
11815
8982
2154
6860
11771
7394
10674
12283
12956
11110
3062
466
11073
5066
3355
3941
12726
3970
5551
7738
7758
5575
2965
1604
9160
9413
5358
8434
2043
831
9565
10969
487
6555
1216
3601
2202
5104
513
10163
1524
11294
2488
12259
926
956
1633
4750
2443
4203
1813
8954
8449
945
10399
10567
9095
814
1486
7057
3254
8045
4637
12504
8645
1298
5101
6066
7094
2026
7640
10878
3806
8765
3139
2079
4990
7306
11987
5073
4935
10837
7475
12352
11894
8626
5124
2710
7558
1102
101
9313
12470
9394
5602
12173
606
8856
11378
3140
6655
4303
8466
4648
12924
9575
5901
10823
8813
12721
4292
10451
9310
8391
7508
1271
535
11014
9192
11926
8233
4427
8337
2367
9978
2129
6091
11092
9101
1671
9766
7391
12942
9079
8232
5668
11001
3240
10707
10253
2170
1584
12430
10743
8327
8903
1448
2463
10536
786
3154
2086
796
10831
2359
8693
9603
10267
12062
10874
6826
240
776
12514
5167
2754
4930
11167
12373
7156
8122
12160
3237
12114
7925
10812
6170
4522
12741
4832
3866
10146
8342
7286
12082
3982
3648
5201
2593
7073
8966
11076
7176
3524
4173
3157
7002
437
1018
7358
9163
8727
12632
11291
4835
3747
3793
2932
12292
6015
10193
6967
7467
9831
1764
3215
4389
1267
6829
8061
5695
6065
10668
11808
1149
4678
387
12429
3221
6278
1121
930
9658
12059
295
10151
7364
4240
2733
2913
6731
8460
11329
8851
37
9682
2582
1603
5283
5339
701
229
11929
6187
11270
7265
12912
12191
12320
11524
1518
4952
5285
3431
5426
8514
7350
8146
9323
6964
7369
1364
11649
11802
3578
10469
8547
6948
3881
228
650
12821
11977
6121
1165
2866
6735
5815
10156
5058
3645
6976
10872
4684
5952
12416
10576
10779
12041
11456
1045
9872
11901
3272
10119
1627
7012
12768
2833
1922
12744
1276
9030
6154
11100
8836
280
6249
12848
681
11252
6797
10817
736
633
1331
5263
332
4436
7777
1822
9995
11056
5947
9779
11471
9211
4319
3423
596
10975
12318
9029
10596
9594
5145
6534
1266
351
11963
1131
350
10858
12331
5106
4525
7248
3315
8199
11540
12200
5521
5951
4505
5307
8401
4048
3213
12099
1022
7489
9214
1439
5587
10833
7457
5393
33
11965
1333
6708
12091
2368
2304
9781
2771
12348
11103
7293
2647
12540
7757
3037
2718
4097
3458
1123
7413
9078
11606
7392
8583
6627
9305
9534
4312
5739
603
4707
3946
11880
7095
4859
11317
1982
8077
6412
10041
12817
3257
1883
9173
8783
4886
8474
5288
4909
3927
10064
2255
7110
3618
9827
6361
12386
196
231
7908
8121
11777
8086
976
5631
5862
6939
2909
1575
4744
3965
8277
9091
5430
338
3341
12994
3263
7916
4361
902
8839
3791
8827
2404
12837
4853
7749
4829
10117
5747
8920
7921
12936
5902
2643
11215
3336
6988
3250
10632
2311
7147
12979
6182
11998
6259
135
54
11850
3608
8897
9346
11400
8999
11289
9218
6682
9031
996
10598
1205
8591
10800
10270
8586
2254
8557
8907
8878
8793
3242
8244
10967
5137
3950
4243
4171
1624
12278
12722
6075
11643
12701
10713
209
7614
11295
8176
1531
3966
10402
7088
2861
8039
3374
6990
10597
4208
133
9878
4527
7098
10848
4358
2971
3198
9757
12549
4686
9077
8157
5312
5603
7162
4762
3166
4378
8638
11359
780
6927
2531
11510
6430
5628
10627
1226
3313
9304
4432
9694
6155
7024
11496
2872
4788
12073
5032
9598
984
6960
4572
3014
3349
529
11953
4245
5904
8617
1191
2263
9634
9644
3150
9991
3466
1443
4494
5244
7213
10606
5081
3960
6007
216
12136
9750
9474
12774
3953
8195
8050
11423
2275
8268
11837
8021
1643
8511
4747
3137
4111
1990
10740
273
11083
1615
849
1519
991
9678
4515
9520
5541
11535
3188
3821
11548
2911
11465
2237
8820
467
3776
7783
3071
11344
8147
7205
2612
7695
12149
8468
140
12840
3212
1317
6729
7535
12024
10365
8287
1635
8500
2405
9150
2835
3621
5192
11845
632
130
4375
10443
12285
8539
9037
1715
10191
1374
9943
9121
2278
12883
2740
2938
4067
8393
12903
906
7742
7771
9600
8285
12293
741
9868
4001
2934
187
2335
539
4584
4825
9554
1876
12179
7312
3099
8973
12424
5522
12886
2922
4267
7414
10710
4314
6824
6656
7006
11134
12076
8064
12178
1887
2756
11432
6910
2124
2395
10849
2380
12388
8510
7612
4968
2165
4546
7043
7386
3898
1906
7023
10112
4636
3291
5864
5878
6163
11999
4390
469
1275
5906
10980
5528
12925
3924
6884
2352
6094
179
7548
3521
7381
9458
665
4976
10401
12841
8383
318
12491
2983
3385
6360
8757
3170
10131
1762
755
6982
2137
12569
8010
7638
11401
11219
5612
11029
2497
10405
6741
10489
8918
12490
9301
12189
531
92
8893
300
3849
4627
9318
1837
10659
12608
10235
12700
3419
3400
9291
8432
9885
8115
6018
2695
8887
441
362
9144
443
1925
8357
2753
8397
5687
11503
2661
12804
5743
8972
6841
4355
470
125
4271
5833
10906
6909
10507
9619
2588
1445
11709
6765
11721
2096
826
9139
4999
8798
3334
7361
6178
697
89
11556
2855
12620
7703
10397
2289
12518
11084
8019
2452
12914
10820
12751
4926
4741
1864
4214
8961
5360
9473
6344
11490
795
12347
483
7564
12127
6044
8070
4086
7744
1094
5499
6167
5016
8234
8801
887
12177
2104
10843
9929
11859
2759
7729
8069
5659
9499
1503
2410
5477
7092
6956
6711
3380
4501
12067
11976
1549
4029
1037
1622
4902
3159
98
7348
2108
12725
7169
2723
5798
9242
933
267
5359
8123
1637
4934
5828
9735
8792
4907
7238
12928
10673
12703
7538
6142
4566
11233
1109
3679
10917
10036
1031
10258
756
2198
10636
8422
1558
10949
12341
3921
4517
8162
6441
423
10773
10558
5709
4628
9456
10200
9270
11518
8814
79
2961
1337
8418
4703
7929
3576
7580
4473
5953
10150
1565
4837
4483
10299
2016
9690
9383
2363
5410
5954
3500
9236
4869
5863
4078
4115
8817
639
11725
6953
9623
10230
7317
8726
8496
9177
11363
8600
7545
6043
7477
10950
4511
12814
5216
1893
12195
4951
11806
12224
12088
8318
8949
7124
3351
329
4670
11028
11
7212
11741
10313
1991
537
10684
10851
3285
4142
242
3587
12244
9506
439
11117
3217
10554
8252
4156
8100
9434
2322
4374
6257
11023
4846
2884
1601
9058
6235
7416
9830
8570
284
3884
9674
9186
7448
6615
7956
12803
1464
1261
7481
847
8563
3145
1606
3404
7578
7229
4057
11129
1955
3006
9381
3110
4641
642
10104
3474
10890
10698
4356
8607
11067
12546
5135
85
8462
8773
6245
6117
1894
328
3436
425
8668
10407
7627
3670
10555
2580
12247
9824
11795
7450
3874
2696
10860
6113
4255
10903
944
11254
6020
1392
9895
9846
9570
10392
6327
3968
7289
8402
8414
10562
8092
11087
12737
6979
12164
7697
5163
6952
5566
5372
5220
60
3391
5976
2260
6501
6606
12071
5301
9928
9145
6876
12829
3972
7554
11273
2065
2199
558
1553
6183
154
11285
4949
8684
2403
3497
10612
4021
11614
10886
1981
970
5509
8559
4384
9963
1705
11824
1931
11542
10647
5688
7425
12219
162
3276
7754
10486
7131
569
9065
10920
8472
9120
1371
9254
6942
1771
6658
11821
9955
9517
12594
9083
11383
3085
12080
204
4911
3147
7982
11875
4383
8413
2231
8733
7149
180
9942
921
8452
4163
4167
5767
7720
12996
8872
10138
4777
1015
2566
12693
4559
1166
6795
8885
9253
10640
3547
8615
3911
6499
12317
1576
7938
730
3289
4810
2562
12108
9522
8101
10530
10452
3034
12423
12828
627
11639
5919
4260
410
1927
6053
4335
519
6399
10575
10541
6296
1752
5170
7808
3116
4352
9140
6993
11560
888
440
12346
6877
170
4680
10010
11634
6034
5968
9810
4265
7374
7856
10604
2941
11380
11753
1704
10239
12832
9555
5260
10956
271
10891
1750
1645
6379
12342
12374
5765
4958
12264
832
5117
12576
10559
3495
3246
1398
146
7106
9141
710
1826
2939
6158
1415
5982
1862
6940
1788
3241
4276
6690
10682
10091
4720
5352
10490
7913
4013
6957
3443
4991
10425
10065
1806
11822
5264
3044
11404
6818
4822
5725
966
5087
10717
1642
11310
6537
12922
176
291
11717
2223
11164
10023
11112
1367
7659
6792
2470
11434
3152
12205
5918
1039
402
12680
112
5009
3281
3619
10084
1012
7563
4283
8593
7038
10829
12013
1881
11248
5176
2249
6369
4102
10869
3508
6322
5983
10128
5558
8505
3268
3251
3027
490
8916
6375
7967
7029
8351
4460
4033
1984
6393
11500
8674
11446
8976
2949
7877
4857
4338
9449
5914
4273
10050
88
1341
12945
11906
2022
4465
11918
12040
1198
11759
12919
6478
2998
7008
11314
455
2862
7693
2448
10212
2122
9847
6186
1002
4307
654
2050
612
5420
9914
2338
1401
1770
11249
1611
7338
5158
4975
2164
7591
12733
12629
3348
2744
7714
7061
3168
2004
915
2312
6356
4760
5306
11418
6828
8140
820
3247
6639
278
660
860
1250
11538
5202
5226
4705
8639
12039
7058
8519
9
5890
7739
11203
12880
8790
11040
546
8695
11305
10424
8156
1969
10932
3569
6049
6915
4109
11674
2012
670
7636
10908
5062
7702
1438
7727
10342
2747
10111
4802
5333
6707
532
4091
7177
379
2697
12856
8042
454
3503
8884
3763
5773
10696
8447
11659
5222
398
7626
8161
6913
2197
2372
10378
11645
2602
3599
7886
10983
3593
696
12538
9966
8444
11094
2355
9134
9998
2214
10834
9772
12162
12197
6270
8602
812
12132
9875
9818
369
1461
10024
644
7948
9819
8810
10421
12042
320
5512
9584
10544
7882
3465
3526
6003
5134
5981
10752
5348
9223
10332
9147
4347
11827
3410
2449
129
458
9953
2421
4076
8016
5324
9903
1143
8666
724
7779
3361
4289
9968
4178
10286
8986
1640
2657
5808
12312
8804
3990
7859
1802
6055
7813
3260
5343
3129
8376
3262
2962
1088
2106
4168
10126
8932
11476
578
8105
9679
8759
4058
7915
1559
10561
10428
3113
2711
4644
3640
1651
9799
9262
2394
5571
2163
4158
3378
6560
6924
1213
11973
5973
11587
9207
9351
6954
5518
12253
11241
9000
10249
1293
10000
11460
12872
11224
453
12371
10176
2878
1355
6717
12493
4017
7986
214
1564
9671
9527
11322
3575
3392
12952
1055
11426
5023
7698
468
3487
11781
7815
2002
12678
10199
5068
1375
9707
12418
11357
9495
2666
8891
11865
8
12262
11783
5116
9851
1647
9057
7594
9133
12146
5465
2750
3629
11971
3367
12029
5110
6734
8133
5269
9418
1776
9976
8576
9901
5848
1203
9339
10336
7048
8843
3590
6000
9738
10573
7870
12542
8494
4779
10761
7572
12698
5705
10571
5409
8371
867
6890
9246
1479
10521
10412
9931
6345
4475
9683
1036
5970
4222
1938
2485
1902
8458
12985
4132
7247
12097
619
8258
11974
1949
1609
1322
11288
11571
151
4030
4874
5744
5314
1970
11251
743
8236
4620
733
3949
5900
11371
7352
11755
3197
6995
2209
9804
109
11902
684
3864
3625
5758
7515
9082
2825
1859
11939
1044
1183
12457
5327
9374
6911
12084
9858
10175
3795
6424
7109
2670
1993
3414
6024
8545
4574
3394
8963
12011
4941
7367
4081
9409
5555
3643
6917
422
9720
2892
1217
806
8085
8857
793
5018
11874
7167
11682
8665
8605
551
2482
3817
9130
7555
3723
4880
1085
9784
8957
5248
913
9740
11832
4370
12834
6310
6533
4836
1661
11651
12833
10149
10675
3450
134
802
9153
1070
1402
7937
9920
2974
5789
3488
5814
1474
5371
12021
6384
3396
12203
11851
9397
5692
8544
6657
7145
8997
8145
9132
6078
5967
886
2963
11791
1318
7153
6862
9980
1665
9424
8228
6292
10296
8664
10047
10229
2320
331
9440
7814
3485
10506
11052
12624
10463
1729
12661
8859
7323
12360
11685
6282
8368
8099
869
12970
11306
7126
8002
7917
4131
9531
5877
851
10569
6438
10564
4434
1256
6678
8731
1101
4866
10789
5656
3832
4113
279
12599
2415
5754
1930
779
1441
11662
9048
5055
10419
6981
7599
3438
3556
8788
1210
4752
2025
5589
10836
9118
3056
12321
4896
32
6303
10645
1323
10810
12847
9948
8419
8819
8654
2061
153
5956
2960
4112
7301
1259
3954
3255
1029
10092
550
7534
6677
3668
12030
7141
9096
1248
2121
4545
10044
3172
5332
50
2993
6157
3402
686
4499
5019
12688
6992
8992
5723
703
5129
9129
12676
8325
7356
4422
810
6525
1675
8415
6312
11767
9287
7485
11201
6716
10137
751
590
9607
10961
9908
9450
1185
6905
12964
7723
9019
10420
759
1495
9245
3612
6840
4110
10028
3162
2687
1907
6033
8441
8799
3059
2510
1466
8066
1801
1199
5120
1252
285
7370
12113
5254
191
7460
110
7827
982
7863
11272
11284
1005
8951
9025
2286
5760
7230
12611
5554
3373
7158
2527
2222
7552
4190
1744
908
8864
10380
2646
5614
8574
6433
1711
5800
4581
8584
10426
12124
4304
6293
3600
10977
8555
8630
4051
419
10778
3691
11968
8618
9957
9537
10243
536
11990
12389
1246
219
10712
3009
10361
11797
1182
9398
12328
1780
475
3514
2213
9754
6810
1090
5505
9626
6503
12663
4253
6865
6822
12784
1325
6202
3858
7573
6427
1076
10143
7183
5546
8407
4748
5621
1516
2888
2083
5820
7121
12249
9811
290
7526
12811
10924
2660
5732
914
3493
12280
4325
7455
6973
8700
5779
11658
7476
12831
2568
10433
8034
7675
3671
5487
363
5924
1320
244
9668
8755
7258
10881
8408
11807
2609
6367
5418
6946
7786
7447
11689
6807
8549
9443
6456
962
6697
8815
11394
4924
711
3016
2167
5022
12591
12863
4185
1983
10211
889
787
9189
8778
11852
12395
2094
3528
3494
517
7347
1901
4354
689
6153
1636
2830
12218
2215
3412
4830
4461
4816
12196
6484
11128
12566
7244
1423
4519
9882
2860
11670
9112
2954
11343
4860
7298
11825
1263
7530
417
10434
3214
9577
4647
3617
9433
10303
7220
641
7581
11591
10528
9786
5286
10904
3805
8109
3005
8424
9467
11983
12818
12045
9090
5865
2062
58
3678
4814
1546
3208
9621
9354
7337
5496
4805
11226
4122
421
4507
10015
1683
12910
8640
10883
7587
2242
3872
7643
5183
2784
5151
8322
3886
4459
6833
100
4791
11200
8378
8655
1896
2844
4695
12022
3722
10061
9921
8838
7513
5751
2413
8613
8660
3561
5840
11772
3788
10770
3328
7630
12234
4775
5456
4040
10841
9109
4340
12677
8182
4275
12010
8962
6559
9264
11653
1064
6197
4331
11839
1253
1781
12290
7422
9386
2293
2894
7118
1117
5810
4821
3908
10591
2292
4073
6196
2225
2814
2584
5325
10152
5824
1513
11361
815
10142
237
7753
12056
3863
7277
6256
993
5728
2673
11744
8832
5573
10721
9546
5647
6039
1316
4553
12286
12006
6042
3527
10280
951
8307
12577
6200
5444
7504
9887
3636
11406
621
4795
3175
4640
7800
9829
3318
12070
10181
5996
1964
6518
10941
8394
967
6162
3088
2411
12302
704
10960
4228
8831
11362
40
10312
4850
8487
6088
1021
11244
1988
3023
4871
11823
5601
2617
9156
3223
7487
9697
7602
981
5559
12601
12301
333
3411
4225
9652
5605
3321
10437
4743
5816
1660
9650
10012
7087
12993
6012
5326
12442
12920
5950
2151
9798
1116
3413
8769
10172
9785
2114
1072
3041
4932
7328
1003
880
6997
5717
11775
9488
9496
9684
12188
30
2499
11551
3248
715
9306
12541
5449
6432
7315
5315
1673
8499
1107
5859
5733
12628
7452
6549
12614
1995
11447
742
651
6087
10266
1698
11956
3132
3993
6400
7715
6389
12773
1608
5168
1459
12169
10622
11111
10090
10726
1482
7656
8113
2426
3389
8721
330
1886
10510
9362
6679
5208
547
8909
10928
2388
121
1899
3144
9503
1147
8621
3312
11299
11492
3196
10353
6586
11735
10885
8167
11565
6935
3142
9320
1314
638
5513
6203
5489
10652
1485
10445
5294
774
4082
3096
8437
2535
5042
395
10580
11325
2804
9435
7379
9580
2689
2210
8683
6008
3330
5969
5425
5281
9308
12997
8098
2267
4205
7089
6524
8867
12428
3295
9993
12602
12730
1509
448
9760
5977
6315
7682
4601
7699
8948
10816
6402
9388
572
230
9340
2569
11266
3554
9932
3932
8797
8821
7304
5114
9063
8411
2409
10294
11335
1167
2382
3045
10586
7114
12476
11966
8931
1664
1152
6425
10320
10305
10552
507
775
12648
6597
5530
2819
9654
2782
6980
4037
7155
4138
6785
4172
1789
9854
3998
11630
12046
10441
87
11683
2783
2371
1163
4061
6156
2594
11013
1917
2557
4145
2656
3415
5898
791
11740
347
2815
1281
11992
12445
9591
12467
8578
664
1694
5031
9169
2207
3550
10025
5243
1592
12436
1861
11743
11924
12098
12081
7469
10183
6691
12510
12702
1033
3111
9350
11907
6123
11731
530
9685
502
12588
1080
11879
4039
4979
6723
11130
2950
3674
6331
5384
12690
13004
4101
3010
8541
1451
4787
11462
9505
12552
1958
4776
3579
4725
7257
4690
1368
9770
8928
9054
9706
4087
6607
6169
1
9880
10395
7407
8095
6173
11194
2220
5539
409
7033
3553
4363
3686
12849
953
3513
2376
5570
557
12505
12296
10990
3440
1540
4239
10446
