4679
8272
6684
9643
1238
11604
11402
10385
8043
12089
1205
5719
1627
5253
7560
11052
12364
3492
10150
10621
7864
8908
12994
7286
10056
7585
8866
10246
10701
11751
5924
11179
516
1307
12106
12368
7871
3676
10210
3485
8944
7791
11846
6866
4770
8390
12595
2949
2226
11208
2068
2766
8648
212
9110
5772
5888
7045
10277
10670
1180
7955
4790
3623
8676
6650
9876
12288
4417
9814
669
7685
38
12962
12535
7407
10307
11339
7046
5084
6620
1266
9353
10053
3985
1308
5143
7849
5511
5753
11517
11374
12237
7341
8035
3723
5039
9314
5374
10838
8478
6420
5755
8312
8459
2478
11066
5070
8320
8422
140
10703
11189
11110
11616
12416
2040
1453
11477
9983
10126
12123
11450
4656
12462
1867
3302
872
5003
805
2185
605
3062
7233
9124
5361
9061
878
588
2799
110
5701
10108
260
12838
9576
9550
12167
6957
7960
123
2998
11914
5352
10577
10532
12361
6954
4698
4737
10733
13
7350
12022
11410
6254
9101
8454
5810
7852
670
5662
9271
6249
1278
12417
9859
992
2060
144
8539
7210
9596
6594
6100
2104
9601
5000
10255
12483
3093
1007
2907
11154
7758
11017
8860
11114
11111
9400
1748
10136
3563
2189
7507
12782
9107
6288
7325
5825
3144
5162
3307
10170
11112
8872
4881
7157
3054
8641
12221
11276
5076
8910
3263
2846
12311
1551
5082
7458
9531
10695
4542
9720
10525
12381
9543
10187
6759
8269
6139
9089
2921
12683
4983
8096
2990
6095
9454
7283
540
7822
11475
4323
1486
7992
12466
9094
2220
12934
903
5775
7269
9478
8100
6382
12726
606
11554
10730
7591
10881
1993
8689
7775
8373
4553
7132
3963
3984
10167
11392
7559
5048
9933
279
5967
11684
4736
1385
3311
12866
820
10299
12713
7390
3427
10913
11886
11793
7965
11455
7446
7778
11032
1749
9809
8336
9348
897
8530
5560
8954
1043
4373
9013
7819
7182
5129
1263
8814
11690
6275
12959
6298
1094
884
5665
12896
656
11637
6704
5998
6761
12786
7645
6324
6082
565
3387
11878
11953
11403
11279
10239
8974
12755
8697
3083
6164
8055
2265
8846
6803
5850
11139
2818
10974
12684
8314
4855
12944
7194
214
3146
3727
11606
11129
8794
12991
5787
7793
6578
2296
9703
7557
2343
9781
8638
9174
9114
250
607
10718
6519
7239
11012
8580
10767
3070
2201
8443
2258
6599
4825
1689
6153
2200
1221
11654
11307
659
9036
4990
12127
10740
8319
1530
1686
1123
12021
7007
11143
5083
9838
6183
11045
4352
9836
11106
2627
4900
8136
908
4400
3288
8092
8934
6434
7018
12410
3654
4497
7866
9368
5163
8410
3739
5718
7044
3447
10173
10809
8635
4483
7839
5046
5649
11022
10159
76
6804
2047
12630
6715
242
7867
3368
8420
7003
9315
7985
8549
9604
8596
2433
8431
4520
5481
6899
11659
7029
11167
2506
4607
4761
11897
4361
3972
8769
3396
4339
3345
9238
11697
10587
6421
564
6178
6469
4479
11071
1858
11875
6781
6244
12837
11062
12863
937
11628
5185
5482
11456
9659
9827
1907
9608
7047
9069
4921
4212
11766
8388
8560
6822
9296
11367
1426
1623
9429
5178
4681
4998
2090
4517
11072
11496
12131
8235
2746
1299
4480
4457
1898
1588
3650
851
1126
3334
6770
6013
7769
6104
370
4725
3578
10157
3170
11693
10681
1109
12662
7856
9092
9162
9248
10985
1635
5710
1582
4370
5837
2449
4591
560
11182
4191
541
5380
3177
8727
8862
12673
3024
1499
2254
6507
1051
4643
9717
7398
6966
616
6878
11901
12926
7208
12861
8279
148
12533
6367
1045
11026
10354
10661
4531
11639
1044
9688
9330
11672
2634
6864
6321
4919
1215
12528
6238
5541
8725
11442
6532
11015
10102
6536
6047
12847
8613
9989
10434
2159
10004
11685
4281
3265
618
10493
12745
8124
6701
9524
2781
6576
12825
10311
12192
4030
10014
11380
1415
10079
6868
8779
9389
5777
8793
1930
11330
10211
8382
8909
11947
4536
1779
6032
9498
5144
1955
1614
2194
5270
5596
10500
3832
7970
4657
1561
12748
10271
1785
12666
3215
739
2979
23
10645
8712
4631
4489
6466
11265
1464
11582
1532
4673
9415
232
11419
12463
6825
484
4763
2055
219
5823
4494
4317
4422
12908
2374
5833
518
10797
9652
4263
1218
9774
1808
3080
11540
3761
4688
9900
3455
3760
9358
8125
12258
7938
10895
9732
341
4597
4432
1859
9810
9451
7738
11642
9288
9043
7675
8914
1685
12484
10453
12208
9182
2422
7241
10095
4129
12621
10296
9667
11748
7483
12915
8061
4375
8491
11176
7857
10063
5366
10748
5475
8548
5021
7572
271
11756
3669
12492
7580
2536
2092
12631
10240
4316
7519
6985
7327
9370
2938
1511
8170
3407
12362
9337
10799
10333
3977
7579
10313
11568
898
1357
8407
2277
12953
2448
11664
11453
1458
1155
3385
10448
2685
11615
10470
11134
2590
7804
3780
6717
11212
8607
2666
1038
5471
640
7419
4658
8392
11474
12801
10956
527
8186
8740
11172
9209
11837
4305
2239
8684
824
10852
7818
4038
10870
10896
1018
1032
3770
10503
10954
3333
12828
83
519
7875
9093
9088
2997
10412
207
6829
6617
7035
12958
3223
6773
6772
11468
9681
2548
10140
3353
7432
6234
2980
8790
4257
689
2738
11585
6039
7589
10657
3467
12380
1735
4722
9270
598
9481
10383
4496
9286
10085
6408
6699
8752
9904
1942
9140
7812
10152
5262
10727
4739
12613
5241
868
3880
9366
6377
3926
1986
1750
3448
7542
6584
12538
7442
7343
3700
10890
5442
9655
3756
7759
4333
11226
7175
9141
10029
6750
11547
5385
642
8154
9694
3267
6489
1939
8038
2502
5794
7251
3400
803
7431
8995
3310
3352
6598
10859
10584
9786
7039
6133
7163
1904
4484
11152
2241
8430
2822
3191
6933
7787
10496
779
4712
8183
3714
8105
10350
503
9264
7502
594
9954
7085
1687
993
5712
10946
4205
7566
256
10057
6949
8721
5102
2924
11471
9640
6163
9325
7159
7896
735
9113
4773
5064
424
3212
11218
2224
6048
4185
12536
630
2056
4332
1759
12161
6785
8978
3135
3746
9516
1439
1572
984
1725
5365
12927
5579
10378
4839
11820
7974
2895
4928
18
7878
6916
8810
7055
8236
8020
8106
3349
3087
10256
8589
9214
663
3861
5369
12079
5324
11091
6118
12643
10452
9149
467
7234
3359
523
3082
10519
11948
10952
7456
4107
1494
793
9881
1310
5771
2469
6366
3968
10115
8337
3975
362
11351
12618
10530
8979
8196
8673
1396
5351
12126
12130
12225
12985
6915
8561
4477
11525
11755
1966
4874
4649
8210
7829
7945
5202
3433
8999
4437
4769
923
9740
10176
10415
7354
4219
6562
5538
12789
11192
8574
1363
11699
7628
4996
12737
2754
666
7742
11916
10361
7264
9091
7757
12529
2464
5267
1471
11397
11466
1890
3855
4140
7309
9480
5988
4276
9658
771
7651
988
10605
8619
3638
10070
6267
6673
12901
452
3309
5079
1563
1754
5419
5333
12967
11758
7144
12550
10357
445
2939
10495
1932
9902
12918
4170
7285
3748
5674
10275
6108
5094
12966
12727
7846
1589
4464
4959
11732
11617
8562
1048
7460
1674
6403
4603
12649
6644
9712
7575
9672
11601
9788
12751
7859
5677
8215
7075
68
11702
6308
2381
12351
4916
1389
8346
9525
1345
5382
10437
554
4095
5368
3809
8001
11163
6086
3090
6795
10052
8528
338
2933
3616
3817
8296
11587
10806
8366
11833
4748
10999
11467
8989
3893
2435
9982
9737
8211
3762
754
6124
8566
5434
5418
6742
188
2768
3681
10930
7556
12860
1457
9787
10020
12670
723
3868
3320
2959
10050
9125
7205
3575
10472
965
10113
9199
968
4675
6190
6351
6983
4115
8376
5747
8347
12264
12525
5231
6231
5276
11215
6301
254
359
1537
9188
10193
1313
12056
457
2128
7843
135
2614
5923
11761
2788
7415
2063
1121
293
7376
1110
673
2144
145
11656
12358
3244
11001
9417
4282
12306
8558
6070
7653
12982
9622
6121
11850
5104
2174
7099
8973
196
11660
10387
7615
5357
7313
1922
2556
337
3504
119
8104
463
8627
978
11371
506
265
12705
7053
10413
6919
9583
3552
9697
2470
9326
5271
7744
10492
1741
7641
9065
12007
5089
3381
8378
10865
4314
12682
8397
6832
9116
10407
4876
10192
7265
2628
4014
7882
6397
877
298
3967
5927
5908
282
8852
10755
6905
7854
10237
9363
11845
6914
12628
1377
7593
953
7063
4401
10754
1087
8515
5986
12281
12652
10449
12121
4076
4879
10725
2872
397
9335
2080
9932
8120
9714
2946
8453
5976
8500
5792
10705
4431
233
12777
4214
11198
9891
11362
5204
2008
3380
10581
1069
4814
9894
4104
9515
8297
11120
5572
12203
6642
1722
951
6567
10122
5939
5304
2427
5906
9019
9945
7433
4061
747
2012
520
7373
6665
3516
11340
4880
7710
2429
11107
6563
9336
5744
2670
12241
3981
1698
6871
12632
5842
12897
194
1699
8526
10188
939
2720
983
3712
9849
1399
5786
7439
10650
3969
2264
2046
11290
7041
1913
6782
12086
8332
1370
8008
4685
6179
6588
12689
6754
1664
2483
5026
7584
5228
9180
6938
6566
11092
2325
5918
5171
1851
2284
1160
7906
2086
8564
7266
6157
7661
1000
3510
5912
7768
9970
10823
5915
11941
1168
9142
7193
8744
5049
3862
10777
836
1727
3393
10839
1417
2462
12848
11909
1182
449
347
10960
1315
1028
3131
11369
6969
3505
8051
12385
9710
7969
1093
1768
3214
601
9990
11008
5223
9867
11236
10031
10664
6165
3218
5721
12806
4242
2351
12884
12567
9428
2425
12500
6406
8806
8042
7741
8396
8119
205
1949
725
11396
3929
2890
2479
6636
6009
12793
10642
5895
8367
7573
5445
1134
11594
11082
8412
9860
2748
9176
6628
7657
11436
9627
7897
5281
5091
12572
10279
9523
10721
7436
2511
1804
11631
9682
7430
10094
12459
5409
6799
1250
584
9528
11905
12939
10280
1422
4379
6791
5321
6801
11131
9609
3529
3954
6286
11150
12776
5824
12239
6953
6187
283
25
10390
12349
11990
120
7127
10106
10058
2922
2190
7781
7244
802
8516
592
5713
10283
10289
7934
172
2988
2926
9852
6552
8458
6419
12485
10818
3937
7401
11641
8335
1659
86
8498
3065
436
11413
6705
10494
10074
4528
2231
4207
6167
4153
2326
3340
10625
6147
2300
12388
10547
4952
9812
4087
12324
5867
7427
1328
8080
5746
8845
12152
5146
6837
674
8197
9281
8111
1550
9912
5316
2219
6645
11404
9495
892
905
4878
2899
1177
5943
7123
2833
4815
1095
5264
8253
7874
10513
6787
9803
10694
6090
6319
11262
12331
2971
6590
9272
6076
12102
6967
5116
649
11166
9959
1973
3354
10139
2796
7616
3412
4072
12521
11024
5502
1201
302
9200
9196
1187
4782
2656
4386
5745
702
7721
7406
10612
10359
10347
12044
3299
9953
6405
10442
12335
11173
10698
597
2671
12766
10715
6404
11915
8923
6778
9699
8485
6272
10198
11102
1341
3366
4962
8416
10483
6148
8274
10659
11070
8148
10860
9709
2363
1196
7606
1064
12309
950
12392
5758
10068
5684
5666
10982
10310
3143
4232
11322
574
129
11518
2919
2150
3306
9385
6962
10802
1847
6196
1941
9501
774
2673
2745
4097
8898
2263
2617
12444
3313
5124
7028
6317
11087
8701
11320
7237
914
5760
6815
9442
7825
3864
904
5749
12446
7300
12955
4139
10177
10950
5801
4059
4131
75
9575
7329
1002
12527
10185
4507
9884
8883
165
938
10926
8849
6542
8637
6232
12238
11962
12467
4711
11883
11608
5567
7773
6529
8338
6849
2519
2913
9482
8818
1564
6186
1267
604
1812
10328
6680
11969
9372
11497
8843
2807
4504
5298
4513
2756
5616
9105
10270
6846
11417
7646
7748
10566
107
438
9738
10372
5050
3472
8009
8510
4258
4754
1309
10105
10290
1606
12149
11463
3935
2543
883
6934
8073
8975
4826
10172
1156
11031
1656
9497
3169
9972
7027
6964
8632
889
3971
10548
3171
10121
12695
11874
6485
4852
11381
4200
2167
9393
7548
10848
6633
825
12671
10344
9997
4533
525
5172
1364
4126
10688
6753
3247
3044
2003
862
11593
8509
3996
6467
11350
10395
5525
8671
2952
6344
7788
1527
9577
5778
7637
2186
11438
10776
12719
5637
2140
10380
11705
2475
3308
12660
8130
12232
2340
5071
3402
1185
1723
10155
1605
3399
3224
10662
8374
2993
5139
3764
7461
9202
5353
10583
10965
4837
3305
9650
8363
8582
12344
433
5561
9801
1763
442
12419
5289
2911
7011
6318
7664
4367
7640
11889
7547
4700
10423
8343
8439
3162
8696
9466
1166
10303
5170
8649
8068
8599
11405
4174
2842
2426
6427
6093
12516
9654
10026
2113
6827
3152
10484
3557
10353
10927
180
2691
462
10795
8309
3292
3488
7174
11113
1834
5685
9559
979
7002
11196
5450
4595
12729
8300
1401
2645
2293
7704
10111
12434
5960
413
12891
7887
8063
326
10597
2039
285
9311
4319
2667
8624
870
6349
8609
11678
7671
10506
4117
11812
385
4112
3330
9015
11863
1736
406
5501
10918
7531
4506
7405
4
2059
2610
5585
9949
991
2476
9633
4411
8940
10477
7541
3596
10867
9402
6936
9819
2498
11583
3630
12114
255
9265
4951
3911
4909
6005
7832
7740
2711
3781
4620
4183
11157
10144
7949
8831
4159
125
8907
356
3907
7751
5005
5866
3649
11370
11926
12168
6063
4041
3560
3813
4633
10436
2839
4558
2393
678
1284
3541
6216
7783
7910
10268
3030
9701
9329
7881
11929
270
11630
11248
966
3480
11251
8330
8173
12156
4158
2034
761
4889
10312
2099
1488
6653
10119
11638
11245
12043
6877
4434
16
1761
1918
8262
7331
8467
2675
4193
10017
6775
11355
12303
5213
11244
5432
5634
11271
943
4252
3351
6122
7532
7267
10487
6177
3953
4569
9725
1116
3233
490
3141
3372
9848
11724
521
1392
9938
3031
5733
47
9632
2453
4368
4535
9567
12810
7497
8058
4518
2912
12428
10499
4044
5120
8666
4226
349
11869
4429
9411
2773
8848
3036
9671
8178
10944
12582
1965
12989
3922
7543
9546
114
9731
4741
9598
4414
6451
1653
11387
5211
11178
6763
35
4381
12118
4192
1456
12473
8273
2713
3978
6982
2461
2513
3019
609
12687
11040
9773
926
12014
9208
7622
12923
7976
7472
9832
11130
11138
7924
11168
2315
3254
842
7142
7537
2743
2516
3132
11564
6738
3696
6883
2832
7689
9797
6500
43
7151
9005
2584
10825
4251
12218
4873
11284
2443
6592
11529
10888
1272
12394
809
507
6872
12545
8440
9872
9507
1408
2526
3281
11345
1467
9855
8593
1008
1684
570
8072
7131
11365
2662
12995
2648
12294
5797
8616
2723
1233
6634
2973
818
12808
3905
4958
2333
8709
9505
5813
12228
9213
10813
9339
3200
6074
489
136
9299
1491
454
5018
2525
11849
7907
10032
12792
2400
11394
3453
4204
8519
819
8952
7529
3250
10148
3067
8988
5334
1539
5785
4144
8003
4885
8573
416
11876
9357
7287
10060
6062
12637
1835
12424
117
9458
6722
12942
1852
12961
4277
8581
1764
11181
6595
5173
5582
10018
11516
5795
11444
12685
41
1533
7696
9527
8048
3974
11499
7869
7701
8713
2
3376
3798
22
1257
4180
10132
6484
1015
6581
8545
2733
8057
1718
7680
2643
10626
9538
4435
367
10034
9748
10549
11331
9715
6277
3085
7014
12382
10351
4127
681
6674
3468
5166
1296
6358
7064
9555
1029
4599
12904
12799
11523
11191
9526
4171
11692
2790
12680
317
9282
4302
12096
11584
78
12818
3980
6066
1509
11561
11352
1424
5498
3338
4938
4699
10447
8147
5097
8523
1914
7676
1476
12544
3049
9120
4227
5085
6391
3187
2690
11816
3846
6260
3026
12414
5613
9494
4142
9545
9821
12832
8181
6038
487
5783
1225
7392
213
7056
9053
10320
9960
4759
6817
3704
12615
9203
972
11399
10441
741
11970
5715
11183
2252
10559
6413
10994
4424
10236
8034
4089
1712
3677
4989
2747
11299
1826
11105
4194
5784
8384
3633
10362
3122
11856
10822
10844
5474
10989
7092
2520
2800
9520
5791
9251
12874
672
5240
1633
7528
8969
11825
6646
12679
2129
7036
11416
11240
5651
10524
9207
10346
6134
10922
7010
8853
8524
10596
2680
636
6426
1760
989
10217
1596
12447
2071
5209
8847
906
3458
6166
6732
7146
780
12197
6482
2336
945
8470
7577
12371
6023
4851
8837
7145
1469
4372
7678
1150
5168
2070
9901
4776
10741
1586
9054
3426
12552
10887
8252
3524
8514
2268
5194
3742
7030
8824
3883
1520
5648
9530
98
9726
305
566
5108
7134
10782
378
12781
1906
5780
12504
3598
6987
5468
10429
7876
4960
4590
8891
5805
6965
10907
2953
3952
10863
10096
5811
1753
10099
6091
5846
8774
11961
465
4188
2616
4619
12753
9440
539
3173
11928
9283
8885
249
8927
5133
6637
228
10331
4661
9317
4848
5658
7536
7892
12541
2577
5430
1108
9724
2157
12478
2457
1782
1767
3507
7171
2571
4288
8874
8805
6514
12190
7204
10334
9893
2496
10466
686
8644
7858
6709
800
8597
12418
11742
11081
6389
11151
3912
8753
7428
10100
10736
12710
4840
225
11492
374
189
11519
946
2222
11334
9307
9772
6641
1575
8640
3129
8324
10048
3386
5580
5534
3863
281
12724
3726
4644
9096
2936
11411
11956
6545
8107
12796
4949
12263
6035
12480
9935
3493
3022
11511
1802
9624
11058
3755
4002
12475
7396
5216
2423
759
5543
2029
10602
3979
31
9360
10958
1473
1846
9049
5157
9298
10668
8368
5625
9160
2106
11589
12546
7223
2958
10607
12992
10114
3959
9064
2941
12716
3117
12283
1190
1210
1970
6714
4982
363
10228
12441
2283
9568
1828
2100
5235
629
10446
5493
4057
9805
12458
10008
6350
12357
6473
2356
3363
12317
11326
12025
4071
5981
8426
5153
8569
6453
3454
3127
8221
7113
1591
734
157
5167
7586
8040
3901
4780
7693
1573
4828
10234
2724
7156
4523
3473
5328
12094
12617
12508
2718
12839
697
479
1421
10762
3269
10709
11434
3618
973
3995
7618
5893
696
1711
12932
9631
3413
11728
12493
7964
8576
2051
9783
5834
65
5469
10591
10953
8892
7198
8778
2006
9413
3043
10428
2066
879
6571
6348
1223
7019
10040
2390
2276
12322
10830
10614
3114
9418
12787
7122
2389
239
3422
1648
1733
289
11964
3668
8401
11479
345
4560
758
703
11819
4449
1425
3430
6752
6587
6956
3499
3635
7745
181
10791
11791
5207
4444
8123
5617
5086
9518
7062
11710
6325
6019
12153
7801
12639
6525
8258
6508
8389
52
11772
4883
4488
8512
1198
6034
11319
5215
7594
328
12265
7017
12907
2699
1443
2532
4147
286
8334
9603
5635
9509
8555
925
9922
11965
8791
6768
10376
729
8232
5922
11483
6999
10885
9103
11048
5542
10409
4289
11470
6712
12159
10902
6854
4562
9995
3844
6558
12854
6908
1132
6248
4132
7954
3261
8377
12564
2297
856
7147
9957
11565
11904
12379
258
3110
2384
8718
624
4877
593
3930
7424
8986
7931
1011
9359
8650
8213
8114
2139
11169
5400
1414
12636
3166
8815
5879
9802
7213
7121
668
7948
2013
10660
3059
7422
9010
10368
10332
10516
3957
3624
6948
354
6097
2105
7227
10699
1436
8145
72
8520
10633
7565
100
10242
861
8504
3720
3859
1849
770
10938
691
12773
8781
11298
10821
1428
8917
3175
5993
7670
5477
11243
4181
4493
11359
10712
5916
6069
7078
3219
8964
4195
652
3004
1912
11046
3698
9705
6065
6820
828
2701
6017
2735
11153
6605
8349
2603
12016
10805
12849
10560
12355
9708
10005
10998
2273
12476
6241
2649
12336
322
6390
2904
5087
11534
2916
10373
9486
2700
6810
11214
5802
3013
3970
7492
12505
3621
12900
3561
3695
11977
1062
11395
8600
6970
6464
3768
3842
143
6570
596
5345
5301
2452
7076
6160
2889
10161
10089
10820
6191
8502
10686
3949
6021
11505
3535
5310
381
6687
2574
12099
8019
9431
2535
11093
3496
5714
4239
9782
11667
11313
8929
3892
10716
9706
5112
376
12674
1407
11287
2485
8480
11809
12409
12038
5331
5535
4567
10374
10349
8563
12645
12470
1837
887
230
1758
10104
3112
9190
11736
11749
486
1933
1672
1271
2639
11623
5729
12928
4272
6209
10019
11998
11256
9746
11261
698
7998
1903
5946
3289
5619
2027
1661
10884
9074
10083
6924
5234
130
3489
4056
2000
947
5761
11930
1855
12912
3232
1030
5268
746
6613
8250
5938
12185
8455
10322
1996
13011
11764
2490
4502
5679
3797
220
1581
6538
1333
11135
1459
8301
7583
829
4081
8760
9961
5459
4118
12054
2084
79
11610
9811
4167
8788
12952
5008
6373
6902
10386
9050
8533
5106
11735
3518
11021
12204
8109
3491
10780
8618
6553
7880
2052
5196
10784
6792
7381
137
4085
4886
7203
10219
531
7235
5631
6968
6531
5318
11088
5155
8770
8220
7726
1131
12589
2468
8998
11896
6154
7683
11533
6046
3478
1951
3237
8939
5057
1304
2742
6064
1254
10987
8102
11821
893
3107
9059
55
7370
3033
931
6929
1634
5764
11443
6927
12980
6725
9903
2292
4285
9606
7511
3172
3194
1958
10037
8039
4261
12574
3910
11949
975
2354
11195
6748
10653
2793
8700
5291
5044
7322
4717
1944
8568
8180
11390
8636
12272
2289
833
8920
7599
2759
11624
2524
10258
9984
11983
11950
6917
6363
9312
12122
9944
12531
7338
10745
12404
1289
8840
7270
849
3060
12736
9436
7886
5880
1682
11689
2221
2147
8406
3150
12775
660
6686
3732
7946
3590
12062
3257
7691
5740
8913
6388
12820
6123
2116
9981
11987
3540
3009
10811
3466
2101
4473
3446
2431
9841
1100
7248
556
6222
5340
1409
5034
1170
6731
3419
5111
12066
7688
10871
10632
3795
319
10480
3629
4755
10154
2540
11634
4260
11786
5187
12596
11750
8298
8536
9551
7240
3818
7728
8505
10369
8590
8010
1183
5618
1052
4573
8024
8229
3735
10579
1983
6098
11788
7842
10066
4757
8451
4182
3605
7959
9084
11162
12698
12886
3810
6447
3404
8541
1853
2387
10208
9571
11202
3415
12141
11974
8789
9896
4462
916
12712
4948
8682
1306
10925
3010
307
12555
5695
9795
3754
5232
8991
7920
11073
7525
7962
5887
2531
7054
11124
5563
12045
6270
11661
11446
5061
1482
8468
11312
6156
9647
11975
4522
3876
5951
6779
7110
7416
11137
1003
11677
12375
9845
5200
4606
5377
3688
8015
11966
1236
4894
3858
7111
5940
102
8663
1755
6852
9760
2495
2668
5356
2669
334
7022
10406
7865
757
5836
8652
4981
6155
589
10285
1229
5342
2522
648
3301
4750
6381
9135
9687
4838
1071
8448
7484
3133
5570
1460
12037
581
3670
3964
11193
7397
12936
3641
5480
11482
10751
3259
12768
11740
9690
6790
12946
7828
5936
2365
11074
11221
10846
12888
2061
834
7096
4199
1369
4564
5284
3807
7690
112
4991
8331
8708
12802
3465
11043
4149
6120
12547
2774
3634
313
6099
11543
10300
8693
8780
5476
318
11959
9297
1050
2257
2725
2780
10543
6237
5766
2594
11556
1253
423
178
8489
12591
665
1797
7323
6150
3786
7553
3370
2763
2057
752
1976
3740
7023
3830
3599
7034
5509
9022
1805
7971
12513
1490
10326
1219
12069
11180
11600
414
3666
2558
7779
4327
8518
6410
9510
4515
6540
5597
12374
3355
11376
10877
2456
655
11354
6882
9463
11968
7997
4687
11888
3373
10868
1085
2373
1824
10214
11922
9616
2360
56
8429
4854
8928
1668
6668
8126
2837
7495
10682
8577
12128
7928
1885
2415
4984
9597
3246
2380
11316
9539
9422
4416
9540
5660
2859
4208
3006
7479
6486
1910
2396
71
360
3435
1843
158
4728
1171
901
3860
535
4674
10460
12524
3562
1823
4042
6223
7220
3867
11337
8361
10515
4556
4043
3483
3038
7562
8605
101
12757
2016
6991
6551
9548
5711
6524
7908
1817
11579
9313
3388
4667
6384
253
9197
2286
12337
12744
5909
8237
11854
5415
5700
9138
9407
8340
942
1022
9818
2964
8463
1472
6323
6247
11300
2261
8255
4969
8191
5013
7155
12290
2440
5970
10209
10512
5412
12494
4707
5224
1128
6959
10269
6207
3897
9150
10196
6211
1065
2771
9304
426
169
2497
3086
9072
3348
2206
10763
308
6892
7617
6273
8534
5933
8714
2654
8325
5407
1437
3741
453
1649
11899
4395
9865
2304
551
994
1322
10226
4279
5358
1692
2962
7797
4247
8292
7340
3794
7337
12110
7454
3506
1870
944
6702
10713
10327
11187
2053
4576
10348
7841
2098
7981
5323
87
929
11997
8594
8452
7845
5451
12530
2342
9006
9081
8121
7195
2348
1072
8583
8902
10433
11089
2119
1728
8342
6777
1934
8423
287
8158
12347
2529
5295
6682
5593
6307
10962
2550
471
11010
5652
6975
11068
7956
7821
6374
7355
5218
1665
5092
8041
12496
9048
7399
12708
12905
12326
2467
12366
12287
5344
6697
7570
10814
6757
5942
2323
13003
4109
3625
8152
12778
2608
4366
7459
1974
8836
3410
4827
5904
1280
4846
8044
2881
12328
2544
12938
1451
12146
11976
4256
6081
2397
940
12081
7197
8166
152
9090
9825
2719
6054
1139
12198
8002
9023
8380
8387
727
2166
12833
7207
2131
5440
163
3014
3052
5147
8821
6992
11185
8438
2947
6737
5598
4049
7756
1292
2528
4092
8993
3804
8559
4946
6043
6182
9165
7444
10039
1485
2250
4670
3327
11401
12517
3539
3521
9155
2795
348
7826
58
10207
6930
11852
765
4349
2741
9055
7120
1498
2192
8256
3287
1576
7815
9770
9204
6811
3034
11437
3174
12183
10022
160
4994
3545
8896
4957
373
9519
1765
10084
5193
9318
4019
9183
2436
12523
10684
2659
7038
3722
3216
3364
11994
12353
12694
7310
1869
7101
3991
12885
284
6339
7466
12750
5868
2838
6174
12930
5177
934
11635
11714
470
1440
5496
4772
10206
2865
8171
7686
3405
4570
11268
970
3464
2125
8694
6379
7418
2542
4465
1632
1822
6481
3452
11877
4120
12200
2437
10316
8787
6543
3631
10304
6470
7535
2523
11408
10793
4610
1273
1154
3339
6923
10301
2096
1061
8084
7784
7284
3553
1795
687
12956
8655
2366
1756
2076
2362
9975
6474
7081
3787
11713
2976
5748
10753
5045
5959
7601
9885
8612
10424
10553
1502
7500
272
8045
12693
9025
11573
9108
1220
6428
4940
5569
7799
4295
510
425
4427
3025
1744
6279
8603
2817
496
7844
9967
7083
7898
6718
8064
7
9824
2073
199
9244
5272
12320
3203
4890
2168
5971
5624
667
4784
8425
6850
10732
3091
5646
6769
1518
12279
2530
4439
5512
6845
11044
5549
7604
864
12624
9455
8658
4173
4420
4308
3055
12482
5421
1149
3812
3079
7297
2035
2111
7795
12895
2710
5226
5360
4307
12423
719
6027
9394
6619
8739
10720
12498
2765
7873
8690
6289
2727
10773
1920
12187
4306
9591
3041
10829
4048
552
4666
5014
11838
10651
7040
10537
8052
3692
11217
10222
11086
5007
7385
4102
3566
854
10580
336
3586
5132
7713
2782
11562
10639
1391
12377
3947
104
8544
4053
1642
4451
8932
7786
10635
11510
590
6585
1057
9457
7344
11305
3734
5073
4902
17
3773
4025
6195
8575
5594
3699
2961
5286
12651
1079
9295
1053
11415
5119
3051
941
10465
12749
8724
2455
8552
6881
1037
8155
5438
332
11696
4721
4738
4906
10575
4034
4405
10257
2630
11526
8085
11859
12093
7114
3262
2637
4546
3556
4808
8557
1560
12791
11349
789
4440
11213
5156
11126
4135
3220
3713
5125
1766
12181
4392
1693
14
3702
8427
1195
524
615
8289
8889
1676
6429
4125
8750
12210
7138
333
1021
8101
8071
2714
7480
1361
4887
8578
12532
10341
8863
7098
1349
5903
12740
10118
8987
235
12597
12659
12378
11668
586
6604
11047
11636
4939
12350
4749
11952
12876
1163
2048
5529
9338
12890
12605
549
5854
2658
11980
8254
4720
2967
2775
9483
5227
5081
7352
441
4735
6726
9946
9868
1595
10241
11808
12454
3342
5127
2093
11160
855
12780
1652
5505
4196
10652
8087
12548
6236
6394
9403
5484
8369
12655
5863
7771
190
10075
7915
4785
12592
9173
2884
6904
7508
12515
6639
2271
6310
3123
468
8150
1036
11515
12975
11449
2134
9039
12030
11765
12012
4694
12162
4329
7770
11488
8761
8629
9620
4942
8204
4354
530
11552
9347
7485
10400
4557
8359
2902
9310
404
4532
2640
11277
2660
12581
7068
161
2313
6971
6025
3101
1671
9511
12599
9908
10914
10397
12852
3752
330
11253
1807
11171
6488
5664
2948
3792
12472
3347
3068
873
2828
5220
4406
6561
8203
7521
3801
10165
2914
6119
7967
12976
6031
790
2095
12971
3519
11813
6052
179
2135
1710
4579
4868
11571
6931
8356
5398
1281
2207
3729
6274
2908
4430
3323
8011
12699
12092
9925
10071
1374
5921
11989
6789
4774
10404
9660
12672
7052
6151
11991
732
1140
5283
4729
10382
977
1090
1080
7555
12857
12383
2811
4944
6559
544
1938
12026
9623
6292
8768
9820
3821
11597
9215
8585
7903
6141
3757
7102
8313
11335
8198
2665
9144
1578
11951
7848
1466
721
8082
2007
1625
5198
3919
11260
11099
7058
11237
6284
9542
193
9986
7709
1739
12573
5065
3701
5405
9750
10191
8716
2601
12771
3108
3872
7739
3689
12797
2473
5062
620
7292
5724
8224
3788
8481
3145
845
4823
646
9923
11512
2307
1506
12559
8762
10719
675
11506
5514
2792
11853
6111
7612
84
10869
12999
7936
11441
12233
7796
10490
5293
12769
9589
8216
10937
12843
1487
5189
840
10213
11060
10260
3285
622
1927
6675
8088
6640
1683
6766
815
2752
4344
12318
954
12082
11336
5935
3179
8745
6569
2041
9060
7951
4835
10109
11445
7345
2330
8375
4236
7919
9158
3102
1081
12658
2981
3532
11489
1381
9638
9117
3958
11412
12829
10640
12562
6760
2287
999
7481
10643
10988
12760
2854
7388
7184
7130
12440
3042
12692
12000
11906
8134
9657
11269
10717
5860
9071
1612
10090
11679
4330
3157
1228
8702
7512
6143
6632
12213
12334
12304
11230
9565
12268
12209
9374
11938
1719
3325
919
10576
11317
10389
6114
1599
513
10306
237
12246
12844
9756
543
1771
3888
3356
11603
12590
2395
8475
1875
9850
9086
11599
10609
8695
8657
8432
8062
113
4148
631
1894
5110
3940
11726
7136
8532
6170
11887
11328
6874
7694
6510
12779
4491
8656
997
12783
2772
722
5036
2439
3072
9754
5101
109
2228
12400
11224
1411
12587
5023
7647
2019
12145
8090
7242
8723
6572
12255
12365
7330
12084
8182
12497
12537
5372
5378
935
1713
12495
4218
1538
5037
7104
5726
9437
2394
8393
11428
5261
173
6320
3602
8678
962
8921
5107
1290
2331
6265
11356
480
813
11036
1276
4452
353
4817
12845
10540
5990
4589
10245
10528
8855
635
9201
6370
1524
3988
509
7108
12577
5788
5890
1230
10932
11694
11373
10789
9907
5017
10230
10403
1193
2925
7443
9159
11981
10249
6707
5246
5479
1101
8027
1587
12219
6204
10247
2011
5311
1655
94
9261
8223
10128
10561
7421
685
3490
6928
11259
12173
4028
9095
10827
11921
11586
12367
8675
785
9612
3994
7933
8304
477
8207
10897
12217
3304
8506
11121
186
5699
9102
8798
1454
464
7895
3032
4635
7307
159
6194
5254
8098
1206
11934
10787
5161
9198
1935
2682
8487
3785
4454
8317
4907
9243
7249
5312
7855
4209
4933
3707
375
3743
5072
11963
10281
11619
4788
6955
6450
12445
11142
12443
11567
4362
12259
12700
3134
1667
3484
11400
11308
3242
10101
2493
11103
12169
1335
5460
3423
3962
5847
8348
2285
11986
10291
3300
9985
6200
10078
8782
9895
3997
1191
835
11545
9730
257
11203
32
7660
1106
2094
8026
9003
7100
10073
9500
500
5763
1597
9367
7060
808
1189
8838
2994
3806
10557
9878
11116
12408
8957
1845
7609
11421
7517
2169
371
5429
6461
4385
7066
9066
5964
11332
8351
10138
2499
3581
2896
6280
6263
7119
9211
5001
6568
4911
2856
7273
6830
11614
4623
11241
12691
251
3571
11080
1700
5974
6416
7527
5790
3790
5628
10934
6015
12604
4111
2852
7172
8970
5703
5955
8687
1337
11329
6193
2324
8674
6958
5199
8291
10610
9294
8706
8321
12451
9637
8720
12256
3745
10768
7209
8161
5103
557
9056
2004
998
7994
8284
3656
3089
6235
4292
1203
431
7377
11229
2611
288
2259
1569
1125
8140
3312
12046
7877
8857
10743
6597
2985
2915
6535
2552
5452
8730
1522
9083
10067
4832
5996
2761
6036
4541
8099
12657
1947
6283
5608
1594
12706
5965
11159
2897
12068
3095
4121
558
657
4724
6735
11264
7648
11379
12701
9192
10592
6972
6431
502
1950
5782
6727
2037
11200
2432
4498
5575
5722
5603
12229
9100
4692
11700
5874
444
12608
7214
1862
5455
2424
12356
9420
11209
10455
9234
4345
12576
9052
7891
3898
1609
11115
7347
9383
9653
7574
7346
9735
10091
9837
756
7043
2143
10422
12616
10086
5233
3125
909
4415
296
1928
10917
5630
1503
13000
2256
3293
77
7371
768
9584
275
7569
3890
7763
8775
11839
1592
10253
5620
1604
9487
1237
3139
814
5487
9759
10033
12107
1884
12060
7679
162
4585
2712
1871
3332
12585
5937
9462
11435
5815
5636
948
5944
11250
4262
9082
959
12297
10147
10394
720
11557
6855
10801
1571
6607
3239
5009
5641
4101
7148
4651
10124
11311
2314
6356
12648
8531
693
4157
10396
5759
7988
5338
7520
2223
8005
9918
6556
8307
11993
3841
331
6683
2492
10696
12916
12387
9178
8808
7124
6341
9679
6780
3657
6518
9554
223
10454
11945
88
8287
2674
4155
1603
8971
5851
3234
12877
3057
9994
5602
621
11314
9570
6918
12050
1388
3597
2862
9067
2005
10293
5317
64
6606
2694
9247
8955
7978
9217
6152
448
7814
3622
7629
11971
12231
4013
5117
4005
8091
11716
8501
12650
1204
1330
8352
9475
7126
1181
2709
203
1031
5697
1376
6625
3615
9380
5621
886
11481
6162
5828
10774
4934
3921
6547
5174
1444
11306
1301
278
4836
10758
10876
12813
10738
3753
11650
372
2181
12049
8117
6756
5371
9752
3582
4941
11508
11868
9556
1034
671
10976
3255
8918
7020
3961
8270
6462
4230
8508
3620
2463
2566
9707
7620
12348
6309
6440
10880
12741
7032
10792
6030
3850
8699
3554
11493
9784
6614
5149
5522
9087
9502
10001
2208
8165
11918
9668
7274
9154
2179
10305
6666
5913
12170
2332
961
10707
8460
1234
1832
3923
7089
5158
3902
3279
8493
1865
9121
9883
10648
2156
7632
10076
11266
3503
9914
4882
12316
7256
6092
7380
692
1887
12083
4972
11978
11424
2428
9316
4753
8310
9469
10634
7245
2762
12542
10972
5485
9000
6505
5115
6199
11420
103
6950
2345
2705
10636
9913
2657
7909
5768
10851
7901
2830
1410
10266
4925
1268
2170
7050
2238
9513
12034
5513
10003
4904
4544
5595
8495
6946
10142
11673
9477
12254
4905
8842
2195
2072
70
928
7049
7899
3461
8550
955
60
1555
7477
11957
12027
9785
8553
12509
10766
8827
8620
10038
1247
5393
12193
4860
839
5855
1860
2824
12407
8000
1660
1831
3520
11790
11695
12943
7504
3128
11892
6479
9936
8175
12707
11451
11426
2619
10771
1630
3808
5508
9547
1731
11818
12795
10693
11347
8672
5577
10162
5991
4343
1690
9599
9645
7659
12323
9266
6102
12606
12329
11646
1347
7634
5530
10061
10656
3873
12352
1431
4792
6262
7473
9289
10189
4253
986
9920
4360
5186
5417
209
11612
10714
4663
1497
4050
5690
8066
10861
12767
3098
11094
6695
12720
4927
11145
3869
7470
5520
11873
7115
5183
3731
5222
3778
567
5239
1465
8357
11297
6316
2596
430
2602
8807
8466
6973
7667
821
6720
5426
224
9711
12681
12247
12234
8758
4565
7226
890
11076
8184
6460
12437
401
5454
5243
12960
3429
12129
9856
7567
2260
1049
2054
6326
4150
5274
6087
2651
11158
8108
7563
2786
6215
6861
971
4891
7944
9619
4443
6057
9662
7164
9940
10486
956
10509
5336
2693
5510
3362
8653
12563
6506
11752
5130
380
912
1811
2173
12584
9951
1165
11829
5247
1098
8579
12812
5141
9863
1298
2777
7414
7789
1073
7021
4130
1783
10405
6138
5707
658
3517
7411
5042
7516
2844
1324
7293
12033
9533
11377
5002
8610
5456
6490
1874
11985
5859
4621
847
6184
1651
614
4862
894
11738
563
12273
10546
1954
3674
11503
5564
12987
5217
2966
12502
6690
3252
1980
10627
9166
7001
6060
11246
11398
7639
9890
2991
11653
3444
5238
4086
1650
5878
677
9258
7999
11524
4094
5736
4824
11027
6940
3703
4702
2563
2565
2646
11566
2927
8195
1836
3015
7717
4864
2178
9063
54
2298
5208
949
1984
619
4850
1489
11333
9646
9765
4888
10028
830
6255
9792
7294
8271
6889
3204
11900
10445
12067
11847
2302
10903
10051
1730
3190
6103
6202
11687
12612
10036
1477
8960
8402
11486
7850
11893
9351
2858
7215
5011
12178
2032
4353
7247
5047
8771
2382
121
12553
4060
4275
3487
10817
4929
6498
2655
11190
867
10586
11439
7024
11239
6352
5420
12910
11865
12242
6240
7183
8882
8817
4534
7513
1449
2750
10377
10097
2576
2815
3297
8290
1240
12405
11427
7943
4460
6256
4394
9228
5096
11204
11186
1136
10375
2115
6424
6483
4274
6430
6635
11958
5309
2234
6989
9491
10970
6004
8691
11338
7545
12988
10687
11836
11936
1971
301
274
10112
10567
2045
647
694
1082
11433
427
3439
10339
10393
12488
11778
9937
1602
12020
6435
5354
5870
9580
2050
3845
494
177
46
2553
2931
6583
4812
10979
7051
3580
10471
384
505
3993
4206
1695
3202
1621
7765
10847
6448
4404
2894
7698
11282
9321
10589
6947
6833
8151
3585
4801
5977
9517
3181
11996
4592
7847
4976
12286
3784
4001
6459
6586
7888
10562
4051
6844
8238
5601
4743
11943
4899
4811
3178
8022
848
11671
4964
11908
4078
12211
261
11536
5180
1916
9780
1033
8963
7135
11626
10808
10081
12369
5251
6724
10517
12426
4313
4287
7681
2308
12041
9225
2312
8990
12340
10955
6290
5053
9769
5413
3047
12
11059
7465
9379
7291
7568
7275
10816
10195
12133
11219
3497
12629
4325
7367
1040
211
7655
10117
9245
9018
11973
9636
7635
8945
10708
6149
12725
9600
7776
6135
10267
5428
3401
1997
844
10778
4023
11777
3573
6213
9421
4627
8411
5236
10929
5807
1770
6112
1726
7494
9544
352
4672
8295
11310
8442
9128
6652
9549
5578
4402
4475
10759
9815
11324
6253
2509
1646
10318
7162
2233
538
89
1784
11558
3542
1547
2557
2564
8966
8622
2500
12611
7489
312
6024
7703
12794
4931
9779
10891
3877
9262
3445
10023
9930
10619
7712
11423
4920
661
11992
3899
10840
6812
7042
7326
10272
240
12305
12341
2459
1842
4220
4301
6176
192
7409
3477
5056
1368
9503
10756
2213
7129
1092
7590
11507
6575
7478
9191
2320
9561
2175
9535
4945
2069
7009
3653
1113
1282
4726
4250
9573
2647
843
227
4243
8802
5463
9033
7860
11527
7913
12602
6527
1991
7084
3793
8097
2376
5757
917
10964
12588
562
5814
127
11622
8013
10134
9921
4521
151
8345
12969
139
8651
12372
11263
10163
6387
2729
6335
2684
7438
4689
12506
8953
5672
2810
11640
5568
9443
8060
5473
11002
8763
2679
730
625
266
1118
12903
8572
10168
12925
4529
8159
2785
3248
11228
9842
9035
3866
85
3820
1042
12551
4114
4486
10905
7006
12471
10569
10857
12676
724
3736
11591
8488
8623
12730
737
6258
4543
9255
2272
974
1889
12514
11273
11418
4923
4602
96
7630
2305
9586
11480
3885
7733
8399
5545
682
9001
2248
3637
8792
8728
8067
750
12298
10184
8880
10092
8570
263
12575
10854
476
5910
12858
7932
8537
11501
9888
12376
7112
3655
2905
8025
1546
12568
12718
12345
5655
6977
3149
11870
11128
639
9350
5953
1492
4901
8021
2504
10160
7652
4713
8476
4268
8036
8456
11538
6841
2337
5078
5151
8734
6080
1866
8765
3687
7665
12194
10133
5653
7973
8474
8692
7734
9723
12117
2212
7582
1864
1952
1025
8056
6831
8074
6689
4691
4447
2753
12827
8844
9137
2878
3779
9590
6378
6745
5894
9887
8076
1799
8433
9453
4971
546
11057
2886
3678
5605
10692
745
3012
8188
9327
3721
7180
9218
676
7441
11979
8571
9242
2588
8259
11005
4511
10009
2352
5517
11924
3391
6208
5738
3611
12984
6549
1999
1645
7761
6101
7794
8796
11199
8110
8461
9236
12638
12023
1448
6360
1531
8751
8879
9340
4892
1956
1172
10315
7335
6159
1643
4347
9698
3783
1179
6
6838
6880
8499
6939
1734
11800
2494
2444
5032
11225
8116
4315
5010
4296
408
7487
6328
4918
8225
4356
4022
8525
10948
12180
9743
8977
4068
4388
4283
4039
9963
6818
12138
8595
7792
4233
8133
8997
3486
2686
10215
9080
9177
7980
4715
8556
6210
7810
1173
1704
5205
980
9205
4047
9512
4778
7319
5803
4490
7087
8759
1058
6008
1705
5390
4273
6228
11743
7986
3481
11574
2572
7514
6049
4777
9974
7782
6140
10618
12543
3335
11783
5210
3567
6764
2582
9427
6299
5259
2211
3931
9346
7995
8308
7552
11621
5464
9028
10166
4318
4466
12665
12160
12642
5773
9465
2309
8419
3960
2537
10021
4024
4716
11779
4965
1005
7170
3321
10949
11810
11303
5410
8217
11972
7890
9796
529
1188
9373
5963
2731
6016
6414
5190
9493
5556
8268
11762
2142
5300
7699
6311
5581
2124
11655
3576
3509
7578
2707
4324
6050
7037
1455
10527
10534
981
4213
4655
295
185
7169
9978
10391
12125
320
1781
8950
10837
12754
8965
9988
5671
12690
5375
6886
5066
7672
4255
5088
7767
5820
11798
4843
963
9185
3710
9460
8864
12085
7457
10439
8146
3092
4637
9834
6943
1707
7692
8851
8421
6579
6608
10892
2812
9195
2319
6630
9800
4932
10041
2592
9291
4090
10757
7952
394
11683
12425
1647
10025
7408
3476
5462
12266
12321
1144
105
3606
3148
5622
1207
5717
1379
4830
198
5499
7260
10959
9434
11067
5068
7663
12601
6014
12360
5705
8823
493
12015
1336
922
797
1129
4611
4032
9047
9109
9449
9634
7805
8867
4718
10898
6456
11895
11315
6710
2359
8046
3948
2986
11432
7666
134
5945
12752
6096
53
1902
241
12565
1024
5756
12164
2388
5506
12053
5725
5968
7219
7468
5606
9145
9287
6909
8328
5934
5554
7493
8394
7057
4552
5562
8809
11745
6577
8933
4031
299
11563
8341
5680
5022
11361
309
10812
3636
5992
10088
9582
5077
1669
7853
5201
6662
8391
2757
2280
11378
7827
2109
9226
9076
1
7306
8447
11257
210
377
10251
8473
1420
3165
1004
6656
8985
5335
6952
3796
3235
11051
12314
2784
6497
9259
2937
1838
1791
11385
12709
10676
10231
12603
7790
9416
3140
6205
701
1742
5134
4638
2078
2237
9305
2855
7177
9223
8311
1762
6554
11960
4719
1256
1929
8157
6458
7762
11902
12937
718
9830
710
10563
4045
12856
1318
4240
11174
1066
11828
4017
26
1338
1716
5858
9684
778
245
12135
3583
355
7752
8749
5688
10690
9964
8732
6002
2573
10843
10572
1285
4977
5404
4849
2910
12220
3512
5515
9349
10828
3990
11223
7312
8344
10042
9392
1615
1901
1861
4010
2279
12743
10533
8086
603
2598
6131
12039
11731
10194
7004
5135
863
1694
11741
7016
1607
9777
1915
10630
5381
12906
10062
10225
10182
2411
0
982
8980
2229
13002
753
4093
3392
5633
748
1717
6077
11235
9909
9277
2117
5019
7065
5969
5623
2760
8859
6385
12870
1757
8894
2814
3914
924
6144
1334
9521
8783
7626
10363
12137
4190
5441
3728
1789
12511
9899
4677
2240
4154
2599
9038
537
1295
3227
11860
3319
9361
11108
12010
4186
11118
4168
11842
1624
1373
2316
10804
8538
11834
10323
5319
8803
9695
7644
5681
1261
7798
6287
3016
7619
6409
1433
9496
7402
2972
2203
7718
12949
7682
267
2823
6669
8065
6022
10894
2017
11782
6534
10531
8850
10457
4731
12675
9778
10526
4074
5877
11366
9617
8281
2578
2160
5839
2555
7811
5869
1242
2089
5751
4842
5972
5826
6900
3661
12721
806
6911
10338
7391
10739
8961
4006
5025
10479
2809
7025
5414
7914
12176
12913
1662
12875
11663
8132
6913
12103
3360
4369
10511
11805
2465
7807
8625
11747
6471
2704
4987
11494
8434
7097
9823
1130
4804
1039
9776
1542
106
1617
5886
11570
9175
6185
12979
8167
11472
9942
12656
11389
10183
900
5706
5122
5098
4775
7983
5035
6322
6692
10497
10451
817
10329
2636
5280
12415
12032
11733
8030
11207
11038
7201
12702
1830
3397
9976
3651
1825
3118
801
6723
526
9426
4380
1184
11096
1818
8972
9581
10431
3039
2281
1931
4654
7984
2644
3196
2570
6736
11425
11343
9607
10788
3431
8437
5720
497
12148
1192
1475
2586
5979
10781
4555
2121
9870
10366
3572
4067
4577
3384
8698
2489
6291
5383
3595
11353
6794
10785
7900
4084
8726
7638
5544
5229
2928
5423
915
2539
7318
8982
10674
4819
7935
11084
9139
913
3398
8976
5873
483
3154
6893
10978
5437
3260
5225
8542
9931
2734
1390
12177
4645
3828
12396
10223
4106
12626
7706
8264
783
5191
7375
7221
10401
9164
8719
7486
792
4803
8168
5326
10125
20
7304
8265
7554
6161
11061
346
1200
10491
12998
9897
5875
6663
4235
6981
7700
8911
11824
3924
1584
11942
7206
12399
3245
3816
5639
2378
5607
2888
9430
6071
90
5907
5587
7677
303
344
7836
10582
12136
9992
97
5845
9448
5698
8417
10968
11004
7362
12758
7942
10379
1872
3326
8172
2218
5919
6805
9021
12824
6359
10920
12080
3691
176
2446
3878
10468
1820
7603
34
7289
5362
195
11618
1691
1111
6667
5028
8483
7808
5770
8825
4678
2840
9768
9790
930
10302
6719
10595
3217
9919
3989
10819
4926
4771
7191
7530
10704
4684
2559
8922
7107
4238
11473
4752
10794
4608
1311
1252
772
6364
10611
5816
4993
11917
6521
2454
7320
2079
12586
7631
6088
4903
10416
12104
146
5663
1412
773
10969
12865
9284
2270
10044
12095
10893
7711
4083
2383
277
1675
2209
12450
5898
5279
2020
4169
4747
1505
8471
10601
276
11295
522
4613
10899
4203
3100
4365
10539
10345
11388
3318
11797
2982
8776
10282
6437
11880
12948
12561
9252
10872
7423
5322
12981
8634
5881
4069
5294
12270
6835
5138
3316
12723
5030
8535
7809
2275
6860
6925
1796
11531
4581
10796
4660
5932
3001
8199
8670
1677
10243
6188
2697
726
5350
4588
10862
5329
488
2146
9794
1103
12566
9763
11079
4554
3733
6984
6839
1552
1446
3369
3891
1222
10469
1014
3950
12460
12826
2930
5527
6565
651
10841
7372
11054
5817
4705
11146
8280
4143
7069
10760
12019
7963
6865
7279
11210
9588
9267
12390
8967
1354
2607
9256
9739
1774
11577
4269
1940
7382
12359
9024
5297
7894
10171
7522
2585
10886
6353
11050
9676
9450
1186
9854
8551
5818
8890
11550
2715
6963
5490
4040
1402
5288
10744
7238
6512
5033
3314
11737
8156
1924
6314
8754
6269
11794
1462
12646
2038
3045
6197
11691
5303
11801
268
389
7368
6516
7200
10697
3230
1777
6257
769
12950
3283
8567
4088
3915
1435
8797
6331
3209
3856
12619
10080
7806
10190
269
5987
7947
9826
11675
4807
3874
2025
7166
11855
9829
10013
10309
2082
7499
10156
149
4481
2249
8811
11216
10233
921
9614
7872
1255
9119
12070
10761
10421
10824
8446
12465
6509
515
7453
1275
3056
3474
2923
4062
3153
5989
8299
853
2664
6557
7526
5822
1523
11984
7722
1794
7723
12421
9927
10273
7255
11575
4820
3374
2758
9751
5370
575
10514
3903
11555
2251
9799
2408
1798
11939
12941
7277
12879
7600
12474
755
795
4291
6051
10910
12490
10599
3908
6089
6425
4000
11595
2944
6884
7785
3592
1752
12627
10016
10654
8078
1769
8903
3027
6329
10702
2416
9017
5537
6445
1120
8947
8400
6786
533
5075
5006
3587
2802
11723
555
12510
5121
1367
12620
5457
933
10356
7506
10181
6776
5489
7927
8729
5140
2253
2242
6268
5848
1905
11937
6206
10655
9962
92
9027
1988
6333
417
2767
9639
5691
5080
5917
9004
7429
12634
10678
9077
6544
5029
6713
1006
12774
6250
8143
4237
11919
429
6503
10297
8194
5832
12285
8962
6343
9007
1579
6888
7079
7106
7633
10573
6765
1059
1262
10541
7923
10308
3530
2737
1882
1558
7366
8436
7715
12917
12457
1212
8282
2486
2311
306
3425
11019
9404
11882
10321
6863
388
10278
2945
6926
175
1355
2118
11858
11033
3750
2430
10747
2929
5256
7308
153
9285
12191
6180
12635
9728
10174
4216
1358
1047
12284
9008
3208
10523
2736
8707
12453
6010
6468
8176
11211
12756
2864
731
3827
6107
1536
9529
1372
8870
3048
4128
5629
8645
200
2299
2831
5723
2288
9664
4162
8370
262
3046
3694
6282
7141
8472
3966
8736
10945
1167
7977
9514
7868
1067
10381
11580
5248
2152
1946
3920
3189
8513
387
2442
958
7870
4421
11776
6175
9396
11535
9147
10370
3640
1107
4632
9246
1841
2087
6417
1565
2398
1639
2083
3525
9156
10936
2367
3229
62
12299
11771
4364
6220
7625
259
9425
9761
704
7179
6217
5889
3645
5416
6898
6993
12199
4228
11633
8054
6345
10810
9905
11255
12499
11651
4485
10984
9235
2385
7558
1810
2491
7188
10498
12035
1724
1601
3440
5040
5980
5478
3941
1099
1404
11289
5694
12412
6681
12834
1159
4453
1217
12583
7605
11018
869
7802
6454
5131
8050
8685
3568
2521
12731
10203
4980
1127
12142
325
5059
4070
12697
8012
7524
4742
11383
4246
11522
8764
9112
7360
7450
10485
66
8350
3559
11469
8876
4861
4786
6649
8786
2816
2230
460
10673
2942
5027
8218
10991
2482
10
12653
11069
3900
1356
1893
4930
10883
705
1644
5591
744
1566
6739
10411
3854
3197
3639
8278
5265
3588
9592
6840
3273
8878
2216
8083
6294
643
10489
2900
5806
8103
3737
5911
3767
2075
11357
9123
5793
6990
6491
8915
12978
10746
2943
4979
4640
9916
5532
599
4953
393
9729
5798
4563
1738
5422
3186
3574
4937
4723
9733
3609
5320
116
10615
5391
7961
12759
2871
2334
8888
7334
7862
4455
3886
10127
7533
4187
4336
10724
4966
1041
9387
6303
5237
4164
8138
10940
7417
11768
7187
29
920
10292
8660
3298
9324
3871
9504
10935
1162
3716
2028
11665
11841
6935
4371
10197
8919
12569
10558
12370
1343
6910
9331
12212
4988
3035
124
9929
5397
3017
11792
6813
2677
10769
8490
5041
8813
12373
2127
2202
9673
4975
11539
5388
10613
6857
9564
6304
10459
6842
9115
10461
7403
1720
12243
1895
7982
7736
5114
3457
11982
936
5931
11431
9816
11891
4476
12274
10046
6836
12413
8128
5614
6340
9488
3934
1945
12678
7571
4896
6053
2141
2874
3442
11487
3076
7534
10336
6696
3534
1709
8554
7324
2033
10624
8358
9686
714
812
1775
8135
10616
12520
5461
6368
3329
9111
11548
6691
4805
7707
4442
10410
2347
11658
9016
10355
7332
5015
2978
3182
294
2638
4545
2377
5341
8219
4495
4311
2392
4058
2434
5897
8206
3836
6330
9445
3881
1232
4377
9461
478
6821
9948
3738
1351
967
6896
6870
7425
1788
7957
1673
7564
6523
10551
11598
715
5829
8540
7192
2589
3976
1320
13005
1544
2026
12124
11881
6189
8141
12817
6843
8251
82
637
7576
11462
6407
787
10996
51
2708
4312
3932
3137
4408
244
5447
4574
4973
2009
8362
12881
7262
11759
11931
11807
2262
7968
4409
8996
4714
4963
3672
12549
1963
4156
9221
1447
11925
12315
11170
1909
4756
10478
5305
3555
1097
2339
27
12804
4866
6242
5574
3192
4867
12784
11831
2703
1721
4857
6399
5876
475
683
5548
617
7299
4341
1017
8266
8841
2505
2689
6029
4197
5164
1283
4478
5266
2934
10967
3543
10254
386
8202
7939
1977
9343
2488
5258
5683
6441
10928
6137
5592
7861
2791
6610
6626
5551
1827
5292
12739
11136
8935
1235
5313
4999
7904
1297
6355
952
2533
9626
10287
2217
10521
5997
5212
9941
10288
3667
9229
171
2215
5559
11674
4961
6698
8081
8372
8517
1729
10679
1147
712
2716
11231
3548
9613
7911
9934
2036
5466
12461
3221
10392
12271
7361
12087
8415
3589
708
11372
2903
9381
2696
4612
9345
12816
1141
9641
6443
202
12842
2995
8937
896
10590
11823
7816
569
826
2477
10947
1679
5882
1747
5016
2410
7232
1227
5865
799
3198
12432
39
2873
11030
7077
10314
12811
7202
10845
9210
11164
3081
8871
8093
11734
10943
10250
12257
11201
4519
12491
7013
5436
1329
2487
3282
5812
3938
304
2291
1657
3417
11629
4492
5926
6797
4833
12310
5206
3180
9320
11028
3614
12878
5827
166
7608
1937
5105
9558
10164
7610
4734
5109
7426
11296
838
2692
874
7173
6230
12058
4575
2114
9862
2180
6740
6386
11286
2580
12205
6376
10030
9585
10856
9871
1819
2999
7315
8942
11020
1629
5
1883
12841
5494
3120
10205
1678
4433
6214
218
9793
9755
3222
5750
1352
3253
206
1507
9719
3418
1264
9952
12438
12312
4322
2739
7272
1340
7379
6142
9917
4471
3105
61
9479
11551
3610
7280
6075
8994
6546
1060
7109
9553
4446
4863
1746
316
8424
9424
12248
10232
8354
6296
4650
4007
10298
6056
12456
8521
8075
5069
679
547
10227
11662
2751
11569
481
6181
2861
8449
12005
6879
6703
9532
440
1197
2414
4733
3142
10775
11607
4082
7613
7674
9971
580
5315
6603
3763
3675
2560
12835
3064
1303
15
3829
9847
5609
69
4029
12267
7708
456
2148
9382
8360
10294
8462
10507
115
6997
12295
5611
8069
880
2282
3522
3690
5849
11544
292
8418
6347
9696
231
6444
5857
12522
9447
5735
796
11814
1610
6411
2225
6492
6807
1925
9152
1809
6706
5483
8704
8302
10438
6729
8925
12922
4765
8305
324
7140
3776
9332
3459
11409
11270
733
6744
4340
2776
775
6629
9745
12814
8214
11485
2065
1246
12935
2547
1703
8497
4601
11578
12762
2031
2803
3533
12968
67
3956
561
9309
1714
9602
763
13007
11676
4968
2375
5221
6828
12171
7012
1577
246
248
10093
5900
3758
1075
11657
10966
5425
2042
1463
6755
4912
10220
12040
3889
5835
2613
2615
12983
48
4438
8772
410
2267
10175
5776
12165
5387
600
5862
8365
2349
12722
10752
2161
11890
5145
11835
11652
6867
11995
784
9969
3594
6802
3206
8633
5060
9536
3951
1962
4580
5638
12240
5892
6130
4831
3523
9355
13001
10878
12342
5604
8529
2158
6937
5278
11669
4924
4865
3184
1393
12732
7333
1844
10427
4146
3823
2681
10482
623
7650
4781
7216
2419
5337
7008
10024
1908
4596
7705
767
2561
6798
8131
6158
3849
1020
6648
7714
150
2806
1504
1854
5245
6109
5533
6438
4054
7048
10077
5765
11940
1663
12420
6895
12846
11148
12733
340
5789
11720
9046
6612
6439
1287
9642
9395
1953
2102
2996
392
1023
5448
7252
11688
12065
1405
5142
3029
12851
8587
8428
12840
927
2151
4337
5799
11717
11649
1792
3470
9409
10006
1068
8839
6661
8680
1513
5411
6751
4628
9762
10963
1821
5961
12224
5516
7149
11454
4548
229
5277
12763
1063
7080
3884
3278
6463
1346
12091
6758
3147
12578
9822
4525
5728
4231
6276
6127
12481
11802
1961
3382
5287
9833
5113
1806
9044
7831
3925
4407
10158
9224
7515
6622
7817
10544
9522
1557
3155
6007
2133
5896
1680
1387
1325
12132
9146
11553
7834
3003
1122
1496
10435
11632
3685
4151
1873
2193
5137
788
7979
7716
3256
6824
976
10123
2847
8316
5349
7669
4547
7835
700
4913
2370
12017
10749
8598
10593
3659
154
472
10617
11822
8243
7316
4764
3987
1896
11643
6511
1989
6261
9042
9122
4818
4936
2829
6380
12276
1697
10153
1434
2322
215
9973
10186
10199
1382
12245
5058
10710
10178
252
7546
11707
3613
3513
1868
11811
6894
6986
1375
4450
4358
5497
9143
11023
5644
12997
9237
9184
4683
5669
4505
12222
1302
8703
12898
6869
1608
2813
3617
7133
9026
3337
6173
7621
6627
8951
2517
10568
2024
4222
4265
4799
3071
6293
2317
4730
8830
3508
1258
3251
4064
1277
3116
10000
204
2274
6618
5985
9691
10129
5586
11703
4809
12430
10815
11709
8192
6094
6266
5645
10565
5752
3350
9127
12090
5659
3515
12435
6591
3527
6472
9386
8246
7253
4634
11832
3942
8886
4598
8283
4917
1681
2587
8201
3766
8664
3777
4458
559
10574
11133
11034
9354
10623
4472
12003
3328
3151
8834
1102
3565
10248
3
3451
10015
10043
450
10731
2932
5779
6730
7893
4259
2341
2246
8686
10011
6504
12206
4647
5588
10536
9193
12929
9292
7015
8047
4550
11944
3789
4390
5467
4751
12277
6334
10594
28
10951
2612
7772
7540
12580
12175
932
11055
4985
12182
11815
91
447
6226
4004
6083
6243
4249
504
8326
7474
7311
11932
11123
7730
10340
5408
3551
3769
12933
5182
6834
99
4914
6887
7072
8667
12894
12339
2918
6423
187
4419
9629
8139
9136
3538
3367
8230
2600
5327
650
1715
1158
4105
1978
3628
4441
7088
2661
3838
2620
10604
1035
10141
8477
2077
4524
6336
8226
6501
5458
8984
409
11222
7488
10414
3847
10909
2629
10398
4303
12308
217
8142
12664
5500
10700
3438
400
2579
5547
8930
399
7137
573
1998
794
5302
1056
7222
2097
4389
8606
11238
12292
4225
8854
10212
10671
1708
10545
7445
1383
7539
6422
6541
1119
4397
1124
11967
4376
5800
9648
6615
7095
8285
5067
8722
7178
9625
391
6337
11025
5982
8153
9073
9587
9456
3020
7463
8743
10337
4331
10800
8227
9161
1083
10990
10535
12919
358
1508
3896
7544
9075
5958
8756
2162
3053
1406
3834
6651
5804
10130
9999
4008
4463
9344
9560
5355
9499
6278
11280
5296
12924
12354
2188
5739
12696
12855
11686
7727
9032
482
8681
11706
5576
2338
11753
9459
4665
6859
6041
12140
1418
4510
5491
7150
6974
10055
9685
2801
12333
4469
3061
1226
10941
10916
6951
7094
9168
7926
10849
4425
8486
6678
6907
451
1521
11147
1319
3965
1545
10059
9300
11504
3709
4895
6596
459
6631
1814
10734
11988
2409
2471
823
3406
9167
11681
7496
2604
6201
3111
2481
10426
10218
5769
9263
7229
1208
7813
12931
3317
4096
9352
10450
12236
12261
6580
10054
11611
5446
6475
610
11484
4474
3294
3612
736
1701
3383
3983
9906
10488
611
5052
11817
7830
474
4161
4184
10529
10711
12166
2450
10103
11627
5861
7143
1840
6116
12742
8144
4103
12098
12526
3999
12518
1815
8244
5275
1911
5488
9371
9807
6371
1790
6728
9928
6903
6332
8482
10764
11851
4016
6743
10942
2951
7518
5160
2081
3986
2534
3895
11144
2183
2327
2445
1897
7587
12489
3409
4108
3747
6611
576
4686
8522
2306
3853
8602
5169
1224
8507
6659
8858
7469
5767
9610
11537
9397
12790
6711
12143
4018
4646
6890
644
3955
5975
6550
12772
9163
184
11884
8333
5843
2294
2103
1194
8881
3163
1481
891
6771
5600
4359
5774
6796
3927
7282
9301
8992
7451
12202
5819
12332
10997
6246
437
2458
4487
8865
10826
2514
3324
9029
9757
12738
3591
11140
8826
50
12343
12864
1554
466
8329
12448
7824
1089
11368
8228
3944
12144
3378
3443
10606
7154
2622
12728
5495
9767
10855
1900
4624
4160
5472
10901
6788
6227
3395
7501
12077
9472
2834
9804
4869
8261
2205
8404
5152
2568
6079
8832
2002
764
7879
6654
3303
9423
11903
7434
1628
6783
2418
12954
12074
8212
12449
7950
455
11796
9097
10082
777
4163
314
9744
2983
11844
11035
8260
738
10200
3835
2554
9979
2484
12963
9791
10939
12227
2955
4176
11521
1696
10689
885
5465
728
9187
5307
5930
9216
1732
12945
1148
7581
8916
1512
1787
4697
8746
4636
7991
8757
11476
8031
5306
1943
4954
6624
1856
5962
4762
12661
1135
4695
5831
7902
3917
7684
8414
4198
3982
3482
9987
10399
390
8286
7883
568
3663
10358
5523
10669
10993
11323
11596
9041
3371
10135
221
10538
1244
871
8464
6623
888
6315
10542
760
8190
7777
2857
6045
3627
9306
7258
2269
12042
3549
5727
8032
3584
11620
3460
9476
12112
7400
6700
5348
1570
3077
9861
12911
6126
791
9689
2778
5983
5687
12973
3416
6891
2518
6942
2244
11509
10520
7505
4732
4459
1105
4298
37
297
6061
12059
9441
740
7754
11249
9489
10295
6128
4254
5656
9864
4241
8315
11283
2683
357
10879
3800
12427
9471
11285
9798
8747
5325
7091
3441
5994
4787
11763
2403
11125
2120
8364
5188
2164
11090
2108
11141
12028
1616
6537
5435
4234
11840
3648
4629
1161
3749
11682
11220
12688
5332
1886
9844
3705
2123
2191
10911
5668
8413
1751
2770
5708
1640
5343
10726
11013
402
118
8816
3266
2845
11698
4428
8646
2605
11590
3188
7941
9886
3213
5995
1969
6853
3106
6252
12880
2893
21
11206
1500
3647
6000
9924
12815
2898
11293
8586
662
8615
9384
432
2329
9628
8959
4600
9078
8263
4423
10779
8981
2901
12215
11294
2726
3824
4338
3322
2744
3475
5402
3619
1839
9171
10402
3456
11559
7257
9194
11528
8608
7668
10853
1398
6573
534
9444
7437
10201
4398
9328
2023
315
10666
11789
5376
10598
8007
7217
5640
8968
9980
2975
2779
2420
11049
4357
9572
3231
4652
1142
131
1157
5856
8245
2652
8457
1881
3346
9118
226
10180
11064
12401
174
8118
3992
7649
9303
1593
1314
10508
3471
12253
5657
4063
9484
12398
9390
1202
8565
8861
4290
5883
1027
12519
9911
5219
3550
4561
10765
243
4727
6806
3021
5359
511
837
4676
222
473
6716
5175
3040
11727
5914
4950
3998
2595
2412
579
9727
12909
2963
9179
4910
8288
8208
3432
8617
12974
10786
7118
4110
12964
6655
234
9233
5552
1321
12196
4026
1151
364
12251
12186
11109
4393
1510
8496
4682
3826
12921
9693
7317
11514
9534
4639
2153
6823
11546
3708
9034
1384
4326
1055
5584
9674
11894
8441
4467
7598
5941
6362
1452
3389
4189
5973
5853
4779
1793
3258
9
5396
1133
7000
4278
8405
4858
2538
751
9231
6494
3939
11701
10550
8006
8162
1967
9492
2091
7369
6251
11795
10274
9133
9831
8800
11321
9011
5176
1316
2917
10603
5528
2618
1995
8767
5403
2503
4514
4152
1549
7125
1112
10555
3058
9157
1270
6346
2549
1074
9068
6085
1535
9843
9365
3424
6496
8492
361
8869
4586
12230
6515
1534
10510
3119
6858
1772
7290
3115
2892
11530
8174
12330
8614
8711
572
4123
4217
4052
1619
5439
3730
12047
4461
5031
11056
4701
960
5051
11053
11252
6001
9058
12893
2836
4947
6432
2058
6295
12319
4630
4791
12157
8355
664
2883
4898
2562
1009
439
4625
6746
7912
3344
6245
11104
8242
6694
1175
12134
4244
9958
2879
2722
3495
2176
5844
3104
10027
8875
7348
4834
4997
8777
6734
12641
11009
7725
8621
2064
4245
10224
699
12008
156
3511
7987
8828
10367
6548
11670
12970
4793
8241
9808
7749
2688
11460
3469
10418
10419
1213
10680
3193
8873
8163
1968
2866
7305
3528
7464
3502
3130
469
5838
8240
3018
280
1468
12993
6172
2149
10908
6033
310
8591
1086
4271
4955
2182
10722
7082
4138
9446
8187
2954
8089
6980
4653
492
12663
11346
3811
7549
10644
6670
6819
2702
4133
6814
7139
12439
2597
1423
4122
3775
3918
1959
2676
8177
10706
2805
3894
10672
9771
9880
7720
10889
9468
3126
3066
1419
2783
12914
12201
11155
5737
1829
3037
10265
8511
1317
495
9644
4211
6129
1138
2957
876
6621
11729
1169
11862
7181
11063
12155
5553
3185
5308
6961
191
12809
1397
3751
12078
9775
4137
3772
12830
8639
3546
1658
7061
9578
1350
170
2512
4321
2635
1400
8822
10770
7243
10473
987
3933
7116
11461
3501
7523
6018
9410
12384
11205
2088
4648
7393
11119
11827
9398
8785
5054
327
2184
351
12244
6044
7231
9764
420
11039
8353
5449
3450
6851
12111
2583
10900
5872
2112
291
8444
846
2357
1259
6400
6499
10317
11440
5203
645
8601
6901
4348
11927
4708
8169
4922
1876
2328
6011
8943
7550
3136
2977
4970
4671
7387
11719
11946
10833
6808
8738
9085
5920
12036
8379
2875
5734
4065
9014
8222
6372
3662
3879
2569
1598
1743
9734
7592
4617
1528
7863
7386
10286
11490
8160
12534
11923
2318
1688
9882
12607
4100
7972
5885
7093
6300
585
9579
6582
2935
4468
33
2138
6117
2876
2145
155
2541
12072
2460
9433
12704
8643
4215
8371
3765
5796
5689
12386
4943
7623
2247
5704
10463
8239
9268
8755
11910
3514
550
1641
10691
713
4893
3916
10417
2171
12395
12986
1786
7833
4662
2210
8710
6495
12836
5290
6271
12097
782
1084
852
335
5507
1921
5148
1331
2303
12188
9702
10259
11006
1143
798
9129
9998
7295
9206
3607
4710
4593
2344
4789
12282
6555
10430
12291
6449
6395
10420
10098
63
7654
2575
1590
12805
3882
1850
5431
6643
4119
9126
443
9993
7884
8303
9341
10631
6533
3579
10554
5696
5136
6457
5427
3228
8983
7937
11680
4566
3074
9569
6020
7642
9045
11127
9485
1241
5899
5954
9452
2472
9675
628
1740
5558
3365
8112
4800
12539
8318
10834
6477
12216
688
3002
3643
3205
9473
9656
4035
11407
4351
8705
1323
4642
4572
2606
7643
1153
6106
536
1501
6885
6169
3715
12389
6721
11500
2236
10961
7448
1427
2969
4033
5090
11197
12503
1339
9220
5100
5901
8383
2049
11549
5650
641
2581
7611
1780
3238
12512
13004
10443
9742
9057
11101
9401
4383
5667
12477
2290
6171
6455
12868
1378
7673
491
5925
11954
2122
1243
2355
7838
11592
1248
3673
10504
6921
1987
8127
4426
9618
2368
8386
9375
9666
11029
3665
6601
6452
12558
9151
4501
2906
2827
3706
9009
2021
6297
5095
5540
9692
6192
4512
3164
11447
2130
501
4021
9910
30
8926
11861
10276
1077
9926
5444
11327
4537
3268
9661
6365
7662
4847
10244
8912
2107
2909
2789
5947
1493
9181
3479
2968
11165
8958
4310
1613
4760
10146
5531
5197
10087
3264
7764
11272
12570
10343
858
7503
1979
11037
1948
4012
8322
3642
3840
1293
12307
6132
3805
3526
2974
5195
3825
5632
8901
3604
3275
5386
11301
632
458
4500
10120
8435
1326
2882
12280
4616
781
8592
10986
5339
24
405
4540
5519
5373
6145
10330
7889
3943
5424
182
12116
4551
3815
4783
7597
5627
8445
5754
10570
3336
12859
4615
11478
9334
4124
8234
2043
11767
10750
1879
6526
3717
9615
2940
1626
12598
3241
995
10685
1348
8049
9132
1957
5956
6059
4768
8897
12179
964
2132
8189
6401
4304
2358
10035
5830
5546
2891
8395
7364
6037
6530
5257
2255
1260
12063
2177
11781
4328
5950
8924
2794
3207
582
11602
10735
4527
7958
12873
2310
4399
6616
2214
8717
12867
2406
2989
6671
1611
11083
1981
8193
2887
7462
4995
4508
3660
10772
11502
7614
2404
5742
1568
10151
412
5249
1745
11267
10064
9955
12468
9377
8023
1737
5252
3296
6302
910
5179
5260
3684
6412
323
10646
2730
11572
8588
7165
9293
9875
6003
12501
2014
1104
7357
587
10238
1891
10049
1091
3686
11780
11382
11011
2413
7158
3375
7447
7161
9741
10842
882
7211
9435
10481
4300
12734
321
3421
12174
6679
10462
11605
434
10921
1567
9364
12557
4166
4690
2551
7230
5492
3167
12147
811
12004
4745
11
11075
168
10384
19
9965
10675
1541
133
2695
7851
422
7276
428
12977
8149
7993
5952
7490
10647
1274
4693
3774
12391
8904
1380
398
12105
8948
8628
3564
122
2379
4448
11513
13009
10131
9892
11872
8275
4320
7719
10342
93
1019
10638
11704
11498
4813
5453
9566
8018
2421
3138
4516
8804
5526
9915
10145
1519
4549
4618
4822
1985
10737
5709
9630
10002
8812
4482
2474
7073
4350
4363
9279
918
10464
3113
9470
9012
762
608
9670
1666
4622
9070
5401
7420
10502
4335
3904
485
6856
6442
3096
9274
10216
12947
3331
831
7117
10882
3724
11803
10137
13010
4299
11898
2527
9663
11645
508
10585
12746
1773
6212
49
12055
860
5346
8029
142
3286
11757
10957
5615
11804
7259
4378
4870
6028
4384
2956
1312
2920
1332
12172
2987
342
9002
3603
12235
4767
2853
6436
2137
3225
12579
12686
11708
578
5363
9239
1432
5589
4796
1857
11711
7602
3121
804
1803
11857
9835
11227
5808
2850
10973
3315
36
3682
5020
11014
4382
5840
11721
776
2728
10325
12429
9593
12346
11648
5583
7246
5686
3463
2632
2965
6676
10608
10458
9713
1115
9399
9186
395
3658
9322
9541
2085
2110
9438
8905
4967
11288
6105
542
95
1706
12668
11161
7774
7743
7268
3377
407
7729
4875
12101
8833
4897
12469
7383
4334
7996
167
8677
8185
216
3719
2266
7071
9552
6493
12029
1231
8659
8200
6875
3644
2067
3601
12051
4802
3632
1936
9649
4794
11100
634
8339
10065
5571
12669
2172
9508
2199
1359
10571
5966
4391
9635
2663
10440
7176
6396
3159
6198
11532
6873
7314
2187
2295
9977
1366
9665
4136
10915
12823
8731
4011
12151
2769
12747
369
2672
3084
59
9678
1395
5642
3276
9669
12869
990
1990
4355
8004
6826
9806
9718
9853
7189
7196
9828
12464
7365
5128
2447
3626
6912
5038
4766
4530
11774
7966
6574
4908
6369
12920
11843
8604
6221
5367
12850
11098
12554
9839
435
4744
911
2155
1078
4374
12735
7067
9537
1877
3843
12150
3050
12189
2819
10836
11177
8014
4066
8868
10831
6945
2650
10663
12807
743
12275
11391
9249
4609
5599
3008
9677
11806
9874
8179
5539
2401
6312
9369
4703
1800
7746
626
5732
10578
711
7225
9319
11907
7747
7152
10261
12250
1480
8465
2678
8936
108
4539
8017
822
7301
12406
6313
1429
461
7695
7737
10047
2232
6979
857
1562
4740
8715
4309
12002
5181
8665
2165
5702
2126
4179
2721
10110
1495
7491
11430
4503
6338
10408
4668
5557
3928
11520
11234
12640
11730
4559
1574
4821
7339
8293
11132
3109
1146
5678
706
10683
13008
12761
11188
5978
9474
7031
12163
42
1344
3782
8070
5093
8611
9153
8267
8059
6219
2438
5165
365
7803
832
12667
3280
6677
1137
12436
5550
7278
3803
4856
4704
9464
5643
6383
8773
7389
9704
9040
3870
1975
6168
2825
3852
850
5389
6418
7394
4413
1813
12882
8294
5285
11318
9595
383
1010
810
11122
1442
421
5503
4172
3819
7167
7800
6978
10588
8829
12296
12327
12594
12325
8257
12560
6058
10807
10456
3569
10202
4113
8647
7656
7538
11715
5099
10912
12403
3408
2466
2350
8949
4978
3124
4248
11325
9956
1559
2885
1801
12064
9257
10728
11375
6392
382
5379
9269
415
1919
3161
7823
3831
2609
6480
3023
3462
12075
11560
4015
6685
7921
8137
2022
7750
12313
1776
8205
3379
10742
498
4267
5399
4872
6528
11464
12714
12226
8887
6784
11754
11999
3936
7624
4175
7168
1548
9273
11278
1848
11292
6084
9240
8668
7395
368
11232
528
2062
1076
11864
6361
7780
2391
9260
7358
300
11666
4605
5282
13006
5347
4664
8323
7607
11465
12883
7510
9866
9432
3011
12899
1070
1964
12853
3608
8642
4099
9079
6762
7658
3284
6012
5670
418
1209
2880
4037
7687
5395
5470
6342
5521
1152
12507
5024
4177
7033
690
7885
6793
11799
2515
138
10981
1016
5626
11149
8248
9406
1917
8784
11491
11935
2321
11885
4027
10600
10149
3725
11542
12951
9104
8277
1386
1286
379
553
164
9227
613
4935
12223
2361
7378
1888
10649
8247
7724
3394
3156
1515
5928
12677
11459
6657
10007
197
7551
6146
10179
6398
11647
12252
7588
5573
73
11760
3270
8398
111
12249
11007
8735
4583
10667
1478
9172
10204
8938
1174
583
2877
7412
11291
3240
9148
12048
7374
3913
10835
2740
548
12397
7760
12654
7404
3414
7302
7005
1430
4412
4853
5250
12972
9747
6693
5269
11770
12031
8527
12073
12442
1816
11722
4009
7070
11588
6941
5184
4816
7321
6305
12158
1631
8931
10116
875
7953
4845
10622
6960
2826
10641
3679
311
6415
6264
12076
183
7596
7455
7160
9333
8683
9230
10107
3537
7627
2849
12302
4992
4844
969
6638
2960
9506
6922
11364
11386
3822
10221
11097
859
654
9051
11830
9302
3711
8799
3277
10874
3403
5443
6522
816
11304
4538
3420
12154
2706
11384
602
1327
2593
957
2417
7250
11042
3428
7288
74
1878
6042
5948
9062
3973
5730
9467
12011
5841
9991
2243
247
7218
8688
5949
11866
1438
1526
709
6354
1164
5682
6136
12803
7918
985
1982
4223
4077
10906
12788
5255
9131
7509
1450
7224
4798
8249
1880
11003
11429
2749
9721
5192
2867
3697
10971
3671
8543
7090
1211
5781
2197
2624
12821
2835
419
9276
6932
7298
10850
6747
1580
4626
9388
5214
2163
6600
8306
8819
8661
9563
403
8385
881
9557
11274
1553
57
10072
5716
4221
11175
11065
2235
9562
8900
7153
9996
8662
6688
5518
11095
12001
11078
411
10783
10501
3718
3759
8403
10229
10864
3652
1394
290
1362
2480
4210
10444
9851
3494
5692
1046
9700
2797
11281
6357
8450
3243
2074
1600
9846
10723
9879
10388
7236
10012
8956
12402
7476
7103
4758
1540
9749
141
6847
7449
8276
12024
6897
9031
1583
12871
2992
2196
9378
4680
10924
3271
2245
9037
6672
12887
4020
1178
2631
339
2984
3097
653
3000
5884
10803
11920
1265
8129
3183
12262
12711
8877
9241
9966
2335
11242
5984
9840
12119
3664
749
12556
3201
2950
9308
2623
10522
4073
11725
786
9419
11000
4795
3249
3906
4346
8801
4587
1294
2870
10637
6233
8164
5299
1251
343
8733
1441
2015
2591
4582
7766
9130
7498
9098
12338
1516
10264
7296
7840
12940
4294
6068
11363
6113
10995
2278
2044
8741
6026
12108
3295
9947
5741
3547
1054
996
11746
2030
1461
4526
6006
1992
12486
7732
9789
6944
3357
12764
7731
8233
4884
12644
10629
8742
595
9683
11247
9680
3341
3094
10252
1012
11912
5610
3536
12006
4594
2567
446
1300
1525
2346
5536
4669
9950
7702
9362
9611
5821
12717
8
8408
7930
6040
10263
8484
2717
236
5590
6327
5504
6110
9939
8856
1305
10352
11739
2001
12363
5159
4165
1269
11458
5661
9968
1353
11348
4270
2821
11933
3945
9099
10045
2787
9594
4284
11258
684
8795
2441
11344
9280
7820
3437
8669
9275
545
7452
3195
12300
1013
9250
8820
10931
12278
6487
8094
10933
7922
8737
5566
11625
366
865
1360
12088
3358
7271
2641
10169
11275
4614
9574
4571
3593
10319
6609
6996
6602
7199
3099
12184
9219
7940
10798
3875
1088
12100
12207
12139
10992
3063
4055
4003
1474
4810
4297
2018
12765
6593
2621
7561
4436
2154
5871
4829
12479
3007
4859
11784
7467
2386
11254
8906
8122
4806
4098
6906
10977
7440
9716
7471
707
6067
7254
3558
10564
7989
10628
11406
1638
5905
1114
5902
4046
4797
80
11911
12889
7595
10975
902
6816
717
4201
4956
2451
12622
10904
6994
2369
2851
3693
2399
9605
6664
12411
6862
5929
8899
6998
12633
9106
7413
4116
5565
12831
1899
6285
4568
7905
8631
4387
8028
11871
10143
10010
10665
126
742
7342
3199
8327
7917
1972
4509
4456
827
8584
1291
6229
7026
7185
12902
1529
8748
10335
4036
5118
3160
11457
2507
9877
3577
10475
2546
7753
6976
8209
2364
6239
6446
6078
3500
10364
1199
12600
11826
10467
1249
7281
11541
4470
4584
4145
1702
11576
11744
5392
3028
9857
12289
1416
9290
1517
5693
12609
8547
9278
4746
7212
807
12009
1403
8654
5612
5676
12269
1413
4841
5957
12862
12071
5074
12431
9020
12996
3839
1176
7755
9212
10866
3791
5273
3531
9753
7353
3226
1622
10235
4445
8409
499
6517
12057
11581
1279
11184
2808
238
2198
3236
9323
841
7975
1514
6741
10790
1585
3771
9254
11358
3909
11414
9356
5762
45
7636
6520
11787
11452
2353
3570
2868
7990
7261
5555
8381
3088
4915
7186
9858
11712
3680
5864
2402
6072
9222
9651
12822
766
10284
9405
10365
12625
4224
1654
3646
7059
11913
514
5364
7837
6733
3291
12120
3361
1618
8016
1117
7105
9169
1483
9490
4178
11085
6774
5063
9408
11156
7929
12703
3946
8231
10069
7303
4709
2136
1371
208
5154
7384
8115
5654
11955
680
9898
3158
7190
3411
6564
4075
9813
1923
3343
4396
12715
5263
12433
2633
4604
9030
8884
3600
3069
2626
12013
12872
11117
6073
3436
10658
3274
6306
9232
4293
3683
12487
2204
8494
2653
2848
8630
7086
8077
5852
8033
11422
899
5004
10983
11341
10832
3848
9817
6560
10858
12957
6478
5486
2841
2698
12990
201
6988
12540
11233
2301
5524
11718
1214
5150
6749
7435
6848
10980
4080
6393
11041
11360
10360
5891
132
40
81
3176
3887
11644
12593
6259
2642
6589
11302
3802
4134
2843
273
6433
12623
5743
10324
2508
3290
11769
1001
5731
3390
6660
5126
8546
8479
10729
8835
895
12422
7697
532
10919
1620
4079
9189
3075
1445
9376
7359
1484
396
9758
1636
11609
3865
8679
6203
12293
4418
3103
3272
2405
907
5433
1960
1637
2732
695
5244
1245
2804
1288
7916
5330
4641
12052
4141
2010
2227
7482
5675
7128
7475
6513
11393
12610
44
2510
12214
4342
4403
6800
8095
7228
8893
11867
1543
5230
12571
5012
9943
350
10371
2863
9621
12115
6658
577
5055
6224
10875
1470
12647
12798
11495
12455
9391
9766
6476
7336
9412
4410
6809
9873
6708
10476
11848
6115
7351
4499
1892
5809
10505
264
3078
4266
11016
5394
7074
12614
8626
3498
10425
11775
4286
4706
3005
9170
6539
1863
7410
5673
591
4202
5406
3073
4264
1239
1216
11309
5384
3851
7363
1994
4974
10677
8037
2860
2687
7328
10620
4659
2545
7925
1833
9869
5043
5647
8766
10923
2970
9722
6055
6225
3857
11773
11077
12113
8503
4280
11194
9342
6465
12061
12800
2371
4578
6920
716
12109
633
517
1026
5242
11613
11342
6218
1145
6876
2407
3211
3799
2869
12892
147
5123
12770
12195
12965
12018
3434
6502
10873
8113
1556
10518
7735
12819
1778
1926
9439
6375
3210
9889
3837
4871
1479
6125
3544
12452
627
9414
8053
11879
12393
5314
4696
8079
3814
4229
2625
2755
2501
10556
8941
571
10262
866
638
7263
1670
10474
4986
12785
4091
128
3168
2372
1342
6995
3744
2820
512
11785
6767
612
8895
3449
8946
6402
7356
6281
2764
3833
9134
7349
1096
1365
12301
6647
10432
10552
9253
5999
9736
2798
12260
11448
8469
329
