9906
2997
4322
10737
4319
8704
5184
6746
10771
11420
9539
11838
12617
12808
11208
9203
2705
11925
9052
12089
2790
6846
1447
5758
5960
5124
6515
4338
8234
1042
9501
7570
11471
11799
6107
8663
5382
8804
10701
810
7865
2184
5168
3616
10539
4852
3904
8390
8102
1238
121
7934
4791
6389
11189
11693
10786
11588
8511
10916
1881
8155
2843
8918
3623
5131
8898
10955
8657
11248
11973
677
5538
4511
9788
4730
5508
4377
5041
4475
253
2443
9761
12349
5371
3959
23
8892
8405
1205
299
8917
2237
2742
4042
10002
700
7936
6623
11751
2351
12460
5362
5617
4526
9029
9755
10342
2618
11786
11544
10908
3737
640
3814
5195
5940
2734
11654
11823
11181
5587
11940
10321
100
451
3276
3091
1626
3791
1373
3452
3041
1599
8182
933
1175
10077
6543
5742
9300
6358
11175
2638
2256
86
10688
6975
8375
8879
1789
6311
10369
7341
10639
5217
2098
3707
2893
11080
3029
1061
3530
10473
1044
2872
5457
11032
8658
8806
4200
3801
2731
11916
3705
11699
11015
11066
8049
10621
8410
7933
7515
10546
2183
2199
2002
10774
3918
9417
11122
4947
1643
2630
6478
8967
12827
148
6238
11860
2786
422
10391
8640
10428
4750
8595
10059
10611
11454
3132
6349
8666
4441
12941
7351
6235
10717
779
6484
7713
1473
8599
11909
11387
4994
3875
8301
3084
8358
9979
6040
7782
8236
5331
6579
3592
8099
8252
5267
2980
12959
9002
10897
2968
8971
11087
12062
7288
3197
4664
12769
7121
12951
12288
116
2242
2441
1124
153
8332
6726
9685
3161
4842
4350
12650
12492
12727
4759
2954
1652
7866
136
7800
2271
11355
3490
9791
12980
3677
60
11979
10477
5215
4985
8542
3356
11453
11252
7428
7331
6071
12854
5409
12198
4008
655
10660
9423
11656
2201
2104
1863
10215
3542
10911
3586
5429
4040
7205
5166
7640
7063
9794
3242
5974
6816
7412
115
6699
6779
6140
964
11240
81
1417
1616
2661
2217
9627
11647
6691
6261
10046
4765
11912
8136
11308
4378
6807
732
1667
6049
5290
12140
2515
8922
170
7651
10545
4563
11891
1134
262
2499
6805
884
12637
12086
11403
10463
6031
1691
12780
1779
9218
3005
2020
11855
4464
4039
12994
1282
2015
9205
6308
8860
2159
5727
11113
3891
3296
8335
5652
5590
7311
2761
9764
4617
11776
2787
11893
7339
1370
144
8452
5737
11148
5444
8604
6346
10980
1570
4264
308
7870
6752
2810
8431
6025
4211
7142
4753
8490
3600
12446
6900
10760
6643
11110
12207
3482
4266
3158
7560
6061
1574
3180
3778
5720
8226
12340
1772
8165
425
4041
4977
7169
11050
8086
10292
134
5274
7402
8893
12419
2578
598
9207
4747
5245
6994
10228
8232
7797
3748
4945
9891
1490
284
684
11322
2576
6453
4412
3008
3051
8678
5489
5449
5741
9823
152
9370
9735
6802
11390
716
879
2040
3633
5025
588
5644
10283
10045
11363
2459
1453
10038
12102
3174
7857
10818
2033
6432
11865
2811
1589
8413
983
2692
9419
11170
8040
583
11007
8460
1390
1671
12815
7303
5835
702
6917
2709
4639
8618
2789
4705
5396
7607
3951
2420
9437
5361
2481
4565
10663
3077
5568
9210
7104
3835
1503
5952
9484
9026
10260
7067
2292
776
1001
7218
12333
10064
2060
4539
7846
6113
7775
11527
10394
4760
5641
11469
1896
168
11464
7276
163
4129
9085
2624
12909
11633
7312
7165
9446
4659
4859
5370
10627
5262
735
5073
8561
7294
424
3605
3887
7610
9547
6523
10958
1687
11559
7163
2069
5284
6934
4785
11573
2567
7646
4843
9091
4957
4373
10881
8830
2165
7296
3003
5206
820
55
12853
12393
11867
8238
3556
9163
4089
12155
12764
1583
5441
9293
720
2042
6245
12195
4485
3626
12202
1716
11849
6148
7669
11661
5688
11926
7643
3815
8937
9044
3921
5118
485
4064
12054
12093
93
7918
7759
5422
9797
1758
10650
2978
10669
6931
4967
12222
5585
4961
108
7798
10416
6252
1634
8089
6557
3919
5059
6744
6682
6462
1020
3503
2465
10278
10254
11521
6851
1297
4265
471
1006
83
109
1509
3622
9548
2485
9542
565
8256
12260
2487
2037
1232
9720
9403
98
3593
2121
1155
3741
2457
2453
349
3457
6134
2074
9614
10987
5064
11759
3923
740
4401
11307
846
1497
8828
713
2221
10066
3266
9373
4201
12825
10970
2537
9346
7069
3122
9706
2473
3251
646
460
1867
5493
7236
5486
9019
2374
2206
9486
10136
5305
12543
12881
8506
5461
9464
12554
9392
10950
7567
3157
6717
1486
2266
6469
3101
1880
8839
834
4125
6577
4735
9204
8512
5716
12631
651
1283
6320
2129
1041
12410
3762
7388
5930
12205
5923
9567
11388
7198
2521
7506
12044
1714
6137
6070
7692
5895
9692
3143
11932
10584
12221
5995
4218
3332
7457
8942
8213
4933
3839
5002
10440
5193
942
11206
433
4718
6913
5249
6094
8908
5882
4743
3037
5325
10225
3438
4095
4404
10330
11929
7556
5608
10696
256
10820
5929
12451
5501
6916
11011
10150
3728
303
11819
8059
8305
5359
7074
10272
5607
8281
1510
861
9725
3567
7611
8642
12837
4702
14
9402
12106
802
6173
6480
2189
10364
9187
10471
2306
9522
7561
1288
9916
6999
4883
11239
12498
6989
6641
2324
12599
9967
9645
2724
6820
3976
7011
6466
3131
8364
12318
9224
7965
3983
1081
8292
4728
9188
3529
8708
10863
12606
5675
12397
12992
5283
11760
3026
11069
5354
3594
5378
897
11780
8357
1777
5446
7808
7659
11281
8379
2548
8170
1368
11134
10464
7867
10238
4922
2851
7985
9648
751
1053
6702
1395
1321
11427
11313
12875
9902
10859
12429
3934
4813
12652
5490
12596
10568
8269
2673
6547
4582
11465
9831
11568
11856
10379
10169
11426
11408
11750
5762
12831
6915
5836
10457
11863
242
5260
8071
3426
1247
6904
6647
1434
5029
1024
2137
10759
11406
7874
10231
6737
4647
6310
6826
6589
5203
8709
11297
1741
5042
7254
638
8612
12591
2602
9439
7427
3127
9087
4749
9993
7504
6675
11638
10179
2948
8958
6817
10256
12569
12308
10383
12464
6884
12720
59
3419
8066
12463
8585
10591
4937
11660
4120
5423
1841
7593
3343
9562
4451
11644
2895
2024
6784
8248
6767
3137
3634
2088
6237
6796
8816
11664
1920
8682
4469
6195
3458
10288
10840
10140
2519
6935
7738
6602
11352
6761
1697
7674
8641
7285
1581
2617
11805
2213
1733
8228
9396
11378
5567
6282
12494
9677
4682
7029
1582
2570
7714
5973
5507
1765
9719
814
103
5766
7422
5120
3298
1008
11009
9252
1567
5058
10389
4592
2099
6005
9749
10036
2463
12204
11096
1803
12711
1864
8114
4219
1389
8356
6907
10199
4298
9294
9084
12900
1102
10134
9361
2720
11432
11046
5379
6791
1421
12110
11177
4035
3961
3459
7456
2392
12502
7636
7442
11555
8534
11641
9717
1797
11076
6
6258
2639
2126
7779
9561
10377
2820
9065
9291
11518
2207
12920
4532
12213
5593
12966
7391
6396
2993
4902
6201
334
8440
11874
10860
5033
9064
3053
2846
3172
10302
9354
6659
3861
2096
7831
1842
7897
5756
7546
3129
7729
8262
11421
4044
2777
9226
10934
6291
7811
3061
2365
10735
4213
2962
162
1632
6256
6387
9599
1729
8588
9068
783
354
1784
9686
2860
8529
2938
8240
3550
4671
4503
1027
1744
1108
12001
10376
11989
9119
3113
9000
4602
7517
9944
11665
3579
12866
8548
9994
2956
734
553
4939
1457
7710
836
9876
6231
888
2032
8984
9517
10298
887
5013
474
11645
9443
4627
4583
4946
3881
10651
3167
7366
9585
4949
4807
10291
8826
1887
4771
5052
4381
7884
11400
4147
5553
10191
3234
7529
10853
11787
12334
7890
10056
9041
12347
8418
842
9787
12290
10618
8053
4746
10381
9530
6810
2085
7707
555
7973
11497
8757
3865
7333
6555
3190
3420
8347
2616
10180
11959
9512
6115
10051
9333
1762
6338
1609
11047
12991
11095
3473
9815
12918
4393
11911
6905
11340
1506
10487
2642
1647
9760
1792
5471
6018
2394
941
2232
1405
1464
5106
6454
11070
379
5114
6003
2637
1469
3042
8750
2236
7015
5008
42
796
12704
5394
8764
2826
4615
10434
9061
11553
5569
8701
8334
11423
3395
8192
8671
586
9031
2296
11144
778
385
8818
5661
4382
11628
9110
6839
5518
539
997
12344
4874
4063
4783
5814
6731
1706
3776
4
9654
5771
10450
7369
8954
4351
10733
4478
3812
11186
7260
11964
8672
11908
473
442
1948
7374
2514
1012
4408
12706
6855
538
12731
10474
12364
4480
7663
12376
3712
723
4400
6299
8779
8878
8582
3734
8058
3007
795
8576
5448
9135
215
11216
989
5211
11971
3318
7528
6123
412
434
5649
4861
2248
11246
3624
1212
6561
11565
4230
12623
2658
11067
9099
10712
6687
376
378
7085
9702
9999
8321
7980
6854
4458
1
7693
4062
8824
6371
102
7482
6033
3781
2349
600
10698
9428
7479
5674
3755
3281
6337
7552
2083
1411
8396
10933
8536
7869
5250
8425
3752
11192
11526
322
8420
65
10385
2105
8268
5934
4426
4938
338
2461
737
6630
504
8962
6842
10275
7983
11486
8836
5892
4921
7050
4353
2788
11514
9223
3981
6929
481
2034
4990
4641
5388
6670
9581
444
3154
7575
4719
6607
9331
11499
11731
12860
2081
9549
9693
9816
10801
6514
8010
950
4972
10185
9314
6283
4027
12687
5685
5933
3284
5521
7242
12467
11899
11188
9612
9833
2942
3889
9895
3686
5850
2353
2565
4385
9837
4483
6373
9780
12007
6662
7255
9212
9670
7523
5889
7159
2053
5478
10673
1363
10974
8318
169
411
10137
2928
10613
5779
10509
13004
12184
12516
2423
6180
6973
6345
11090
11673
1474
6179
11022
9861
1190
1752
4030
3292
10482
5172
3847
7906
1101
5880
2493
8890
202
10671
6606
8124
898
7551
1653
11349
1678
7052
8068
3509
536
4799
12635
2647
5157
759
2425
12628
4849
236
6388
11580
3660
11381
1639
12148
11451
2774
3345
11365
3901
4293
10707
503
2216
11225
11784
6783
3488
2876
7005
1491
2819
2422
3925
12214
4764
8923
7615
11513
11766
7257
11126
4851
10744
3780
12734
9400
1003
5279
272
9611
12037
5199
2504
10541
4383
3031
10866
3979
12550
5395
7491
12659
9338
8080
3035
2586
2806
1345
9696
4051
9083
11652
5615
3282
10775
9308
7938
277
6914
3385
4848
9504
8207
5813
12427
8651
7830
2812
8676
3647
12518
6635
12482
828
4845
10192
5040
6944
12013
8703
6888
3350
12433
2246
7579
5405
12076
544
6597
9698
8353
10237
2373
6429
6212
8527
6901
12294
7711
12898
12803
5014
6637
350
12674
11726
4729
6701
4981
4303
7112
6735
9700
11419
11937
7573
7976
52
1756
3933
4136
3853
514
5375
12128
8680
9313
8645
7682
11112
7726
10907
6217
5307
177
1157
5438
1821
11417
10030
1207
2293
11541
2480
10614
5932
4103
34
9051
12455
2226
3499
8330
4908
126
2370
4996
12053
9734
5662
9568
11472
1679
11574
8274
956
6285
3948
1030
7287
11598
6203
2609
4650
657
6459
4253
3380
4436
3521
7952
12528
9024
12800
10805
7139
12241
3102
4399
6857
9520
2529
1402
5831
92
9756
3868
1736
2036
7215
11721
12673
9888
5792
10961
4358
11846
73
1786
10642
3917
9171
2498
4588
8719
1591
8359
2633
10617
4098
9709
1645
348
7540
2743
2072
12261
9334
10982
7580
674
6969
10131
5680
11739
2331
12396
7744
9366
1071
6725
10631
7794
2414
11156
580
4710
1798
639
329
12070
12413
7850
2120
10015
1973
5820
3800
2444
12816
10409
5176
5174
1499
722
921
12588
4707
3929
46
11235
10167
7203
8157
3796
5037
10900
7641
2250
11042
3682
7773
2125
2178
1063
6126
4781
7606
16
7337
2412
1153
10078
3977
4612
5268
2867
2393
3912
3348
11685
529
5669
12026
12165
7929
8897
8724
12123
9309
2062
5887
11884
1496
3578
10310
3906
7248
4905
2929
1534
9209
4625
4877
9440
9838
11548
9335
603
9115
8254
12570
5656
7286
2006
10526
5360
1369
7604
4792
3830
2304
5818
3320
10399
5693
2225
355
9269
12978
3648
5338
12539
6782
10007
2118
11071
4535
2315
12887
9867
8456
10729
6159
2378
11424
7395
11672
10951
10277
5332
8822
9179
7977
12265
4579
948
4687
3311
8996
6658
252
8423
3219
6772
10832
12520
1527
9514
5336
2117
7227
12330
2267
5384
3249
5161
1260
11755
1211
8458
1315
5998
1540
8219
472
11707
11327
11765
10371
5445
2715
7928
11335
9631
12645
437
2585
4534
7527
7617
8909
4500
8972
11397
1843
9899
12535
12258
10765
11123
12719
764
12852
12830
10718
10261
9672
527
3884
6878
3178
10417
3315
6939
9835
1655
12475
4484
5660
4860
5456
3218
12254
8644
11525
8895
5069
5281
3016
10910
9812
11539
6406
7448
2595
2241
912
9454
4295
5459
9413
7724
10597
10366
5938
7058
11806
8685
3017
5994
7101
12477
10828
12097
8674
5536
9609
1750
6722
8183
7151
4952
10645
8877
1204
8013
7026
7187
893
7133
4245
129
8148
11990
11003
1630
4546
3869
5683
2433
2512
8399
928
5722
9453
7891
4680
6487
10739
2385
9656
10356
8033
1853
1358
9117
7439
9820
10903
5046
1201
9981
1391
11445
7687
559
6146
12095
4550
3577
3806
264
6853
4289
7323
8684
4704
9189
260
12375
5684
7877
11
455
11790
12997
10327
6056
7048
6043
2945
8343
4481
4853
2154
2714
5812
2783
9889
5606
7157
1898
12507
133
2319
2927
1488
13011
9140
3665
4182
11386
418
9649
2027
8077
6707
12082
3652
7709
1959
5342
9114
10985
1169
3059
10875
8832
8401
864
7700
10436
5867
10886
6456
8694
589
6315
1471
8448
9753
12268
410
11049
7701
10466
2261
3745
2156
821
8473
11606
11224
7413
2472
7200
4282
4597
4435
5564
6384
3120
4979
8706
8320
1094
393
2623
2426
25
5420
5236
6257
5463
4590
3596
4268
1332
558
8314
11963
12315
2591
8283
5751
689
11304
8857
6262
359
8030
1009
8187
11639
5623
2640
4432
5239
9365
8607
10741
8120
2544
9384
10811
12085
8728
9534
1191
12629
2952
12791
4915
1202
991
11653
2582
8439
9020
12744
4895
4122
10082
9632
4085
9924
3953
7670
10518
8218
669
2014
9733
10797
12197
238
3361
10643
3843
12078
7720
910
1747
2111
3940
345
2571
6508
4290
2124
7508
5340
9047
5418
5256
8722
10965
4932
9069
4221
2707
10802
8338
7625
2659
8738
9519
10954
9870
2744
7228
5718
7777
7887
1861
8717
644
8052
2091
12527
11895
7334
7017
11974
3711
2134
5510
3108
3433
9917
5830
6768
7557
7685
1054
12682
12256
4725
6533
4948
1569
10804
2114
6413
8063
6058
4491
11781
9515
3365
1173
6427
3339
5075
9268
7190
8312
7043
6138
10097
10286
5103
1468
4093
591
375
2695
11374
10681
4465
630
10630
7858
10336
5990
4533
1135
4903
11946
1950
2842
8094
738
12292
7577
2960
2276
12598
7108
5116
9475
11825
12902
901
198
4989
11078
10171
12354
661
2989
6286
12932
2791
10629
426
10075
1158
8693
4762
3997
4872
3028
5068
1515
10162
920
6362
3782
10020
6013
2741
12365
3497
7757
5807
6861
5732
9563
6580
812
7620
1633
5225
4251
9789
12667
3054
9049
223
1571
5981
4634
12976
2766
5689
3384
340
5439
384
254
12653
3344
2874
3285
6290
4227
6569
4523
6215
691
3985
3973
11229
8152
5786
1171
11220
5533
2128
5743
5787
1194
7618
2434
9028
1914
8605
9432
5265
7401
10605
12319
8829
7164
11273
10375
5545
9063
5544
7263
8131
2808
8032
4181
12638
2367
11589
7653
905
2100
5483
6017
4379
9793
265
11161
12519
10096
11807
2021
2093
9741
439
463
8003
8355
3000
5264
6294
9596
3058
10182
4126
1382
6296
10070
8941
7090
3799
7326
7170
11817
288
3260
8081
4698
8078
3454
1532
8963
5681
7066
5745
9230
11688
11741
12485
533
711
6112
659
658
227
6486
10372
6046
2192
7623
10437
12911
11466
6998
5558
2805
6289
1879
12171
6391
7957
6881
9279
2488
5967
9772
12880
49
12153
11668
2448
12658
9508
3674
8028
4824
12819
2281
11141
5031
7024
11059
10895
12306
4317
7217
3788
10441
2376
9571
11348
4717
3460
7822
7825
11736
1334
3945
10873
12856
9767
11889
6139
12175
9307
7925
10312
12201
7349
4037
8273
2218
3513
4606
11763
9021
12472
1147
6568
5535
1614
9138
622
8729
1444
11601
11447
10050
9955
6903
1416
847
8597
10227
4581
12924
9174
12630
1897
5487
1815
1572
12452
12310
5087
2286
7676
10316
10572
11614
2780
7488
11136
4700
3638
1250
4066
6300
11813
5165
4036
11607
5852
6770
12077
9684
1060
3744
8926
3071
1963
11662
3974
7300
3269
3481
1565
980
8735
12215
2935
995
9302
1644
6090
5323
5750
2934
976
6471
10202
1662
9032
7530
10048
6318
4825
10220
3211
4448
3139
4308
2311
7559
1467
11711
6382
10814
10239
8742
5921
8760
2249
608
1289
8296
10451
12055
7239
3771
4661
9442
11886
10511
7000
866
11187
361
2858
9545
10452
5782
12160
3362
10644
4587
1140
4180
1047
9075
4691
1660
3259
9473
9113
9634
11571
6876
5266
8445
11130
12883
1631
7514
8169
478
8424
1343
4097
12702
5560
10387
10421
2750
3785
1106
1076
2255
1304
3299
11275
7558
398
1641
3818
56
11132
4428
6334
8022
6521
5797
2290
8005
6271
11496
8008
10177
7603
373
3833
1783
5004
11618
2279
895
863
3746
4185
6672
3930
7805
11709
7803
1504
7818
2211
9538
4335
3537
10767
3015
5671
849
9470
8936
6565
1088
10360
5621
5226
649
7923
4802
12789
7854
5096
10332
8781
8467
12377
3511
12101
331
6763
6539
10190
8271
547
2652
4941
930
11753
11529
6495
7762
10438
1144
12352
3803
2233
12122
6629
9965
5687
11242
490
6086
5386
9273
9434
7462
19
610
2489
11682
11289
3838
8743
12296
5399
8809
10566
8732
1077
3337
6636
3155
4323
5703
3505
12399
9220
12557
9215
10152
3140
1477
2277
3768
12514
10287
8009
8482
4254
1952
10069
9675
4486
1606
924
1215
1960
210
6265
4544
6563
2984
12141
12065
7545
8770
8113
9808
20
11180
1148
11031
10672
12461
6341
3555
8910
1731
10099
8823
10405
2109
12126
10323
5099
9885
9525
5442
12999
12715
12325
10285
6527
5759
1286
7110
11944
1780
5638
6974
3149
4699
507
5015
10602
8015
11671
7722
2163
2606
2102
11643
4025
4398
6603
3893
4096
12947
3436
2649
4531
4834
5240
7111
10772
11712
12762
12510
1258
2229
11630
6534
878
4564
8082
12350
3758
6743
8372
5949
6505
12142
1808
2445
11646
12566
760
11326
7409
11184
7628
612
3681
9013
8935
7466
12983
6095
1372
10517
8313
2739
2589
11405
7679
7415
3088
11624
2161
5927
5658
3463
2496
2831
11950
4869
11121
470
9353
4352
9262
5914
7571
5286
6545
2064
2046
4770
3700
7147
5798
10549
8002
7140
6982
12850
12785
9395
7718
2210
4668
12388
8689
6232
6301
7601
5626
9663
2180
5229
8637
6956
8907
12277
6390
7739
6012
8327
8611
9465
11106
1340
1209
2415
11583
1156
12939
6030
3714
10682
3655
3632
1419
11858
427
4207
2797
7309
7880
11204
9487
2584
5828
6852
6910
6124
3991
7390
6239
2636
2391
816
3125
4823
788
10019
3863
7501
8531
5821
1438
9884
6331
5141
1892
1871
1899
499
12935
2313
8520
11276
2285
12676
3543
10282
6370
6860
7594
6175
3317
8501
7196
10756
12182
11201
7982
1242
44
6347
2626
1459
2500
10404
416
8215
3413
371
10686
11802
10016
2408
10652
5328
10740
1378
3965
6632
1273
5113
11904
3636
419
9306
5503
8999
12443
3389
10647
3410
72
4959
4363
2382
3115
6937
7355
8805
8789
8560
8018
3109
12956
9968
7071
12942
1982
1070
10104
2932
12603
11586
3474
2360
9286
3023
4466
7262
11368
4020
4142
8311
1754
1964
1117
11921
10734
7576
12114
11713
7246
8429
5051
12609
493
1476
9739
6872
6741
11530
5089
7895
6622
2198
6244
1615
9355
10183
12299
9162
8300
10615
5137
4461
5048
6605
2961
12835
7969
4067
2475
2354
8788
10304
11873
4916
6082
3540
4820
841
11402
495
12802
12743
450
596
10033
1819
978
2112
6342
11670
2856
1807
5589
5160
7012
9006
12770
3489
11200
2383
3570
633
5458
3214
1241
6314
1505
5275
12313
8205
10132
8443
5520
813
12657
271
524
2859
5516
12480
6317
7279
4821
1838
2853
2076
12613
2430
10135
1396
8751
6614
1613
5302
10333
9116
12873
531
11616
4855
7161
1742
114
4814
10034
6437
4445
11265
3587
8437
6993
11832
7304
8584
7634
5093
10012
157
9489
6213
1818
9980
7452
2258
11826
7963
5021
4310
2779
7817
7192
4589
2388
6080
9356
521
781
10835
12242
5552
6422
11836
4604
6865
6475
1840
4258
10031
10690
8888
6530
4212
3068
11143
11034
4194
9915
483
11481
8159
1224
9668
7149
11097
4472
10670
11318
7083
6601
11845
3202
8573
5517
1125
7324
4897
5047
12199
9527
10460
4548
11920
9544
9784
2503
7590
9947
7152
4573
3062
5699
12809
10011
6709
12642
9998
7184
11742
7094
6142
9277
1038
10798
1150
10561
7258
12752
12845
7889
5677
11195
8472
2028
118
7912
10210
2613
6497
11045
12611
3739
8160
12521
3231
1139
1794
12790
1617
4773
4410
872
6081
9879
6600
10125
8106
5594
4616
5955
1206
11987
3427
5713
3487
9144
4976
5664
12544
4738
1993
7342
6102
3531
2882
9318
7806
1359
7336
5581
10896
6409
5512
2259
12989
12024
10538
1814
7829
3557
10635
7698
11163
486
6133
6482
2468
10039
11785
11073
6166
4560
7500
8422
7393
867
6369
4280
829
1795
10941
3716
984
4189
5159
370
4950
5781
4893
11962
3207
12162
12041
2693
5916
11564
1947
11008
12474
2678
327
7978
5506
7904
3327
2804
3813
6546
10516
12675
11998
11546
6985
12753
1661
2723
8483
4621
8194
2065
2594
1119
6425
1268
9988
11277
7160
2009
12792
4249
12316
9211
5273
6152
10354
11138
2921
11182
9070
1778
4009
9518
2539
581
8297
9647
1237
2629
6715
5248
10065
2047
10636
3765
8648
7003
7298
3176
6048
7876
4456
6689
987
392
2967
5385
5666
10971
8570
22
12889
7414
9008
8344
1121
6624
3330
7469
11452
4584
3685
10946
3475
9853
11927
3094
4968
10560
3201
6415
807
7702
1595
7202
4355
5369
1178
12490
11212
4543
12183
12730
7512
12422
6933
7599
9431
11861
190
4831
5259
3538
396
11907
7845
4380
4231
6366
1986
628
3103
6414
9616
5162
858
5655
10470
8109
2010
5618
3535
3829
6177
12497
4497
1622
8720
8510
408
11051
3288
7689
9845
11582
12057
9773
356
4637
9311
9092
8669
11512
7569
7972
4709
8276
7272
9485
6118
12679
4920
7264
12417
8393
1428
9109
8619
10221
9898
11418
6057
12905
7359
9966
4761
7132
10281
11223
8465
12908
9624
4477
2604
7639
2502
38
3411
6832
4059
10600
8140
7440
10207
2976
283
8564
2131
2343
6529
8188
9425
3495
6780
4252
3551
7078
1548
12058
3756
1910
1064
5937
5191
5062
11392
4127
10124
1485
9298
4796
2381
8902
4510
2557
9976
6996
4772
12814
3928
2004
8610
314
8495
1090
2239
6822
7821
18
2080
9925
4087
1824
10500
7526
12916
9258
2655
6948
3582
1928
7820
12499
11898
12626
6685
11968
7954
51
1592
6789
6943
1967
11627
6627
3472
11099
2283
2996
5181
7297
9101
6417
11251
175
1103
6991
3177
7910
4262
12441
3323
9613
10129
2476
8277
7946
9588
11245
3591
973
8029
8323
12064
9401
1773
2689
8257
9667
5205
298
5261
9376
4790
11238
3232
12712
6420
6957
12027
6676
1313
2419
5941
12927
3244
8785
9399
5366
8528
6723
4294
9059
7888
3669
1257
10637
4530
2317
12556
789
818
1270
1394
8886
9429
11012
339
2861
9933
11250
11329
12671
10491
12822
9351
3937
8427
9274
43
10306
12961
11263
494
3468
8016
2361
9350
6874
3200
319
11139
12190
7062
9573
10821
10904
747
4343
12549
4243
7996
270
3130
8087
1516
10042
4048
922
5263
3566
8808
1612
7290
2427
2464
5735
3465
2950
4370
10945
127
6977
3014
5397
4865
9516
517
7832
12046
671
10997
1410
9426
8184
6473
4104
8146
11611
7941
9405
6395
5076
9694
8800
3358
6501
982
2215
3355
2016
2305
4216
7908
7988
1184
8270
10594
12188
12302
8848
1781
566
8291
10209
5878
8223
7417
7810
10810
5595
11803
4975
11502
12505
10525
860
2607
9254
2289
8843
7642
8351
12639
11919
5634
9449
6549
10126
12237
8398
11168
4885
936
10479
10963
7421
6162
7899
1511
9986
601
7075
9969
12738
10813
6221
4654
2566
2170
7098
3354
5462
12118
5083
6260
5926
4418
8880
5614
4425
6465
1822
1524
8241
4934
5574
9241
9076
11729
916
12776
4235
6681
775
8507
9414
9038
3790
2891
4632
6105
6084
6902
4374
6909
1381
6160
10728
12741
6110
1413
6207
8492
7392
2924
281
10646
11967
7629
8302
106
11362
200
6633
6499
9249
8050
1330
7616
10949
1045
2439
11943
183
8260
4284
9057
5470
3794
754
4909
11738
12223
6649
8734
1403
680
602
11881
8017
11655
4692
290
4101
4153
8326
11939
1328
4498
7770
8193
8643
10738
5556
4805
11566
5794
5648
10915
2664
10094
124
9287
7635
7763
5619
3274
58
2429
10547
1465
9374
9248
12759
7008
4624
4001
2350
11001
2702
6873
4490
10632
12295
9765
7252
5774
9911
3286
3206
4324
12152
1586
7662
8243
3092
9436
4601
4327
3307
4660
1188
12225
2817
2320
2669
9832
4570
12897
6136
6075
2839
12028
9900
6560
9371
4415
750
10959
3262
599
249
6353
6254
12378
2431
7993
11835
2900
6266
8478
4708
9783
6587
4736
9847
8466
11133
11986
9160
7321
7602
10994
12895
9839
1927
7630
1674
6178
6714
9343
5150
7765
6640
3434
5862
8681
11270
6433
2364
8727
1980
806
3386
11341
11450
1219
1489
10234
2646
9507
1460
5148
9856
8733
4260
258
9139
3331
8992
8348
11219
61
12083
8055
4234
10245
5714
11215
12453
6845
9736
11841
934
8600
10057
845
10060
2543
8844
2372
6970
6706
6319
5563
4808
113
5479
1738
9666
11173
7123
4965
4003
4784
10783
381
11850
10206
8278
9184
3766
736
12602
5017
8322
3888
8707
5668
6705
10127
1577
3729
9594
2066
6571
4727
10851
1923
3179
12748
9541
7410
4143
4956
9897
4798
4375
7751
4152
10189
10662
4822
4804
4598
11062
9190
8776
491
10384
8200
2666
6897
11321
5891
12501
7647
10414
7049
3182
2101
449
10506
1856
7068
4406
8293
7539
9743
10241
5620
10348
8307
2632
5104
6079
3295
1705
10844
2651
4395
4006
2338
12218
7680
10063
5010
8459
7843
5909
2657
2003
5822
12279
1385
11257
12447
6518
11303
6899
12496
12772
660
2479
3878
10435
6463
4545
2770
1397
8382
5583
1350
8189
1934
11794
3273
611
2722
4720
2608
4713
6753
10557
2974
125
11185
11091
822
5629
8562
3210
8964
2132
2172
11977
4100
501
5628
75
2008
3241
4069
743
352
5711
3809
9713
688
6558
6841
886
11910
11398
9922
3980
8287
11489
8968
9790
8496
3363
3352
2254
11961
4973
173
12193
12120
1817
12368
5153
7745
4697
10158
2713
268
2363
7127
10263
366
12709
2220
2087
12987
12245
8794
12311
457
9490
4171
6799
12615
4148
4021
6535
7605
10373
12372
6154
8915
1120
11043
1308
1050
2667
6065
12578
24
7114
6684
4862
3662
4603
8945
5
12389
7224
2466
667
880
6819
2668
6364
5704
5853
5954
5086
9158
8814
7168
3784
3604
3931
10502
2067
6628
3500
4002
12359
6273
8284
11203
9639
7732
3052
2530
7741
7879
1801
112
1849
5631
3898
8995
9280
4446
6293
399
2490
1186
11149
9983
11678
3759
4999
5351
1463
7788
9186
7660
9012
12718
3310
5170
3012
9027
4072
8416
2115
3658
6732
6667
7783
1303
3388
5393
6980
12034
4467
2380
3857
11637
5488
7926
11145
6097
563
3441
11922
9375
2369
6053
4050
10809
8141
6961
1146
12238
10145
9357
9178
6441
1710
3347
10252
9748
12253
8574
7332
3690
4119
3607
2314
3397
8196
3907
9349
12763
207
7305
10940
2055
9251
8069
6849
1113
12717
1229
2071
438
279
7756
5591
6653
6871
7999
12020
8638
11373
695
729
9589
5214
10406
8266
1052
799
4558
3033
167
9662
8659
6183
11581
3654
7302
5045
3405
9244
6496
9586
2041
582
8417
2558
7485
7204
10289
12416
765
5865
3229
11296
7216
9016
1573
7837
5024
8533
9103
11649
3376
5347
3387
4471
7807
12950
996
149
5971
2911
5838
5368
11205
647
11028
5147
9185
0
9469
3753
5377
325
11227
4525
11983
2883
5257
10047
201
8174
5943
5413
7060
2916
5795
3554
2318
1546
6695
1131
7492
12804
10589
11980
8768
6361
8385
12119
5115
2524
5754
10972
11556
1951
1362
10574
1753
585
12641
11393
4672
8076
7347
7981
9122
11679
4970
5980
8185
10431
2214
4391
8609
8462
5277
7172
6618
2854
3798
1657
12876
6172
3189
6481
7313
8400
6335
8530
9848
1057
2560
9655
7484
8042
6987
11772
1991
3896
2903
12125
733
11169
397
10700
4326
10848
4562
5525
8092
5258
3080
6992
11636
10141
6270
5427
6263
4007
7848
12526
3283
2082
6720
10858
3575
309
6536
10446
12103
5676
5233
10194
12593
1525
9121
11021
4094
9107
2910
4912
11083
4240
7487
7986
11159
11319
5896
4304
4077
6287
10513
675
1439
8237
429
9408
5551
10781
6787
7761
516
5129
2682
7477
2328
5212
975
4894
7023
11597
12010
6485
7542
8813
4899
11414
9671
5548
4626
246
6652
785
7509
1554
3999
9320
11310
7354
7022
1292
12604
12224
5873
11036
10085
9330
8655
7025
12159
12004
1712
1683
3278
10512
12252
9546
2592
293
3834
11818
7655
12100
10216
748
8987
11793
4714
1637
9025
7871
8522
12298
3842
10861
2580
2495
1846
10448
5979
1062
5790
10845
10653
368
9577
7295
12300
572
9386
6544
6838
2834
7079
7997
5407
10776
1436
1810
3603
4138
9710
4681
2862
9770
9500
4914
9394
3227
11369
4980
988
4649
534
9153
2297
4536
10879
11557
6919
3493
9641
10363
1648
10927
12563
9560
3252
4998
12075
1424
10490
12361
2307
5419
4516
6470
4179
11399
11667
990
4927
12133
11883
248
3909
6844
7553
9920
8889
4644
2235
7447
2953
12670
10089
10337
2274
11694
12998
9532
3972
3303
3043
12903
11142
6950
8523
10268
11054
4817
11658
5321
8981
1172
10763
1974
3504
9946
7343
8272
5485
243
2686
12069
5391
5925
9372
9296
3664
710
5143
959
4924
12342
12733
8508
2995
257
12572
10742
556
8606
12468
9468
9745
4336
6027
1294
3225
69
9089
12329
12930
11272
3479
11537
7942
11367
12016
6022
7106
8713
11691
10265
382
6785
2421
11101
2700
2598
3415
5497
10529
1455
2460
7329
1564
6489
543
2864
10655
7748
11680
8361
12353
9112
8567
10991
10789
5854
12367
9412
11769
11625
8407
1593
4917
1651
3522
8549
1007
7524
2043
9498
467
1823
8876
4724
244
3055
12391
2141
9905
285
12369
685
5875
6381
11570
7404
4726
3914
6464
3406
6500
10120
6128
9206
6385
6512
1049
6303
39
6793
3018
5870
12019
5753
2907
12729
10146
7937
10877
3757
1128
4349
263
12087
5222
7396
9952
7291
2759
10400
7451
3321
3986
3680
9633
515
8409
2545
2869
4495
10109
1082
10581
2716
6615
11762
7211
8328
11072
12404
1228
5158
731
12247
7686
6756
9528
875
10119
10891
752
9566
3597
8786
8692
1137
10107
12960
8827
1265
7145
11878
8121
2316
2569
12219
11538
3650
962
11202
131
9011
12459
2185
9147
12018
12320
843
5817
3797
7310
11221
259
6593
1059
12562
1004
877
12597
3807
2219
9181
1601
11612
1877
4488
5746
4611
2675
431
11631
5171
3747
12493
7476
8227
2272
1018
10555
9191
1393
213
12793
3817
4619
5523
9799
3346
2550
10274
2133
7727
4423
9292
4983
5953
4203
9319
2902
7621
12127
5637
3336
4345
7226
6596
6324
4188
6002
7533
11288
11102
5633
7721
894
9806
8801
2981
6108
11284
3629
4241
9864
3713
5424
10612
7778
4585
4054
8697
10838
8098
7764
10542
6757
2958
5145
2177
10747
5452
12708
1142
3942
7407
4305
11302
12757
2520
9472
7755
613
7555
10449
9939
1217
255
7282
7076
12002
8516
405
3873
10229
12513
4633
668
11459
11254
2785
6001
2252
9687
3894
5244
7932
938
5640
1271
8105
1022
11000
9570
2620
6566
5884
12632
9393
328
10040
363
8866
6795
6790
7851
3199
10017
9602
3699
5996
10028
63
4509
4574
6678
10157
8617
6386
4652
715
1494
12079
8245
11822
8539
9751
9471
6680
718
9826
4123
2284
2768
8023
792
2712
9450
7370
616
10676
7232
1526
12304
9942
10607
1151
6379
1500
12191
11590
10762
1755
3221
8854
8388
3020
5851
9805
3045
4193
4918
12728
9421
5242
5610
5613
12150
10616
8747
5253
1855
11952
604
3275
8791
1067
9387
11767
925
2680
7587
5692
3370
4754
8853
2026
445
5775
11253
3451
9097
8354
11758
9937
3590
5911
4263
8345
4913
10248
3341
6959
12990
11852
1409
3382
2023
7754
2335
5228
273
1356
1717
3425
2167
7148
4596
5565
11689
6562
1895
3704
10204
7684
1293
10984
10677
1185
12646
6120
3193
4613
11438
11773
11991
542
10462
11992
11605
4586
5327
1858
8661
12025
12531
9235
958
11258
4459
1682
10528
4170
1326
7984
3966
11619
6921
11171
6259
11663
605
6143
784
5186
12230
3877
3742
2326
5698
7961
7631
12751
6859
7181
6911
12228
3239
12946
12382
461
971
5686
10706
187
6925
1300
6833
4070
278
1719
10839
12781
11484
10571
5636
5094
8519
4744
7245
4971
7021
10530
500
9046
6490
5202
1976
5074
5403
2711
3621
1210
9096
2925
5034
5301
9841
11587
3089
7338
11683
513
8112
8498
772
2832
6408
3277
7480
12196
8084
10101
10578
9299
3947
4935
9638
7505
966
10668
6267
3880
6604
10497
9312
2455
4312
2833
4904
11218
8863
6829
11642
4238
2308
12281
2694
773
5624
8497
7403
6374
1997
8556
6410
6365
2809
7405
391
5334
2000
1857
4396
1068
4665
5349
2740
7379
839
8392
388
4302
9
3195
12567
11249
8117
1787
11339
8147
8884
9328
6834
9758
6147
11839
9982
7274
29
9379
12587
346
5504
10168
7322
3848
11024
12690
6748
5912
6620
5646
3123
8449
10480
5802
3936
12291
8752
3870
1196
12506
11343
11315
2295
11890
3816
873
1533
9912
3895
6590
12975
9481
6696
9701
11114
6503
2732
11458
8944
5673
2339
7430
2605
1925
1380
11146
11804
1026
5893
12973
11978
6064
11837
9771
6191
9322
3423
12874
8635
10608
876
8957
8778
11060
3467
403
7688
10829
3271
496
11697
8119
1673
8870
5238
9304
5584
5592
10606
4722
10603
6460
9908
1065
2162
4936
12170
12870
1110
9676
469
1193
1379
1236
3539
4166
6986
11975
2971
3609
220
7903
4454
7836
9007
10948
3760
8164
6617
9728
225
10664
7167
1404
2583
4117
1905
12035
326
3620
8093
320
5318
7117
7935
5785
123
10485
8695
4354
11966
9635
6439
1811
9840
5227
12832
8211
8279
191
3659
7568
7353
8871
3253
9766
1466
7283
8754
10010
1728
11761
3710
10447
5271
882
9691
11243
7270
6069
6316
8616
1160
6472
3668
1700
2171
6211
9829
6109
7562
12366
7109
307
10444
5001
5054
6277
1423
12651
1031
2671
5179
5561
577
8041
9435
8759
315
11474
2593
6424
8168
11444
9247
2270
8933
4594
6131
645
2397
5078
8927
5956
530
12263
9023
8948
8667
9554
3528
11385
6275
8198
9800
11124
7949
10947
5101
672
11241
3209
8180
4830
5297
5546
12577
3034
5112
12385
1264
3910
2278
5269
9150
1058
6583
12009
12511
8336
6055
7030
992
9301
2721
7792
11892
12547
6598
4653
7080
9062
2801
5198
6511
9622
6528
11677
6774
3583
6976
5920
8489
5484
5877
5292
8091
7960
5082
11933
9259
825
12266
2528
4811
4274
6886
11361
8554
4257
2123
7330
9615
12282
4566
9742
5035
9558
4449
3676
3417
7250
2348
6398
3243
576
1869
8230
8250
233
12115
1073
3133
6955
8636
6660
4419
9730
1999
8025
12893
5868
3684
4190
3645
7496
1440
8572
2555
9367
1480
7146
5300
9855
3205
5278
4364
4630
8430
10029
1167
6119
1684
1492
5532
7624
4549
5761
11930
11792
5769
10524
8763
6727
11179
12071
10957
8847
11923
9474
6224
1192
12462
12886
6638
998
6073
4520
156
11396
1132
6576
6803
1508
11401
1325
5134
8677
6125
5778
6078
11984
10922
453
5210
6988
3247
8056
4032
10501
7901
11938
12091
11422
10800
10504
8580
9559
3280
7171
9461
4427
1037
5232
5221
9033
4191
3856
6155
8006
7856
12967
6435
7222
7471
5061
1149
12589
9283
8127
8201
11622
9948
5783
11019
5185
8408
835
6076
11164
7608
4140
5625
12745
12536
3001
3212
11960
10773
3722
8737
4306
10284
3900
7950
7586
12668
10684
10894
5464
12749
9989
1523
6502
7672
12439
9036
3886
769
1475
9850
1522
11384
11309
10476
6932
11294
10098
9886
5571
11016
1406
5945
5665
11584
6322
10905
1478
2227
6864
6351
1698
5180
4225
2230
9289
8154
7474
8869
8167
4963
11058
9418
12726
2399
1311
6038
11298
11988
6014
3872
5000
12666
10625
11592
6809
12768
267
6009
6205
6167
240
8961
2564
12926
1954
4643
9082
3902
7841
8668
10000
12036
377
5823
615
4394
7864
12971
2672
3294
12269
9030
3571
3687
12212
4413
3691
8263
4344
7671
2116
881
7235
1743
11520
10388
12276
48
5322
2347
1253
7531
8634
5291
9155
11604
3498
1366
7073
8746
11109
6458
4195
8947
11812
3547
855
1291
6223
8802
12479
11558
12618
506
5028
12634
8315
3989
4888
312
7875
12594
5003
4789
2049
3882
11503
5314
1307
12821
5400
8067
8441
3204
6584
4005
11236
12529
8938
12847
2845
11287
6813
12248
239
1610
2898
462
5080
5066
4609
10983
3194
4124
3162
5603
9088
653
2985
11993
4501
2089
11104
11981
1768
10939
3789
3223
541
10871
11434
1839
1309
7128
6255
4086
7054
7038
1704
5815
5601
8130
9782
10661
1263
11089
10836
6170
2885
8705
7813
955
11511
11972
7520
10071
2396
10230
10778
3153
7241
9708
3717
4068
2718
9265
712
5697
8027
3220
9836
8558
673
8586
7987
1749
9157
8108
8513
10872
9195
11798
2611
8725
7327
74
11234
698
3908
4299
7705
2627
8104
7574
9457
2670
5728
4028
10293
10824
9368
666
10427
11517
12317
2697
6928
12849
3105
6041
2650
1262
5164
4118
6226
9726
5839
2838
6493
1812
10999
4635
10196
7793
4102
11593
511
965
1940
9778
2699
5827
3715
6297
11561
10784
1931
12465
9882
3270
3708
10318
8874
8397
1141
8036
1665
3719
10307
1831
9535
5313
8150
8861
5140
11135
11648
297
5182
8819
4204
3721
8767
7667
3261
10883
5139
11027
448
2478
4112
9536
1310
8447
12525
7472
1161
2357
10314
2889
11620
1240
9003
7683
12412
522
3903
2733
9094
5764
2588
1998
12672
9102
7046
11608
10053
7708
1023
5367
8969
11255
8540
6430
7271
6488
161
5460
12409
6595
193
3119
8220
8631
2166
9810
166
1541
1364
12608
10535
9339
10258
9222
6210
1605
6377
2749
11577
2754
12585
12403
6278
2825
2621
6047
7096
8792
10032
2802
3279
10919
2926
8784
11473
4309
9934
10226
9931
2717
413
12092
11985
4287
10864
9341
3215
6981
11695
5350
1576
7372
12286
11848
5390
3333
7335
5651
12542
11888
9679
3735
5639
7802
2986
6525
3584
641
3698
5861
8261
6189
4205
9576
4557
12765
6773
12621
4334
9415
12851
10021
9509
4766
4107
5659
11575
4329
9035
12522
4031
5654
3962
26
12008
6552
8815
357
6616
8137
690
4237
9422
11747
2596
7719
687
10240
9275
11610
12243
10514
3585
4829
2888
6880
1888
1834
2654
10203
6151
4330
12073
8265
9169
8085
1862
7020
12861
745
8415
5976
1290
9608
12777
3392
9217
8246
11033
3360
2333
8620
4272
4285
8598
1351
12798
12979
1894
12532
11706
6225
1093
6582
4740
1231
5401
1640
4513
1518
11831
1994
6745
2155
9985
9973
3618
12739
963
9992
10849
11524
1642
5472
10303
6556
7195
8475
4733
11531
12655
12105
10044
3667
7872
1875
7943
9225
332
3009
5404
620
9284
4900
11700
2991
8920
1827
7970
2264
9802
11596
8057
11269
6339
648
12470
1384
9723
9250
12936
11053
9342
2470
11412
2516
2568
9974
4043
2538
5496
2769
3827
1183
12595
9896
11274
5653
12063
5175
2767
9809
11214
2400
1625
3464
10223
4184
12656
909
2906
10755
1775
8755
407
5826
5065
3625
9661
1079
7995
12779
2031
2057
6848
4561
12421
7107
10138
6284
12484
1870
12136
1553
10540
5984
9282
1836
1251
3248
11480
10593
6455
5085
4405
7828
9657
3926
1360
7715
3516
10004
6492
6504
10898
908
420
3256
12428
618
12710
2103
1607
5969
12601
8370
5701
6776
3443
9202
742
4577
6461
7766
856
5208
1222
7945
5858
231
6411
11515
10890
11286
1830
10121
1675
9569
10214
631
3569
11506
3404
11730
1323
12029
5805
5398
2575
9681
4455
12829
12448
5842
208
5022
6451
4748
939
12949
6522
5119
11228
2462
5928
1949
4642
9531
11906
2108
3560
3396
7834
10806
7861
479
3136
739
7796
2597
11075
7267
823
3192
11372
4775
6875
2690
8756
1969
5874
1529
8702
4809
2204
3021
4997
10397
12993
11545
12045
3066
11854
9628
3186
9416
12640
2416
9877
6941
1412
2182
1885
10201
6574
9869
9378
2017
6542
9264
1929
7497
3098
6960
5968
2355
4519
614
10331
12707
12380
2634
6330
402
120
8775
6765
1913
929
9172
6190
10236
5475
5725
11710
3703
7964
8365
12890
4607
1588
414
2532
8446
8552
12778
4169
8222
11997
7433
7716
8550
2147
12203
1832
11595
409
8718
1259
11115
2966
7092
119
3792
7712
7909
9801
7930
2957
12415
2706
6091
10724
9813
11757
12163
316
33
9762
7387
10766
475
7538
5572
944
2410
10564
9482
10170
9054
8295
3375
12488
5050
5513
12568
7723
10913
2052
11217
3373
9523
11244
3786
6354
13009
8034
9326
663
10527
7771
2662
2792
12643
4901
8894
3939
10133
5415
12742
564
12373
8294
8391
11383
6068
4676
53
6551
12061
9093
4247
10803
11211
2287
8930
3610
12414
4392
9777
3696
8451
4076
5270
5904
3946
6825
12912
6421
7219
10112
12633
4320
2556
10178
7042
2187
10708
10577
6794
4347
652
11005
952
10495
5605
12052
10341
6716
3048
3646
6550
289
7588
12015
12840
8153
3694
4151
5588
12200
9388
3849
40
10825
12755
9325
6015
4666
10296
4202
5432
3924
2730
8639
5272
2190
833
2325
8224
10657
10072
8061
11150
6811
7197
11233
6356
7040
11068
11768
621
3608
12043
10720
10779
6412
1145
2822
10633
8630
7706
1104
629
9267
9553
400
1197
8858
8953
12478
5187
1442
2660
12614
1441
9781
5138
4522
7189
4337
3822
1735
6029
4966
11602
9819
9010
2850
7437
4065
2553
7916
6149
2725
4313
10148
9170
6222
819
7039
2262
4580
2467
6942
10402
3255
10430
8352
1654
5524
3381
5016
3364
9095
9177
143
2482
5993
2275
5289
10573
7650
2174
8484
9126
11953
2387
12273
11897
8700
1893
12839
344
8966
6626
11100
5903
1942
4000
8730
5355
9552
11025
9409
85
1936
1764
3312
6892
5234
4696
3949
12915
7919
2359
3565
1025
6230
5837
5871
101
9690
10505
8499
7614
6870
2202
1000
8532
5707
10114
6280
3173
10115
6399
11174
10347
11293
11866
1327
9785
9997
567
571
7609
6000
9072
10166
4732
3081
1981
8647
8118
2301
9529
9763
11344
6541
10432
12098
2208
1080
1415
9972
11331
12386
10780
12158
1848
12449
11295
12476
7939
3025
6426
11734
7376
1579
5117
8758
8381
10704
8373
9166
10301
6121
7362
9506
6359
12922
10174
10340
6164
3563
10993
4015
6494
3855
12033
7790
5986
5650
7113
9811
1498
11692
8670
5019
8122
5691
12515
960
12322
1243
3117
8267
2737
9660
5387
3141
12287
11547
12130
11360
1544
8435
9857
1443
12332
12014
4991
10139
10893
8916
77
12774
6132
12984
717
11748
4060
11905
9129
4369
518
961
5719
10569
10746
6766
12859
12186
9714
6288
8366
6348
11740
10266
830
6074
12450
4788
12681
7207
5670
401
3240
7537
1796
9555
9583
456
6066
8913
5436
2614
7905
704
9494
3444
12943
568
6867
6234
4816
3379
6712
12047
6894
3085
12761
9990
7051
421
3916
8899
5907
3971
3138
9145
9929
6174
4537
9825
6958
3733
6690
4958
9105
11461
1813
4505
1225
4161
10058
5492
12649
1234
8977
458
2273
8299
7547
949
6882
4839
11507
8653
7449
11634
11336
11674
10508
1620
5627
1278
10855
1859
7494
5733
310
9128
12457
761
9316
11914
7278
11094
10753
8919
250
6836
6764
5505
8544
12226
12899
11323
8975
10988
5136
9243
4879
3663
6321
11994
4778
8046
4836
3402
6281
6089
6532
10654
12335
11743
5348
7534
12362
2240
12185
10658
5111
10315
2848
7622
4110
8199
2535
6214
7120
1537
619
8601
1336
9868
5530
12806
7057
11317
11023
9727
4296
8900
8138
3076
4474
5474
549
7489
6176
9890
3637
8316
7375
12262
6683
7450
7179
1788
1680
2890
7229
5011
10398
4297
6042
6404
10041
2474
10570
2562
2563
2456
6251
9176
6327
10080
4279
91
12050
12346
9626
10468
8110
2531
1383
1900
11407
1702
11152
4176
4026
1549
7150
1285
1456
3400
4942
4457
6798
5989
2513
1961
8690
1279
2401
446
8931
8045
4242
865
5254
12571
10931
45
7781
9359
5007
1782
358
753
5091
11443
3328
11902
7088
7645
189
4071
2964
1987
1701
10465
6599
11871
2983
3773
6697
1926
4638
3640
9695
6898
3507
2735
10968
4390
12627
9834
8518
7478
2139
4447
11475
10367
9961
3272
4424
6253
1531
7141
2901
10382
8172
1166
1152
11127
6360
2007
6828
4521
5883
209
4244
5843
5988
2641
9272
10370
2247
10102
5192
10515
6754
5723
1346
3377
5730
10532
12056
9053
5344
12338
12146
2696
12147
9814
11936
12181
6537
7350
12636
2169
10998
725
9949
7397
2992
104
4978
12583
3111
8337
11600
1357
852
12872
7814
7014
10757
7238
1275
1448
3851
2234
11364
7600
9935
12157
3673
703
10743
6060
11493
721
12654
5130
9080
5672
1771
10695
12952
4751
1317
3564
3688
10422
7230
11690
10061
10678
9497
5898
1916
6713
6634
2587
11843
1956
11686
5562
6704
4556
1371
12736
1021
10640
6671
7441
9347
2340
8521
1686
7589
2447
9759
6363
8855
9956
5317
561
1353
6129
705
8044
10068
1335
12937
1604
10165
1355
5808
7907
57
5983
9752
1860
8825
5936
6476
1329
1111
6276
2776
1016
4906
10711
7774
206
1301
8873
12314
7955
11085
8766
7900
2263
5801
1252
10944
6657
4004
3046
4575
10852
1367
7247
159
6099
8929
7070
923
12844
8557
8628
9164
9987
5547
12833
7032
5809
2492
3494
3831
6220
12231
12271
3305
9456
2113
3095
5885
342
5107
6698
5917
3416
3520
4452
10106
4529
7056
502
12955
3689
7968
7554
11411
9991
1269
7481
8851
10018
5293
8468
8020
4187
12724
10005
4261
12096
6206
12407
12500
9175
3160
9390
4159
9377
1561
4871
2173
12090
12381
3163
1123
28
1538
1979
9689
9995
3724
6703
5231
12437
8288
3329
6760
13010
587
2329
871
9143
8882
11379
4052
4362
7737
468
2303
10484
3293
8231
1115
1319
12560
8587
1011
3491
10212
11931
464
11508
6035
8457
66
6510
5679
4964
7644
2269
3442
7064
71
4567
5156
2912
1092
5381
4493
12882
8925
12696
9996
2844
2119
88
3544
3057
7419
562
10812
2999
1170
5910
3941
3334
6052
3289
10113
3643
12108
9234
10548
137
11017
7699
4192
2663
12135
8970
7292
4614
11501
3421
8699
9460
1298
10551
8488
9183
3657
8691
11266
6111
12116
3656
1851
3485
11498
1462
8622
11724
10928
3927
10346
8403
1873
9042
2683
1272
3852
2574
4273
10554
3171
11118
6103
6531
5218
6619
7423
9383
12684
6650
2469
7695
154
185
9843
5872
10567
8881
4288
8012
12723
782
7183
194
12060
5443
8203
9358
701
10709
4342
12787
569
5832
12812
5918
3340
5682
6923
11896
5480
2727
3837
9859
8538
8101
5531
7881
11540
5020
8726
3775
12067
10952
11684
9100
164
7896
9605
9154
1566
11810
3170
2309
9360
5209
12351
5063
4787
9236
3430
5511
447
1254
4701
5126
1040
11425
5738
3478
9510
4080
10455
12232
6250
2122
10408
11635
1019
11864
3534
4670
1528
12605
9729
10930
11657
4167
1472
552
4873
7994
1056
6585
9123
1048
4515
10692
2775
777
364
926
6710
3447
292
9297
977
4023
1398
5869
3166
6036
3450
9271
5519
11859
6588
11510
1575
11429
90
11485
2518
8000
9078
4291
7468
1689
10149
12721
1387
12786
5705
10498
1580
8485
5578
2540
6966
1051
6644
9769
10777
4331
6995
6304
10361
3072
147
10270
755
5097
1479
6243
10410
3606
4768
3866
1245
6821
8487
1638
4311
2782
11262
2051
9721
6194
1578
12689
656
3506
4646
10035
3723
12865
1829
10100
3093
6150
7975
5128
1806
9703
6850
525
11982
686
9768
2803
7697
2144
3357
2600
2282
4386
2327
2424
10197
11084
1912
12698
11375
10624
1233
2970
12169
3958
9345
324
6269
4366
282
6021
535
1445
5897
6196
10876
6922
11463
3580
9901
2095
8035
9447
5412
943
7373
4731
6130
12039
4341
6586
3911
10481
12683
4224
1354
7758
9323
2549
8883
8310
12285
335
5343
1214
919
7894
10841
5736
1084
3063
4512
8404
11306
5856
4371
1649
11872
7431
10960
2449
3518
9556
11137
883
4300
8064
10854
12189
9424
2855
8476
7809
8904
8744
9238
10935
10095
7188
1876
12328
8411
4079
2762
3767
1935
10521
8656
3526
1597
9863
2418
3032
5337
3612
3064
9795
7432
6457
4164
12059
9463
5434
9958
13005
8340
5962
5088
8629
2212
8993
2939
11332
7543
128
2920
241
8074
12327
10358
6397
9643
6372
1874
11433
1218
8782
1105
6520
5435
7134
11394
2056
6104
2379
9705
10329
10937
11035
2610
9849
2417
10401
4183
3267
12167
11829
9971
3975
7138
787
10334
6185
10083
4228
4673
4767
2079
12954
1239
3191
8698
6407
9281
11809
8982
5056
5372
1919
3599
1098
12747
10344
3483
10694
3957
10322
9086
4073
13002
5038
10164
3761
1299
1745
5090
5729
7735
2260
2816
3512
3508
8623
323
10785
4943
12072
6323
7009
11572
4844
7852
4487
12293
5550
9824
8741
3988
1014
2188
6686
9004
6199
12220
7367
10198
10580
1833
7243
7443
1487
10793
4340
3549
6613
2949
1854
8773
3087
11370
557
12625
5410
12233
1556
9444
3437
4198
6777
8142
1711
12795
12139
8369
11504
7053
12834
8097
6467
12732
8406
6823
3011
8840
5542
10699
6840
969
1666
5335
11063
11014
3470
7853
10659
12590
1401
4944
311
2511
968
3099
8537
5491
4106
7465
2054
4431
9130
3393
4840
1086
5308
10326
2941
11701
9363
11048
203
6037
7632
4270
2665
6893
8817
2870
36
5006
275
4711
9239
1703
7940
8924
11603
3324
7931
985
11795
3614
5908
3237
3486
8324
4794
7174
5408
12107
107
9108
2841
7591
7346
9640
5151
6971
7177
1182
221
1375
10067
6313
2547
1519
4674
2994
7637
8384
1709
12032
811
10901
10151
2356
993
10419
11199
4407
10153
3915
3477
6548
10493
9875
11594
10250
4411
9621
12885
10716
2446
8714
749
2795
8940
8793
484
2701
1746
8514
8432
11172
6474
979
5616
11415
2097
9673
12553
8675
10267
10565
10823
9005
11449
728
885
4930
2312
10674
11788
862
11455
2362
3649
6858
7065
8304
3265
7696
10921
12274
11441
3536
12565
12180
9909
7426
4926
1203
7633
2142
5678
1013
3639
1820
11222
3302
10782
10025
6946
12244
3106
946
8673
10193
4233
7728
9658
2525
5053
9194
76
12418
624
4199
6400
11197
8298
12575
2852
2440
11290
9324
145
5844
7340
6044
8303
6930
5121
12945
1966
5690
12088
6219
676
390
3825
12134
3074
8810
146
7399
1939
7495
3978
3118
2030
80
9918
12917
4907
436
9348
12384
4868
9009
12236
11040
1724
6169
10888
12957
2917
10816
195
11439
9712
8978
1452
5857
3287
4833
12121
12164
5005
6192
2892
1902
12145
7780
11330
9959
8470
300
7199
2681
4739
12249
230
4875
2193
2988
6581
9495
2038
13
1517
5991
1107
4801
2150
9642
9618
11725
10054
2506
2094
3963
3079
12445
7035
8710
247
7446
4837
3469
8932
8624
10920
2437
7352
7801
10884
8426
9056
5609
4951
9587
10869
3208
2334
4206
6891
3466
5604
9953
10492
11703
8088
2865
4507
682
9266
5706
1078
8952
3642
6759
4640
1872
12931
2411
10317
7507
11532
9278
1451
11155
7033
6885
1333
5329
11752
9165
9851
1083
11533
5194
5879
3897
404
7122
2755
6972
12523
11157
5760
4045
5339
2572
3224
10181
8221
10475
11004
476
9930
11389
9043
3322
4955
5032
5476
917
5964
2752
5433
12138
8906
9878
9651
12444
8885
9963
6010
10912
5539
5657
286
2011
5084
9874
5451
2005
4236
859
1761
10667
226
2821
9957
1512
9779
4524
9208
11492
10026
2643
4177
452
6087
1539
3935
11030
11934
3019
650
5944
1483
2873
78
6233
8011
9196
3913
11494
9221
8976
1624
2517
4910
2402
2784
10091
9197
8979
1890
9480
212
11006
6755
2886
232
1433
4600
6863
2573
1374
8803
10108
11491
7868
794
11746
7979
11314
8210
8014
6333
7460
1530
6883
3598
9564
3754
8526
10768
7408
10264
9904
10403
758
1816
2923
7816
4715
9406
5357
6889
2800
6519
678
1213
1361
10205
2533
6181
2990
532
10867
4838
1763
8377
4572
12312
10233
10764
3514
3435
1246
8769
756
11877
3697
9757
5527
2110
11696
9601
5710
5866
10259
3047
801
730
5173
5430
4443
8650
10507
9926
9438
11749
10172
10235
4061
1176
9636
12321
7136
4552
5834
10689
7266
2814
10396
12151
1621
3349
11505
11333
10956
2509
1723
10770
4010
10445
5726
11958
11165
5216
11782
3726
11687
6498
7099
12801
10808
9167
10726
10023
9420
11779
2554
7597
3572
1295
9014
3738
7860
5816
9818
10576
8371
6700
12725
11209
8772
12264
333
3943
7072
4359
2203
12662
3325
8563
6264
6032
8711
4144
5961
5702
2344
3226
37
6375
3635
3036
6573
8037
276
4919
6279
11875
2688
11862
1450
2963
3245
4082
4463
2771
11440
12811
5700
2435
1089
12379
1520
11328
9603
7361
9866
523
10469
8249
1002
6050
12914
2413
1962
10754
2857
6392
763
5901
4795
9066
2959
10523
2635
6771
3740
5540
4250
9607
4403
12129
8026
1629
3628
6101
12192
838
6063
7747
12426
12068
459
4434
6733
1983
5770
4993
837
6246
2280
8317
8603
3075
5645
10305
1096
10208
11754
12940
12336
1883
4818
11460
9669
1545
3378
11876
10243
8988
11842
12869
6449
10697
10423
757
6405
10090
9644
2059
12901
4688
12921
21
7581
1646
11190
11844
1988
10352
6240
1322
8047
12592
7162
11956
11271
4229
7269
7885
7180
9623
5526
892
5402
7002
3156
9478
6168
7966
374
5108
5763
8951
6141
1802
99
3548
11131
7368
6673
3142
1945
151
12161
7541
3984
6209
7855
2228
5364
1091
11108
8450
10794
3428
5845
2197
12797
3709
4162
5092
1659
12109
12401
8581
1685
110
2454
2603
2645
780
2181
4173
7277
7
12610
7911
5255
204
2836
9786
12756
4214
4217
6721
6856
899
8749
4571
9774
7100
617
11247
5057
10257
10943
927
9620
7378
7626
7016
10255
4318
11061
8402
6305
5611
5304
6594
5133
3004
2151
6163
726
3727
2302
2648
12691
4281
5282
8128
3573
4774
3439
7143
8229
12552
11158
8787
12661
12758
11147
3602
8341
578
1426
2684
8753
793
1726
2922
3702
304
3611
7799
8202
9098
954
7785
228
2879
3561
394
7459
12688
2955
5696
3501
4283
6792
9151
11413
9462
2368
9141
12534
8505
1676
2527
111
8100
6927
4835
11010
10917
12810
4222
12081
11479
2450
1046
141
12879
2245
10976
2484
9216
11093
2751
11554
8060
466
8242
4756
7420
636
2908
6631
7902
4886
7566
6938
12430
3576
11870
1551
11576
4984
11237
2522
10161
30
7951
8525
15
11259
9467
9499
6830
5374
11160
2975
2753
5804
10730
918
3235
9804
8943
1312
1759
10156
2025
9232
4887
386
6978
1388
9227
8235
2157
11811
6677
6890
7061
11334
3446
10386
8500
10973
4417
9502
7438
41
5529
8715
443
11198
11380
12124
1116
10962
5280
4078
6945
12398
1339
3196
5947
6067
2107
12934
12848
4940
3431
7518
7289
3366
8126
12977
5316
9659
2291
3148
4361
9617
7365
2987
7893
11775
4038
8762
1136
3027
6895
5509
6428
10736
5414
9120
10648
5177
8368
4889
2982
7654
2436
6006
11057
8821
1958
321
4755
12906
6708
7394
3993
7548
3371
337
1562
10990
12411
7383
6368
9133
3552
12841
178
4797
11086
1852
6951
1611
800
7001
3826
1349
4806
4694
3820
10343
5881
1177
10176
8589
6019
3313
5768
5715
2152
1005
11676
5899
11834
3134
537
2758
3627
251
11116
2815
3455
6072
5663
7753
11999
8849
5072
2136
4090
560
5246
1425
9954
7535
8994
2915
12824
3013
218
8350
5997
7208
12773
10472
9073
12458
8541
1324
4800
9214
11391
635
1347
8837
2747
7221
8990
12828
12546
7824
11900
2179
12440
9246
11488
6801
8083
1590
592
11279
2552
7087
8383
5235
4056
10562
3414
1690
305
4420
7464
1337
4858
3944
12111
12259
2045
9397
224
1650
12766
6679
5009
1481
10280
12582
5534
972
2231
10324
8181
188
9625
10953
8264
4992
9978
2106
8654
12094
8592
1996
3169
2409
8569
11305
4721
8233
5383
1461
122
4685
10665
11928
6034
4929
2866
12176
10583
3968
12048
3653
4430
6249
3819
6654
12456
11715
2625
1943
3823
6567
9513
1386
4880
5149
12705
1163
4856
10641
1097
3002
11354
5353
9817
9582
8780
3718
7673
1376
4468
5437
3731
7844
8
3828
1392
10595
10037
9827
3369
3810
1799
12117
1318
10357
1774
1977
9321
2268
9337
6332
526
6608
6156
9928
3107
9846
1907
693
9680
7859
9665
8090
7325
3601
12963
10458
12348
11579
8190
11342
11705
6663
3128
4866
5123
5110
11470
6198
508
5167
10842
12012
3595
1126
1800
8833
7768
12714
8162
7513
1320
11756
3769
1594
7454
6144
4962
10247
3159
11079
11951
5999
8950
6218
12423
12132
10483
11264
3263
1725
8259
387
6814
2389
11536
951
1628
9476
2729
5543
8175
9237
4239
9459
3905
10995
3150
8021
11039
7584
4160
5132
8777
11615
4695
1199
11599
11268
957
9452
5586
7416
11285
3038
12948
1535
2084
2679
11824
9050
8998
817
5333
10837
7920
12564
4163
10429
5841
12305
9125
5977
6668
10649
4826
11346
389
870
2778
8486
1720
12360
12309
9852
11771
1129
1087
6758
12648
4752
4116
505
1699
5744
10130
291
10433
8583
12576
2345
3749
10345
1656
1903
12406
3876
10074
1377
8774
9213
5079
4504
10290
11231
1760
269
10967
4518
8151
10878
4367
11965
9134
7760
3854
10556
217
12343
4388
9674
9754
1941
5440
9796
4248
8144
6868
1909
2818
6926
10899
417
489
6083
12817
6383
2738
12864
3351
1344
11351
2703
3254
1446
8209
1543
10424
8179
4348
10142
528
10843
4576
1256
8799
8739
7473
1901
1034
5411
6114
11681
5515
7863
11437
10308
12561
8412
4683
8553
9750
10380
1112
12491
7772
1623
5721
10249
12929
3121
593
2375
5102
10679
2946
10486
6797
4057
4259
1502
12794
570
10923
12760
205
2622
3164
2019
9652
9524
5946
5939
7750
6011
7284
11436
11153
12503
4482
2384
5731
11955
2092
6979
2090
5466
6818
3110
902
11260
11562
5421
5886
11154
6242
6847
2200
11764
50
8555
2559
11640
4678
1598
9537
3181
7118
9940
13006
9803
12925
4882
9161
1277
1085
10349
509
10552
7384
575
8444
12871
4022
851
8864
8031
7182
5757
10415
3073
2998
8378
5294
4527
7194
12862
9543
8070
1195
4506
694
12855
4827
12771
301
2979
8389
6920
2813
4389
10355
2176
11026
9132
12257
2068
3476
8349
7261
4578
4547
1850
10889
11020
2438
6965
10598
7225
1352
8856
664
11777
1244
9441
1430
4108
2943
5537
2676
9551
6554
4494
2951
900
2253
6023
2251
10160
9923
12174
9844
12660
8846
7077
12275
184
2936
11350
9557
8463
5296
10105
3187
1672
4684
1437
9718
7470
2756
10846
12863
3864
7467
6200
2887
9148
4679
10656
11232
9233
1143
4954
4346
4074
2710
4339
7212
6610
2612
4986
3049
10175
10393
2257
8504
1989
11483
12783
1734
5070
2168
9873
10705
4662
3672
4622
7301
17
9858
4663
7787
1130
7915
1770
12405
11482
7210
11128
498
8258
8986
4974
2799
2798
3892
10232
32
2523
11995
5482
1276
10623
6442
5502
10819
9039
4669
27
12923
520
1619
10008
7849
2405
10522
7746
11119
5417
3238
12813
2619
10721
6026
10822
7967
12868
10942
8149
7306
9865
4479
10788
6298
8887
5287
7031
12530
8928
12818
11092
627
6350
11140
9842
10154
9071
1449
7638
5570
1975
7357
3954
10996
7956
12884
7565
7749
7812
3398
4017
2764
8132
9327
10081
4628
9578
10604
11081
11018
4024
12693
1889
5026
906
2930
857
5935
1230
1400
11029
5900
8477
5200
1668
1261
3795
798
8156
1718
10752
3304
3250
10117
6045
2919
1235
10749
7082
7089
8072
3751
2868
211
12958
6247
1793
7992
3990
1127
6609
5326
3471
3112
2940
7275
11567
6661
4307
11077
95
2452
70
1933
1670
7743
9369
12049
12517
10850
3374
4333
5467
5789
8991
11917
8143
9619
5773
11207
9219
216
4605
7740
7536
1944
12435
3883
7862
1603
9862
2685
10536
4496
6326
9136
4175
12137
727
6656
4812
10926
545
11292
3301
1221
7201
8575
8442
1953
4655
6122
868
10311
10084
192
2022
8591
12466
6182
6711
6749
8428
12323
3998
4145
6877
11552
6440
5341
8872
6843
12408
1844
11038
2909
10489
12425
64
8959
10544
6734
3144
9927
7130
5230
3309
11698
10093
4689
4215
6274
4923
3065
6444
1984
8433
8173
5555
7425
4541
7344
6479
1751
10188
5847
7445
2195
3462
6674
10217
8914
11428
2300
10242
2644
7047
5345
8362
6896
2048
12307
10246
2577
774
5450
8096
1866
2931
10892
8024
2458
9142
1688
10575
11651
7664
317
3862
5975
6570
4832
12172
10687
6085
2674
4745
9775
5178
10335
11299
1302
3422
7826
6329
1804
7525
492
4172
4988
2878
1681
8434
4776
7613
12716
13000
6559
7044
4438
6827
10826
9646
6447
6236
6171
2526
10320
9707
2969
6665
10856
2243
1911
12928
10750
12540
165
3222
4898
2336
9910
8980
12431
1618
5541
7256
2875
11613
970
7319
12820
1906
7386
1727
6693
1365
12324
597
5811
8613
7364
1560
12326
3982
5144
848
8329
3030
3995
11970
3969
4686
6448
12235
9261
4133
12624
12877
8043
683
5220
6016
9650
6051
1992
7550
7091
8208
5201
10456
11162
8454
6869
8568
4134
3821
1482
3541
1563
3787
12974
940
9579
8761
1584
7158
343
4121
4777
9332
4857
2143
12508
8545
5473
10110
11191
4083
11410
9340
1970
12355
62
10378
12750
7998
11551
12663
12888
8214
12387
2018
10868
2581
5320
7839
4111
10830
4462
10833
1274
10979
7265
8509
9124
8973
7691
1075
7385
2398
11650
5788
6612
5425
3559
9574
10173
9156
11791
7886
11291
2073
11462
4075
9830
10710
9894
9040
1692
6100
5196
11789
3967
3832
2244
4618
913
7921
5319
8852
1187
579
7382
7532
1636
12400
8171
4137
10586
7400
4029
11430
11183
7734
9711
9503
4209
9883
5566
10559
4135
4528
4508
4314
12209
10362
9199
7244
35
12524
4429
12173
6416
7097
9074
186
7499
12469
10411
7612
5846
2158
10392
12669
2726
3890
5060
3372
1133
84
11129
3874
7281
1585
4847
7004
10727
5734
2828
4891
1602
13008
10702
12003
7436
12156
8687
11894
1908
5829
10620
9466
9037
2719
1255
9871
4657
6526
10601
10622
6540
719
8225
9111
5247
105
2342
4542
9600
1721
8546
6800
12392
8983
3527
1957
10024
8481
6438
8845
9746
2078
176
1663
6953
11457
11325
10420
4538
11569
8608
6208
10924
1099
1635
8387
1280
1552
626
2508
1737
415
4128
2871
4881
7873
8166
9688
7175
4226
372
3671
3615
10882
6729
1904
3732
4278
9305
3678
12647
5777
3217
13001
10027
11659
6808
6227
11098
8134
8664
12892
3952
1707
5146
5951
10163
11065
3300
11105
8494
5855
3846
3145
11495
8535
7036
8107
5346
707
904
5095
5905
13003
1122
6509
6378
7927
11901
7273
5428
2164
7522
3804
1154
1769
4439
8559
10936
2972
5252
8571
8275
4414
4421
10932
11808
7658
6188
11353
5549
7503
8551
10732
12996
3230
4013
9593
2772
3692
8850
10413
8835
12272
367
1917
4196
8280
1420
5500
994
12700
3519
670
8469
12699
623
6997
4208
10791
5864
10297
12038
9880
11409
12580
9606
4316
643
10251
766
4058
4890
1915
3424
4712
132
6228
7953
7582
4099
11064
11714
7314
11377
9427
4047
11324
4397
2631
11887
3613
5888
12131
7578
12154
8479
7124
7249
5796
1495
12040
7752
4049
3056
12000
1118
8748
10088
4114
2346
10488
5755
10219
4276
8380
10453
2288
5582
6165
12074
7280
3165
8955
3448
12735
3060
5747
8901
12972
741
6812
4146
10086
5791
12986
9045
9200
13007
7815
4433
12664
932
9664
1677
10087
10792
8974
4911
10155
10003
11404
11111
8062
7819
8289
11311
5454
3104
150
2352
5819
3
5251
4878
11519
5577
12229
7293
1331
7371
8163
8956
5299
12390
1507
487
654
10531
235
2687
10731
8019
4275
11935
2501
7922
7034
7585
3453
12737
2698
8867
6077
7795
4055
8911
6831
11948
7974
12284
771
9152
9892
8346
2222
7842
911
5363
1955
3492
4168
9505
12754
12548
67
9950
9310
5596
3736
4409
11728
5105
2404
3764
1825
8615
96
4599
1427
7898
697
8123
1627
8075
7461
306
2505
3353
8627
5630
4716
4648
12782
8054
12842
4982
7463
8360
2432
11446
6730
5600
12894
3845
9295
9159
12339
574
2153
1555
6642
10262
512
7358
5780
6688
662
11509
5803
1200
6964
12805
12694
9526
10626
1550
2551
2127
5135
3383
369
12644
9118
10043
3725
5784
12489
6328
5311
6781
3970
4779
7730
6936
10989
12168
6309
2442
3151
5043
5942
8491
12826
12283
6401
10758
2196
11778
12303
5970
3342
4016
10319
2130
6719
4569
768
8065
8286
6431
6008
8686
8394
11815
11774
6553
10790
8039
4034
3793
11840
3996
10769
10299
11632
6651
11256
1878
7840
11338
11088
2029
7234
2322
974
6184
7592
7268
11442
5793
12251
3316
1972
3779
2840
12678
8133
11176
3651
2534
889
9682
4356
7678
4786
3964
2483
7883
274
4517
406
3338
11226
11261
3955
8842
5863
11316
4793
1882
10909
10666
10295
5030
12179
5213
158
11879
9488
4763
5643
10964
2745
9533
2341
3836
2146
10723
609
11913
4884
6452
8116
11732
4315
1514
5931
10978
7084
4033
803
12968
12022
12619
11312
9362
5373
9381
12289
7019
2224
827
8308
4384
9067
4610
1341
1985
7406
10610
10834
12011
3367
9945
12607
8594
709
1267
10073
10122
12907
947
3100
5860
6578
5018
7007
5154
8865
1249
7971
6367
2973
395
5913
3429
805
7510
10300
5522
3524
9697
3445
9015
10534
5380
5295
6664
5902
3024
9913
6645
6197
804
1713
5859
8145
8565
1937
8985
12858
4591
573
5122
11560
2944
7455
1608
8859
7316
3525
11074
7206
1095
7521
2366
10817
5810
5303
4925
2704
2491
11669
7223
4758
4149
12944
4156
7435
10745
11704
3545
6229
9975
9407
2894
2601
10494
3044
4131
5992
5602
10579
11797
4139
8048
9060
8079
10218
2796
4301
2899
3264
11744
8285
8946
9260
12775
11178
2781
4197
9575
6962
692
245
10499
3824
423
12533
295
724
7742
2337
10619
4084
3319
10714
7345
6161
3675
11477
5799
11431
1458
12555
10123
7418
1066
2477
12551
4656
10224
11783
1422
318
1837
11550
3188
8838
1181
10338
12084
440
4863
1180
2390
8216
9893
12356
3228
1220
6187
7990
4210
11196
160
10929
12541
6983
5632
4269
7093
1978
9881
4286
5833
6947
1891
8217
11885
7135
8438
595
2728
12867
10628
762
840
12953
9263
4109
11578
362
11107
12255
11733
4540
1305
12823
4931
4651
2186
1596
9822
11737
5915
8614
6591
6306
4502
2428
7137
1694
5036
6912
9448
12504
12473
12438
2904
5223
9740
10761
2579
2205
10558
2406
853
11117
9411
665
5352
12988
11213
6436
5477
12559
4675
1669
10351
12713
181
2403
2896
4870
2628
9288
5455
10368
7544
6325
182
9018
6158
9173
8812
11666
4046
2760
11954
5127
9798
8095
12042
11478
3553
10443
8934
10459
1886
8834
1017
3879
11356
9458
9385
7253
7583
1708
68
5978
2877
9744
12187
7356
5963
6879
10186
12149
3146
6241
5612
1785
7835
3126
3562
5924
6646
3992
1227
4473
7733
2653
5431
11918
2086
5749
1932
3885
8665
12573
2824
3314
10503
10390
3496
6483
10006
5987
12206
6106
1109
1429
3679
7013
3070
1547
9240
8662
7389
12680
2209
6924
12267
2793
12982
7475
11796
5356
8712
6968
7045
4864
4014
4328
2708
3532
10874
6153
5044
8139
11717
234
8939
11820
7424
5288
8125
8197
9951
10847
8367
953
2947
8461
2070
706
7962
6724
97
11476
261
9245
10374
9048
5849
6887
2880
5285
5306
7028
6751
4854
4157
12509
2077
4876
10815
9919
8319
9699
8590
4782
2063
8455
2371
10353
380
1407
11300
6302
6434
3960
10159
4499
2013
12402
12331
744
11702
10519
5740
9970
11151
4360
3461
6088
6336
9455
47
89
1055
554
6402
11120
7959
365
6380
10596
3078
7363
12234
383
11827
8547
8339
594
9732
9256
4422
12581
9722
4896
10407
6788
12297
6611
1922
1600
3750
10076
8195
1971
11549
12843
8862
2039
302
9336
6669
3185
7791
2238
9914
11976
7725
3291
1036
6538
2494
3938
11534
10520
11041
5498
12904
10799
7231
11735
1114
7398
9715
10478
6145
294
5528
5163
4593
10213
196
5315
5392
2913
6908
5077
2471
8453
10013
2736
11278
9055
10052
9270
11002
54
850
3168
9090
9303
10986
7102
2160
5330
4703
12250
5709
9584
1521
3617
11609
10587
854
3588
432
3010
5298
2138
2058
6648
2937
999
4442
3258
1431
1501
7493
4658
8436
9058
10001
1809
9180
1715
10271
4132
9290
3326
5957
3860
4555
8566
9960
11193
4325
3644
10092
7377
4256
2656
9285
590
2377
2001
4559
135
1035
7360
8765
6423
7498
12579
11103
7661
1557
11528
7173
5389
9352
1766
1189
4553
903
3867
945
5840
10425
8051
8073
10454
11723
7380
2691
6866
5190
7307
1223
330
6990
4476
1306
11467
6775
12370
5453
9511
8891
11942
117
1968
5765
2386
4810
10885
9389
1414
12616
3306
12210
9807
5772
5469
10395
4321
3067
11267
11280
10582
7018
9137
3777
7657
8626
5959
12584
5965
7627
266
4693
7320
6949
11621
5324
1847
155
10359
11857
10426
2044
7666
6343
1399
10543
9964
6692
981
5599
12345
9792
12985
5642
7156
11941
6357
12216
9591
7348
1216
11542
1179
465
7105
10685
9496
869
8038
1757
10273
3772
7186
11801
2310
6655
10276
7958
3589
12622
11055
8868
5098
2140
8731
3124
12357
197
5667
12143
6762
11125
6355
10550
3135
12784
7652
3069
4551
10200
199
3661
5958
2497
6054
2827
8212
2299
6295
1074
2897
2599
5972
708
3763
5426
891
5207
12021
10918
5189
9253
4620
9962
1739
7595
6202
10827
10211
11230
3950
6418
5499
7328
9182
12703
808
10691
1791
5109
4867
4012
4115
10966
3432
482
4019
11629
9678
7237
699
7055
12178
1924
11456
7193
10
8325
8543
7166
5027
11435
6740
94
222
5188
180
679
3236
8797
8795
8502
11320
7827
12211
551
907
6272
1100
87
7444
6516
7103
11535
12227
5739
11868
11949
5557
2075
2847
9828
6004
8419
8771
11448
4332
12965
7717
12933
1558
546
8206
10906
8716
3840
5055
10831
1033
1921
3213
11345
2035
11915
2794
767
10418
5579
10496
4416
3082
8414
435
6193
1072
9257
4158
9433
1266
5767
3198
7317
9716
7703
5894
12538
9932
2510
11337
7486
11882
714
1348
8633
11816
6450
1790
6954
606
7948
4969
6963
937
5358
8578
8309
10719
2965
5012
10693
10751
2977
12512
8471
8875
2061
3412
4492
7126
4277
8421
3631
8306
4232
9887
9565
9724
550
8244
4113
786
9398
7677
12740
10938
7731
8493
2748
7917
10599
1168
3403
10195
3808
3147
6984
7847
2194
10590
5049
6039
12964
8515
4645
8158
2884
548
7213
12424
8696
172
5514
9382
1208
11853
6940
11194
6750
12337
6394
11523
4803
6806
1568
1559
11283
12495
10049
430
1138
5806
8903
2175
12483
3859
8632
6906
3558
7411
8831
1010
12807
10634
3783
7619
5310
6824
6517
12686
4402
4105
9921
1015
31
7681
6786
6666
6747
10796
11416
8621
4387
7006
7116
4223
10683
4267
3899
3233
1930
2829
3641
8660
12558
3770
11395
9737
12692
4987
2298
5647
3858
5724
12017
296
6967
10510
1826
11563
9540
11591
10975
6268
5071
9104
12913
1658
341
3097
6312
6639
8386
5966
1470
6248
8135
2830
967
11056
4470
5622
8186
229
2561
3175
11719
4365
9683
5081
7914
8820
9610
2615
12066
8652
7882
12051
4629
6096
7519
1032
5312
8723
9938
1316
12358
336
4150
8811
11675
1432
8363
3335
7789
9127
10880
3359
831
3090
1493
9201
1174
1435
139
4357
10350
6513
6307
1730
4155
8331
3040
4376
12796
4892
5576
4255
1664
9231
8602
584
3050
4444
12030
10609
3086
9315
790
9598
4677
4489
11357
6093
12969
12788
1536
5468
3408
6835
12891
12481
7490
5948
1542
9242
12620
632
8282
7913
11382
1884
6506
7648
4081
6862
4437
5559
3805
10748
11830
5752
1767
10128
3216
3581
6098
1338
4186
5243
12685
3480
8517
10533
6059
11282
4960
10563
9344
4514
10902
4460
10914
10977
5748
7259
6344
6507
9017
2773
4453
540
12697
5219
8115
642
11167
9146
4780
9001
3523
7125
12278
10365
4928
5241
10412
832
12246
214
11814
8503
10703
8905
11924
2507
4246
5776
6491
5494
2
6524
6007
8004
6694
11376
6592
12023
8204
5224
12301
9034
10328
3006
8176
2536
12767
5365
3920
351
237
10116
844
3502
360
1740
1484
4092
9776
2012
1946
7240
5155
3956
2837
3533
7944
4011
12177
9860
280
8960
11490
8593
11082
1069
3695
1314
2358
7784
2863
11516
11716
11366
3693
12434
8649
815
9477
9731
2677
12280
4742
11543
7037
2223
6804
11044
4178
7786
935
10187
4271
7878
2881
12436
5554
6739
9022
1165
12383
12838
826
9943
12394
7308
11847
9936
5890
10244
9198
3619
12432
10680
1284
11623
7769
5573
6742
1342
5406
10638
9521
12270
12341
9077
2835
11359
3701
2148
12395
12471
2763
171
8745
7924
1938
174
7027
428
8790
10014
12454
3401
12420
8342
3994
488
9590
10022
8001
7154
11903
2590
9977
9404
347
3308
8740
9228
5876
11996
4091
7086
2765
1732
9738
10222
10725
12836
5495
7191
7381
3987
7665
12099
9580
8129
8721
2933
7144
3183
10294
5694
11880
6728
6216
7115
8579
5950
625
7434
8161
8247
7453
11617
2145
7656
4292
890
6815
1408
10253
6116
986
7251
1835
3683
9653
4018
1162
7153
10055
10857
10537
1454
3114
9317
11745
7429
1695
5635
8333
9630
5465
4372
10079
7315
637
6778
2905
9491
11585
1287
6468
12217
5376
6062
11821
287
1164
6718
6625
7572
7564
11720
4815
12586
4608
1296
2849
9747
681
10992
8111
5982
1418
4220
5447
3546
696
12005
3841
11166
3152
6575
3116
3456
8921
6393
3418
9276
4636
12600
6769
3670
2191
8191
8251
8896
2321
8997
11301
8474
1226
2149
1281
1028
6837
12746
3390
10269
9410
3568
1693
11487
7209
12545
10439
1965
4440
5067
1918
2323
9572
9192
9479
8688
6020
6376
8239
6621
8255
9629
3844
12
9492
9451
3203
10925
12487
3394
9493
1513
6952
2330
12208
3184
9229
4757
6738
2546
5183
2746
1039
5906
7059
10588
7598
10675
12574
10862
1248
7483
2135
12995
8376
10339
10887
7838
634
11828
10144
12371
8736
6443
1990
915
1043
8103
4723
10184
2542
7991
219
519
3802
5100
10715
138
12878
12144
3391
10795
11800
8807
11347
5824
3409
6024
7516
10592
4450
3290
454
10787
7214
10585
4141
12194
10553
770
6340
9106
8798
1722
896
10309
510
3574
9903
3440
10461
12970
3399
12938
9637
9168
4088
441
12981
7704
3407
9445
11052
4734
5309
6127
1828
4165
8374
11727
7892
5575
7010
607
12612
353
3246
3083
1995
3096
1587
11626
3510
9079
7502
5237
9595
2914
8989
7129
5169
12374
6092
9854
9592
2332
7458
5712
7233
5580
5039
4554
9149
3022
11770
4819
5848
12962
12896
4568
3850
8253
12846
6292
6352
8290
5142
11957
79
1029
4154
4828
4690
4953
7947
7668
7989
874
3666
7694
2823
10325
3811
9430
8524
2451
5708
5717
8464
10870
12695
10981
3730
1865
8480
5922
6186
12080
1748
10279
12722
10147
6117
931
9255
9131
5985
12537
5416
7596
497
3297
7511
8646
7131
5695
140
10313
4631
2486
7176
82
11945
7649
10009
791
3706
6403
2050
12112
4595
2541
6157
7299
7776
4706
11851
914
8683
8912
1868
8965
6564
5023
9984
3517
2757
11522
8577
11037
3368
10713
3630
11833
4846
1159
12363
2395
313
9704
6477
7823
6446
5597
9483
8783
2407
11468
9081
7041
4850
11500
480
11358
3871
4130
1805
12240
5598
8949
10807
2265
3774
7081
7178
12239
130
8796
8177
3922
6028
4769
11708
5125
7318
4667
8395
2807
10722
8841
7833
6135
12857
4841
8178
11718
12677
3449
12799
179
2918
11013
4995
11969
9872
11210
12442
5919
2294
797
9391
11869
10143
12031
7563
10467
1776
7767
7119
11371
6204
4737
3515
7690
9550
8625
7804
3039
809
5152
12486
6572
3257
10111
11722
12701
10118
7095
3484
5276
6736
4623
5800
4368
9941
9597
9907
746
10865
5204
3268
5197
3720
142
477
8679
9364
5825
12919
12166
6419
4053
7736
824
10062
1696
7549
3932
7155
8596
10969
6445
9380
12104
12113
11947
9193
9329
12006
12910
5481
7675
4174
1845
7220
10103
4741
1198
9604
8007
3743
9821
10442
6918
12665
7185
