6684
10959
1857
4714
4679
6179
10670
11262
5715
8648
487
11878
3491
11646
3287
303
8793
241
7458
3484
12364
4656
9956
11276
12595
12243
12368
4770
10292
6184
11654
11110
6249
5719
1394
1616
9353
4984
1123
8978
9454
1256
7827
11453
7955
1174
11856
7758
1992
477
3498
1986
1189
7694
8410
2788
10645
10664
2184
8562
11208
7871
10208
12021
11815
4737
12631
7350
1055
11402
7445
11080
260
7182
3504
5613
8561
1006
11601
8536
12155
12880
9415
3941
2858
4736
12528
5084
3428
11914
10413
676
12416
9478
9052
7429
7210
1747
10541
6558
6103
4670
11693
5774
356
6586
10811
12535
3066
3832
10340
10953
5093
2463
2201
9755
3437
9526
908
746
10718
829
11212
8555
298
7864
8673
9265
12396
12630
7866
3432
10495
1924
9707
12597
1384
6380
11496
12323
5959
11979
4417
988
802
10974
3764
690
232
11516
6530
11087
5718
8090
4996
4043
9588
9814
9458
5076
9833
1237
12587
10282
463
7132
9543
10755
10207
10170
8936
5834
6238
2996
7890
5451
7757
1159
3384
9869
6906
7930
12870
12483
10948
7269
3620
1581
8485
11846
13002
3481
6919
6996
10283
10198
2306
8182
10307
2451
5442
663
4790
6620
1575
10872
2200
6753
10955
4127
3761
8712
8825
337
2856
10926
7547
11410
8657
1206
6514
1698
11066
2520
6701
6629
8269
7849
8472
242
7700
1738
7246
6595
10767
2535
8639
4079
7424
1181
11419
12375
1127
12651
340
3061
3492
9746
3505
9962
7553
1611
9425
9370
4927
4377
8459
137
9748
2838
5701
7214
9196
10701
11838
2622
5034
2654
9647
350
10188
9548
1093
1468
7960
12991
2063
9738
3864
1550
1116
4333
11031
2421
9348
9152
11415
2979
2947
5860
12523
11399
10548
11420
3451
98
112
8390
5000
6150
10414
11182
11165
3489
10060
5924
1271
9474
6237
5316
213
4712
4533
6049
3503
6634
8605
133
4185
1337
12955
12215
172
5426
8975
210
12861
9282
516
2993
8642
12824
2100
4525
7114
1265
12492
10621
1590
2765
2349
2747
6731
1439
7939
3082
10247
2616
1376
2295
501
4168
12562
1873
12893
1758
9515
1122
10064
10573
12998
2669
7390
922
3879
6803
424
11616
8262
6016
7842
8240
6500
10203
5712
7887
2740
7329
6532
4542
4534
1229
9096
919
9312
9591
5349
10809
6406
6739
2025
8512
12344
2730
10343
11930
4658
2565
12009
7678
11965
10569
11465
12676
8436
8563
3488
10372
5397
7856
3280
8503
1735
698
10469
2913
3363
861
1242
3676
8814
1101
189
4825
6431
180
2431
8696
9655
3446
9583
1369
10748
8866
3985
9872
6957
659
12683
7894
11043
7848
2704
7948
12322
11049
10056
12605
2219
8557
8224
10142
6283
11097
7573
941
1314
8893
2841
8962
5304
8201
12462
11756
12225
2270
12480
8796
3462
11071
8640
9125
451
11265
11897
35
9632
7748
3122
131
6446
7343
11782
9763
12626
12628
2403
2417
9954
5299
5229
9775
5155
5595
2112
9444
3973
10987
349
9906
9663
6680
3811
5380
11811
207
8415
11621
8526
5009
6708
7194
12821
12127
855
6644
11677
11111
2032
7453
5183
6683
4774
6300
7000
6310
7576
4059
4491
6538
11113
11467
7327
11702
946
3138
8779
9796
9429
4657
5173
11971
10211
9261
1699
10496
12027
9124
8388
7215
4510
6715
5510
3815
12905
12152
8252
10661
3471
10191
4817
3425
378
8082
307
7986
9110
10059
7702
5720
2174
12585
11489
9838
5202
9541
9140
9435
3798
12229
5606
8420
4014
11505
12409
9666
8463
9002
9067
1177
2817
9702
2845
6110
12667
11052
4710
9868
6860
5334
4469
8186
7099
8399
4892
5163
4752
7570
11803
2399
3531
4373
4458
7078
11374
4828
5032
4569
10003
2452
8700
4188
12485
11145
1260
2412
767
11304
10094
897
11565
4873
4410
4523
1172
12211
7273
7781
2143
7741
319
4524
9059
2932
4282
11968
7241
10200
7537
8447
4399
6710
2040
211
603
1878
188
6393
11701
6807
1207
730
8137
6713
2746
1235
8992
7777
7484
541
721
10720
4518
3627
11187
8376
7145
2005
2478
12744
2563
966
6992
10956
6802
10137
7900
8115
844
2216
1109
9063
10016
2400
10525
8357
5157
11082
5016
9480
3721
6133
752
6887
8780
10546
6523
10445
3025
10462
5374
7446
174
4695
830
2553
12896
7129
9294
3403
10210
39
9271
3468
9852
8582
8060
5713
2087
5803
8097
9782
7670
10691
8258
380
3464
12621
10392
10650
1388
6561
9298
6178
1218
3012
10415
7439
8081
12564
10014
12117
3880
7253
11079
8922
9293
12714
10241
12696
7487
2537
10063
6388
6145
12164
7701
12781
5144
4292
10816
7617
11072
11911
2718
8619
7101
5064
12825
12283
883
11048
3092
7744
10539
11190
439
6541
12660
8296
702
6878
11916
11697
4212
1452
3893
12828
3862
11960
6074
1025
7870
3200
1083
11007
1761
4905
8491
11032
7211
11639
1907
1047
1667
10234
2985
11471
1409
4326
12798
2542
6114
10297
9442
6852
1509
6254
7884
9564
5140
10651
6704
852
10671
12208
7854
12764
7018
10167
6706
12128
2396
1587
2815
6933
8469
9455
5242
1120
10554
7456
979
927
9398
9508
8858
8429
8519
4129
5068
7558
5095
2727
3056
3085
2059
8039
9653
7728
2048
1056
205
7745
8709
11029
824
1859
10432
1951
10942
10192
753
8489
7162
12813
3262
1972
2978
7729
1092
2906
4489
157
6520
799
11895
8080
11474
11095
5313
10285
8668
10513
5563
8426
10696
12789
12599
10494
12294
6338
3783
10237
10516
1954
5223
8616
7835
6770
2119
2088
10461
1110
8236
2046
11649
8865
3318
2166
10719
10770
10581
2703
96
4520
6531
11376
12972
363
11816
3288
1244
5185
12305
8006
2004
10327
2918
10853
9040
6801
936
2495
3364
6544
3537
10385
10173
6749
3509
5289
9573
6603
2937
6598
6735
5038
1947
10512
5485
10907
1100
3433
3618
832
5872
12206
10159
10500
11724
8140
8857
8207
5394
6703
780
4234
669
1107
10898
9720
4678
11907
4254
9590
5232
9162
270
11956
11060
12999
4597
6861
8378
857
9120
7478
604
3583
7784
7154
11354
10830
8695
1720
995
1425
6723
10310
8734
12194
9241
6609
589
3319
2245
6483
3734
6578
7319
6759
6565
3907
1479
1658
10859
12572
8279
1204
12376
7538
4582
11405
6751
2519
5935
8785
9643
12521
6949
2408
1934
9136
520
250
6961
1105
3411
827
12428
4497
10452
8606
6959
12670
3149
3576
4367
902
5596
12357
10865
3953
12204
354
3914
12947
4324
9517
5361
3596
3213
5130
9808
263
2972
2677
7118
10126
2073
5943
5619
6042
4072
1162
648
1836
3335
4148
3939
8454
9907
4925
12227
7971
6377
7905
8077
8292
4136
7357
5558
12827
10269
9113
11189
6752
10354
4837
9698
5597
2018
6642
6134
12641
4618
11509
8374
10517
7660
11321
7641
2927
3024
8522
7109
353
9268
1868
8033
3049
8356
8513
4572
4492
12731
2037
521
10866
7015
357
9829
8612
6492
12156
3030
10029
744
9637
11011
2428
9826
6352
3706
3047
5538
10793
4432
177
4123
6201
443
6243
4171
5912
8549
1807
8068
11307
6554
1339
838
2001
10837
6390
10882
3459
8987
8027
876
8351
8302
13
9860
7001
12900
8504
12140
6866
4140
6765
5714
3917
5382
5612
6758
5716
12995
11625
6107
1197
12110
9326
2102
3826
7585
1040
8736
3376
8455
2462
2543
12803
2760
486
5942
2272
7325
7793
12834
12414
1154
3952
9662
110
6724
12649
2977
3817
10778
9479
8291
8704
8768
256
1905
12121
5821
283
11045
892
5972
8533
12159
760
3493
10265
597
6732
6324
7589
10676
6737
6524
1298
6597
1387
8052
10087
5147
1275
3093
4998
2938
6966
11131
3938
9887
9000
5421
12142
6273
11364
3282
7011
7559
5156
8908
11014
9012
10261
8467
9044
12467
10311
5593
2067
11908
5026
7888
894
4252
3447
7972
12751
9365
5585
8412
2891
10535
11245
11256
649
8316
136
2173
2340
8889
6408
12837
2832
3806
5594
3516
2988
4023
6521
11992
3703
12202
2074
8382
11417
6917
2053
12488
2260
8125
6670
3117
9924
4199
12763
5850
8638
12308
7616
8397
12538
271
10655
7970
9453
8697
379
5801
6720
708
10150
6615
10364
8228
10629
11941
651
11154
2752
10653
7295
10288
10635
8480
5985
8135
56
1152
10863
7534
10066
10963
102
5711
1385
7751
950
7176
606
7885
10108
5825
345
4466
4078
10449
5055
8155
9528
9194
2134
11229
11175
6251
12692
5219
7775
1634
8756
6575
9633
977
5783
12855
1042
4555
4351
2389
7786
7557
12017
12181
8152
12131
7649
9828
7659
7791
5742
7161
7335
6506
1582
8320
4126
7594
8312
976
10317
8631
10134
8553
12617
11485
6924
3574
6718
2871
9507
5970
6626
4970
3391
7096
5858
461
6094
2221
7698
7307
5552
6260
10776
9688
8839
8318
2016
12543
10090
11569
12575
11153
10520
6253
2632
7358
4111
9232
7341
11435
5870
2324
7839
4422
2232
1846
10177
7945
7936
9771
4961
6489
4372
12755
7038
4532
7925
9173
3169
5149
1445
11501
8944
1088
6668
5504
9799
7946
10524
11550
7852
12434
153
5577
2554
6940
2064
639
347
12126
11211
352
12541
11961
6095
8847
6570
1306
12304
12812
9759
11777
8502
1850
7240
8156
7474
10951
1866
1209
11242
2019
12058
7834
4086
12412
2601
12553
7361
4957
613
11468
1138
11263
1395
2631
8468
2096
11219
1660
9953
12491
11088
6707
2105
10008
11781
11091
2466
11494
5888
10434
12355
7760
12928
12876
2638
10796
7202
3982
410
7699
12362
9134
6630
2251
9843
6322
909
6780
3461
11745
5413
7746
10665
10576
11050
6073
8380
9296
867
12699
9568
5434
7111
1985
12518
1071
12309
4741
12537
310
2209
12216
1428
1019
2168
3494
8106
8386
1044
5444
5114
5129
1285
3271
12962
6340
4068
3766
8968
9227
5013
9311
2225
3499
3155
2320
2523
1438
12242
2808
6969
68
2593
3739
8418
10005
3696
8392
11776
3463
11279
12516
5852
8439
12052
5162
10253
9546
7829
10074
4887
5356
11573
4265
11661
4784
7992
4484
5070
2588
12070
4731
8072
10031
3949
1597
3392
7650
1796
9522
6935
3659
12889
7238
1215
646
2842
2851
11046
2204
6165
10802
3457
2433
4164
4868
12546
10454
12694
12007
9394
9482
7822
5285
2405
8121
6415
6987
498
2731
9295
6797
3094
3720
10644
10526
9056
2983
6
8524
11163
10668
9805
6725
2767
9357
2737
12193
564
1143
9544
8350
11952
9126
9716
11561
4682
9278
2009
11687
11210
8795
12424
9025
5754
6347
5204
10361
3297
11827
2611
3255
3808
3052
7840
10605
983
5065
1150
10250
12793
9402
7593
2393
12796
1871
5945
1270
1295
5287
3477
11740
12739
12472
655
12920
11993
3278
5764
7450
2003
10199
3226
12892
9199
11336
5036
8516
7583
10518
10849
7007
1354
1665
2750
11463
7333
8221
7804
10136
7869
1628
9959
10305
10235
11179
12839
1059
6893
1165
5722
8879
9335
4032
10753
10925
5011
6552
10172
2273
7903
5199
113
297
9151
9187
893
11300
7674
11493
13008
1946
1775
1731
2377
9071
4487
5136
9284
11074
9606
11455
5197
5305
6994
11571
6526
10426
5271
10293
6948
3672
5154
9602
1610
12214
1803
10272
408
10304
10388
5662
6947
11839
11798
2404
1849
2036
3502
7318
107
9851
4416
10528
8193
10085
2095
11058
5497
58
3440
8151
9468
3199
1289
8128
1513
3178
5139
3738
3683
8073
5240
9788
8476
7749
10226
1749
5682
552
6055
5166
5252
890
3035
3298
1198
4429
6572
2615
9103
9918
12077
2079
5414
1897
8622
6509
1217
7738
5456
4513
1482
2142
4470
12846
10035
5112
11315
5489
1331
1772
9459
3064
3626
8748
5895
6983
7947
8676
4330
6391
9864
11572
6102
4028
10896
1286
1744
11147
5707
8989
9028
7562
3129
12830
5410
8539
2678
3382
3814
12737
12725
8497
6621
817
1664
366
7411
1646
1485
9970
1609
227
5239
1442
2627
11690
19
6761
6851
6480
3519
3883
2034
3240
8087
4031
2498
11814
4838
7683
9064
11352
9742
5121
6467
8076
4435
9525
315
11248
8724
7707
464
3079
8782
5685
6414
9802
11977
4982
6984
5405
4839
3379
11605
929
2362
9686
3474
6494
10183
10263
12826
13011
11703
949
8398
960
2023
11633
12393
2280
4359
12498
3712
1938
9618
11323
8267
265
9306
9419
9259
1069
9407
2372
3669
13006
7081
8242
11285
10202
3336
7231
4217
4065
11136
8384
6840
10347
10212
2934
4400
10777
11257
12741
9058
1009
3277
12300
5283
5528
3809
9492
434
11734
11224
11411
2415
436
878
1919
8518
7978
9866
9091
2784
6325
2169
4916
12254
7677
6697
8568
8558
12598
920
4811
10013
7577
2429
12873
4703
3450
10572
11874
1096
6148
8417
1251
12441
5274
7502
9608
1913
11534
2935
9342
6069
12746
1600
5835
6317
4554
11985
3011
103
10506
7220
9473
7303
4694
8336
2666
5785
5627
5099
8400
7750
11750
12430
3642
12046
8800
1169
11426
4401
1317
2465
913
2351
9166
7421
12078
1727
9411
7125
8966
4973
4357
2948
9973
10359
3729
12910
9840
3031
8368
1427
6132
2264
8471
9617
2183
12809
2284
10733
11653
7787
8479
6799
5054
8499
4201
846
6418
2423
359
8995
286
3859
7790
4163
4096
5428
12710
911
8718
10004
9703
3559
6060
4551
2291
11292
8749
2193
13003
7254
493
8741
10547
5587
7665
9389
7298
3908
4381
9289
1357
5645
1545
3038
8079
8752
8
3565
1557
5102
8404
12965
10760
12210
6490
1054
8435
9717
3444
9461
5275
5928
3372
3470
1383
8942
3160
6623
247
12252
3077
11637
11518
150
3855
9255
9128
12815
8194
3176
8422
1416
6975
3243
8297
2430
11575
12002
5909
219
11774
8580
779
12482
11898
3735
12944
3479
3090
9993
8818
8505
2141
4156
2317
4849
8735
8681
6867
12105
775
6321
7465
11199
9578
11024
10852
5607
9428
305
12086
2103
9758
10609
5037
2343
7675
9883
2426
2759
1175
11290
4919
8607
1297
5460
5368
1312
1323
9930
5903
9438
10190
6357
12279
11940
8860
4521
5042
7734
10590
4896
3634
12702
12556
5319
4971
3452
12382
7258
810
4232
992
4369
2391
7297
4974
10130
4374
4062
8848
32
4214
4008
8148
12745
9399
4131
1588
6119
11947
3654
5993
10303
5960
770
6218
9420
2647
1238
7631
7168
6997
5936
4943
11580
10161
8520
9656
12107
12247
4174
8492
2629
6079
4586
10730
4920
9652
6106
10946
6663
1099
8730
10709
7991
1144
6604
476
9155
12418
8208
4824
2008
1299
230
4987
1709
3416
3490
11220
12037
4698
10505
9070
5669
10213
3044
10775
12515
10613
6154
4380
12307
5435
10503
8613
1945
999
7271
9338
7193
6560
2243
3248
8517
1904
10724
5665
10350
1470
8647
1052
2680
7221
1847
12797
25
12189
10700
9116
12715
3299
1021
6533
3760
8103
8146
8256
8030
5184
7050
12400
8419
7170
10936
282
12786
6918
161
12197
5402
7571
1404
456
11596
2505
3383
8287
10015
1307
4192
5546
8833
6655
12089
7685
11746
2207
8819
524
7958
10895
527
1536
9456
3799
6039
9516
7360
12976
2181
3748
6250
5855
9625
3954
6784
12345
6346
6354
8367
12979
1798
5573
5735
5784
3019
3678
10164
4089
9498
796
6841
9659
7543
871
2080
6563
5897
888
65
1487
10681
7691
2248
9540
7234
4184
2587
1840
934
10104
1858
11351
5725
1826
3756
5854
3194
4826
10598
6553
8675
6662
4981
9648
9649
9790
3233
2233
2041
1276
6972
6525
5227
2058
6955
6382
7524
12953
8188
10335
4642
9714
4902
6011
4226
9400
2360
12394
10568
203
11936
12652
1759
11320
12577
5843
4530
8494
4610
11864
11009
7647
7448
12611
582
1078
6272
10176
2489
10876
22
2288
5763
7561
8093
7205
8559
7523
5679
7370
5833
6581
6633
10125
6477
3828
5272
5300
7366
400
2218
6956
2303
1880
3822
4143
12329
2247
2943
4407
4915
237
7104
6831
9982
5932
7599
9443
11951
11807
7995
12929
9329
8069
5853
9302
10240
5215
4953
12230
939
6716
5406
3690
8036
9299
568
6625
11830
7146
6395
571
10216
2642
5245
12256
2660
9206
7107
11475
8567
6147
6968
11713
9320
2286
6413
10337
7173
11638
4172
9780
12459
4993
1114
8540
9535
8901
4403
12051
9272
980
6995
3780
5145
6522
8343
11684
4379
11275
5081
7469
3018
1927
7544
3506
5983
2024
7564
460
3487
3637
1252
11340
11863
3655
10026
10325
5221
11381
10527
6375
8525
11524
11459
10149
428
8564
9031
8342
16
9359
9364
1221
1141
6954
6650
5494
10117
12531
12726
3542
6274
4864
2923
11574
2065
11278
2949
4622
4952
8716
4627
11976
10489
7485
12943
6229
6378
6768
8701
3431
4291
1682
3541
3146
3227
341
2124
9911
11026
3421
5601
9985
5847
9935
6742
10319
6778
7598
5396
6756
984
3252
1838
11146
11312
4363
108
11909
9414
10800
10669
10139
7153
12960
7276
11919
404
8122
4210
127
5787
12549
4341
2866
2185
11695
12426
3533
6227
556
3419
11217
4614
9694
4563
4951
9722
12228
4966
12141
6965
10499
2394
8293
1460
9246
4125
3810
11038
3166
5092
11786
8035
11966
11034
7645
11093
467
3467
7203
9983
3876
11308
4792
9574
12578
4189
3157
3008
4802
2398
5862
733
1051
6589
2665
11667
3501
2558
8954
9514
8451
1128
11735
4112
10105
2501
5276
11484
8897
147
12295
7164
6896
12248
10440
2755
507
3365
8064
8061
5057
5544
9920
3253
9859
8509
10351
4240
686
4935
3948
2275
421
7004
6319
5424
725
4019
4912
2720
5654
7693
5243
9988
4191
6937
3856
11656
9202
1638
10037
5450
5602
12246
7692
7664
12385
10308
9078
5873
6360
10430
2071
9366
11280
12404
9258
12271
3206
5765
5724
12937
3480
7380
5914
5723
9936
3193
8268
4375
8703
4083
2594
11657
7252
10708
426
872
7574
9393
9267
9449
2234
6463
11559
7837
10950
6291
2567
6645
4342
9330
12022
7030
1486
1195
10115
1941
10744
10275
12782
3978
9175
10840
2702
7803
9967
8337
607
11554
11970
2353
8705
6516
10477
10834
2314
3922
10801
2706
12075
5401
2762
3039
5167
10561
912
4390
1272
10601
5781
10370
8277
3107
3275
9858
4039
5666
11227
10772
859
11962
2651
3192
8324
12655
10851
435
11736
10257
9865
586
8514
7620
4673
11662
10931
11910
11096
6673
8349
2191
583
10992
8127
8627
10052
9010
6694
9184
1304
59
6429
1498
1805
10377
5865
11184
10997
1726
905
7139
1451
8166
9916
6874
1020
145
5260
1094
77
12639
8434
10472
374
12318
4613
8686
11157
4045
4183
11655
1474
7792
473
8777
7128
6462
11123
12464
4663
10906
2741
9990
12298
1765
7646
12423
8180
5813
555
5325
8096
9484
1743
9107
4366
11401
3375
10922
6682
1776
11470
3204
3615
6809
11666
1918
10107
7629
1066
7169
10774
12221
440
2910
12574
11738
6567
705
2968
6461
8113
1508
11185
12932
4239
4034
4398
8500
2994
7326
7968
11632
6667
7652
1320
6175
6916
615
2857
3256
7378
3861
8498
4677
3371
2705
7851
1346
1613
9022
2258
4097
2346
9074
2888
10258
384
11326
2470
2373
5290
7058
12952
3713
3818
12045
7222
1527
823
9460
3769
9121
7285
3294
1607
2318
5729
7443
4209
12761
6239
629
6432
5896
3508
8227
5864
8053
10111
10152
2055
9567
12705
9466
8641
8680
11141
9172
12238
7922
1447
6453
5957
8653
5762
5893
329
7878
2722
9678
5608
9017
587
6838
3728
10749
9770
7070
5880
6122
478
11105
9706
2158
3097
8278
6371
12351
10051
8379
809
7579
5384
2150
6591
1672
3001
3624
4798
12560
1764
757
3143
4419
596
7661
1719
4602
9385
11765
2406
10197
12133
5694
7964
11948
10577
11206
5360
8272
12469
3345
2529
11201
1305
3091
10229
8150
8870
10583
10479
364
6754
11672
2172
9286
5128
3677
162
1666
6826
3747
7654
318
1661
2975
9556
3866
75
5391
4477
12907
9931
9827
1567
11628
11377
4395
11629
8088
11456
6222
4145
9779
3438
10270
1784
5758
3849
8167
7844
10703
9705
4719
11972
4007
6868
1860
38
6028
9088
5386
11216
6037
5640
10078
3623
2331
8905
10549
10373
11449
6064
2086
10236
10248
7475
8851
490
6614
4181
4821
11959
9682
2380
9431
11980
8074
4605
7023
9781
503
10812
7527
3236
6367
159
10587
12687
1565
12207
7464
12838
11506
4747
5589
11723
8566
8850
3763
2461
7401
2118
4085
7418
4556
7136
7984
7060
8711
12453
10814
6517
4124
866
8702
4874
1518
11181
2583
3926
6157
12299
7239
5934
2029
4394
11623
4376
10826
11720
450
5419
3111
11129
10999
1432
3884
2650
6031
971
9018
5614
2589
10600
8928
5651
10894
2484
11016
2492
1556
11437
9949
6747
12799
2653
6361
1591
2970
6439
4986
2675
1538
1524
2195
1199
1023
9185
1586
9452
8881
3824
3415
4716
7138
10254
6534
9933
10683
4098
5336
2688
8535
12501
11624
7473
5373
3946
243
12268
7520
11848
6746
12276
1810
3341
5097
7651
9677
11564
2335
11942
5506
2711
11365
8771
4323
11530
8452
8185
6183
7119
6511
5008
8446
5208
7560
4643
11067
4077
11226
4604
9527
8206
1902
11508
10389
3536
1326
9489
6743
6277
4386
1526
9153
3483
9937
3635
3910
12883
8210
6331
10245
9437
9980
7704
5364
10193
91
97
10135
10464
6052
11556
8886
8401
812
1208
2436
12097
5996
4337
7481
4242
7982
9955
8299
11469
2877
5080
11844
9129
5535
7718
8523
202
11322
3187
5096
3992
7396
9189
4587
3807
9238
553
12753
4562
11937
288
4094
6669
671
9558
4822
11974
10502
5524
7501
5837
1605
11084
529
1516
1085
9077
673
611
6177
5100
2157
4197
12005
7225
1825
12869
11057
8890
1730
5439
3940
10448
5180
12004
9853
11083
11538
4528
7638
620
9715
8407
11047
2604
10001
4979
12185
2030
7013
11643
8974
605
10122
9876
11779
5863
2875
7019
2148
8245
7904
8037
9446
7618
4479
252
4118
9324
173
6922
9849
9822
5477
386
9026
8969
9622
2188
10508
9810
3616
12734
6779
1461
12653
1504
5350
8111
1142
7727
11792
1325
9297
9190
4729
152
2982
5339
3871
5799
12361
9600
9547
11476
5172
5548
11678
5615
4726
9992
5317
5138
1617
5333
931
8195
5617
1820
4207
7388
4965
7764
11243
2789
12586
10815
7859
12260
2379
2241
5743
4541
7516
10940
5493
5634
4865
661
9270
11112
5331
8902
8238
2122
8688
7846
1645
1822
1854
7283
3558
3497
10750
8440
2228
10883
5937
10341
4216
1848
10619
9862
5216
2293
6389
1118
12366
262
2385
4331
6386
12218
6481
12085
845
6306
6043
1687
10096
3986
7872
8123
10402
6230
2262
5881
3228
2929
4449
10998
4302
11202
5063
727
9724
53
2695
5994
8844
594
8592
5110
5496
11499
3037
6832
3587
12134
1300
483
3448
4717
4433
4583
1037
11158
1429
12461
5267
9093
9813
10884
793
4886
11389
3281
4985
2192
339
854
13005
7315
9347
11673
5988
9314
7928
8931
4476
8288
8843
10630
12620
9115
10044
3718
12057
2049
2371
6104
10227
5231
7274
10563
10222
12346
12272
6821
3338
10397
5005
9605
5622
3291
3306
711
5179
8395
8634
4263
4461
12899
8119
5429
4142
9210
1966
7436
5543
7431
1662
4502
7397
1649
12856
9576
4529
8864
4024
8729
12163
12909
2713
484
3673
8341
11186
991
3983
3120
1960
10466
325
9638
9263
193
10941
148
4279
5620
10481
10365
2514
10071
1654
7413
1795
1845
5891
8325
266
3099
5471
5967
3158
4384
9697
3104
1243
858
8377
2905
3454
6958
584
3572
1236
12102
10582
6602
10251
10975
7892
1890
4803
7233
6666
9681
11358
7540
1259
7010
3790
1183
2486
2559
5512
10768
10785
4615
8348
10369
9159
10147
8303
1156
10209
10483
62
12894
7525
4709
2329
149
3071
3743
12573
6370
11901
10961
6599
4633
3222
3804
2729
7667
12261
8594
2502
6810
8970
12948
6369
11758
5088
10486
11092
1435
7279
4819
10323
7245
11796
2402
7759
445
9228
7747
9747
10901
10116
10639
2928
7807
12922
6806
4683
7152
11443
5127
12281
6065
7251
2728
10647
7179
12814
12476
26
1546
3292
4713
7607
494
2438
2156
4173
8531
5663
5284
2382
12662
10828
1333
104
3095
2507
12083
469
2274
8798
6584
12829
10405
2626
4593
12805
1928
9542
3779
4392
4783
140
12035
11002
10799
4338
7493
12684
10725
2890
5372
4004
1632
10555
8340
11270
6573
7862
11867
7175
12340
6829
2684
12176
4389
12773
4558
3070
11599
5143
218
2793
8609
2497
10255
12101
11339
10911
6685
2477
3891
11793
11254
889
2106
3456
12044
5021
2081
7031
3801
6207
9863
4139
5779
907
6410
44
10552
2151
215
9487
9164
7435
9667
10643
3357
11837
11715
5262
31
3754
4725
12911
10338
9139
8806
12160
9963
3989
3755
3441
164
10806
7539
718
828
5655
11433
726
8453
4285
4880
6397
12371
5659
4193
1327
8679
2917
10634
2350
4132
10649
4931
706
7287
10751
7949
4354
253
6905
7302
12069
3592
6019
9523
1767
9948
12410
6335
6084
6311
4378
7918
2773
9900
8029
2691
8738
8443
6536
5492
9871
2388
6844
8674
3906
8306
10138
5389
6176
506
2824
5158
1712
4364
5894
8732
11362
7305
9923
10455
6714
4588
10930
12779
924
10058
10918
338
7196
3250
10729
11982
1718
5824
8200
7027
834
5241
5871
12053
1901
4049
1402
11800
3022
12373
5277
9390
3520
11808
287
3575
6002
239
12671
4496
1220
12186
9368
5632
7935
5338
3568
1043
3901
324
135
10945
6904
11191
7088
3443
6927
5203
8672
8907
6898
3882
8550
704
6030
8664
12401
12680
12690
4624
575
8961
9616
5035
10933
10379
1375
3396
8462
7188
10660
11532
10123
7374
901
10893
11015
3482
8304
954
3332
1148
5502
7198
1484
8490
8821
2893
9854
9914
6117
9593
3773
12675
12178
1842
545
1008
3465
11040
5079
8217
10566
5686
7420
370
12857
2887
10433
8623
480
9917
5630
3062
8431
8946
2882
3254
7873
563
1568
6636
8955
6416
6343
2534
4883
1063
12926
11253
3532
12192
522
10165
684
2645
7658
343
3263
9084
12241
1734
12733
2240
10295
9741
2901
8230
5423
10810
8402
10384
4739
4758
4536
279
8652
4848
4771
782
3101
11334
1449
11108
9584
12973
8050
5877
8438
10985
4636
7761
7696
12536
6468
1408
12853
10745
7874
6041
4720
327
3688
11102
10315
11586
2843
9803
5623
638
3110
9127
8545
409
8853
183
4753
7036
7324
6763
8212
1364
2963
9537
4947
5003
5518
4707
7719
2315
4640
6173
7820
10841
1802
531
11732
4815
11125
8091
12150
11103
9689
4290
6931
4310
8338
8024
3283
9845
5362
2409
2054
7248
8007
4967
7921
2606
2355
3633
8046
8717
302
10591
12310
11934
5874
4972
8872
6286
6127
6985
7026
7682
6412
2643
1995
6505
12647
10493
11978
6671
8047
2269
5190
8136
2098
1089
12040
5759
4339
8169
10342
6314
267
2603
6616
9501
6018
11737
3036
8319
8699
10409
798
6166
1061
5804
3223
8301
5753
5599
7788
7051
5949
10151
11027
12454
3184
7521
1900
12622
4025
1481
9709
9870
10721
6403
11927
9751
1372
11259
1555
6504
2701
2573
8009
7095
5680
7722
4571
3171
11297
10028
11541
6973
306
6484
8788
3650
10919
5827
7580
5628
10032
11582
6013
7452
7328
8141
1057
6745
4730
4005
7603
1225
3632
10336
9477
2878
2605
5207
8501
8313
11380
5569
452
6309
196
11134
8655
2296
1801
512
7072
7597
693
11722
8588
2013
7425
9080
9942
12073
9346
2
7372
5040
12540
6256
10140
4245
6537
11114
10000
5433
3709
10404
5200
8783
5089
9981
5910
1788
5462
9580
2800
2138
3658
3935
9701
12265
9610
1311
2467
12931
9630
5890
621
8433
8999
5944
8888
11132
195
11479
7908
294
12666
3410
9032
7733
6045
5033
6822
10544
11825
3466
8947
12884
2610
10736
1269
6447
12076
6137
8271
11293
10069
7514
4914
2657
49
2700
10437
4053
234
5062
5618
3142
6029
5918
2946
12581
2091
8237
7623
11743
9147
3303
7770
6136
12934
11739
10529
9913
6470
5791
10396
12421
1722
12563
5745
7552
4899
6515
9005
9105
2869
5658
8276
9209
7368
9867
8235
7532
5547
8114
6368
8569
5933
4362
9825
8054
6009
1725
645
7428
372
3660
962
9008
11261
3469
10428
6197
3834
5106
12063
2416
6021
9850
9006
5186
12682
10704
1048
10360
45
5950
6362
12643
4592
7548
6024
5846
1683
957
11019
8055
3566
1448
6699
5224
804
712
8383
12767
4281
10740
4660
11414
10981
2366
3589
11996
11744
11729
1458
4278
9003
10053
4029
1036
1912
12852
5302
5022
11872
6174
10820
3496
4440
2292
1214
903
4070
6339
6195
8307
2162
2961
10412
12122
5684
11640
1134
5165
3069
12634
9358
10795
10578
8997
1710
4641
904
7721
2742
10019
43
3640
5449
2885
5109
12033
2203
10813
11325
5579
3088
12303
6993
12147
2668
2460
6381
9239
9572
5780
7555
2309
1153
6543
5869
6690
2161
6883
5991
6800
11795
5473
2084
1227
12167
233
3753
970
11855
955
9016
5363
8010
6038
1576
7809
2886
10326
11527
12336
12936
5507
3765
10124
3833
6502
6358
3173
11707
12533
7462
8720
2480
12989
11337
10345
12565
4778
2214
12000
88
11826
7281
6495
6804
10098
1179
11020
10654
6452
9789
5980
6213
9898
311
5708
1566
10835
1185
7518
3300
454
932
5574
7506
2664
12452
6579
11526
5039
2721
3140
5006
6265
4908
10756
9550
291
12026
1715
6101
3284
1602
4547
12859
2577
3550
2579
10423
7713
5814
5024
3086
11620
1073
8791
2915
11395
9660
9305
6077
1831
9363
9996
11513
8099
6550
3895
12019
8023
3339
5244
5525
4271
11333
4550
9730
7776
6027
653
3127
8270
10586
1705
8551
34
6507
2298
6888
535
9890
12847
8945
6007
8363
4198
6999
11344
3792
5973
11924
5831
11660
10339
12672
8979
8355
4755
9174
7550
7794
12374
3547
3629
5270
4881
12090
8247
11731
5688
3517
6448
5454
9668
11121
5660
11301
3911
10219
293
9778
4841
665
3203
9339
5616
7046
8521
8183
2585
9242
6093
10348
9882
5152
9300
11225
11244
641
7919
670
3189
6792
8994
10571
7033
868
7073
951
2302
1224
3434
9430
1424
8365
1178
12941
7209
11890
875
12927
9215
8883
10267
5359
8726
2109
10818
5768
7399
12686
5555
8174
7006
9447
7223
3065
765
5984
9036
2831
8456
2482
10988
1533
8538
5213
10006
8474
10677
1922
1476
9536
10119
3733
1906
8225
8425
9976
11137
6376
2099
5324
5094
12030
9493
8721
12848
6744
432
11062
438
11195
10939
11512
6158
2187
2198
4772
5947
10562
11194
9533
7906
6777
12819
10395
5600
9277
7681
12458
4723
8878
11413
9832
3404
8570
259
9142
2220
8822
6705
2743
10993
3912
11107
3224
3944
7483
5551
1414
5351
9658
4231
6649
4780
2386
2590
9830
8769
4975
12450
12654
4480
12311
1280
10624
4568
6711
6278
2257
7586
1421
10792
2513
7967
9156
4748
2813
6897
1301
6624
1342
9279
5111
11920
12906
6276
8457
7158
6817
11294
11886
2222
1287
5407
10912
6192
7669
7833
7406
5678
8939
5948
8117
814
4408
6901
7819
4328
12791
5810
10158
3821
6473
8898
12200
7999
10353
2254
4418
10450
2344
4949
7180
2474
11356
12332
4073
10045
5856
877
1031
8154
12967
11880
6296
5308
2493
7499
9499
8988
11284
9880
7166
10990
10030
10400
863
5809
4781
4675
1379
1578
4814
11671
773
12897
8199
6750
3816
11001
3726
4309
9554
3307
9111
10712
11630
2515
5318
12174
12918
3675
1029
5736
6709
2696
5788
8815
7886
11668
6205
1187
1502
11440
7423
982
7135
4448
470
8684
6835
5488
8733
5265
414
2694
6231
2027
5562
7821
6190
6892
1732
9577
4437
5699
6219
12610
11222
8021
4246
8423
5568
6275
8310
10444
1041
3829
12205
3460
4647
5604
4037
2413
3612
3476
5687
9969
10271
10932
12519
5588
2189
11214
2339
11835
1045
6870
3116
8071
7726
11378
2881
10962
1511
6766
7679
4304
3412
12681
6266
5014
12266
7178
1760
7003
72
5704
4001
12818
10420
11805
11708
1994
11086
9081
10411
4244
8599
377
4412
442
8250
5624
12772
6394
8213
3797
71
11772
12251
608
8092
10328
2128
5249
8921
7612
1917
1806
1415
4165
1466
4575
9055
12945
12539
7879
10667
8353
7708
10010
1948
12635
5430
7467
8687
2541
5964
5178
4589
416
3527
6641
360
2658
7079
3885
7802
8160
9380
1837
7769
2965
2624
5115
532
11329
7980
12148
692
9721
10480
1585
8723
6902
9192
11116
11788
2844
10850
2774
1797
12968
4805
6941
5206
1328
740
3717
10504
10273
9740
6348
6271
12520
9183
8763
8016
6970
8554
5839
4499
12768
4994
593
11115
4561
8011
12868
10355
7235
212
750
2126
1003
9208
3181
2165
10698
7151
4255
2635
12223
12727
10088
9086
2263
10743
11511
4977
2536
12964
2950
7610
376
1453
4486
274
342
9885
1975
11487
9806
4836
4300
10187
8177
6729
11528
4218
7400
5258
11150
9960
11539
3186
0
11918
4387
7609
4325
3582
9922
11316
10036
8083
2850
8496
6913
9097
5726
7463
12372
6123
1729
5269
8838
2805
18
10618
7432
1171
9075
12095
783
11904
975
3388
4680
3692
3350
1633
6846
12146
7488
4223
11482
8017
8608
6619
11650
358
747
8591
4751
8124
3246
5677
8573
7025
12854
9669
9485
125
179
7438
958
3151
254
3646
8667
1455
10118
5752
6767
4833
6880
11139
3722
7841
6128
11450
2957
1627
10316
5388
9034
12352
9594
5866
2132
2895
10458
124
10274
9423
11346
7108
9977
11126
2447
7817
8441
6950
4948
7673
5007
11762
6733
3865
1194
406
2723
9182
2127
10033
11238
10871
6929
4749
1598
11442
6773
2316
10467
11946
5696
4862
6582
2347
4251
427
3923
6187
6688
4932
4312
856
12550
385
3960
2663
6864
5926
10952
1891
2454
7049
944
4793
10034
10009
900
8100
5739
1139
3697
1350
3045
7039
12971
10595
1594
10498
6627
2199
4940
6963
499
399
8537
11429
3872
10127
12992
2147
185
794
5259
1064
7754
1079
9553
12913
9321
9727
11135
8145
4732
9397
2469
5479
9909
3478
5357
1228
1216
643
11424
2633
1543
8191
8731
2196
2358
7480
9502
1450
12177
3023
11699
1883
8977
12444
472
11200
8747
9861
3903
7389
11174
6518
7363
1392
12862
784
675
12363
2333
1102
323
3406
9640
4308
7291
3671
8972
5312
2692
4044
6549
6825
7308
8308
9856
3698
5075
6665
10869
2078
6938
561
5505
2256
3869
1644
5692
251
797
1075
3943
12981
1606
1343
3772
8295
425
6457
1755
560
7422
6566
11953
811
8804
346
4851
1553
722
12977
4033
11515
10923
2670
6812
12872
4782
9711
7069
10995
1115
2136
4206
10157
10731
12688
175
8950
6308
12777
8394
312
12381
12249
1766
336
7042
8025
1596
4297
4293
6967
120
9592
11488
2227
12273
4654
538
11397
11168
4934
9877
12720
3362
5264
526
7608
12123
12517
6171
2814
795
10823
5004
8464
3569
7157
5400
12980
12544
8534
9061
8178
11384
8018
4468
3237
3597
5721
11549
10509
5767
10332
533
5786
10537
1824
660
8767
6873
734
2775
626
6012
9131
9521
3114
5748
5672
10077
8215
12292
6318
4396
6974
9570
12551
4978
5306
10185
11192
1980
8971
9273
488
4637
10144
2206
6379
52
284
6590
7286
1769
388
10160
9958
10492
3812
11925
9
3015
7808
6646
3708
1223
6209
8335
11714
7974
10693
12233
800
12109
9904
3984
1310
10043
11361
7981
5603
6099
1702
790
8694
9504
8980
7531
5470
4617
3073
12116
12552
1028
6223
1653
7944
2538
4850
12391
7171
9308
759
826
4208
5523
6267
657
8583
3638
6298
4897
7963
6908
3649
1781
8332
8406
332
558
1909
11140
778
2964
9433
6085
12341
6281
5446
891
1686
5404
12954
11674
12689
4222
5025
4652
716
9884
8836
4459
9534
12579
10564
2266
11606
5487
10845
1050
5412
2533
915
11065
128
4295
4100
5268
2549
3386
122
8261
5816
1200
2766
1911
1894
7261
1467
3878
11612
8849
2253
9561
1330
1514
4608
10175
2954
3272
1158
6000
3429
884
5125
12982
10180
511
9373
6593
1676
3182
4809
11260
2926
10453
10017
1874
8593
2177
10832
5656
5819
2327
6004
5222
9645
4858
8824
7243
5253
964
1418
4446
10610
12717
5916
10239
1493
6288
3344
3170
1274
9214
1700
6315
11036
9512
8387
3933
12284
1005
6559
11504
5266
937
3689
6402
3055
2959
7490
1411
5337
12348
12886
9946
99
1817
9048
11444
6096
3084
10431
11785
11173
6827
11790
7177
12851
12604
2259
1471
11912
3628
1523
5164
3617
9198
10521
4311
6837
11610
602
275
996
4574
6496
8411
7123
11642
2123
3667
7047
1793
6503
870
5001
2652
6596
93
12050
9687
130
1655
4767
7122
2849
8506
11178
3820
7536
12939
4055
7954
5220
6475
7805
833
2017
5192
1
12420
8678
8869
4150
5591
652
11431
11600
10978
12885
4690
5717
9378
3067
4646
12187
7515
10371
3427
8541
12001
5286
5582
6781
7901
12437
7268
1352
5174
4911
3153
4453
7497
8552
6454
12728
7156
7226
2846
12975
1489
4042
1969
3776
6689
9377
11028
5051
12398
12668
10742
2425
9800
1689
81
3317
63
6047
6151
3564
1329
7985
5848
1080
1293
11987
3702
8753
882
2637
9249
492
11521
7812
8659
1908
12784
3625
8682
8817
7496
6188
2674
4546
8218
5812
2006
6334
5142
1971
3551
10228
9650
7799
4076
1393
10306
1313
4763
3998
10915
6513
8805
4352
3636
6510
4063
1574
9903
2285
1380
9635
12106
3308
1126
4233
7147
12840
5028
2555
11090
11075
4315
1624
10631
11172
8981
4103
6396
12935
249
10565
4701
9764
4509
3518
7461
9427
4284
6612
974
5580
7415
11311
2368
6528
2133
4134
11615
4256
5256
2930
8760
4101
11363
8751
1399
12568
5475
4835
12590
6555
3264
1926
10249
2548
930
11523
2796
4114
10836
7782
3314
9310
11427
11089
1034
4250
12321
6014
7716
9148
7306
12463
3844
11543
2035
1936
9941
9256
4963
4287
3950
5236
5425
12831
1261
7640
4885
5395
3788
4507
2332
1124
10659
11517
5674
6044
11500
2597
9144
5291
6135
9603
12349
12765
12184
10949
8618
9569
10623
11694
457
4121
4155
1097
5465
10021
4000
2175
7310
1161
3805
2101
11566
449
3426
6424
9065
1670
5366
9143
10184
7857
12841
1925
11372
12495
3652
1454
8391
12104
2108
217
1413
2043
7365
2297
7059
3435
12678
7106
6885
12222
7795
3048
585
6441
12161
3742
1540
4230
1090
10046
11118
12042
1030
11757
11306
5978
10890
3881
9253
4010
5802
3750
1168
1626
8202
9197
926
4936
4696
9384
4832
1166
3196
322
1572
2719
11647
12629
515
6728
4128
8126
10817
11881
5789
12738
1241
8894
3417
6301
5315
601
12729
9276
4048
12432
11143
6430
510
11622
1358
11448
3793
11073
7797
9538
11277
3241
4567
10399
11457
12557
12801
12602
7442
12460
6434
11560
3145
10692
1964
8924
4989
4626
1943
111
9728
8204
2223
6786
5416
2683
3407
4195
4519
5020
11706
12431
12890
3087
2397
2833
2576
5990
10443
5832
8170
4804
11386
9462
6262
5709
11709
2305
4889
4349
4893
578
6476
94
6527
6886
6456
8241
3418
5806
11669
10362
258
9337
2790
3089
7331
11117
851
5123
4002
4861
3436
2540
3802
3361
7427
7449
6796
9141
7505
10764
3313
41
9836
9395
3796
5530
4590
1599
1397
4823
4619
1754
4808
5217
9191
11267
5298
12718
7605
8339
8034
3666
8147
12269
942
11289
7830
2733
3100
7889
7087
9313
9798
9180
375
4092
7167
12966
5908
12503
9812
8249
3266
4843
3004
4153
12438
6610
280
7407
9986
5278
3309
850
6951
2676
7316
7883
10916
109
5989
9984
12114
1420
12315
8965
3873
1417
5652
6328
4958
308
5238
8650
3967
2997
8885
1697
2925
9772
437
7942
3794
11400
2769
10620
5629
9786
2586
116
441
6923
95
6991
1895
5829
9160
8465
5511
8196
8665
7086
2524
5133
6169
7097
7124
5427
6647
3387
3274
11272
3969
10321
2282
9494
5169
4653
182
6980
2039
11041
4500
7913
9379
2853
998
12627
2801
8094
12119
3472
2342
504
3848
5697
6182
92
2313
9426
8913
654
2338
1723
2837
8059
3996
2473
8770
5968
1205
281
3042
5560
12701
7648
9345
12183
4501
8984
12289
2614
273
8098
10179
11892
1316
8911
12756
481
5886
4980
9221
12056
5747
12708
8101
11929
2164
11664
8253
3040
12591
8941
2226
7655
7356
8175
5345
11608
12665
5002
8624
2981
8176
11240
5905
11497
4607
11876
9596
8635
7687
2595
3679
7355
1213
446
8918
6221
9585
2690
3931
12845
6206
6220
5567
10386
3852
6316
10754
5086
12637
11423
8621
8792
10363
2753
2424
4135
8636
11366
3958
11124
309
7344
3029
4531
3268
3007
4616
12072
10217
5650
5030
517
5541
4227
10713
8544
8953
7486
1478
9013
10376
1108
1132
8542
9049
2687
5226
7997
9847
2374
6540
5642
12407
4420
11636
6293
8012
8546
139
2208
8775
10374
12916
7250
9450
9757
9545
10648
1135
8460
11883
5590
11603
8670
12959
8280
3526
6365
10886
8331
1979
9878
9424
9361
9965
4109
3853
5592
1149
8932
4609
5898
6989
8842
3021
2194
9551
5498
1344
5923
3966
5878
11817
11100
5760
5740
8172
764
2732
3956
7582
11627
6189
11023
2936
3258
8651
4204
3657
10451
9679
4995
5091
7408
9024
2089
11875
12951
11865
10803
6592
10560
10622
4336
1792
7282
9619
11196
10727
7275
10947
10805
518
6899
5261
6760
455
3888
9372
1002
11298
10366
9910
47
6529
4693
7476
9137
4415
10628
12028
7232
9432
3556
731
7606
948
9257
5146
4452
4370
7828
12616
3578
1541
9680
10221
5929
6026
763
1657
7977
11799
7511
8223
3259
6664
4277
3397
10474
9997
5151
5074
1176
9925
8358
8572
4015
9818
1737
6568
2464
4766
7861
10027
4268
4884
9893
1681
3857
5392
5296
4505
5116
8000
1137
7346
3970
7627
197
11584
9230
4190
12224
2794
7330
4215
12949
9375
1724
8109
12532
474
2503
12191
5282
3774
5182
12567
12360
8959
2689
1262
1864
8486
11313
9934
2945
963
4711
7044
5122
1786
2880
3867
6726
12129
1492
9974
7002
7731
5468
3276
6986
11842
1756
4909
7924
8171
4631
3705
12190
3890
741
11483
4553
12983
8511
1640
4988
9475
11228
12963
9509
9037
3614
7160
7393
8610
8157
12866
2231
4517
7337
9193
5246
10194
11558
12356
9888
7907
9057
6202
1559
8548
8022
9710
642
4759
2215
1808
1740
2283
8810
11130
7459
11607
5668
6199
3937
8131
11533
10113
10206
6232
2042
3553
10320
6355
4704
7850
3795
4443
3164
5889
9100
12084
4493
5532
4158
5132
3485
5598
11422
11258
2958
11579
7352
8233
1668
7074
11958
4933
9609
2532
12274
3567
6727
1250
11273
6875
11379
2202
2546
567
12130
9158
7437
12923
9304
7208
314
1157
6912
5340
4261
10519
6580
5049
4742
10892
12446
7098
6805
5941
3604
2922
9135
1650
5503
3641
11510
12172
1856
8361
4061
11348
3648
3858
7159
10102
8725
6212
198
723
8530
9972
9150
5195
2992
9819
5638
8274
11418
3041
2135
2990
7383
5805
710
6869
1753
12111
6998
8816
1013
728
12250
3977
12657
10238
1278
4397
9615
5953
8543
10246
304
1839
12330
8251
12891
3402
9889
3385
12338
431
8846
11197
4785
5527
1778
11593
11700
1604
7299
6167
9999
8976
1678
11162
3358
10205
5790
9765
3513
9611
11563
2308
2155
9307
12987
2456
9873
6433
11705
3449
9879
7189
8958
3523
2859
8827
637
1182
7402
1133
2510
2369
7071
2082
11742
3898
10819
8134
2879
9301
6562
4876
5892
9218
6871
3346
10857
2092
1785
5066
11198
10585
9251
9842
10331
12180
290
4243
225
6017
10804
8663
11806
3475
9203
5564
10002
1869
12525
4630
10456
7304
401
887
9376
8192
12199
3003
8862
11235
10067
11221
2531
12061
7633
6034
945
5703
6848
7876
4894
7247
2956
12031
2562
5160
11342
1757
9417
8895
9586
8004
2659
12137
12875
11317
787
5441
10902
2097
4267
3800
1522
6639
272
12542
10475
4634
8823
12790
1887
7666
4016
5201
2160
1963
756
7957
8427
7756
458
5292
4009
789
1915
9875
6546
8713
5483
1163
10436
2744
997
3352
840
6890
7923
8925
11160
1389
12339
12679
4526
10607
1978
6730
6053
12576
10358
1046
12709
2998
3663
5581
1799
276
11167
7155
6419
8909
12580
1965
11752
12888
9857
12833
3076
6234
2920
6131
331
12342
11775
9886
3121
9971
3699
1852
1473
8689
9170
11686
11801
9292
11626
9076
4317
1291
3078
8259
9169
403
7717
9079
12570
3921
11853
841
2500
4638
6976
5251
50
4426
6771
8222
10663
4734
10741
7601
12754
8042
9510
1875
10766
334
9476
8416
8014
2476
278
3840
1741
10971
7953
2304
7014
12758
6607
4668
12165
2224
622
7796
12316
3827
9041
2525
12898
7064
1017
4075
10487
11828
1332
246
4620
8835
8095
9628
2000
4537
5445
6143
11478
5940
1619
6631
10781
2791
11787
11472
8184
7569
1625
4669
1736
569
6268
6121
8742
10594
8110
5120
5323
5044
5830
8040
7595
12994
7491
10856
9051
11870
10022
9050
11999
7267
7200
8750
7364
10349
3842
7339
3216
2038
5770
491
4335
417
6087
7191
5925
5681
8581
674
1095
10153
4329
3740
6420
8578
8982
5982
11477
1659
5422
6048
11727
3320
11659
554
10752
7195
29
6585
2047
7845
10920
3439
6323
7568
8826
9054
10646
10403
7860
2407
6287
9894
1279
3749
12700
3789
12524
11403
8803
10899
8715
5046
12337
7766
1996
4455
1688
8781
8956
90
4632
10904
12054
8808
2014
9793
10168
9598
4584
12038
4169
5641
6466
906
2528
10602
10025
3265
1652
12638
6006
8963
11768
1373
2015
1401
11721
3202
12098
3377
7102
4649
8487
2190
4611
3131
11287
10231
11101
1573
459
11957
9820
2422
9181
10223
5279
6755
8789
11589
3586
9815
822
448
4930
11128
61
7131
6839
595
8829
4151
1459
4799
627
8646
5281
5517
6374
6242
4942
7567
6181
3714
4794
9019
6299
2806
4203
7703
10156
736
7141
4775
9410
10352
3285
11833
4421
10011
1570
10862
8787
1691
1893
6613
8743
539
4765
2244
10694
10991
1694
1521
11044
3619
8190
1506
5170
4137
1973
12158
525
9386
8761
12436
4623
679
8840
9519
4560
3945
2724
9360
7643
7762
5776
11945
10794
10178
9073
382
9582
5773
12383
2709
5883
7752
158
8920
7181
368
10705
1296
6895
5998
7212
12895
3414
6008
6327
10982
1530
12775
6010
11156
2321
5107
3295
8765
579
2129
7614
3247
12088
1500
12820
10186
10023
4776
9471
9587
8309
699
17
3102
1762
6435
3548
12902
6003
8952
11428
2776
2648
943
6501
6556
7765
7055
418
9809
7455
10109
1345
1112
10789
3631
5048
12946
6141
7447
12644
10638
144
9896
8985
2823
12842
7938
12066
1212
8906
4506
11152
6025
9639
1746
80
10290
9807
8483
12118
1191
10716
6939
921
700
7554
9495
3947
4411
6658
7724
6109
4178
11466
4566
7951
10419
8600
1129
11213
709
1656
6068
1440
5431
9921
10232
11939
4929
1488
11305
5999
2889
1982
2564
7811
1601
4691
2238
8900
5437
5257
9099
9961
2903
6105
7961
7916
4612
3730
7868
12721
245
12600
10024
5280
2145
8326
10224
10318
5907
9436
10132
3622
573
4110
2435
3500
6304
12328
6351
8063
4549
11894
3016
3068
3168
1180
5710
2444
3535
12043
2821
9176
10463
11288
588
3540
1377
668
12822
7587
12769
8330
11296
1431
5930
2636
4306
3606
735
5399
1202
540
7962
4744
163
5486
12108
6342
9331
8685
10599
4827
3337
2471
12985
9340
2864
3785
688
10233
6417
12759
528
9674
8038
12041
8153
7926
7615
5352
10553
9690
12343
11037
12209
6834
6086
3424
4840
3786
4923
9486
1884
8421
11578
3174
899
6588
2911
8744
5922
9291
2530
11891
3831
5557
10097
9225
6303
12429
985
12408
6960
612
9943
1423
9683
6571
10195
5520
12903
4081
9951
5556
11436
5196
9613
8028
7891
4439
2236
803
6472
11590
11754
10759
2818
5578
987
12325
6292
12132
13009
12169
6159
1623
1967
3746
10784
11328
7219
1246
2942
12500
11733
5775
4224
7824
6824
1537
373
632
7613
9642
9754
14
3103
155
12293
201
3791
10393
4539
10070
623
5566
11990
2967
7116
4829
12082
9222
4810
166
10367
10313
11648
9244
5248
12287
8802
10717
5209
3289
6399
6160
1520
5234
5348
5177
11133
6108
2697
11439
5734
6928
9881
2940
6640
2761
10061
3757
11282
8871
7509
10699
6211
636
4875
8049
10787
5126
2686
11161
5355
11232
910
10076
6981
8727
11223
3645
1827
3154
3813
5310
8874
6748
8333
3680
7206
11203
9571
2354
3561
10580
2149
9846
1608
3741
8964
9457
6677
8449
12499
7522
8289
12064
8754
7227
1074
1987
807
8633
9940
11536
10910
8179
8328
5946
11540
12698
7076
8424
5610
106
1015
6469
801
7296
5153
5817
11726
1391
7410
7278
6046
9463
10406
11679
9108
3886
11917
792
10155
8757
10081
4356
12735
2110
4797
6618
1821
4427
10938
411
10427
9744
1976
2485
2904
4721
3395
11809
7838
5553
2986
4666
1695
2781
4503
3997
874
12212
12656
4095
12291
1993
1669
6814
8031
7334
5534
12034
1552
3000
4260
8628
10905
3389
8884
1959
2835
2717
6942
12468
1563
83
10072
4917
11767
9614
4498
9552
6330
8116
6336
6605
100
3651
12062
6660
5777
7144
7994
10277
9195
10490
5673
6788
4431
6574
2075
6210
1348
4462
12435
367
8690
4545
7508
853
1635
4113
6594
10260
1284
2271
12513
168
3661
5513
9559
1266
9412
8746
10714
10633
6383
12974
10054
10821
7810
1671
7831
2667
405
6857
11597
6226
3570
7382
6776
6203
1497
1639
11794
616
9821
204
5210
6464
9062
2044
8926
8051
8998
12695
7103
3897
5071
5757
9641
11021
9794
6693
5043
12386
947
5124
4286
5917
9839
1942
1641
255
7040
8005
2361
12505
2395
3512
5171
11246
11858
8203
4665
4170
12887
3778
12153
7730
10482
3845
3136
1750
10989
8143
935
12723
12012
7600
1637
3305
2656
9901
8058
590
6734
12691
3075
10383
11369
1931
4220
67
6696
1834
11347
4990
3870
965
11588
6499
4371
9506
355
4436
3261
2989
7956
9204
2966
3257
5649
11641
10100
3311
9926
3
10614
1940
229
7320
5689
6302
2892
6423
10847
1955
8450
7242
10148
9138
11819
9333
11954
2182
3109
6836
4591
7591
11751
7403
407
2359
1281
11749
3333
2909
6635
6294
6217
11955
10929
4846
11591
8290
8611
8366
4087
7199
5295
11921
1483
10762
7259
7300
5148
10642
1783
4906
12196
11634
4650
6681
9891
8662
5676
8745
5675
84
12770
10603
614
2884
7592
8001
6072
12716
4847
6774
8938
12096
7813
2186
4585
9072
5103
4205
5273
6120
918
3684
5297
2574
4845
9403
7417
8830
1072
1091
1833
1651
2539
5647
6881
2860
9226
3909
1932
543
2792
4003
3607
11371
11148
5938
7035
12301
12236
6172
7625
11155
7503
5387
6051
4863
10765
886
3175
9266
7899
4789
12195
8683
10897
8929
10848
7444
8327
2715
1554
8015
11241
1444
3514
3999
2153
2870
3235
7895
10230
9349
6608
4149
4258
7265
8604
2644
687
1630
9665
9224
2210
3850
8062
2758
4221
11681
10262
8329
4639
3368
12996
12711
11382
4901
12060
1950
12286
1673
11481
4241
4157
2816
4180
8162
5067
6063
2334
6654
10416
176
1804
4580
11859
10523
11209
5906
8285
10888
7068
4655
7292
9408
12961
7260
9562
3230
3716
3316
2826
3349
5962
2116
3838
7089
4445
12864
7090
1068
3273
7893
10284
2777
6186
12092
1835
3353
2671
10773
2634
6196
4430
6284
4052
6661
8158
4051
226
2738
11078
2472
10559
3955
5840
1155
10214
11546
8389
4428
5301
3725
10407
1830
2517
2205
7965
7723
7937
9644
156
8910
12832
4406
8630
2609
2255
5868
6617
10908
6111
3005
9693
8298
2217
6679
8596
3210
6794
2757
170
4722
7048
10636
1998
1359
11077
9327
9328
5443
3611
2679
1026
1674
7778
2874
2582
6349
244
7504
1355
993
720
11042
3899
5330
8409
9767
8714
2085
3119
7029
6790
2062
3957
3249
1953
415
4831
3059
11899
121
4301
3727
7414
10626
7354
12020
5342
7077
7551
1714
8916
4182
2812
4264
7739
8466
8739
10579
11406
5667
1558
10986
4038
11299
6142
11164
10825
7662
9369
4463
6409
1151
1010
11434
8373
2268
1125
6789
4581
8260
27
12406
6125
7472
10829
755
11602
1974
11614
10678
12481
6493
3920
7642
12506
6363
1398
1701
1742
11581
8620
12331
766
7628
7578
9470
11239
4854
12359
462
3562
1843
3400
6263
917
916
6356
3360
2011
1977
1877
2547
5105
3605
4322
2545
413
5459
78
1984
10435
12940
12486
6115
923
6225
9416
7034
7041
8066
5648
10473
12379
10510
10018
10091
3398
3322
11747
12867
4999
6364
12792
9367
6081
8445
12804
5499
4968
4768
8707
12547
11868
4144
7880
6071
565
9068
11988
12594
10822
11498
10934
6491
10737
11460
11332
8003
12198
1944
6005
4718
224
12511
3995
3710
7217
6425
837
5
4482
6215
1579
11441
9929
3207
7931
772
12958
7080
12392
1790
2912
12313
5737
2401
2250
4350
3839
11051
6962
1535
11142
3719
4253
10073
5369
101
468
7288
10679
818
7362
3135
10092
5749
1472
8133
10542
6426
11250
4133
10556
10592
7725
3674
8579
5175
7163
1465
5671
12817
6628
6373
12808
3928
2569
7052
8887
8284
495
13000
5876
5467
1239
6934
7914
3197
4705
10439
8811
12091
6427
3905
344
7979
4473
10824
3560
7952
2809
9743
1814
7056
1457
1865
11514
7201
11748
2137
12125
2028
3032
11396
10346
9932
8737
9387
12171
8372
7709
5458
11053
4237
3846
12607
8013
8220
4467
269
1612
12526
5772
3579
12924
3552
9015
6601
9792
5522
6486
11445
11797
4102
680
2265
4685
4058
4027
12312
6676
3301
1145
609
6307
557
2375
7290
10084
1561
11823
5379
5815
1728
10166
10468
1190
5899
1464
6900
4945
10964
1937
7910
12794
9892
2050
5609
1495
2608
2916
11390
9928
2111
820
1851
4937
2455
9465
12566
4020
12380
5700
190
11324
36
8801
12984
664
751
11802
8165
1519
3188
3063
4559
4319
2953
11314
10672
12901
8708
12743
2987
1970
11177
6808
5974
3286
5447
1914
2756
2944
3994
11991
3293
4272
8317
11989
8602
8776
11760
6548
9631
2499
317
160
6305
7113
3401
2526
11480
749
634
447
11759
7588
2300
5516
9834
5383
3458
9396
3647
2876
10281
12771
1477
9087
221
4807
6872
1813
10103
4708
7230
9285
9046
1748
11931
86
10484
12783
132
8762
3183
12589
6936
3445
10687
9262
781
11033
3057
3390
10831
1544
2370
5233
5029
1349
4346
4276
4924
1396
5018
4273
1517
422
12457
5480
644
2323
3198
11017
11391
3325
10616
5976
12244
8495
6428
2146
9627
4621
5322
12335
10732
11832
4910
11906
4812
8919
9823
10417
9098
4138
10608
6460
3267
5992
1186
10154
8070
732
9968
5247
1253
8345
4514
3555
3991
6488
1188
8149
1288
4830
3851
11845
761
79
2894
3148
6200
60
3179
11068
11039
4644
12732
6865
3422
3784
10041
4249
6405
2739
11070
3595
7311
6911
3165
1621
10763
3515
8041
5693
3639
4161
1708
2328
7656
54
701
9749
3321
9634
2803
1910
10289
6193
8831
7950
10501
7340
1961
7898
12324
6465
11766
3083
4235
10394
4050
12823
7236
6088
6170
5484
11882
3399
2448
4950
37
12850
12530
12618
11577
10881
9029
742
9007
1060
8311
5576
11502
7301
1086
6849
5621
4067
2662
5885
5702
4964
192
3591
697
4402
6783
3902
11331
2710
6909
3603
7798
13010
12448
5706
12232
7009
8473
3751
8300
12908
2580
11012
1076
11926
2130
8266
8375
7789
11193
3217
6577
4179
10914
4344
8105
3707
1603
4409
5820
6652
3026
74
5882
9356
2093
7471
2212
4870
6519
2491
5986
6297
9309
11230
12065
6891
11519
12877
12314
8556
6547
3327
3511
4040
6442
4601
11964
3234
4928
2509
10921
7529
3367
12113
11006
4425
9066
7575
1615
48
4186
2069
5586
12930
7416
387
8877
9657
11392
1592
738
11725
1531
5952
10401
4475
7621
5214
1277
3539
2783
4699
550
777
4956
9957
12112
1870
5769
1140
6458
12275
10798
8369
330
1815
9404
4299
12632
12162
4962
10424
3013
2278
1577
1222
6438
3229
4983
5159
12011
2490
6657
10854
11885
4404
6903
11394
9260
11544
7054
3330
8854
3723
2007
1774
6674
5438
2971
9207
2450
6130
362
3150
3413
9023
6740
10287
9219
11997
2512
2770
9529
2623
12706
2281
12157
8637
1886
4816
11915
220
12584
4423
7395
8778
1248
9490
11604
8660
3167
4842
4266
6982
2267
544
7604
11764
4130
1341
1889
2414
11255
8364
6290
5104
2778
12333
1920
12636
3685
7897
115
4327
1782
4434
3355
12921
2811
10864
10861
6015
1446
9287
10145
9362
1255
11822
1816
5332
12139
12993
12514
1268
6843
6440
5536
7768
3670
7377
2861
7359
12494
3525
2488
7
6557
8019
10095
6261
285
2552
729
9601
9439
6782
2787
8654
4248
10390
3819
9090
969
6653
1580
12201
10666
4451
9200
12297
5311
6977
8164
11056
8510
11183
2621
2799
292
142
4629
2598
10286
4236
11893
9908
1011
11054
1117
12479
4645
8834
11981
2392
7932
1436
1419
12545
8644
4334
1711
4540
9994
9211
11144
7067
3987
4659
618
3050
7549
3380
10268
12257
8937
6695
6847
12582
10079
703
5377
1693
4918
5727
11492
1643
3681
9248
5476
12860
2348
3975
3124
10783
4117
8649
1065
8912
4577
10680
8187
6632
11353
8914
3409
7773
4735
2445
369
7257
5842
2907
5161
11783
5385
8020
7322
12811
1968
3351
5751
4176
1173
12478
11462
6153
7244
2077
12915
8086
11986
10218
419
6539
1362
4757
1351
6698
7740
4104
1119
9995
4457
11804
10557
6964
8346
2599
8728
6569
5041
11064
5053
3381
2083
1368
9123
9220
9518
1528
392
4715
12912
12399
2607
5464
333
10797
758
4447
10843
12024
7127
7774
7140
12023
805
1340
3507
12175
7021
11871
11387
11507
3521
7676
5440
10322
4686
6164
11712
5731
7479
5661
9620
4959
1505
10657
6257
10215
4628
9531
6717
3225
10049
5828
5836
1294
296
5117
2114
572
2384
591
8305
4471
8243
12151
7345
4413
5691
9281
2437
8595
5875
1062
9557
4046
12504
1113
9179
5212
11425
10757
9133
12288
5755
12988
8209
6208
8458
1629
2682
12433
8112
694
11860
2618
10128
719
3218
10994
9797
10967
3524
9001
10960
10808
9897
3156
9804
70
5792
8161
7348
5626
2941
6191
10171
5683
10973
2442
7017
2325
2167
7517
4600
7385
4700
6637
10174
11984
5481
4108
2802
5559
1952
5744
5069
2261
11773
7814
12592
12036
11319
3965
7323
10333
961
3929
774
10457
633
1249
8254
12173
7082
6062
2836
12512
4724
5448
11689
717
625
2873
2117
1819
7737
4047
8625
12094
1347
8658
11696
5807
667
743
3988
8629
9371
6333
10868
4512
12990
4355
10543
10256
689
1027
2863
10408
11884
10927
1707
3130
7032
11547
3990
1231
9243
6061
7314
5408
7137
6020
8229
3744
6067
7959
1876
8430
11188
9811
6146
7668
9094
10597
7584
9919
9060
7697
8868
5358
9524
8239
1733
13007
6587
223
8231
10507
5823
4060
4490
2171
8615
7572
9874
8263
371
3340
7855
5971
1593
8797
2383
7688
6889
791
8484
11231
9756
4347
12863
879
11568
6719
2933
5539
10790
7624
1211
2352
10099
479
6687
831
6795
10491
769
1618
9899
11644
11888
2919
4681
3927
6161
4538
12509
8772
5309
7012
3106
6738
4247
6259
7426
2420
7165
2022
2521
12713
7338
3974
768
1800
11452
6155
7832
10007
9245
5818
5644
1551
10722
6385
12447
10739
1896
10584
9021
3098
8560
9382
6387
12258
9575
12795
6228
11545
8163
3934
240
9149
4084
12914
10617
4706
12762
5194
11281
5549
10497
1549
4270
835
8371
8294
5631
5463
9083
8764
5987
11567
9418
2527
397
4606
11763
6152
12403
9785
5939
6651
9157
10062
11818
6894
5966
6793
5859
3585
7513
2246
10935
7126
3771
11416
8315
2197
11330
5537
4795
4595
11013
8927
2026
11098
3231
12697
9388
5376
12780
12263
8845
6252
5341
4280
10903
200
6295
9406
10244
9336
6772
9998
4944
2976
1879
9165
8949
4107
11529
5346
4946
6098
8934
10873
1916
7392
4976
11670
1334
7519
7075
10627
10968
7976
264
6535
2960
8359
4283
6643
13004
4855
12787
12326
5113
1136
2969
4853
6451
4088
2955
412
11617
2764
12555
7394
6606
4013
12677
1067
4596
11771
8859
6471
10957
11983
598
10112
4672
3017
10334
11169
2640
4012
5108
12138
9178
1685
5023
4018
3510
9167
4340
3691
6882
3580
3877
5367
6943
10080
1321
7441
1675
3238
2707
11266
2458
10511
6366
3002
10715
1035
7611
1024
12365
631
2230
3544
6246
8892
2301
2002
9503
11635
12874
10163
5452
8475
1991
1426
3557
9011
11490
8515
2568
2602
6678
6059
4570
3212
11274
2899
85
12583
2592
1081
8991
4576
4026
1717
12
5657
12527
12068
7020
11295
5077
12774
7148
3486
11905
1001
2518
7619
12466
3976
2376
4922
9117
635
216
2107
10690
2364
3942
7556
7454
12645
4035
8142
8807
1779
4465
8903
8740
5844
10279
3775
2830
2440
2771
4869
1794
12950
2855
1121
12217
10839
10706
11902
5353
7498
12957
2020
4689
66
10656
577
6479
9646
12760
3033
10958
7134
2639
8755
4904
6444
10652
9563
6545
9236
10567
4969
1829
7689
6282
2487
12766
12422
2551
11447
8493
12259
12213
7255
9947
10488
4687
8841
8930
393
8323
7037
10880
87
9623
1841
6622
9217
1990
15
3239
3172
821
6686
11464
8214
6884
7381
3904
6422
7686
9708
2441
11008
12748
12013
8481
10533
5134
4069
2031
10532
8852
2276
11106
3191
5137
9718
10020
6833
5083
5958
12253
8986
3324
398
1412
11928
5575
4106
2237
5826
1773
10114
6407
6057
1007
11338
1378
6245
9902
6001
3009
5913
10465
10446
11461
12456
4030
6675
12264
12548
8244
940
9283
7460
12203
8584
7186
10299
994
537
7755
9841
10522
4692
4074
235
2410
8790
10710
9670
9235
9047
5605
978
9392
3767
12477
11409
7542
7022
10979
2575
9234
1400
11676
1770
4662
5254
4080
3745
9130
5461
4635
12788
3664
1315
11205
12663
5963
9188
11688
335
10039
10421
9045
12370
10867
5796
10769
268
9290
8488
2931
2418
11176
12806
10280
6050
10083
11813
1853
11562
2854
9440
2287
5059
146
11412
8405
8784
3051
12182
12750
6659
6497
9104
11349
2561
1828
2698
8719
2902
5347
3781
9092
10675
4852
395
7149
7909
7541
7373
12489
7779
2617
1463
4688
5861
847
5515
9530
7289
10057
10294
4105
9774
4667
3610
12849
3356
3060
1721
4257
7451
10276
12290
10356
12510
12443
6474
2612
6076
12615
1147
5181
8529
9713
8632
1077
3601
6289
1491
1283
3932
8677
3359
7057
2522
394
8084
3323
1818
33
12378
4745
3980
1146
10204
1867
3593
5250
5931
11303
843
4903
9233
9422
2772
4211
4115
9784
7204
1706
11851
10470
9354
8264
2459
534
7528
925
8575
1233
12388
7680
9945
11407
11525
8478
4093
12473
11973
8940
11711
1647
2322
4017
12166
299
9491
1763
5900
5205
6350
7412
967
2828
4800
12658
10278
9723
9511
7510
4991
326
5927
12571
4438
8437
9240
6551
4219
7545
12612
8432
1539
8875
8352
3310
320
2504
7563
8855
6089
2820
3115
154
8933
10558
1939
6058
12079
6932
5841
7084
12395
11535
6798
11310
9672
10266
5531
10779
6163
11458
3598
2357
8626
7262
8043
3887
7376
7630
2825
11963
7535
7379
4478
2468
1844
1407
6279
1371
4298
1949
4941
12606
2242
12609
2628
8990
8045
11789
8799
3843
7216
3762
5565
5176
11430
6033
12749
9401
4938
46
4
8413
9760
8139
12048
7530
2076
8026
11680
4353
7187
2010
8565
12226
11935
10924
2571
11269
7742
580
8334
5554
7043
7105
3126
3704
11704
4358
12237
4671
7983
12736
599
12650
8257
4760
6722
12878
12919
9043
5919
11237
10442
6035
3892
4238
11994
5639
9344
11854
123
5466
7237
2411
2307
8597
6946
10387
11551
5326
5087
7743
10530
1082
4674
9539
7634
3868
3405
40
7818
7143
9146
11592
3369
10259
11375
1929
9695
5015
4761
3782
2365
6910
4661
2045
11995
4177
6113
6264
6449
6185
4269
860
8281
2779
1515
5027
1405
2745
5255
5455
7065
3919
2655
2991
5457
6876
2613
6700
10300
8532
11847
12776
1499
12317
6828
6023
9555
11887
6785
4907
11138
7184
695
3736
11055
4801
7277
4511
11166
8057
5646
9626
1210
566
9288
3177
6907
6204
5354
6224
6345
8661
69
8943
12235
482
6921
10711
2131
4791
8362
600
547
3232
3693
12353
8693
12285
11913
12529
11770
12624
9824
1855
9719
4162
231
11716
5901
3495
3374
12956
683
10314
4557
3108
5327
4746
523
9712
3328
3543
11820
126
9700
685
1777
3823
1480
4259
5118
10476
9671
12664
12415
10570
5771
8370
5633
105
864
8120
1663
2432
6692
1039
2868
4385
12719
10827
11869
6944
4866
2163
10120
257
23
5625
6312
9664
6853
3053
1103
10201
6032
3394
6400
9801
4320
6930
3962
4450
6320
8385
89
1716
8873
3329
8085
12010
12143
2381
754
9912
10082
3137
3918
4056
9599
7336
2120
5887
10966
10887
5778
1324
5695
11719
7369
10220
11594
5150
3959
6600
825
2159
7172
1532
10588
12858
4769
7602
2708
6648
3354
10296
11943
12099
6124
8948
4890
12674
7349
8470
8314
6118
4154
7806
5584
5961
5879
7063
9761
881
10615
11383
391
2326
7653
5135
7150
8144
6080
3162
682
3768
7941
3334
869
5415
4651
3993
7353
7867
1234
546
3453
2952
7404
11385
7736
7714
4332
2862
4877
12596
1203
11180
3370
745
10844
2279
12640
9726
8828
10900
3304
9966
4834
5951
1160
9355
2839
7934
8598
2152
6512
12081
11003
7996
236
2630
10791
118
10531
11451
898
9725
9247
3913
5730
2056
1690
3528
5393
842
9685
5329
4756
9216
3215
3133
4786
11398
4787
11251
6240
11728
11866
6952
6945
2570
8442
3546
496
5845
4777
1434
6066
4599
2641
12642
2556
2356
1164
2748
5198
9280
11852
4275
519
2754
5078
1892
8867
1677
7989
3326
6070
3963
187
248
12405
10746
6398
10189
9069
6443
7433
5365
10788
8078
1564
3342
7016
12120
8044
2443
12179
12280
6819
2625
536
11207
3302
1018
10695
2070
5230
4021
9451
1930
7342
1789
10807
6855
2827
1131
4992
505
5508
10050
9038
11631
10146
3777
12648
10534
1365
12087
2178
11932
12327
10410
12802
10536
3430
972
465
1000
12417
5390
10684
5811
5371
3900
7024
3348
208
11862
12025
989
1983
9085
11900
209
1087
9033
762
10944
5188
5540
9020
9835
348
4167
7644
9118
9004
9736
10913
4888
1921
2061
2496
4166
9391
3590
11850
11291
12302
6979
9434
5119
848
9323
7767
12029
6326
5101
6313
4119
2310
7332
7526
4522
9177
1111
3185
2822
714
8219
576
12016
816
6978
10089
9269
1861
7917
3312
9621
6269
896
11834
1745
11170
1787
3554
7434
7489
134
7858
11849
3608
5867
10909
11791
6097
12425
2180
6255
1562
7367
5495
11215
10381
10885
4456
11548
6988
4508
9171
8813
8354
7969
3545
6953
453
7902
9636
9464
4414
361
7185
7998
658
2649
7384
9472
7229
1780
7533
1560
5294
1386
2921
8996
73
4141
8710
8408
1318
11252
10075
12055
9042
4321
8669
12347
1273
10625
4879
7684
6329
10181
8856
3139
968
4057
1923
10969
11359
7321
2427
724
12490
4895
6769
6248
10758
3205
3825
8075
1058
3028
55
9675
4743
7637
12270
10761
7495
8766
12319
9154
12917
5187
238
11503
4481
1356
3214
4147
2176
11283
7028
2337
5491
11557
4779
12071
9950
11286
3260
475
2810
2661
6459
5857
167
10860
10917
7973
9795
12493
12724
2094
11120
5072
9745
4361
1106
10697
5061
9549
12881
2973
1811
11542
12843
8527
2619
11692
8967
12865
1219
3132
681
7715
11446
3836
11587
3758
5808
12239
5920
51
4818
8698
2363
4548
3161
2914
7085
9752
9254
806
4424
12377
11204
10478
4860
4382
6341
1292
214
5766
9783
12561
1098
1542
5073
2763
5997
2896
3968
3577
11778
11570
11753
82
11922
2033
6241
8322
10378
12879
7863
2685
11370
2299
3787
5664
6332
6285
7735
11652
10012
5995
9483
10858
4296
7008
647
5453
9213
12427
11585
2289
4921
1014
3571
4939
11873
6214
3656
12603
9014
5060
10747
6775
11555
12836
10972
12673
5521
10162
12059
11318
151
5733
2865
1230
7636
5235
10604
4527
6764
748
8861
10169
5519
6372
8722
7347
8666
6971
1264
12003
3242
3081
2699
11761
5218
10121
7772
3916
1410
12938
6404
6112
7823
261
4625
11531
3006
1752
10875
11149
4891
141
3163
12080
3835
11302
8614
6850
5851
1496
5526
4738
10965
12835
6353
4474
1245
12168
8692
1381
10301
129
12807
10674
389
2751
6508
9112
6180
12623
12384
12240
6168
549
5168
12933
10726
5131
10943
11454
10611
10055
10447
10368
10042
1956
1240
6702
6721
11495
11829
2072
2673
6815
8189
8603
9731
143
10391
3686
3563
3530
5981
9624
10658
11998
6337
1679
9684
2749
12534
165
3863
184
2735
10086
7284
9987
3343
194
7695
973
7672
11663
990
7045
1032
8993
9381
1962
11645
6054
1443
10983
6235
4648
5303
6542
11683
5288
771
9497
5965
10438
321
114
5690
12593
12277
7351
12508
11104
7933
12742
12135
2113
12306
11609
8935
7266
1548
1595
8107
1989
11355
383
10225
9915
11840
4664
610
10879
4857
2140
8130
3613
10143
7263
8275
5955
6656
9691
20
10782
10606
3924
3653
9252
5514
10984
8917
8896
5501
169
3378
3159
4391
2311
7115
7093
9106
4388
2840
8129
11063
4305
10106
12484
6920
5884
12559
7626
5472
8226
2419
11010
7825
4603
3442
9201
1170
2290
1791
11741
2785
6856
10833
4146
10330
9095
10129
10375
3594
6216
9532
4022
11025
3020
7121
12633
2897
12136
3971
2908
559
2581
4544
1226
10662
7100
12282
12369
4472
8118
228
9732
420
11035
11085
390
7875
3195
640
8809
6485
12778
9566
11717
7690
12451
2154
5211
9651
1322
11247
1903
3244
5611
11896
1888
10589
12387
12978
11967
9750
1684
8108
12497
3875
8973
4740
10686
739
3080
9114
3014
7398
2090
666
3643
9612
6075
9696
1382
8286
11685
4288
4442
8197
5529
6926
1648
351
1254
4099
8282
4856
4116
7635
5637
3599
9560
11022
8032
4071
10980
1201
7500
8104
7466
4573
10312
8601
630
12608
5738
11368
6082
9791
12439
2797
4954
4175
7816
4913
10329
11665
4684
9927
4294
5954
865
4762
12882
2980
500
12904
444
4444
9604
11812
3644
5320
2341
5328
953
1739
4289
3860
7224
12969
3118
2170
9445
12474
2483
3054
11081
2319
10196
12942
7911
466
862
2974
7771
11879
2736
10485
1070
10641
3915
11327
2951
5375
1232
6233
1885
2012
7440
3180
9405
12785
9229
4598
808
12997
2995
1898
7546
3074
9855
3830
365
2475
9319
5794
1999
9766
9733
1403
8507
7706
4313
11388
9895
12008
5056
7371
1501
6877
11343
4006
11619
10538
2898
4494
6401
2494
11730
7639
5904
9053
12646
2681
1053
12367
12255
9776
2139
7566
11658
11889
8882
981
7507
10065
1462
10515
7061
4579
4504
2336
1437
11598
1622
10738
1636
12445
581
4806
8393
4348
5705
396
423
6791
8234
222
9673
9223
691
10870
2596
8759
2726
10976
11675
6583
11030
2782
7632
1569
3211
12411
1361
8255
3682
7712
11576
10133
11309
8585
6498
9351
12703
2021
662
5761
9505
9481
8102
2367
6830
12402
7877
8508
3270
8056
3700
562
1490
9837
9469
4516
8643
672
3315
1988
7865
21
2847
6247
5800
4464
4229
5698
2620
4041
485
2144
7312
12170
3731
5822
12800
6156
10735
7053
3668
8832
1872
10928
10038
11059
8403
12730
7190
7386
11718
8880
1832
5849
7915
2807
8576
9661
12712
2508
6194
4594
4871
7657
5728
5050
11969
7836
11949
5052
4898
8758
1614
9413
8168
5047
9089
3393
12032
5090
2439
9500
11651
2900
2115
4228
471
9039
9383
8008
6445
2235
8067
1981
7117
2550
9989
9565
3190
8899
5417
3208
10728
3251
4788
3573
300
12986
3522
10707
7853
8283
313
7780
12925
12413
10047
2693
8671
9589
6198
7112
3662
7753
11404
6436
986
9496
10838
7896
2768
9773
10889
2872
3209
1957
3925
9979
9676
2852
788
592
8448
11938
11094
6455
3695
7800
3408
3279
4160
12747
5409
5969
6862
10954
13001
6280
8198
2867
9787
4194
12220
10780
6149
11373
8396
8645
9607
12669
7494
5193
8381
12262
5533
12296
10093
12047
880
4064
11350
2712
9316
5017
12465
289
2780
2566
6845
10771
3245
8960
9978
4202
5191
11268
12588
3896
10702
3010
4900
6638
8065
7110
656
11522
8574
1338
650
11780
12455
4578
10422
11127
4750
2560
1768
9704
4152
7966
6236
9082
914
2449
12625
5344
4495
5545
10243
11841
12397
5570
9939
381
7192
12693
7317
2834
5956
9581
5469
9964
9186
6138
2434
6757
3096
3854
7207
12188
12619
11698
1422
1353
5490
8812
117
3964
3549
6482
8273
6925
1336
11595
1703
5670
3981
181
3027
8915
5411
11810
11552
4368
42
11769
28
7826
2848
6811
11491
7091
9467
551
9332
3269
4488
11975
10977
1899
3894
707
8774
11069
4262
9325
12320
8089
10380
10689
4796
819
316
3665
10970
10182
1084
6392
8048
2591
7249
1704
2060
1456
2999
836
10398
5977
2962
4483
6712
11171
8586
4343
5474
7430
1130
8232
2330
10574
497
2387
12554
6078
12067
10131
5321
12487
2312
8347
1363
6691
11061
4485
12144
1589
7293
873
3581
1309
952
9831
12154
12471
11553
1184
9274
786
11618
5561
3701
9777
119
5797
11877
8951
3134
2924
12449
4926
9654
12661
12115
10632
2725
429
5343
4697
9237
4441
10846
11933
1494
1809
10324
3473
6162
2213
11421
10242
11408
7581
8577
6144
3147
4082
9101
9975
10685
11520
12522
10575
11857
5058
4552
30
7005
178
5838
4997
7133
4307
9595
7468
3420
9991
12219
3152
8773
11710
928
2939
10068
4314
138
6139
4460
8904
3737
8571
813
8786
1525
12049
7590
10688
1433
9520
7843
2345
11486
3112
2453
11122
10382
4360
1882
513
57
9352
1004
7409
9317
1469
885
2584
2066
11234
7213
9030
10101
7920
502
7705
10996
6344
6083
12390
6787
10264
6879
4405
10673
3290
4955
12006
1335
6611
9729
3423
7387
9734
959
785
1196
619
1016
6736
3803
815
5378
11
8211
548
1935
3046
514
617
6421
3455
1049
7270
8132
3331
9343
7720
2390
12707
895
11099
8181
3538
9334
3770
12231
2798
5432
9119
9205
3588
6091
10596
12970
12844
1263
5500
12442
4454
10593
1475
5911
12740
8876
8957
3602
3951
3732
6040
2051
10291
9769
3609
9341
4867
2672
9035
5478
3113
10842
10612
2572
10425
8794
5293
11831
10786
11613
9629
10460
186
12350
4090
7783
12871
1529
2716
9374
10734
12722
4054
12278
1642
3201
9441
10418
7929
9448
7492
2457
1583
9768
9739
2714
10640
5237
1022
10344
5756
433
1823
12816
5572
6564
5370
6258
3366
6092
5098
4960
1571
12613
3584
4754
4159
3534
6126
11345
11923
3694
1012
4345
10937
2378
11861
8461
1441
12685
328
6990
489
1308
2104
7280
3936
9817
509
7565
11335
5746
6915
1290
3621
7663
5636
9212
5782
5398
1534
574
9848
7294
713
12558
1319
7847
11537
4813
8428
10252
7671
12475
11432
1033
7512
10540
6090
4515
5741
10877
6858
7987
295
9102
7993
624
9322
956
5420
4225
7272
1512
1507
12015
6854
9122
10040
8216
12093
7457
8923
2481
933
5798
8344
530
5082
1303
938
64
3841
696
839
2252
11438
8617
7801
4122
3979
1713
5010
6741
8444
8528
9409
5902
1692
8656
9753
8863
1258
7092
4303
5418
9513
402
1958
11367
12752
11821
8321
8589
11159
7815
5915
12470
9275
2600
7174
3711
8820
2786
12507
12419
12757
11836
6478
11218
1933
2557
715
7711
3600
10891
6411
5189
9161
12245
2057
1267
3072
9952
1751
1503
11109
7975
8246
7183
9944
7988
1193
4383
1360
6859
3123
12234
9109
677
737
206
2446
6270
9163
1390
5031
5921
4187
277
12014
1863
1812
9816
5550
6022
10429
3105
6816
8837
10441
1631
7313
11360
7309
7120
776
3874
7882
10855
7083
6576
6140
7710
301
5795
5436
4676
1680
6056
8482
5793
2795
8477
6100
3141
4036
12601
4213
11271
12502
11473
6244
8983
4066
3128
9938
11341
3529
2068
5975
8414
2819
10459
4535
10878
8360
10141
9168
8587
4764
1257
6450
7763
2883
5225
8590
5643
11018
8248
3043
12124
7912
10682
5019
8891
9264
5509
7482
10471
4120
9735
3930
4091
1038
7142
12334
5542
9027
4565
8138
1620
4318
9009
11950
9699
3837
5732
9421
5750
7391
10550
7130
6437
7256
7622
7264
6813
11151
11824
12149
678
10637
5653
9303
4365
6487
2229
1881
7419
8002
3125
5307
2506
7881
9488
8159
2277
11583
12810
9318
6672
4773
11249
1696
9597
9132
5635
6818
10357
6820
5085
2578
6762
8265
4727
3034
12569
2294
1104
2211
1430
7218
12496
11076
5012
7596
9844
7197
8691
7732
9737
4543
11903
9692
6036
10048
5482
9231
12145
5263
12354
570
10723
1510
3847
849
1302
2516
7927
2179
5403
9350
3219
8205
1771
7066
1167
11005
24
4564
1406
10874
191
7375
3715
4011
7943
3220
10551
7405
5571
2052
5583
11233
7228
5381
4820
1367
12267
3752
3889
11264
3296
11944
1997
6863
11691
6384
6914
5045
2804
542
1192
1366
3687
5228
9905
9579
3058
12018
1547
4844
11000
11236
11004
4200
1247
9315
2734
4859
12440
3347
430
1374
9762
7990
3630
3724
10545
4882
4733
7940
11393
4702
12614
11357
10110
4728
6842
4316
2544
6116
10302
12074
3221
508
2829
11755
4393
2249
3961
4196
9145
7477
11843
7094
12389
1282
4878
171
8173
3144
4872
8706
199
5335
2125
6129
2646
7470
3972
7785
2239
3373
11784
12039
1584
12704
5141
11611
10514
10298
12358
8547
628
6359
11119
1862
12103
10309
4274
10
2121
2984
2479
5314
2511
76
11682
7062
6823
12659
1370
9250
12100
3759
5979
