12369
12090
9111
8642
6461
10671
3062
10064
11107
4967
4334
6180
8440
1007
7459
1328
10057
4526
12960
83
8649
1898
2536
5085
8391
4264
8262
8976
5186
5246
487
12945
12661
9712
5861
1551
3083
4922
1160
11847
10386
11730
6421
6920
7164
7867
10168
9458
3049
6185
1688
6250
7211
2907
3144
7296
12205
1748
2516
10385
1686
10662
9124
9644
6179
7548
4338
7336
6982
9483
11943
8794
9223
11135
2105
8059
11546
6101
10192
6995
8028
7924
11063
7939
6255
673
6508
7570
11957
10430
125
12524
1124
6685
9407
6633
7287
1568
11112
8389
2185
12235
1553
193
2428
9089
4997
564
12350
6715
7853
9394
3724
3565
11990
12983
6305
12920
4575
6332
6681
997
10501
9508
5855
938
2363
8674
11072
2252
5025
3181
9526
4829
5561
6082
4926
6318
9565
6313
4815
11180
6149
4395
785
6909
2781
9842
11340
4675
11290
9190
274
189
7879
677
4073
12544
3139
10342
8972
527
5935
5804
1687
11277
6367
9079
4192
6870
503
2502
11478
10054
4333
11878
2707
8789
8142
2143
6374
9732
6372
1234
4484
5077
12182
11658
11414
7889
10602
9014
1177
11566
6967
949
8097
10435
7024
4726
9605
5512
5720
11915
2206
1796
380
12533
10650
1827
1993
4000
4402
6988
2931
9247
9009
11387
10997
10574
9631
7744
1149
7460
8236
6350
4380
9766
12312
1761
1056
7267
7774
12242
302
9567
9551
11073
12147
4128
544
7409
7195
8253
971
12251
6786
7131
4563
6107
5240
11155
8273
9108
3670
4130
11221
2159
2928
11351
6448
7036
11605
7056
6998
5189
4702
1175
8867
8064
3347
4796
4664
10127
10165
5165
452
7906
970
2790
3922
6768
12403
1014
2195
4251
3924
8259
5275
10
10777
1832
7586
7847
11914
10326
9603
11804
2190
830
5925
6176
5821
7737
8757
137
8676
10651
6600
3365
7132
6007
2453
1931
6621
5265
3810
6890
1750
11911
2455
7730
9529
748
2900
3014
11937
6081
2506
9599
6862
6033
8237
8996
1872
6934
12596
7033
4659
5535
8861
1131
1627
12447
1401
10773
3047
11205
2394
12995
4387
8679
7174
11269
6994
10484
10195
7723
11024
7870
8312
5381
1619
12464
4759
2912
2556
3393
12659
3897
11323
1955
1154
4381
9456
7522
8368
7008
1307
1885
11905
9689
8405
6950
11688
12484
8441
5039
12543
277
6495
12308
7673
6245
4902
2889
8104
6552
10947
947
1889
238
6820
11003
11015
5614
3963
3970
6422
10119
11703
11580
2074
12398
4657
9654
297
9000
7139
10478
9792
8408
11802
8044
3106
7081
10858
6951
10666
2892
5754
2515
9095
6239
9543
2534
9708
4519
3606
12897
8052
3792
4140
9838
7882
9227
5124
9876
9016
8072
1721
2655
2425
8673
12379
4895
11169
5335
8031
8723
1186
9617
2150
6080
3908
8826
7380
605
10908
3643
4611
8540
9379
10323
2233
8754
8413
4448
11209
11810
86
9050
10769
3297
6219
6303
9371
8770
4916
10597
4022
3549
2055
56
9802
11012
11424
2494
1267
7127
12526
12103
5938
5279
9582
1685
5652
11268
12870
9765
12737
10454
1257
11926
9261
3315
3094
5328
6945
11400
4853
12073
4224
9255
8017
8109
7724
9584
4525
10771
12467
3425
5977
10291
6371
5225
8726
9764
4468
5010
3734
8626
11781
4136
11678
6377
1168
4712
6127
2706
10669
10932
2418
7395
9860
1374
1559
12657
7771
8554
12393
9035
10699
12705
5668
3026
1072
2750
8791
3052
1676
6366
5657
12721
6794
9502
6276
1182
10778
1855
101
2799
3409
6803
1134
3930
10173
5304
5291
1904
2246
5595
4095
9733
91
2254
11163
10239
45
4294
1784
11089
358
2257
7578
10513
1225
2419
5873
2921
2149
8740
9062
12821
12234
5998
3122
3995
2864
2060
1987
1562
10923
11552
10471
11140
11222
11174
1550
10684
5422
9316
11643
9234
10558
3629
12692
6373
577
4713
4991
10607
12580
4881
10692
7883
7156
2319
10550
5633
2448
2529
10549
6947
9695
1218
82
10107
12762
7123
6817
9150
3548
7249
3951
9721
8827
3375
4398
1728
11753
560
2926
2110
9336
5771
2878
8519
6235
3342
9812
567
10976
9204
10864
9597
9189
7589
888
9455
5539
12862
195
712
8293
5040
130
11381
7655
12756
59
2777
4282
757
11629
7898
11685
8175
6352
3415
2148
7797
9984
6348
8230
10422
5536
4918
6123
8173
978
2410
1207
4932
10289
2426
7902
5876
6483
1675
11890
5094
10275
12680
443
764
2846
4375
12924
11976
12962
3638
2748
5080
10638
7521
10030
1731
6954
4770
12289
1453
10811
7956
2466
7272
2164
1876
2397
8829
10754
9578
989
7749
12776
2115
9
10176
5174
2013
10373
10644
824
2265
4516
831
7865
8572
3455
6840
12347
3194
8899
1517
12798
12963
9637
8767
9017
2899
7391
8935
1856
12018
8537
3195
1164
7209
7585
2464
12573
5055
12066
10495
5016
2019
10961
6843
2235
10721
8392
3263
6383
9577
8438
6976
12002
12739
9475
4311
2404
8530
11449
5418
10601
12727
7294
5716
5479
5263
8349
1085
270
5042
10957
2437
5443
1636
3345
2718
12299
9613
9073
5142
9479
8243
5956
10284
10245
574
11741
5551
7842
3464
4378
1301
105
7468
211
7243
9307
10040
9293
9482
11855
4132
5200
10621
3625
11278
7225
11166
9879
8250
1607
9228
11647
606
8378
5741
7163
11402
3921
10191
12535
9213
11875
12767
5936
8847
1312
7866
7784
5285
1435
3157
5748
11265
7509
7711
12689
218
8547
12717
9243
9322
5605
1378
4302
2938
7590
11372
3380
3779
3460
3880
9976
9443
1907
11941
11027
12127
6307
8805
214
12770
12117
12884
1017
6359
11958
10442
4839
3623
5590
1252
4590
2671
5424
7798
992
6273
4882
4283
3202
2197
11851
8136
140
12824
4172
1656
2816
9868
2800
6263
6645
9365
11738
6240
2175
8683
10202
7994
1795
2908
10335
10505
378
2167
4625
3349
10025
8659
10149
9742
7709
8000
5420
1927
3596
6676
1398
5305
9327
10069
1681
6384
5111
7671
4791
6450
9283
12091
7187
10516
12820
6304
12555
3054
3680
6203
12736
9583
12735
10681
6955
10902
11774
8177
12468
10792
10215
9323
6708
12887
5983
7897
12449
11556
8257
11098
6325
12595
10270
1589
10890
787
10324
4067
9102
12694
10569
2277
6275
6775
8252
8871
2896
4150
3215
5367
4765
3190
9587
7485
10774
572
2964
11344
11589
10058
10279
5192
12160
12574
3865
5706
7300
12139
5960
8877
10274
10533
11782
11530
343
4280
9404
10003
5880
5198
2499
9340
5827
12149
6618
8429
705
3131
9960
9418
6557
3436
3101
12152
5317
146
8819
7413
12865
62
752
12029
4119
2629
8551
1387
11953
3765
8654
11540
2184
11598
6496
12185
10943
12974
986
2135
607
8112
2969
10039
8698
7738
8781
11331
972
10719
6769
7171
1433
6700
619
1279
7819
10538
12867
5933
3895
3234
5176
4571
12451
12014
3424
11117
1741
12161
12872
8978
11232
8665
2334
7425
2738
11025
3127
4747
9572
1740
5514
2986
10737
5230
7904
7844
12782
12757
6534
11857
6291
10338
4877
12801
9945
11740
10234
11188
4774
12051
9029
5643
2971
4869
5348
9707
1946
2037
4489
11475
10814
2112
323
10736
7850
10883
3155
7428
4554
5299
1922
8910
2851
5012
1311
8799
2837
1932
3491
5349
4483
2635
8866
9345
12200
1286
303
10853
646
10518
7619
4126
4035
9125
7218
12681
566
12667
10714
4827
5049
12310
5683
10188
2915
6939
1429
3484
8775
10199
9231
3452
6362
4773
2204
669
1864
9297
721
9588
5112
7021
1720
7507
1084
9315
11988
12612
7640
9424
2276
3137
689
2764
9197
11297
8975
370
13
6996
9429
502
991
3894
2054
7152
12703
10447
1159
11131
4965
2157
12509
3811
1450
9142
11430
3807
7931
2084
6997
1126
711
8256
7699
7858
10708
8479
610
3030
9292
10376
5979
11005
774
5082
3608
12082
9823
3588
10436
1602
3059
8682
8370
4884
12590
4207
4272
3567
7364
9058
3761
11486
8955
922
8228
3077
5905
10879
11547
2673
10776
8365
7591
9177
1673
2795
9272
10061
8703
2690
4558
6138
2169
11681
10453
9614
4680
2295
11355
4974
2374
6861
8422
1648
531
936
8879
10472
9935
9291
6467
4351
11411
4217
5815
6365
12265
7490
6189
12300
12728
3886
9886
9894
342
8643
6842
2546
11537
8946
11528
1247
823
10194
9270
4716
8671
6824
819
8694
5601
6984
7969
1724
1089
10797
10227
1438
842
12333
12009
5708
7966
6394
12738
7232
11130
1294
507
2415
5906
2810
1304
3119
9506
4262
9633
9313
7614
9949
8750
7148
7973
477
1059
6025
2664
9161
11008
2700
2756
10015
4133
8289
9367
9850
9438
7455
3025
8609
7321
12396
298
872
6274
6398
5891
1663
4866
143
12788
12238
12686
9044
6839
9772
8575
9273
9899
12495
5130
8863
11555
7873
3128
8844
3822
496
9219
12822
790
11821
10448
983
667
2198
12172
5641
1192
10566
1001
492
9271
7684
2125
10050
3377
3634
2734
8815
4665
2142
3737
5027
2120
9382
1801
4496
7389
7094
3476
74
1569
1411
2432
6881
10837
226
9452
2563
4653
9907
2456
11032
2303
2763
12395
5871
12463
10404
9590
12328
10898
4540
637
10839
6944
3358
1220
8093
111
12719
4897
2554
9982
6092
12304
10801
1804
5144
7875
3749
2902
4335
5178
7251
10463
3578
1219
4422
5928
9101
2768
5054
17
7473
9085
3910
2524
4078
1664
31
1725
4655
6946
169
1060
1385
2903
7946
12901
2854
728
1540
2113
11692
8761
10716
9725
12959
1421
5193
11879
8101
12813
1847
9657
8640
1558
1894
2172
2156
11980
5008
3069
7783
11393
967
8194
6825
5500
5318
12834
1780
8025
2
6742
1829
1348
6974
497
6091
12645
5781
8402
412
10387
5137
4841
2793
6090
5921
8914
5050
5589
11200
1682
1791
3735
10782
9037
1930
4739
12007
1233
1232
4780
7379
4213
2585
2300
12490
11239
6261
4362
7568
9874
8832
2395
9542
8074
7860
5791
2564
254
2514
3418
651
299
1859
11291
1426
11869
7487
10794
7512
1782
1803
4137
2579
3781
11333
12132
11053
7859
4412
5881
6441
6208
8647
1055
4764
4545
8379
9929
12604
9141
6745
4354
119
9687
6474
5542
9877
5779
5742
3039
4651
8664
5282
2845
2940
1479
9397
5577
10179
479
8056
3558
12448
12171
5172
4151
8728
1211
10144
12685
7324
5860
3398
4312
445
10854
1633
8797
8357
12550
216
8644
10682
1679
4269
3250
2606
1406
2666
2274
3704
12474
12486
5878
7986
9252
7696
6962
5660
1268
4301
10129
2897
5061
1920
5132
12378
1098
2717
10690
7352
4836
8431
9871
5587
3437
8712
3145
6829
7596
9573
12984
9645
3367
10379
1935
10738
12908
6713
110
4473
8296
5651
7697
7226
1501
3619
12943
9484
11550
747
9012
4634
3841
1587
3796
7909
11906
11214
11472
5750
1771
11133
10340
8197
9143
11241
4417
9541
11428
10610
8714
2414
9393
154
5023
1767
8604
6637
6407
1118
6168
1493
10640
11604
96
1167
4833
11925
5431
4341
3633
1972
6659
11275
10847
1013
10556
3800
2362
5007
10939
9354
9211
425
6663
2767
6455
12521
11704
8632
12169
12466
8442
1967
4064
2667
10884
7333
5828
8420
11407
8980
9301
12105
6195
4393
12173
1022
10083
1458
2072
1109
5511
7988
7890
4044
7603
6553
12255
6406
9230
2040
5997
1891
3898
594
6851
10678
12528
10506
6788
2375
8122
9415
9107
9618
11422
9574
10803
11951
11401
10229
8155
9741
1621
6938
6801
3911
1469
2090
7932
46
5425
12523
6247
8503
2569
10341
1446
11709
10206
3701
5724
11524
12654
2500
3259
6835
812
1579
4754
5953
135
12917
12095
6420
8222
6487
2070
1533
9824
10161
7266
3088
9820
6941
2317
12594
10273
8646
1051
6518
12718
8315
4629
5731
6354
2503
702
5308
8077
12532
11978
8345
1863
7776
11041
10825
4862
12516
5014
10259
11898
44
12763
117
7499
7189
1194
10250
12766
3121
9784
10252
9998
9010
1858
7583
8264
7215
3192
12272
2493
9268
9999
357
8898
446
12422
4404
3305
9903
10322
9123
6570
6251
4931
9522
10722
11081
2521
11994
6973
1655
8574
2774
3525
10998
4502
12319
9560
3860
5581
6153
4544
3622
1861
4276
1316
2472
8473
362
11324
6706
2628
3862
3543
3363
903
12836
5727
7355
8961
789
451
12881
2024
1672
11948
6574
12254
4242
11030
5389
7099
3257
1235
8115
1208
12579
3815
3154
8924
8380
3450
9623
4984
436
9776
1088
6632
5689
3975
3993
11279
8003
10084
7412
4645
10329
6224
587
9720
11737
11095
2811
11950
11642
11863
4921
12538
7147
6845
9433
7429
9492
11480
3286
12635
7793
10378
3473
3586
9183
12936
1800
12050
6865
955
1036
9908
10673
5687
741
6689
7446
8267
570
0
11137
4691
6905
5800
8677
6356
4243
4178
9436
5872
282
7120
11013
5618
7856
1593
3019
845
1571
6169
6206
2674
7622
9485
7161
10630
12911
11288
7089
5373
7573
1146
7669
4009
7538
6103
9057
3828
9225
5478
4723
796
10809
11110
12919
2723
5452
10517
3893
2657
2398
5219
8581
1033
3371
1857
11601
6515
8706
12342
3205
124
401
776
5015
11769
385
2479
10531
10308
6743
2978
3341
4966
5787
12037
2818
11920
3146
8106
8170
9253
6614
2825
3115
7027
7975
7015
4290
7862
7292
52
7529
10319
9893
5606
2796
5150
8085
4714
8179
4748
7549
2497
3797
3366
3530
8848
5497
11187
520
10804
1812
813
6512
3383
674
8190
2791
3941
5528
9701
4229
1266
8932
1709
6265
5089
12592
2910
5154
9464
12374
4174
11592
10489
3907
12184
10764
5097
6048
1024
3940
11655
9011
10401
1390
12273
7072
10366
10798
1370
1841
10170
6883
4428
2743
3397
4601
10894
12529
9061
5065
2566
10077
2593
9681
2832
7968
11104
6640
9104
9466
10752
3762
1743
5113
737
1042
5063
6465
3322
549
3374
1008
11049
8987
11335
12547
8326
11936
9878
745
6345
2220
11784
7482
9790
8446
3344
9005
155
7011
6453
2186
7105
3369
3987
10225
12081
8360
1837
855
6200
827
12940
987
8356
11054
10104
8986
11660
10260
5637
9202
4344
11195
2231
3090
7268
4227
1548
2403
10553
2580
7518
4995
9348
5325
4383
7326
11459
7833
2875
2200
5982
3980
3960
6641
9459
7686
5216
2538
10744
4535
6782
115
569
8567
8918
9780
11735
11623
4592
3451
12849
11338
11432
10246
22
3117
11615
8713
2014
8989
11888
10071
118
8778
6047
937
4043
6790
3534
494
3410
11661
3753
9093
1388
4371
3823
3632
9779
7903
2469
4947
7926
11864
4392
6039
12990
5093
4837
5476
3079
4771
7760
10309
739
2038
9904
509
12695
5484
9402
10351
4098
2083
10325
11715
1165
341
11125
9619
11146
9973
7210
10220
1241
12904
2615
7320
6376
3013
5726
1531
6385
9968
2695
4760
3288
5447
1995
1396
1654
11261
2069
145
4786
7871
11599
449
11157
10579
3618
12286
4127
11314
5686
4450
7662
1357
9157
1340
3925
11061
3639
1420
9640
12442
10921
2188
4964
6389
659
1849
11293
5907
10443
3868
5135
9398
4776
12548
6286
1905
1102
9839
8523
6626
7194
868
10145
11481
1545
9770
3920
9504
2572
132
10046
9051
3855
458
407
2342
8010
3854
7826
12366
7766
3574
8731
8611
12163
12794
849
4255
3082
11190
7073
4517
11644
9388
1372
5583
11826
6452
1785
7773
11516
10113
7474
3570
6852
12058
5035
5567
6436
9136
6237
7486
897
4816
12023
3208
1536
1441
4250
1123
2525
369
9486
9563
9266
9758
1019
11111
6364
10224
6156
3093
1892
11059
8120
2025
9053
5950
6302
1950
1375
3932
7780
6652
12187
7143
11561
11773
12855
6671
8015
11581
8933
6120
12981
6838
11211
11466
8114
1405
5882
335
312
8563
3794
11062
5840
4195
12534
4603
1974
10603
6983
2010
5961
4304
5987
2590
6798
6079
4598
2012
11639
4026
11712
12411
3147
3598
1809
3526
2371
8491
10953
6759
8119
5508
152
8808
4663
8244
2299
3294
6942
9236
5890
5537
6722
5999
7789
1229
1668
2289
1482
798
12381
10928
2701
2678
5101
7917
7271
4658
3770
4389
4632
4855
5197
2406
4103
12465
7500
8198
1300
1045
6917
5773
11498
7205
5312
12643
1313
5761
2226
12039
1455
2104
1519
5922
10296
8300
424
11103
9531
4438
10164
2390
7096
3493
4455
11109
5449
7009
11294
8850
6475
11455
797
2439
3685
3998
6212
3041
6511
12042
1773
2465
11380
10211
6070
2416
7782
3740
508
6415
10055
1260
1886
11846
12563
12852
2280
8214
9626
5450
2076
6546
7394
10818
5051
5355
10318
2445
11680
597
1314
7019
10133
1500
8449
6906
8465
6908
12761
87
10433
2064
285
11322
2266
11764
6108
5870
9146
2570
9442
9639
12202
3362
625
565
7408
11217
11045
11710
1067
3177
9269
12209
5396
8265
8018
4946
5747
9589
8126
127
2068
8807
5709
7613
12599
1178
2783
1044
11620
4252
11375
1817
7133
11633
11543
9337
5427
598
9568
469
3892
11602
10452
10334
7197
11463
9041
11496
4894
11145
9692
12427
12353
1473
3211
2129
292
6093
8043
11154
6877
7659
1291
4731
1744
11719
11632
8419
5585
10654
6987
5638
11420
11164
11849
1988
12352
9513
2731
12262
7955
1591
12126
12414
3293
7751
1460
12792
459
9299
1538
10830
8742
11228
3712
4919
2218
11665
7536
3914
5224
2393
3197
10739
2291
10130
8971
1583
12175
4840
10314
4408
9081
10026
9653
6719
10498
12618
6514
8853
4051
4087
9606
2951
9294
5501
11513
2759
10677
8291
6705
11706
4799
10563
1729
2094
3183
7680
883
5123
2830
430
3631
363
11839
2320
11113
5388
11707
6199
5783
12382
11865
5222
8823
7650
2114
9858
6432
915
11635
11199
11659
9421
3458
2962
4052
3669
6959
9711
8152
8763
3711
11386
9822
6805
1990
3593
3626
12364
5894
5397
6402
6697
6063
8246
8755
12324
7576
10477
149
882
2365
1298
399
6856
12975
10580
4513
11729
6519
890
11202
6113
7556
3330
12339
11245
4418
8921
3966
220
9420
4994
990
7219
11933
730
6159
2133
6604
9176
9607
1690
10704
9152
4373
9498
12880
11083
10138
7698
1543
4419
4032
3164
8776
8381
11070
1114
7935
6960
43
10914
7207
11494
2443
8225
4750
6949
9165
7457
11587
10608
5372
1669
10377
8200
3700
4805
8238
5899
2422
48
4741
5677
6210
6711
1958
114
11014
7112
2490
12093
5548
228
391
4482
615
9139
12937
7363
8390
6529
5825
10791
6880
1100
6323
4662
12225
4587
4709
11565
5399
8407
11348
10143
7649
4366
3329
6876
10554
9449
9166
901
10321
6542
11358
551
10633
563
12456
9788
8248
8134
11050
5473
3714
604
435
3044
10975
3764
1297
12354
2620
6968
10186
10196
3423
12583
9854
1794
4440
8320
2703
8633
4340
5826
11968
4139
1634
8189
8350
4105
9320
5745
5107
4868
3427
13004
6714
6155
8202
3728
834
10122
9389
4798
11956
4848
10481
10770
4445
12991
3883
8398
12261
941
10868
11960
2467
7420
761
838
8019
8494
8412
10823
4382
8641
8887
11312
8981
1173
3265
4430
12302
8730
2343
692
6489
6311
8310
9995
951
8098
11066
6306
2230
11196
9167
9488
3468
1828
3956
7830
12215
151
2168
2327
12122
11260
8057
12702
5164
2885
5612
229
2138
5971
12231
11413
6387
346
1853
5181
1277
2077
9901
10746
8995
11813
10189
1624
2044
12102
1525
9356
526
12566
1928
6736
3018
12653
1629
6049
7181
11854
2948
6060
12130
1075
8873
1986
6914
12886
4107
6458
8552
8896
11065
5952
11079
9359
5435
6912
11185
2739
10441
7299
2812
3281
11482
11928
8497
6271
9833
10802
8201
314
6683
3621
884
12455
8878
5972
12874
10023
1238
10741
6100
2139
7982
2481
4066
5233
12362
1570
5775
11886
7390
8814
2315
352
11852
11318
12894
11094
5502
12034
7488
12997
2217
3361
11287
3527
8947
3787
942
1261
9580
12214
11564
4652
121
10445
1172
1586
1623
4787
10983
10895
1062
6449
1635
3346
11236
11991
6012
467
1684
6137
9641
1299
6635
4683
1105
7582
9649
2035
4614
3108
10834
5656
6913
8849
3390
8661
1723
11795
8145
3299
5294
3933
1376
160
8663
7504
4164
12230
6615
275
7341
5090
10730
11359
1815
7745
926
7642
10455
63
7528
10952
11074
10253
7731
7735
7150
6868
7547
11834
930
9290
703
1245
7301
209
461
9278
8992
5784
3188
2775
3066
8811
480
504
1565
7777
11069
7933
6507
9222
1792
5347
7707
5414
4661
11752
5475
12458
10236
6612
12112
6536
6703
9550
12371
9324
3572
4160
4309
5676
1156
8531
11723
3569
11575
12301
7510
2996
8780
4325
471
7758
1195
7466
2944
10600
11631
11147
7595
844
3899
4467
11379
9754
3058
777
5772
8862
5159
613
826
2603
6287
11224
4715
4332
11503
199
1271
6567
11023
5915
4732
8499
595
8303
11447
12008
9919
12811
8388
7353
3664
12188
6330
7335
2311
6021
8788
10844
2904
2732
9395
2769
515
10333
5678
10018
12294
5037
2032
9229
4700
1199
493
3080
6751
3037
5052
7519
12219
9416
4678
9082
6486
2238
4920
12459
9848
4962
1210
11382
5529
11341
4317
668
12244
10649
7476
12141
5047
1957
1835
879
390
8982
10300
10724
7454
12510
3964
8745
8008
3303
1456
6627
6844
8480
7769
8065
7612
11391
10497
2658
10785
10539
6296
12461
9022
170
1163
5824
8489
7095
5437
2523
11959
405
5128
11910
12240
8541
2953
8651
8344
7192
5185
3311
3994
10727
7372
9521
946
5315
9798
8897
11204
12742
4989
7270
10494
12522
9241
6887
1475
4903
852
9566
6184
5234
12111
403
6531
6655
9153
9866
5243
5853
8607
9956
9128
6473
7791
10907
1290
11586
12569
1424
100
417
1079
5918
10989
1355
252
11790
8162
731
9646
12539
10734
6928
5336
12586
7116
7260
11031
3967
11904
2108
7743
10707
7356
9731
9994
2022
3849
3533
5908
8024
4568
6157
954
12119
6568
1360
7690
4783
11001
10151
12296
2772
2924
8461
860
7110
3140
10827
6694
9882
9944
9989
12989
2146
11568
11837
12536
6666
9958
11541
12429
36
2670
2857
7386
3532
4887
1222
976
3953
6910
3356
8078
7800
3125
315
10247
11441
2017
893
6907
9840
2427
32
6566
8217
2935
6148
4822
4495
7839
7759
11508
5940
1025
11487
5545
1994
11787
780
6042
2976
10652
8455
1637
2933
10674
1615
4863
11244
5171
9729
5884
2668
10732
6726
6879
1901
1487
10363
3295
4906
2553
11254
11714
3074
1911
4556
9330
2765
2268
5266
2264
6083
9038
6527
11488
4003
2495
6837
1962
11484
5962
4222
7449
23
7035
1407
9445
12746
5532
12388
8342
5889
10360
258
12890
7393
2576
2284
2358
895
1323
6062
95
11184
5439
5366
11225
1890
6319
2354
11231
1939
12996
12666
8040
10437
12638
2544
642
5492
8034
1335
11897
7115
5610
5300
1143
9158
8524
8116
10992
4555
12405
4977
2595
1775
348
498
9205
694
11881
2270
5543
9675
5664
4246
6853
1900
12973
8576
9032
1753
1161
6760
647
10982
2352
4352
4109
2630
9392
5832
912
345
12593
7965
7720
10697
12679
5060
3833
10461
5239
8747
4968
4099
6358
11903
6357
8538
2898
7910
12502
9220
8692
11883
9019
2073
2491
10768
4689
10636
6433
9655
2033
1415
12853
11761
9807
8205
7058
8905
8824
7647
8839
3224
902
10350
11512
8639
1921
7358
10001
5028
3104
12368
1418
2692
6993
4914
2029
822
7264
1440
5310
7274
5034
2244
5088
10266
123
10053
12823
11646
319
1778
5079
1006
3407
1628
4586
11674
6545
8325
10097
11124
2586
10424
5423
589
928
1755
6925
7672
530
3919
11899
735
8568
7467
12367
3242
5533
2016
10488
4110
8834
8138
803
8697
7959
9390
736
8374
1015
7092
7048
12045
5875
10655
2402
7030
11585
2030
8009
11433
9773
7228
4346
11346
4036
3716
6424
7059
9126
4643
9474
1838
5344
9289
557
1091
3677
11874
2624
2006
6832
9302
3673
8979
3175
6560
618
6620
8445
4457
11756
5715
4218
2368
892
8658
624
9059
4823
12278
4286
1026
462
3564
9214
11918
2927
3100
10094
11973
3863
1588
8889
3214
7618
1554
10757
7963
5736
6457
2166
5375
9185
4812
12663
11369
5749
3568
5669
6668
6695
10686
11090
1037
12167
8354
3110
11845
12086
3174
943
5454
11078
11876
10751
2424
10180
12787
9974
2611
5794
543
1839
1366
3836
331
7065
3000
9173
10413
7628
2691
6504
10709
4948
4125
5591
8717
6236
7001
3438
7278
8363
6399
7525
5281
7606
6607
2049
9769
4256
12228
12607
4570
1662
1947
6969
5029
3985
7185
12317
11243
9381
10315
7593
11000
3300
4912
5654
10748
10856
12229
9246
8488
12330
2520
327
9608
12734
9755
8753
1756
6335
9786
6144
5134
524
878
10845
11405
8338
2176
3671
249
8620
9311
4580
8279
2661
11076
2532
11105
3162
2132
5624
9682
4849
8710
3793
683
9493
7624
11470
6730
11833
12670
5136
2852
8351
3986
5173
3471
1270
794
3499
9286
6163
2023
10112
9552
5803
2980
10062
3831
3459
5070
9025
4279
6167
4861
5666
2392
12431
10888
11292
6170
239
8241
337
6278
2063
3287
10922
9120
5611
1078
6563
4857
10618
4949
719
4574
4474
5245
4106
1762
10343
356
3824
6301
9096
8571
6294
6460
11246
11134
10397
11993
2960
1038
12348
9343
441
4307
977
9134
4232
4101
5758
400
5108
6336
11515
12155
10493
10991
9221
6579
9212
5658
6833
12389
1463
6631
3769
5552
8603
5273
12698
2027
4847
3918
3231
1739
3972
8741
6650
4487
9020
5930
2272
4942
280
5991
10146
11768
9544
9836
3277
157
287
8690
2539
12134
6035
10045
6001
4131
973
12531
6193
9596
12883
7937
12576
4686
5672
1851
7387
11350
7416
4102
6688
12992
1742
12079
9816
165
3957
3982
7252
4084
11172
1631
7874
12176
5629
964
11964
1881
6538
3915
1826
8729
6809
5253
3173
10887
11788
11626
7124
9414
3856
7746
6739
7167
2209
10562
9244
5560
2901
8171
2249
5327
204
5751
11923
12305
3746
12687
3312
1181
11975
5490
4695
8401
2727
4501
5976
13009
11138
10208
12892
6342
7376
472
8580
5343
2737
5597
2193
11771
6147
5980
12113
3011
3314
12478
12124
6031
12194
7109
6953
4049
10304
11942
6443
6118
10963
4360
7017
3681
1310
4161
4710
10116
11456
6202
4092
7291
11754
11529
5100
10060
4189
9071
3087
12413
9046
3927
1216
6580
11048
1735
7592
3490
7125
5098
12561
2868
1352
7679
5932
8165
11396
4028
10920
4184
3413
2312
11229
8130
5635
6956
1230
8852
483
2255
3756
347
12796
11173
11332
9118
2086
1155
3165
9852
1404
2259
322
6226
4534
6052
8587
7581
6931
2163
519
5958
12253
8154
2637
578
11215
3151
12896
8616
3126
11141
1779
695
9008
175
7240
7765
9067
5992
8376
4288
1050
11595
10028
12609
7471
5639
582
4573
9428
2708
10611
1253
8167
4944
10464
11908
11582
910
2462
11972
7231
8529
7816
8841
10022
11118
12004
8890
7479
5523
9478
12557
2939
1264
9713
8094
3996
2372
12022
8734
5667
5269
3084
1899
4364
8865
701
10131
11603
11792
8247
206
8347
865
8557
2140
11939
11171
12895
9751
11149
4899
3267
349
770
8949
9801
4476
134
3688
10330
9378
11733
8063
8467
8304
8121
6634
11274
5738
6361
4493
10694
9191
7162
237
5020
4858
9898
9516
9460
5808
6328
9412
11617
8453
7823
13010
291
4746
11327
11170
5461
2807
665
3031
9656
6897
4475
4116
7344
3584
9538
5650
5412
9097
7980
10817
3552
6690
6582
6292
5445
8346
9648
7440
11698
12854
4892
2792
5306
12602
921
4740
3138
5045
9818
11766
1276
7155
7151
6129
13002
6172
1934
2702
3715
1272
7307
5118
10913
9523
3656
6488
2382
10815
12026
11276
6500
11347
12722
7638
8962
12636
10269
8798
8670
5685
11471
2370
10759
1120
9007
7534
8756
10509
7077
5757
13001
7063
880
7350
10177
3742
11226
12551
11743
2722
3416
8592
7086
9373
30
864
7691
9667
6058
1772
9391
3546
10663
9789
2909
511
8332
5074
10136
6472
10872
8181
8033
4626
10973
1324
10298
490
5324
1347
3850
4413
9276
2454
8387
3351
8156
5864
10156
3771
6368
7908
1661
11747
11349
4531
6740
3005
575
1577
11497
2210
6896
5711
616
3381
360
7964
1141
4618
12923
5566
2513
6218
7332
5599
7330
11429
4864
12875
8348
12433
9980
10109
1560
6162
11435
9846
9880
5753
931
1046
11454
9598
8191
3167
5692
3520
7020
1152
4846
11701
7508
12708
5244
6429
601
3232
7602
5879
2843
1811
7645
4842
12818
3936
8610
788
10451
5900
2283
4088
9821
8637
9642
12835
6165
295
3913
2709
10964
5632
4940
6686
5622
9827
6490
3755
8180
1443
12613
5301
5286
9870
8061
2321
9056
7145
9441
12848
12851
12939
11590
837
2290
11300
9184
10619
109
1096
12706
11686
12345
12922
6133
5550
7627
6836
7539
4397
4733
2642
4308
817
11720
10305
7983
5892
3238
5995
485
4521
4538
8475
6164
6160
9400
4326
2527
11912
9760
6802
9013
1575
7200
1402
11002
540
4673
12587
5005
2144
10317
3514
12213
9851
223
6501
7146
2237
2605
11713
3686
5359
10881
5117
6476
9570
7977
4896
456
2715
5288
4303
12611
12263
769
626
6139
6601
2943
267
1585
4156
2789
4854
8221
12072
10988
4118
723
11285
9003
11732
6104
9122
10755
5845
2753
376
5395
1171
3414
10857
7616
2650
9932
9349
12179
9799
6539
3666
4359
7122
1262
7229
12338
2147
7337
4982
6135
4061
3403
12605
10087
10572
8903
7107
3535
2170
5759
9487
2733
1117
9430
1452
1642
8478
3395
12512
11614
2685
2856
6059
8721
5564
6576
12933
2336
2378
1480
10076
6216
10364
8904
7949
5619
6379
1129
12956
8822
907
12088
9794
11726
10327
7553
379
3465
11389
12578
10357
9196
5081
12246
3318
2561
7047
4273
5175
9548
2061
12481
4650
4038
8859
10767
12773
7948
6038
1382
2966
450
6763
184
9480
7770
7028
11797
5429
3826
8047
338
1722
10295
11588
3481
7950
6610
3454
1999
6572
6438
5854
1786
128
11085
4797
12015
5802
9997
9251
11176
9137
678
8927
8559
3979
5865
3185
1535
3252
10356
11549
7472
10237
6783
1846
4063
6964
6670
9735
8727
12697
1029
3379
12054
9897
8281
2826
3587
11576
3582
486
8082
6430
10959
4530
7098
3340
10390
336
10629
11840
3307
5374
5524
1610
10120
10718
1189
12944
12062
3591
10152
2890
6886
10232
656
7734
12786
11237
10763
4423
6207
6606
9326
7212
2348
2567
6343
6872
11977
6321
7712
1697
2400
476
6190
10361
5316
11084
6284
11820
9501
8295
8283
2124
9661
9048
7180
12838
733
9461
198
12177
2100
1005
10598
952
7822
1330
9890
2711
960
11563
6792
9562
9172
7947
4789
8331
825
3335
12546
1544
9690
9951
4583
9785
956
12092
6498
11026
4415
10150
11423
7580
18
1732
5021
4679
8223
2278
6234
10795
9604
11018
4456
697
5684
7722
12245
8321
6691
11974
470
10190
10002
7419
5237
4593
12832
11780
9946
10935
2399
9959
7327
7263
7503
5496
8004
2728
5896
5729
5026
2552
8613
7981
5417
3516
1459
5369
5046
10434
552
5752
4454
11067
10657
5504
1518
12869
2984
1945
11625
7199
4701
3651
7007
12571
12003
11558
7138
2341
8653
10226
8258
3646
8725
6571
11390
9339
7915
12190
11273
1973
9743
7013
6369
1419
8768
4014
6699
5022
12196
10290
9702
2891
10646
7543
6723
1296
679
6243
12158
3153
3896
5202
12879
4708
5553
453
9117
7470
3827
11917
3466
2757
2925
3843
3825
12259
6295
10668
5837
793
8050
4347
5510
5688
3103
5509
4268
9287
9885
9033
8779
1393
8997
6850
7407
7594
4155
12080
7289
11669
3847
1506
5969
7053
12582
6268
12434
1423
2699
12925
4112
8913
5468
11233
11653
8433
6346
11577
6215
3200
4197
2182
4058
899
1830
281
11485
3292
8612
9662
8055
804
2968
10072
4560
1820
11255
905
9957
4180
3871
6
5700
11872
6673
2981
7230
5232
12690
1948
6351
7620
1197
104
10659
12745
8178
9672
4785
9468
12791
7414
7806
10609
5377
12882
2610
935
1942
1867
12083
12799
2004
11426
3512
55
5129
9288
444
5480
6791
11501
8806
10960
1507
7206
10950
6114
10258
8951
8282
10007
10683
8625
8158
11527
3515
1205
4503
460
4889
8752
12477
9948
7214
6750
37
8792
10900
10474
7385
7695
7012
9175
84
8825
8688
12227
3718
722
8182
3198
12159
11158
7176
5990
9660
7104
11262
6895
9576
2651
6927
2162
1734
1110
9964
3404
10889
8650
5119
7397
6223
3302
9703
108
1250
644
1603
8284
4154
4293
5455
4385
3901
2452
9992
10729
3113
12252
10534
4236
3758
8561
2742
768
765
12384
11060
7962
8102
1798
11139
4667
7998
4602
8305
2219
8099
4277
6901
4939
2008
10475
12500
10099
366
11545
5166
9106
4898
4108
10526
8911
2773
6132
410
2042
7597
10915
2511
4030
4401
10079
5670
7792
4113
12397
1645
12710
5909
3387
5799
2672
993
4934
2594
5604
4090
6298
3178
7922
3958
5378
2496
2134
2945
4228
3730
9970
3391
4843
11657
12400
4738
5127
1363
11955
6105
4041
11654
7179
10860
8245
3276
6589
5152
5494
4642
2805
5844
6857
12730
3317
10577
11843
1913
11452
8944
4266
10328
556
10251
622
11366
6807
12282
5661
10175
12408
4142
2152
12715
1322
2882
4363
12987
245
3819
9677
5598
10459
10820
4411
120
12861
5402
243
11345
8470
7837
9961
5820
10667
271
994
12089
8602
4624
10008
7022
5264
5376
11519
3630
6710
6692
10996
11286
11182
12504
4345
12423
6810
5440
9263
4471
6326
9375
3179
5062
9360
5092
1180
2801
3589
2487
11362
11507
4477
4802
9966
3290
6737
11695
12807
534
4541
7545
9376
4010
8169
11791
12135
1888
4258
4223
629
4062
7117
760
1954
5252
811
1320
11683
3968
9930
6702
6188
1596
945
4606
6464
10826
12148
4231
6182
4436
2121
11321
5616
2725
1133
12842
4852
4465
4390
76
11299
10852
10302
9905
7239
12806
8457
3529
8148
6469
2251
161
12070
4627
10871
4238
2608
8001
2713
7201
11305
432
5886
3354
9520
6187
289
12716
2963
6229
12180
11250
3999
7544
8990
10337
1961
4386
1532
6602
9432
8544
1086
4145
7422
6078
8709
10369
4050
8411
2323
4306
639
3001
5993
12598
6860
593
9090
1397
6266
8163
9419
12145
2388
2131
8239
2253
11767
4928
10288
7708
7293
5547
1472
11417
3942
4452
887
6086
3483
6867
1689
5472
562
4111
10587
9844
5167
12967
10599
5696
8963
5848
1484
3158
10166
11711
58
12965
9295
6327
5769
6893
6416
8058
521
7976
3550
8623
7914
12116
9374
1822
3816
4434
3655
516
4972
529
9912
7311
3955
10427
6530
9862
2316
4755
7452
2248
2408
6830
8510
11403
4930
6034
437
9518
7417
10123
6217
3388
1834
4479
7076
6411
404
7114
12652
5568
7135
5584
1738
8444
12497
2911
5739
6693
455
10346
6741
8263
11495
11954
9159
12341
9114
1283
12754
7961
8993
2340
12622
6556
9917
8614
9039
7869
9698
5594
10675
1490
2647
821
11439
10966
2221
9335
11264
1063
3063
12707
3310
5586
3316
3168
5565
12513
9282
8271
10990
1653
2979
3309
500
3272
3838
7465
2505
7248
5342
3808
9953
10891
12731
4656
3612
4124
621
2761
5428
12329
2480
630
12373
11842
2335
10047
10261
11745
4204
11746
10870
5822
6943
9832
107
5682
718
5036
3392
6297
8027
4284
12976
5383
3691
3270
1749
2489
2621
8939
7141
8307
11724
2990
11328
10565
12138
896
8137
7256
573
6548
9670
3616
8628
4147
9088
1462
900
5415
3799
2639
12519
11584
10207
4819
2386
5647
5238
6992
12191
11671
2599
1608
4464
389
9149
3029
293
932
3961
3176
10331
1451
12909
5607
13007
8617
4077
8507
710
5697
11055
4684
5974
5254
8774
4143
2627
9723
2992
1759
1016
3107
11419
3851
3782
6646
7815
2301
10446
2749
6478
3902
1594
8687
7895
9180
3021
3209
10125
10551
7111
9761
4622
361
1866
8583
7639
4579
7894
3389
11554
9200
1620
1138
1242
7995
7312
2417
4599
7276
2665
3193
9138
12257
10713
7632
10676
8468
3400
12664
4274
9896
9069
12927
12934
8892
1751
12277
1840
4682
7992
11944
2568
8957
12437
11679
2227
2704
1243
909
6390
3298
11693
1903
4356
12025
344
3594
6731
4923
12637
7990
5862
4873
159
3668
6687
8049
6509
12988
12675
7810
3635
7339
6716
9585
6502
10230
2183
9256
12809
7818
9759
12768
12210
11757
12156
11266
617
3699
1496
3562
9344
5338
6174
10592
10405
11267
5695
11677
12804
11257
5806
11499
2934
11247
7493
2746
6654
8588
10272
11946
11907
4056
6787
9900
9527
5929
16
6072
5805
6076
10840
5847
8183
4159
10851
4019
8274
5410
6404
6279
1254
2095
8359
473
7938
1805
8209
828
7991
10980
4638
1119
4986
10787
9638
325
11329
6414
4203
3789
7667
6773
5337
4697
2009
11442
8693
8414
2618
10238
5203
8384
4453
3449
10521
851
4060
8118
2241
1657
255
4129
7317
917
2894
4559
5912
6755
5762
6781
3319
8355
4295
5469
12074
9738
7198
12387
9564
5571
10468
2332
8157
3853
6766
11046
5394
1652
2192
11258
3563
8207
9679
4725
1639
334
7654
10124
1104
4200
3813
6045
7366
8739
10559
9361
1185
7621
2202
7431
286
12693
6051
848
9910
8490
8421
1871
12142
10480
513
5817
7496
3903
2859
3776
5459
1115
6244
9809
12410
4795
6192
10414
3818
1595
9306
1563
698
11997
3003
1557
8498
2459
3237
5965
9162
7930
6030
1196
1618
10073
3521
10218
11894
4085
5289
2688
7775
11931
8218
1666
2583
982
8251
7705
438
8569
4216
1302
4020
5593
8777
7383
7302
10971
2075
9250
911
1854
12931
10945
8298
9444
5206
2051
11216
8131
10355
5155
235
10415
6826
11859
914
5902
1959
12154
10299
10927
4954
5816
3692
2905
924
12952
1566
2435
2848
749
8234
6864
2998
6209
3579
12567
10063
3394
7224
457
8060
11444
3220
12893
12344
11119
4226
2411
11684
3055
7750
8749
7599
11612
1556
4681
7665
12222
4342
11727
2918
4562
686
5626
9045
6468
5391
6709
10086
225
4407
7159
4492
8869
3659
6918
5531
545
6124
9198
1265
9031
429
1434
8983
11148
6022
1850
9663
11812
9923
7328
6445
2346
7714
10496
4410
11652
11006
8577
1213
4860
177
1597
3547
4909
5788
9181
7130
12913
2872
4767
5018
12012
7566
10504
7051
861
1979
5358
6288
3906
5780
3909
9264
1783
10280
11191
2596
4208
3644
10052
5951
2262
9602
8249
9512
1365
12704
7310
10106
12857
8594
9454
8845
11302
3577
9060
9318
9259
10623
4179
6221
4170
10584
9187
11121
12795
10933
2007
6952
815
8732
7378
8316
1329
5948
2485
2446
1486
10423
7891
112
5218
11227
781
7689
3983
25
2194
2438
5207
7137
167
12759
12866
968
10219
11316
4917
2171
9943
6026
3283
7940
1622
8743
2313
1315
7314
2814
10912
820
4299
12597
3024
8943
5852
3098
10278
8362
11596
2847
5379
13012
10031
9384
11982
4330
6543
8006
12337
8998
11116
9515
12833
9808
9575
8294
10392
7129
4328
10065
5702
10147
12624
8195
4859
12186
6793
9861
4089
632
6777
3023
1877
3442
6434
12078
9517
3422
11399
12416
8464
2420
5627
3219
6232
5904
11731
6009
6466
6117
12826
5125
6748
1431
2849
843
3501
9239
8290
1703
5923
2663
8705
1394
10745
3647
9129
12650
5434
10728
666
7716
3213
10354
5332
5631
374
7532
11947
11194
9363
6142
12450
12790
5069
5403
898
11451
7728
3785
402
2471
11667
8504
2474
224
8337
1880
230
8916
5228
6171
1454
14
9195
1339
4943
12452
3384
6622
10775
3480
7719
2122
2509
1327
836
2207
10937
12033
9040
7530
11304
4705
12673
5460
9795
12732
8463
3990
4751
2020
12958
12656
1334
6816
751
5574
12269
6471
2788
9828
12915
12406
3641
2862
590
10805
1380
4992
7574
8211
7511
6242
9027
9775
6300
4443
856
8366
2906
6196
5515
9969
3507
2817
4059
6873
11153
5481
523
3636
1070
7918
9825
2972
11891
7893
9694
4824
4507
9592
3291
4613
6698
5401
2866
12144
3726
8771
7223
11010
2640
1492
8631
3095
2600
4086
10492
1295
2730
12192
1882
4007
6431
11301
6205
2056
10095
10807
4718
979
8560
2942
5405
1030
4235
4782
10693
1604
9718
875
3891
9678
4198
10512
8448
4838
3938
4569
8054
7384
12839
7934
8410
7235
8598
2234
8821
1884
995
5255
12407
11736
6099
3877
288
3689
2914
5617
7306
89
7402
5527
5592
6280
1515
11361
5419
10137
8702
7052
9686
12287
5722
5201
5096
6396
9553
9763
12472
877
12336
4804
9891
12572
10457
1611
2031
213
11056
4543
3196
7877
2384
9724
6930
4699
1509
5613
3060
371
4115
5351
11690
2039
7090
1824
186
3331
9528
11806
3698
518
8371
850
11412
11901
4214
857
12720
5690
10014
2988
2447
7502
12077
1349
7767
12903
3245
7637
11330
8813
1984
9728
90
8111
6818
5913
8970
684
11902
4008
8600
7609
10476
6381
7501
12588
12267
7600
8113
6131
6006
10880
10537
80
5634
6707
3555
7629
2421
3992
8937
5241
4515
1111
9110
7183
10725
581
4729
603
9072
4890
2349
10111
3085
1936
7997
12109
7651
12129
5968
4969
3772
7367
3262
4040
6499
4998
4257
4831
10048
12815
11038
9372
3627
2853
9621
4480
4186
7361
687
10625
12545
2021
12725
12295
10951
12647
8186
5811
11126
7451
1356
5530
2345
12011
2721
8071
6010
5573
11728
7411
3453
8297
1816
6071
4027
512
4068
9991
10665
8783
12900
2860
1699
10287
7635
7604
3010
8416
8292
12418
12392
4660
10487
11339
5704
7896
2609
4444
8160
2547
5786
2932
3751
1649
8689
1970
3928
4581
3744
60
6585
6077
7768
6027
141
4499
4988
4029
2041
8386
3050
12633
3518
247
78
4818
2999
12101
10470
12723
3809
750
916
12492
6036
5000
2092
10706
8481
5091
7584
9510
3832
6506
5464
4874
8439
8450
10944
3613
4811
4808
12183
7641
8746
1336
8662
635
9218
3978
7610
753
11772
2631
6961
3336
6999
1255
9887
6854
9154
10594
1345
1807
11144
11621
12480
8397
12928
649
3456
278
9817
3997
4978
6173
6776
3092
2096
11365
4249
4694
1066
10198
2005
12469
3560
4703
5236
11510
12729
8634
11162
3872
251
5563
10641
3368
4278
3114
11800
7050
6524
9963
6497
12404
9696
12577
11479
11230
7434
10702
1787
7648
3129
1170
9740
5326
12260
2003
6588
8425
3795
2250
12999
9934
3244
1099
10717
1694
12562
200
3559
3974
7701
8842
12910
10970
4734
6757
397
6032
7410
2434
5839
2782
5883
1132
1282
1080
10276
2550
5628
4210
3923
10134
6704
6513
10389
5842
6249
6935
178
7166
4239
2473
9434
4800
10507
7546
7489
7213
11594
5011
6919
6462
3326
5160
10217
9084
11415
8233
3474
12514
10155
12121
3075
5898
4191
12258
10940
7710
4449
12948
6125
4524
10544
8501
6178
12684
663
2654
10689
7188
4546
8765
10450
9275
11721
11123
7354
1244
5170
10648
12313
4865
3713
9178
8678
8802
7661
5675
10561
7688
4527
1361
11778
10345
7119
10529
778
4435
3352
10760
1580
11572
6183
10012
11234
676
8343
12356
10548
5505
2212
10882
2562
4144
10985
10197
4017
10126
6186
4260
12334
2141
12753
10647
1278
6597
4597
6915
9611
10916
11523
8585
468
1813
4676
6565
9771
8220
102
10223
11765
12640
8159
9834
5334
4358
3806
11868
7217
12614
3650
2369
2279
3652
5521
7805
2865
5103
7438
6484
2065
3251
7165
7142
9643
9023
11395
2778
10139
3573
1391
1214
1718
166
7954
5495
2720
6067
7309
8973
7779
11443
8496
4349
6822
9872
3333
10528
5665
8556
7334
12957
3006
7329
5444
732
9331
5066
65
11186
11775
4646
3447
6762
3254
9277
3948
5073
8527
11889
365
3722
7794
4100
6347
9830
5072
11583
3743
2770
5970
7087
6516
5353
7993
11282
6738
11343
4674
6744
5250
3545
9155
2698
2850
12868
9431
1077
2555
10942
10954
11979
4372
6069
422
2959
944
12950
5488
8095
5796
6605
3040
6096
7625
7601
1705
1209
10203
10282
2913
10242
4437
11460
9092
1448
5580
9265
12629
2211
8833
588
9103
8672
5041
12376
8715
4640
904
10400
8451
256
10635
12307
6564
6198
5363
3204
6011
3721
1489
3081
655
6386
11533
9386
8432
4993
8666
2045
3965
8900
2179
185
12250
12700
8023
3495
2107
9668
5623
8415
596
7106
2949
1494
1818
7237
2309
7927
11383
10715
1377
3929
10712
8925
3510
5249
10255
4736
4784
12016
3111
1523
8945
1430
6238
10886
2612
11716
5140
2137
4240
4329
12986
11885
5084
3539
5446
4263
7254
3408
10383
9224
11007
2256
6050
10049
1910
7084
9467
4025
660
8882
1002
4134
3506
12498
9507
1521
6324
10977
12276
9304
7158
6827
6525
9355
7304
12201
10593
4175
7157
12503
984
3420
11689
398
11416
7535
4153
4594
1444
4225
3216
1384
10545
10642
4950
2994
5133
12589
8909
1960
10024
12515
4981
12902
11748
3378
2922
11029
4016
5649
12764
1746
3981
9171
9624
3372
4775
779
11739
318
5247
7838
841
9805
2841
9676
9140
8720
1821
8564
4742
2318
10286
2001
5648
4711
8508
8668
1789
2389
4990
4202
9988
11193
12969
10828
4079
4875
2180
7855
1814
12634
11213
6283
5588
6642
6479
4955
372
10949
5196
7153
7942
3334
12616
11751
4763
308
6528
8817
1733
12123
4794
8722
7055
12488
1912
383
3324
9627
11985
11744
5438
9451
11789
9915
6375
10661
10789
6388
4006
1712
9064
12044
9835
3705
7901
9427
4549
1476
4871
2780
1139
6732
1923
12165
12748
5451
2239
2929
8471
377
3166
3876
7373
10696
10382
3687
5609
11044
6220
4893
3846
1601
5975
12097
12646
7736
510
3648
9524
7375
7764
3160
5371
4265
800
10080
7541
6823
10406
11853
11342
7523
9168
246
8087
168
5463
11832
10353
9127
3583
9918
6797
11949
5309
11476
3439
12218
3710
6725
554
2653
9303
1626
1860
7362
6018
12315
5307
12001
8083
7285
12351
3327
4031
6963
3076
5774
6904
6317
5024
12619
4520
5717
10158
3741
609
8804
11489
12470
1975
8553
1281
7338
307
9112
6701
8460
4698
12237
8328
6517
11493
5368
7247
8146
9622
12457
8719
4996
11708
10514
5213
3323
2794
7014
6446
2919
3357
11909
2549
680
8638
163
4081
6246
12284
2475
10758
9705
10038
12106
11522
3308
2376
7204
3073
12216
9352
5076
1065
8036
4368
9260
6088
2297
5421
2470
1432
5760
2325
5713
6382
12518
234
1447
12343
4577
4425
9993
3595
1693
9967
2281
321
3325
6846
10367
11650
10941
12775
1966
1862
7134
9310
9683
7103
2128
8999
2214
1700
11609
4904
11922
5362
2380
12256
3778
7448
4615
5701
7565
5897
9387
3002
12625
6222
3008
8426
11860
7392
4121
4104
10833
4578
7023
2082
10680
4169
10850
2344
10604
3556
5482
4529
3536
3223
8428
11252
2484
5331
35
3708
7675
3304
6439
131
138
4704
4730
7971
4937
4343
2961
1764
4669
11421
4370
1823
1520
4821
12361
6898
179
3649
5926
9782
53
1381
6562
1236
7044
4720
5949
7795
8280
3934
2215
4758
2541
12297
6643
231
6339
7038
6204
11028
4012
4834
6926
10955
2444
8068
5939
6122
7424
2482
11831
8041
2478
6068
9279
10527
2245
7861
7282
1090
12239
11687
12846
7557
266
5558
12108
9405
985
4936
4635
12505
2151
7788
2797
6718
10307
7222
1150
11068
6194
12206
11179
2531
3035
1145
5836
809
7080
12947
2970
4933
2714
9547
12061
742
12591
1511
9697
6259
7524
740
8597
1057
8062
1403
1140
996
1810
9745
1561
9312
4511
11106
7757
4536
12174
5462
6409
5843
12005
10336
833
11099
2967
959
6150
10612
187
7483
12971
1710
6779
7887
8837
10899
10762
925
10740
359
10205
4927
1896
640
1508
4353
3544
12439
9536
12279
11983
5885
4324
3280
1379
4935
1614
3522
7196
9132
11152
4633
7437
3879
2559
10249
6990
2081
2877
4498
2597
8660
12096
5985
8076
3842
2755
1273
9496
2329
68
1039
3247
7741
5674
12829
9308
6754
6097
75
9630
9396
3973
2834
2724
11101
2486
1578
10078
6004
11856
2285
8629
1153
6526
12840
10585
5141
5194
10085
10438
8395
4291
3306
1707
9826
1868
5834
5963
9704
1470
12120
3767
215
8373
7827
6477
10750
4901
5053
11934
9561
2747
4779
9249
5813
8
1659
1883
8550
99
12696
4379
8240
5874
948
7182
7405
1845
10148
2518
8532
11021
6028
7041
9440
1992
7666
5356
9659
8630
2430
8139
5858
10617
6720
5205
11303
8880
6257
4616
10042
9194
3611
1918
4323
8922
5361
3065
3553
675
5518
11092
9911
420
8364
7726
2977
4234
5721
10552
8506
1606
10520
10925
11742
6937
3064
4298
10869
2649
12069
10395
6630
5764
5109
2199
8787
10576
11531
1504
8601
8793
12375
3597
12211
5603
12100
3091
4394
8051
7687
5087
5910
5038
8895
10838
12162
6863
11308
1708
9065
1943
791
5409
6181
9525
11992
12542
11334
9634
12325
4820
181
3180
6551
6651
2705
3172
12601
3602
4420
10301
2886
4367
2181
10835
3637
5849
7984
614
9240
1439
6978
1344
1719
5221
6903
6143
5776
2002
8079
12662
12143
5209
7560
1176
11352
5067
9831
279
5659
4433
1284
11809
9362
12446
10547
5013
726
7899
10244
2224
10313
1692
12249
4971
1364
6894
3667
1555
8110
2296
10421
3004
3805
3472
2982
11755
3116
9413
11670
11649
5370
8627
839
7739
5920
10172
586
12436
5313
9965
6262
12189
3745
3477
1956
11553
2351
12830
6442
8020
12603
11591
3243
8383
3845
4952
478
9591
12891
10162
9242
11758
12010
11538
9699
7979
6435
2216
1087
6869
4065
9954
5673
10546
10103
9722
10174
5636
9258
11357
6985
9450
4491
4807
792
7074
88
6491
10799
3840
6024
4803
5662
744
11989
11965
4384
1121
7829
3984
10265
475
4093
5798
4046
8168
1201
4281
4318
10370
1373
305
10019
9609
11052
11376
11504
5323
4911
8528
939
7439
7244
1937
1926
10362
8835
3187
8334
8216
8917
6882
6761
1341
1874
3557
7786
4757
4248
12797
11136
2660
5625
7849
835
3355
3022
9556
1251
12785
2046
8605
3773
208
6267
1638
4623
8952
6315
720
8558
5019
8591
4512
301
10006
7572
12691
9806
8400
8888
6849
10167
3962
3874
4167
10855
8335
3036
2098
10281
3376
1338
6940
7763
9370
9329
12932
854
11114
57
2803
12825
652
7781
10972
2786
1465
2118
7461
7241
3313
5487
4275
3837
4190
7396
1982
6808
1074
4267
4182
9674
9938
550
746
12620
4753
5966
1048
9664
6828
11776
10567
10570
6334
7753
495
7506
11280
7288
2836
7447
12843
12827
4149
7607
6799
6426
5146
2091
6594
3201
1274
12084
4735
9238
4872
12013
4706
4980
6679
13005
3343
9086
9906
2364
4951
5737
2687
3804
7944
4463
2766
6753
3528
3889
8737
11100
5823
2067
9319
2752
4478
12087
4830
190
8406
392
1246
11637
8940
3229
1505
489
6145
2062
7958
818
6911
10700
6337
9750
7054
5756
6680
7126
8482
3230
156
3130
7919
8192
8716
10490
6770
8535
8029
10105
2053
6729
12993
3212
4801
9300
7346
8831
4348
4013
5382
12671
7423
4183
866
1953
12765
1217
2109
9439
6661
2196
3498
4490
4870
5924
9650
8582
1698
158
8073
7888
998
5293
7550
11122
10958
5615
2287
6258
9351
8278
1054
10720
7885
3020
4781
5596
7238
9500
783
11019
12288
6089
5642
2616
12970
5217
6136
7706
5655
11016
5640
1073
11861
7881
4561
6888
12390
2229
10624
9691
1799
9616
2106
6859
3665
591
1630
3043
4097
3373
10919
12845
4539
2353
6541
11608
7551
10711
11627
3482
12150
1464
10502
8288
1094
4320
7727
10248
1477
3417
10540
4550
1976
11562
2973
5863
4253
12935
10418
9377
7202
12626
7657
5271
6547
11336
10088
5680
3663
758
3296
11697
1678
8942
4761
7646
4055
3170
11785
11398
419
1028
106
7653
8184
8733
3078
9193
4245
2267
12052
6141
7193
12648
3531
8906
1325
7279
2985
227
9333
4497
4199
1969
886
6419
8700
54
7685
2461
891
4756
9383
9837
3500
958
12876
3607
7676
6256
6936
11770
10466
202
8766
9926
3478
2208
10035
8513
2821
4666
1137
9170
12110
9688
6780
3142
7854
3867
6008
9819
3502
7057
6003
11618
2871
2093
1897
11509
7298
268
4508
173
10233
3182
7845
7426
6653
12709
10582
11298
8615
12564
12800
71
7571
6285
8539
9555
41
2357
12193
8100
2413
3600
7492
6789
12726
4369
2409
8436
8511
6110
12955
9435
5411
6636
1471
4690
7220
1981
9925
85
7444
1200
1052
10691
11700
12568
7369
12751
6662
8974
786
11610
8377
8437
1879
5679
505
2614
7704
12151
12972
633
9233
8624
1478
9753
10411
5703
11551
12178
12803
129
4336
11930
4880
5277
6309
10918
6575
7154
7280
4876
1609
2036
12415
6425
12125
9863
4021
10312
2468
12248
10616
6395
11108
4396
10352
381
3947
207
9083
6800
11841
7070
1644
10687
5274
11999
3870
2450
4620
3061
4355
8533
547
3426
1395
8277
6639
3350
8341
2322
8590
5187
1978
8548
1288
5663
5485
3469
4696
11694
13003
641
7088
11313
11219
7374
7018
7045
8224
1353
9936
1671
10637
11836
3016
10271
1248
1142
11624
8021
10056
434
7494
8565
7564
466
5498
290
1522
6734
1474
6355
6293
7062
9977
4447
12570
6340
10962
1108
4505
6665
11272
4414
12170
4551
8128
5520
11453
8809
6392
3509
7808
11818
28
12482
5483
8105
3750
8484
5099
7136
6299
11828
8485
876
5386
950
10101
7069
3406
9422
12321
7702
12899
406
4717
11248
10885
4959
8081
8936
4045
2457
10929
6044
1285
8846
9423
8773
11143
4123
10432
2641
11559
3133
2581
5895
1582
10843
6094
2633
232
8474
433
7693
9610
5919
2573
7703
10698
2174
11161
12953
12476
11492
2488
11760
10398
5208
8164
7692
3149
6456
1539
9075
10425
6331
240
10906
2102
906
11825
5621
10761
2381
12217
5191
11801
10564
3226
10141
7517
11319
5954
5945
2632
10743
7526
12440
8803
11177
77
2431
8319
2545
10135
11919
5838
11142
12907
9916
5943
3120
9001
9047
814
6532
10439
5559
8843
5017
3207
10036
12744
7377
7345
6418
1269
9028
1481
3143
10440
5903
4553
5188
961
980
4176
11970
4005
5785
11356
2675
12063
6554
11518
66
3540
7670
5942
6991
5714
7886
10311
9399
9546
8886
11638
9545
9063
4316
9972
1989
283
2178
5287
6277
5646
6591
6724
8655
7491
1677
6312
12027
12683
9620
988
3268
2288
11203
8487
10178
10568
6098
3682
12844
6885
8417
1466
12863
867
8215
8810
5833
9267
6447
4166
3732
2429
3864
1502
12712
840
5486
4158
9895
1076
8856
5226
4790
927
7952
7234
869
11542
7892
8966
6657
10075
3248
1647
12496
8313
12859
12615
9091
8318
10511
9746
5522
2155
3848
4446
10726
9715
5009
7
2819
9941
11966
11819
10021
4929
1702
3487
10371
7325
3015
9245
1613
7064
3233
2686
6493
9121
11491
153
7552
9979
6066
2501
11445
7445
4244
192
11448
1215
4357
4769
10292
12020
11115
7754
2876
1499
9148
2356
12610
7359
7677
9281
4023
10264
13011
2930
10784
10100
1227
7478
714
11829
6087
7678
81
212
10268
12755
10986
3285
1875
7269
448
9380
7542
767
8185
12199
3645
11963
5059
5916
645
3488
11431
2689
12966
7953
395
1567
4888
12331
8046
10210
6590
4677
7540
11367
7172
11799
1716
5120
8967
11086
5364
1605
7433
7404
10816
6778
963
7029
103
10639
3028
12740
4957
5491
8229
12606
11011
6765
7221
12877
5964
3733
5442
9931
6592
693
8516
12649
3653
9368
2613
8701
4163
67
11570
3235
11952
4631
12166
11882
5681
7729
11035
12871
2884
6975
4671
8838
799
10614
5944
5893
12443
4506
2504
4522
2507
10519
873
9410
12828
4621
11354
2498
12306
3542
3124
4310
2543
10016
10605
12769
5032
5859
3725
6812
3835
10735
12608
3123
10695
4745
9346
4654
5311
7118
4832
6966
6281
2213
11434
1337
4644
12964
11896
7347
10522
2119
12046
555
6231
8991
273
4053
257
8830
981
39
583
7497
5978
766
6814
11058
9727
2917
11064
5866
4285
1287
1263
775
3580
4548
10485
3385
11762
9004
5856
10391
11238
12930
8686
9748
10486
6423
608
5888
1963
9920
12140
12784
2228
1399
1305
2643
784
3839
8645
7349
6130
10524
7884
12291
6537
6191
12772
5126
10831
12303
12241
5292
10781
3592
284
10783
9401
9987
272
2043
1770
6254
7190
9736
3857
2337
12360
12918
9594
4096
1417
12055
1564
6979
5139
416
11927
9665
6248
7475
423
10793
10303
7785
7656
7674
1584
4941
8002
5766
12473
320
2785
9406
3446
3227
12462
7563
7079
5931
6727
3949
5168
11981
116
10813
10731
11634
858
8883
8012
8881
7313
10766
10819
4582
8784
6378
2261
7623
6037
3217
10595
11467
12401
11640
2937
11871
2881
1576
1528
6310
1641
7772
8287
11307
12412
2533
2247
8876
1422
3053
12424
9235
923
12621
11662
261
3186
162
3150
12819
7275
6561
233
1293
10294
9739
9768
2574
6733
7351
12076
9709
12441
7630
1321
1831
7259
654
11296
4083
7807
6957
11597
9503
600
9144
12030
1516
367
1068
10557
11611
4377
9511
7558
4424
7801
3399
8549
11932
10867
6000
5031
11360
10589
3791
7868
4048
2314
8599
8132
8930
10628
5458
6233
10402
9756
12471
5554
7605
9777
1166
11506
11087
913
3492
8261
2304
12372
6774
2869
8174
10070
7083
10832
12954
3989
2813
795
6102
6391
10742
7253
5251
5268
3386
418
3511
3977
6848
1228
5457
6013
1788
10936
7579
11675
2099
8452
9533
1203
3581
11517
5257
1704
1107
7184
9334
11197
3412
9417
8144
1184
11259
3943
10664
3171
10911
10622
2712
584
8941
6214
9099
253
9113
5582
1552
9629
10482
6126
3457
1726
3433
8891
7010
6747
7477
2052
4442
4162
4744
6608
8270
3786
727
8275
9274
8409
704
5768
164
9469
7421
4925
9462
4376
631
10037
9804
7682
4057
8090
1670
6986
491
8619
12349
8188
6866
4193
1034
969
12268
3463
1258
713
734
8399
11409
9937
4313
7113
7216
5262
7700
9490
4595
6175
7399
9076
38
11521
9762
8928
12553
144
309
7128
8011
2883
4157
6629
9579
8545
9077
12507
3561
8269
2776
11607
2989
4612
3419
2839
3912
11717
7357
5740
1754
5380
79
2622
10571
2820
7636
3009
10339
2307
10096
317
12024
6322
5743
2517
10396
10297
9284
9693
324
10263
9350
2958
5387
12627
8492
5765
5
7752
2347
7121
217
12115
863
10613
11940
11464
1240
4813
8874
3240
11536
9719
3696
5770
5835
9829
664
11102
2066
1844
12377
1542
10994
7170
4391
8272
1793
3729
7227
9814
10159
11394
1021
373
11183
2648
10209
7453
2680
7617
3601
3105
3429
5044
7967
8276
1549
3817
6971
11534
4322
10449
180
4292
9471
5199
12660
11009
2954
6316
8053
9409
1691
8836
1715
7755
7400
2360
5220
3888
8870
8089
1275
532
10780
2838
3339
13006
10416
1483
6463
2097
10183
7920
8330
12540
6878
1497
1442
12942
9217
5557
9248
9855
2809
7046
3102
12677
3640
3284
10483
12978
9514
12409
9054
11440
1998
6977
10917
7322
3575
7469
3814
2355
2957
8016
454
4867
6282
3697
12491
1541
3858
2575
12641
11816
1612
12949
8187
4135
8472
3328
7236
11363
9366
4074
1158
1833
3706
5556
1308
10821
8069
8091
10862
11315
5302
6360
7066
8657
11862
1908
1093
10051
10310
10004
9981
7907
8912
1819
7804
3269
9793
8005
2682
1223
3199
3258
2306
222
8075
7382
11759
6353
12749
5466
9087
10995
10543
328
3830
10417
6648
9540
3537
6758
12781
408
2941
11734
8124
6948
1125
3628
11450
1354
1526
4915
12320
12271
4749
934
6320
10010
12370
12223
9080
2916
8423
3939
7463
2584
9145
203
7203
9262
3152
3467
1436
9021
7742
11437
10905
4668
12493
6587
5330
7957
12322
8593
1512
5470
506
3071
7049
3504
9673
754
3905
6213
2798
5384
12198
2126
7520
4429
5392
2173
9774
6029
4070
8486
12658
1513
9505
7432
2758
6558
10316
3359
7778
2293
8193
6902
4181
4636
4844
10978
6043
2058
10228
12644
1239
4518
6831
11645
5767
1368
3566
1651
12247
6578
11253
9457
8430
8509
7415
333
8352
9509
12816
11075
7652
488
696
9781
11560
11548
3759
4688
12019
250
8790
11996
11043
9847
9163
12585
12906
7970
8759
3112
8785
1797
4259
10859
11987
2824
4960
12181
1053
1925
3503
8748
2047
8656
9463
10027
10041
9864
205
4069
51
11210
9116
12043
9706
1342
2634
3206
2656
8176
5513
210
3861
9625
1546
1914
1371
716
5114
11127
1836
5503
340
4001
832
8254
6019
7318
10114
7480
3757
4628
5777
8372
8555
9892
3184
11150
1781
499
3072
11192
11921
8127
8166
421
12314
8536
522
11128
11406
2577
8434
1004
5914
12856
4481
8117
7342
6134
12485
1617
8517
6549
2735
2298
6746
10399
6815
6116
5297
5211
3754
3470
11408
8622
6669
12021
3884
9571
8691
4431
5763
8648
2050
10903
11057
188
4141
3274
7872
11971
6628
5227
464
7430
1658
806
8744
1701
9857
5801
5180
8143
9325
7694
12391
3950
2540
2676
7348
6177
5519
3904
194
4289
4589
1027
10596
11569
12847
4500
4649
3401
10532
4878
9164
682
1457
6899
9971
5248
3445
8931
10865
7913
11606
10710
8219
3496
394
4327
8427
12056
7290
12688
12977
10893
11474
2161
10896
3038
10428
8311
6166
9109
4777
2993
12631
885
2950
12487
10213
7091
7587
1224
9049
11446
7308
8684
9036
294
12421
2607
11866
8014
11807
4403
4148
10216
4270
3885
6053
2078
12311
6154
5242
1747
5360
8125
4177
3727
4806
8934
12508
9074
12049
4752
6583
12000
808
7836
33
9491
8969
5280
829
2694
3348
11220
7644
4584
7315
3475
6252
700
8314
11201
2787
7813
1825
11814
3788
11793
7569
265
1510
8086
2888
8232
11295
2367
3486
9174
1319
12399
12668
4165
1949
12810
8514
8108
10620
10631
3882
5413
2681
1318
3411
7999
8080
8088
11284
10926
9767
6128
8786
4985
3890
2923
576
1968
9495
708
1144
7173
2873
5158
2103
5104
7265
3132
724
3917
5620
12332
6834
3991
9448
2191
4610
2153
3766
4470
8542
10499
2203
11877
9803
8199
12195
10181
10187
7905
10542
5730
10332
9006
11235
4762
4885
10005
8521
729
4719
5818
690
12065
2116
11159
10140
7852
6696
558
8875
7246
2088
8133
4617
5710
12318
10419
4722
4094
49
12743
7484
3873
11893
9369
11017
5345
12584
5538
1683
889
12985
881
12733
8092
3332
3489
1018
8894
10523
5057
10029
6158
10359
4910
7075
2697
10984
2784
11718
4900
1537
10956
9950
4945
2310
8070
7370
11037
8301
8353
9558
139
9254
3774
12243
11850
4523
6647
9928
12560
8336
10091
2571
8923
5001
7403
7878
12750
2693
1136
5354
2751
6559
6892
332
8546
2057
3505
4828
9156
7026
12951
8454
6140
5782
10765
1204
7626
7598
1977
11156
4533
3255
6656
6712
1389
1498
5110
3900
12527
11884
7169
440
2827
5319
1425
5901
6073
10836
5653
9203
12460
5957
7191
12774
5404
3603
11404
7631
11815
2018
8404
1765
5122
9652
8573
3070
5407
5630
2729
11892
8066
4938
12053
10578
706
1842
11824
12157
11798
2696
7756
5732
3675
4879
559
10473
11786
64
196
1303
5258
10510
12340
12916
10904
7262
12047
11676
10429
5153
4743
11071
4212
2350
8589
9305
8518
4637
3812
11682
6540
7000
8231
316
3658
7515
8795
12506
3034
5261
4071
9778
11311
10458
72
2440
6040
9791
1306
801
7533
10410
2684
11672
11077
1599
11378
6152
11388
8424
8950
27
1162
4215
2535
5298
12385
6855
7663
3279
12041
5339
2983
9962
592
1790
12438
197
5157
1714
11579
8769
9034
12714
10374
802
4194
12475
11938
8681
4547
6459
8462
7811
2154
3798
5068
6485
387
5290
9216
7567
1495
7831
4845
3057
5341
465
2754
7149
9332
9237
8067
8285
12630
5095
10110
6253
3946
3739
3402
6609
8606
5819
1680
7093
4588
5526
1916
8812
3763
6289
5340
6916
11858
8711
3109
6521
4826
9341
1183
691
7340
3672
5195
5058
816
8988
11945
5728
8704
330
5075
11374
10184
1082
725
474
3278
4037
11750
1938
11664
11320
4963
10394
414
12048
4015
7004
4122
11571
715
4609
11047
8096
7042
11763
10393
10525
11088
4374
11093
9717
1147
7824
8038
9532
3662
2071
1449
4261
6427
12236
9186
10013
8920
2741
6075
12501
2165
3275
3089
7371
11473
92
9996
10462
1758
2617
2338
4724
5555
4042
10009
7531
4287
620
643
2519
10231
1122
3695
10645
5792
306
269
3780
10974
1730
12558
12982
6119
6672
4600
393
10243
9537
4187
3642
5183
7840
12805
9473
2987
10407
2361
9810
12309
12071
1413
3382
4319
7843
10283
7365
4685
1011
47
9105
11663
1392
12402
7996
5210
1915
10185
8367
2385
12365
5937
7303
3694
6819
8235
7160
6290
4987
12898
1843
10968
12419
6308
368
5941
3969
10034
1965
2026
707
3604
2396
12204
9569
8299
3428
7305
6929
12346
10701
10874
10093
3571
10841
6756
6664
6054
3241
1092
19
8149
12098
7031
6064
3551
9358
11465
5814
1870
9730
12632
7863
3821
2236
7250
2646
2726
6085
2844
10747
6230
126
3396
7406
11502
3523
3690
8255
8032
4018
8758
7319
8393
12233
12655
1736
9385
11039
5877
10796
11696
10372
1408
2652
1985
8926
653
12889
5809
1695
2679
8035
5707
11777
11306
3852
6412
9357
2271
1358
6494
6611
10212
11310
7851
6065
2893
8322
3790
6403
11699
6772
8443
8242
2333
1116
2842
10467
9309
11337
7848
4297
7817
2423
6161
1064
11900
3859
11418
3829
1524
9232
11242
4908
1625
4152
6603
11181
2328
8385
8458
3610
10873
9338
5448
10679
2587
8045
9192
7989
4514
8948
4607
2598
304
11132
12266
9470
3118
7527
5733
4510
9066
12133
4138
4970
2879
10358
8150
5927
12224
3866
3364
9933
2740
7761
9534
3236
5162
11619
3887
9476
12035
11725
11469
966
1416
12941
326
5406
10431
6520
7060
9888
7821
12226
699
2101
1530
5169
771
8596
11271
12929
6684
11636
1996
7681
10660
2565
3461
6057
2331
1598
8042
5570
6197
3260
1023
5006
7316
4219
672
12031
12921
9207
3834
9342
9098
12780
3017
6625
5973
12264
1777
13000
1774
10606
3541
9018
5278
10892
3931
7284
10643
1887
431
5516
2833
4314
5346
411
5086
12335
8329
5541
2089
8172
568
9317
9800
4196
1383
10848
8828
4810
8840
6112
12888
8796
3538
7388
11967
11805
11189
5857
8652
5988
3249
8851
9883
11823
10753
8206
2407
6795
7803
5644
6577
12747
3801
9845
8751
1331
7261
11317
7458
3218
12386
6573
6413
10688
6016
12651
1991
10491
6400
8724
4011
8213
12136
7168
12701
10460
1198
3156
40
8013
4146
8764
9477
7032
782
11673
2867
262
9447
9593
12873
8476
9914
7281
3221
7864
756
1206
8493
11208
11520
12783
5645
11129
7097
12682
5719
9841
6074
5493
6370
10555
10503
2997
5048
1997
4205
10756
10703
661
6041
7255
8800
2604
1410
3709
11178
10033
4564
10240
1941
10930
5223
5829
12623
7718
5256
426
93
2974
388
11368
8608
9002
10931
1491
9757
6444
1776
4441
1151
8956
6272
1127
11392
6624
10866
9939
7381
133
9952
10733
4466
5333
535
1003
3271
2080
4605
5718
11705
1000
11240
3609
1592
3952
539
4365
999
6225
12107
940
6333
2683
10128
244
5489
12752
10946
4792
171
1040
12711
6510
3462
2302
310
10456
1766
5214
12355
1873
12118
9131
6393
4639
7443
7683
4080
5352
4907
3046
221
11593
7245
5546
3617
439
920
2771
339
9632
11630
542
2130
8394
9737
9978
4721
10615
12914
5432
10822
8578
6523
174
9453
10409
5350
10420
11702
9280
9685
12489
4905
8522
3431
4979
8317
9884
10043
4983
10368
11097
10365
3760
10102
7747
11096
4460
8022
4883
805
9902
4509
3443
5284
8855
11373
1933
2111
4727
1058
7608
10863
4788
1590
5534
2526
7498
11867
3159
9321
4416
311
5850
7177
10068
5994
10222
355
9811
4221
6227
8680
3141
10979
5106
7108
3959
7002
3576
8718
10806
11427
4082
6397
10090
9437
9133
662
1893
7513
2779
7144
6784
5471
5671
1902
7633
7748
442
1713
4532
1135
176
6644
9530
1445
8140
8675
10200
7368
10020
810
7360
3169
12420
6550
11
11004
3434
6111
386
4567
538
1369
11962
8526
9658
11525
5831
2874
13008
6847
6228
8447
7974
8534
11505
7037
12817
7100
6889
12357
2145
3045
8872
3007
8103
7588
9328
2383
7615
1769
2591
11212
9208
11036
5911
5296
11051
8418
7450
7987
1409
12137
7436
9853
2275
5030
3289
7186
12425
2537
50
2815
12860
6349
9747
8857
7043
11410
8579
8621
11223
12864
136
12099
6581
2829
3693
8196
2510
2626
7537
11668
11880
2223
2835
4024
7462
10257
6749
9489
3448
10320
382
7331
2716
2887
3657
10653
5320
2463
7398
3210
9955
5138
4772
10560
2861
2522
8502
3683
7834
12639
3067
5321
6675
5499
12220
3051
6721
9796
4361
8333
12575
7175
5365
9130
3033
2831
10214
11042
4572
2225
1103
9015
8495
5270
6933
8860
12961
6437
9927
2201
12837
2625
10846
7554
2492
9052
11500
8129
1032
953
9628
3775
5959
3435
4728
6922
2412
2840
2189
5177
12
10066
7435
3768
10160
5517
1346
10842
10829
1367
5525
10254
12285
7825
919
4117
1917
5456
2048
4254
9403
7559
4296
4641
1865
7916
5163
4188
5712
10092
11325
11827
4399
9115
11924
3203
1289
3048
8396
350
9557
11251
1806
4924
4672
7796
6613
1280
9043
6480
10993
7283
2405
12850
11830
7876
8361
3485
1362
6667
8960
3405
26
11641
4552
7005
9716
6146
9182
4565
8965
908
10508
7643
7721
8226
10381
9169
5161
9869
9684
7814
9199
1848
12067
5002
12153
2745
11168
8885
6728
8048
10808
6921
219
4850
12672
2286
5416
9347
11986
1646
5272
553
9481
5579
11511
12032
1667
9601
533
2602
1237
3717
4350
7658
4247
12565
1660
8204
1010
3731
4585
1573
11526
965
1333
12221
3590
1581
12323
8919
5078
6970
12808
8586
8902
4388
3353
8543
4692
1169
4975
6211
10444
8382
5151
7257
8884
5267
12085
10705
9296
12146
870
8584
4504
10171
3660
122
8339
6596
1128
8816
11808
2548
8466
5116
11040
12064
2011
11490
1574
10500
11206
1343
2645
9539
8984
7668
12394
10157
1148
6505
11425
10586
8469
7016
8958
7101
2588
9042
1437
11722
5156
2760
1534
4486
9497
1231
29
5204
11370
6806
6923
762
4961
7732
2269
4405
8212
6408
4211
9581
9671
9859
7401
5033
11578
7733
2895
8147
5215
12164
3945
4472
12275
12858
3803
3479
4168
8893
1488
11895
12060
1547
1097
9030
1187
4321
3585
628
2601
12812
3253
12549
12926
3935
3674
9600
8308
296
4670
2870
3338
10897
5276
5789
7577
98
12771
11256
8135
12968
7343
11535
1665
10059
8570
11270
12741
4973
8161
12998
1414
3134
2242
10810
8483
3738
9666
7516
6813
7040
1529
3189
5851
12946
10901
12778
2880
2433
5693
10824
4891
276
7140
482
3097
263
11666
9889
4305
484
6115
6535
7951
10108
9744
5145
2000
8123
6095
12131
12006
9942
10790
5436
8858
9726
6341
4596
5790
10000
5691
6586
6260
8306
12674
11309
1632
6598
4072
10121
2662
260
7082
3703
10017
8977
12114
1081
5229
6405
6932
6329
4002
5699
2117
8908
5398
8707
4114
5149
11935
7039
2391
9353
3747
2936
8562
3720
9257
807
10348
1869
2952
7985
10632
1351
5408
1757
12530
579
12038
3273
7025
685
671
1461
12494
6811
9024
3430
7857
447
7900
8667
5887
12905
7820
12040
8959
3517
6841
11796
94
7929
2920
9669
1919
6002
12280
1112
9285
7762
12359
7427
9554
6264
2855
3684
7495
7787
12444
415
396
9226
2804
755
6201
4458
6023
12559
6454
12556
6924
2947
10786
5507
10938
12454
12552
12075
3844
8375
1009
1643
9975
8477
148
585
5562
5984
12281
2366
11353
4427
10875
1760
9188
6884
9710
11811
1043
2160
10204
2059
5575
12036
4237
3086
10877
11803
1332
5981
413
12430
4953
5357
5778
541
8618
5755
8901
7242
11574
313
2644
2292
4461
1083
1041
2260
1101
12059
6981
7418
2379
2123
10403
4494
12758
3784
12777
4817
11995
5946
650
4528
11873
8141
3624
1924
1878
1768
5734
5549
6658
6616
9867
6017
2187
12326
6649
10067
4339
1428
10812
7034
11648
6492
3256
10910
3723
3421
10241
1727
10163
12207
5735
9990
3944
10256
6891
12678
623
7725
548
7464
5259
7841
738
4201
2530
8762
1069
6005
4432
73
10670
5947
763
5190
874
11539
5260
9595
11838
10267
11600
10089
2222
9985
8266
10627
8084
1212
3820
4034
6796
9070
10074
12445
4608
846
6015
4630
12363
11887
8007
7713
7068
12028
561
10117
11457
7925
2806
1706
12525
12483
3554
8268
612
5841
3321
2623
4075
3191
571
481
3148
12713
11969
5477
5314
3360
2736
6584
6569
24
8525
11020
8669
2324
97
2460
2136
6619
5867
10999
2677
5322
6858
8736
7611
3976
4409
8369
743
3676
3135
3222
6682
658
599
8302
2975
9924
1852
3916
7832
4400
8327
7295
201
862
10132
7071
2387
10235
10878
3161
1179
10081
2636
6752
5986
957
4793
10384
7514
8039
2158
772
4091
2551
10849
10583
9094
2828
236
5989
8595
7561
2995
1944
1326
3875
4825
1412
3261
3783
11835
1763
2508
3679
5003
11749
2808
12537
329
5467
10221
528
7809
9940
11165
3605
9647
4591
1
9426
11198
11218
11377
9680
10634
12724
5846
4451
929
9499
4171
3513
7441
12417
12511
5329
2373
2243
6121
4809
3881
11468
375
3432
7828
1359
11998
1309
4851
10142
10749
536
3239
717
9119
12885
5147
3337
10098
9026
6470
10115
9612
11384
11033
9206
1191
10934
5705
8403
7277
4033
6533
894
8358
11385
681
8954
5572
10032
1468
10277
6522
1249
9210
3752
3228
409
6638
2528
5400
6972
7178
34
7085
1616
4315
42
6677
6764
6380
6440
7790
3971
4604
11557
5795
1350
5725
9797
2339
4687
3878
1047
2034
8864
3441
4737
3988
10118
7233
12292
6344
9535
962
11929
172
773
9734
638
10530
11848
3654
3937
2085
4426
1971
9209
8818
11567
9314
3027
12017
8151
2305
6270
2719
5131
4185
12453
9078
9881
5600
1467
2441
1952
5917
10201
10412
3954
8566
11477
1386
2205
384
3926
9055
5830
5430
9408
7799
11461
10909
9922
1909
9179
1130
11532
2955
6965
2557
9494
4485
11371
11483
4220
5540
12128
4488
1071
1696
6874
5184
1752
463
6503
2127
12283
10536
2258
6061
4956
3444
7286
1188
1106
8309
636
2659
11082
2087
12912
6871
5441
537
501
10193
8210
2863
6055
10591
8260
9635
1717
6674
1020
9586
1035
8915
5744
12520
9787
8635
6617
5212
1951
21
10469
300
546
8938
11616
6544
2965
11249
142
7273
8868
10169
9813
10590
10967
5578
7923
8695
9411
9865
12208
2326
2458
10948
9849
10082
2263
5576
8782
12600
10380
5810
4462
5723
12554
9921
1157
6875
580
3163
11573
12979
11613
5064
10044
7941
5143
8636
1650
9135
3225
6678
634
12517
12628
3707
2619
7208
12380
1980
8738
6482
9636
3524
8520
1983
2956
2232
69
70
4004
10465
4241
4047
7911
4039
5179
2483
11438
7481
5807
1061
7297
8435
10535
12212
2669
7812
3099
871
11326
3661
8107
6428
8323
4209
2802
2294
1113
11263
10375
8459
4331
4439
20
11514
5608
4459
5955
9519
3056
183
4300
9472
10262
7936
6593
12878
6338
9714
5102
7943
6804
12669
2436
4814
6014
2451
1292
11167
2240
3440
3012
12760
7575
7061
2476
7912
11783
6151
10969
2991
7660
2578
8286
3777
5043
5746
8512
9783
7978
3599
1031
7928
10293
2710
7945
4886
8340
5544
3702
4469
12104
9913
3068
11794
7505
9151
1503
6056
4766
5235
2377
5083
6417
2449
7634
6958
12779
3136
12994
10987
1906
1226
5056
6269
3508
4566
5303
6555
6989
10426
1940
7740
351
7921
10573
4
5453
2858
6363
12290
5812
7715
9465
5283
1808
8968
3519
12831
4271
5004
1202
11458
974
7960
3266
9749
354
8801
4999
9425
1640
1317
8037
2762
11628
12428
2823
9364
4976
1095
3246
7846
2560
9298
4054
2282
9856
61
7664
12789
11913
3869
8760
353
8026
11622
11364
10876
12316
1427
12617
10344
259
8907
5569
12270
10685
5694
10924
12665
8515
11817
1193
10388
3494
3736
5934
10965
248
4230
12197
11779
688
1527
147
2028
5390
1012
4856
6980
9215
6735
6401
9068
5506
2015
8953
6595
6109
7555
7102
5602
2359
4576
8994
11984
12699
2442
8696
11289
12327
12642
9752
2542
8500
4778
7562
10723
10779
3497
264
1929
7442
602
5105
11397
11175
2638
6314
11916
12841
11207
859
9651
12293
4421
12814
4233
2558
11283
4542
4337
11822
113
7067
1964
8685
11656
4707
15
11281
8929
11870
11691
10981
12203
10772
9559
5148
709
7258
1745
8505
611
6020
5996
6771
2273
10800
7003
5869
1711
1221
8772
8964
3719
1895
12676
3320
853
8208
7802
3282
6046
12499
12793
6084
2308
8456
10672
11462
657
7880
364
150
10626
4619
6481
918
12802
9986
1190
4835
6410
7006
4206
3301
4406
7972
1802
6785
4768
9201
9815
11844
8820
9100
5295
2592
1572
10479
12168
10656
10153
5793
1485
9875
2177
2477
10861
12094
10588
5868
4648
6623
10575
8699
2744
10515
8153
11091
10658
5426
7717
7323
1174
5465
9147
242
6717
12541
12232
9909
12980
7078
627
10788
10349
4913
10182
4693
3615
12057
3748
8735
670
428
2946
5231
11436
12432
3264
933
8985
191
12426
517
11151
6241
12383
12581
8227
8324
847
514
4076
648
2512
12298
5433
10306
10347
241
975
10154
7456
12274
7835
6660
8203
9983
11120
4173
182
12479
10285
3032
525
6767
3042
11160
4120
3096
9549
1400
9700
6599
9873
9615
5698
5967
11022
6451
4958
9160
12938
5474
11080
4647
3
3620
2582
10581
12068
1259
11651
11544
6900
3614
5797
2079
3678
5393
1514
12358
3802
8030
9843
10541
427
2589
3370
12435
4537
1256
1049
4557
5385
5182
10408
11961
9446
1737
8708
2330
6821
759
1600
10011
2822
1674
9947
11034
6106
5115
2401
8854
5121
5071
