3083
1175
7011
6805
1238
1756
7694
4657
12646
12463
11110
11133
10818
7864
4286
1546
2104
6685
1858
1593
1503
10524
6579
6235
8614
4702
8231
11993
1648
4132
11646
8128
10185
7253
12204
4763
830
12089
5137
8460
11665
1832
5192
12227
3868
2921
8027
5932
6149
9034
2853
7555
4196
10173
9799
6250
5437
8215
5775
12666
8908
9808
12504
10289
810
7214
8246
11748
7122
108
4334
8260
1277
12068
4972
2236
5397
4322
12150
5246
1673
12183
2926
5288
6851
12371
3869
6336
6081
10720
11188
567
1270
11605
8016
5493
4479
11402
9977
9365
9666
11339
2818
10704
308
9078
3253
3880
8625
3698
8242
7229
7203
9386
2564
6790
643
7925
5607
6842
8829
11992
2316
7528
12744
12997
193
4252
1838
11447
7760
8018
10670
6917
10688
690
12590
10756
11106
2888
5832
1290
9811
6238
2326
3828
3054
101
11094
7923
5252
11011
9871
12977
1630
1042
443
9878
12096
4784
10693
5627
9709
4609
194
872
9005
2846
12968
3244
5238
4705
1617
4852
7288
10774
2852
2924
9216
12966
8521
8062
4367
8892
6465
5025
6069
870
5141
12643
3858
7426
11561
12284
1490
4758
728
9375
4650
1142
12712
1259
1146
6486
1758
544
2158
1748
11039
7805
12677
4522
9246
4815
3857
5236
4449
1780
6382
5579
5244
8204
10229
647
5106
112
12207
1613
4680
511
5711
3769
1363
2264
2422
44
10541
7994
12877
9110
8353
8255
7383
2949
1541
10896
8923
10620
160
8390
809
1799
681
10033
107
2744
9015
24
12166
4325
8098
12292
4671
7825
5125
1379
8475
2151
10831
10462
2618
9736
3830
6960
5737
3057
2644
7382
6976
4550
9339
4883
2630
6472
1702
9782
10758
1265
38
5752
4715
9548
2011
8626
4535
4879
12076
3483
12044
4530
7713
12794
10386
3532
3862
7830
200
10523
4909
12535
2883
1419
12675
11232
3833
12996
5705
3566
323
7295
12310
8463
8752
4091
4496
3839
1478
2838
9361
9699
7886
7199
5571
5367
4576
12828
7604
595
667
2647
5290
5739
1089
9846
12221
5997
631
2421
2970
6381
836
1395
10197
11419
4332
1626
6475
1122
9862
4658
2035
13002
683
9335
12106
9205
12231
11635
11799
9514
9
8965
5445
2392
12934
9149
12506
4632
3939
8710
10993
523
12455
7484
4203
1118
6314
2684
12238
6162
7789
5614
4093
12739
12373
12690
1947
7084
190
8254
7418
5436
12361
9096
11252
11604
2188
4661
3753
9576
4399
698
10065
7938
6380
1201
4504
12587
1093
4975
3920
271
3825
12990
10655
10384
3576
6431
9794
491
5193
3364
11502
1448
9788
3724
7957
4264
98
3583
11491
11650
7517
12563
10
5837
6916
4725
8510
8769
3009
3028
8017
9028
1775
11204
8410
12670
3020
5849
920
11408
7931
3695
3790
10015
9899
2636
12239
3992
6429
5362
8778
6964
12866
2948
12798
9962
2210
3850
1633
1062
5883
3307
1086
4593
11634
12718
4293
11289
12726
7595
591
4316
3711
4533
8429
5852
5446
5348
750
8537
2646
4389
2471
1703
12505
4884
4759
1730
8020
11626
806
2662
2185
7452
10250
841
8894
4088
1632
12668
9983
10366
12037
7281
4588
12822
6970
7420
10895
5608
11969
3529
9061
3504
5590
12055
4319
3291
2197
7841
4937
11396
9415
639
8726
569
7781
7576
12816
1280
9120
8332
9627
9506
9600
6191
1166
1561
6028
31
1540
2747
9238
11250
7224
9580
6148
3700
10889
8149
11050
9229
6402
10415
4724
11797
5034
9854
10506
4994
12880
371
12188
11565
1334
9196
10759
8008
9539
8804
9590
8832
6394
7914
12229
5479
7109
2433
6033
10689
12998
5008
12148
971
12471
12234
3287
7898
7111
7953
11890
10735
7289
8546
7777
11743
3046
4757
12322
948
5219
8243
3838
2565
12194
3555
3147
3803
356
6469
10525
2731
6488
7458
7032
2865
5527
11227
9754
2842
3616
9633
756
11735
5873
11348
5172
3422
11307
12716
3929
8692
10367
1662
5422
11552
6938
10833
9605
570
2244
5203
11833
11268
5568
1837
3719
2831
5844
6783
9055
10773
8648
1022
655
1529
7564
8489
9789
1725
11114
12469
3477
842
4301
5217
558
5093
12405
5833
10012
8880
5589
11838
1176
8185
11122
561
712
7799
2993
10340
3247
3827
12981
11947
898
10331
7919
5230
407
9540
11397
6955
12295
6425
9611
821
12527
769
9748
11972
6620
3961
10663
1080
3898
12657
3190
4296
10728
10104
6768
4462
5305
10505
1398
11554
2521
6406
11709
3871
5082
7262
9351
2573
9884
2927
7733
4039
9682
5208
6637
1724
2866
1417
11509
2728
11619
2157
6343
525
4397
6477
7502
10407
7911
6969
3366
11375
5405
8768
10812
1574
891
3699
6623
2864
4233
7591
6894
12985
1712
10118
10048
11297
5699
447
10244
154
5792
2417
10233
2742
11136
12003
1483
10002
4520
3118
10673
4899
11681
3707
7186
682
12796
2090
5482
5375
10053
11210
11295
7845
3870
8538
6684
1197
6439
12520
5487
6779
1583
3321
1699
7997
12829
9716
12516
2406
6099
2925
11327
4676
11741
4251
9057
6848
9211
12606
8345
12492
7961
389
8572
9519
12121
689
8208
6800
4406
3702
12325
4011
6836
7363
8928
11078
6257
8250
8793
7027
10120
3337
7646
11108
5497
8608
5083
3655
1169
391
9938
789
1374
9217
9122
8076
573
5094
1450
7316
1054
6849
9602
9016
5150
7641
4910
1683
8122
7824
8182
11516
754
954
3798
10959
1776
11857
11718
8716
7941
505
8304
1375
1922
10947
5890
9879
4379
7320
4237
5719
12811
5880
2790
5296
12635
1348
4015
4474
2138
12464
12658
2382
2572
4578
12397
11962
9252
9454
12390
11965
2307
5089
3489
10206
9012
5269
11269
4065
3018
9813
11195
4577
1995
9757
9888
10512
11557
4354
9848
104
1108
8211
10561
11448
9032
3162
3478
10283
6893
7834
762
12607
8245
3795
9295
3653
7291
5292
12379
8962
10307
10035
10389
2363
6096
11357
4060
1514
2329
11459
2344
9832
4118
852
5616
1819
11777
9478
4634
546
2589
6442
12752
12784
2616
321
8102
11082
9001
3673
564
7007
7052
4393
12085
9362
2698
11899
8979
12009
8274
5237
817
10347
11543
5339
10965
5701
2771
8220
2863
1291
4396
6483
1595
9520
7006
8679
7456
5911
905
7038
560
8673
3281
984
3800
10240
2609
2920
12809
5750
1247
2069
11231
7981
1338
8170
12008
9647
8807
1880
3842
1098
11351
1433
860
10088
12957
5689
2195
636
4489
7913
9139
10325
5466
1139
5732
4484
10743
5104
100
7175
10623
4229
5998
11319
8985
3212
10700
8177
10839
1263
2755
12543
12785
10094
5950
7276
12015
9184
11171
10319
10359
3750
6087
4365
11842
7242
10305
64
4006
8100
7411
11848
2348
5441
1658
6679
11515
2524
9429
10471
12632
11168
4372
11505
10226
4855
2060
7144
11031
11782
10835
10162
613
9581
6871
4631
12711
11871
1676
3474
2476
543
1870
10821
11779
5130
9247
9904
2916
9300
1144
661
5409
9608
1027
4714
1312
2591
7070
8745
12233
4356
10484
11111
788
10477
7151
10327
11514
12318
301
7384
9265
3859
8003
976
12133
2914
12338
1120
10703
11546
7803
1558
9326
2663
10344
9019
3106
3000
6378
775
1300
8421
12272
8843
10994
11333
8573
12247
1239
6326
790
8823
12206
3466
6796
835
3579
9074
8443
6687
3248
1532
2352
2638
6802
10527
2909
1773
1245
11573
618
7439
9792
9646
8257
826
657
7721
2398
4529
928
5218
11644
8653
2890
3969
5840
1467
9820
11588
2353
4858
10260
685
11590
9872
12155
10627
8640
6508
6656
3488
10654
4453
8002
11087
5817
3255
8005
4726
2641
3499
7080
1229
831
12769
10942
3237
304
1220
4465
3177
5004
8064
9433
8097
10681
5289
2568
10667
9049
2704
8682
2690
1802
1152
10316
2221
4204
7801
7675
3319
4133
9631
7331
12176
170
4265
3308
6000
7511
272
383
8286
7154
3061
4292
4895
9065
4952
4978
4849
6945
5380
8533
5586
2231
4837
5354
8483
12339
7004
11727
4363
8496
2928
3903
1432
479
583
8530
5725
4084
6948
7940
11902
5970
8540
11137
10371
12100
9417
7954
3976
4738
10062
5440
11212
3984
4853
5827
2991
2627
12223
5458
6653
950
4642
9442
12104
11464
5395
11813
1257
11958
9285
2537
7368
12598
2067
11234
9204
4907
10024
2026
12123
4041
7929
8325
4854
9971
5716
4929
1827
1627
8934
3718
11621
8949
1792
4934
4599
1549
1951
10215
10025
4765
6237
1537
3764
2000
6966
825
12111
12888
5679
3113
8054
843
8959
9827
9306
7379
10106
11211
6777
6079
2182
6268
5517
4159
5075
6671
638
5054
3994
11382
11834
8357
4178
7308
4042
2246
6913
6907
404
12953
5810
9223
6476
10712
12198
7773
4445
10427
2839
6903
10145
152
7838
4167
12053
7725
11167
10031
5520
7698
42
5155
12528
8068
6403
2147
403
7499
5887
9385
9309
7724
142
5793
10637
9040
337
10064
10683
7073
1896
581
7750
7330
4551
11277
11160
8426
4076
12196
6234
3783
1383
1641
10494
3475
6853
6935
9630
3826
9283
7417
11384
11236
3953
819
3737
8564
4349
11999
5976
6693
1678
10046
12141
4683
3811
12594
4563
10414
2529
3260
12308
2286
3605
2677
8152
3511
9392
10099
11262
11638
6104
10765
7627
6523
6713
11066
1986
6501
3967
7104
11539
3775
75
5647
4168
5390
2173
5201
5694
7770
7761
3073
8180
1562
12901
9907
6982
3328
11361
11664
10779
6385
12245
436
900
8155
212
11086
7963
6743
3836
2938
3092
4769
5812
2737
9664
3654
12372
1051
10549
10143
7562
12566
7060
4300
12340
10960
2320
12704
12696
4130
6606
4456
2765
8764
6863
4427
12863
1160
3716
9995
8235
2952
9086
399
10499
3184
8090
7553
4669
4985
316
9076
3116
8696
6774
9775
7305
2525
7828
12002
9296
3419
7971
5450
8743
12216
3979
816
9379
10134
10069
955
11702
3815
9107
10984
9334
1653
8338
4746
10726
7924
4561
5646
3960
5129
1760
4619
4875
895
6797
8121
5967
8856
10722
2097
4659
3491
7470
11904
2534
2108
3701
10885
6317
9193
8083
5371
9669
7277
4870
9842
8089
8291
5108
3914
7906
1763
6951
10573
10483
9419
10449
5507
11298
4341
12536
4908
12251
8873
7110
7695
5210
6806
10235
11745
10159
11523
6423
3089
5738
7682
12143
3963
3521
9391
8940
12812
7258
4105
1557
7937
2653
2155
1611
11469
11662
6379
1382
7315
345
9628
7688
7687
6281
4019
3770
2605
7664
1726
8000
1949
4542
2551
7267
10439
5865
863
7317
6608
7993
8500
887
718
9394
9586
11165
13006
4996
2207
7887
9271
11300
11281
11077
6634
9018
9981
5109
1506
4501
5528
3908
7660
2869
7706
12363
2082
10725
3132
2770
9724
6111
4243
8862
4526
9047
854
8385
12124
9232
6538
9091
2233
11024
3638
6694
1097
6510
12883
9340
9965
9088
8579
1715
6724
784
4656
5399
12610
12835
10247
7539
2068
731
1272
7912
3882
10426
1741
4921
7599
6254
10349
10859
10103
3841
2135
6163
4872
2820
3445
7899
6232
167
11537
11190
2261
9389
1121
7680
11663
6784
2346
10272
5492
8187
4727
5403
10342
7063
3452
10556
12014
11203
3974
11627
12066
5449
8210
6348
7569
7543
5166
10973
527
3493
10987
6478
662
5850
9655
2046
7041
3955
11027
7333
11438
4078
7221
12269
9947
5481
4307
10489
6172
12266
6545
10253
5050
12274
6058
12846
4201
4231
2134
12608
10557
11818
7921
9137
7461
2637
11549
6937
11067
12571
11642
12303
3667
3554
2170
58
2827
5234
625
12255
7028
4628
1552
2598
1407
5663
2102
4434
8683
8226
12425
8135
2079
1339
9440
10424
3035
12775
9294
6614
4662
8138
4270
5241
9030
12573
10177
8777
12619
9883
9712
2538
1767
11372
2164
12460
8034
6236
2008
8826
1461
1447
2472
47
3109
1948
5049
12311
10891
7512
12265
9396
8630
10588
9875
8473
1439
11869
987
6330
12584
5835
3381
12519
2354
146
4331
4357
5078
5836
9843
9212
265
1885
1941
7558
3807
9298
5116
7672
4716
857
11994
12502
8349
5100
4660
10125
1705
10243
7136
12470
7400
7723
12719
7155
10068
801
4605
10522
11055
3829
9158
1282
6180
7522
959
5960
4102
3088
1024
7720
1955
4391
12559
12562
2162
10409
2129
9535
2893
5263
12868
3771
6491
11179
2383
4040
7280
4980
10898
719
368
7385
5622
2699
5336
9497
12011
7437
8797
11803
12602
5660
3193
4186
6101
7927
10392
4831
52
11564
9934
3305
405
6818
9416
4277
6263
5644
4099
7843
5410
2429
3200
5566
268
6032
9521
2243
973
11152
10740
452
8298
11501
8599
93
11837
353
11105
1048
12061
395
10375
7009
10601
5541
4183
11028
10269
1857
6833
7103
11538
6598
11750
6391
2527
4034
7633
5041
11577
5877
10853
3076
11400
3198
8279
5670
4028
6405
11950
3788
384
742
8474
1007
4859
1199
4756
3077
5102
85
6183
319
10365
10868
12125
5393
5884
12203
12370
11734
7037
1950
8015
741
11862
4328
7023
3623
8930
3455
7525
10824
2109
1213
5747
11636
7873
5432
3703
6092
2835
3295
11780
5220
233
5198
4248
10731
8216
757
5848
3596
7505
4224
3996
11287
309
7145
531
12142
11446
5605
10171
5209
10618
9617
3780
12157
599
9544
11337
2543
8019
12837
12088
7133
3689
2254
9479
11769
7450
10599
9360
2110
1119
4299
4569
9280
5553
10954
462
11667
8281
3538
7141
2482
8954
5931
2809
188
4890
6571
5434
4418
9676
4108
7763
10372
12810
11411
6006
3165
7818
2871
7956
12940
196
908
10379
4801
8407
1335
11527
2427
12302
10879
8404
5350
5921
6311
2545
123
10077
1088
10335
4772
6541
4135
8490
5941
4115
12259
1140
3473
11412
3258
10292
10510
8091
2059
2923
377
10176
1418
4461
7667
10328
6242
12654
5177
4754
5159
4571
8295
7823
12139
8678
9420
9920
4020
5928
8132
12283
11376
10420
8333
7246
6754
9432
2009
13011
12618
1241
9994
11450
12028
11296
10539
1575
8175
11436
12406
9117
1269
12091
9930
7197
7236
8037
3567
2563
2005
562
5139
11265
4833
12871
1107
8252
6905
3613
7766
11486
2449
5645
9151
1592
4956
6505
820
12686
1262
11611
7101
10028
10210
12919
7679
4016
794
7192
1867
5149
7098
266
2114
7657
6616
9838
5683
7189
6704
5855
3777
9591
12793
5715
5935
10312
9917
5187
2867
8272
5214
11387
2401
7839
2359
5860
4411
7079
9052
2464
5145
3157
6835
10587
6094
4260
11276
749
5096
1164
7254
5666
41
12621
8809
9966
2386
5419
9322
12383
10686
8903
6453
5069
3498
8094
3791
1966
7552
952
6975
11767
2557
7581
2378
4560
6676
9989
3705
3256
9461
9112
5431
4711
1536
2730
11323
2929
2643
5267
9738
881
10937
10285
2460
8205
369
10715
3861
8503
2305
4915
9470
3872
5173
768
12616
10789
2491
4302
150
1624
5477
8241
8322
5891
2123
12585
3681
4126
8885
375
9401
9275
2700
8527
6305
1589
9825
390
6574
5001
4473
7966
10454
1998
1804
8256
9928
5830
12374
7188
2719
12817
11358
6904
7381
2720
9615
2089
1135
4151
1468
5239
1070
2402
6037
5786
171
6667
1038
6389
6160
5143
9081
2672
4090
8821
4441
2992
8424
3542
848
8948
7174
2670
12126
6753
1757
3457
9272
1946
4684
12113
1145
10791
10122
10421
5785
8501
9111
2434
7714
6398
3229
3744
2265
988
500
615
11217
1944
3714
303
5954
9237
7045
2947
419
8377
9689
7990
7207
1618
4779
12549
10242
8647
8070
6770
1943
1968
3799
2597
12824
4305
7021
5402
2063
9181
3039
451
10263
5926
6366
423
7015
4623
6368
11878
8993
106
12345
5146
10805
12163
701
1772
2711
1283
2946
11417
2481
10155
7722
9270
4780
3797
7051
6482
10950
8946
8534
2342
11460
1041
1576
10082
8244
5361
3486
2379
9870
5299
11478
3167
5023
5152
572
12443
10079
9281
10908
2309
10423
2899
5015
2611
10997
1414
2738
137
2077
7546
453
12978
2117
5381
10019
10802
3824
2675
5368
979
6050
4054
7120
5057
11010
365
5355
4889
10695
6470
4295
11359
12218
3002
4626
11394
11285
10382
3010
9008
11125
10746
5286
8742
4791
10981
4606
3632
6377
12058
9649
1656
2971
4043
8724
2371
1981
3635
9890
12329
8926
9747
9818
8687
5764
9127
2047
249
8820
8994
4017
11672
8043
5611
795
6883
4608
339
10543
10356
6457
10501
2016
7022
8617
11719
3885
7446
4645
6981
5003
2617
7183
5845
1989
2066
12523
1454
12267
4863
12552
5074
6107
5946
11823
8444
3315
11789
11175
12693
11919
7290
10808
3440
1396
12296
6154
9399
130
4841
359
8271
696
4422
6308
10572
10141
7967
3640
147
2486
11093
12252
1979
5843
8728
6899
7556
9835
10174
3896
9108
7780
1115
3837
8770
134
7138
12992
6030
3820
7194
3597
9310
9491
8610
9814
10619
10254
9795
12226
1413
2037
4521
11463
1322
2941
12515
687
7466
8554
9874
168
8881
12921
8202
8713
3070
6567
8641
1177
1106
4773
9968
4036
11503
7560
4309
8173
10352
5743
5039
1012
8136
966
4370
10699
1829
6628
221
2996
6211
708
6493
8415
12161
2106
11025
10948
2489
1044
3682
6274
9263
1252
2592
3720
3782
8057
11872
9513
3772
9160
5682
8897
3389
3052
1009
11594
10493
7433
7882
2812
10919
11180
2330
8604
2937
10916
2034
4528
1337
3471
8398
10696
5318
1445
2912
1501
1493
9638
5101
9921
5975
2107
8889
10236
8596
9898
3593
8267
6892
8078
9320
822
8222
10926
10381
4948
4350
12241
9410
11689
9407
3804
774
9162
2807
10067
5179
6843
4664
4046
12417
2629
9261
1456
7639
2683
7614
2322
9955
7352
7577
9941
12902
6328
10491
1344
3679
2313
117
7985
2054
9798
10001
8198
9330
8416
3086
12730
6296
81
120
114
10245
8369
11971
496
9704
1368
8791
12753
3535
5268
2376
1230
12942
3619
9672
12242
3563
3911
12578
6830
11725
11496
238
8199
7152
8775
185
6175
8207
3290
10526
1416
9303
1674
2283
2891
2004
10781
6029
10437
2057
8922
11095
12898
8978
2113
9936
11819
3107
1092
1696
10266
2409
6052
3345
6896
5396
1661
8143
1412
6367
3071
6449
2882
12170
9623
2293
8677
11990
1544
2692
956
11675
7245
11787
7661
8651
10855
11325
426
11291
258
4213
5562
203
697
7540
1910
2836
11498
9233
8731
12994
5543
12906
7908
12043
5665
9931
11877
9853
5901
11189
1386
10930
2292
11517
10697
2922
6919
7767
3747
12151
2148
11858
3574
6927
3536
11006
4545
4987
1444
1789
7697
2634
12745
3549
1460
705
4371
7640
10608
3792
6323
4805
12281
11808
2763
12006
4003
8507
5502
7775
7548
5808
3530
3997
1999
10061
9536
2973
1110
3523
8756
2136
3347
10496
1018
2065
4375
9639
12158
408
10216
1805
2086
2639
5545
8035
9202
12438
11996
7017
6371
3124
9726
2657
10096
5021
3127
4005
1310
706
9503
3391
5667
8581
1455
776
2300
4272
4239
4897
1603
7360
296
3951
7952
9349
5121
1387
10213
2612
11493
7619
4255
11420
12511
8384
7270
6363
1655
2945
12954
1324
1392
7034
7054
5495
1347
9969
1564
9075
8067
6654
10585
7362
800
5693
5505
206
11623
8616
8
8119
8871
8442
7533
6195
10750
7826
3513
11912
6388
9744
10047
11876
6962
692
8487
4846
12167
2610
3235
10271
11183
10767
803
11608
10093
1770
8563
232
7903
4018
5231
10976
8557
1234
4964
3812
12131
12103
3998
1808
9674
1608
4799
1740
1985
5638
2230
2660
577
12854
1425
5886
584
6815
9308
571
8744
10577
10202
7765
4284
11960
6967
1866
12025
9297
2465
2393
10940
11602
3110
7010
7311
8240
1921
11978
5407
4916
8294
12538
11924
7753
2334
2716
6925
7788
8023
4419
10275
6695
8815
10590
783
4348
4172
11336
11863
11466
10865
8124
4061
3136
4361
12224
2778
2015
11290
8178
10651
563
5148
482
3047
7568
8060
4575
12715
6621
3748
8365
362
537
12326
3378
11020
8670
9180
7386
8816
7158
5826
6771
10983
7802
8812
3875
2779
3062
8748
10463
1864
4070
12355
4689
8370
1436
350
12132
12144
12849
10632
2490
10038
2428
7370
12258
10105
7951
53
6844
3456
10782
9476
8725
3021
10006
2975
12920
7681
12717
10871
9985
1377
5888
6618
9215
2843
5425
8866
8438
10822
3108
7965
12064
6854
1167
9471
7757
8676
7815
11367
9125
8992
11679
510
3887
6187
11255
3182
7218
5012
12268
6943
2468
12173
1787
10284
1786
977
4966
12762
8800
3156
641
8796
8441
10625
7095
20
3014
9255
5525
8945
2441
970
7001
10576
4234
9944
926
4876
1893
8718
8373
6011
3137
1267
3078
2324
8395
654
8861
9490
2918
11342
10736
9910
7153
2257
2758
12518
2832
604
11492
10078
914
12544
11533
9090
2458
10111
1771
11677
4881
4694
10849
6564
6707
3263
9505
2131
1025
11080
10304
12959
5322
8966
2115
4250
651
327
3302
5171
12589
2959
5675
9378
8645
4527
11161
1743
927
9527
3254
7705
5372
10810
7351
12728
2829
11041
8270
2497
3954
9804
8323
3982
12768
2964
1869
8739
493
3207
12394
3528
5815
1195
8052
10049
180
1168
1040
4180
195
10846
9725
9952
6387
4137
5276
4386
3382
5989
6528
5389
3835
141
5930
3294
8898
1188
10431
1325
3709
6480
8422
11612
11762
7349
7003
4238
3665
6122
8587
8320
392
5070
1329
939
11142
12892
10055
10907
10732
12792
10336
12689
1614
12636
7354
1453
2934
8854
5144
7538
5256
7920
11030
1560
11654
12147
11489
553
387
3128
1798
6596
6852
10748
12114
1463
2688
6201
5994
11532
7652
1114
11070
11716
3300
2076
3629
1628
6216
11379
4762
5618
4965
12160
1001
11583
3712
5456
978
9236
65
1112
7790
10844
9413
1938
8707
5721
3279
2574
8287
12530
155
3126
6999
11941
12839
1401
3463
6151
9801
11668
8307
7069
2275
3377
6886
5615
1209
6801
11804
1148
7233
379
2041
6562
5277
9844
5515
3344
8163
2581
2942
981
2445
9912
6499
3919
6591
4928
4142
2782
7917
5707
11177
1890
12378
4603
11350
2648
3866
10935
2531
2017
3518
3921
4010
7996
7335
7066
7916
4063
8784
9100
9095
2387
6450
11630
2802
5189
8364
5430
9681
12915
9009
12525
12582
2241
12531
7580
12232
10076
9253
251
1271
12823
5868
1091
7609
8543
548
11661
10490
95
6414
9593
7797
7215
1236
7372
12401
3413
10086
12080
3754
11651
3423
10178
12709
2439
4163
109
10718
6026
3099
4276
12484
425
1908
2950
12564
4492
5630
2966
535
6131
6409
9072
8319
12433
8413
11652
1952
9569
2906
9703
1172
10405
4822
3810
8818
1178
12375
3633
6358
11131
11140
9336
11925
9200
710
5511
12195
12356
6485
5654
5741
4832
6417
1774
7587
9821
1406
9942
1116
8263
3349
3141
1956
10753
11685
8924
3117
7223
5948
10363
12093
5569
12577
2985
4195
5962
7998
4510
2391
3731
1011
11278
7869
10931
12678
1253
9218
12935
11373
4470
3180
1976
3691
1977
9404
11730
1801
5027
3296
2440
7260
7547
10610
11841
11059
12853
8065
9264
2430
10346
12320
9284
2186
2405
11430
1573
6460
10591
11494
6226
5643
4917
5011
11184
7530
7969
11986
12437
7170
3752
12661
10345
4055
6539
11181
2351
3897
4497
2974
126
10856
4515
2139
5894
10066
12960
12494
4184
8607
3202
9228
11535
7785
4134
1205
8539
9585
10257
6829
4320
12225
3876
9183
11632
4997
6762
6408
10797
9675
2216
8024
9612
2285
7736
12697
9881
12692
6278
11383
9199
12453
1970
4030
11726
11242
1739
2040
5798
3460
4944
11393
6086
1781
6045
1847
2587
1130
9259
6617
11710
10227
10985
12306
4218
2834
11783
3201
7979
6717
10874
11377
11144
9670
9356
2757
938
10157
12980
2496
12581
5468
4446
12933
11765
11139
932
3059
6817
5898
2142
8084
2585
9118
12072
4452
6259
4817
8893
929
10204
11908
13007
6002
8339
6983
5674
9541
7804
9062
3286
11829
8968
3019
9190
2632
8691
11757
5841
8107
6273
5757
12910
10036
1817
12122
11617
1606
8099
10648
8512
812
5019
4691
3243
4783
4886
10771
10903
1095
4438
2220
5952
5426
6865
6775
7191
10813
1250
12499
8833
2218
7676
1812
1882
4210
11042
2369
12856
7806
10138
4614
434
9642
6622
11943
9098
6587
8408
11102
11083
2087
4902
7117
12041
4959
11920
2794
2388
11997
2717
4403
1159
1391
2805
449
8095
2266
8505
10530
2721
1744
9661
11520
7551
1355
5953
2550
6809
11302
5123
1554
7005
1521
3154
10010
2234
679
6479
7946
11321
5247
8658
6859
8447
7690
12118
3148
11132
8517
5342
5335
4491
244
1523
12036
3342
12899
2715
9828
760
5744
1631
10509
6468
11445
12090
3925
2403
3991
12197
3805
3621
12891
10575
2141
7728
8303
8842
6325
10538
911
2533
5730
6923
6401
10430
7973
8600
11225
3398
6997
7124
4145
12801
12830
5878
10393
10727
4998
6594
63
8506
9773
7107
4864
11477
6789
12193
12765
9648
12861
2247
7146
3688
12813
9036
9465
5842
6627
10711
8476
7169
10862
7061
12230
5570
6061
4064
589
8387
545
656
5404
427
11129
10769
10370
2260
1720
9906
7265
4775
3080
8058
6230
10161
3746
4891
4373
4508
5138
4364
2132
2239
2375
5748
12349
12595
10507
1096
3814
5685
10270
559
46
12869
9337
5661
1198
11023
5194
2414
10440
7858
550
12510
1006
6003
7093
6725
851
2372
2878
11666
517
11292
6592
7702
8681
9538
12282
9765
4169
5687
8831
829
7347
4400
5540
6192
4546
7323
8022
6446
12843
7334
6193
10668
6630
6946
7397
6763
4089
12162
7395
5655
7473
8941
7047
10741
12422
7314
4778
11186
12098
3492
11138
11708
12075
5382
2050
4313
11540
1341
10090
12797
969
12115
7771
4557
3374
10770
12808
222
9982
10142
1035
1602
8434
3541
12815
12074
2116
4116
8905
5084
10820
12473
8518
12382
5042
941
7108
9567
7949
1364
5938
4585
4139
7793
12732
11596
12280
3856
10701
4957
10764
5013
96
4882
1105
8056
5000
4692
4534
6568
780
8528
4800
7950
5892
11861
12060
9779
9565
5270
2939
8300
12894
8906
889
11206
3111
1215
2575
3174
10172
4206
9996
9141
9852
3119
6329
11352
4402
9373
6737
8133
57
9251
2665
923
9927
1204
10829
115
10890
10967
10842
1473
12208
7225
1492
3776
10780
12764
3153
2734
9171
12840
11570
675
9877
11029
12965
3114
9467
6088
4633
6219
5872
8114
8689
1043
10190
7816
6787
1497
2526
5262
6577
12020
7634
10848
11544
1916
8532
11058
7275
8535
6338
7693
12346
10574
8887
6742
6157
8158
7738
4388
2048
3090
3043
5895
4442
8734
2480
8412
5040
1459
12583
11586
10211
6333
3715
5053
2599
3761
10951
3187
2988
12672
9525
3668
3211
3271
3937
287
9803
283
9893
2487
1842
10729
12257
2189
398
7284
5583
3022
5885
6130
4794
438
5796
4475
5297
1150
11311
12445
9002
11283
10320
12301
5364
7808
7784
12967
11173
7942
11299
6255
11849
600
616
5936
3742
11174
9147
7842
6877
1446
176
5088
1129
10337
6906
12529
11880
11981
10007
5508
11226
7468
7429
6302
10187
338
12086
1400
6073
3845
2205
6652
8840
5904
4326
7860
5624
10936
7960
8491
11313
11576
1381
4651
201
7413
5876
10737
11259
2556
5351
11116
1202
11580
2848
494
5384
873
10600
6489
2695
1565
2623
7855
2862
10562
4408
2199
7574
9458
5439
1965
7579
5995
2444
2998
7072
4516
4781
12710
4257
2318
2724
10310
5933
8606
4254
7709
7865
7922
12341
668
11895
6615
11687
6339
2815
602
700
2754
3550
9109
7607
1988
11398
1689
5028
2972
1793
4960
6164
4793
8359
7125
5180
10933
73
7518
10457
4261
2733
3410
9550
598
2732
2367
4279
61
9150
3546
6643
5275
7402
8609
4570
8229
3813
10589
1713
6991
5480
10823
8974
5606
5723
1594
7835
5979
2099
3324
9922
2201
11170
5052
11847
5175
1036
8165
11592
3879
9577
380
534
12680
1752
310
1902
7500
5127
9244
4590
5115
8851
7859
7727
2687
6013
480
5242
1785
5153
257
1571
6739
186
723
5736
8306
2095
6340
11631
907
11455
8391
2238
9999
4797
3023
6533
5949
8588
6321
5048
4013
536
9847
3175
3458
8695
9697
4868
611
2437
1973
3181
2596
6158
9224
12514
5016
6224
4327
3217
10685
2513
4212
6619
2984
8435
2622
12847
4707
8955
9771
2304
12099
1762
4157
367
4810
11770
1520
9364
3873
1045
6416
11715
1002
2356
5331
9058
4595
9783
1293
4918
139
11314
269
8576
8876
7283
2651
5196
12351
2416
7832
10517
247
10884
6710
1005
1237
5944
2576
4556
9131
6603
10615
1133
8685
3749
8520
1723
5623
709
12700
10396
8014
1643
2982
8311
3164
12931
12175
3848
11693
5688
4207
11850
12909
745
454
6301
10962
5035
7369
12215
11504
6798
4808
270
1372
484
13004
4241
10514
6874
11761
9537
8297
3194
8206
10446
871
3978
4906
6320
8456
4073
10425
12791
8082
4942
12767
3464
12000
5697
1974
9156
9708
13003
1669
8420
8164
9993
2385
474
10441
3390
3674
1909
8958
3767
5323
3556
9685
6515
12948
3552
8498
10387
3481
9023
4502
10481
9698
3844
7210
12240
3203
5204
6987
9861
12436
4287
12820
2726
8334
6924
10130
9029
9423
12120
9291
7968
8635
4766
2426
3309
8492
8870
4828
306
7497
12156
10606
4485
11253
606
4275
8773
5956
3893
8382
3912
12035
11158
6025
7612
461
243
315
2702
5126
8258
12872
2071
11334
11600
8147
9963
12747
1895
6540
8038
10132
11587
2159
11531
5824
7181
11956
4230
953
5537
12454
4788
11216
136
11881
8667
10163
1385
6841
3729
2310
273
8698
9579
12081
11988
11115
9245
3693
10071
2474
11016
8916
7435
8659
5227
11738
9051
7168
12800
12569
7464
3704
12766
9601
8920
1915
4770
3509
3404
12337
9242
9815
10109
3143
12138
7344
6655
9421
6434
11065
8838
4278
5451
2438
10287
264
11304
3973
6324
10645
9071
4686
4543
6993
10355
302
12459
8148
3027
11798
650
7085
6891
4245
5007
7964
9624
402
10811
7324
3631
12129
6001
6014
12336
6559
10037
7745
2740
3285
2833
12447
39
7114
12452
2337
12723
2211
8580
888
7582
8042
12787
3983
12551
6767
8151
8515
5310
6826
12435
7126
3134
3993
3226
8059
1994
2299
5452
4986
11790
2031
5009
8197
10298
12304
11224
646
2694
3927
7482
7325
7910
3439
6248
2137
3245
4887
6521
11522
12626
10388
10757
2678
4930
2366
8423
1489
5202
9850
8381
782
179
10649
4467
11524
2828
4380
6428
6085
5985
25
2615
751
3103
940
10217
9269
9587
7778
2850
6018
6760
8850
9662
5831
5784
12882
3692
766
7626
6121
1068
6404
8783
11409
7671
11922
2508
10321
5491
8417
5131
349
4288
8012
765
2901
7115
6205
5120
5636
6115
8925
5578
11368
8932
6186
12222
3663
9684
7089
6699
8705
7974
6811
8558
9176
9599
13001
11864
12609
6812
2208
8514
12457
10470
1914
4499
660
11980
2710
11124
6076
8427
10306
11199
11998
4722
8720
10154
5457
3359
417
9531
11329
8285
11776
4940
9148
2452
348
10378
11422
7885
6049
6310
2381
128
1163
8326
4315
7044
3637
10404
1315
4655
6534
4490
3355
11081
5755
11817
10100
8340
204
12466
1665
11100
4796
11536
8552
9839
10455
3785
7988
6312
7850
6315
5619
4953
10014
3252
7648
6413
3003
4433
11002
202
7256
5649
8747
10380
878
267
1182
12165
7082
2523
746
7608
9905
11121
10809
9327
9020
999
10899
253
9588
11606
7149
1349
7193
5612
2761
12004
7391
6113
9194
10191
7112
3957
282
229
644
3818
10338
1719
7978
8186
1367
11172
8280
9619
8655
10492
3317
11266
7329
6065
3042
4336
2750
10016
7065
10205
4189
7700
10231
4057
1154
10303
11886
12164
3591
2287
9170
993
6879
6658
6342
10858
11475
12045
2133
4979
2024
1734
9221
6220
1117
9431
5803
4232
2512
5332
11219
4904
10309
3376
6064
1231
12727
2603
3884
4924
10876
12285
2810
3942
1069
483
5417
6466
11223
2222
902
12264
7422
949
11038
12972
3365
2963
4049
524
4663
7669
7794
1415
8680
5599
6396
3356
11807
10565
11545
2801
2297
11774
10979
6897
8835
2940
9243
11934
1008
4652
1428
6957
4562
1597
9830
8703
6170
6971
12943
8759
3428
11120
7507
9561
1548
12911
9087
11688
4221
9822
6035
2723
3502
1103
593
6585
7046
9891
131
12537
35
3956
5987
8686
4335
11251
10458
6173
10013
9155
1333
9345
2146
11399
9986
8188
864
11883
2666
10089
4268
5839
4426
5766
607
3257
2424
8649
2514
11487
12631
7632
10258
12202
12084
2415
9154
574
5344
1053
2777
2012
4867
12493
8009
12947
11945
7327
1210
5560
9455
7674
866
2368
4602
4710
9371
3340
2756
4745
11490
1599
2987
10702
6686
9651
796
3522
11012
11274
2140
22
4771
12913
6706
5996
6447
9949
12926
11238
12904
2094
6282
7889
10938
6298
6898
3405
7407
8484
11465
7606
6968
7410
8837
7442
3864
12532
6933
3095
1058
7091
5303
10238
5733
9668
376
12620
6303
930
5794
9542
11914
946
12022
7159
12429
2312
3053
4062
7819
237
5822
4672
7235
8053
7462
3060
11944
4266
9913
9222
7131
1692
680
2905
6136
786
730
12500
437
547
771
7977
11068
2578
8578
5475
4925
1273
7179
10705
7890
10639
922
6642
4455
12878
2817
10453
7610
3199
10801
6827
994
12838
3204
2917
11512
5551
76
5235
4509
3360
10433
1675
12388
5079
6289
4719
5673
7476
6188
2907
1123
5613
8847
10274
628
6846
7118
4649
2769
1304
5255
7947
3941
5522
8639
2149
1143
4067
8737
1350
6920
10978
246
11053
12746
5488
11495
5927
4173
12220
3414
5248
10170
6299
4187
7321
2896
11853
5617
6280
2822
6009
6239
8363
10364
1777
9914
12071
11830
1500
5370
8479
4129
6203
4369
8047
951
9352
8914
7615
4068
4368
9105
8146
8750
2847
986
3336
5058
1214
8278
8144
7696
6940
1345
80
5714
4673
10451
361
9116
8259
12480
8328
2245
5648
3224
8947
11873
9975
11461
10800
9933
9759
739
7874
11893
12999
12263
5519
808
305
1420
5205
3
8234
10264
4267
7891
2064
6644
3658
1303
6159
3606
2749
9885
9445
3304
761
6994
10223
12851
11073
580
10768
9114
2900
7055
12630
18
4165
4162
8389
8494
1331
6062
332
8380
12914
10452
2269
9776
2799
5650
8661
12833
3779
1434
10634
1983
6681
12119
3472
298
2043
12040
8010
3727
1067
7915
289
12237
10998
5754
1559
10804
6878
4026
9714
6352
3222
10464
9961
12316
5333
3121
4211
8545
10488
3274
10785
2091
6584
6988
8247
7892
6178
11127
6716
10708
11584
7490
9769
6542
9198
10847
12184
6803
1547
9517
1336
8674
7062
7195
4594
11239
9616
2145
4777
10540
921
1079
6524
11513
11814
3589
5774
10225
6415
153
373
818
8174
9857
40
5321
12317
6814
12331
11057
8592
7049
5085
11284
3133
5010
6345
11875
11261
5478
8929
4387
9219
456
4874
1384
5724
1075
3664
7872
4343
12414
10418
12362
8066
6822
722
12031
2857
9370
9635
6730
1308
7086
10836
11118
10422
8450
3038
6484
12507
8321
4421
7554
934
3192
10752
10966
8228
9741
6513
3501
5313
11959
9750
7740
9553
4612
3430
8336
10877
12097
11454
6503
1888
6451
1124
6300
12951
588
12748
10009
4074
9976
9258
2213
11613
9240
5494
8586
10586
6502
6624
6322
4435
2013
1682
5195
12579
4271
5604
1147
7244
1694
9483
10042
9406
7867
10057
228
11471
9797
5024
3543
5628
410
3485
2321
10825
875
7166
9901
8276
4786
9388
6914
4962
3063
9876
1920
3843
12392
4495
6735
10301
324
883
2669
12783
12387
8853
6246
7445
6944
1957
6973
393
6500
2494
2007
10360
7029
102
5359
6908
11240
7343
3396
11825
5538
4280
5972
7829
1194
10932
2435
12010
1004
1207
2259
5154
8722
4303
11246
12682
11713
9250
11795
12334
4358
5485
6593
9277
3426
11022
3602
9743
10513
10456
10473
5261
4802
9609
4703
4148
7377
4968
6435
6611
5279
5591
12246
5581
2056
9785
2640
5133
785
2791
5211
11519
9403
7173
11754
6509
12964
7436
6557
8079
11572
4506
2380
3516
4362
10834
4723
6556
3395
8041
11507
10680
4709
1353
10326
9206
8470
3537
3759
7571
8200
6731
7516
191
3539
7431
1622
12411
3379
521
1742
997
8176
2128
2880
11237
3385
674
7286
9344
2341
12384
6529
6309
3822
2874
1892
4448
4415
8936
9751
4247
1049
10175
1059
4835
12962
11759
11176
12517
735
12297
3587
5867
6607
7668
11888
2746
9213
8749
3072
2990
11566
5327
11130
4592
4147
4217
7707
288
3368
6902
5861
5893
11995
1872
9064
4613
9953
12019
2664
6511
8627
5993
12625
11159
5051
10900
12819
8253
1930
6256
5567
9556
7868
12319
10888
4179
10946
3588
6932
1586
4071
1769
6719
12244
1370
2894
1032
4541
5233
5509
10182
7279
9950
10827
10339
1846
6855
10294
5418
10259
7523
2908
10466
6703
241
3762
8508
6984
12836
1874
7833
7171
8671
2709
890
507
10643
11099
11792
4242
5934
9841
6189
1612
3717
502
10646
7036
12660
11510
5703
6821
7986
6365
5988
6752
3470
7390
11362
11927
1295
10733
5805
3139
11891
8632
5783
1149
645
4188
1200
6494
12219
6213
4624
10990
12634
1244
2892
1081
10571
1963
3644
8973
351
1512
7570
10419
11896
9498
11601
12554
8708
10917
158
1991
8662
9598
11117
12377
12588
2718
3417
1047
9262
7744
2553
3636
12412
7067
8159
2179
11649
4653
933
10638
10778
1898
7127
6950
11401
9130
2595
4200
8575
7689
3909
11622
12774
10198
118
4025
8788
6626
209
9492
12403
7216
8275
2679
4103
5470
3316
4531
8109
8868
12332
6120
8621
7033
9766
7139
7769
8721
9786
2625
10056
5077
9929
4259
10582
4345
901
7024
9784
7488
10311
6198
7285
6397
12703
5222
6766
11244
8118
4567
4498
747
9979
4905
856
11429
12485
5966
6575
12364
897
7567
2633
3599
11690
165
3789
4898
3322
8989
7598
4641
9719
4029
9338
7150
5959
12005
5692
12477
2703
317
9973
6218
649
4158
5183
3326
9867
7944
1708
3146
514
1788
9595
9555
9701
8040
4106
12314
3050
11164
7970
925
2606
12603
7164
3582
234
11854
6576
3348
13
797
6190
83
8754
3450
8288
5690
876
552
1102
7545
12342
11293
6074
10719
6520
4704
1527
219
10995
4156
7542
12344
5408
3008
12705
1964
11353
8481
9441
2364
1485
5900
7893
5584
759
7071
845
3033
4591
397
1076
49
12740
8212
6210
7735
996
1251
8996
9436
11316
11273
10181
242
12790
5073
1039
3534
7849
1466
9721
6197
8542
3669
1340
12890
2787
6734
285
10416
6017
5585
2547
10595
9937
2994
9462
10749
4862
8169
2078
54
2271
3277
12205
8366
5684
7888
2714
5207
11815
874
10662
3758
2532
10897
8757
9128
8761
9355
5742
8077
9518
11760
5749
2961
11207
8879
11973
5260
1651
10438
3270
9637
6228
6019
557
8560
5190
1297
3694
2712
10787
1286
11407
2278
5572
1753
1821
4580
2152
9720
3508
256
4991
10128
5514
7160
3736
4548
7134
13008
3840
2681
3849
2418
214
5029
9589
8869
5170
3989
4443
10640
7412
10925
10018
10249
2983
4038
7601
9069
6221
8502
4347
3283
11196
11264
6444
6012
1616
7161
94
10605
11112
8646
8194
10102
5092
8157
8556
4844
12988
652
10502
11009
8582
5326
3005
1794
5776
10999
8081
1171
143
12867
1784
9316
7526
10628
2447
8584
10566
10436
4355
1354
11456
6977
8511
4482
9372
10039
7663
293
2957
10520
12423
192
4992
5672
11658
11306
4127
4321
10674
8485
12574
2933
5334
1619
9097
3264
9044
2673
1362
665
2314
2823
12276
5740
3611
135
11007
12380
277
904
7741
5251
3415
9333
8316
240
11123
10221
122
5642
7734
11824
2552
248
5453
2454
2943
4269
8462
3932
10677
6698
5176
8990
472
7936
4747
947
7504
11884
5564
12440
7040
12713
9737
32
8464
9812
6252
4344
5379
549
11556
12474
8085
6555
7748
4246
9368
3040
12465
5634
10641
4708
7596
4820
5620
67
1727
2626
8565
8753
10084
10661
7758
10156
4469
6015
11940
10302
12487
2751
7496
2457
9488
2571
2635
11985
10554
2628
2461
10864
5765
12600
9422
8622
9896
1316
4583
2272
8448
1859
10679
5366
9926
2887
11197
3353
3370
12054
3934
1978
8419
12112
5806
11008
3123
3918
9152
12772
9530
2774
6678
7879
3773
11021
732
3988
11473
9657
4298
3048
4618
2667
12410
1987
5043
8597
11346
7371
3618
896
8631
6657
9562
2978
5523
9629
370
12548
3380
5490
9093
7129
12352
9248
504
2295
1572
5903
5857
3946
10650
4124
3888
4848
6781
9499
9768
892
5629
8712
6432
3421
4476
5626
12908
1180
10214
9900
5178
4914
11698
8431
8570
10300
2187
8061
12673
4012
9851
8817
7058
9959
2311
5062
10332
6673
8261
8822
9606
8310
1795
7715
1065
3064
2919
12095
5965
8891
7167
3575
8551
9227
1845
5925
1196
169
2397
11639
10286
8909
7618
6764
7465
3383
11763
2176
3468
12995
11882
5164
7328
11821
9559
4098
9037
6544
12714
3571
11528
5168
9978
10545
6776
522
844
2873
7399
1543
4027
6782
2018
6922
787
7178
12895
734
1588
4429
5594
4244
7603
12289
4081
1222
3949
12613
10023
4258
3168
7428
8092
3741
12975
6243
1155
12855
4459
1451
10678
6229
8371
11739
11729
12918
70
5377
4338
10687
916
11967
11633
1440
8013
6093
8044
4974
4182
7809
1326
9318
9119
2431
2500
12865
9286
8694
5266
8375
1030
1833
1156
9133
11801
903
805
9273
2600
10881
9346
2466
6901
50
7094
9129
1839
4160
5534
6746
4622
7578
9165
6070
9560
11901
11816
6060
4873
8801
166
6080
12300
8636
8717
10734
9067
7932
3091
4153
4878
7013
2425
10098
2413
10944
4346
485
4967
3559
10656
8857
6516
7274
5455
515
6267
4404
71
8033
1223
12087
6688
7019
10475
8106
8031
3282
5544
4565
6337
7480
2708
1031
1644
3275
5291
11810
7624
6665
2800
352
11593
9013
7631
1600
5316
7902
12852
7811
532
10131
2224
4117
1243
5720
4946
6552
6137
5280
3901
1017
9951
5358
12038
909
10074
1233
198
862
3251
6939
5118
6749
2981
6419
7467
4932
11193
10189
239
4720
3045
7209
12424
10760
12738
5046
11310
4454
9347
1371
4646
6241
11107
8690
1471
9690
853
9763
1100
12277
10262
11939
1056
3409
1688
2752
1358
10429
1860
7636
2327
4407
6084
2240
5122
422
12763
1410
744
11497
793
727
2073
1165
12413
4518
6799
7359
197
7703
10357
7644
9510
566
626
11569
12522
334
6318
2446
7486
10906
9558
11700
9080
5022
6202
1591
3384
2725
3015
10148
11938
3910
7477
12033
9383
259
10558
9443
983
3649
9563
10277
4687
5033
66
8439
8045
6349
5512
3093
2111
11191
6660
4228
8011
6708
9572
3558
10909
2335
4428
1865
2911
11046
12016
610
4695
11317
3173
11221
11432
4670
33
2049
6024
4080
3372
5325
8629
10330
6156
3601
12557
8480
11457
12656
4113
6212
12651
12889
7396
10850
840
261
6750
5816
12168
5002
1904
11547
3622
6284
6648
8666
12633
9321
6222
9400
3096
6745
10945
11363
1193
6741
1138
2288
4958
3051
3461
11870
5549
8343
3032
9292
6990
9456
416
9452
10666
590
12366
5834
3369
9840
2267
2214
3306
12757
6875
1877
1640
9863
12491
7897
2624
4458
2038
2419
9089
4813
3760
3592
1761
6297
8103
1190
5726
7544
5140
1010
2554
6858
11550
467
1811
8036
7673
6464
7282
3129
450
8504
8567
9990
6422
8969
5324
492
8140
8007
7355
2448
4701
7962
6536
4597
10904
5907
10395
10597
9489
1332
4082
3339
7647
5272
4517
12687
4935
6106
1871
503
3945
9226
11855
12365
5940
1502
11541
2697
3149
69
10551
2935
2083
918
4037
11977
6532
3120
11472
11975
9203
12108
3288
4941
5597
3311
9085
1903
1731
2484
12733
3774
3806
12029
10603
4263
9367
5945
2332
1861
8591
12109
7557
4311
8362
11530
12547
9113
2682
8798
8536
1876
4734
1645
3323
6392
9444
6047
8523
7318
2002
6721
4493
358
2284
3402
7717
11935
5469
7935
9140
10485
11187
8918
4014
11660
2143
8425
752
6044
12478
10469
12070
2861
6199
4410
2689
12725
6553
1587
7077
982
9860
12367
5376
1423
2954
10075
4447
5916
4600
1153
2052
2986
6873
8810
10642
6473
12062
5777
6042
9727
9650
26
6860
5087
5633
2396
7198
6748
1535
11052
10793
1581
11712
11918
5990
5809
5448
9000
4740
1157
6601
12128
5503
12402
10626
7273
8191
5708
3905
12134
6143
3933
10091
512
11915
9755
12624
10612
9824
7991
4035
5641
7521
8142
1875
5224
8900
5163
9908
1940
8650
11109
6581
8860
12185
9004
7776
12461
7424
5768
12389
2582
4888
6989
3865
4507
5411
3394
1131
5401
8957
12171
2558
9678
7268
3392
8874
10798
10402
445
6356
92
2897
9123
1028
11037
2237
3894
2601
5999
1060
6959
7068
5771
3218
4431
7459
8314
4394
11467
9279
3751
12876
11976
2412
6364
663
4637
12932
9621
9082
3476
2301
6023
9597
5319
4933
2968
7642
9066
8986
9718
10613
12321
8550
6010
8086
11458
5423
658
1357
740
7623
3234
11441
6039
623
2980
6890
11415
10186
2775
8883
11942
59
12751
6418
4731
10209
858
2876
77
7059
8950
7205
10444
7982
12315
3972
5343
5554
2855
8858
465
4085
9730
6091
5853
7035
10241
1504
11657
936
6722
4023
5631
8134
2154
10882
11051
6063
11603
9935
3227
629
1670
9083
5897
5546
6980
7008
12776
3236
4829
4912
5314
12648
5353
11434
4616
3325
12674
1681
9353
4274
6361
84
6995
6947
8301
10609
12323
7650
3386
3388
11282
6705
8787
3916
1409
1993
10147
5
10417
217
11982
6355
4939
5412
11303
12950
12533
9831
3553
6272
5064
10403
5700
1255
284
12077
4749
3935
877
4066
8864
2735
9424
6834
19
965
6031
12827
8848
10237
4753
1285
1487
1003
6168
12253
10564
1980
8700
3333
6048
2788
7732
2958
2181
409
5228
1992
1111
12638
12201
11413
7478
3049
6279
8995
11844
12684
6225
10085
3947
1072
5847
2455
855
2256
2357
10508
2030
6082
6307
11802
7654
12756
133
5858
2410
10887
2930
5414
3085
3205
2217
5099
1298
7222
6669
8875
12724
10568
12212
9257
777
9084
12546
2515
7561
2492
7217
9957
11704
8213
2023
9278
11476
11647
4721
2175
1539
2759
6918
1184
8970
2085
4896
7870
10795
252
9214
2184
699
7856
4339
12034
1533
868
10819
2373
8360
11308
8719
2328
10026
8574
3084
1810
3600
7883
7427
7299
12299
6880
1711
11506
4584
5652
2569
79
10087
6208
11318
11294
1766
6223
11483
720
11326
7389
9103
11150
1320
6909
6986
8335
7712
5056
9665
6319
4752
7272
4976
714
7406
1841
3034
8917
2453
7392
12526
5060
3454
11682
5091
8619
6847
1879
4330
3594
9770
11508
274
3056
8901
1733
8296
3250
7686
8547
7380
3531
8358
1635
2235
6702
11906
8794
2228
4032
1906
2258
473
2361
2084
9039
12105
9710
11198
11907
12430
10961
11563
12243
6407
8644
3646
1023
12864
11846
7863
582
3987
7840
10869
3931
9636
5112
6820
1849
6347
5983
2877
4095
10535
3465
9210
8351
2953
8583
980
5871
2166
7955
12398
9068
279
11229
1754
10716
8732
9939
8418
1094
1429
10399
12178
7905
4826
111
4202
11271
9439
6649
11597
2859
2479
1360
3094
2903
11128
9092
1137
11380
8697
4329
4312
8265
5625
9916
4596
9304
3363
8120
8446
11781
329
1373
12976
12927
5506
4044
2685
6772
12042
5563
9397
2819
6369
2055
6625
12615
4523
4430
6206
475
4112
1615
3276
12706
10097
2450
11933
11866
12001
5557
781
612
12592
12419
11806
2649
575
3361
10153
2020
8654
7565
2390
6233
12248
3406
529
9960
3630
10883
4463
7172
12539
10617
10442
1852
414
3564
3427
1212
7204
5913
9059
4150
8223
11868
9315
6142
4314
5521
8598
9859
6344
3517
9739
6633
4190
5474
12963
236
36
5258
6492
11270
10537
1235
6114
10980
9256
9911
7984
2317
6155
10763
6998
9136
6016
10690
6522
88
5550
7583
3787
7220
1918
9126
11598
5182
1911
7092
9644
5698
2614
11155
3645
11655
396
2608
3239
12135
1173
10772
4785
10910
10317
1687
4995
10072
11431
11932
10114
9954
6152
5158
4989
12391
10390
7026
159
7261
7501
9168
5385
11245
335
3441
3024
6565
11406
1399
10672
5770
9582
7184
1816
8361
5866
1268
1061
210
11000
8127
5778
3915
11033
4540
10008
7625
4818
6231
4871
8935
509
5383
1568
4790
11500
1430
10616
4119
3105
11828
8877
6244
8781
4885
5573
10544
9359
2544
8933
11928
10412
12617
6682
5820
6008
466
11072
9017
7479
2584
554
4667
4423
5293
12228
11851
8983
5499
341
2798
7018
9634
355
8249
12073
8943
12903
880
1020
7228
2051
10860
11143
838
1208
2022
9207
4519
9573
10373
7388
8792
5856
9932
6277
4143
12418
518
6174
2206
12884
4625
331
8453
5964
4718
899
12468
4059
1499
3610
6373
1284
2753
8845
10957
4384
10199
551
3357
9594
8224
622
2098
6021
1935
11911
12063
366
3660
10348
8217
6884
4774
4007
2423
2226
1186
14
8396
7364
6260
8789
7165
10569
10323
2061
4627
10924
1435
6961
9182
6664
1577
7053
10447
11320
6985
8799
2036
9507
6915
2144
275
7375
7812
882
74
10777
7739
12750
1274
4352
8953
8414
1424
6400
3881
2650
9231
1126
7239
9402
513
11369
3161
5662
3228
11699
6572
2505
6936
5232
1813
9526
5047
1203
5524
850
11567
716
8262
5577
6792
412
7716
12479
12213
9809
12290
12788
2362
3793
11437
129
6463
6595
10761
603
4176
6105
4696
10669
9374
702
9398
3131
1923
7532
9735
7296
10553
10350
1878
6095
8030
11157
6788
4943
3913
8878
4109
4819
9607
7742
8991
1732
8299
8702
6733
957
594
2567
1824
5119
260
3950
12676
1759
156
245
12642
2498
1737
435
2223
1621
7586
4668
6005
3738
11629
586
6600
11101
12754
11856
12555
4776
9056
11680
10814
2879
2331
4216
4209
11732
3641
11674
3412
9414
340
12576
1716
3069
1397
2803
2868
1749
5658
4395
4798
9501
5135
8302
5603
326
4804
4782
9050
5587
2252
3614
1862
1826
11733
5800
5420
10738
12368
1650
8466
5859
3438
9473
8080
8896
748
6108
8171
9997
9451
3330
12431
12328
6118
7361
8403
7852
1073
10460
2033
1302
1542
12059
4149
11248
12018
4611
12179
3624
1292
828
4199
2103
11060
8763
5813
5789
5378
11778
2250
11555
8465
3527
5593
12845
11755
6888
406
2360
12671
4214
12501
7241
11534
1029
10265
12961
7857
6700
12049
7588
7513
2200
12067
5442
9895
10624
4513
2680
3745
3906
9625
9079
6824
3510
3525
11126
5565
2766
5874
3581
2443
7206
9178
10144
8189
7394
6635
2262
4417
3634
457
5947
11425
8430
6773
3301
8888
1790
10592
11214
4877
430
4511
2727
3098
7348
10953
576
11230
8984
9481
7302
4392
6992
3497
7620
9575
6146
7366
11929
9191
10448
4144
10280
3755
2707
9208
9603
10730
960
10762
7527
6856
8454
10115
7443
12333
9833
944
4468
7489
3620
9680
4812
4814
11069
3371
4811
1735
7135
11898
12860
10799
10256
5728
4466
6269
9807
2281
6547
998
12495
1534
8951
3958
10498
753
2080
7718
2075
10288
2886
7252
2895
5846
9014
9734
1899
6543
943
3298
608
11371
520
7043
7106
9266
12805
4638
8824
11648
5920
7185
8740
1843
9496
6196
8156
12688
4281
4947
164
10160
8026
8605
5036
1217
6147
1034
488
5285
9774
10408
5213
1747
11518
8172
9070
11428
9094
10228
6481
6786
3172
824
6129
3215
7455
10886
12521
10963
6813
8266
1982
11836
1260
1050
5772
189
6651
7263
10766
6097
6441
354
4869
7248
3097
9706
10196
86
5575
9753
3557
9618
6527
11609
3484
6288
12781
6670
11141
1307
3036
11365
7884
12760
5059
10675
1834
12974
6215
6169
5486
12731
5221
3150
12655
5951
12189
4140
5637
11421
7493
6132
1422
1327
6876
10164
6548
5476
10721
2915
3685
4366
1680
11335
12987
11205
5363
2881
1596
10893
1863
12503
12462
945
6054
2814
8125
9054
7403
9836
60
1936
10246
4733
3819
5504
4208
10555
5444
2451
2088
1366
2323
9146
11213
11832
8445
9806
5369
5347
9448
1462
4840
5400
6804
8393
6144
11676
5287
2932
4009
7743
10022
5197
9700
5922
1294
4304
6793
7176
10755
2528
7751
12694
1924
6791
5592
9892
1856
6866
12659
10135
7711
8459
9041
6455
4215
5188
1668
737
627
2826
6357
2263
11449
12628
10630
4253
6972
5915
10126
798
6153
11470
8141
5063
5067
10974
11153
770
10969
1289
2255
4138
7020
9172
7508
12826
8239
218
12720
5598
9412
6456
6316
2121
6194
2467
11852
1452
1685
8751
1714
9673
12275
28
9134
6613
6182
10139
12236
3676
9622
4424
3526
478
6570
694
1932
6141
12409
3808
1881
6471
11134
12729
7491
8919
6602
11717
4033
12482
9967
11482
8104
7768
3444
8526
10052
12923
9533
6420
311
11794
2319
6631
7851
1729
10867
10329
7440
2671
8618
9409
6292
7534
1016
10986
12799
7934
7425
3507
6832
1317
1082
8882
3965
11286
6072
8825
12145
10341
8126
3219
7779
8048
4549
9006
6306
6427
9366
8145
2058
10165
10873
1226
10913
1701
11686
11747
6629
11162
5531
1402
5184
3726
6666
8562
3267
5098
5500
1170
4083
7301
4621
9970
11085
3082
3221
8383
8451
6112
12513
6179
460
9568
1426
11484
2806
10581
1783
12667
7485
4107
8628
9186
12952
2760
12734
205
4323
5767
4981
7755
3902
157
666
3548
11034
7337
9984
1465
495
9532
4809
11147
7196
7876
4398
10127
11756
7701
2989
2270
11233
7287
846
6974
7303
11751
2904
7900
4893
12741
4598
3416
1021
4685
508
5681
5955
10004
1228
11391
4294
9449
3883
3151
915
9048
9780
7772
5416
11691
6034
3572
4604
3578
1498
724
1634
713
1405
5516
4457
12154
2339
10878
7880
3280
6046
1328
10870
10151
12541
2796
12360
5498
10631
11098
3246
10941
8455
10051
11724
4681
7658
12695
7039
10474
6506
9026
10792
2436
1953
125
11249
2280
8589
8111
6941
7338
9138
664
8025
6304
11151
10467
6090
5797
2411
10503
1258
9570
8766
9781
8931
5664
10975
4679
8755
12939
11026
1321
9274
7786
2686
1913
6290
10353
11280
11019
10487
7088
5250
8392
12017
2249
2658
10547
9549
11705
2053
6217
7472
7549
3569
2844
5473
4166
9453
10472
12627
11452
686
1279
9693
5114
9873
11542
7
8269
8341
9692
7655
961
1421
6857
1299
1620
318
2541
9307
1181
1836
7847
5435
477
9658
6038
68
5595
8623
9311
9053
5713
3144
7409
6100
5863
281
601
12596
1511
5533
1652
10921
5373
12917
11257
13010
1900
2462
2204
7592
12159
6563
12708
1256
4582
6650
3259
10866
1365
10000
5678
5881
11091
3269
12199
10991
9787
213
1883
5282
3037
5761
5200
6837
3928
8110
2837
10970
12875
1063
9035
10684
8522
12639
11488
8436
12858
12481
459
10194
12644
1507
6518
5026
11043
3735
8227
11671
7510
729
3331
9508
10739
1356
7365
1187
11948
4847
11074
10548
8075
3514
4615
1659
6051
9645
7894
8499
8471
11786
455
3233
11731
9988
9177
10343
538
4146
8656
12936
8998
1469
3299
5969
11328
6166
5991
7837
5706
5875
7448
6253
4125
11410
12475
9323
1033
12989
10840
2119
7102
1717
6711
8113
9512
3191
1013
10029
7616
1248
4024
2203
8672
913
1515
8452
2858
12250
669
6864
12416
12335
3437
151
5388
4488
12271
9382
6071
2969
12260
1288
10445
8129
1800
5552
9474
9515
8201
5814
6036
1313
3890
11014
6689
4353
1912
9764
9121
11392
2478
1750
10434
8193
48
8758
1376
97
11737
9767
2377
7408
6861
7212
1026
9546
11656
2039
6530
1019
3329
3312
8841
11809
6496
7423
3318
5621
11001
4742
2631
10955
6757
9758
10518
7048
8921
1919
10083
9772
11742
1494
10158
489
1361
764
8884
11309
1580
1820
2282
9869
6537
6270
7930
5676
6291
3297
10788
10828
8318
2349
4558
4830
72
7980
6068
11166
9557
4058
330
6454
6411
5398
3289
3433
4955
12916
5225
6979
8273
12249
12832
12442
10476
11968
11579
6900
6134
12612
9324
10536
382
3648
7683
10863
8432
4643
10480
7182
1359
8603
7704
6341
9924
7666
3723
9620
3922
12137
5017
6467
12572
37
2118
2786
3730
9660
5226
3074
10232
11324
12912
10184
3262
7559
7453
12047
839
5309
10511
9578
7025
5829
2967
12570
4097
372
6399
6759
211
1671
12030
6526
2025
8886
2315
1015
10394
6609
5147
8779
11340
7529
357
1078
3408
3155
12946
10531
12859
11104
8828
11581
7844
6362
3895
684
11056
2495
9502
691
17
5080
8762
12938
5779
1778
4675
7585
5918
10854
5216
4789
12841
11154
10665
2125
630
1570
1654
3397
11064
1578
4472
10580
6747
10398
6043
6732
5539
10892
1480
7250
3029
11079
9288
6641
3980
10830
10611
12347
11827
11113
11529
3196
10837
2105
3351
7180
11628
5722
1825
1179
6102
6929
10956
10255
11758
11254
4181
12645
6430
2781
7050
2511
885
653
2045
4581
2506
1057
10369
5240
4842
11984
5278
420
9145
6490
7234
5640
9289
12896
9369
9299
11388
2338
148
9482
5530
9554
2120
3399
8467
7535
7419
1090
8093
12991
8553
11288
6276
2540
10003
12396
5696
12107
2620
5986
8488
2519
9805
10794
1390
7637
10207
2196
7230
5302
4574
1342
7313
12079
7877
8634
12287
7896
9159
10203
8236
469
1823
2739
11156
7629
8399
3503
8819
12508
6755
8409
5006
10218
12177
5018
7783
62
10972
199
7157
7300
11040
2029
5340
9817
11036
9819
7575
10934
7800
5489
5823
1369
10660
634
2172
7628
11378
2509
7677
8196
6816
4836
9564
12601
3125
8112
4936
8292
1249
10063
10790
9376
9522
3185
113
1301
7602
10107
3004
12210
11185
1745
10041
7451
1264
10644
5337
3686
2676
5677
10261
347
6135
1522
2124
10583
2215
11235
314
5413
231
1975
10698
539
3852
4648
10043
4460
5717
1961
6227
8028
2302
6756
4378
2248
8836
8577
7959
11979
11440
6895
6386
8192
9826
9201
12404
9387
4587
11773
802
6921
8601
11905
9919
7247
11343
3100
12262
4141
1052
4973
7130
3314
6674
1721
413
3500
1125
3740
2729
10775
7972
12273
9695
12984
9945
4903
7353
10832
3334
1796
21
3847
6934
5574
2997
10459
2776
1609
11135
9425
565
4743
12641
11088
11178
8289
1037
4289
5943
8497
1484
1221
9175
162
4500
3952
11764
11405
12702
11218
3970
7356
10607
1427
3831
9849
11453
10112
1351
8433
11390
3490
10546
1113
4405
4589
3968
11670
11845
11860
4450
9384
6370
6659
6911
767
11749
2345
11474
596
9604
4827
4413
3821
6145
9940
5223
10988
499
11951
12683
9545
8137
9319
11697
9829
2535
10880
4310
2070
7014
6161
11553
2668
12897
3520
12685
10914
3732
3662
3225
4505
4101
10136
12444
5635
12446
307
11610
738
6672
3733
11723
138
4636
4713
7457
2130
8652
3338
9729
3303
1933
5329
2163
5072
3011
9956
6020
9230
8746
4262
9031
7791
4219
1240
10901
10653
6958
5559
12051
6675
585
11013
8657
2580
8237
8633
1083
9408
4053
6165
262
7782
9480
6597
1553
597
4969
8283
10515
11364
1388
4383
6554
11701
7460
11017
5005
343
9434
10578
2150
9234
9268
3874
6715
4566
6041
8160
12778
2902
5212
9239
1055
9045
12879
2705
5536
4487
1510
3651
526
7514
299
8859
2014
5656
5259
4161
10943
9343
8372
2276
6751
7000
12873
2044
12611
11084
11062
5712
12663
5518
6640
12101
2659
7398
3220
10281
7474
471
7083
11831
10861
1686
6125
6245
3524
2741
10045
4512
10747
879
12669
5392
6512
1791
10222
2298
7600
11923
5271
7853
5758
1868
4700
11692
276
12780
5576
4002
8324
7415
3855
7665
2336
7506
11683
962
4629
1000
12007
8313
1555
11063
3627
6839
8225
1394
9762
11551
1551
1660
9834
7346
10992
4340
1457
2355
9446
1625
8524
12094
9923
3066
7992
10212
6171
8437
215
12434
5156
10140
1479
7202
10542
2432
431
5917
12451
2516
9816
8729
4553
3449
7854
8087
592
9350
6200
9894
3346
2999
7481
5243
1431
8638
4544
6610
11840
11607
5896
10528
8495
9918
5795
7012
5558
10149
4128
1526
12887
5142
2870
5968
7726
5906
9022
12393
458
1971
1127
2156
10324
8440
9254
2518
3240
12804
2510
5602
3971
4390
5864
4712
5471
5526
3241
9157
7374
11414
9209
6758
9524
4220
8733
11695
12127
4022
637
7350
6150
7231
10374
444
3079
12575
2347
12456
10117
9331
6546
11356
11740
917
9610
5610
385
12743
4639
6421
6840
9025
2294
6647
5065
3214
6838
11578
5905
1887
5547
10671
5427
13005
9021
12698
313
9460
7121
4748
8559
3375
1482
12395
5199
9613
10468
1393
11479
12652
6723
9185
3017
541
3794
3387
12789
12558
12586
6077
3075
470
3058
6240
12568
5759
6498
4481
6794
10119
7304
10465
1151
4079
2488
8902
10208
1848
5496
695
6359
10251
6209
2656
8108
9063
9686
7031
2560
7483
7710
8688
2477
4111
3657
1343
5215
2277
10664
2841
2473
4360
7731
9523
8709
3453
1528
6375
7494
11047
7147
10602
9437
1709
931
149
4444
1691
3183
2501
7227
11194
6433
7310
7943
1886
1707
9683
5851
12956
8238
3350
12524
8967
10922
12795
2520
3467
9073
3055
10032
5923
11703
6176
9677
8331
7123
12293
6952
8264
7376
8612
1590
6712
34
6027
6459
8055
6744
6632
4764
4205
5320
7495
11370
11892
614
4913
11443
4425
11560
12441
11625
4677
8782
7251
300
7309
6728
7684
672
9426
4051
8590
6426
1246
1722
6059
10604
2325
6275
4306
5257
8776
2126
3242
11707
8051
8999
3562
11926
4050
704
11275
11946
12545
2242
8115
7926
12737
1927
3230
3293
4919
29
5107
5294
3671
6808
8184
1697
3265
12235
4601
9749
4342
2674
10783
91
1844
7573
12490
1281
7904
1690
4737
11044
9314
10183
11955
11256
7746
6295
2960
7105
9691
1441
12691
619
1657
5862
10958
12818
10027
11771
9305
5113
12343
8863
4483
4104
8942
12254
12986
4843
8613
9187
5799
7563
8711
1984
401
346
2706
12604
2884
967
1693
5582
8293
4559
6566
11954
1931
11839
9430
2885
1639
6696
9696
7537
6346
2517
1751
1508
832
2153
5265
9715
2291
4524
7831
9484
290
6264
8001
12905
9823
12949
7475
1346
964
3145
8346
6778
11347
10168
4690
7691
6663
4850
2561
3851
10293
12116
12102
12742
5284
2951
5264
2583
7421
10092
8643
12013
6697
6167
11826
4678
10239
807
4845
7249
6714
7796
5181
8944
2642
1818
4834
5704
5751
8814
4665
8096
11867
2619
11937
11032
1104
3122
11714
7939
6949
9167
6261
10560
6636
1225
5484
10482
1840
12929
1853
1642
12969
10713
7861
6139
10479
1889
2736
446
11936
12777
6351
2027
733
1378
9115
3160
11900
6692
12647
9687
4256
2273
7846
10596
12181
1972
6910
7064
5869
10034
6736
2816
2661
7238
9702
11571
10989
8964
9800
11344
11620
3678
11989
12930
2944
6738
3403
10224
7752
8595
5780
5090
9722
6761
5555
633
6372
9745
4825
2654
8772
4735
1509
1851
4401
429
12046
4630
250
3178
2502
8937
11018
9943
7995
9357
2965
4768
8827
12721
3138
3860
10614
6293
6978
6004
7240
13009
6954
7594
6247
530
9143
11963
11766
528
12256
3179
7042
7401
2797
1623
7519
11403
11312
3609
10676
9711
12174
9897
7503
10017
540
4185
4573
12779
7156
1905
12191
11395
772
7901
3447
11706
144
9447
11119
670
5186
3434
12407
3986
1296
4741
5447
8780
10570
8915
755
12023
12649
4961
9516
8715
8352
1323
7190
11582
5157
12759
2768
5838
6845
1677
3628
13000
4572
4285
2586
344
4021
6436
5253
6384
10050
12580
2072
8478
11442
5735
3432
9493
2546
659
1232
11315
4100
2499
609
3506
8988
5415
320
1141
1797
12550
5668
2165
1700
3102
1261
4547
4048
11279
6266
12376
2793
6677
10559
8813
11169
8072
12862
7081
12327
6691
12983
3650
1046
3877
7211
1728
8482
2860
4381
9858
799
8344
3544
678
7255
3519
1311
10220
6931
3435
7871
1519
12679
1161
5561
2701
533
4001
6869
10915
8069
7119
11525
3595
2459
8139
116
7589
5709
1206
11374
5804
1567
1679
325
12534
8221
7653
7795
9856
1488
7638
3823
4480
1389
3995
12907
3778
8150
9511
163
9487
7430
8190
9614
2469
8913
3087
9756
9486
7341
12958
1134
3607
2562
5973
3448
9106
7708
3666
4892
374
1945
12622
6662
792
6850
8736
5124
5338
3708
12057
12542
8855
3975
3725
9574
1525
6862
2824
363
9717
11983
11987
12369
2772
8555
10219
7866
9153
9301
10841
8963
5902
255
578
12512
3904
3152
7945
3722
2475
2333
1610
8050
5160
5031
2225
7987
1779
2593
10529
7057
386
9102
4478
10796
4092
4532
991
11145
8183
11004
12307
10351
9418
1077
884
4045
2955
7792
5753
7918
2174
12722
11418
4963
6177
11267
3140
9060
7593
10497
4464
3459
1939
3540
5038
5580
7148
9235
11669
11192
225
10435
1664
1496
6605
10692
2875
9169
6258
2845
9358
3561
3006
4194
12399
9101
2171
4706
8620
9667
6126
5044
12426
12561
12498
7764
3495
1470
8806
8811
4938
3944
9195
10478
9468
12699
5781
8063
3854
2161
1216
4824
8615
7976
2365
2566
4069
7441
12428
4880
8154
12209
6181
3886
1189
12640
3551
4552
5773
9104
6123
12881
5037
9761
8461
6588
1855
3231
10443
9267
3007
9694
3176
11645
227
11035
6612
10952
2289
6531
9509
7340
1765
5330
8329
12305
5889
11499
10110
1442
11071
3189
7531
9864
2209
12665
10081
7807
5254
8401
9038
12324
6573
5746
10622
6519
3710
2010
7487
7056
11209
5191
4564
11746
1014
7933
10450
432
132
3272
11089
10894
12386
12279
5802
4610
519
10806
8960
12874
6462
3332
6583
4792
6007
3625
1809
4420
12190
9450
12288
3784
2976
711
9477
5659
8167
6638
2399
4110
3832
3130
8727
5136
3041
6354
10929
10807
985
5463
9188
6395
5882
673
5308
3796
542
12597
9529
4949
1768
3429
1517
7438
7798
7219
11736
3512
10633
11
2096
9998
9889
1538
8637
6930
910
568
5982
8405
12497
6517
715
11885
10652
9746
4486
859
12186
5556
11865
4901
178
9249
6912
9329
8046
12153
3900
12556
1830
1755
9504
10058
8117
12993
7257
1738
935
8468
10629
378
8374
2655
10101
894
12449
1569
10816
2306
6067
10200
2851
7113
12408
10709
12048
4699
8911
2913
2219
815
2374
5669
8153
6639
3401
5110
4297
12970
9972
1276
8803
10137
3739
6040
11843
11696
5958
5365
3659
2764
4283
3743
8714
6645
1907
6109
7895
10400
10657
8549
11558
11991
4586
5151
1437
388
3373
3436
11887
12432
3713
5095
3652
2485
12385
11182
23
12359
5854
4225
9882
2062
9543
5462
6504
6780
181
2522
8664
4851
4838
4477
1227
498
4235
847
5103
3696
2789
4697
5165
7259
12786
9042
11788
1629
823
5542
4732
10376
4866
10432
10826
1531
7584
10706
12021
6668
7848
11917
6825
2548
10428
5206
1524
804
12149
7685
8568
9043
2840
624
1476
9760
1718
11637
8952
486
10397
5957
5914
8233
9731
4739
7822
11247
11341
3612
7306
10971
9354
56
4750
2645
9584
2503
11879
481
6056
11562
7621
4155
6561
5086
2693
9427
6374
3690
4666
6327
1803
7405
707
12032
11684
6117
1449
8130
7958
2745
1646
9837
8956
9948
12782
1486
1598
6078
5671
12214
11616
6604
6810
8472
7030
9166
12591
468
6956
364
2456
4291
5357
7520
6185
9790
9464
463
7611
1585
8388
10322
3352
3573
11045
12614
1556
10070
3068
4839
11433
4927
8166
7749
278
5588
5788
4682
11485
5651
11049
11711
2898
3687
12623
9547
5653
11728
9728
2183
8428
10521
12979
1704
12664
11909
6133
7332
1064
9312
7298
11427
11659
291
3677
1894
103
9571
9659
12117
3223
2767
6103
5937
8282
3284
7367
5763
5870
7881
9033
7294
8449
8516
2555
7659
8411
11721
1584
10411
11208
1309
3407
9641
924
11585
7266
9192
635
6729
6690
7836
5529
1897
3816
10635
2407
8852
11258
10011
9302
5406
11949
6599
10691
3580
1746
10005
12381
12736
1472
1101
297
1287
12806
6495
5686
1071
4984
7630
10815
5639
10928
1710
8161
3647
10314
8168
11097
5045
6331
10647
11385
12069
2101
8735
11090
12448
12821
2559
11423
11916
1085
9656
11331
10495
4437
6360
7907
4471
9705
6996
6661
2308
9791
11096
5461
10786
5963
1807
4414
12012
2696
7617
1162
5971
9654
4525
9732
8457
15
2003
516
2470
2290
10192
1873
9485
11345
11974
6928
11381
12065
4223
3393
5306
99
2910
10391
6590
8039
2762
10040
490
4359
6740
2691
5061
12294
763
4568
8830
3462
9810
12565
2112
12211
640
11624
6965
3930
7536
6294
400
7177
10949
6249
4114
4736
3135
2178
6437
424
3943
8123
9132
9164
4728
7278
3496
2483
1934
12496
9010
6514
12735
7928
5387
9390
7116
6765
3487
9958
912
6055
11785
11389
1475
1884
8162
3367
6083
2602
12083
4409
12850
7090
7326
4273
11092
4318
2389
10054
5734
4240
12056
1158
779
6718
9405
9946
8907
4222
6727
3907
12870
5312
10060
280
6461
4075
9534
10584
4191
10290
1314
1566
11332
226
12358
1132
12450
145
1403
12312
791
958
3354
3801
721
336
12027
441
10116
3515
1219
2713
12092
12298
642
12458
5632
5483
439
5438
3213
4787
7759
3615
4056
4451
3598
174
9865
506
9592
9974
3617
5341
4382
4760
1084
9868
849
12483
5702
12650
3446
834
7651
7454
5980
7948
10621
2504
1695
1607
4554
7132
3959
7590
3763
3756
6383
3335
10354
11468
1638
4617
11931
9438
6497
9713
4951
12885
3656
3924
12278
4983
9348
6410
10358
1438
7213
12831
5433
2931
1960
7878
8071
671
6128
7373
4744
11149
3926
8179
4333
7322
2539
2303
10129
2400
3977
4227
216
3985
1464
10188
10500
10516
182
5391
8397
10843
5273
12489
3451
4970
11003
6646
5919
5311
1136
3990
9395
5974
1530
187
9377
10579
620
5992
8808
12192
4198
579
9328
10413
1854
11481
6487
2167
3166
5819
3899
12773
2792
1736
12488
12078
9742
12844
11404
7432
7264
7541
3278
6262
1513
717
4175
7597
12039
10150
2274
9124
7163
7201
11521
7128
2570
10095
7142
12771
5020
7271
5014
10296
4385
11426
11957
7787
1698
11220
7975
7605
3585
9528
4920
2979
9596
286
3292
3639
2607
3186
814
8309
1254
12599
45
224
12050
312
10817
9435
4922
3684
2785
11435
3923
3044
1266
4537
11641
1352
9980
10519
5981
10486
968
7140
6795
235
10912
2253
8566
3313
7756
4324
3675
497
9144
3206
12152
3757
11903
4806
1764
10977
5386
4950
2795
6119
11076
3962
2652
1958
2463
4351
3643
10297
7656
12421
9551
1318
3999
5349
6589
5731
183
6785
1183
9007
8284
2854
10152
8021
12662
1191
6
9293
778
8669
8203
428
1672
6283
5460
6867
8268
3584
8790
11015
8378
6550
1582
3479
10333
4751
7404
8738
10166
11263
11793
2042
6440
2962
1087
3853
10982
1224
11439
11640
8181
10905
4999
9282
8982
9459
12807
2229
1474
4640
2773
8981
1579
5465
6885
8723
448
6335
3101
12200
11048
11241
1835
3891
8379
8867
811
8486
837
7983
886
8355
10368
6285
1458
7515
4432
2384
7817
5424
5283
4374
6578
7078
4439
1495
9964
11720
5298
10927
7729
5609
10201
5929
9925
5304
7357
12886
394
10803
12814
11202
9099
7719
5535
10659
8029
3603
2995
827
5680
8513
2804
5825
12217
5429
8088
10195
5977
4857
5134
5300
5328
9909
6271
4945
381
2350
11591
12270
5818
8642
9161
1211
11791
7187
3878
1099
12560
7416
7143
8844
8073
4226
9987
12755
12330
9342
10872
12130
5394
4072
9163
2194
8493
2279
4607
8342
4635
8767
11784
4317
4816
11526
2177
9640
4412
5459
10658
7469
9142
3310
4860
11354
3661
8865
4077
8987
5790
3081
1901
6390
3443
3411
4170
10717
3505
4821
4086
2192
2442
2212
6393
1925
5801
5718
12486
12136
10268
3846
919
6075
9290
11768
10968
9046
1828
2202
11599
5984
5356
4308
7075
4674
617
8368
4647
9260
11772
6819
9179
9583
869
10252
9495
4654
4856
4436
8277
8477
4008
4923
813
3016
3802
8585
7699
6022
12400
12553
11061
3169
342
7237
4894
7076
688
4164
9313
8912
2594
3577
3210
6549
12187
4729
9332
10838
10902
2811
3001
9225
12893
476
3626
8675
442
8668
10920
4416
5345
4644
8315
3768
11615
10754
1545
2856
9472
8785
10845
7730
5360
5315
12770
2404
4807
3341
555
3238
8771
974
6287
11005
10852
867
3938
11200
5513
3680
5097
5710
10362
3232
2268
11355
4136
6870
3112
9024
7297
3425
9276
1637
693
8469
5032
8786
11822
11618
3424
1174
10167
7434
9663
11075
9992
1128
11222
11416
3765
8701
173
725
3469
7678
8971
8402
3362
2813
7358
9566
10315
5128
2507
6452
726
12180
5601
6053
7613
8386
3249
11568
1404
7649
292
11330
4094
6868
4538
6089
10410
11889
7862
989
3030
9173
5729
758
11338
10377
7550
6286
1814
9135
11103
9886
9688
5924
5791
10744
6872
2092
8593
8004
9653
8961
7002
6963
1636
5787
9723
12925
833
5821
1962
9793
5117
6726
1990
4514
7449
3158
7100
6066
3734
9626
8116
3012
10964
9866
8660
5281
10030
6412
51
7747
11322
4249
110
12476
4954
6828
8209
1
11805
3863
2232
5532
175
1806
12024
12629
3065
2160
1408
6124
9643
8376
12182
3834
9220
2743
4052
10124
5695
12937
6443
12922
5229
12834
8337
3067
322
9494
12140
6680
8571
9632
4971
12701
1667
6882
1954
10724
5769
8665
8730
2408
5600
10123
9552
487
3025
12350
1997
6376
11366
7498
3266
3170
10383
6334
3817
9457
2370
3721
1891
1505
8704
7226
10784
2821
11678
2100
2358
8980
1684
4154
10044
8347
12982
2808
10694
8693
1275
9463
8805
3936
4282
9287
11301
1926
11775
1563
4193
2190
7293
2889
11574
10113
8330
12605
8290
5161
11146
12472
9241
1330
8741
6110
9363
43
10385
12944
8765
8006
1822
11913
5939
207
6582
10133
5295
263
7097
10248
963
2783
2748
2169
1185
4087
12052
8406
11228
8367
12313
2122
8509
10273
6942
11897
1967
5428
11243
587
10073
6569
1074
5782
4926
5185
4120
12169
10745
11643
8348
11694
12291
5811
10996
9197
1928
8032
4755
6769
6823
3917
2830
3482
8458
12971
7232
8219
4555
360
8975
5762
5068
7162
4123
3966
5912
177
11349
3261
6551
5727
8602
2530
4174
12900
11752
8760
172
12681
4990
4931
7813
421
10776
7762
2127
6889
11961
3786
5352
5167
12026
8910
6424
7622
9027
4865
7821
7999
3320
12803
7243
12941
9411
6098
11548
5510
27
4047
11673
10594
4377
10282
10857
4000
9475
11835
5978
7827
8195
8548
1477
8977
6251
4861
3642
9902
2343
6332
12842
3604
5162
4803
11653
6701
4539
7387
7269
12146
11930
9845
12172
1959
10593
10534
736
5501
5066
11753
11511
12110
3586
11859
7016
8706
5745
5274
9796
7645
6207
82
8049
105
5076
743
10911
893
3442
8308
1218
11910
11148
89
2588
2251
12
16
4171
10295
9003
10180
4031
7737
5307
2849
2081
4620
12758
10020
4988
11964
7492
4152
10636
6558
2493
6881
3608
7200
4236
1831
556
7774
1380
10723
3560
5909
6204
9707
1815
8356
2198
990
4900
7814
124
8317
12707
8074
7572
7099
3400
5111
1666
11559
6560
12082
3197
2936
5942
6580
10230
2780
7463
10939
10742
6127
5301
10121
3672
8611
7875
995
11462
4823
223
3892
5132
12653
2872
865
8997
12353
10875
4688
6350
2395
10923
4911
3159
9880
6140
7909
4795
1550
12593
6184
4004
7414
8251
6138
119
3327
5548
3981
12309
6507
3026
8872
12955
11722
3570
7509
703
10401
2193
7670
8569
3208
12928
8699
2536
8594
4536
5961
501
5807
3420
5760
5081
2394
11921
2168
8218
3031
5105
3216
12637
2604
10179
3195
7447
8350
12357
1306
4197
2074
1192
7312
6926
2191
2621
9740
5174
9887
6887
1647
8394
937
2542
2784
4693
7307
1319
10563
3171
677
5467
11215
10406
3358
12567
906
1278
773
10751
2956
12924
7444
3940
4494
10707
87
1996
3418
3867
1491
5691
3480
9991
4
12439
9752
230
5249
5828
9380
161
8531
5596
333
9011
12802
7471
12261
5055
6831
8938
12945
621
11163
10291
6448
8976
4122
9341
10313
12509
10146
3268
2028
8305
8663
1601
3683
0
10851
6709
8774
4440
8624
4977
3142
10710
3964
9466
10279
11201
4717
1850
11305
676
7345
3343
6214
464
4730
2
11800
3670
10504
11260
1411
8895
328
11874
3809
10361
9802
10598
1663
8354
7754
9733
4096
2825
7342
10461
11444
30
9671
8541
3697
8561
11575
11894
2296
2579
208
121
11811
10276
4982
9500
11953
5374
10334
3766
8525
440
55
12427
10533
8519
4579
8214
6525
12467
5346
295
12761
5879
5443
8899
2019
8890
2227
648
3209
11360
418
1443
1605
12825
11589
11480
1109
8839
3188
7393
7662
8327
3013
12354
11820
2613
5421
2021
8684
11386
7137
11812
6720
8248
9325
4131
9077
9777
8927
8544
11451
8230
3494
7810
7524
1649
4376
220
9428
78
411
6353
4337
8131
3431
3728
10550
2722
3889
90
11970
3781
8312
3547
5908
1066
6438
6535
9903
8101
9778
7208
7692
632
8105
5464
12848
11744
10532
4503
1518
2032
6474
3568
1604
9652
10714
10021
6313
3565
8904
12420
2340
1706
10567
140
1516
8972
9381
12415
1917
7074
992
433
4192
5472
4290
5030
10234
9174
415
12749
2420
9189
6265
4767
10267
7319
861
3545
5899
11272
12540
6807
6953
10299
7087
12973
12857
4993
2549
7336
1929
7096
4761
9469
9317
184
2093
1937
8529
10193
1782
5317
11054
10918
2977
8400
11595
4698
1242
7989
972
294
2180
12286
9679
10080
1942
2577
8834
5071
3533
11966
2006
1305
5657
7566
5169
8849
5756
11796
7635
127
7378
7292
8795
1969
10169
5245
2590
3590
9393
942
3273
12348
6586
8802
605
10318
10059
10552
5454
3104
9915
6458
2001
3163
6445
11424
11614
11952
10308
1481
3948
10108
10278
3706
6057
4121
254
3115
7643
7339
975
9855
10682
4177
6683
8232
8846
8939
5910
6116
7820
