10582
8971
5438
8332
11208
5718
3386
588
8361
8825
1747
11648
8358
6962
3287
11925
487
12242
11236
4318
9372
11334
12770
11012
12898
10748
8359
12959
12288
12727
9494
7790
1175
10289
12311
5719
136
5894
4183
12463
11914
6565
1446
6251
11332
12902
11585
5939
11846
4232
3122
9501
4449
6725
12775
5428
1384
6588
6114
640
2907
11150
11032
9486
8540
8137
7466
4124
2466
11469
4966
10502
9487
9140
4218
12047
6290
3631
9110
2288
11597
1483
8539
6601
1242
1142
8364
12454
10304
5637
5164
12808
1405
7132
127
2765
11399
10122
8485
6866
2964
2279
5038
3256
12128
11265
7708
5643
12351
9956
3753
7557
6963
451
9637
1683
2638
35
5441
2977
5716
12478
10984
2501
4079
10484
11167
10664
10760
8657
456
303
11398
5837
255
5374
12368
3857
4418
4467
12766
3042
6406
11175
2364
731
808
6458
6466
11766
3843
1200
8697
10524
8606
571
3779
2350
4524
2185
12628
3061
8898
9526
7759
10168
1783
9666
12020
9480
3465
4852
3865
7909
2587
10120
9348
7342
21
2345
9888
11877
4004
4478
479
8270
5934
12023
4737
5251
3718
4917
12559
1137
1030
5933
3784
7379
8905
12915
599
6469
8347
10056
4252
3742
5572
5342
4574
3620
3730
11993
11053
7930
687
12625
9717
11059
7798
8989
8043
8646
4198
2251
8508
2899
8242
11677
3530
5888
11450
8844
9241
12796
190
3675
2554
12358
370
3848
7678
3710
2512
10808
1723
9643
12870
4878
1246
5466
12956
4595
4186
7104
12484
4577
9368
541
11162
12175
11787
766
9672
8272
11604
10938
8229
1256
11367
1943
7770
7848
3736
13
6894
5984
12048
8714
5785
13006
4330
3697
4177
2188
5126
5563
11729
9097
2173
10534
4133
11601
4391
5429
8853
12600
7036
12139
12787
4631
6703
4150
9701
6191
5436
11909
9890
5204
12779
10359
7484
12078
1883
4609
6737
5850
8295
7396
6598
2744
6780
10615
4201
12976
5589
1986
5852
3048
8978
471
3241
11138
11168
3690
5434
3852
12135
3870
12349
10993
323
9476
7511
10101
3059
20
8245
6769
6069
12723
750
11106
2799
3708
10404
5578
3978
1880
9655
7498
12125
2603
6484
4164
447
11694
8265
4594
7480
2996
147
2509
4126
2791
2361
4569
7871
6032
7960
10179
9645
11376
4429
5367
5426
7761
12345
2843
7239
5645
8443
12859
7934
7401
1229
2340
5701
9816
4038
6487
4080
65
6138
10518
5195
2513
9614
9151
7536
10743
7999
10688
3268
9414
7692
7254
2273
647
5157
7179
6544
12227
12861
2948
6527
110
1082
12155
4522
3826
6573
2263
3299
10165
3344
11364
4521
10944
8020
375
8009
7846
8565
5959
230
9071
11912
3572
4512
1867
368
8378
11365
11635
181
12548
2499
12708
9780
12226
7955
833
12712
10724
8033
493
5972
12309
8970
11317
11443
6157
909
12185
8749
4908
8752
8718
5940
6164
11353
1225
4693
1259
5166
10881
7378
12207
4321
6280
9078
935
11024
1806
3711
10761
2712
4957
3861
12622
5853
8883
232
7981
2490
11261
10716
6202
194
10885
11923
4698
2967
2038
10372
6696
10217
12364
7490
2496
3938
9171
6957
11038
12143
11678
4714
3262
5056
3444
11063
6126
4416
5377
3825
1427
3769
2565
4350
12942
3360
5435
9380
5993
8209
600
13003
5733
1657
11488
11948
12380
7963
2285
11374
9060
1850
3983
6921
4188
1785
528
7296
11593
245
12150
4743
6998
4008
9601
5133
8854
1819
4488
3484
11654
12068
12413
10970
7465
5259
589
2431
11295
1268
12958
1539
9734
12200
4069
1348
11045
10070
12705
952
6763
9516
6382
12572
131
2705
2184
1444
10830
8764
5937
5270
6464
3774
6175
9103
3703
8779
319
119
794
11509
4578
4774
3229
1024
5141
2486
11815
6754
12467
9356
6489
1311
8225
3783
9535
5586
10310
12740
1690
1174
1012
4238
3880
11188
1014
10896
3759
9338
683
719
6165
10452
6532
10105
5118
10547
2719
5561
5028
3564
3583
11990
166
3505
8175
6357
9093
1339
10897
7492
9604
1220
4135
12515
10804
10100
8736
581
7525
3425
47
592
3940
6218
8863
7499
595
2377
4323
2353
2836
5930
5418
9565
4066
1374
10244
9187
4905
11173
7177
7974
2566
6491
11303
8806
7553
1591
12907
3187
738
9039
9343
3867
6698
11006
9748
10720
9126
12539
1383
3052
12532
4997
657
8428
2259
4161
10178
9832
1950
12240
7510
12835
5171
82
10339
7784
12339
6868
345
286
4236
1627
3706
10089
1106
10955
9545
6515
4182
11148
7362
5722
268
9700
9229
10303
2209
2003
5867
7728
6928
6452
666
1469
1685
5061
2502
6714
2548
4596
8753
9396
214
1650
7101
8430
9037
9846
7892
2925
3836
11803
5431
3868
7961
9425
1932
4691
478
12593
6317
754
2216
6578
2827
4202
12107
9761
11390
129
4273
10989
11131
6981
1061
3453
2718
11323
3053
5308
1041
4463
5419
4790
7785
2912
9136
6830
4210
11042
4755
411
1395
1135
11429
8280
2450
9028
6376
3972
7589
222
9851
6410
1599
11527
2780
9823
3858
6554
9447
10387
2785
10487
7994
7100
7548
10974
12982
6803
12642
3846
1077
11631
8995
3320
8831
9367
11370
10493
2059
10894
6056
2633
12596
8055
563
6106
6094
6599
8865
6492
7939
317
383
3947
7987
10194
1817
809
9018
10241
11228
10361
10497
8958
9172
8264
11992
3762
5236
138
1162
10392
1577
8072
261
6899
7683
3422
12800
2932
5198
11373
2621
3409
2144
4272
4753
11576
11043
5980
11580
5412
8387
10121
2035
10911
956
12613
504
8257
2839
7945
3678
2278
8244
12197
1576
7566
11830
5399
9074
12458
11724
9123
3171
1610
2255
12792
12202
8702
9869
3693
5935
553
10251
5235
44
1279
1790
158
954
5098
12776
3741
11743
3526
12684
482
1044
864
8598
5942
6199
7669
12818
1048
8258
12056
4763
8196
4345
8969
3323
8962
1532
9064
7663
11868
12584
7694
11078
3984
7105
8837
805
7432
4608
11049
9491
5973
1781
2758
11951
8506
3610
4650
4333
1848
8454
12116
4970
7799
5331
1985
856
1550
4925
7099
7004
2020
7919
2291
2805
1866
4964
1027
12123
3166
11331
4101
5811
3835
8501
9688
5100
8500
6475
8551
10177
11491
1143
7469
5227
10171
2067
2842
1575
9865
2478
4153
8247
12113
6705
4446
2145
7819
4531
9592
10028
1888
8507
8231
11212
11844
2382
2597
1803
1807
5003
10109
4559
1243
7476
10051
1337
4199
3990
2032
12426
5191
5616
2906
3760
9796
1793
9813
1305
3902
12760
10501
3676
5673
11501
12035
249
4127
12855
6507
4633
8005
7707
8449
11205
6237
8001
8208
6991
5148
6460
770
6324
9820
2538
7989
11982
8532
598
8153
11528
1034
5931
4901
4230
4542
12279
10282
6490
3274
5250
10495
12015
9931
6869
2762
1884
7775
4895
5258
7405
6708
6772
3794
477
8558
11530
801
2229
6880
4544
1660
6634
7641
9142
12809
10208
7064
6463
11154
10239
848
2817
6450
2935
10350
12523
8929
3392
4275
10079
9477
22
8259
10730
1496
10758
11185
4014
9173
543
10494
10747
3688
8210
12238
11060
12477
1194
7446
1336
11958
5316
7845
4703
542
11461
5294
2572
4929
9159
12231
8619
11269
928
3789
124
10084
11978
6448
10170
7512
7415
8000
990
8029
4752
7071
10138
2253
2303
7854
8734
5495
12525
7251
3837
96
1938
6722
5468
4466
11624
6108
6999
4261
12297
10200
6892
8417
923
1399
2525
11749
5748
10192
7542
10732
11229
787
2117
992
7838
125
7679
3814
2088
6433
9345
9503
8537
435
12526
2497
630
10598
3419
8083
8987
2041
10737
10776
7063
3064
3
4699
3394
115
12134
6125
7461
7518
8141
12563
12277
8495
4602
7972
3464
6244
1729
11536
3820
12433
7075
11280
7138
11104
12794
12660
4687
9708
1252
3004
1691
2058
819
12706
3240
3752
1144
3838
12009
11684
7628
5819
7157
8143
7400
9898
3803
8967
11751
1963
2284
8282
12939
12419
10008
8964
9781
11153
3387
2355
5969
10163
3928
12560
7412
5382
761
6493
4212
9985
763
769
12988
1882
5952
8112
8323
3805
950
11882
11574
5223
5661
7381
660
5597
1544
6407
8160
335
1590
11930
1358
2487
7122
4233
12826
3058
11428
3796
3985
3701
8212
10513
6217
7462
118
10321
11326
8260
4883
12120
11427
1258
3607
10197
1123
4591
12016
2650
6694
1587
12788
12485
12394
9867
10700
3599
2218
12513
3388
2614
8985
5688
11888
7187
11555
9166
12577
3090
823
8908
10366
1362
3680
10813
1140
12303
5060
1373
3353
390
5173
12072
1445
10570
10220
2163
2654
12469
12163
3211
5130
7278
2709
11485
10818
11665
5310
9361
1010
5015
10006
12892
514
5020
2933
2436
2203
10430
5424
5285
6140
9245
163
6730
6852
2595
7830
1618
9894
8511
9640
12434
9646
8756
4566
11494
11149
31
12816
4889
211
4388
12791
12431
2070
2610
10538
10966
5970
7964
11134
9606
917
5264
9896
4907
717
12520
4114
5286
8124
1166
2425
5274
2717
1327
10652
2945
2881
6660
3467
2863
783
5230
87
4407
4579
7760
2687
10483
8909
11220
9120
4712
12618
11385
6767
9070
4906
8220
7590
4016
10689
5903
7952
3768
4717
9423
10102
7992
10257
11742
8101
9632
3698
9107
8580
107
7935
12714
11988
12057
8496
12949
12738
12669
2326
3078
6374
4229
3310
2424
7996
6247
7107
7531
11384
10642
182
10972
6359
10319
10899
5920
10713
11779
10957
4419
11467
9326
2395
11489
197
11977
1969
6393
9679
4674
9364
11714
7644
3367
8620
11333
516
10334
3726
5011
6451
4803
6627
520
2264
4059
12731
10956
5927
12037
4171
11514
4423
1244
7010
12167
10288
11965
6124
6879
6835
2472
11453
2397
5880
703
5089
6192
7530
3681
1731
12028
11566
2790
10873
9665
11449
10225
2131
19
9069
10752
11952
2815
7832
3426
1262
8701
8768
5982
5567
11182
1910
11968
7823
3289
463
263
8127
2051
5045
12064
10520
1231
6269
9094
248
7853
10641
6029
6215
3844
5046
12379
4593
11005
8839
7174
7670
8902
12553
1233
3841
6049
1758
3714
11626
8767
4935
3943
6457
644
5142
6681
7725
8279
5822
6663
10233
9789
12829
24
3809
9587
445
6810
7653
12806
7070
4656
8119
9732
11972
6552
10368
5112
7287
1487
3338
6494
7304
4885
7222
2798
3493
7660
10441
9586
4747
12110
2426
11107
2516
2965
2129
6586
10162
8743
4880
6305
10770
1835
8130
6103
7875
11279
2193
4348
9267
3687
43
4285
1349
11890
3965
10475
6346
4303
5677
6449
685
7771
12259
7109
914
2164
12333
10551
455
11008
12570
5290
8901
265
1114
10839
12066
1172
4923
6453
6795
5031
5246
6857
5390
11071
5901
1536
7153
1421
6672
12888
1509
10259
6904
9013
4143
5906
11183
12289
9794
8291
7052
8077
4667
1298
9188
6483
10352
10394
2640
978
7908
6589
11931
8321
12637
3246
7201
2613
7903
6344
10612
7090
1949
5057
11455
10602
12638
3036
10593
198
4866
4611
3006
4223
6017
9857
12060
6127
6308
10658
7912
11287
3855
7950
3233
11783
5892
3437
4215
3672
4911
1954
10455
10814
8350
4308
11139
7676
3074
9482
12323
11340
205
11522
10277
10457
3602
424
1652
12263
2598
12501
1359
9731
3749
6471
10330
3919
12301
8177
7361
4599
11468
5580
2778
1975
8154
3361
4091
5427
2108
5351
11057
144
791
4945
8396
9627
4861
5184
7820
8703
3421
9076
11072
1326
12697
5725
11563
11382
8613
1170
10402
1222
4551
3086
6664
8335
6530
1944
8380
3585
5181
12462
5035
9470
3812
9938
4872
10579
502
3277
2335
9986
8925
7096
4134
5379
1338
5771
7237
12173
6603
5627
3960
9256
11283
5344
9031
7013
4582
73
6951
12912
10108
3398
11637
10180
8835
631
130
3250
3782
5116
9733
12108
6906
583
5432
6666
5064
10172
185
7334
3516
2447
9366
4860
1402
5821
2257
10207
7712
9363
11152
1632
1582
10864
6409
5058
9162
5325
10554
9413
8611
11018
4937
4504
7889
10616
12067
5082
3715
7328
8950
12215
11725
9959
12453
7529
11296
5291
2467
9318
11023
6618
9566
11392
3226
7248
8847
628
9178
7123
6952
7560
4657
12264
2634
9295
10703
2387
11336
6620
3969
8538
10530
11330
1040
8138
8095
7611
7209
7161
7550
10155
8246
9032
2504
1079
7024
12214
1711
3824
3628
8658
11656
6748
4824
5131
7264
12151
6033
11643
238
11086
9232
7582
3563
10048
2316
8903
12269
8635
12780
4605
12793
6753
5172
8560
1156
6806
11821
8438
6252
1924
9874
7119
10600
12944
11191
6715
1934
2507
7355
11483
10344
12934
99
9922
6626
7186
7197
8800
3127
1418
8879
12857
6550
8243
8251
1177
12280
2389
7127
3077
8281
4404
771
10035
3369
380
8286
8131
3384
6867
11438
5041
8843
10407
12430
885
2189
1788
11707
29
6265
11561
4195
1408
8821
273
6825
7614
5234
4326
1858
7841
9855
10610
4217
12579
10221
1459
10686
9883
4316
8261
11142
8610
3345
7504
2699
9933
2666
12310
5979
7474
12822
3748
12032
1672
8548
12650
7011
7198
5464
5826
308
10449
6063
9792
8977
1809
12334
549
8365
1393
3874
3740
4431
10654
1565
11613
844
2586
11853
5177
8382
9444
6813
2294
7022
7249
7523
2937
11732
7470
11681
4660
9222
5300
775
7710
5990
9116
7554
10365
12461
9577
4064
9421
3699
11627
2468
937
3786
11221
7603
5702
5420
2090
9243
12130
6061
6408
11046
1771
4629
4222
2283
4632
776
5932
9841
12789
10882
2429
3300
1881
9432
6655
8474
5626
2772
1703
4298
397
1654
9811
3691
5197
12989
6749
2392
6948
5613
1998
3290
6414
6595
2438
8132
4568
416
4163
2870
659
12085
10175
7858
3255
5439
12124
3757
11484
4759
10141
378
9775
9989
11426
2535
7295
359
5075
8298
1948
7993
12272
7618
10159
5668
1288
12164
10187
2231
11424
1666
9203
2529
4378
5529
9461
4352
4627
298
3731
11905
5261
8429
5603
6792
12489
1906
3817
3580
669
8214
8913
2592
4865
6535
6917
6649
9849
8795
1023
2128
4050
6512
616
11845
11570
9285
11320
1974
12044
1150
12313
3372
9962
10967
10148
1638
4745
6551
6369
5769
5267
11051
10550
12755
12635
12221
3128
8304
12921
10849
2963
4986
8303
8309
5600
2302
2577
11726
7984
2192
1716
7882
7129
7894
6843
12043
11214
4887
6077
9323
2533
7108
6442
1368
12923
3486
12893
11108
8110
3350
11518
8874
10329
2972
12805
12403
2456
97
8476
3629
7986
12644
1328
2882
7661
177
8516
449
1269
10369
9714
8182
11872
4029
11644
10583
4336
11667
9186
12887
1058
6961
7896
10951
11194
178
5140
12049
12567
3598
11402
5910
252
11941
6110
8179
4784
1588
5871
6459
10667
1560
3298
8116
4767
5421
7282
7156
1552
5206
3010
1820
10276
785
3506
5891
5672
6238
11412
4709
5896
6771
9557
615
6292
12385
7275
1168
3019
1314
5997
3957
8026
1182
1541
13007
3997
4078
5263
8393
5170
7390
12903
12850
2982
8125
3641
10867
6478
7825
11793
11350
5872
4302
8945
7431
422
4588
6858
3151
4470
1371
7438
12919
3370
10378
8888
6587
9760
8737
4097
1757
9500
11500
8498
12844
1219
3724
8842
7779
2380
4818
2381
816
9277
12703
5502
1946
6521
5094
1414
2039
4420
5102
5334
1192
662
10386
9575
6752
10569
8390
11546
12271
10474
10038
6391
4921
5150
3206
12514
11339
2793
8203
10081
5908
6486
4940
12427
210
8392
1918
12390
8213
6667
3135
11607
3692
5648
6134
9215
5231
12882
8570
6718
6275
9765
8615
11492
7020
12986
9354
5700
7857
3079
1665
4170
3101
11337
5941
9853
10823
10890
8585
12999
3589
8998
1410
12476
3878
5357
3275
11160
140
3043
4534
6933
12493
366
2752
11702
10063
1624
8600
6322
3106
3831
12444
10781
5085
12884
2016
4118
1300
597
4389
11050
1792
11734
6472
9008
1500
10767
10433
11413
7982
10297
10877
1482
7246
7673
7927
11812
9543
8993
12658
8638
10964
6216
7970
10045
4529
3114
8219
428
10892
6272
10576
6973
9040
5303
913
11172
6232
4055
3948
9722
2037
8877
2708
4949
9777
2408
1422
10010
11007
2373
7114
8959
1674
5921
9753
6255
12980
4491
4500
5239
5875
1767
2139
373
10623
3637
234
11264
518
6562
3060
11780
4123
2239
3558
3568
2884
8456
42
10473
9822
12990
7664
1623
9484
11550
4938
4572
11690
5917
9036
11285
5027
12698
9181
3871
690
3682
12713
2978
4061
1542
4765
10015
606
6336
2980
6871
12569
5403
6929
2527
11700
5815
6517
3022
2155
5467
1759
3553
7652
1689
5396
10434
3767
6956
12017
1770
12524
12938
8188
1425
10952
12862
3773
6168
7966
7752
8636
11869
982
6481
3280
781
7188
7302
7199
6591
8367
6150
4543
4278
12375
3766
9801
6180
9507
11870
7715
488
3633
4525
12807
10856
8685
5965
9662
2810
6993
9358
1164
4726
2157
10661
11579
9335
3618
356
11901
5446
6397
11672
8252
257
7818
11486
944
374
6455
9382
8867
11549
12950
5770
8637
3679
12290
7576
7097
624
9161
684
5938
4283
281
2024
5376
6188
11352
6889
4251
12927
219
11394
6516
3045
11472
8676
1973
5696
12448
8
6927
7891
376
3170
9195
12145
12527
11817
6510
1749
645
3104
7539
4777
4804
292
9360
820
11065
3594
1281
1899
11634
11029
440
6228
894
465
2457
10223
605
4597
7898
9302
2706
7572
11232
6717
2001
7639
9086
4376
2162
2897
4002
5536
7754
288
1798
1341
803
10078
12795
2924
6411
4398
2464
10588
3092
2097
12188
2558
7066
7588
9819
1746
5622
6113
9573
6524
5924
9926
1352
3716
1525
762
2663
2749
1818
396
7917
12533
7407
1351
9325
9053
6345
3303
2806
12233
4770
69
7481
11723
180
2834
10393
2265
5813
3407
1462
9025
8204
8348
3230
1696
10693
9152
4769
6764
11892
12511
5659
6845
4692
8152
4131
8588
8411
6162
9371
537
8064
11526
7062
5047
10416
711
7777
11879
10888
7029
326
12682
12497
10532
1245
4828
2782
8288
11378
5444
1099
983
1613
224
11587
1840
8355
8089
4206
5608
279
6281
5655
2653
9006
11463
712
2702
2433
9272
2534
4307
1651
12418
3976
6975
3169
7804
565
1498
1784
7750
10754
355
401
2
9168
4335
9502
2073
8694
4535
7630
1468
10844
3027
4782
5097
6684
10154
2418
6249
2398
5156
4239
968
533
8836
9909
11360
63
5991
4400
4483
4537
4382
6331
6006
5450
7219
7088
9183
3549
11020
8632
6220
2526
3705
5967
12198
3873
10464
4708
6304
8589
7376
6401
12930
689
12099
10083
10126
5416
11937
1347
1983
7148
866
3709
56
8655
11470
7309
5165
2275
9127
9548
646
1707
12273
2432
8529
7380
957
9993
12666
12605
4771
5401
3719
3035
7513
10292
1280
8614
1403
2962
4353
5907
1273
7884
12452
11217
3755
11219
12487
824
1824
5471
11797
10991
12735
782
2853
11655
11097
1145
6266
337
10381
9631
11301
11926
6511
7483
1863
7436
394
12199
6233
10995
8745
9485
3046
9994
10160
11829
7596
12346
8793
12237
11122
9138
9342
8592
1699
10694
12341
4495
9349
10802
9466
5317
4015
10733
10691
5345
7283
6309
9091
2524
5482
5955
2723
4052
11718
5617
6819
610
4604
4613
3383
6230
10000
11209
4187
1563
2069
1896
6291
8048
1721
5282
4800
6785
4406
12208
9682
4798
4982
11416
5120
744
10090
10665
7341
10134
12013
6735
4685
4589
12995
2957
4884
6139
10377
7363
4989
1429
6959
6210
4290
969
4728
10591
6195
2280
8058
3636
6519
57
948
5127
1474
4439
4936
4162
5132
892
5071
2047
11272
4546
2733
11954
634
473
5895
1208
9016
3406
7442
9886
7947
7200
9301
6415
2819
132
11520
3971
7568
9170
83
12782
5472
12474
11444
12387
1875
10542
9087
4501
6429
2902
11351
6177
7269
2704
9530
12845
4892
8724
611
10227
4962
1104
12962
3489
9452
10555
6041
10401
1662
7271
11375
2992
9357
10332
4696
1047
860
11746
3382
2999
8979
10098
5657
12362
9921
3234
1890
1515
5021
12205
1741
5125
10549
11395
3136
1002
6321
4451
7424
2664
2138
1991
2202
7389
5470
4088
5660
2944
5755
3322
2608
5517
12201
11543
11215
4159
2845
8018
2681
4432
8300
9105
6267
9540
602
817
3176
12423
7
8941
1570
10919
8672
6701
6434
10174
4489
10413
7570
8400
5343
4154
6778
11773
2348
9653
8263
58
11799
11693
2200
9948
3566
10176
3571
2970
3133
8826
1210
3577
4558
11769
964
1825
3244
9515
9536
1799
10309
8311
9217
461
4435
8680
1261
11602
1897
7289
5796
11898
601
12352
6378
4092
3621
12964
6650
4068
6745
8947
3314
5665
608
6538
4115
12183
6076
1033
12262
6371
4034
1042
1382
6241
7257
4312
8721
1561
12540
888
10092
620
5042
1885
2297
3485
5556
3823
2147
10067
2594
6594
12299
8625
5293
11199
12102
5516
117
2506
7409
6131
12425
10998
3352
1325
4291
5257
2036
3336
11697
1412
4362
3096
8218
10657
9954
8172
9082
10095
4805
12298
11942
2079
10014
9589
7651
7878
10672
591
7575
11863
903
3313
4280
8894
10806
8696
444
4801
2314
4533
3447
2109
5999
8439
3933
3700
3089
2061
67
11014
4035
8890
10975
2222
9227
11943
3021
204
3764
1159
12437
5322
5009
1562
7247
8586
9265
6135
5315
2086
10188
786
7693
12393
5036
6692
8447
3728
12748
7496
8818
8326
2169
10601
1488
9790
10584
7103
9092
10446
2015
9415
12869
3514
1568
3483
6353
7978
3612
11533
9762
2270
9984
1612
7995
3306
7343
2415
4576
918
1987
2609
6751
7958
11668
3832
655
1224
7136
8740
9213
1821
12648
6312
10981
5393
4668
12512
12665
6801
11190
11927
11095
7619
2376
1062
1407
7318
999
3625
4337
7098
6085
7811
9202
12475
9850
623
5306
3604
9617
7874
6482
12694
8633
3192
11315
9081
3615
412
11420
10229
10418
1452
3403
11728
10230
4899
2404
10353
2119
9051
899
7797
6250
6329
9899
10438
1307
7208
729
3775
6405
5493
3800
10435
7672
10914
7946
12007
10647
5782
299
2695
5787
10674
9619
7613
1753
3105
8239
6876
9650
7886
5365
8926
6964
8590
747
10205
11850
2766
10383
8887
9664
6498
924
3448
8860
8011
12144
2248
5781
4618
4590
2113
4947
1843
6430
12947
1682
8504
7115
11814
8163
10112
3666
5839
6864
8211
12243
7810
5044
11506
4235
11200
12707
9489
4965
4311
6132
2266
7422
7703
7730
4234
12617
9347
2989
4735
5848
7345
6009
6742
1250
2514
6608
12659
7806
7709
8642
8599
1959
10103
1812
7794
7649
2323
9970
1836
13011
7507
3936
7240
2206
1406
1480
9783
12994
3853
1423
10708
10077
2677
2816
7519
1531
6629
11225
10423
8164
12050
2217
3416
586
6616
8278
12946
9871
3296
11425
5612
1622
328
423
10281
3559
3264
5200
9478
11554
11101
10695
5115
12643
873
1453
784
12936
11305
2492
12046
9465
8984
10266
11151
5774
5477
7194
11858
11238
1221
1415
9750
4096
12248
6443
4926
2304
2720
9837
7147
8760
9405
8921
4918
2958
1491
7648
133
8370
9266
9269
500
10492
9117
2531
8792
8010
5485
6570
3670
8550
10648
2212
10041
1017
6023
9419
9475
3238
8459
7713
12973
10236
6187
8886
7181
9826
3429
7821
5113
649
2084
6863
12229
9147
5149
5199
11813
10043
8149
6593
1626
10566
1215
6597
7307
12095
11377
7039
3896
7252
8319
9449
12667
10925
1045
8250
2082
7111
11824
618
7650
9409
11818
10308
6117
4129
84
8433
12174
3098
2961
9457
9228
9490
12517
7081
457
2857
5489
8710
4746
705
10645
3472
12332
12114
5585
2421
7312
6319
7468
3083
6278
2552
1249
7443
6606
10496
4954
9725
10939
4041
3480
4277
11976
9176
696
1508
12014
9802
3746
2333
8747
2582
9833
6419
4821
2318
9864
8892
309
7073
3435
10973
4189
11875
8455
3518
7467
7493
2840
9870
5473
12612
5364
10622
2055
4497
9244
11313
7625
11612
2281
10822
105
9771
9980
3129
11435
7621
10988
3095
4626
1011
8524
4130
1964
4151
7864
5083
6900
1518
1580
6089
1232
12141
12895
12804
8398
9145
8643
8067
846
2789
10255
6870
11497
4879
7256
2411
7876
3108
7082
11344
7124
6248
12504
2667
427
4548
8238
9193
11132
4454
6525
2786
12536
3097
4356
5521
7533
6
4237
4839
6186
4806
7329
6693
12621
5573
2420
11275
9720
6968
2903
4343
9129
12154
7657
2950
11440
10876
5086
6891
11996
1069
6793
9911
9808
3638
4197
9973
10196
1355
2934
8336
361
9571
7757
4058
5663
7299
227
11573
1356
5635
11551
5794
2800
11316
8452
1416
2489
1073
3555
10403
6340
2250
11887
8770
9605
9240
7638
3981
11915
5712
6875
9450
6770
4706
11001
8445
8170
6444
2197
5752
11676
3371
4754
11657
9810
8652
9066
12836
3745
5333
4888
7839
11599
6474
4638
6351
6035
10620
6224
3446
1913
997
650
1113
2541
3643
12581
1512
12724
12772
11504
2307
8074
12736
12783
12136
231
220
11089
6428
10422
11434
9270
7242
7243
3146
2379
7429
8675
293
2177
9063
2510
887
713
3015
3539
1535
6070
10390
812
10862
10426
8776
12483
6836
1183
157
8953
7793
12810
4020
6395
9458
7546
682
4249
3536
11
2183
5072
4462
4242
6919
5827
3125
11519
1132
1436
3397
5386
6849
1263
6362
1084
7746
8315
8410
10212
1290
3376
9418
3041
11422
1740
10016
7055
6800
3054
11431
11112
12190
12498
6476
2174
11415
11790
2503
6002
10202
11165
5445
5916
6613
3657
7768
12096
2068
7860
7526
4812
568
4264
9702
1214
507
827
8972
4823
11731
11961
4700
6115
10631
4550
8117
3798
11054
11310
7266
593
1357
1295
11889
11319
9945
1433
6018
2647
12106
8661
6628
11745
10851
7904
1055
2710
538
9537
6977
5443
2550
4741
9208
12609
208
10185
2802
2403
5713
10325
722
10575
6931
3909
9284
5323
7250
7170
10204
6454
9442
8872
77
926
11920
2668
2694
12897
12092
984
5244
8915
10707
1265
2182
90
9588
3528
7813
3178
11641
12156
3754
12042
7627
5810
5825
5860
5757
5124
7335
262
1796
5950
8816
2588
8039
8914
12867
7366
8486
1312
10769
9313
4259
12260
7933
59
4056
4768
8519
3772
9408
3158
8111
12267
6859
8180
9594
8546
9121
2628
6571
4299
5417
12911
4394
4876
2878
3107
8241
5366
3481
3527
11284
5618
3665
5583
3164
7137
2121
1718
9246
9279
3477
7235
3020
9681
3025
8722
6743
8868
3458
6014
9401
12409
4952
6533
2306
5545
896
9220
5067
6364
2844
8916
5526
4022
2889
468
4739
7193
1847
2329
13000
4456
9128
12753
5284
12975
3622
6812
1640
7997
4655
12382
629
12732
7617
6067
7406
2612
6156
12337
10843
2077
6637
1136
8262
12350
1223
4690
4479
10024
3412
7893
6670
1596
5004
12171
1686
8751
4969
11754
10917
11524
9737
12287
7900
6632
11383
8412
4296
5299
10347
8659
10809
8948
4387
8523
7447
3191
3193
8381
9903
7591
4601
9520
7615
3791
9861
7226
9164
12445
7454
5842
2385
11028
10091
4355
12722
3664
2642
8313
8120
12831
7826
10545
2416
2161
3565
6677
2701
10034
9756
3324
8440
5652
9598
4426
5370
9369
1958
714
6577
6243
12702
730
10191
9454
11775
11878
11155
10130
5858
9201
958
12071
1726
3293
2751
11308
9307
8031
7689
272
9674
3302
12552
6579
9050
6646
11490
3517
1914
10775
3642
7459
10634
11111
4205
10594
437
6829
9224
7738
7932
6380
3273
5178
6658
9786
11841
10348
6526
1668
9641
4281
5508
4441
863
8997
9384
12059
12189
7371
5018
7764
4723
9446
7154
915
186
11662
9998
4286
9473
5007
555
2484
8530
4351
3790
1805
12210
6109
2114
12828
4721
11260
10978
9611
7902
6057
9625
7937
718
1390
7809
6500
12372
2959
7656
2622
6846
3605
6513
7836
3381
6731
12904
8763
3632
11885
11368
10337
9163
7736
5832
9199
5329
8407
5717
7162
3081
1122
7049
12182
4517
6133
12696
11594
11916
7274
470
4676
5537
8187
11401
11479
11615
11286
11157
8708
7549
8561
2435
7565
11129
10581
12468
3301
5283
12913
8564
15
7464
9836
9096
8713
12573
11371
3351
8232
8848
8943
11738
4894
8577
7388
6680
11785
1688
6213
9204
8798
2562
8515
7691
389
1968
3491
1547
5923
5836
6668
10529
9218
7647
2874
7191
12053
2921
7965
11077
2730
12645
8324
7506
7060
1861
5996
9912
3315
7918
12983
8256
12979
2851
5210
9341
6548
9952
6814
4628
831
1460
6333
1526
6160
4931
6158
4520
8940
8791
7317
242
10829
12417
2757
12602
6706
8896
11609
792
6438
1346
2987
9541
8595
8785
2523
12292
5176
5693
6418
4950
3368
8415
11088
12378
237
12117
7835
1543
6636
4287
4374
1381
11716
5350
3168
12432
3804
8518
11590
12916
10363
5919
1722
8424
9102
474
5480
1856
10420
2054
5890
2684
9752
7185
5406
3319
3973
3326
2060
10311
10696
2312
10085
12917
3684
4313
11400
1206
12159
4833
5154
1370
12083
11559
560
11262
10751
5953
12465
12366
867
5510
9791
3970
10076
8482
4106
2735
5514
6665
11987
2118
9231
2027
6176
7126
9992
12737
1271
1620
41
3650
8339
1777
12276
9381
3321
2574
2044
4992
3669
5384
1102
12966
1929
8869
7268
1009
4505
9312
8698
2290
11499
9411
8078
3952
256
1839
12147
2630
3765
6947
1972
5524
10249
3515
4179
3739
9
12522
6299
12531
7093
6349
1764
228
4077
1877
2901
4245
6656
11198
3363
12499
3545
12972
10274
9420
6523
2103
8073
6315
7544
3082
7288
3593
3029
8383
1505
9125
6700
25
4314
5740
7629
9584
2679
10517
12957
10399
3260
9859
12629
5330
2074
5764
3276
8612
12031
5226
9542
6529
3283
1016
2384
2971
8193
10161
150
9533
5730
2480
3915
4651
11403
4327
11772
4961
1855
11949
4365
7258
10868
8654
10209
5039
5795
3996
71
4062
11838
7416
12974
9562
5232
7225
11410
2327
11169
12886
9463
274
925
93
7451
5217
10920
6937
7069
7321
2669
1075
5183
12610
4985
9324
1475
12767
2813
11795
10792
3123
4580
9297
11997
6101
1902
5905
9659
2357
10326
7279
11836
7393
12603
6426
544
11282
5037
2792
7749
8584
1603
2485
6841
5368
5314
4678
1289
5562
1621
12922
9506
10561
1333
5692
2049
2400
2871
4761
236
1854
18
7598
320
6926
1554
9355
2631
10271
10113
5090
11213
12316
12132
4448
1957
10735
333
11619
4984
6539
3735
3272
2573
11069
12984
6060
5966
11618
6688
5119
2519
695
7969
9499
6130
612
10777
1734
9729
12590
6716
10611
5499
2320
1912
12129
1035
3055
2136
12672
3395
7722
4024
8706
9773
4766
12446
10472
4048
676
2861
4181
12815
3355
2763
7284
3495
788
4013
3842
9402
3008
5503
5080
7325
12664
4796
1254
10763
8121
9612
3606
11774
904
10265
11140
758
3245
10001
215
6844
6567
1116
148
2367
11120
3982
8827
11980
9936
554
9814
9690
12306
11211
10305
4443
3037
11686
5523
11119
11606
975
8787
7344
4881
5051
12435
4951
7458
6509
2926
1597
4731
8911
972
7085
5397
1118
4047
1851
9834
10726
154
12166
10427
1343
2006
9370
5400
7895
199
4433
13008
10710
11940
8884
3999
2358
12534
5606
4920
3653
7078
12027
2151
6207
11632
3950
4057
11617
6078
9885
8695
6423
545
7086
3317
12778
8766
5621
10414
5279
5212
12204
11950
2245
12631
5099
7281
12812
2220
7829
6612
8692
1489
1060
12486
8314
5054
10009
7308
6050
706
10912
893
3469
11560
4598
1887
2616
7270
12347
104
743
7410
9108
5994
4916
7455
4896
6987
7087
6386
1816
3341
11880
4862
1299
9678
2954
10619
4
6416
11102
12138
2877
8330
872
241
3898
9221
2672
3067
2656
12377
9344
4944
10927
10852
7425
76
4705
7842
3913
10374
11170
1984
12819
10933
799
3141
8254
5408
2299
2104
9157
12089
8418
1197
10859
6081
11928
6556
8357
10807
7234
11583
3995
1904
2409
4445
120
6051
12398
5433
681
9981
12595
4508
10345
4070
5974
7503
3232
10485
6726
5533
12354
12963
6549
11575
3463
5845
6873
10069
10466
6528
10436
7358
6630
8178
6605
6970
1032
8622
8275
9190
5851
946
10512
1179
5766
5079
7435
7286
3252
1212
9902
10546
2362
5634
1814
4808
11540
9020
4301
7142
4732
37
5233
4395
9687
9445
10234
4846
3295
12325
911
9830
7392
2029
8436
6768
12340
9876
8377
3885
3695
6985
4102
11659
11268
8604
5096
10959
5644
9139
6480
7561
1292
12544
1375
9022
4493
7445
3626
239
6316
6914
3617
11044
4054
9216
8373
8583
10559
11781
11474
5511
7028
8464
7527
193
12388
341
7402
4541
9893
3722
5614
11011
5936
3810
12065
5558
8069
8917
10096
4409
10111
2247
5328
11620
526
9431
6669
1773
9925
9905
569
2152
9158
226
7387
10543
9842
4468
1556
9875
8961
10246
6227
4221
419
11970
12397
10907
398
9099
12209
10742
3654
8781
6988
5515
3034
2446
3460
12619
9075
2226
723
11061
9073
11910
6079
973
1372
4399
1026
2787
459
9327
5962
259
7290
12717
8325
8394
1276
1709
3265
7139
6412
11252
3908
2034
4334
9615
4814
2473
1068
6901
7228
9941
11355
7301
1555
60
4344
13009
11502
10285
3761
7439
4360
10528
8431
10969
9692
9878
13002
1631
5654
12894
9275
2254
4464
6721
7942
5158
3932
7610
12704
78
8484
3712
3468
4475
7940
5221
2256
4116
6954
772
12615
12055
6740
7056
7865
4113
6736
3405
9403
8668
1091
8223
8237
4437
2130
413
12212
1656
4975
3651
2276
6184
6980
12024
6518
4288
12757
8015
7948
342
10705
5276
6398
8480
10279
5753
3986
9276
779
446
9373
5463
8338
7723
4136
1939
3869
12146
11957
2960
9488
9847
10003
8641
10429
11547
11482
10263
3436
1071
1733
9160
39
12630
11640
4756
2648
3573
1360
11649
1201
5461
4933
3457
1301
4284
176
2205
10548
2009
10140
10328
12410
3905
4778
2252
9670
3819
539
3488
12381
12823
4855
8502
5378
10840
8140
12742
12937
11679
12389
1117
1128
940
5520
2140
2462
4075
1602
3476
5760
10603
11835
7668
10182
4850
5918
10307
3165
2714
6934
4557
3452
4606
8297
8105
11067
8651
11696
7595
11611
4145
10613
4410
2040
3380
8594
1540
3949
3094
5073
6073
6501
12320
9706
11231
7758
9226
8155
11947
4455
12051
11013
9651
3482
4370
10541
2739
10073
9764
10670
1530
2557
4587
4007
521
2134
8351
11146
5307
12004
6789
517
8812
4996
4556
3466
7347
5501
6236
4473
4484
12001
9599
1822
3601
12429
2430
664
11558
5498
11421
8047
7486
9517
10922
11652
4117
987
11442
5505
3498
5679
4160
9906
858
1169
8233
2803
7489
5862
3888
11016
7762
2904
12864
8569
2590
11277
8963
10745
12925
4939
11096
4838
146
6303
7696
3840
1093
8910
5371
6902
5605
388
9153
11572
7385
2556
6941
5818
2918
3411
6514
11349
6821
6976
2580
9696
4476
1043
6723
5369
3787
10231
8990
8754
491
7585
7210
6365
6898
3139
7276
1826
8068
7383
6499
7014
5356
8700
1900
3131
2125
8520
4485
7659
12291
6030
5049
10358
8267
2025
5134
1092
6190
12587
3801
4146
5674
10127
3196
12249
12058
12978
8202
10671
2891
1008
6446
11616
11396
4180
7391
7968
11098
12157
3524
11041
12253
10568
4670
10199
3180
4845
5738
9455
6384
905
8274
2221
10718
3717
8283
2674
6276
7003
8191
6399
503
10254
8054
6335
8462
8226
7245
8098
1377
6422
2268
11341
2559
8070
1852
3162
5569
3237
2106
9320
9726
11562
3332
3051
5886
179
9169
9953
7350
12718
3644
5604
1775
8134
12599
8362
2050
10706
81
12111
10685
10909
3225
6246
2584
1921
562
11128
2293
9939
5448
11094
3945
8334
12687
3223
4347
12466
9451
8322
9809
10780
4144
11623
4502
2515
8331
2670
3977
1235
12679
9428
5196
8653
4421
2149
408
12948
6558
481
895
7899
9924
9827
12405
1110
12079
253
5076
3892
7327
5911
6503
3130
1524
6102
2412
2825
4713
2539
6223
6710
4367
3147
10490
6817
8435
2887
11986
2998
4325
2784
3140
12365
512
339
5394
732
1728
6279
8526
5587
12193
12721
3391
10371
3157
9141
11857
6711
6659
7910
4575
10872
3903
8206
1227
10132
2491
4877
4538
1732
7102
8512
6623
3438
8224
5078
1893
12688
11397
11256
9856
9661
12471
524
10411
4384
7418
8534
7031
10099
196
387
8574
6854
9132
10224
12008
9304
11079
3132
12626
10343
835
4827
6895
5093
8849
10448
5224
11274
3771
1059
5864
2808
11411
1176
108
9211
8249
6338
6039
2277
3899
5900
5414
1830
3242
12052
8034
8008
5129
142
10847
10367
12257
7890
3216
11862
5642
8873
10341
11245
10450
7938
7688
10020
11765
5882
229
1228
126
8045
8217
11884
2065
5555
12073
6332
9332
9239
4785
566
6713
7491
2692
371
12086
9821
8660
1380
2236
6580
798
10636
9880
3282
8581
8471
10216
11066
9712
1616
497
1173
6297
12246
7977
1566
1038
9167
11121
4017
11294
5077
11515
10164
6467
331
746
6100
11159
7943
11932
7216
1937
2693
12451
3847
5497
11259
12607
11311
10891
8782
4436
6347
8557
9907
4776
4028
1049
206
10987
9600
12564
3550
7413
7733
9947
2602
3828
6059
3343
11650
295
2775
2537
4496
2676
11216
7449
11359
12633
3925
5459
9439
4371
4086
2908
1842
12562
3839
3900
5816
4973
4256
316
3401
11176
173
1955
5902
2938
2178
9943
12281
3923
3014
7218
4067
4255
9778
7061
8568
6799
2753
7175
12657
1725
11082
4684
1270
8317
1037
12749
3737
1680
3931
4750
6922
1545
11955
7599
2919
1152
4786
12858
12223
1687
8128
6354
971
4157
5595
11346
4332
5820
278
3378
8587
10040
10340
10157
2536
736
1838
2626
2867
1003
12158
4730
4383
2914
5081
11789
10821
12926
10558
10811
7505
12661
3257
2547
8337
6435
5395
7300
6890
2089
10169
1070
12019
567
12652
1827
828
11510
7833
4076
934
9495
3374
8741
8227
3616
6805
702
11511
2849
1022
12343
4586
4528
8850
5649
1546
10124
12091
3012
4919
9417
2102
28
6116
7398
10419
9247
4563
3183
10147
3962
5189
12029
8190
2711
11664
5834
942
10322
3827
2671
8401
2476
8897
8597
348
10971
7990
12061
6832
5509
10929
8691
8554
3510
6728
7592
2951
11595
11689
1367
2423
8544
145
2122
7915
5271
1506
12971
945
4549
8716
1795
2309
1160
452
2214
12178
7311
5209
9469
5632
11091
3816
10801
11966
12370
312
1264
1778
8344
8521
4689
4948
7037
2841
4826
5358
2769
3554
8386
11581
11347
6691
1167
12510
1911
4744
7448
8192
6441
3217
2494
8441
3609
8122
11003
10033
8733
1267
4297
282
10836
12305
11100
6288
1074
7315
3423
12247
8446
12943
2014
2449
2201
9818
10242
11135
9590
2440
10444
7018
1649
11493
5335
11156
53
2410
6273
9179
4289
8833
10167
6271
7023
3639
12624
10924
7294
4817
1072
7967
5737
6856
9118
7626
5647
5889
5229
12981
3390
900
9528
11762
9088
701
1645
2167
3068
1903
6874
8296
10766
12344
9544
112
11186
9015
12543
10153
1184
3253
2461
2240
7214
2976
7601
1925
9251
11660
4026
9966
6465
4039
4875
8248
12537
3173
2888
7881
9723
10659
1323
7944
1635
8893
4036
3856
12424
11380
3655
350
9235
7150
7632
8082
7586
9965
2909
5849
10210
1007
5734
8466
10380
10523
11883
12620
11363
3833
302
1762
741
1745
7189
10805
7741
7928
12729
12307
8427
5522
11788
4267
587
9185
12725
5912
11646
12589
2865
7500
11605
1157
3992
6839
2657
10226
7781
6505
10727
5494
6440
10270
1015
5453
11755
11564
9406
4415
2282
10115
4349
11251
6759
4934
3222
4442
10042
10779
4910
4246
1574
11271
2797
2916
9080
2018
2463
3667
8919
10193
7540
5777
3671
3548
4772
336
6196
2207
2100
882
8725
2728
988
8426
2413
9607
8174
4994
12838
4140
7495
170
8341
5483
12326
11907
12492
1141
4762
12751
936
9424
4231
9416
8533
4452
426
12239
1644
3269
5830
9271
7349
4507
8475
3508
5729
10286
4624
6065
1477
6788
12961
217
11047
5745
9787
10260
4851
5909
7457
5337
7280
10373
1473
8563
2890
6648
12908
4364
7229
5519
3532
1815
929
8621
9555
10590
12803
6289
3922
5784
5541
7680
6818
12184
4477
7158
8788
7373
10104
9072
5266
6396
4793
50
10884
6912
12582
12905
5559
12112
1617
8444
11423
12245
9498
1291
2442
6163
8007
4121
12764
11093
2258
8786
3202
8739
7419
977
3713
907
3807
3471
11695
7171
1894
2773
6638
637
12671
9263
2814
9322
2984
12211
12777
13004
665
3904
739
10258
6559
2098
3964
2636
5162
5108
6996
7634
8310
1130
8099
4868
2493
5006
1121
4033
6949
9863
9182
2981
3781
6327
12762
12076
10908
5684
6592
9047
2363
11608
9964
4109
1878
11721
9997
3989
4193
9055
1670
4733
3209
11847
2172
7084
11037
8814
5304
11300
4207
11090
2338
8255
3115
6285
5667
9496
756
5775
2414
1302
3901
175
2868
4955
7569
7348
1517
6024
11386
12101
12495
11133
10926
12813
372
9539
3512
4257
10129
12614
9675
13005
6837
6208
6827
11290
981
11895
161
5034
11810
10022
5010
4891
9180
10968
4849
1454
3285
800
10245
7868
7699
3649
582
12162
6574
6370
11391
2542
8811
10875
436
7686
1318
5926
9508
3417
1196
2471
2378
2576
9061
240
8230
3038
417
4405
7143
4694
11075
3875
14
12709
5361
11068
26
4099
12450
12592
1397
11454
7320
11739
1600
4051
5063
6339
10312
11116
7522
12824
6314
12131
3979
1378
4248
1901
5066
5956
2391
2615
3152
12541
6702
7863
12093
889
7807
10509
486
9386
2354
10878
7244
12876
4585
6107
9967
12082
11505
10150
12768
485
1237
2481
5609
7035
12447
735
5829
6540
7687
6010
7873
7824
1724
7220
1865
2441
4000
1466
2444
4063
1919
4858
5360
10949
9045
3866
5484
4623
6709
7000
3645
12416
5507
5008
11921
7030
9002
11299
9800
11924
5968
2869
2402
6189
7074
4428
2171
10118
12720
10504
7681
5298
10772
7580
11922
7959
10498
742
8966
3955
3723
3334
8670
9839
632
1872
2911
9916
2540
5761
6413
2219
6675
12278
8626
2048
9803
12574
12885
7916
5109
3044
12773
9910
11430
865
10030
12507
2360
12255
12960
4928
6286
2448
2305
12901
12935
9652
4346
6147
3776
7386
2795
12315
10709
2105
5650
4932
11832
6427
4147
11671
7690
8467
5423
1148
12283
3309
3210
9330
1036
8769
8473
5383
9441
11538
315
4971
3662
3018
393
7168
11629
10002
12611
2713
3914
855
4686
6935
7008
3881
3686
12790
7608
5014
16
4758
8184
2181
489
152
8535
2459
7292
12691
9505
6439
10858
5220
280
11052
9294
10004
11062
4381
9026
6918
10252
7428
11946
8687
68
1869
12993
9012
8403
9525
7482
12909
11756
1465
6950
2315
12228
10313
9098
910
4012
4863
4802
1965
10026
9340
11145
2500
12825
680
996
1684
4469
5866
8712
11022
11688
5295
3040
8041
9797
5954
5525
8391
2045
12863
159
4513
4359
10425
3235
12565
8755
8349
2417
11556
11166
2031
4324
4494
3155
7146
5043
9782
11767
12676
10797
2308
12715
7265
6534
13001
1994
9546
3785
9561
11896
9119
6066
4461
11234
11827
6053
2946
10442
9242
534
7164
11233
5272
540
4317
9122
11480
7444
8308
7786
7671
4840
106
11164
360
5474
7166
11854
11495
153
4492
11864
9736
2343
2635
564
7323
5527
3474
3470
7403
8360
10526
6295
5518
8065
1598
11335
9399
10261
12759
10609
9656
2829
7755
10886
716
4338
8861
11904
9940
11913
11507
4671
7765
3596
9290
7792
10651
8562
325
12137
8748
10762
4295
12069
9560
4411
4401
4610
12879
2530
6372
8772
10750
2690
12841
1458
4942
2427
5588
2771
11278
11372
8293
11906
9146
8609
9273
7885
11591
636
10680
10335
6686
11959
9695
10848
12045
9280
2629
3920
10232
5812
7583
11963
10977
4751
9310
8773
5557
3032
9104
2776
6424
11055
3946
2575
4634
11630
11908
332
2010
12719
4922
9770
11670
9788
4090
5928
2645
5554
9328
2460
1993
8483
10629
3432
10887
6712
10166
11545
12063
10928
6360
7231
10898
10516
10819
5488
2570
12500
183
3918
3434
8942
3001
2746
6119
134
3278
963
4701
12941
3373
8051
967
959
6617
3039
2583
2096
2686
9460
11737
7866
8405
9644
9253
508
12601
12443
1420
5302
10240
1960
6052
1083
1119
6111
9825
5641
7494
9609
3221
3584
7354
10331
10655
10376
10983
2123
271
11247
7697
7263
5490
5776
12232
334
3362
12506
6585
2905
2729
5430
5697
12881
2242
5531
1195
12654
797
1115
2646
6178
5960
10351
11074
11703
11933
9391
8627
2324
3364
6485
7547
2289
9017
11004
10269
4486
4366
3850
7319
7658
11953
9892
10294
4422
4724
9622
128
10106
11439
9648
9422
11840
6607
12670
5404
949
425
4738
2855
12088
8671
6028
4390
1750
9710
12758
733
6159
1251
10158
7420
7159
11246
12442
5539
5346
3088
921
10053
9083
8024
9523
11056
4434
6563
5292
61
1404
12455
1797
1907
8049
7427
4554
2261
10729
7941
2369
10186
2644
4340
12224
8353
989
6777
1388
12580
8885
9677
12361
12839
10702
9553
851
2332
458
8799
5584
4562
8194
8644
1434
8287
1679
811
9426
11722
4458
1763
1585
8742
1387
9034
386
9430
8200
11747
1659
8889
379
7729
2546
8673
1080
9194
2235
5182
3251
12575
6502
11709
11240
7538
3439
5409
590
11161
155
8543
5914
5963
7862
369
922
5352
5831
12034
8803
3499
11498
8181
5185
847
5949
9483
1078
2658
9934
1751
693
2375
2331
6282
7751
7901
12924
7133
10417
12977
8176
3685
2894
2732
6080
8522
12105
11651
9660
3889
5319
10835
513
3024
9438
4619
5111
11206
33
6522
5550
9134
759
10756
523
9374
11984
12268
10608
3729
10027
11782
9835
604
7440
11698
10913
7217
10506
8617
10107
3124
584
8448
1293
5985
3261
6823
5001
5542
7534
10535
3330
6404
3318
1832
2298
12170
807
8688
7303
5332
2774
4968
4555
10866
1455
5301
748
10682
8139
6214
4843
1277
11048
10740
621
4710
9613
1321
1648
3085
2551
5964
3734
4379
6584
7637
7353
10961
10454
3093
7609
10398
1313
9616
9393
4412
12103
7508
12868
9137
4397
10571
3316
1400
525
4190
6179
8027
1710
12833
557
3702
2579
10385
5817
244
3179
883
2740
6256
2095
7642
1443
4825
4519
6313
9843
834
165
9049
9443
570
3117
2596
4539
5030
3576
6773
5252
7213
7372
7374
4718
1180
6205
9395
1479
11387
9529
2854
3963
692
8080
9703
9268
11080
10604
10431
4165
7537
3630
12529
3579
3792
3777
2213
6082
6923
6496
5269
2477
9996
8487
4797
11328
3770
4893
9844
8318
3883
11187
2563
11512
9673
4465
4481
2623
12728
89
1572
3066
354
5213
7831
8205
12646
6318
7502
3937
10481
429
10295
2606
10218
10181
6240
2274
656
2454
8199
6671
5571
4490
3186
1765
2211
6090
6647
12509
6123
927
4675
6206
11124
7002
12392
12
1426
4734
9900
4474
6294
4653
3331
1029
3305
6738
6193
3864
12689
1238
9174
4089
6105
8679
6122
4139
1129
4615
4072
6850
8013
113
8717
3851
10320
12236
2498
6036
1705
10384
7184
8493
10728
8173
9858
1559
5327
9628
1862
12213
11822
10831
10701
1736
1928
6697
7616
2678
974
8423
1754
11625
5143
6969
11201
10203
382
3153
10759
7665
1303
7359
7931
6662
7556
9581
7414
3346
10895
1715
10467
11876
6790
2898
3659
3174
5592
5988
12329
1441
10539
5530
4816
11801
8732
4386
2974
7091
9884
10290
6642
9250
4083
3003
1692
9437
12118
10044
10918
10921
994
3116
11437
5876
9649
6619
5574
10415
10833
10135
11798
9223
11979
4679
505
403
3340
5452
4224
17
1511
8040
6044
5455
4909
4648
6678
5577
3194
11369
8690
12401
5392
12438
6576
12954
12348
9767
2986
7367
10669
3613
1450
12018
4319
7796
1376
10508
6121
4168
7369
9872
8891
6019
11750
3504
11860
2349
11218
6040
102
12817
4829
3007
10795
3623
2372
10017
10910
8927
12070
12026
6013
10941
8037
1253
12003
4155
10825
810
1449
1787
11179
11309
9035
6181
1592
7815
6531
3451
7922
2750
10238
2445
3763
3732
12359
8345
8042
12075
7089
7745
3297
11103
3354
9389
4695
48
7521
2913
3951
1664
3525
12929
11639
9412
7417
6209
8709
12391
4122
7828
8478
6185
12011
139
10093
2821
1401
12322
6326
10195
7607
3455
11600
4836
9724
5105
1978
9917
3428
7012
10630
9840
9567
11831
5560
6536
10459
6747
9184
859
7421
3882
1031
6311
38
6896
10791
7514
7888
2632
576
11496
4025
7456
12996
162
3849
1239
11748
6936
2830
9112
11235
10327
12494
7620
2848
4924
12376
10624
3944
8494
10437
10080
1413
7849
391
1125
6903
10889
7726
8607
7041
7120
4111
9747
9436
9626
9935
9109
7847
5857
1605
643
9591
8746
11513
658
10563
7130
5228
7016
400
9124
1457
10850
2176
8761
1051
4915
8109
6640
6755
10684
3033
2941
2017
6779
822
939
12295
8060
2228
1379
5260
3000
6488
9549
8151
1700
8432
1564
2893
5624
7434
12371
2738
10463
11975
8591
1470
6797
10183
10283
10638
1344
12746
8935
7223
6679
11663
5123
7756
3501
1609
832
5731
6855
10860
12765
10771
4530
9249
4978
4927
9212
11085
12769
1198
7577
11354
12655
9033
6219
7204
7719
3974
4565
9860
3595
4832
6644
10471
1947
6611
1432
5863
12830
11158
4019
9410
10136
462
11015
12802
8775
1772
3560
3420
3941
5800
4509
11110
4487
11281
9019
1604
467
1053
9979
11578
5865
10262
836
202
6270
5976
912
7956
10854
9135
11974
6042
3047
260
11903
9746
1927
10676
2352
10273
4799
4912
5253
3756
5052
289
2132
10152
2983
7735
149
12853
3065
1982
6520
4760
11939
6786
4244
2928
2190
3958
6001
7032
10663
908
3478
12965
11125
4226
5751
1028
8758
3449
4581
1472
3120
5943
6809
8875
10985
2915
3002
5582
8236
7310
1761
970
246
4003
10213
9131
8634
9311
1364
2683
12686
663
559
5664
9538
404
8329
10071
9481
12668
10465
12693
6034
2993
2451
9698
7050
12756
2943
11661
5442
6296
11565
3797
7711
2399
9435
3270
187
11969
3212
2511
3879
3207
10447
3862
11223
5878
1056
6804
9286
23
12711
10589
3356
172
6091
4844
275
2716
3494
11736
9427
2347
6145
5543
430
1350
1548
11806
10976
9377
5215
698
4329
9029
11304
2569
2560
5947
10342
1190
12005
10031
8928
9915
12591
12653
1853
2180
4614
8932
9385
7852
311
10764
8165
12518
4270
757
6054
11894
8451
10287
12062
2428
7330
40
7453
300
11897
678
10656
11917
4607
2168
9453
5678
10375
7702
6886
1490
6420
5803
472
2199
5326
3591
2135
755
3521
1504
9749
6828
9148
1800
3200
5347
12109
901
8144
9806
3026
32
12266
9718
5602
10552
4200
3294
6798
12133
9976
7253
7065
4636
492
10666
3668
7141
6566
4564
1275
5103
6641
7423
4408
12472
6387
3462
7905
10838
8253
10692
12604
11276
12583
9376
8553
6222
4128
6729
439
11026
9305
4247
11588
5551
3161
6307
5797
7805
10460
6436
9154
1431
11794
2325
8541
12528
12244
5975
2955
8624
5995
3349
5547
11532
12411
12356
1095
1513
8871
727
10946
9230
4672
5354
12395
353
2564
12077
7095
4306
2042
3197
9694
7925
2585
5380
6967
6978
8133
9434
1471
9918
8113
2271
10596
4780
10945
4095
11938
9929
86
9359
1278
8409
5599
3031
5763
11610
5506
2091
10834
10628
9799
11753
12786
10697
2617
9375
12496
11621
11222
12585
6989
6005
1411
10145
11171
7356
4274
12576
9397
1090
9942
8545
9738
12481
3575
9950
1961
6456
5387
10812
8032
8528
11204
11701
8269
7573
8071
3454
6350
7879
8201
301
8683
6274
10965
7558
2593
2930
10011
9334
6907
3808
10059
490
4001
10627
6979
7574
12284
7778
9564
1714
8750
3600
8379
10915
7404
12338
5861
7951
840
10800
9011
7957
12860
6235
8052
1727
2064
4152
8944
7113
11720
3897
3227
7165
9697
5786
5883
448
10739
2346
7701
6624
11136
3424
2591
790
5024
10900
3143
9464
12558
5029
10607
3333
12436
11816
3231
10765
494
12616
9974
1451
4561
12169
12730
10785
5447
3590
8735
4023
11192
9963
3569
12186
11241
7314
728
9759
9647
2618
1306
8572
7351
5296
12856
1205
12100
8999
12090
3308
297
10587
2127
1199
9755
4976
12640
2942
6756
10979
8186
4282
6760
5534
4870
2659
4341
768
5747
8820
11807
5944
1181
36
5685
10128
8399
1257
8284
697
6400
9558
7740
5689
9046
12402
2561
11033
10408
5790
707
10660
8397
753
11834
5349
9471
6557
9715
10980
931
3239
247
2838
12701
7450
9007
6368
1676
11414
10935
10948
5496
11249
2673
2796
9751
4213
6847
10094
11804
11174
8376
7640
11477
6144
11985
10798
10074
12733
11674
7047
6639
1735
5754
6445
9742
2495
3562
11180
10614
2359
6293
12421
9680
4241
9824
1331
7594
11458
10317
4292
6997
7394
1153
4216
6739
5324
12172
1178
2317
2342
7207
11548
7227
3529
5415
5844
12360
688
11826
11521
6645
343
837
2007
1581
2866
1630
7059
6784
3500
2110
167
9689
6470
5981
6834
8028
9350
3624
6945
4149
11366
11902
5151
10036
8639
9582
3263
10668
3821
671
2071
4867
8123
12889
1926
10883
4983
8996
1941
6568
7988
1743
8924
11808
12814
1330
12674
9635
9569
9365
3822
2351
8765
6388
10007
2675
9914
2233
1097
3863
2470
10039
203
12900
9990
1461
8823
1979
965
109
5005
10206
9769
1769
7920
10379
8912
7787
1057
5372
3167
11475
11636
3738
5804
9658
4540
5160
10783
10904
10235
12743
8371
1766
6939
7926
9879
9259
12678
10990
3557
10395
269
11143
10649
12206
1211
4680
3988
12363
12006
5297
9772
5538
103
3286
7695
6695
5095
5013
5305
2267
10432
9728
12847
4219
192
11553
5683
11934
7795
3511
5381
9937
7040
2356
7057
2234
9234
49
2545
8678
11127
7662
1860
6758
7991
4715
12490
10712
12834
9392
4987
839
5705
6631
1643
9100
10557
7479
3991
12265
52
6260
357
1514
3243
7622
10050
12699
11516
11645
9394
6152
3208
1916
11356
10086
6011
4268
11828
12636
4831
4363
5633
2479
8623
8934
7072
8096
12673
6689
7025
11452
5666
7877
8900
9429
1334
9758
8757
8952
3057
9968
7685
2777
11757
11936
8937
2995
9059
5504
10088
2112
12968
3813
9144
5456
9932
8797
1528
1310
8527
3325
4499
2002
7509
12094
6075
4108
12692
8366
8547
8030
1329
3418
4167
2458
6614
5019
5321
483
11929
3126
9838
2166
7727
8513
8038
11713
6355
6239
6320
4991
4682
11805
8556
7732
3328
12321
745
6310
4304
10786
8460
377
1006
11919
6791
10507
3683
4665
3503
3456
5765
8086
6377
4112
4603
5736
9568
2847
2232
8552
5398
12302
8414
6259
6375
114
6166
9390
12750
10214
2154
8759
2910
5640
2820
9583
596
7584
4553
849
6782
10364
9897
5576
10815
2078
874
2374
7817
46
1833
10774
6746
5186
12408
7471
802
675
5756
9578
4837
8864
8215
2210
11673
8346
91
5025
4998
4995
9407
4480
10300
11039
5062
11833
3886
2804
10874
9866
7382
4716
7501
1308
3574
5799
5868
10994
10005
529
3939
188
5136
2794
3663
10119
2300
1573
12535
6776
2406
3443
1428
2057
11843
9306
10462
5492
10439
8266
12041
10267
3492
8413
10396
4498
12195
4807
11379
11325
1502
2760
1316
4515
12505
4637
12647
5411
8593
10734
11893
7551
3389
8222
7515
5707
2313
10861
854
11181
5591
12319
1742
7076
6816
4271
7475
2204
5353
4176
1801
10470
10491
2859
5735
2133
2973
9727
7682
11542
7140
9214
6600
2748
843
1342
4060
10406
1625
2715
6096
1780
4228
2873
2005
510
938
8920
2439
476
4220
10773
12502
7975
8114
1647
8228
1923
10586
1857
2224
11802
10986
11250
10012
2756
7606
3704
11760
116
12181
151
9479
10458
4377
9815
12741
5676
1046
11991
12342
5375
12931
1849
5671
886
11314
1096
10855
11692
4227
11036
5798
6257
358
8605
10599
1226
7006
1363
4669
11796
6074
6254
2215
8794
2368
12412
870
577
11257
1218
407
10644
2170
6541
12357
3219
4173
11193
2567
609
12140
3404
7791
9699
11070
3876
4663
5255
651
12192
5904
9784
6064
532
3916
8145
7867
6093
4018
10055
3307
11811
453
6625
8531
5568
3461
7068
1492
454
5611
2141
6203
2923
3185
8425
10222
7855
6012
11776
4673
9336
10544
4617
6341
5706
3100
4138
10962
7338
7645
6171
6394
7167
12038
2892
1611
527
9805
902
1005
3109
2754
5623
4652
5121
5913
7267
8906
8197
4084
10253
2043
4103
10690
7636
9044
6366
266
3534
12115
12641
4835
3578
2607
8420
2241
9191
164
778
6086
267
947
218
1828
12918
1549
1829
6112
5163
9027
3603
4612
4620
12832
530
11680
5280
3142
8169
8416
8103
613
7116
10879
9512
8090
12761
8044
6183
9010
8656
4963
3335
12177
5313
749
8986
10250
10842
932
536
11196
673
4592
5986
7044
2093
9739
9014
11825
1791
9638
11451
3359
3788
818
6661
686
5348
5513
11436
813
10057
6343
11419
3475
4677
5481
10846
6955
8936
3138
6885
12441
9283
8046
869
8158
9274
12542
5847
2920
11404
5885
1614
5139
8453
9691
8271
7528
12251
6569
6992
10410
6170
8509
1952
7182
5268
12716
9282
5780
4822
7532
12021
5619
12503
5581
998
11675
7001
11126
8312
10719
2393
5957
8022
10201
1553
1988
1217
6938
7485
3375
814
7772
7180
7261
8087
10065
2194
5388
10173
726
8363
6263
1186
4857
642
2885
9793
3546
5012
12482
1185
6547
5243
9534
5814
2968
4583
7973
1272
1673
8106
9308
11141
10997
10
4874
2833
11087
8185
9387
878
8976
9721
1698
10349
4125
352
4854
1052
11253
10722
12781
6537
2826
6553
2208
11040
6683
8674
11113
8221
9079
8510
8790
10871
6088
10482
12488
9248
6808
3279
5639
6087
7241
3829
10903
3150
6212
1191
1216
12399
5
10019
11445
3998
7843
4811
12258
6676
3379
9572
2033
7005
2619
5214
11567
3385
1463
10540
9671
12355
10717
7211
793
3175
4503
5594
12373
5662
9056
7007
5168
1873
10072
7357
10828
6348
10333
3204
9095
7559
1667
11017
12304
6495
349
3860
4342
12480
8276
12121
4787
9084
8091
5237
5759
7080
9009
4053
6037
7801
12798
6925
826
2443
5476
5721
11064
9585
6352
1
6724
4871
7605
7441
10029
8904
4081
11759
5629
1768
6392
10816
250
10302
1889
233
7236
8699
3357
3016
9205
3592
6025
9685
5638
6822
11388
7924
6468
11476
9946
594
3513
12331
4886
6707
556
1776
9618
626
2518
2691
546
11417
6575
10947
9333
12286
12104
5451
2822
3673
1708
8062
614
825
8481
2482
6021
7038
4704
6390
1163
121
7844
2186
8922
243
5222
5017
2568
5460
1507
3561
306
1637
5687
737
2023
2896
213
551
9293
8057
7520
8470
3182
75
9663
5669
3646
10632
1485
9510
12875
2747
8981
9198
5791
1694
8810
7774
123
9321
3137
11871
4659
2879
1354
506
9513
9299
10637
6958
7700
6268
1956
7734
6965
12256
6221
7306
10673
5720
12449
12744
9713
8579
174
8421
9873
10440
8813
9908
5744
1642
2956
3935
3459
501
4719
10324
7106
2832
1146
5288
305
2886
1155
6047
12848
7497
10087
10315
5961
329
2260
6932
12878
10653
6604
8162
5743
11433
3399
11653
3030
9610
8369
2975
5478
3075
3815
12457
2388
4361
3658
4204
11084
11658
7048
4045
2488
2737
322
1366
410
2453
852
11704
7716
2788
11685
11189
10476
9057
962
10639
4414
789
1940
1171
8395
5117
1294
2053
862
10790
7803
12998
7368
7578
2143
8662
1864
3080
10741
10635
5278
6402
7998
1320
700
3614
11867
11099
4809
1493
976
7473
773
5750
10578
7172
12122
2116
5977
12324
740
4322
5723
1438
6038
12549
6437
12459
10110
7769
1794
3181
5742
10564
9978
11592
4830
4813
9524
3661
4071
7183
3733
6860
10486
3236
12428
9633
9289
8704
200
6911
7316
995
10389
2159
11297
7936
10489
8469
8189
11009
10272
2272
8198
294
10461
633
2620
3758
10643
4981
11517
12218
12464
12383
11552
9807
4309
1207
8402
2452
7563
2475
5874
5341
4354
1697
1435
5691
10137
7743
4430
1966
9657
639
4953
1000
7045
101
7460
3608
8956
12997
11669
10500
1494
9547
6986
6301
11058
3581
1653
11541
11752
10248
9920
1065
11312
4043
10521
1695
1713
1111
4209
7079
2046
12945
9559
141
3743
8088
2698
8085
3160
8372
4010
6095
12039
2004
5768
5208
9574
1304
3795
6231
11114
11973
7517
890
9287
6960
4482
1154
8807
9852
8012
10793
1424
6994
9704
12842
11622
10625
6258
1693
9262
10869
3259
3942
3156
2223
1088
11105
12033
12187
10018
1995
9258
1933
7763
2624
7837
12386
7360
9353
1417
3479
11035
12002
1521
7352
2030
4727
8019
6234
8954
2156
10857
12681
94
9329
12568
10151
7675
12880
6201
720
11691
1879
11291
8783
9303
4260
1779
10133
270
9048
5059
2990
2764
7313
10032
5146
955
10354
11962
1467
12561
11571
2179
6154
6461
12843
961
11010
1322
1510
207
2026
12752
5783
6287
1126
8289
5636
5339
5843
5656
5945
12415
9877
7684
4132
7017
4472
12300
5145
8559
842
11764
9023
5653
3531
10943
2742
1641
6118
11740
3959
8216
7773
12148
3113
11030
1147
8988
3228
10930
8240
7163
7203
12194
8434
5893
2366
9603
395
6908
3056
9785
5681
10744
2864
5179
5987
11021
10863
3640
6200
4819
5410
2578
522
12317
10360
1945
11529
3267
9111
10219
5715
160
11002
6043
216
2021
721
7840
4110
3522
2876
10243
2532
9958
2062
9868
7053
11342
4214
8841
12837
6820
191
5440
10916
11406
10139
2553
8647
9459
1523
135
12025
9077
7646
2390
6583
8148
774
11586
1808
11911
4191
11109
10827
7326
5289
4262
11242
11778
1744
12252
111
10268
5758
10982
7430
12896
12763
9052
4958
2875
3431
8092
8983
6323
8645
4702
7579
12328
8129
6022
6172
321
8907
2707
12827
434
189
6744
2028
6169
2196
12285
4393
10047
4211
8582
12914
8389
10597
12623
421
11568
9961
4972
4666
4990
4269
10640
3005
1019
6602
5732
2386
1319
7720
9795
11408
11361
5147
5856
5359
10606
607
10853
4662
6174
5946
8834
8461
8968
367
12519
2917
9630
1188
6389
6334
3271
7872
3956
11523
9175
2661
9189
7043
9745
284
3348
1831
12928
3365
8053
10278
9735
2295
10996
7897
5601
4120
2521
9316
5823
5153
5778
6990
1124
27
5065
4560
12951
10677
4764
3535
6807
6982
10525
8566
6953
6877
11409
3652
9149
6497
2637
3091
11115
734
9257
283
11971
5144
3780
6194
8938
12152
6654
6141
221
12551
2809
80
7714
11741
7121
710
5739
1583
11535
8342
5897
7767
2301
4664
9143
6865
8388
6872
7827
2655
2142
4900
5841
9058
6774
1193
4859
11345
6720
5809
4196
10211
11899
9532
9264
4523
184
9621
4253
2700
1138
5413
6226
8876
1589
4392
6881
653
9238
5128
8003
3013
2191
11267
5855
6337
4722
6543
3872
9288
511
2262
418
8949
9923
8630
5807
2571
10058
432
11357
8711
1286
7192
1738
10999
2296
9210
1391
8488
5793
1871
12367
4649
7929
5680
11851
7562
4646
6302
3854
362
3366
919
2383
2124
11730
8851
7980
1760
8567
1633
12293
11243
5247
619
11147
11852
5881
1297
10626
2685
12784
4842
8195
12327
7834
10443
1503
8723
7145
7135
9474
7051
3543
4172
5068
9969
10301
3961
648
11289
9130
9636
8631
8789
7880
10960
2589
1615
6045
10237
5628
1133
3291
264
6884
7365
10537
5703
1476
2770
2101
9504
4789
2688
3993
10066
4788
8167
986
5925
7488
6148
5727
7782
3144
4552
11197
6826
10796
3496
617
3402
5159
2422
11944
285
3112
7976
3427
4711
9991
7788
4250
5002
10803
7718
3674
5088
2969
34
7851
4328
10184
11596
7117
7907
6943
10391
8299
5532
2474
5101
7094
3199
495
11202
2985
7780
92
11258
550
6930
3292
8136
1752
8705
1101
12695
1586
11873
7042
1112
2158
10618
5535
6120
8302
5579
11031
12992
6431
7971
12384
11298
4040
1606
6984
2722
11534
10687
5915
9576
7742
6794
11478
11589
4073
5138
11865
3442
11302
4105
9383
12165
1076
7822
11118
9744
4032
10533
10293
5405
8930
3570
1394
1717
11263
11855
5741
1127
85
2120
6508
6653
10942
9493
9639
2520
9730
235
806
6462
1823
251
2066
1977
6909
2505
12336
4049
1054
7555
7802
8681
12235
1804
4037
6750
6635
9891
2225
5225
1534
8093
10068
12098
484
11531
3720
10787
5682
11473
11456
10522
4450
3507
11292
9468
9024
11000
3377
4425
7178
561
7593
535
8832
3859
1296
12606
11073
10412
1464
11248
7654
6940
8408
11918
764
10405
1409
7808
6545
450
2922
4979
2286
6555
4661
1905
4027
10826
3634
327
3050
4208
9955
9971
2528
8640
169
156
8277
12153
1309
2680
11784
9597
830
4373
10247
11460
8830
515
5767
8457
8017
11717
7291
12294
12969
8628
679
9319
4570
5202
875
10841
7962
5806
5188
6300
4460
2246
5615
7232
8796
5114
9522
1260
3213
4956
5190
10142
916
5458
10845
8774
1876
11144
5277
7411
4526
9521
12586
8866
2549
5690
2724
5726
838
4276
496
1538
409
7118
1389
10699
3009
3894
11770
765
3954
6421
466
9570
10715
201
6058
12353
5238
815
12396
415
381
1569
9317
8385
9676
12312
7033
10284
11859
6198
1486
4265
3519
8576
1677
9686
3502
8727
6596
2126
9654
7224
11777
11945
1810
7395
8002
3891
2292
7753
6848
898
7721
9804
7215
9848
9004
12404
2334
12877
9225
3520
5069
3890
10725
9741
12649
7571
168
7202
8097
9668
7883
930
11733
4757
5540
6699
7273
5998
344
406
11027
4781
884
4339
1004
2639
2939
12530
6910
11935
8665
9219
6097
8285
2237
277
5879
4869
9995
8056
5422
9000
9693
12054
871
12203
6153
4820
12632
12161
1748
10953
10355
3980
4457
2310
11184
11381
12374
1203
12871
10256
4438
8442
11710
12726
1997
4779
8479
5152
3490
7887
5155
304
3358
11989
6564
11226
9889
5792
8021
10428
9982
8664
11244
2812
13010
3393
4185
11891
12222
5801
3347
54
11163
2745
8805
11849
3400
2455
3198
7067
5187
8882
8682
12126
6155
7953
5695
95
1739
638
920
3967
6610
12296
11771
2895
1567
6204
5362
9054
10553
9757
1704
6358
3201
11861
6897
10356
3148
5869
11647
10704
7463
3224
9041
4600
1593
1283
4368
12142
1240
1495
7399
11508
4914
11819
1087
10511
8575
1571
677
12680
5245
8273
6473
9919
12953
8669
2465
11708
8817
558
9949
1533
5512
10510
10810
8862
4573
4625
804
6417
9629
11255
7058
4065
10711
7783
12890
11273
9150
10906
1317
5658
12578
11699
12594
8146
11446
3586
7131
1967
5479
10456
11441
2269
10572
12473
10023
1639
8762
5840
2370
9404
2731
966
9620
10531
12970
4848
2287
8975
2083
9021
3648
4203
8333
1737
2249
11900
4074
2697
6261
7377
9085
3509
3337
6651
5675
9315
9197
4315
10116
3342
399
4093
12308
6690
8517
8648
7346
0
12557
3413
8497
5651
12335
10574
8536
5218
9596
9828
11711
5870
2860
9314
6741
2063
12225
10362
796
8778
1756
1846
1497
2000
11019
8965
4993
6762
6447
2850
760
11569
6403
9716
10592
12440
2727
10054
4897
4294
6704
2862
12891
3154
12920
11025
122
7149
4681
2952
3895
9237
845
10314
12261
641
5219
9707
4100
6781
9887
8819
2581
2660
11503
3327
5708
7747
6330
3818
11582
8603
7332
100
953
12555
1335
7190
11034
980
5549
6581
10505
11683
8306
10064
5161
12571
12330
7913
11239
1094
5808
10060
10577
8880
8094
11362
11666
5552
2195
10280
10621
7128
572
10338
4192
12873
897
7452
9669
1161
11763
10565
5216
5714
7674
88
10905
1782
5048
9067
1139
5948
4194
1811
10595
8490
1134
985
667
5273
12685
12846
9346
3930
7110
4571
11083
11195
5022
8437
4946
1789
4279
5205
1098
314
10768
3312
10580
3248
11705
9829
12566
318
7026
3552
10469
2080
2344
12771
11358
8852
12872
1681
1484
9089
384
652
10075
11715
547
4898
8856
8571
6015
1931
2991
10409
9740
3877
1663
7046
7587
3533
4794
6173
8957
3696
4518
8292
10556
1529
5167
12545
5169
12734
2625
6572
9831
2341
1158
3799
5135
8422
11537
5454
11800
6099
7954
3587
5544
8499
11465
12690
8156
6167
8100
7816
8352
10318
12241
1187
12597
5593
7322
11393
5887
8960
6811
6046
6542
9944
8608
5610
6298
4107
6995
12547
3725
10488
11886
4514
5469
1999
9527
3547
10143
8707
10515
12250
4453
8166
7859
8023
55
1396
10299
5528
9895
9563
2419
8135
8728
3450
6582
7277
7914
2835
552
1086
8824
10382
3205
11874
3103
3635
11544
8183
5363
9972
3177
1868
5835
4616
1908
8301
5564
1516
7704
364
2743
10573
2081
8108
7339
464
2160
6787
7604
4417
10503
6546
12866
3707
724
12710
7923
290
10755
7205
7911
8677
3689
11633
881
11117
4158
2837
3906
12400
11407
4011
4320
5281
1970
6479
10082
45
12216
2198
8316
225
10698
9062
1874
6146
2931
6905
4044
4141
8050
4082
9999
6048
7221
7487
420
11856
5023
4156
12608
9278
3811
5486
9927
5338
7009
5646
6383
3588
12040
10025
6325
9196
10789
469
11539
8061
11638
8973
11577
12012
8809
861
4697
351
1369
8784
460
2111
6893
8406
12084
5055
7151
670
5336
1419
5091
8419
2437
9531
6262
7297
5728
4642
6643
6000
8458
877
7541
8601
12022
12639
1439
11327
4967
11820
1669
3441
880
4104
7333
2721
5833
7717
9400
12414
8492
5193
12811
8107
6878
2801
12754
2605
1935
9207
1774
12967
715
441
8320
1189
2311
3159
4622
4621
5175
6916
3677
10061
11994
9930
1595
2094
6008
8918
7737
5249
6504
12168
6007
3551
2328
405
1551
4740
5248
1499
6888
4169
11642
2401
6027
1103
1895
3121
7985
1266
9817
3597
4641
1274
7112
4913
4645
4258
12406
4974
6211
10721
6142
1980
3072
12852
8815
7979
9763
9298
853
4536
3076
3911
12840
2019
10421
8881
4749
5749
8356
4943
2988
72
4030
11706
6802
6831
2936
12407
10125
699
6687
4941
10731
10585
9854
9901
7624
12318
11791
6983
9623
3288
9812
10788
6283
635
9200
7724
3968
1109
11307
11964
10123
3953
2319
11254
11389
3118
9518
5201
8780
8549
6882
9683
10215
4999
12774
10746
4380
1315
2649
868
7238
7869
10357
2365
6657
5475
3966
10749
7655
5873
7631
1039
10291
3887
66
1209
12274
9551
480
10198
10499
1917
1013
10837
2013
9113
11178
3845
8328
2337
212
5854
1730
5566
4980
6815
2807
11177
5312
10316
4042
2434
1886
12149
9255
6055
12230
10519
10228
11137
1678
1898
6356
5789
10950
11288
8157
62
11837
674
3281
6363
9254
2601
1608
4225
12598
10678
7731
12865
6136
12874
9331
5122
4640
579
9440
8489
2394
3028
4098
4385
8503
5838
11227
7789
8268
6129
1719
7176
11318
11324
5779
4873
5389
7635
2056
9005
585
1151
12883
1915
4635
9281
6328
661
8066
1936
8951
8573
3445
891
254
5311
622
578
12656
10736
4510
10336
79
6942
11130
6242
363
12675
9580
12275
5207
8118
7370
2831
3188
10567
7524
7034
627
5087
6084
5241
4459
12991
1720
2783
4903
7814
12932
12470
5607
4440
12254
1601
11842
6367
2689
8491
5355
10400
2872
7015
8899
1786
6004
8738
7516
7196
1671
7766
10794
2469
6432
5465
7212
5437
11210
5092
8035
296
9754
1712
11081
5694
10296
1202
4639
8016
10156
6071
10445
12010
4087
10681
11457
171
324
12801
9296
8168
1951
8715
2321
346
4644
3987
3721
258
12036
9388
6253
498
5275
8505
2011
6966
5698
2811
12651
5194
8161
9337
8802
11462
1018
906
1989
12849
2175
4658
6972
1234
9957
8731
7477
12899
12747
7564
11712
4729
6379
3215
7552
4506
8845
2755
12220
11348
4300
960
2846
5772
1448
7155
777
9398
1909
5449
1522
438
876
1108
7272
5899
6143
10954
8804
8305
2544
7019
1841
74
8514
12420
11768
7600
709
5318
8650
1579
10683
12952
11967
2703
7633
5709
3830
5265
6673
2641
6137
5704
8720
5824
6561
5240
10738
9309
9882
8771
12217
1437
11881
12160
2012
9030
6306
475
2768
4148
10468
11628
4516
4184
2682
11999
10062
3195
11464
12851
4643
2759
1859
1398
10784
1282
7125
573
1607
6104
12176
2543
5788
821
6560
8465
6946
392
8472
7324
1081
7472
6385
8384
30
4775
5242
8895
9514
2165
10021
12097
3254
4773
8946
6733
3214
5211
1520
7983
2734
7437
10902
1920
5192
5620
9236
10963
4647
10937
1481
4166
2115
1646
8994
6783
9684
2953
8014
12234
3727
11983
9192
9975
3910
7597
5898
6862
4119
137
1025
12588
6277
3917
1287
12422
5016
4725
9983
7408
10144
3203
6944
8828
11405
2979
1105
12000
4847
603
11823
6734
2396
10934
8375
9579
1120
7706
98
2087
4396
10146
12955
9300
951
8171
9987
3145
879
11203
580
11761
7152
1628
10723
4085
2823
9779
5256
5500
5407
11092
1971
6615
704
2008
9766
5802
12196
9951
3311
9719
9448
8463
12270
7233
9233
3070
12439
1930
3921
10932
2927
11557
5053
941
11293
10264
11471
8294
9774
3249
1706
7666
12460
5084
8667
4331
3258
10131
5699
5032
4424
8102
8618
3538
4357
2725
10514
6229
9003
1020
9928
4792
10605
1204
7293
1066
509
5106
4243
7331
3487
10675
9090
4021
3266
9667
8686
8838
11584
7340
6092
3806
1456
5971
9593
4427
12550
1386
3994
767
10046
9768
1658
5724
3408
8147
10388
7812
6590
8542
3884
5590
8075
2940
10049
8663
12081
9261
8327
8878
6342
8063
10298
8870
841
12491
12074
2227
12521
1430
3430
3793
1100
6197
3063
6225
4532
6685
12985
12933
10931
7255
6765
9798
5385
12797
12508
4005
4960
7144
6652
4930
7259
1213
1981
4174
3023
2966
7748
11614
1324
1345
8104
7336
12119
11448
5983
9988
3410
3647
1340
6031
12538
10865
3087
6974
4527
12634
5596
9497
5137
10370
9260
654
780
6245
443
3802
933
11786
6824
3071
8235
2726
12683
1578
2187
11727
338
4369
11230
5546
11839
9291
10820
2736
8974
4511
11956
1440
4736
3912
1629
12820
1802
10824
6506
11207
11981
4988
1063
7260
5402
9042
7567
2555
9252
3284
8777
6621
9492
8991
7921
10923
8115
1702
2779
11809
11270
2076
5262
9456
365
6161
3473
9433
11487
4471
3556
1834
8006
4864
8857
2107
1361
3111
2627
6861
3415
7285
8931
2483
9472
4358
6633
313
9114
574
1447
6128
3893
8684
10617
5040
4094
1284
850
10650
8477
9379
307
8730
8982
10114
2652
9339
10477
1089
12456
2238
385
3694
3537
6853
5670
2997
11459
10679
5487
10753
1285
1236
10149
7021
672
2405
12554
10893
4547
10662
3929
4444
6924
6887
2599
943
4834
414
5929
11792
9156
9165
9881
1478
2947
2761
7612
2781
6883
6682
5107
9913
5320
12127
3134
3220
11466
8980
8079
4240
2852
8234
1442
4630
7364
3339
1990
5992
6915
12179
1385
9556
2508
7949
4783
8822
8649
6381
5711
7433
9845
12662
2148
12556
11076
6609
4263
7077
1845
9705
3544
8726
8858
7861
11322
1165
1537
1247
9550
1501
993
12799
5074
8801
1655
8404
8468
7083
3582
10778
3110
10397
7870
11719
8150
11866
5026
10037
4137
2072
6149
2665
1557
10958
8933
4567
9602
1922
431
4266
5710
5050
6913
10714
6833
5630
1332
11603
1636
2407
3062
4413
12314
1248
3102
12987
8846
6062
1107
7384
8744
3218
3627
7426
1519
12700
9001
5746
8025
4402
1953
3834
3149
4742
9133
143
10275
6775
6477
5951
4890
575
2075
51
795
12821
12785
4841
2137
5000
9862
1675
3541
8855
2828
4853
3017
12677
7173
6361
1813
8602
7337
11447
3396
9960
4178
7134
276
5254
5203
1892
3497
1085
2022
1527
2522
1844
8084
8076
4959
2322
287
9634
3304
4810
7092
7160
2230
12219
708
12369
195
5309
2611
6098
7535
12180
9709
1050
10901
12940
9177
10306
2662
3433
2099
10992
1365
10782
6727
3247
752
2858
4372
531
5805
2052
12745
6757
751
11481
5391
10560
1661
2900
10870
12282
8693
6842
7206
2600
3751
3611
7856
7195
10757
3073
5773
5033
2150
5340
12546
5859
9711
7677
3084
8368
4720
1064
2146
6971
5958
5989
9904
5110
9554
5548
10646
10799
10562
4882
1976
8596
9115
7397
4815
2244
7850
3329
11960
3567
8450
1870
3660
64
8859
9595
11848
8307
1891
5104
8081
8374
3163
1241
6622
6284
8829
4683
7375
9352
12906
9977
8555
3099
3656
340
9106
9292
4545
10013
2767
9642
8142
5425
10189
11329
3924
10453
10346
442
9519
4175
3189
5828
4795
4977
4688
5462
10527
4654
979
7581
7643
4707
7305
9068
11224
5491
11687
6766
4293
694
11237
1594
8525
11338
2741
8689
5686
6072
9776
1942
2818
7739
223
9608
8290
6264
1230
8992
10117
10451
8126
1992
2085
12080
1353
3119
4254
7478
3619
4031
9065
2880
6083
3744
7262
10536
11995
9362
3190
4375
5922
12910
6020
9209
9462
9206
5553
6732
7298
8207
2371
1701
9511
11432
9155
8578
9043
11343
433
6068
8939
9467
7054
11758
4046
9624
9743
7906
548
2243
1149
9038
10880
3049
8923
4305
1996
7705
2696
2643
10052
12663
11744
7602
9509
725
6761
3778
5570
519
3069
310
4902
5565
6182
8004
10817
5625
11735
12030
5631
6796
2604
5287
1619
4904
12516
12854
11998
11598
7776
6674
4403
7800
3747
1755
8343
3523
7667
2153
7545
10424
5978
8840
11418
5877
8808
8036
9378
6016
1634
5180
10633
12479
7169
9351
10097
11321
2856
2092
1001
4142
10190
5846
3750
291
6003
4791
829
12191
10323
12739
2929
5373
6840
10936
10832
70
4856
3934
1584
991
3542
9101
6425
4447
11123
10480
6719
1392
7027
11525
6373
330
2517
4310
1131
3927
5598
8955
2949
8340
625
4006
499
7623
10940
2994
6838
7744
1021
5174
3414
2883
8059
6920
1558
1067
12627
691
8629
3540
11266
402
3184
9552
4584
7698
4748
6851
3975
3907
11682
2339
8719
668
1962
2824
5070
12087
6026
8616
3926
8666
3440
11306
8729
5457
1255
3011
3172
7543
8159
2336
2651
2330
5762
347
6151
857
7230
8354
10479
5884
10478
4009
209
5575
1837
