12089
4325
12959
11402
6805
4338
2846
1748
7459
6685
1007
9458
2040
2818
6621
9204
8273
9111
12463
5873
3652
9089
6687
8333
4680
6250
10670
4657
3387
3485
2604
10256
8794
12458
8677
1307
3677
9418
9455
2185
588
12279
12789
872
10645
2059
9625
1056
8540
1656
1131
11024
4132
2019
2448
8059
12744
9739
2506
761
10925
12944
7076
729
4126
10696
6846
5539
7782
12344
9837
3621
8391
953
7867
5254
12309
2979
5851
6261
8649
11049
3781
4333
8036
10329
8728
5214
11846
5747
8315
1160
4967
12775
11677
9565
5085
5775
2536
2525
2200
5037
834
5077
2183
7056
4997
12660
9092
8861
1687
9095
3093
10064
7849
10198
7038
8909
11271
6461
10385
4771
11929
1588
10057
6715
1551
5807
11410
10143
8389
9142
8834
1022
5716
828
5787
673
12830
6441
2938
424
830
527
12786
7509
11071
9707
1106
9316
2756
8699
9272
4929
12250
818
4154
6449
8440
4853
9206
1860
6409
285
12896
5687
7344
4999
12271
2329
7268
7227
10167
7104
1796
10394
5802
1619
214
3969
11949
1215
1060
193
4020
10642
1218
3762
13003
7330
3121
5481
9002
4262
3868
2374
4839
11925
6245
10015
12787
6934
5840
9141
5908
7784
10396
6614
2921
11752
11697
1328
12962
11330
7561
9741
127
12755
6404
5299
10116
3631
6571
9168
1686
5285
4791
9825
10635
1126
12982
12825
824
6578
873
8791
10703
4703
2691
10729
3632
6490
4264
11713
1363
270
7398
7971
6515
3491
6602
9181
8720
5375
598
12405
7036
5265
8531
370
6988
8313
11466
3393
9712
8911
5776
4425
12364
5868
2346
1635
3143
2344
1109
237
7745
4887
8360
12365
10168
12136
2777
4718
9205
5754
98
2763
1472
9708
3964
5795
11173
6756
2252
189
10715
12738
4917
12354
10423
2767
972
12193
1801
2390
2577
3062
883
5800
5905
2212
7805
5919
8072
11189
2086
2825
12955
2755
4713
8853
6243
10255
2790
12685
879
6273
4442
2414
7678
7162
10345
6217
10982
9038
8371
6955
3019
4192
10193
8249
11616
2139
62
7956
8035
281
2046
11212
9174
4852
10661
894
9183
574
6981
2841
3711
1726
7840
6168
11011
5889
6483
10965
4576
4674
2524
4983
4401
2724
4968
2774
7342
8865
4689
11294
8408
10091
10751
973
3083
12675
12745
7336
4632
12147
1299
7234
12630
774
1766
6080
11179
10730
4702
11168
6108
11813
10429
6700
7129
9859
6421
4984
4656
11942
5263
2392
6239
5832
6853
12977
9702
8197
10760
11729
4762
1408
1404
11360
6304
2464
6345
12202
5720
7185
8751
11453
10250
7726
4141
7014
10596
9037
373
12568
5025
3349
3822
6361
9197
9327
11106
12994
6383
9633
4282
7578
6514
3054
11667
2363
11477
7620
6416
2678
12781
12080
11897
7786
1085
11276
5997
2370
12603
11208
5030
4476
4213
5617
5186
6331
4930
3263
7286
4022
4772
124
7975
11665
12374
5305
535
2909
11040
5806
11188
2125
12258
8041
10023
8174
11959
8392
1648
6640
7533
11766
12400
2682
5773
6028
10549
2567
12311
4026
7041
5431
9125
10109
5925
10810
9631
977
7679
1755
2462
11916
11435
2189
938
7042
3923
10761
1450
5977
6768
4441
12288
5271
207
2097
12734
5250
994
2516
7428
3492
13011
12688
7692
3578
607
5353
5779
11029
5128
4433
5881
7585
11878
10733
6870
11332
12346
2276
10866
5402
3144
4833
9932
11669
6255
3234
10654
11868
7791
3979
4861
9457
1627
669
254
1170
2842
5475
7932
12915
5614
1789
3856
5435
1247
12331
6862
9390
7850
8340
3743
10689
10052
12064
2673
5397
11914
4780
12224
6445
1401
5317
9349
1999
11628
11032
4387
8287
1295
3724
467
10362
1415
1530
8259
12126
10453
3510
12462
6452
4937
5476
697
6022
2463
11322
7015
12489
11234
5477
7436
11751
8987
7814
4113
5409
10061
12578
11450
3958
7548
12727
0
274
7686
3265
9895
3970
313
10926
1672
8721
1785
11015
11761
10377
5711
7936
2939
9691
8445
537
2233
6867
1124
8546
8848
9459
2265
6422
4164
6025
10188
10806
606
10404
12049
6399
8972
8202
6162
6195
1895
9484
9225
4329
2456
7898
9456
7825
2159
983
7123
1812
11845
7164
5427
12340
8717
5567
11167
9417
6454
8979
7907
2566
6407
5767
1434
8884
12002
5563
1740
5172
7082
11489
3936
382
8009
4840
9340
1370
9524
7167
6902
12441
9600
502
12662
6629
1710
12241
2134
2775
1757
8337
4912
12926
12968
10509
3771
9397
8109
5915
8423
4496
8106
947
10386
2365
8935
12693
9567
2469
3342
7860
8455
6984
8669
7979
6786
8855
9357
8867
10158
5382
7008
4489
8989
219
6706
8187
7586
654
9080
1741
2771
8155
12820
6164
4526
5882
2398
7363
11539
6803
2717
10233
12564
12485
10745
10409
3740
11052
4609
12388
5652
2
7939
7694
8827
4645
4484
2926
5039
1412
12123
79
12416
1802
10280
6318
3480
970
10731
9016
11399
1742
9563
5430
3030
4991
7346
9644
8397
1302
7797
6843
10901
9452
10290
7406
316
3895
12081
10922
11849
4920
7048
12574
12181
10392
10412
1718
7875
7993
6963
4128
110
2066
3133
11110
77
3828
7499
2084
616
2039
7343
8194
11249
5107
803
3633
1080
3986
3758
11941
1297
12656
8021
3961
11111
22
2434
9434
388
7156
2743
6906
5383
1461
4184
7054
6875
10325
7742
12146
3960
9297
9844
3981
1596
552
1288
11856
4974
3483
10322
11152
9688
11001
7813
6953
2415
8696
11594
2781
3320
12654
3879
6350
5388
12759
2816
1553
9738
3097
584
5119
1582
12838
9339
11631
11076
1267
6203
1074
12736
11895
67
10477
7999
11349
8432
8770
8162
11861
12546
7580
1683
12566
10532
6027
3494
9407
1168
3634
7612
2024
8910
5677
12038
1945
10268
6950
11014
7045
5001
12470
12522
3381
8105
10773
4575
255
6797
5628
9572
6887
6896
7019
8832
3002
4254
2647
10694
8759
12289
2986
7935
1154
10776
12161
1761
10992
9137
9745
12668
7916
2135
12072
12116
11838
9009
4024
9536
11866
2340
10757
3833
2328
9093
8483
3548
6618
8090
2674
7927
848
449
3963
5028
9345
5597
1471
3367
9603
5909
12957
10452
9602
6929
1739
2475
10691
8411
4622
6976
4608
159
1059
11514
5534
6681
8284
9209
1430
10727
4195
9044
10860
4438
1483
8783
6802
5861
12127
10585
3761
4423
8236
4277
6899
11696
6249
1052
10129
3692
4479
12577
945
8807
738
12260
12520
8604
12091
8893
10390
12227
6322
8918
9039
100
8976
2997
2854
7639
8485
2560
3811
3070
3505
10924
7829
5999
8764
2404
897
2872
9850
11702
8724
1057
7853
10288
6664
6669
2446
12172
1373
11724
8775
6932
11026
5748
9315
3676
6926
11080
5496
7124
705
11597
4398
11386
7914
11659
1847
4008
10341
2531
4043
961
7434
9479
6570
2761
5618
8826
4601
7195
1988
74
2056
1855
7211
2762
6185
1110
9401
2646
9499
7998
6826
6633
5676
7163
4027
11157
3663
752
5509
11580
9506
6112
9146
2534
7287
3862
5304
5761
1449
6154
1974
9184
4598
5958
10612
11646
7923
7769
4068
942
11143
7592
2408
9299
1047
10960
6978
6927
8358
11097
6736
9577
1837
6850
6569
8501
3860
2211
5542
9508
11114
5663
8468
696
4371
4882
10913
10650
8398
2728
702
2277
7884
7243
11053
8674
10646
1664
3345
627
9265
10258
6088
980
3407
12996
5328
1759
7554
8567
3982
8331
2172
5273
9202
6645
5144
6585
8450
12684
946
6714
12233
6247
12452
10701
986
8257
10797
8564
7810
5965
11151
1750
6967
3742
9876
1621
11225
3562
7666
9529
5906
5804
9428
7236
11507
419
5604
3477
11471
9123
3534
273
7200
7583
7296
11790
10279
11455
5846
4539
6206
12972
10265
6630
2427
4532
1609
9370
4592
3552
1601
2449
6989
9483
59
1094
9366
11554
10025
152
8064
8745
11989
6274
1631
578
10777
11323
569
4818
920
2107
8327
3944
7249
10428
11411
1907
10707
3940
3048
4340
11415
1711
4600
9696
2441
271
3448
8550
6071
6508
12505
9371
3611
5564
11191
7409
3145
835
4427
5501
12801
8597
7057
10393
10799
4511
1876
5366
10328
5173
4188
9584
10724
2768
5332
933
3194
2864
12762
11172
13001
1464
5526
2723
7621
10523
5962
9432
5174
3102
3902
125
671
10628
9394
2501
4480
475
6589
926
1725
5137
12174
7642
1955
452
11803
10500
2796
1470
3667
1429
1123
11547
1909
7252
7557
1645
11022
6708
7795
7194
1072
11604
11211
9512
10021
8816
11178
11012
1433
988
12204
10283
1137
52
1396
348
8320
4559
8230
7702
5163
1043
1760
10768
6737
160
10277
1775
9715
9758
5960
2782
2064
11712
7822
2889
5363
12282
4714
12527
7771
7532
7703
715
4594
4662
1922
7393
5123
9177
10951
10370
2881
10718
3659
1722
4385
5213
117
8847
1946
12794
1537
5266
10658
12560
1746
1851
10624
12219
8757
3715
2571
2966
5418
12446
8387
12894
5060
2645
1040
7024
9079
311
11339
6241
3427
6424
10151
1690
4136
122
2628
7924
12125
13000
10687
5907
12839
7513
2254
9939
3202
7529
6694
8743
8740
6864
11756
7595
7223
6693
5080
7040
12306
10637
7948
4537
7473
4412
8057
10368
5547
10078
5732
9935
8233
1540
9126
9669
4408
5936
1054
7423
948
3108
719
12498
10269
9328
9497
4311
7539
12149
3363
3196
4050
2242
8718
5216
12030
1239
2494
5978
3418
1857
493
12262
916
7012
8646
210
11915
2757
9156
4815
4332
10113
6890
10804
3148
9161
5798
8782
294
4145
10547
2070
6374
3972
86
1614
725
7858
4238
11226
6924
2643
9839
6869
521
3377
7084
7047
7965
5808
12711
4294
3131
423
12128
5996
5087
1118
4881
8292
6082
5042
6834
1728
11204
2946
3977
8377
8491
12392
7469
6769
11722
732
2443
10131
10238
7885
8786
3671
12423
10888
7983
7074
6785
2962
11909
8713
12318
12163
1633
7391
6829
3181
9863
7380
12607
12961
8447
2133
11313
7131
1171
7961
4658
935
7743
12100
9196
5667
8510
1773
11441
12523
7562
4363
6947
10444
8537
1901
9014
4362
12631
8263
11742
3432
1779
12628
12490
9900
8648
101
4263
4571
11434
7183
9403
861
5914
508
6577
659
11087
1008
8280
3962
11923
5645
12483
10905
10246
5535
1993
8737
8548
12328
5103
639
5820
12090
10671
1146
6093
7189
12480
10813
12543
8451
4631
5474
12524
4064
4755
4130
5745
757
9348
4355
4156
9027
2421
1187
9871
4709
11264
9482
2486
4748
8039
4251
7007
8364
9106
9448
8053
10695
9266
7053
9251
12217
266
8326
2397
8014
1084
8530
10512
1712
7421
11816
2884
12027
12073
6511
5801
11345
5708
414
8332
9114
6881
4734
2321
7834
4664
11831
12906
10307
5586
8461
12621
6114
3352
2882
6184
4751
8820
3289
2342
1318
7360
8541
5982
12335
7660
4521
10495
9443
6448
4819
7018
8914
320
10154
1377
9019
8561
2221
11459
9695
1590
6936
10607
10677
642
2364
7527
843
9500
1014
10753
3134
6389
8122
10122
7355
5688
523
8454
2895
1663
3701
3741
4137
10085
425
1456
4485
4655
10270
180
1291
3751
12897
2274
3113
4208
5049
1548
534
8709
12160
7843
5165
5074
7011
9560
7235
11162
12509
2754
6519
1526
380
710
6486
9359
6091
11199
2905
735
12460
560
12194
7472
148
6069
497
1264
11912
6501
1063
924
911
8256
10410
9369
2240
11454
855
6063
12326
12409
937
3390
356
1021
5063
8763
10435
4240
4196
2435
7973
7844
3971
5479
923
10667
8008
10539
6324
7079
1219
1673
12351
6500
11771
5620
9992
9049
10846
8524
457
2721
4440
4525
9982
179
2620
5575
9361
3628
6808
681
5590
7697
12710
9504
11947
12507
1511
613
9247
10210
7085
8729
11302
9083
4926
5758
13006
2074
733
2784
3433
1550
663
8488
11844
5412
7835
278
12847
9103
9518
10170
3737
7049
4758
1452
7648
5896
7873
4509
6861
4773
8268
4303
5835
6720
94
11779
2875
8673
9175
1140
3865
789
1177
7734
3335
9990
2367
5844
1572
12406
4701
3037
2264
3119
4776
4148
3304
2658
2862
2611
8096
11200
9228
10263
12018
6811
5019
1389
5
11420
3706
10591
864
7137
7247
11156
880
12681
9108
4735
7396
11129
3966
4924
5616
1898
11031
91
3789
5091
11062
4430
12120
1745
513
8707
1814
4660
2052
6049
7792
5701
347
9746
6014
6813
4838
2312
6716
7446
8996
11807
4214
8651
2111
3593
11899
5252
1223
570
11464
5112
9787
8849
10721
8473
9337
3246
4125
3863
3016
5855
3090
9263
8437
5612
11842
7384
3117
5943
2196
9011
4249
12370
1372
2594
6048
9116
12940
11535
2765
107
1815
1995
10914
1932
4149
8132
10196
1655
4259
2140
11651
5859
1783
12855
11676
11255
7876
11262
7854
4182
12167
9802
1598
12200
12017
3722
9579
4105
12457
1476
3369
4035
9257
7495
1148
6774
10610
8837
9067
8486
9200
4319
7184
4577
2549
4075
6214
11993
1409
1344
5717
8857
5740
5219
1517
7687
11877
60
312
5622
4458
7386
4913
232
9270
698
2509
2186
4066
2624
5022
7689
10262
12737
8697
1536
10639
11474
7447
7253
1826
1885
4754
12290
2839
2122
9915
8819
9097
1544
2213
12935
12635
7507
4545
2878
5756
11099
10424
2689
11499
9566
2707
7820
8647
9045
2556
11413
10426
11630
1595
3695
7528
12465
3127
6528
3906
3227
9188
11165
9612
8254
12175
1623
10247
1176
7618
11495
7950
5314
9293
3732
7072
2672
1624
7981
2479
668
8779
10065
3997
8218
4350
8401
1134
11298
12361
4399
12554
9189
12589
456
6966
4787
11678
8415
11048
5181
1487
12751
250
11347
8221
5094
4010
9543
11709
6651
8551
8719
68
10401
5682
1942
6776
5781
9823
11975
7705
1119
2351
9488
2512
10558
8136
11073
9821
6523
11198
6903
10851
390
245
3909
6223
912
10674
12225
297
11634
5695
12378
12214
8129
600
8127
4334
1874
9906
3625
8577
2418
2339
9439
6134
2920
7258
8615
868
9841
12368
8797
8509
11704
3768
6838
6820
12638
11440
3386
11085
9363
2704
2162
5942
1844
6419
10530
11160
12482
1145
2978
11350
12247
10456
8892
6778
435
7133
635
9916
4150
11280
7558
12201
2683
8178
1113
11082
10056
8560
6259
5841
8698
10649
9056
5381
10090
11311
4366
6325
12587
748
10779
9227
6974
9295
5920
230
7445
7460
2690
12129
8170
11615
10838
11924
258
10896
713
3689
269
5494
6958
6951
4257
8052
5934
10301
10835
4541
5569
6713
4518
6040
7120
8403
10391
6455
4093
10073
4514
3916
2195
3106
65
3765
10248
11804
7264
8702
4377
11811
2473
9660
2018
11691
9312
2684
8
12327
10504
332
6746
12084
199
3435
7903
9528
2164
10446
8413
10531
4505
1395
5558
11660
12218
99
869
9051
8991
1643
5972
6368
2813
7231
11201
12086
6375
11301
601
1207
7311
5901
6401
6278
8044
1467
11730
3968
3009
8771
3024
4083
12608
7324
2520
11265
264
10144
11390
6646
12678
10852
6509
6414
3334
6194
12617
6320
6742
9429
778
7395
8573
10297
9213
11436
10185
8004
12748
3555
8703
10755
5507
11429
3959
8643
1560
10606
7594
1841
5765
12785
5130
11366
1497
11419
7068
10848
6158
2977
8258
4617
9036
11648
10510
6226
2746
11833
2027
7474
11232
7749
7972
9586
2563
4623
3198
2810
8310
3052
7669
2368
7401
6176
685
11642
10954
11644
12808
7170
2835
3216
9307
10561
1175
5408
2060
647
12573
10097
10816
1625
847
287
5864
10499
1023
2653
3708
6305
895
4467
6267
3938
12154
10587
11805
11523
11874
11918
11069
2675
11773
11246
10767
7271
5922
6348
10310
11242
7663
6354
2467
3782
12207
3854
8247
3066
120
11985
9278
11150
811
10586
12003
8672
1902
2169
6078
8997
5491
2226
1803
2355
4986
11371
4807
2605
3941
7672
7408
4073
721
10880
10486
1494
12382
2800
5874
3281
1327
12714
6153
4830
469
2970
9101
8274
1335
6759
3010
410
6225
7821
10808
9685
11074
10555
4759
12479
5140
3917
6833
981
7052
11619
1234
8150
575
5635
6556
11601
11250
5261
8490
8899
3426
8028
12088
4883
4778
1636
6062
6202
4193
4445
9889
5827
11359
4555
11377
362
9
9623
9287
1584
6886
4288
5073
5793
6758
5734
9422
9649
11977
9735
12643
5525
6973
4971
5814
12242
12824
10814
10953
3524
12035
11530
12466
2703
6762
8119
5744
6611
1224
8685
7846
10127
5189
1413
11284
6342
6200
854
8945
5523
2914
6248
5565
7010
7538
12337
9380
10470
227
137
7366
1626
5508
9973
6877
3248
8322
10864
8898
11746
4775
8894
12232
7707
11519
1424
4501
10618
2659
11772
3734
4220
1866
9539
2307
3470
4869
4465
9574
446
146
2633
3600
2075
657
5504
3702
5114
1038
11404
239
1954
5439
6122
9404
7651
1804
1482
9925
1727
7087
3749
5828
4231
9582
10844
9489
253
5878
7722
7987
5081
7759
3041
9040
12984
9136
3700
7573
1910
5654
1286
1720
3569
7847
6949
2573
7496
222
684
9753
7815
1641
9604
6450
12179
6332
10124
1819
10308
5552
4345
10187
12949
11354
8082
9905
2410
7489
4057
10253
4789
7389
11058
10859
9742
6260
1694
10309
9393
11666
8312
10990
3379
1987
6435
141
6909
12733
6674
7255
8955
12148
7432
530
3262
2294
10005
2554
12110
9675
9319
6537
5164
5226
9978
190
2649
7675
4279
5715
11932
11055
10030
9088
5424
8943
5038
936
2399
2454
8144
7419
4531
7657
4557
10226
10708
7025
8513
3924
7937
12094
2652
2445
7487
4063
8836
9853
9713
11737
8980
11171
10192
9300
1107
9271
8941
12812
8040
9674
1957
7863
7292
6144
5232
8705
3921
9665
12316
11886
9198
12050
1791
8339
5961
9311
6041
2993
3898
5543
8143
2072
8180
2323
1486
8640
10817
9851
7785
10350
7357
7281
7198
7382
5872
12513
3125
3549
9234
6319
2951
1838
2663
3249
7988
9163
11508
63
8093
1528
11380
1532
6035
3881
9090
4871
1301
4611
5529
1800
9431
4760
6654
1284
3205
12323
438
4782
5573
1233
3308
5209
7543
3340
2695
9777
9487
12488
358
2054
12053
7
1411
5308
5490
12252
3391
6004
8344
1758
7219
10312
8785
11202
3132
837
10784
10324
4979
10583
12104
11398
8789
2543
4533
1153
11745
1805
2847
8944
8769
3430
1050
6390
5527
7746
5149
1556
5989
2461
6954
9285
7106
6551
6079
5426
1896
7239
4647
747
11764
113
5473
798
2696
517
12166
7587
7329
2004
2452
7895
1258
4607
11987
1854
8611
1709
9344
10055
2106
9162
11312
8431
7017
12659
5838
9358
2447
3397
6030
1102
7433
12287
6271
11684
378
228
3043
11475
4046
5237
172
11107
2289
8850
8372
9077
8534
5277
11744
8811
1359
2009
7078
1684
2156
11286
5051
5595
2896
10388
2422
10643
2693
4065
3565
3184
9650
4210
10069
10728
11841
9763
3385
1721
8838
8065
12537
10775
12595
2991
9599
12792
12851
7283
7714
7373
9834
9000
9887
10980
6020
793
7458
3280
5811
9485
1189
5276
3719
9827
568
6792
4033
2324
2601
910
7351
1082
1010
4942
12985
8679
7568
2268
4099
8881
11840
6434
9962
3339
5893
11105
11491
6600
4473
4534
6839
8265
2832
12529
10632
10861
2283
4643
7192
5683
4841
12040
1298
1194
441
2976
10087
8000
4737
10138
9860
1956
8984
7358
2900
3314
890
6218
9350
9911
4843
12150
4506
9386
1817
470
4302
9229
7278
88
9831
2927
1871
975
2432
6220
3796
964
9783
2238
10400
9620
1706
3656
8283
12783
6105
2286
2708
7461
2667
11462
1414
11078
3244
12155
10054
11344
7681
8733
4395
2241
12156
1950
6466
6703
3199
3704
12516
11385
12706
3883
594
1066
7127
12753
5070
3703
2830
12958
8689
10245
10932
6444
6983
4877
9812
9796
10049
9122
2470
8262
7368
2553
9237
7957
7946
3333
1685
2020
3178
6987
4439
7145
7109
12502
7361
9223
4044
11561
1853
2394
5580
8159
7872
4217
8417
1587
11664
7910
4286
8862
10208
1443
12058
11400
115
6406
6177
5111
5009
7735
8220
2204
206
12077
12176
10630
2304
8266
3678
12952
526
2190
6276
244
8108
6034
6668
12601
5831
622
9540
4627
11723
5834
5691
9666
655
7647
851
10335
5065
2113
4171
4049
6359
6517
2103
10895
11867
3159
5510
2879
3806
6423
9463
12848
9242
10295
9323
6561
2542
5006
9737
276
5886
5730
8888
9667
1199
4351
3682
8742
7921
4138
10448
12138
6965
4353
6882
7476
1543
6393
5050
8846
7362
3368
6728
850
9634
3831
1446
8726
481
8978
4098
5974
5839
12135
2613
10334
503
9124
5298
6116
10772
6754
5292
12412
8152
10484
9762
727
4554
1120
4558
5457
10239
965
8970
4140
8636
3952
5230
2942
6186
3620
2934
6524
6495
11064
12552
5478
6991
1308
4606
11711
5222
676
742
5971
12555
10365
12230
10929
5822
119
8160
8020
11120
2388
2947
9963
8368
962
5052
7758
4204
6468
8058
10120
11920
11871
5233
9585
3447
11765
10577
10215
11343
1489
984
12348
3112
10190
11584
12921
4915
6232
1453
12914
9296
5869
9617
3596
8428
11329
8238
7483
5750
11027
4612
12377
2466
8460
6373
4030
6596
1044
12939
3088
12334
11185
581
10938
5760
12450
9598
7130
2395
10862
437
3478
6765
10462
979
12493
711
10037
8905
10135
10845
4552
103
4357
11611
8656
5054
4590
6286
11229
7757
4146
1935
3867
11266
11045
5135
9190
9376
1268
12950
1475
6755
7761
8572
131
5008
1864
3925
6815
762
12317
5530
11900
1608
12223
8903
2053
7143
8517
9725
9901
2631
2570
5464
2345
4919
12974
8901
13004
1173
9400
5624
2786
8216
9552
5513
6031
2205
11632
1144
8522
5853
3279
12238
1676
12371
3005
4766
5152
3650
433
12835
2112
858
7627
5940
10046
3807
8538
7638
11428
11164
2203
4052
5121
1246
10118
3219
10786
12307
6845
11368
130
5058
1166
3793
5293
7377
12357
7022
9928
7852
5134
3873
6284
1723
7729
12692
4323
7146
7839
4587
7212
11331
822
10244
5794
166
12642
6702
12850
8629
12413
1033
5380
7083
7490
1256
2680
5788
8889
974
11837
3027
1459
1347
12993
9502
8192
5549
8547
7674
6067
8920
8348
9132
887
5789
5585
2513
7009
1005
2688
9062
12811
6673
12528
4088
6659
12187
6995
559
7607
5432
7175
12704
10899
6478
7352
6579
4092
10998
10314
9842
8667
11968
9722
10588
9578
2916
11961
8158
24
6724
2778
9246
832
10825
9224
12322
8422
11638
10935
4938
7510
5228
5275
5256
10395
9511
2330
1334
3269
6233
7115
11707
11832
7953
4187
555
6718
7179
10327
8839
12843
934
280
400
6772
6732
2001
1002
7890
5709
1253
3293
6166
4374
5883
4683
6038
3300
11484
5147
12313
394
7248
104
2700
1769
10809
4694
11456
8618
3214
10480
11116
706
8574
8529
11077
3185
2499
12729
11373
81
11154
8179
3142
7207
194
10378
12417
7641
1629
1393
3836
10018
5556
9717
391
3245
930
1078
7859
12397
10062
12205
1882
10681
10506
12068
4292
12902
5736
8549
3870
9441
2154
2068
6151
5346
7238
10910
3472
12800
768
5511
11227
8736
12782
1983
8983
2131
2799
8012
4801
12644
5449
1846
12857
3882
3341
11013
7577
5599
2749
8011
10339
3473
8298
3078
11590
625
8362
5296
5550
4502
8824
8080
775
3713
11046
888
10492
10003
12930
1495
9427
640
12640
3747
3554
8243
1138
816
10008
12916
4827
9291
11285
10086
516
10829
9544
5829
9387
7654
12411
4051
5472
6923
731
9933
11889
9207
11141
8383
307
1407
10840
260
12976
7383
12951
6313
7297
10571
12778
4492
8937
3223
3913
11215
3203
8092
9828
9929
6760
492
8412
7147
10601
11564
6593
10214
8253
5877
1989
1358
3301
12006
10379
11809
165
1816
9775
9250
646
5884
249
518
11253
11047
6587
2207
1810
2634
12526
580
3303
7888
4544
10387
2338
8628
12870
30
3735
2258
2527
4358
1612
3563
9286
4628
3668
921
9218
8466
6985
11194
8916
10123
6150
5310
2794
788
10172
4738
10315
3564
5377
7381
6824
1533
3769
8335
1552
12312
12867
9558
4890
4463
9367
144
6876
914
11175
6224
7631
1279
7900
8043
1784
9147
12143
12620
9150
1031
5367
3292
7709
7289
3488
6999
9847
12099
10493
2612
7809
849
7181
4522
8716
1808
3954
2948
9203
6935
4551
4373
9833
3770
12535
6873
7004
1933
4663
4707
45
10403
5461
6282
9341
10790
6609
6690
12021
12547
3187
2511
12284
5255
2403
9589
3398
6173
8805
9972
7375
4454
7350
2915
10039
6107
6482
9784
1688
11375
7498
1182
4730
6138
11785
5642
4301
5608
8753
3847
794
8557
2935
7039
7221
4652
11880
224
9157
9102
1879
12302
8497
7534
7119
10230
6147
7519
1122
10416
11743
1048
10405
1917
12657
11479
9799
7397
10149
5731
3973
4175
11945
8481
4705
5721
11221
5156
7050
12581
856
5311
11565
1136
751
4326
5047
4889
6565
7317
4940
11438
4079
3192
12919
6335
6788
4459
10811
6436
7680
1362
8212
5225
7980
3431
2077
5589
2137
6135
8539
5830
6847
1231
6432
6475
2621
3538
5986
7576
9352
12264
4553
8038
5724
9640
7928
10420
11240
7796
2247
7959
140
8708
11447
8495
689
1191
10592
3926
8183
5707
12719
3080
3951
11617
3067
11010
10251
2038
12464
11904
9109
7240
3618
3794
2742
12585
12542
10213
11418
5910
9760
9013
6460
9493
5378
1580
5815
12338
7031
12868
2851
1513
8731
7836
6567
4722
5171
10952
12206
10566
8852
11104
2356
10218
8215
12092
4060
5578
1374
4902
3818
9032
12235
7168
2173
11926
2400
69
2022
9613
5272
6471
7096
6210
8355
5197
10656
5421
929
10826
11498
12887
6287
2747
6362
2071
1506
10031
7567
11527
3930
8361
7632
4189
2521
5193
10171
1682
9313
10180
9516
4860
2733
11575
9465
2093
9354
3454
7208
11358
11290
5246
9959
587
5040
12803
8476
6751
9474
8400
2334
10200
4932
10827
6377
993
11529
4811
1383
2255
4692
11538
12367
8879
8390
7065
7046
9568
5777
5917
11721
11738
10931
661
3151
171
12376
12000
472
3994
11755
11555
2402
5742
9426
6632
1843
10216
6898
10593
1658
5307
2852
1780
1070
1570
11148
3152
7475
4668
6279
7733
9766
5837
7128
4121
1360
1174
1266
10458
2617
9289
8359
12898
5729
9343
9464
87
10972
1561
95
4335
4417
10900
4328
3516
1516
3551
6741
5594
2412
9618
2219
610
2734
11758
7997
1767
7390
4276
9210
9947
11102
4619
4402
504
5891
1028
10948
7800
5924
6387
5658
7522
2152
9461
1390
10063
6719
786
8177
7970
2150
4170
3059
178
2465
12101
6979
11177
6625
4687
1371
4453
5727
454
11163
1352
12022
9085
11542
5100
7174
4014
3239
12749
2779
6266
5055
11098
6489
7564
5956
6594
5993
1865
8973
5371
360
1386
759
6018
8666
8414
2995
8469
3257
6077
3728
42
6129
9347
12375
8527
11351
8535
4510
3763
3459
5068
12449
11997
416
331
12647
11392
2343
7780
6109
10076
8130
123
1305
261
4573
5227
5987
361
11581
4
8915
10150
6795
5176
6921
10079
4903
6309
9706
12655
976
5153
8167
6697
455
11405
7751
9258
2698
9490
5482
9967
3167
3826
9064
7328
11005
6096
12703
6219
5003
5061
9798
3648
8125
10361
6161
3560
5581
10877
12007
1508
7750
12742
5362
1180
966
12674
10313
9551
10408
1332
707
8817
8710
4062
2151
357
10302
10437
12209
4242
1877
694
9885
3321
3229
1462
3294
4342
997
1165
10316
2231
7034
6743
12447
712
5465
4413
7862
1155
9804
11983
3572
5557
9944
12477
8924
12629
192
9814
12895
2222
8885
6101
4570
8806
8761
6395
7300
6183
10902
10084
10436
6496
4708
12350
8998
7940
3047
12034
3502
9776
2973
10243
8858
12315
11780
4215
11510
6487
10664
11442
3536
1872
6097
2968
550
3086
2248
3798
10083
3049
468
7526
11687
1831
2423
2750
3681
842
6453
11639
196
11560
10834
8631
4284
3901
8462
1141
1943
1891
8630
12964
7414
216
1642
10320
10235
3670
12658
3191
6470
5161
5568
7603
8660
3217
11231
767
12226
6152
8023
10488
4618
479
12536
4977
4174
3291
10603
5964
9948
3302
12721
3730
4646
7947
4640
3464
4219
608
5000
9866
2595
5374
1732
3028
10074
7879
10854
5247
8024
11875
6848
1768
9724
2168
3540
6058
8402
2278
7422
11281
5124
6201
7059
1751
4411
8508
1591
2496
11814
8026
3643
338
3329
2440
11905
8032
1735
5417
3639
3079
4344
7274
7864
10442
3840
4897
11401
9830
4744
8010
11820
1564
7951
6503
9320
8229
3277
11650
10068
662
2522
11706
7197
12025
2931
10756
3597
11863
1593
10746
2958
7359
12892
12114
7315
6710
4976
5398
1451
6863
3150
7990
9388
6729
6178
12372
6977
12345
12210
2341
8182
11379
7807
2033
6463
4275
9446
8756
10584
1569
3103
7450
1139
8678
5995
10978
9498
519
3851
421
10156
8603
9384
208
1622
6316
2091
12741
11260
11038
1241
6459
812
12732
9042
664
3748
12008
490
3850
3074
6757
5466
10621
420
11449
7209
3664
12616
6649
4493
730
637
8873
209
3609
5423
12677
10517
6660
10710
10252
5766
5746
8977
13
12212
7457
7865
5705
8186
12421
8237
9607
6392
8297
12139
9672
4507
1828
6098
6865
6087
8880
3523
11245
11637
9980
6922
4078
3038
8013
3757
10551
3057
9655
8622
12880
553
4200
5365
12531
996
7760
12709
5913
10298
203
875
5706
507
11740
1670
9914
10993
5071
11568
11025
9632
4449
10278
10459
6137
3767
987
11269
12731
8706
6539
7484
9010
1849
2288
9997
11935
11021
5082
8590
10434
4250
8741
2041
9627
4435
12036
5955
881
12171
3790
691
2868
6388
4586
2541
6672
5596
4420
9590
3503
11574
11982
2692
2627
57
1693
3674
8752
5887
9164
11142
12430
4828
3275
2232
26
4497
12937
480
12065
10898
8801
1807
11043
10830
7794
4723
4893
4180
2348
12826
2085
9330
1499
11443
1733
12395
5684
11131
1671
2301
3177
3591
482
11303
10984
2271
10136
11852
12024
11699
12791
6841
5027
5923
7069
7307
3967
3699
1357
12177
3756
6209
11363
10939
3453
12922
11469
10640
11372
6586
1960
12606
6676
6773
11939
6263
7899
3438
11936
5220
12216
8583
9023
5083
2080
2102
12730
12515
5350
582
7575
4886
1445
2459
7650
2416
7777
3419
10849
11432
1771
10748
10466
3209
1348
5522
11406
5452
10348
5159
9214
1696
5985
8533
10422
4115
135
7985
8520
427
10303
7597
12590
9061
317
10709
6970
1763
8946
12831
2031
11967
6619
9321
10272
950
4239
2597
10183
6413
10548
9396
2354
9790
3801
2548
6767
3869
11259
5385
4444
5518
7063
5952
5442
8815
1011
9091
554
5640
6148
10326
4834
2676
8131
2492
10058
7376
205
2478
2127
10764
4756
9538
5361
11854
11990
8735
10053
7589
846
6616
3723
10389
11608
3651
1774
4899
9855
2930
6928
3797
1017
1653
3254
6832
2710
10714
8342
7202
9105
11996
11671
3841
12592
653
3123
2490
9971
12771
952
12927
515
10024
9562
3616
11768
136
785
177
6959
2090
11911
4589
6814
11467
2142
3115
9523
6458
2883
3136
8499
5267
7737
8250
9232
8515
7260
4124
11430
12401
4975
12995
3317
5845
1951
241
6349
5369
6997
5262
8503
12437
4379
36
9035
12997
3449
3644
6900
9314
591
11965
2618
11835
4271
3495
9619
4367
7549
12569
6084
5660
2239
4415
8376
4961
8780
10081
6229
10160
701
12111
1971
629
7958
9063
9113
11994
1991
7617
2488
4169
5782
6216
9193
4405
7257
12266
7848
6763
5968
9987
3520
11182
5739
4260
7232
11274
4851
901
277
4040
1961
8625
4013
12979
5670
3358
3423
5447
2730
3947
143
5890
8418
9886
4865
6552
4528
2706
3570
12960
293
4894
10333
7462
10991
8663
6221
10497
4241
2855
870
12965
6007
6000
10889
3429
8457
2981
7333
8334
5289
2614
7819
5791
3965
4077
9273
246
6623
2260
10543
11692
12805
4061
5110
12419
548
6010
3316
4829
8818
6512
6883
1341
760
2280
12079
4307
3799
7506
12026
10705
12874
3221
9475
2655
7942
3008
7851
8602
1232
4805
12494
5696
3069
7831
10189
1460
4872
7092
3922
1934
2600
12767
5318
8749
10254
443
11964
8843
314
5536
7582
10291
5014
4039
7206
771
10300
8975
1337
5812
10762
11524
2371
11268
9179
6819
10006
11364
4670
11293
7169
11774
4310
9151
9683
2332
10824
5531
10397
9771
8532
1435
12269
10774
7929
9949
12861
4255
4747
6513
9960
11346
3332
11222
1457
9614
112
10738
5324
6
7325
5824
5648
2904
12067
3950
6391
9211
10770
341
12426
10126
3778
1399
12173
12885
8472
5759
4873
3614
4814
8810
8173
12989
5185
10740
592
7721
12998
7728
1602
4481
10979
2729
6910
161
5505
8357
6555
5809
10975
6938
4987
3874
11834
3164
7652
9302
10553
182
1479
6142
11903
2503
893
6684
11818
8840
404
2350
4324
10219
10605
1809
3176
3267
2662
8380
11501
9008
633
10759
3116
6258
10022
2326
10546
2181
6536
1719
940
10293
12854
7964
4963
1509
827
434
5735
4998
9864
10969
4384
11826
500
6574
787
6179
1652
2737
8986
2149
4862
3575
2795
900
6021
1095
5498
25
11572
10534
8750
2411
12478
5035
8844
7306
10104
4222
4316
10754
2607
12695
114
5947
2873
11017
4216
11181
7110
9810
2715
7671
2437
4471
1668
4133
5692
7857
11587
4183
11374
247
7790
12439
12303
11289
9938
9934
12518
12722
10625
7153
11533
9201
2514
638
11802
5217
11719
10460
12042
1772
10946
12369
12746
11978
7203
9281
1592
3932
6299
226
4491
11460
8875
10398
6055
10983
9322
10641
1290
11176
958
5785
11403
2648
12882
1269
2903
7367
6730
9472
5056
3465
6057
1923
12157
2105
1998
8393
931
12285
9877
3155
1172
11733
9398
11446
10945
1700
3880
7775
12420
4012
11439
2515
12770
7345
6488
11086
3889
3499
8448
5659
2804
6855
2266
10075
12190
10222
11065
7245
10264
5668
8061
3364
6485
5387
288
3350
3537
11353
1397
10100
2890
2378
286
11384
2547
3479
10501
8479
12913
2504
5270
5904
3527
11557
6849
12188
4005
3817
6280
686
2035
12168
11081
10275
1049
3406
2722
3996
4258
4494
2472
7593
11184
7712
6398
12970
9420
4508
7294
2933
12293
4414
8050
12410
12492
7563
3558
11927
4964
7711
2104
11319
1161
10465
782
10098
9171
10043
6251
1996
7753
10516
6328
11981
9199
7713
3034
6897
2831
12286
8634
6739
2145
7121
4777
7415
7783
10013
6721
3912
3629
10722
10815
9843
4400
1385
1133
465
6944
12383
10133
6410
12550
1265
5885
11239
3467
10550
3446
4269
11969
11551
7866
1027
1162
978
5199
1117
11748
12764
10869
8738
2929
5395
1702
3866
2138
12907
6159
7599
3985
7140
9899
10331
8963
3878
3896
1692
9569
10765
8001
11883
5902
10475
8267
10660
1680
9024
3484
12969
9047
8404
4972
6821
5340
10619
12182
2718
10690
9382
2583
612
11957
3124
4298
1026
12276
4155
8559
2859
12403
11762
231
11512
4322
5888
3285
7643
3295
10686
4878
6564
10726
3013
9687
10964
9430
1271
7060
10179
2217
6701
4094
7429
7514
5210
8388
354
8688
10351
2014
7732
4918
12817
9703
12347
5386
6942
7151
3434
3360
1329
9716
3413
9764
3082
1025
5336
3409
11726
12720
6381
5685
4892
9727
4914
10221
2971
2990
10636
4177
2769
4482
5120
9355
10045
12669
9570
12562
3213
9107
8151
11468
11427
4951
1647
9421
1503
542
1417
5764
4295
3424
3233
7142
4690
11340
9127
1529
9283
2609
1212
12990
8449
11412
2045
6182
12750
2003
9781
11563
6175
2349
10217
714
8804
3736
10505
528
12330
4962
11426
8952
12229
4490
7974
2829
11238
6704
4421
4273
4370
7149
2259
9573
1894
6639
6510
7566
886
5783
6753
7581
2187
10413
301
8637
11252
7776
4321
9943
5713
10440
11338
10886
9792
9605
1905
10581
2313
10903
651
12435
2436
9334
7536
11545
10285
12588
3476
6094
7477
7427
3848
3347
12055
5680
8687
1092
11770
11333
6321
10050
3065
3428
4287
8211
1283
5899
1607
8282
2483
1073
1474
6705
9645
925
6099
2257
546
4633
2665
7832
1211
807
12028
5603
5278
906
1980
5865
4337
6242
3371
11370
525
7540
355
12057
1756
10609
524
10242
4455
4812
11986
5280
3819
5405
12048
12495
2310
3660
5772
6521
5059
7635
8765
10663
12189
7889
11243
12257
2699
12769
7604
2184
4159
7601
1665
5175
10744
9609
3458
447
11922
8214
3110
6126
12743
1657
11960
6657
8319
10418
10631
212
6791
3493
4816
11747
7614
11109
11562
8676
8363
9060
3370
12702
375
4469
8664
5303
2701
6504
1000
3513
11583
703
1579
9711
3908
4874
4721
12185
11963
3490
10863
12353
5876
4383
6542
3298
4944
5621
4119
7655
10847
1979
4796
1020
1431
2308
2420
1402
1326
3989
10524
11095
118
7228
8465
6548
6686
11525
3051
1004
3305
1280
2936
4696
9983
3161
175
1427
9259
3953
4527
6606
8869
7222
8015
11196
9940
6566
9698
12772
4058
9288
8932
3095
393
109
4388
1331
1262
11002
9922
10476
4749
5665
12773
11689
5545
8003
9537
11999
12234
10332
709
11214
8854
1986
4315
7537
631
7644
9903
7591
4028
10502
4452
10041
7874
9657
3073
8126
12718
12020
11552
4426
7806
6066
12362
2892
3991
2246
6615
3195
12946
10711
2161
3598
7225
5196
6638
9597
5799
9534
10044
680
5664
10962
1465
6583
11862
2491
1984
5078
3653
12339
5150
5238
8675
50
1697
5443
8511
8712
3587
5207
11810
442
7102
3903
5004
3975
10736
2660
4285
12863
11137
2284
6270
11793
2147
251
8732
5372
7624
11008
290
3475
11623
8671
8191
335
6661
8351
8116
12548
11938
8691
6603
2006
6420
3230
8790
7696
1105
12454
11075
8176
10652
10955
927
12366
2811
7960
1613
1201
7037
10028
6190
7000
10597
1104
10207
12758
1342
8773
163
12085
2057
7349
11230
11879
7768
1520
8614
10360
6543
758
2108
12539
7488
12715
7341
3773
1970
5639
12041
1969
11606
10525
5694
726
11735
8866
3725
3050
3585
4691
5741
11511
12142
12836
5321
2007
8354
12707
3290
10692
1747
2558
426
4565
6733
11582
12394
10241
7622
5342
5926
12208
5572
6070
3189
3094
11334
3259
6804
2457
12594
2519
353
3215
4966
4053
1730
8543
572
6572
4101
9759
4274
5392
7574
5093
2530
11851
12694
4728
2361
6842
10249
2630
4167
7035
10535
12931
605
1575
1829
6343
4989
2366
3825
3287
1793
907
5606
2582
4466
2918
3376
11396
2661
10573
9268
1103
8293
10782
6818
12829
11236
9985
3126
3504
2121
8241
6400
10496
8856
3622
4648
3380
10042
12265
3934
1754
4234
7803
11376
10821
8870
1852
4548
595
10282
11784
8436
12047
9862
6940
3886
6029
5528
2148
6447
11423
369
2309
3599
7122
4227
11357
8701
12747
11548
6457
2805
9368
10432
4969
12777
3844
6695
12586
1534
9462
11348
12429
9447
10384
4002
5546
6193
3637
9001
7676
1243
5931
5376
6254
5636
6357
7748
8632
12215
11067
2891
12131
9662
7570
12130
2557
6911
6573
3154
11465
7931
10047
4410
4082
1990
6003
8279
4487
7097
9542
4293
8379
9152
6492
6994
39
1640
5738
12325
12627
3036
826
4980
5301
9221
10205
10996
8217
5598
8083
5489
5625
471
7334
7766
716
2960
11962
157
10304
6397
4225
3837
213
7166
939
8200
1699
2797
10330
641
3026
12725
3577
6300
346
4080
9977
1114
6919
7668
9547
4941
6294
8576
3821
1605
7763
9222
8711
1442
12567
7304
10563
3753
10578
7738
5245
11174
1143
9867
3696
496
2901
5142
6662
12780
1418
12355
6688
9881
5333
12467
10521
3588
6115
8426
9505
5122
8409
1368
12342
1600
3212
12598
10487
9094
2174
1190
9034
3111
4806
49
3839
284
4432
9852
4194
1436
2861
11213
8912
2455
1116
6347
6403
4372
991
6160
12636
4856
5300
6658
5726
11546
319
8704
6553
9451
8748
9329
4406
8608
2353
9580
7646
7608
4715
2061
4529
11006
8042
2223
5984
11007
690
9594
9754
12632
9335
5847
9169
3000
9252
7158
4161
9402
2002
5911
2261
2562
5015
9794
12947
1018
5519
4956
1576
5689
1618
9072
11316
1236
10450
7481
5661
10267
5651
7505
2705
10342
2202
959
4477
8829
1378
1660
7205
3091
11881
867
6612
8475
3157
6118
12231
12497
10199
4682
599
7736
11416
2877
8382
8589
2015
2296
8140
7727
6484
632
968
7891
7191
10157
4750
9473
10891
8120
9413
2146
10812
5419
1667
4651
8722
304
11292
12456
3785
6277
7322
9646
3808
755
6464
8264
1205
1749
12596
4236
291
6859
3313
7216
2568
9374
6431
7954
4380
8118
142
10029
8799
5221
10562
5548
2858
10892
5155
12256
5967
10699
3420
9734
5360
3530
2251
9995
7313
2671
7020
904
12796
12443
10421
1081
12911
8384
10617
4096
151
12380
10785
9236
11894
10917
1185
10679
11577
9043
2375
7285
8966
10575
10367
9893
252
12404
9253
5108
4820
3046
2042
4396
2565
4037
11135
10002
1065
7664
6074
1850
5334
1132
8442
4464
841
10137
3845
12249
12918
11847
6831
412
7841
10943
11872
8163
6766
11146
1965
11794
2386
330
2460
12900
10407
2210
7456
12625
12009
11328
1319
9556
4985
4102
6292
6998
6582
3063
1261
4173
10101
7706
3545
7661
4939
7892
8242
820
3135
10781
11283
8755
2975
7295
2606
3508
1276
6933
3210
1369
444
1531
2163
11673
12823
7933
1006
1863
12933
5425
2555
82
2999
8347
7455
12358
9131
9872
3993
3890
8913
10822
10513
7817
11035
9984
3436
11091
6871
2546
12178
10743
2016
6012
8154
2263
12637
2727
4677
12373
1659
5712
1603
2576
9235
10011
4015
1164
4846
7716
10511
9144
1585
85
184
2285
9021
5946
3457
6272
12107
4595
6691
9033
129
3720
153
8071
1200
11070
7744
2928
7448
8492
746
5875
4781
12912
11654
6341
9902
573
10311
6465
267
2275
4305
8544
431
5555
9346
9801
8079
12151
614
1001
6707
11806
2192
11680
913
10739
877
1115
12881
12245
6187
6288
10112
4891
8385
5566
6429
7058
1890
8620
11134
1976
5699
11741
7747
5752
1365
8196
5188
1908
498
5422
6293
5983
9087
3141
5320
4296
292
6597
9955
10611
1737
7856
7989
11739
5279
6479
7371
5584
9143
6212
567
9757
225
11487
411
2894
11397
4546
12612
12106
9868
9305
12766
5240
12942
4671
529
12059
3232
96
195
3535
4879
1518
6128
10580
9440
2335
9829
12152
7550
9942
9780
3365
2489
817
7546
9076
4157
6749
1973
5184
8796
6472
12203
4291
10369
11128
7201
11119
367
2155
10358
7301
11305
7077
11641
4602
3820
9779
5031
6326
4424
2711
3514
7723
4768
3988
3900
12012
2055
4247
462
3378
4990
7107
8185
11734
4382
2143
5763
3547
47
4797
4446
6952
10796
1573
10622
8934
1777
9541
3056
7086
439
9410
7108
2984
5560
1839
5113
7521
265
8588
10114
5450
11103
1209
8878
8301
9373
7284
2745
10059
4457
10380
2157
7321
318
6665
3687
3897
7752
10186
7720
739
9519
7739
5158
6777
2101
5810
8302
2669
11424
3336
8851
1322
8234
5235
1178
1376
6171
6522
4661
1949
6480
11824
571
7995
1210
862
2406
2593
2124
28
5046
12283
7326
12802
620
6507
8114
406
5126
12512
5034
2950
12689
10633
7161
5718
4135
12941
6061
10780
1222
12332
8111
12431
2336
7827
6443
12884
956
2961
9514
3662
11088
12726
487
9998
3601
7420
8954
884
4599
10237
3859
4909
5582
4637
1179
8871
7982
756
4767
12169
2670
6228
12349
2051
6024
3276
779
7525
12471
11483
11223
2863
891
4317
12879
11130
3417
6076
8715
3571
3849
8148
9442
658
5723
12876
12633
1638
2347
4731
2996
3776
10941
8435
4376
6914
1546
1899
12491
10657
3586
7969
2574
12273
8877
1354
675
3905
7708
10292
4673
12886
6727
3810
9360
11675
6433
6670
3857
7756
7659
7468
2292
1634
1349
11247
5243
11387
5428
6789
11681
6806
29
6562
6915
6643
329
11251
4109
10594
6790
7030
12
12359
6086
436
7691
7868
3060
1944
7762
11921
8654
5690
3140
2319
8429
8077
3462
279
7717
7838
4127
11
2360
3288
12098
6092
1966
8896
2809
8251
10659
7095
10483
2850
4825
2709
3175
11569
4308
11972
2899
919
1228
4863
5551
3238
12691
2828
7399
3389
5282
8795
2856
3710
3087
2949
10415
7218
1661
6405
12164
6127
5771
4693
2770
10146
5357
1068
3100
1840
10273
3252
5379
1666
8831
12875
11273
6366
9264
12517
12739
9755
2897
1244
202
7991
10795
1039
4562
4221
4855
3075
11782
476
6799
3040
477
10999
5957
7824
9269
10798
2860
6290
2282
1589
12356
1875
3893
3372
4995
4706
9791
4524
1521
5234
11389
1678
11054
7412
4163
3641
623
10352
4717
6641
4572
12599
1423
922
9729
1013
6798
8146
7152
10177
4685
2170
10537
7387
1539
8261
9664
2602
4904
6339
1781
1045
298
3179
1578
2783
12066
6642
4911
2073
3957
1353
12240
1929
951
191
2118
12015
1217
3855
9854
7288
1410
2117
11593
4488
8607
3532
5045
9362
9239
7105
1345
10868
7272
6192
6888
1421
8747
11934
9936
138
2866
1351
10103
7254
3557
3772
4822
2253
4831
8575
7871
836
7411
1384
9294
1997
10763
10107
1559
6854
8612
741
10697
8102
4021
7055
8828
8199
5337
1549
6891
4448
8776
806
6889
5013
3035
3337
9192
3617
10399
11336
7486
1292
11576
5084
4667
7943
12740
11407
2092
132
1088
6009
4299
221
2498
11481
3872
7070
2848
7090
3541
5453
5894
3401
198
10626
1832
12455
1797
4076
6113
10602
10321
9815
2279
9074
3640
2585
1121
11187
4824
12001
256
3574
10672
7437
106
5092
7157
11653
9173
12663
5698
12162
7213
4981
9336
9785
1323
3469
5076
11020
1982
3222
12859
10498
6610
6941
7150
5356
4725
2317
12533
7410
4025
4312
2481
10666
10897
7061
11636
5611
9883
2485
4229
9564
12845
5154
5609
6868
7667
7541
3421
8304
10579
3309
6844
2838
8137
93
1321
9018
11789
12798
10882
908
7588
4859
5143
1259
6852
8727
3039
5445
1380
10906
11531
11417
5579
4056
12954
10202
10019
5762
11325
1691
8456
2141
2575
2815
2787
10651
11974
11998
5796
7955
11195
9520
1278
7882
1159
9924
2610
7032
2666
6993
12561
5981
11321
2908
5941
6982
11337
5198
8788
9495
8694
4868
10220
2657
9424
10870
4313
9719
2814
5269
12858
4392
9793
10175
4461
5044
3137
9068
8480
7356
3284
3892
1490
3404
6723
1324
6782
1994
295
7524
3784
3053
303
5485
4131
1480
9377
6207
7263
10792
4854
2780
9636
6637
7515
5326
1628
3146
10959
12005
5048
8830
3760
1515
1788
5998
10110
10178
11893
4243
9740
10014
7555
5132
7920
5231
9004
2823
4695
7062
46
11815
10528
8189
12613
5170
3225
6506
12609
10266
9601
5458
8452
10971
5553
4091
8904
5854
4070
4564
6307
9747
4207
12341
12500
9180
336
8374
9680
5632
10461
6946
1227
12291
2272
8272
10173
10911
5860
7934
8281
3615
764
7902
6945
1099
6491
7740
687
615
7438
145
9119
11898
3809
1469
3392
8467
11216
3025
1030
12062
73
543
4224
5992
5463
6315
863
7699
3843
12199
2270
8777
5499
10464
9592
4799
8458
5433
1959
4726
2998
2551
5029
4650
1382
2579
11602
11094
8808
3410
7628
7452
478
593
5396
3517
6546
1734
5460
5866
5749
6901
1677
7405
9292
334
1545
8085
10191
7941
2588
7909
11860
9185
688
8498
12891
10372
8113
6590
9332
4429
4320
565
8766
11258
2493
8299
1406
10353
4641
10974
3437
6677
6085
9652
282
4422
7101
3149
10195
4314
7764
5446
3553
12953
1939
9412
4784
5440
10092
4244
9331
4992
9974
2025
3846
6516
5018
8500
4513
1787
11297
740
4953
11876
3559
8407
8406
12910
769
5348
9527
10915
7135
7701
5208
3258
9908
6006
4835
2943
6653
536
409
418
2497
7298
8714
3642
12860
3580
10035
3739
2175
11457
11500
486
583
3606
11309
10669
48
11532
9692
1651
9891
6303
11621
5483
10842
154
11698
41
9182
11190
5681
6295
4654
9115
1806
1086
3823
7653
12037
7952
1075
5414
2668
9765
11655
4769
6213
7741
11801
6497
8655
9927
3109
7812
1069
2471
11509
12563
170
4211
5053
4550
5826
4965
5644
2495
8139
8133
11685
3812
7542
805
3685
781
8662
5613
4256
5179
12221
522
11248
5714
6246
5480
11786
7394
1311
2482
10299
4352
1632
4318
9835
8800
6547
6372
12686
5160
6473
4729
2165
4597
139
9383
4867
10865
12716
8665
11513
5467
11205
1764
8613
9052
8917
1830
8427
263
5939
8623
7210
5928
2625
8582
1419
53
7516
2911
8309
1790
1541
4346
6167
800
10236
734
7963
8781
2234
3623
9788
4568
5728
11496
485
12310
1320
12140
76
7230
328
9606
11822
9596
772
501
9920
5524
3422
147
11598
5033
6613
12670
3299
2687
833
5892
3170
11237
5657
491
8210
1795
11943
8308
10966
4054
8961
1003
7545
7530
10805
7662
7439
11763
11089
3003
6532
235
12890
5343
12797
4086
7165
2417
2012
10121
12852
8270
4297
8670
4381
8207
12521
6438
2821
12768
8723
8031
8367
4927
12298
2888
6323
7606
10096
4280
5323
10319
10912
6717
8841
12920
8563
509
7403
9643
2994
8964
8593
2010
5803
9553
2098
11679
12297
8599
4165
10574
6145
9909
5753
4547
8078
8692
11452
810
19
5951
3956
459
9515
7154
8260
10967
5291
12246
12159
1535
7466
12519
4788
7922
2580
10117
2808
8246
6047
11395
2267
8835
6925
4711
12757
2082
11749
6442
2000
5980
187
1392
11444
12999
4742
749
544
1985
483
12453
11610
12877
7338
9721
6428
11369
8874
1098
2807
5743
4389
5492
10732
12532
5561
7773
5857
3318
2439
11855
9230
12723
11683
10595
2623
6165
2180
3519
12776
2160
3373
10568
8644
4536
275
12133
7112
1893
12170
9433
7370
4300
12676
10620
2716
6747
3690
6620
7816
11839
9030
4935
9816
6827
6358
5649
9389
7267
4698
11241
8323
7725
9797
3092
3919
7089
11624
8188
8286
5097
2245
12849
3408
401
10800
1437
11518
4666
2314
776
8228
12244
2622
9212
1029
9478
8993
10439
7103
5106
66
399
4272
10685
242
10455
5871
9130
11640
12752
2972
7080
9167
12295
3412
2442
11817
5370
7440
7196
10853
808
4549
7908
345
1869
7917
5653
2396
960
7270
2865
3366
6132
10997
744
1289
2322
1514
7861
6872
4235
11591
10451
7302
9907
8600
5686
9160
649
6054
10223
11829
1704
10518
1823
5521
11885
6595
3949
3657
395
2535
7802
909
10067
4542
5469
3266
8994
11955
3180
644
5583
1053
2325
10704
3207
7402
8906
3955
9243
3122
11908
12063
7649
11958
34
4922
791
111
10197
396
11124
4948
7560
4916
3032
7029
315
2626
8069
12814
234
9262
2438
656
6559
12971
12474
12121
1798
4720
3461
6125
9970
11072
11843
5816
10402
134
5187
7828
1428
5593
3786
5646
5133
8902
11093
6518
11028
971
7730
6689
386
12095
4348
4365
12893
4752
7454
9071
4741
12967
5194
8222
11781
9154
6123
3581
432
3813
5005
8919
78
10159
8921
8033
618
11039
12760
5404
1416
4191
531
6330
3450
11125
4267
512
5331
4743
10589
8504
5451
3224
6520
9121
12407
12184
10529
865
8746
5224
4826
12938
12333
2826
943
7600
9941
4212
928
10276
3354
12541
6104
4114
1158
9952
5183
8606
12945
11394
12387
10479
5411
1198
11044
5821
4089
5916
3139
12418
12683
1237
2735
8570
8568
12901
9888
853
6370
3567
11326
8324
11865
5215
6291
236
5167
5239
2413
4732
6065
7855
11090
9591
4733
538
9803
3992
6860
12672
2198
9964
4451
4418
3346
7718
3830
8974
6019
3693
8734
1953
3533
6198
11219
9807
197
11836
11433
6231
1650
8558
11018
11356
5600
2584
6205
8633
10336
9705
405
1565
8569
7335
8652
8680
4118
1736
9945
1325
7870
1744
11004
6605
6793
11381
12813
2096
9857
8833
7572
10820
11497
12428
695
5090
754
10720
12112
3894
7967
1184
4041
648
11859
9728
586
12124
11296
7968
7043
9733
12301
10211
5341
1252
12093
2540
8346
1698
89
9869
12761
2919
4341
7388
11193
3171
8798
8578
2953
11988
8115
9989
3931
2589
5674
3744
11705
8584
5532
7464
9301
11559
10949
11791
2874
5468
12069
4483
1703
9751
6656
9930
6253
11645
3684
7233
12263
1235
11224
13009
9676
6740
12011
4836
1662
9248
6120
1463
10698
8624
5973
7491
693
11750
9879
666
12075
1505
790
814
2099
7033
10582
8375
3566
8809
3251
6968
11567
2062
3500
374
2409
12132
133
5368
11308
636
2227
2119
233
2220
10201
3795
4896
6360
8366
4616
9968
2844
3907
1420
3153
10153
8245
11233
6180
6527
11950
3738
10139
2269
1379
9066
5345
3411
4649
11693
3055
7215
6750
2431
1858
10088
5145
3980
1125
10933
1196
5710
10274
174
3242
6356
1142
408
9638
8594
8330
11207
12424
11537
1425
9149
6285
6059
8487
3098
10788
21
4556
1824
4763
10538
12105
1309
8814
8864
3328
4470
2912
1169
415
7565
8232
10020
9979
2637
11478
7064
10359
8076
8288
11132
6731
4228
2806
3296
6005
12267
453
6001
6699
4842
9117
10449
8617
6068
283
1441
11635
6367
12379
8516
7893
7276
12584
484
7811
8086
11906
1867
4110
10542
11378
2569
4596
5264
5784
10411
10919
12481
2167
11084
6036
4158
3539
7569
5069
9158
12396
5932
6204
10985
10836
4190
9526
10556
1886
8352
8235
8051
8107
1566
11352
626
3754
10034
1312
12793
5994
6918
3012
1355
11891
7400
8619
12932
7299
11973
10623
11753
4199
5459
5850
7316
6812
9648
11437
1610
6329
999
3531
4629
6652
10576
10793
7148
12862
10801
5166
3463
4770
9994
8553
8227
3001
7441
4686
7605
11170
1364
6227
9917
8439
9630
2677
8365
2982
3208
11795
6141
12268
7323
343
4716
1786
8566
6948
4578
1738
838
11473
7949
2937
628
3948
5571
12724
8812
6143
9656
2941
3661
7269
10680
3068
4954
2840
10833
9170
7633
3182
3528
10828
7906
6550
12665
3665
2215
12763
8592
12986
12525
259
12414
3042
799
5251
1510
1193
11928
10080
2380
12274
1825
6764
12275
429
8463
5125
8981
2433
1921
1743
10317
8793
905
3206
7774
6907
1466
12582
7938
8019
4378
10883
10794
2731
7001
10040
8100
1388
10995
5704
8521
604
4248
2502
7339
4232
7118
7551
9450
6289
5647
7337
4029
898
3323
6817
12514
10879
11592
11984
8066
11930
11145
6281
3800
10614
4209
2331
8477
2079
8683
10823
8081
9615
9409
4905
366
1203
3497
12211
645
9583
2194
11951
1163
9663
11180
12108
1444
4530
4226
3395
12622
8545
12270
11658
12597
8581
2230
9637
611
4117
327
12320
1941
5089
2837
12329
3933
10349
12248
6494
1914
2650
2759
6745
2026
7915
2752
3255
4123
10001
9937
825
7305
2197
12115
8169
2017
2405
10533
7246
753
1317
2598
8296
4593
10668
1919
845
10474
7443
11140
5843
8650
992
11320
10520
7596
430
7026
2013
12917
8684
3172
4336
11257
10590
2110
3330
6033
7407
5352
7842
4462
3943
1615
12076
12237
1391
8958
3726
7204
7066
11019
3705
4804
2391
5349
3283
7493
5229
5627
7904
8396
2686
7634
12029
9658
2166
11470
10976
617
2870
12056
1101
7444
5347
7520
6498
1147
10769
12864
564
7155
12118
7424
3383
9999
13010
12889
8908
5790
9375
1967
11627
4837
11324
12473
2327
11887
2256
5021
11643
1032
2772
6043
7193
1339
10994
70
4198
6667
6680
11517
6816
6411
1314
6794
3911
12389
8095
7944
10259
7467
299
12925
2956
6598
8034
1263
12975
5319
8145
5258
1679
6800
1316
1930
3804
11823
1214
1097
10371
11136
4727
2720
12934
9254
12060
150
12821
10240
5921
3204
9054
5242
9789
11543
7353
6617
3200
2629
9139
8205
4809
8627
876
9178
8505
2712
2029
9768
11607
323
3445
7789
7224
6996
6337
4792
2188
551
6783
5429
4910
4802
11718
7144
3211
634
3274
7187
4736
9878
1042
11482
8067
6823
2191
11476
494
11451
7518
8356
10142
8609
1762
11139
4129
35
4994
7698
11486
10653
1221
6563
11448
5017
2297
12671
5897
8502
3416
1558
6892
8416
10048
5223
12992
2945
5294
1108
2023
4478
792
102
6308
8195
4798
6296
2236
6675
1274
969
11541
677
55
3686
1229
6969
6117
4090
1440
6163
5615
2206
10688
11365
364
511
2539
4817
10070
899
11037
4036
7256
5335
8823
6748
5858
2179
6155
12645
5770
4876
6130
699
8956
1792
4144
1821
11618
692
6327
1458
8110
2963
4443
6770
1889
12393
12834
2959
3506
11051
1542
4450
3396
3228
9896
5354
5778
7613
11066
9679
4885
3511
11613
589
7309
1525
11944
11649
6781
2243
2599
9849
11166
12853
3361
2078
917
3247
3592
3590
9507
5533
11614
10818
10182
2088
11502
2209
5813
5768
1500
2505
3875
8134
9673
11480
7220
2177
3630
9494
11656
6064
3613
1977
8068
9752
4921
466
9595
1776
10490
9918
10147
6237
3774
460
2315
11600
3529
9245
5041
2178
11783
10552
4535
5471
2681
8231
10934
1892
4067
9575
4474
322
9581
11506
8278
1927
5105
2578
2619
4018
2638
11933
9921
10884
12872
12832
9561
12031
6476
4520
4143
11589
4591
1338
9406
7303
5988
7978
8164
3729
1512
2685
11421
6352
5109
7881
257
4203
11133
7314
6807
12145
5833
5286
12558
473
2065
6469
9510
5205
8579
1186
1257
4106
9240
12051
9120
11210
5351
9576
4610
6265
1346
4895
2793
12010
7615
8395
6402
12908
1674
878
11341
8443
268
11695
351
4356
6525
10366
12044
7005
7494
4875
7451
5436
2817
3282
6533
5634
4407
3805
7833
5099
8949
8482
5067
4202
4456
12570
3832
5415
11061
5406
9976
2635
6015
10564
8074
12391
12924
9761
4108
1978
9838
5484
5577
7625
10089
11042
8213
6462
892
12243
5601
8103
9699
6439
11776
7178
2199
6106
11534
8054
5116
777
1064
9476
3353
3021
3655
11391
9848
1293
2128
8248
3425
4397
10457
8860
8204
7497
9470
3444
2526
4393
3011
10706
1356
5043
11342
10281
9267
8311
1594
108
5751
9041
813
2480
1226
5693
728
3312
6830
4888
11901
11857
11714
8471
1554
2957
149
6624
3489
7677
4719
12652
6502
6879
8016
12754
8930
10347
4739
2050
722
5737
12576
9129
8075
8822
4176
10438
955
11056
9824
3235
12735
7598
10344
10166
1157
514
12300
4712
5842
3920
6365
4982
11310
10766
2922
10638
5970
7559
7431
11553
5515
2917
4753
783
12004
3071
3716
3612
10747
11710
1903
2572
7331
9671
4447
2109
31
2639
9260
2954
1597
5393
1206
3107
8091
7171
9548
7770
2791
1015
4724
7136
4309
670
8370
368
10354
10234
8758
1492
1637
9587
8992
1477
8166
4540
6196
10355
1213
11890
6893
4261
5260
6268
8969
704
105
1019
7808
2887
9028
2208
9408
9165
3755
12180
4538
10473
3147
4764
6878
4849
12195
6576
3910
4898
1964
3374
3173
1079
12602
11159
10702
11544
4306
2095
2867
12087
5295
2885
11155
1051
10970
2987
12097
9104
3325
385
6840
11910
8350
12508
6382
12052
11787
1188
4038
10356
1519
6311
5057
10364
9832
1488
11869
8353
10212
1562
6380
3443
7670
11853
7823
6157
7425
1381
211
9468
2853
1538
11414
2401
2989
3595
5024
3220
8768
7911
12624
9767
765
8936
7374
186
9525
12261
5023
11263
9610
6110
7280
3904
1599
660
11578
4360
6636
1617
12833
885
10148
2590
12019
10944
5441
8965
5700
2474
2983
8433
871
6378
167
7214
6437
7535
3718
4361
12363
12956
6312
8695
8181
3998
2974
3824
7132
1502
5325
10819
8285
1242
860
9453
7173
3400
6481
1799
10802
2302
2430
1394
9261
3452
8317
6557
3455
10017
10713
9958
11956
8730
9005
12096
12196
5438
4116
4957
1067
9795
1833
2428
9444
6418
5344
2714
9557
2087
4343
3498
6379
10572
10956
10128
1254
8484
11220
12272
6230
10357
718
9353
11153
11828
9912
12583
2372
8825
3974
9425
11579
12254
7590
5722
10340
5136
1604
6734
6644
6344
12646
12071
92
7502
3237
682
5358
1250
2063
9743
9233
11716
11609
6440
10033
11362
8321
11254
11493
4304
12102
11112
3658
12103
6394
1937
4504
3802
6809
12304
3084
8657
11036
5852
4017
8760
773
9435
8525
10419
1586
3045
4973
10961
840
9391
11760
1251
802
4634
7912
12484
10894
7177
9991
9304
2369
10130
8063
11995
6336
4265
9306
3914
11800
3610
10032
9723
5540
12619
8767
8778
7449
5249
5204
6972
2287
7962
387
11101
9535
11503
8149
8922
8165
3403
8957
12983
243
9166
5570
7485
84
2992
4034
5407
4179
10876
3190
6599
8453
7139
3698
3482
8744
10749
6124
10908
4803
2869
10036
5399
3721
2047
10857
12336
10875
12591
2036
4560
8895
7016
7320
4864
7378
12039
8886
5169
3174
12649
324
9531
10224
10007
12360
372
1778
6558
8289
6172
7470
9326
1887
9710
6042
6060
8084
7088
8070
11422
9017
3727
2273
2898
10909
766
2305
8275
9419
8206
6477
8029
12046
1041
708
2383
10873
3120
1096
9800
7372
8094
8605
12324
5678
1333
4042
3589
9118
2736
7310
4620
5786
9642
296
2008
8184
3250
7003
7673
12899
220
12415
4621
9981
5416
597
3240
5950
2932
6622
10134
5284
12277
1947
5774
6121
6333
5007
1484
2871
1888
7199
325
7404
5104
11596
3384
11126
4858
350
4936
1681
1012
5623
12402
1403
10406
11505
576
5410
5454
8518
6884
3099
10125
12141
7700
6363
9503
7845
8616
10682
238
126
12468
4672
12499
1387
12032
8089
4278
1827
7693
5290
10526
5641
1834
11388
4004
7417
10940
12784
8942
547
10141
1087
12827
11778
8203
9416
630
4031
10468
6446
10176
10885
2384
6905
5500
461
9593
8226
3166
823
12251
1367
10716
6026
717
5309
6796
4059
2044
5101
896
7883
8441
12856
8772
8147
11485
1055
12680
5190
12623
5976
6351
10000
809
7704
4390
8276
4783
3626
10443
6858
2880
7241
10009
6650
1248
3707
2425
4790
11030
200
5413
3130
12837
5503
3456
6851
11821
10927
3666
11626
1912
4832
11314
12014
10119
8999
3918
7099
8762
5139
4139
342
4988
6023
10323
1689
218
10789
9159
5818
6371
7465
10725
8240
1845
6156
4884
10010
8536
7629
8399
155
2632
8598
2290
9276
3156
10958
3272
10963
6140
8641
10837
4003
9310
12618
11528
1016
5434
11003
6784
4000
43
4359
5554
3348
11218
11217
2581
9469
3261
7275
12278
6775
11946
9012
1491
12878
6317
3777
10700
4993
4793
9677
1485
12472
1498
6169
8307
6297
8923
5797
8121
7277
11931
9186
2906
7188
2789
8046
12819
8002
9678
6050
2538
9749
6771
7332
1061
8512
15
7896
5541
349
5248
2510
185
1400
2225
8373
12650
1426
7905
11304
4134
2552
8030
12774
7901
2988
6136
3733
5537
2201
11976
1975
8161
3871
6913
6692
3089
4331
4055
1822
5673
2444
7992
10338
1820
6725
8055
6256
5576
6761
1568
5817
11979
602
9480
12228
398
2407
10916
12928
4152
10077
6119
5517
12981
6538
10981
3937
9913
10463
5979
3357
5825
4185
6628
11732
10286
7354
10375
11291
4900
6904
1398
3745
6197
7609
11520
11864
2298
9626
1130
10489
2764
5587
11275
2229
985
7251
9805
11113
8859
7894
1058
9379
9621
9110
12651
4850
2559
5218
4475
3603
8682
8224
40
7071
6534
4584
10871
603
11830
3746
2237
1527
6828
2507
4808
10106
5201
5870
6081
3218
2980
9058
6072
8369
7966
499
12451
1695
5637
10608
11536
7312
6493
23
12534
12551
5849
10921
2732
7945
2596
1752
2532
11299
8025
7051
2773
5437
8642
7159
11599
4675
8813
3322
10527
9405
11688
359
10570
13005
10161
10066
383
3697
128
7878
9356
11991
4794
4368
2362
7478
11461
3402
6986
12615
1926
8171
8653
10306
770
1915
9549
8845
5281
6262
7552
7897
5010
1077
8542
4007
8410
10712
2333
10717
12708
10675
4676
407
4409
1669
5895
7754
7637
11902
10930
11059
11769
6425
11235
9865
2218
217
9449
7094
363
10613
1897
3264
9845
11668
4659
458
5036
2592
10381
5867
4375
9411
8494
650
6051
12943
9133
7579
5672
4823
8027
4512
9635
2176
4845
4369
1639
5448
7365
995
2965
4581
7117
6627
2182
11690
5268
12788
10989
4679
3939
4960
3507
12816
7778
8045
9423
12667
7261
2537
6626
7508
6580
9811
7392
1952
5200
8985
11595
6052
6346
9007
3451
4283
417
2034
4434
11612
3382
3814
5602
4517
10095
5180
10988
2739
8153
563
3594
11775
4959
2641
12679
8434
10627
9653
11937
9467
8345
9718
11367
12259
8306
11663
11118
2083
8552
7134
5991
4122
7684
4669
10471
8101
1156
5373
8681
12661
8940
8571
8017
12842
2913
1277
6666
944
215
2564
5118
4523
12840
10478
9325
1884
11121
8444
3838
12432
10858
11827
3544
11033
12191
9138
6541
4074
11149
4289
3645
4245
4516
6430
10132
8244
6384
12905
903
9882
6149
1083
7190
3231
1340
10616
1715
12873
3315
11138
8277
5394
4166
3268
9378
12698
337
7544
4472
10787
5497
8754
8128
6474
8117
2679
7913
10957
3853
3679
11907
4100
1361
541
5244
6711
4016
700
1150
10206
5322
12496
5630
4688
10271
6957
4252
10874
1924
4103
11670
7772
1555
11674
3343
5538
11060
1794
7172
8294
1770
9744
3007
3162
5020
8223
12440
10569
1034
7645
6302
6916
3759
11317
7044
11573
1981
7318
6467
6592
8474
9670
3714
9694
7273
9704
7002
3114
3978
3568
4574
2801
6415
2907
10599
8470
2792
5195
9546
12504
3058
4779
1127
8926
6133
8493
10678
3270
6634
4813
10012
3077
6540
5297
6353
1
8960
3602
2293
11725
1455
7996
3327
585
8587
1438
4740
4206
474
6696
665
5212
10673
9065
12530
4684
4095
6787
3935
5075
9926
2295
1448
3584
37
3861
8927
9946
3306
11169
3044
9550
5259
12673
11992
10839
6752
9053
4665
6526
12605
5288
4880
10467
10936
2153
2656
5638
3359
8519
12043
9100
6189
3946
7067
12810
9219
6139
2940
10893
7976
9709
6244
2484
7636
4614
2843
3546
10522
10184
8269
6427
3236
9069
8554
5202
12280
2587
7630
4205
8803
12113
10741
6211
38
2216
4104
10887
11850
10038
12557
6338
10560
9284
5954
2381
10665
5364
9774
9748
6671
8156
2550
1062
11431
11272
4958
11953
3675
12565
5012
1216
1285
12540
6146
8842
10481
9689
8446
8635
289
619
5948
451
2886
5671
10414
2751
2129
3509
1507
9986
3310
11754
6810
3160
10907
1296
8953
9096
12153
11870
1478
5643
2615
11228
963
7602
5562
7126
1304
2533
402
10194
3858
7765
2382
8528
10231
1208
11287
9342
2726
2591
4120
2115
5102
8668
5287
3884
12510
10102
6679
10203
392
3193
6709
4081
5026
2893
9522
5206
12571
4001
12648
3394
3928
12682
2123
9530
8882
3556
9693
11041
4233
9277
6648
9532
3072
556
7779
7658
12756
11515
5178
3827
10881
4394
6396
10519
4032
9086
403
6269
11888
5966
2744
9318
2130
5900
2776
8967
5032
6912
97
3375
10968
1571
6301
1881
2760
10108
12538
6544
10598
5283
10843
3197
7584
8135
10742
7994
9700
4901
11186
2249
9682
3471
683
5805
3709
12083
9282
510
1931
9216
1473
2785
6856
448
12765
12319
1310
12165
2694
8968
64
12305
4996
932
5151
10752
5933
7293
2803
4153
3297
10140
643
5391
5963
6874
4072
7093
5792
2385
11717
5390
5274
3766
7266
10541
10904
1281
10225
796
2076
4765
9055
5879
6283
379
8928
2028
6917
5863
11625
7517
5016
6505
11161
12973
4519
2037
445
12385
2049
9078
4253
9822
7553
8168
7237
7416
4579
5969
2725
4946
12795
12434
621
2477
4428
302
1859
3780
2876
9081
5253
797
5502
4327
10973
168
5131
989
3415
1913
10662
4567
6334
9324
344
10540
6780
11799
2193
3101
11256
9836
8381
8420
10831
1275
6426
6275
6174
1024
12936
1644
12119
12779
56
11315
6961
4048
12822
8007
2845
9554
162
6188
829
4142
7798
652
10425
2424
8219
4626
2902
6310
10600
11661
9365
3022
9616
4970
10016
10634
10878
7176
9840
3717
4047
11115
5702
7611
10343
11558
6908
6822
8661
9826
10257
10655
1716
3076
8157
12626
6744
4009
6530
5719
9641
12033
6663
4644
12728
3750
4339
9381
8343
12061
12192
7364
11873
8693
12904
3605
10155
7327
2561
5241
6607
9191
596
3486
11472
6039
11108
3253
4934
6340
6894
7685
4011
2453
1035
5162
9486
8787
13002
8088
12122
7503
11819
4268
2358
8591
11522
7279
5945
10684
463
1811
5302
9279
11092
2373
11278
8658
12045
3468
169
2419
9778
5559
8891
11586
12444
2048
12292
3829
3033
9690
12511
7986
5516
9639
1129
8585
4186
3927
5420
3788
2857
240
9395
8047
1524
9471
5306
10445
10507
561
7690
10162
8336
2719
1167
720
3311
12866
2379
3791
3680
3646
9492
173
624
8626
7512
5703
11288
7919
5619
5211
204
5949
10181
6089
5929
10719
4710
8208
9399
839
2244
10890
1948
13008
8700
4697
3522
10289
11083
9006
6801
8255
1731
1873
3129
4821
11796
7463
3842
7731
9659
8018
3803
540
6252
8098
3481
5757
11759
10232
12559
12506
2740
5953
3673
11295
223
6655
305
7430
9897
11492
11940
12641
4495
9466
8739
12352
3984
678
7226
2827
3815
1501
6635
9501
9714
6298
6920
1918
6013
9756
10567
3942
9894
9436
11335
8645
1225
11662
7480
1818
5177
1270
3096
9217
7656
1567
1962
12841
12948
10557
5495
5944
7262
2300
10099
1574
11382
4386
3876
9819
8099
10947
3877
8006
10145
737
5146
12399
1238
10163
2281
4630
8792
3118
2944
2377
2303
2262
371
9194
12239
6264
1093
7021
9782
520
7379
6199
7098
7100
4460
10376
1432
5064
2952
3999
2640
12699
8863
4704
10228
4761
1705
4603
8725
10060
7217
9684
10683
6608
8774
3542
3683
12844
10082
11307
12544
5605
2224
9015
1675
495
8595
6682
1183
2136
4160
8097
7023
8303
10647
7640
9003
12815
12696
11158
9786
6698
3061
2738
9308
4933
2798
8883
9134
12790
9993
1260
8489
11540
2316
7229
1782
6240
1861
9070
9220
10284
9128
10454
9372
750
5666
11318
9481
4583
413
4800
7547
5574
11588
5880
8639
3307
3899
6962
11123
12425
5462
6170
10803
3607
3466
8948
1900
5733
1112
6960
12991
6364
3460
784
8555
2955
12713
7511
6835
12013
11848
1313
6866
6975
3987
11261
9172
7114
10987
11550
12871
3439
3169
11701
4931
8971
9870
6385
2702
32
745
8198
10503
12611
6930
7788
11327
12828
4416
4906
2713
558
2545
11023
6103
9892
12634
7013
4569
11731
12846
9668
12109
10771
6971
1862
12614
12987
8325
11767
1152
7160
5588
9874
6215
1195
7426
10417
11034
12579
11016
5095
3081
1111
9884
3582
5129
1343
9073
1071
9806
1707
12461
4908
12687
8341
12475
9533
8507
12909
7818
8124
201
12390
10856
3764
10615
5456
12604
12408
915
12281
10026
8378
12717
12664
8318
6257
4403
2458
10485
6234
6075
2021
7926
9820
8464
882
3885
557
11657
10737
6083
10174
11490
2812
12448
11300
9773
7479
10431
11192
4604
11919
10287
8610
121
1151
11603
6045
11777
8175
2291
9545
5862
9661
2644
11279
2100
539
12398
8424
1870
7556
8225
8112
11445
1202
5506
4354
306
6095
8962
3694
3331
3654
381
5072
12134
1230
2654
1836
9956
9454
2306
1936
3165
8056
9880
10072
1128
2069
1192
6980
11882
10735
11720
12572
2518
8523
3915
9145
2636
7290
949
6880
1940
2802
1523
3
9075
2925
2250
10629
9445
9555
3983
8252
7186
9140
9153
1708
1439
10318
8060
1765
8872
6037
1701
5066
4653
7500
8580
11408
6735
5679
12700
1911
4270
5592
12697
7755
10447
11966
9022
384
5935
2758
12236
12804
10807
3835
11393
12545
10111
9231
1468
2523
7826
9861
982
5633
8419
4201
11203
7571
3241
5455
8887
3226
9559
723
10433
7977
7006
5339
5098
12988
8601
7265
397
11409
5096
9460
8868
2114
1090
562
7435
12503
3158
2642
8506
8938
11970
852
1036
2544
8291
8295
9651
11566
4045
11526
1375
3834
10105
9496
9521
7984
3604
4624
11757
2450
6306
6412
9571
5990
12016
3014
3388
11488
7830
6931
579
831
5912
1835
2030
8478
9215
9736
3691
11009
8438
9686
2603
12575
3064
6535
3887
9509
9817
7504
10469
7715
7793
12978
4084
10472
6222
6591
2985
12137
7347
5403
9112
9923
3020
1447
7492
5203
10604
229
8562
1968
5359
12213
2529
4857
7340
8037
9961
272
4218
2833
9701
11516
11585
6235
9588
4605
8659
10
7925
5662
3787
12639
9135
9082
6053
4499
8933
577
12308
10515
3286
9628
6090
9611
5898
12487
2910
10094
7259
5487
9303
11892
8950
12255
44
10750
9025
2235
3526
815
10051
667
1856
7837
6964
10986
4246
3624
326
12501
7125
10536
11694
5512
7724
4515
1938
6386
10169
10373
6581
11504
3561
2337
5312
6779
3672
11571
506
9274
1091
7869
340
1904
5486
3319
9772
7719
72
3201
1714
11728
7291
11383
9720
2741
11727
11858
3816
7804
12198
10508
5937
2964
4582
1972
1282
7665
8526
1181
9385
8386
12442
5918
8947
5493
10544
1255
7787
12158
4613
5836
10229
4404
10261
1925
4468
743
5389
6895
333
75
12610
3573
3864
11788
6712
2426
1350
4181
2753
3326
8900
4486
990
4162
10363
310
9244
7616
533
10554
4500
12476
176
8959
5780
8022
9309
866
12253
7244
8271
1454
10305
9966
11425
1496
2228
9255
11144
12384
10491
12883
5002
9647
1906
1916
3355
2608
5488
9333
181
1563
4700
4087
6181
2089
11277
12903
3004
3636
6545
12296
4757
11197
4230
8062
4330
10977
4147
8496
998
9020
12381
4085
3324
5191
5930
5444
339
352
8925
12314
8951
9808
1883
7027
5626
12818
308
9726
5470
2487
2586
3731
3521
2969
672
4588
6236
376
9904
4952
5755
1958
11206
4347
3128
4197
1197
8565
9654
9513
9290
10296
10565
9317
4437
6111
9280
10648
3487
9898
12054
3608
4349
7482
12438
5330
6722
4615
11270
2081
10260
10734
9155
8897
9969
1963
3168
11798
3105
11050
2311
9048
12705
6191
10482
7091
1366
4774
2476
7413
1076
1547
8316
12690
10514
10923
2788
9477
1422
7682
801
5115
4639
12070
1405
2748
2359
9697
1303
9954
5697
2011
2468
11633
4745
1920
5168
5355
12869
9491
1880
1557
7886
10937
8141
3712
1606
3775
10430
4566
3501
5823
7116
1713
5607
2429
6314
1135
12806
9029
1630
6678
11948
4943
3442
12963
9975
5514
6008
4947
5086
422
9957
8142
4543
6601
4625
2144
12549
12186
11913
7695
12556
2528
8209
33
6376
2132
5117
4949
2822
6825
9238
8329
5148
7801
8349
8556
80
9846
9875
12469
8201
5329
12923
9858
6208
6238
6937
12593
6584
9298
3518
3243
9732
18
12888
5182
9176
5650
5610
5544
8686
9813
505
9098
3344
8638
3945
440
8995
11622
7918
6738
3104
1306
3783
488
11682
12980
11884
1522
9351
3995
5400
5675
7767
6355
1848
9249
5011
8514
6032
11715
8929
9951
12117
9624
6939
6857
4290
9809
7113
804
780
11361
795
4638
10676
3163
1100
4786
11079
11068
5725
6683
1330
1287
8876
3619
11896
6016
12701
7523
10427
3929
7418
10950
5975
3647
4172
8190
967
4498
428
10204
10227
12074
10374
12809
321
549
3338
6499
11147
11458
11703
7242
12427
7877
5157
7075
6549
1009
1240
4978
2299
8425
8596
3474
9208
9099
12023
3852
3015
4006
3990
365
12078
1868
11122
3576
27
9050
2158
116
12294
11183
6604
1753
2352
3017
11647
12486
7688
10382
12144
6529
12712
9910
3085
2508
10346
10920
3515
1294
464
5848
4585
4168
8931
10559
7887
2836
5591
3029
5655
918
9629
10693
1300
4870
6943
5401
566
61
4580
724
11117
11355
3649
10004
7471
6575
7710
3638
674
1272
5656
10644
12433
10093
859
11980
3351
8939
8123
4503
4019
1878
6044
11244
7111
821
1729
7028
7442
16
9931
11686
5192
10850
3891
12966
9950
7180
7683
3271
2120
8138
7348
4419
8338
12600
6417
7501
11521
8239
9392
9414
6100
11971
12929
1089
8405
3256
156
6002
7141
10115
11629
8073
11063
12082
12653
6560
4431
5927
6102
12865
10758
4642
12321
6451
8890
1149
2834
11808
3543
10928
1037
10494
10918
6647
8005
2819
7073
9226
874
3635
5127
8049
6726
1273
11057
5938
11792
12197
3583
9338
5327
5669
12580
5315
763
590
3018
9731
12422
1928
9046
3627
4848
1204
12220
10027
6408
4107
2651
7531
83
4223
90
7781
679
3525
8430
8328
954
5236
8048
3356
489
2094
6046
2376
11494
5141
12553
10152
3669
10855
1813
2766
2393
5856
6568
5062
1616
4069
54
9988
9608
2924
3186
71
262
4928
532
9890
1724
1583
58
5520
1581
11570
11954
3138
11952
941
2820
4023
7626
3976
4178
857
9750
9187
4237
11708
11209
300
844
2517
7610
1245
4699
11620
12445
158
1842
7319
12386
9364
7308
736
10071
3752
8459
9057
6456
4678
11736
8300
10337
11797
5959
9622
5088
7880
1992
8784
12666
957
3550
4151
10867
8394
7385
9919
1493
3260
9873
2126
248
8690
10294
2058
11917
7182
6531
2116
9996
7250
10209
9437
2171
10791
7282
6011
9818
2214
9084
2005
902
10832
3779
11127
3579
5903
2697
4950
12459
10383
1046
4681
9438
1646
9275
4907
8193
3023
4746
5819
12299
8172
3399
8586
4436
1249
2032
4364
6992
9681
3496
4635
6369
1649
164
11556
4563
6631
10545
7369
889
20
12183
8802
9730
5769
9195
4847
3688
5384
3888
7081
2451
2616
3441
8087
12436
12222
3440
1315
8305
5631
9415
6554
9241
2318
9770
4636
4925
5257
3512
2500
3414
8104
6588
2923
6017
8421
9256
9026
1654
11825
450
9965
10872
389
1220
4945
10164
11000
51
309
11652
12343
11672
3183
2967
2824
9517
11100
7453
9856
10841
6056
1504
9059
2389
5138
12799
3031
7619
11605
14
2664
6956
1336
188
3792
6837
1620
8821
6073
10778
8982
2043
2067
10165
6836
4866
8988
8621
7623
1611
11812
17
11267
2387
10942
609
7799
11549
11700
2320
9953
10783
4111
9769
8314
3362
4391
4844
4097
11282
3188
4281
5079
1481
7138
10441
5316
11096
6990
11306
4795
183
6885
9031
8990
4923
819
8907
2357
4785
5313
3278
1717
5338
4561
4071
8290
545
377
1577
2849
12807
3273
3006
6131
4266
11463
4810
7930
13007
9148
5629
4955
10723
3405
4112
