12463
982
4324
6804
2674
8908
5719
4656
6684
9643
5785
12089
12861
3386
8648
9501
11208
10701
10385
10897
6179
486
11654
10524
1857
12959
7864
192
2432
3025
6237
302
10207
12994
1616
4417
11365
3287
9203
2977
12368
6249
11420
5715
4679
11276
10645
6962
9271
1237
12351
7694
3061
9543
1306
3723
9655
10639
1747
10056
12595
10621
4714
7585
2201
355
4675
8975
6460
7335
12311
5613
2103
1468
8874
3484
11604
4657
1698
2200
11265
8390
6845
2845
8272
2626
7182
4852
5511
12617
13
10724
7210
11471
2448
587
151
7934
10664
11968
10691
7132
2789
11402
6908
8260
3092
4263
336
8332
10611
4770
10896
515
2039
9645
297
4790
9353
12167
6507
11878
1056
8944
6568
2463
11853
9702
12416
12021
7341
8978
4627
11480
6254
11410
12631
3901
9110
9528
11672
8789
10198
2996
1776
7871
9814
12294
5924
4946
3363
7018
6522
1204
12364
10228
6703
12412
9052
6069
11262
10811
2615
685
2647
5492
7659
5774
12127
7960
9415
592
1055
6138
255
4007
3344
6103
8269
10974
11066
3278
9564
10946
8027
9431
5361
6406
8974
7866
1357
11182
10150
11110
12204
6745
9204
12584
12966
11925
12253
7772
9167
12869
4337
12888
5801
11052
11212
10570
8727
8954
12221
3676
6650
2733
4881
8496
11493
4726
2264
1039
9482
10292
9454
12349
5216
5502
10185
6769
5888
7701
8854
3280
5162
135
9457
7290
2128
8262
11308
7758
2112
10740
5874
1853
5912
10642
1778
269
9365
7609
8676
2515
7557
10108
2478
3971
7238
8697
8410
130
1360
8096
85
209
264
519
2665
5939
423
23
7396
8814
8237
8382
9417
654
12536
10582
11185
4401
11601
10624
8399
8336
5959
7020
12288
7194
11642
11465
10796
4484
2866
11580
5637
1312
7560
9717
10959
9124
7035
407
1493
4959
12683
10053
6752
8043
4352
2629
6755
8696
8641
9672
3620
6999
8343
2238
7538
12926
9741
11798
4180
5081
5701
5046
5156
11585
662
11997
4525
9478
4523
8530
8017
9476
6866
10797
11032
11811
7678
8866
1211
12181
7153
1256
4602
4966
11179
3053
1623
11236
5076
12147
12535
9302
1246
6178
11095
1006
12564
2489
1455
7445
10748
11846
861
6683
9832
2251
11475
8454
6184
12118
7123
2871
9386
11646
6131
8724
9325
5441
5450
7163
3505
1651
7658
1167
8120
7558
10670
5013
11399
3622
7890
8005
7295
5270
2026
2776
10718
6356
1681
11914
2512
3233
11669
11496
10434
7047
6565
1328
9028
8092
6454
1446
7446
10818
3362
2170
10210
229
12096
1565
2937
2347
3832
1838
10373
11467
609
8335
7972
11659
6321
2130
4962
6698
4323
8312
107
9182
9632
1758
8058
9141
9688
12458
6715
11304
11616
2342
10720
7531
6272
12982
850
4476
6036
1482
2928
5775
12962
2059
8071
1193
2790
4967
1439
8314
7075
82
3384
10730
4200
2398
6119
8582
12106
7241
5146
5428
1384
4521
2100
6497
5213
10246
4919
2523
4839
10737
11438
5825
5587
2129
10913
10635
1379
11111
1938
12344
7672
6408
5442
9151
7955
1954
8561
4873
1848
2046
5198
12583
2023
753
3032
5438
5048
2140
2306
10928
6662
9781
5173
897
10727
2477
5295
9858
7641
871
5907
12637
8935
7874
12870
12769
5365
948
7739
2063
5984
72
4038
7373
6830
9198
903
12211
10496
2348
7508
8800
9348
973
10728
5525
3035
1265
5183
3297
863
3133
8056
8060
9526
2256
7426
4199
10187
1754
1159
8573
9849
13005
8448
9008
4333
7624
3985
852
9044
6286
9451
3491
8018
5746
2184
3198
9183
4327
153
6204
9742
3486
1242
11072
7594
218
188
2373
2817
6107
8252
6325
11508
1883
2946
2261
5082
3864
3314
9025
12152
3176
1044
8821
11050
100
1105
7991
1686
10530
10176
5297
10500
9121
7206
3964
9083
5475
4542
2891
9194
12459
8753
10362
9174
12007
7822
934
11024
2216
3082
5780
5608
4905
11499
3764
6852
9759
4631
11594
9142
3045
2173
6601
9134
5582
9706
3126
5374
7751
9246
2938
103
2932
12323
12340
6319
9300
9248
4092
4497
8076
9662
6663
4855
5474
12731
7851
5241
8333
12269
10784
10048
5569
5245
655
9073
3974
12189
12410
5872
12789
7668
2243
10555
2677
1649
11158
1433
10477
11243
5906
12508
6122
12215
750
5401
3876
10915
7046
5958
12244
1165
2252
9658
12461
2469
3914
5460
7566
7483
949
7580
8485
12801
4218
6219
7525
12019
4449
2535
1854
6957
8007
1741
9338
6753
12960
5157
6759
12944
11856
10384
12755
10190
3040
9063
129
10282
6419
5970
12660
6825
2302
136
9604
8971
5177
3966
139
7201
10140
10191
2143
11031
9370
8657
12737
908
9731
7198
11045
8576
4818
5894
11984
6259
6132
9530
8652
3710
900
961
2719
1007
8229
1889
8238
5017
6452
12053
7741
833
11395
4569
590
10756
5276
922
5264
5988
1795
5317
5802
7325
4477
7179
455
10307
1759
6327
6244
9039
4819
2761
11579
2287
12532
12223
4292
4365
5931
7883
9225
3695
686
12272
638
630
9040
175
3972
9288
7293
9906
7415
10829
11965
1903
8846
12394
7954
8605
11975
11028
3379
5366
4834
8962
9196
11137
1174
2511
1867
10864
11323
3868
5903
2065
7101
2588
8281
1753
1643
5889
9578
2185
2197
6801
1481
3794
4896
456
2726
10367
8752
9935
6200
1803
3451
3048
8570
248
8052
7041
1359
5850
3990
3969
4997
5718
9092
1388
5349
2669
10994
6305
1543
9805
4893
11691
8578
7761
5773
1070
3701
4889
5400
6
10170
11426
8902
3963
409
7214
2530
12991
8236
1127
6682
9836
8882
760
9894
12341
9468
1721
7854
10429
1618
3893
6453
634
5787
10609
7962
7286
10692
4317
10931
12813
12243
12897
7520
3199
8571
9592
684
9162
12687
7849
4940
9103
6868
8211
6599
25
67
3917
8824
10703
8658
5665
11018
2346
6427
6308
11089
3042
11002
12381
488
5982
668
6516
10135
10754
1904
10922
8804
9294
11972
2984
5627
12652
6963
7175
7656
6933
11985
7138
7458
7327
9689
10733
12531
4513
10004
2466
2933
9341
8347
11334
6709
3236
10226
11573
8603
3375
8861
1932
8069
12727
1034
7782
1289
3399
10908
2391
7099
1647
215
2375
2275
9494
5175
10834
2343
3306
12618
5740
7757
10490
2838
10712
10878
3928
9596
6377
4471
639
12095
10514
4341
6593
12987
5655
11492
7959
1852
2746
3844
6891
5586
1897
1432
766
8740
4912
1590
5799
7696
6849
627
7970
2438
2210
1358
11245
1840
9772
9591
10008
853
4043
5898
873
788
1270
6261
9827
11690
11912
9378
2461
5129
5077
419
733
10752
2382
10064
4783
4385
3612
2462
10112
7260
10206
9954
3783
7665
1148
8137
1842
5540
4446
5143
345
5837
898
879
6763
9631
241
3926
1001
10310
9639
1110
563
8158
10803
12048
10997
11838
9416
3533
5700
1221
5227
5913
12830
7345
2250
5508
9268
1031
11523
11244
6106
3473
3959
10233
2858
12656
4400
307
2074
6021
5778
2704
8635
7721
11248
3188
10640
6209
427
564
5463
3562
7569
5580
12125
7789
5560
5000
6359
874
12786
10057
7919
8320
8472
568
9315
10541
9239
9850
567
6620
5805
11803
9916
11386
7173
10160
1755
1408
2147
10588
3702
4185
992
659
9043
4466
6268
6304
7494
12453
12645
8575
1794
8976
1575
3462
12
11610
9391
10776
1815
3875
2266
7455
10303
10168
344
10340
27
2526
12385
8119
8929
238
4892
3700
929
10136
12473
9180
12237
2880
1910
4622
6477
8555
12117
4488
11373
3602
9710
9933
9441
12646
8664
5426
11761
10895
1452
8684
2067
6026
2451
11198
3957
8870
11854
3426
4435
4083
6694
6167
4678
6901
7541
318
3934
8063
1224
8793
9830
6523
9394
3530
8350
1340
12823
3078
5421
11012
7794
10799
4810
2098
9806
7899
10838
5471
4811
6057
9149
3869
3201
3519
7291
4512
5424
3289
6420
12698
10549
12846
5026
4094
12809
8358
4826
7562
6521
7818
1011
829
12322
7894
4515
8615
4868
428
4169
2310
4659
9197
11164
10636
7108
7034
8990
11949
11781
3976
4971
3321
6058
7862
920
3456
6382
10403
6977
11959
291
1427
4949
5772
4034
7829
4071
1683
10587
7157
6317
11264
2798
12972
7097
7211
7858
5964
10199
3265
3031
12898
1934
845
7537
58
8359
7931
7408
3115
4105
2480
10221
5462
5546
1577
9515
156
12213
7946
7162
6064
2460
9701
6394
499
9091
372
6397
9140
10414
4097
3077
1435
2846
8625
9915
196
1267
10007
2969
5833
2890
1324
4597
4960
9884
8397
5145
7442
11697
1012
11926
3352
9273
2339
7351
4526
4146
9541
4780
2345
1026
12808
1850
11962
10433
7788
10525
7783
12441
12587
4534
2702
8810
179
11339
8030
6171
8626
5149
6881
9948
10271
1929
3079
7685
22
9577
6323
6245
4124
7164
5678
8979
744
3189
12138
7221
9094
2916
11070
6071
8186
2239
1369
11453
2765
11114
5261
12876
8778
5079
3861
12507
3733
1374
1307
6996
8075
1298
9602
1992
2344
3727
31
3067
7302
6151
12283
2972
7422
2824
3857
6871
1941
4006
2364
165
8432
8179
9559
57
12365
10768
7647
11993
5008
9782
5658
3380
6469
452
10161
9652
12649
1020
11150
9075
6053
97
62
2177
2194
3740
50
5226
1450
12066
7839
6013
6644
8607
5246
8443
9453
9650
12163
288
11170
528
3023
12651
2274
5575
453
9739
377
12300
4970
2465
5419
8613
5766
7754
6197
5530
6734
9026
2638
7461
5882
152
11561
6983
2774
12567
7199
946
10402
12929
2622
7987
10912
6066
157
9107
2442
8825
8500
6471
4424
12183
8600
10235
1335
5352
10313
5444
12751
8057
12520
3144
1679
1985
2565
8392
8712
3796
12374
3732
5654
4576
6461
958
2362
10454
11048
4129
5747
11279
6201
1155
10213
7462
12072
5657
8850
9889
12871
6235
10394
3085
11082
5189
9244
5322
7127
8910
10055
4665
8394
3780
8868
5212
6212
3741
11875
2906
12310
2966
11894
10573
10938
6221
9820
13002
2997
7553
2525
9160
7616
2808
2687
1084
3283
4874
11684
12330
5136
10326
5472
11520
11167
8811
2947
9164
4689
6787
11694
12596
9012
6046
1785
3531
12776
9590
5458
4856
889
5477
6722
8617
1634
599
9756
10535
3967
2611
7471
5345
6701
5960
5863
6836
2263
7172
10034
7196
7935
12650
1648
7748
1046
9983
9184
8590
2498
4256
10625
4603
11724
985
7044
6686
620
2542
8036
7017
5131
9766
777
11400
9852
369
1024
8319
775
1587
2269
1458
2909
990
6792
11765
7743
4467
7521
9470
8361
7543
11668
10820
7036
12643
11630
9081
7370
12794
2606
5616
7405
7024
60
1492
8768
12878
10998
9997
11502
4838
8401
5932
4485
4416
11545
3058
8871
381
12124
4187
8210
11
9553
2901
1299
7429
3140
974
7425
1195
1008
3338
1936
1216
3175
1987
12976
12607
9572
11751
7778
8621
10066
1262
6242
186
7149
9377
4080
9321
9426
11477
9697
11363
1326
5782
1710
4840
1949
2987
8160
1071
6770
10823
7938
9358
857
8215
10122
12355
9048
1684
2722
10354
4986
7274
9020
6544
4219
11353
622
289
6388
1695
5049
4481
7013
6147
3228
12420
6817
2782
7682
4165
3644
3782
11797
1463
12220
6659
3288
3630
6260
7888
1303
534
10175
3215
2703
2907
2097
10442
9430
2563
896
2618
1835
4301
3056
10662
11442
9432
1294
10125
3989
9601
10719
3629
8716
4692
10821
6303
9366
4983
10813
6978
3525
10121
12625
5810
12880
2778
4014
11671
824
3262
1091
236
11866
7842
4747
8034
9551
2340
1208
4364
9886
6077
4923
12825
10115
2443
322
784
10688
1765
5720
573
4335
1045
2675
618
8942
11779
7360
354
4578
4208
6529
7131
2925
2007
6648
1865
1339
2446
9
823
10854
7253
1836
7217
9809
7202
11273
5904
5468
5507
9539
5418
8785
11092
4829
2435
9231
11139
1931
7821
10245
3690
10465
314
6402
12380
12927
3849
7643
6246
12388
1866
3268
478
5890
2019
11216
1233
8219
979
971
10342
6438
8182
6253
8629
1583
4338
10280
11593
1382
2371
9555
1549
12135
9333
9396
10782
7929
6086
1555
7591
2151
8987
2935
7495
7281
5232
8173
9024
268
9241
1724
1093
4361
1337
12470
9769
10081
8707
12227
4763
10046
9490
9986
7355
3339
1475
54
7247
2350
12331
566
3104
12692
12688
8941
2952
5862
6829
6795
8491
8956
4651
5215
8235
8610
400
854
12414
1652
2217
1180
6967
8695
11644
4696
9837
4798
5094
9855
8760
1036
5456
3269
11935
3343
3879
1444
4772
6536
10760
2897
11919
8593
12604
10378
11889
6880
9188
9967
6564
8038
10766
3605
6705
4984
8985
5721
235
2253
2058
6921
6085
2539
10014
2426
8214
2723
6645
1915
7715
1829
6425
5139
10099
4151
8258
240
7592
7139
3938
11059
12947
1716
6479
8274
1431
2212
12305
6273
11376
7630
10072
12229
5695
8161
9803
6959
4553
12995
11080
1723
10987
2405
5086
9120
5330
12107
6019
9123
890
4281
9970
7921
4056
3135
7673
5537
952
3457
8995
2551
11230
5893
6196
5706
1608
12450
12372
7707
9400
5776
7135
5925
4961
8637
817
11162
12943
6725
11392
7478
11729
7473
4937
5736
6430
10926
9724
9349
6169
1393
4887
6101
9310
4520
11700
6451
7303
2337
7112
11292
3094
6357
4498
9224
63
2571
3226
1457
4575
11211
7770
5513
5430
12006
8973
5140
10580
10017
7453
11165
10651
4261
1189
4009
8883
4737
1911
11736
11745
12490
7065
9681
12902
1442
8150
3790
4883
12780
5249
10449
11197
9584
9330
6354
6519
2319
6781
1719
2089
11788
10063
5981
2484
5943
1918
8505
4415
1671
5024
3046
5110
2709
3353
6120
11524
5481
2863
1162
1464
556
7813
9752
11309
2543
9176
9969
3865
4438
12667
477
4147
2807
6660
6484
3515
11943
10025
675
4101
5199
2281
7915
6332
6381
1613
10126
1047
1272
12408
12954
4421
9412
6515
12092
5064
6314
2992
3651
697
10147
253
8763
8992
3694
1186
11500
10016
12940
2367
1421
6489
1630
11620
9942
6632
4274
595
5469
10696
2650
3279
9372
7022
8134
8420
5656
12263
1271
11371
7121
6799
2680
7916
6841
7793
1102
1176
8594
7318
7464
10590
278
6668
12533
8135
3807
462
7040
4948
10201
1087
5380
1964
232
11330
101
1997
4711
6765
4634
5990
11225
9824
2002
631
6955
6289
1214
4491
2297
2355
11947
7646
9185
454
4210
4178
11837
8003
5683
11163
6784
11929
4736
7570
7777
10481
383
9098
4738
47
2794
11331
11381
1672
9211
7750
2922
1309
1082
6774
8402
8924
10492
3030
3852
10848
1103
3152
9314
3903
5257
5174
11157
12203
4345
12580
2887
7803
6149
9684
382
4350
8933
3932
11813
9648
8015
2320
6848
8721
9111
8356
2318
6234
3168
6762
335
4283
7239
4623
11696
1098
8121
10337
11091
8019
12674
10865
10264
12421
5593
7787
8283
11695
7218
9575
9132
2332
12658
1133
11370
9485
7734
9876
12242
7242
11969
4144
6095
11351
7209
7590
1400
8936
4739
9788
3631
7837
12407
2107
10503
12192
6309
3019
11648
9260
8447
619
3179
1389
10038
1790
5860
11403
10002
10800
1283
3464
1522
9245
6367
12733
293
8039
6974
1571
3757
4114
8031
11063
804
8921
5531
8250
9567
9893
8616
10104
2673
9312
5185
3224
5487
5745
12712
7791
10084
9033
7559
9740
6043
9925
5112
5971
2962
5739
6180
11417
9738
1881
12471
10345
12613
12309
1951
9914
7573
11542
8780
81
394
846
2951
7419
10240
6584
8108
8220
9259
185
9332
8632
4571
7957
11377
6624
10386
6470
10472
6968
6950
9143
1397
5083
7081
7277
4795
10723
7845
2236
8779
8872
3812
8702
1818
2943
5953
4759
2234
6213
7406
411
3071
10165
12895
5166
9179
2532
8865
12955
7329
11950
9678
5344
343
9776
2295
3762
10686
3007
9022
3641
10881
2900
1950
2277
12024
2146
5454
4143
10891
4709
937
4517
5004
9251
4206
10383
12636
6712
2214
4357
10773
8860
89
11213
7451
6989
8415
7596
12916
10646
7326
3580
12771
11006
6146
6160
11404
4522
1072
12787
7709
2137
10978
5070
6808
9202
9446
11301
7029
11076
11980
9863
3561
3708
4740
3398
12517
3983
8733
5503
11171
12953
9799
10087
10856
8895
10024
3529
9730
544
12699
1998
2584
11572
5851
77
1999
8536
9335
10940
9711
6352
10075
8988
4833
1547
4067
6310
6557
10517
3867
12892
4922
4920
1470
8177
1750
2365
7522
9480
5760
6791
3219
5749
2959
3848
2589
3050
12961
2559
2106
2094
8502
8221
11313
1057
12166
2244
3127
5072
4611
7113
3984
6900
1385
7230
12321
7380
954
9324
1342
1217
441
1395
12281
12452
4098
11367
1293
5952
8412
10222
8169
5095
12308
285
2219
9901
6671
8077
11546
8597
724
9126
485
3922
930
3808
12287
4505
7511
1662
11223
607
1158
3160
1927
2166
12941
7887
539
11992
379
10595
3465
1184
1919
2851
2205
7922
3003
1399
7008
6896
11324
8761
8574
6749
9042
8630
4860
3589
2182
3192
10283
11852
12937
10319
10508
8560
11653
12268
9427
11329
3043
12554
5505
5908
11733
7487
12842
3986
6311
11188
2625
6224
6040
3186
7357
10657
11168
5281
53
10299
6739
12494
7891
1260
2399
1331
1553
3970
5664
11655
3897
596
7205
1972
6569
6060
7629
8378
2341
6211
7947
606
5902
10312
4262
3259
6383
11384
4216
2850
6969
5329
4903
6062
1362
11512
12482
4830
7661
10951
2728
11398
7577
2549
769
3609
6803
2324
9375
375
8376
11071
4707
3098
5274
11232
6148
8014
4590
12845
3066
1546
6822
5577
8596
975
6378
9473
10918
1609
4685
11742
11514
3455
2902
12838
9089
1386
7031
12413
5628
9810
12264
3467
2755
9896
2114
10694
8474
8791
7846
10423
6412
1890
11387
4941
8011
5347
9532
7037
9304
2660
7648
10182
220
6744
5201
391
5321
1469
8720
5285
7399
5668
6078
469
10453
4318
12748
3836
140
12901
4628
474
3413
13011
2510
6702
834
7940
8588
12039
7254
7262
9977
1655
10714
10134
418
2381
9609
12318
8185
4934
4777
437
10241
8291
3633
13003
10563
2989
8338
5899
6538
500
4921
9062
9524
1632
1259
11322
1900
554
10011
12016
6476
451
9286
3992
1550
8945
1619
6065
10855
10732
9436
1734
1969
11712
8774
6037
398
9644
376
12831
9157
5060
3535
2105
5648
5689
7913
10000
6035
3158
8558
12111
384
3979
8694
8453
2280
12084
6575
11750
4587
5389
4267
4445
999
803
11719
3424
6910
3639
617
6788
11473
8675
9971
1737
2191
2912
7026
3537
10505
10749
12518
2307
8476
9368
862
12557
4331
8367
12843
7742
9479
4305
3145
233
12759
2583
11614
3538
11553
10704
2961
2759
5777
11821
6288
11707
12442
7215
2836
6816
4160
3387
1314
1143
4734
6269
1065
6889
11437
6783
7387
6350
3406
3365
11474
5443
4567
9129
11618
11598
492
1136
9708
781
7126
4867
6588
557
832
6422
9569
4123
7304
11356
6312
5523
11999
951
12359
3307
5761
737
4745
5768
252
5316
3586
7790
10092
6998
5694
1812
1279
3169
800
5783
12469
8273
8372
6423
7055
9633
7983
5562
12899
10654
7988
10697
3615
3131
9771
6349
3714
6834
10648
2816
3351
6279
8746
1908
12666
9945
2301
8799
5897
9770
2208
3029
4660
7311
4643
1703
8847
8659
10622
1092
7187
9595
273
2895
10358
1107
7233
8456
7498
12295
7350
3118
143
2188
3657
6514
1562
11413
9510
12012
8851
1004
1656
5016
10655
5967
8557
4321
8580
3635
2012
4215
9181
12218
7614
12003
5771
7717
4638
883
5410
2910
3018
6571
9290
3403
2361
3961
6135
11898
5490
8231
1863
393
6296
9339
11184
2856
12056
6905
8931
9293
770
3626
7285
8467
347
115
11054
1411
8339
10962
11001
4615
8099
7354
5160
9090
3539
2349
8642
1697
1333
2594
4119
9913
2760
7549
11904
5291
4697
8050
660
5999
3717
11817
5730
19
4926
5040
10498
9471
9472
1018
1905
4232
8422
2751
4716
9384
2781
9455
9178
4419
7856
12222
6299
1844
5813
5869
9303
9497
9732
12762
10597
2233
1942
9748
8991
3213
2001
6716
8308
2485
12170
6157
8501
1123
7847
6188
10795
6638
7785
117
7219
7756
8170
4103
3084
600
1068
12467
6909
10171
3076
4761
10631
1622
4221
5052
1112
695
1347
6467
2363
9909
1563
2738
6680
5479
6097
10416
4322
5677
7523
6699
3444
953
4258
2016
8645
1344
3417
6041
4691
12434
3274
2121
5288
11234
12696
12792
7358
3218
10681
1556
4947
5483
1081
1505
11910
8904
1311
3197
10825
7977
1666
198
6052
7892
12526
7759
5356
11310
432
466
4373
1513
2359
10788
12455
11809
8369
9872
5522
11597
1722
7828
1591
313
8270
12865
7898
7836
5638
12950
11754
5258
7155
6390
5256
11826
9843
9256
12723
10214
5535
364
12476
11181
6238
8528
4173
6386
1645
2267
8820
9467
6298
11675
7548
8892
5019
9588
6637
5412
3919
9622
11808
2731
1988
6742
2999
11107
5829
11698
12534
4886
3237
5688
11219
3945
4815
2662
9359
4548
11810
8418
7990
6581
9219
8309
4408
11945
9507
206
10554
5993
7504
9516
752
503
10467
12435
1670
7581
9606
2547
4117
1594
10495
9580
3103
1478
6464
9336
3454
3376
8747
5434
3982
6030
11043
6704
4702
6134
246
3243
10722
7900
7266
3777
11986
4757
12619
6428
110
7133
9560
1169
1726
5702
5364
10735
3509
8739
11307
10999
10045
3709
7420
12977
6092
8465
12018
8068
7444
10343
5298
1101
5643
3124
4270
2300
3220
95
10219
10123
12790
11964
1971
3634
6437
4294
12693
9618
9195
12405
12143
8477
3476
6159
6525
1581
10885
11581
7906
3795
12628
10475
7965
3253
7820
6789
1437
11979
6873
4194
8909
4712
11141
12503
12529
1150
10446
12460
9210
3998
3122
616
11780
12466
9291
5202
8709
3329
1644
891
7812
61
10101
2796
8289
6535
2454
7011
1663
757
11429
7924
10699
9757
6409
10826
13000
9813
12361
42
12556
11772
9890
7430
12004
4562
1688
422
8198
12578
5834
4406
4596
2627
12241
11569
3937
3173
12159
3271
8704
4145
4382
8407
12930
12085
7626
8223
5553
2331
2171
8503
805
6886
5066
2593
3699
523
3008
3517
12289
11151
5308
10462
2981
7245
786
6282
9899
5210
11802
12065
790
12070
3654
5798
12180
6993
6257
11688
1777
7226
11899
11206
2249
7844
11285
11577
12419
12513
704
8818
2195
8437
158
8363
12550
6158
7106
2843
7588
8429
9270
9902
7897
10268
9981
12017
12485
4871
9922
11643
3898
3692
9424
508
8
8285
11645
10627
7985
12539
6980
479
11251
12271
8148
10220
10702
11549
11366
7689
8267
4859
7622
8511
8506
2142
12197
12681
6927
66
10432
9621
11631
714
3772
11014
12834
11637
12713
10392
1496
9713
5800
989
4723
11778
6029
1049
10351
8041
1206
6555
1166
6578
5289
6945
5235
2555
12265
8398
2284
8290
1861
7443
5326
4904
1846
2161
2567
9295
2519
6385
7433
2534
10288
3069
11615
10152
10843
3231
11134
9879
8440
11880
312
12128
10405
12495
6439
7943
1079
5318
10323
7645
8998
987
4969
10054
6851
6014
1485
2754
3587
1730
281
1525
1483
1545
7050
10899
12614
7042
11073
5663
2411
9907
699
11568
6076
967
12173
4785
4240
1345
10082
4916
4600
2874
11998
5713
1480
1976
6613
517
8566
12375
3371
10419
10301
10884
11743
2585
2241
6174
4530
1986
10600
6936
11905
1413
10569
4982
7118
4535
1541
4891
3014
9910
1300
7579
4718
10058
6424
9373
4564
8426
11795
11911
12802
2701
6738
8044
4179
3194
7436
629
7086
3326
12744
170
6000
526
11670
6458
7070
3114
3480
12100
9055
7125
11749
1226
5033
9484
6189
7932
12704
211
12840
3060
3706
4183
4813
9800
6539
8516
1059
4586
688
8634
5124
12282
9660
8751
10
8159
8815
5369
190
12369
6869
1901
8494
5224
6372
12781
11877
3504
894
6558
6475
12401
700
8365
5087
4492
5334
2753
10364
3112
4957
3239
10094
3715
1168
12411
12345
9864
5266
10903
2330
9329
8549
43
5252
11131
11385
844
4381
10661
11355
8915
10022
6271
11619
4529
8967
576
10840
8251
1378
2486
12573
8183
3349
3977
12451
4605
12590
9307
11820
5998
8723
5204
2777
11380
4616
8268
2960
12615
5179
8889
124
12893
5027
9531
10901
12669
1579
11271
8813
1054
7107
6161
12137
244
8545
491
1974
2716
11201
5524
2527
2387
1023
10778
12905
7534
3779
8373
6068
8849
4992
277
5254
9410
3372
3850
5022
1053
11708
1330
12923
5614
3960
9853
8852
3581
8930
1507
1063
11842
2010
6532
6675
12049
9385
11996
10526
10539
12509
1738
7264
9364
8949
9912
7450
6548
11454
12884
1052
2487
9266
3493
1495
2973
6407
11341
7687
12376
5738
8822
12465
7497
12307
2057
10489
10422
4377
2645
10407
10377
8127
5222
1872
12542
5187
7716
1073
1568
11390
3567
2076
7176
1899
12402
547
12196
2213
12588
3210
2408
12194
4977
2944
12958
694
11706
10690
5704
11552
6293
8116
6562
147
6416
5886
7456
756
8313
5796
4932
8439
10802
395
8857
6081
9489
4150
2257
2541
6301
2806
7632
10798
3659
5108
8070
1121
9413
4054
12277
691
10195
4768
5709
4470
3685
1784
4096
9360
2524
8622
11193
12522
449
5675
11864
1132
299
11416
10685
1419
4134
12337
3364
8318
11718
3440
4496
2654
2682
10440
1539
7675
222
12091
8391
8431
2126
2730
3361
1138
6713
279
1725
10350
12569
7507
9082
4319
674
9429
8064
12822
3059
8745
3009
6163
3090
12511
9238
9209
5612
2904
8040
8380
4554
2150
6433
2980
3617
9058
8952
12497
5341
10633
6790
11345
10762
4870
2378
2632
4965
6347
746
249
11411
3148
3453
8008
10933
6250
9640
10357
1796
11649
11766
8144
8699
48
4998
6864
9556
259
12847
5624
8478
2259
8773
1122
12491
5609
9720
8703
5653
3916
8327
7051
3858
11443
4552
9903
10208
3001
9962
10695
10920
5595
12979
3041
282
7016
7816
6794
4172
11612
7460
988
9978
10608
8790
10368
2204
7231
6361
4390
9904
5753
1893
3652
7506
12512
5123
2672
2069
998
5068
5323
2734
1064
1351
3590
682
7234
12149
970
2841
4025
7376
5579
2684
8086
8345
4340
7220
8750
9233
10743
2835
2894
7448
11183
9666
11966
3450
5642
8072
9002
9663
11847
1263
9722
12168
10333
9067
2467
4302
3120
12756
483
5172
2305
9113
5007
439
4384
7811
717
8510
12051
11343
7937
6504
5073
4843
7848
1275
5610
12074
197
6653
11261
4075
4708
11699
4579
12528
12011
1308
7342
494
10425
12711
6930
3697
1069
7006
4225
7781
11062
8809
12261
4809
6583
7103
12386
983
5056
11915
1471
9493
9486
3348
9154
9403
12171
1529
1564
3498
5794
10972
3208
5741
3337
7979
10328
4717
316
4447
2139
204
6576
6465
4386
11776
4136
12027
3442
9461
7389
4980
4411
1760
171
7414
11450
6205
12782
7679
10012
8201
6210
1948
12377
7481
10255
798
7089
2587
8306
5103
8970
7144
5527
7054
8831
6550
1261
9930
10955
2088
3683
4644
4898
1626
9305
5168
8598
8715
10880
7361
199
10731
11566
6534
7870
8827
9145
430
9071
4945
11369
6140
947
5518
9418
2597
3149
527
4899
6365
1855
10267
1423
10683
5645
1466
8678
6757
10841
8396
6865
4464
6695
9950
8646
11587
1099
6193
6818
4956
7619
10128
9841
271
9095
68
10096
8521
9050
1862
10049
6207
8928
11116
10488
7978
3688
3062
7359
7714
6747
7910
5976
10497
9334
1667
11660
8239
7779
10146
6740
1952
2390
1042
7593
1735
5128
2896
2886
2119
6366
623
9667
35
4133
1617
1021
3232
7390
7587
11094
11920
9694
5105
5887
475
8406
1764
676
13001
7670
6902
9972
7186
2797
5340
11101
11372
4792
9249
11328
3506
12005
7237
4081
3432
10466
6710
1728
7698
6275
7328
12078
5591
5650
9437
7722
11641
12400
5154
3463
12363
6024
1297
7428
4349
8233
6973
4924
3261
9030
5812
10973
9552
2899
9491
7995
403
5142
7289
543
4514
4625
9538
12891
7347
7273
7533
831
10216
849
224
6220
9698
8982
5978
10995
387
8829
570
10615
11548
2787
7468
2827
904
12684
6505
3299
5918
10143
17
8240
12267
1902
1192
2148
6061
5716
8046
9017
3611
10626
5181
3072
2847
4877
9444
10842
9420
7681
361
11302
1130
2196
9487
11129
7410
7482
5439
5144
8903
1665
6707
6345
881
7881
12202
8969
9450
12544
2529
2596
10409
11047
9227
3899
9949
3747
11446
1002
3877
1592
2246
11455
4753
10204
2536
3821
5884
5480
7407
3601
10571
6380
340
8104
7725
720
6813
12986
7146
11757
9503
3247
6256
4118
8620
3356
10911
11098
7152
6116
9297
11782
438
6981
3712
4104
6186
5566
1572
6582
1943
7638
4451
2590
6396
51
1600
2676
4334
10093
2649
3925
3981
11547
10649
11596
12324
4422
10598
10277
9767
8808
7397
9729
10947
8149
3511
4754
1503
9654
10418
7339
4661
9125
12443
12228
10859
9670
520
2304
9311
1574
701
9342
1807
4486
5649
4981
7398
1126
7807
4152
10079
9791
7823
12034
8446
2875
11623
8357
6240
11316
11591
12233
450
5599
7115
1582
10322
3582
118
4885
9153
5871
12336
12605
242
11173
6764
8417
6506
10786
9007
396
1560
9265
3291
7546
11247
6761
6173
10027
7386
1305
12474
7519
356
7484
6094
5335
9873
8097
3555
10759
9387
7752
11293
10265
6556
5619
2763
10804
12155
7763
8389
3477
1425
9059
11595
11231
2741
2198
8209
12184
11582
4989
7052
3751
895
2056
1172
1511
9222
11374
7942
4248
338
9881
3235
2270
137
4046
5941
1156
793
10338
90
4107
1780
8087
7589
1489
12423
1154
1833
8192
7002
8706
8914
913
10665
4875
1291
2108
1250
12752
8534
5814
8698
1631
3745
642
9787
5351
11794
10035
7223
12745
3397
2881
10348
6176
812
12887
1965
10673
11769
1820
357
4592
6297
1714
9463
12552
443
9106
10717
4072
785
2351
1906
7850
3428
6831
12867
8166
11299
5150
5994
12913
12148
11318
9041
878
7841
6295
12710
10565
6861
4329
8552
1841
11628
12854
12403
2
11119
8351
2278
1633
5223
6493
10629
12178
9159
12114
4765
8900
8943
6208
2518
1831
2630
11540
4048
12560
8188
12555
2884
2505
5461
11933
10163
2747
4974
12553
3276
8644
6594
893
726
305
4847
1235
2560
10180
10086
7824
5920
3837
8303
7773
5465
8885
3980
1523
5644
9357
496
8355
5856
1430
5672
3394
9598
1426
4749
10658
2554
5519
490
12081
6128
11983
3346
12199
5995
3137
2011
10564
5104
10420
7572
10516
2788
5476
10705
114
11605
4975
2628
6964
9980
9217
7062
2800
6389
12798
4332
9347
8349
7207
3475
5065
11258
9439
12031
799
6410
8875
10892
5770
2335
6358
2598
9544
579
13010
1350
9891
7048
8772
1209
7283
1329
7058
3408
262
12456
3882
2083
11978
3785
4073
2155
3373
6867
589
4724
3193
1164
11389
11890
2812
501
4774
1487
10546
12833
10252
12146
3549
4109
1588
2327
10559
6854
5253
9508
1280
6457
11559
569
3593
3760
7109
11640
9506
11121
9761
11418
4244
8202
231
11927
5378
11957
8143
4760
8300
4391
9709
3359
4140
1827
6434
3948
4680
10612
12839
1462
4510
9542
11859
1614
9393
9768
6324
2054
1320
8532
111
8591
12133
8385
9574
7911
10159
828
3021
11125
9306
12042
7973
9344
4925
5900
10232
5255
7945
9240
4228
10711
644
4584
1772
5085
12671
10833
11337
1234
4211
5589
10455
2457
2279
12600
8673
8054
6724
10956
657
9947
882
5781
12633
5698
5384
10875
9115
2699
773
1402
8130
2920
4207
4850
7702
8564
9617
1959
4286
4277
5543
10132
1009
4304
6255
324
11692
5042
9573
2133
3500
10363
12612
9727
918
11963
12563
9673
11897
9966
193
4306
1610
6267
12201
9789
8638
3551
12980
12799
1332
7085
11647
2982
11022
991
6872
5793
3389
12208
6937
2157
5371
8428
1144
9593
716
402
11344
7879
2447
309
11666
10390
10424
7986
11189
1822
10839
11747
8977
3027
1756
7105
8095
8029
3527
7306
9918
9323
1598
6948
12156
5764
12668
2456
9057
12735
5707
10029
6687
9859
10544
8197
5757
8370
10361
5209
2749
5405
1825
12939
9634
3978
588
2167
2892
5386
10577
11126
4243
6527
12690
7368
1145
2520
1729
1864
2666
3871
11451
11161
5824
4131
13006
11440
9060
1325
11133
4031
739
6468
604
11576
11907
5866
5098
7472
2388
670
10040
4693
10336
7263
3781
6231
2737
4004
1774
5280
3377
12964
1732
3020
2766
7786
4405
9699
9064
173
4259
5693
9816
7775
174
261
12975
12188
9112
6843
9345
9350
8409
9680
12446
3324
3669
8855
11259
5911
5938
5059
5163
10486
11194
6028
2718
10584
2424
4100
11394
5436
12424
5069
3494
1520
6187
4299
6355
3200
6328
7280
9661
4695
9956
754
11383
12724
10435
2631
7184
6300
3429
4715
9128
5500
11909
1673
11902
294
4682
12313
4849
10853
6691
5324
584
3958
5368
9785
10769
11132
5606
7517
8061
12346
2948
10877
3366
708
8966
11531
7516
6105
5035
1514
1254
337
5333
10068
549
1194
8653
2436
7189
5818
4375
2908
5030
3600
12334
2316
8738
1498
12922
2202
3599
1420
10876
448
6911
9511
386
5581
6426
6274
1603
471
12225
12327
10937
4699
10963
4952
1659
2374
1286
301
9878
10765
2232
12873
2322
4463
1251
7551
3191
7151
1338
12246
1383
5196
12245
11517
8661
161
2985
8685
10260
9764
10806
8004
4814
11738
4346
3859
917
11732
5025
6892
7251
12858
3420
12437
8257
1085
6070
10667
6917
4
6976
8531
9452
3336
11710
8771
3642
6979
270
1322
8507
10395
3855
5240
4882
4249
3693
1641
1624
997
447
9242
9084
11042
11504
8762
5752
1642
6152
12718
2876
12672
12670
1580
5496
12088
1519
12362
709
9434
5312
7435
9255
420
5621
5947
11883
8450
10270
4257
11823
11281
2600
4591
6737
435
11805
10212
8541
10520
1200
8980
9262
4931
7465
7547
4026
6598
9570
12431
9135
9464
12145
9460
1769
444
11056
6322
10708
640
7145
10315
7760
4857
4059
9054
12479
9013
10721
11828
12708
2396
7819
10815
12734
10936
3953
3526
3518
10239
7663
4565
9953
12837
132
7053
9208
6839
8604
5592
8284
1392
7853
3817
6775
11046
6336
1257
8217
10630
1548
3510
3761
1535
7886
2048
2127
4972
1887
5107
4993
5309
9331
1288
12719
6780
10596
12312
981
5106
5534
4748
11067
5470
10789
88
1739
2758
2764
6051
2883
3013
5956
3264
2044
7745
2635
5909
1786
10487
6387
11530
12130
4518
1368
9614
8667
4671
4593
5050
412
4504
7956
1689
3315
11078
646
10311
6166
12753
8002
7083
4938
6482
12360
3270
10289
8523
7150
8484
5100
10042
8331
1749
2504
2651
2572
9509
6618
1412
1532
11713
2939
7652
7825
12908
10706
8459
4002
10888
11145
4127
12785
6643
1593
10954
5455
5451
6492
10494
4536
9099
5843
12212
9728
3437
10512
2124
1946
8416
2853
11711
10162
1197
5561
5348
1414
1843
9754
9651
10237
3584
11626
6685
7893
9483
11459
10603
715
1682
1515
3927
8470
3441
12339
11191
4393
10547
12585
4052
5590
12142
6022
3647
5467
10775
6142
9868
1277
4452
4353
10202
11204
4743
234
71
5618
4368
4799
5821
3610
4354
11770
4291
7968
339
3332
11138
7156
3254
2968
5320
11541
5795
2218
5584
9390
10866
11624
6726
7584
9607
5045
8651
12924
7141
12527
8844
10308
12502
5028
3143
10990
11412
3556
4141
8744
661
9263
3421
2657
7267
4367
3170
5491
7177
843
9200
761
11268
5155
1062
11284
5603
7843
8340
8606
2314
5765
8172
6895
6403
11210
11240
6635
8325
11651
6828
8795
1428
12634
6335
5358
2545
8073
7705
8129
6082
2144
10451
12626
687
6417
11295
12662
11342
4667
11005
1304
6156
12395
4797
6615
7500
7269
9829
8419
7574
1222
4149
11106
2482
10746
10902
12630
6570
3178
12971
8441
8923
8583
516
10586
5315
7178
3128
8403
11741
1702
8154
12224
7488
10816
4158
11408
8354
11229
2172
11532
7459
4420
5379
8042
8001
9599
8830
3880
2659
9272
8421
8655
7129
10904
9934
7567
4641
12747
1792
12391
7015
10984
4246
6113
12291
12134
7190
12775
4276
12773
4242
4720
12855
388
7545
4412
1048
326
1134
2721
11117
8612
8539
5453
10991
4863
6938
6445
1454
9466
6815
7627
12812
7021
11557
2380
7023
3951
12896
7027
4655
2931
7992
12122
8989
4290
10450
3119
12489
9860
11439
459
4040
9201
856
254
11529
4162
83
4201
671
10960
11142
1140
11003
706
3472
3907
104
9620
119
12101
1182
11414
10300
5231
6440
3057
9848
11879
3345
4489
9589
5230
319
6090
4161
1417
182
5763
7869
11639
10832
11112
1787
8275
9320
11606
8216
3116
10019
3073
6773
1782
7634
5699
10567
6123
11873
5632
8330
12701
9746
2120
12999
12498
12602
3962
2840
1921
4271
6154
12015
1146
7066
9177
3211
2502
10558
9287
12973
10502
3174
636
141
12981
8175
2122
3065
6975
2015
5047
10261
12795
5806
2953
3109
5917
9946
10827
7857
1128
2604
12161
7950
7250
6139
12816
8247
9562
3643
8783
6994
12691
10509
1561
3944
10172
4836
10026
2227
512
4042
10177
11483
7310
3902
7636
11665
8191
10682
9880
8542
8481
11176
6541
10047
10480
11253
7493
5211
6112
3748
373
7865
463
4366
6088
9993
3272
8960
3113
5034
12934
7677
9774
446
3313
2640
12969
11115
8525
2711
11283
1365
2021
6004
6072
7792
1163
7045
2225
4041
8888
6833
10513
3775
1318
11536
10179
9337
3369
4027
2028
2820
8081
6129
7996
8946
1361
10927
10153
2082
12396
1508
3157
6007
3913
3523
768
5287
6495
2090
5880
6609
9712
8758
11868
10932
10770
5951
1512
12904
7653
6195
5926
3881
11427
8887
2842
6369
1923
9798
12978
4439
4664
9216
9928
245
5186
3547
5962
11538
9402
6863
9931
8486
6840
10491
6533
11227
5382
12076
3111
4084
765
3374
4681
12230
121
8927
626
4295
5416
11357
1117
11503
5306
9355
2905
880
6946
10120
3544
8782
8190
6270
5973
9707
4460
5742
8315
1179
10871
509
4936
3016
2282
12209
2767
3860
10298
577
3212
1017
7252
8117
7068
4647
5728
10747
10412
10981
1243
3847
8286
3396
3447
1258
9659
1050
5464
1802
3682
6914
10145
6348
9352
1391
7684
3319
7838
10119
11347
12044
792
1566
8963
311
858
12714
1010
11590
10566
5391
5703
3129
10244
12109
11693
12811
7654
936
5602
5611
11855
11830
4585
7391
6985
12061
3100
6093
12989
5792
3686
4574
3900
3940
3512
5413
4604
10262
2189
3256
7486
1925
11428
2591
8256
2671
4698
5836
1319
925
10942
6735
4188
4167
10399
7867
12399
1530
3248
6987
2000
5078
5826
10095
2950
5176
6226
1811
2437
1040
11441
9010
591
2125
12432
10335
6239
11740
11720
848
11869
9581
10274
7317
6952
7059
780
3516
12841
811
9443
4121
3918
9964
59
3731
7090
6912
11744
9165
12157
11505
3828
5381
8674
2648
1638
8601
6002
2370
9941
10290
2686
12638
4507
4816
5304
3093
9119
5839
5517
2145
2508
2273
11305
3891
4744
6923
1874
4701
3412
5269
8572
787
585
1819
2976
10755
10329
7091
1690
1877
6827
128
2045
12317
7795
6395
4493
8986
1699
12566
10628
6432
4823
11154
10166
8207
6711
3856
8770
4805
11038
12946
1494
4822
5989
260
5691
2848
6047
4376
4694
6165
10777
4532
8013
2101
6218
7382
868
11714
10591
11424
3468
122
11127
1467
12055
2163
8863
5301
5167
3435
9223
10476
12546
511
2071
1680
12326
7319
2623
3734
348
9535
6526
12077
1544
5485
8341
11539
9102
4099
5293
5605
6005
3728
7088
884
10906
4191
9960
3528
10071
4958
2366
12020
2877
6949
12123
9144
4434
4229
9550
3912
3730
3125
1804
8769
11462
2823
9035
4342
10039
9862
12335
12772
7958
11678
2073
8083
8400
6731
11901
11862
822
1962
3130
7799
7927
12516
5307
597
2403
9854
11563
6732
4619
2377
275
1038
12814
529
78
11928
3975
6890
5051
1310
9108
123
7575
9519
10041
3419
4558
6730
4648
1035
11886
2164
12857
5636
4582
12700
6236
4454
4079
10117
9173
9517
8118
3592
8059
690
12889
11683
8025
1552
5830
2795
10781
5195
11464
11321
2285
2578
13007
7615
6199
12766
10663
10036
2386
8193
1627
10751
12266
10346
11843
12488
11507
3495
9657
9963
12819
11786
10459
1183
8535
11118
5767
1640
11574
9793
5243
8082
1957
12428
1606
5353
12279
9127
8487
7084
12427
9747
9647
9783
2425
11338
5332
12925
1720
5820
1125
3719
4326
9780
2990
237
2018
4556
6228
7710
2005
9937
6807
4703
2727
6501
696
8140
4044
7143
10276
2134
4064
9826
1160
2402
4601
26
10687
1806
2474
3805
11019
3323
4394
12433
5723
12348
3929
4260
9289
7510
2152
3478
1625
1037
11123
9147
968
4915
531
4399
10253
4269
5402
5093
6067
10097
6778
7474
6183
13004
11192
7014
11401
7012
9398
820
7322
11793
5218
2230
7805
10925
12725
1885
5515
12548
3739
9406
12319
8462
105
3994
1422
7502
4230
11771
10088
6421
10522
6604
10964
11178
8107
4115
1884
5071
5942
1767
1465
6897
558
7224
10437
9812
11913
6016
296
5122
7804
3550
8565
4620
2020
855
2528
6302
1153
8451
9361
8905
1798
5260
3851
12931
5711
11352
5626
3577
3204
10644
10637
3393
12576
4577
93
565
5849
12654
3166
2313
3507
8110
7275
9840
7192
7749
3490
8587
2245
9804
7188
225
5685
3571
3540
6126
4551
9133
12907
10242
3744
12642
2757
6292
10851
12150
1516
10924
180
8184
12303
6676
10817
12697
8836
10483
1364
5940
5855
8509
3997
6573
11851
1813
741
230
5354
3358
4336
33
7204
2979
5339
5544
5119
4557
7423
10396
4546
4448
9669
1558
2027
2406
1845
12037
8329
1595
8957
7492
6399
11888
5676
9736
6182
12919
6859
11286
8934
4539
735
3619
12572
3872
2181
2599
4494
4217
5435
9576
10680
4010
12568
416
8360
6290
12504
7669
4663
978
10428
6110
290
10847
10279
8742
3501
12970
3924
3316
4475
8916
614
5661
3954
9968
10417
11918
8515
4110
5488
12097
6162
10836
4247
3658
814
6444
11445
1323
6750
7158
149
2051
8859
3720
12624
4374
3392
9234
7768
8792
9982
8680
6855
2785
8471
9193
8483
9924
5247
1190
4767
3250
2449
6001
3827
4223
6404
2389
226
7746
4297
9944
11180
2215
11658
9635
6503
806
6351
810
1488
8581
7686
8550
5832
3952
12582
1821
10689
11726
877
5679
5375
795
8858
1394
2444
7901
12519
4328
541
8940
5292
11731
860
5494
9498
5018
5997
8388
5788
9897
7923
1576
7363
8896
5835
2353
7093
4455
1506
5883
906
12984
9779
8668
2066
8080
9006
2358
1743
7518
6481
927
4108
9156
4425
11735
10181
10794
536
7301
12191
8368
2652
10061
9786
32
2459
7513
8162
12575
7343
6990
6835
2771
11554
3000
7969
7248
2029
8136
827
11537
3569
10716
11375
12709
7449
7877
938
2222
10979
7098
8805
3616
5057
1343
11029
10109
1177
4363
10200
5987
7485
9038
6463
4095
9066
3767
1635
11571
2601
7244
4589
8951
1456
5302
5414
727
8682
3863
6177
6020
6091
76
12454
5272
8142
392
10369
3754
8884
315
8242
10613
2229
327
11558
70
8556
116
9623
1937
8174
2949
2919
3703
9919
11501
11077
8842
8749
1274
11824
3546
3923
6605
5250
6344
4930
6884
1315
2814
2333
1025
7004
8445
1654
615
6723
4900
7662
6597
7771
7711
3787
9237
12918
9513
3012
5328
3331
5417
669
5545
9502
3866
12796
10556
8913
3671
3214
317
5548
4606
5858
6490
4820
7949
7049
2773
3915
10862
2085
10083
1327
3996
11509
7941
3819
11764
12098
1839
9122
11023
7878
11948
7064
6456
2501
5117
10188
10359
3646
5933
1244
221
1196
679
3663
6819
8585
12153
1793
4159
7612
4255
8832
4469
4560
1247
4483
7028
172
1601
1409
9137
11976
8662
4426
9003
8853
10985
8569
5743
764
3884
4166
652
7477
9932
5290
6779
6782
11476
6537
9867
12483
5233
2369
12881
3838
10067
5429
2831
7136
11494
8736
7889
487
11891
10371
3411
12240
1882
5927
6926
6363
5567
11449
12793
1611
12029
1817
8764
11916
3665
6697
4864
7216
6992
1687
12844
44
69
5983
6960
3711
4409
5885
11159
1693
213
7936
6995
1088
10217
4226
10879
10553
12140
1170
6287
6280
3724
3870
1477
6063
4272
10540
5823
10157
3594
3171
4509
46
11638
2254
12824
6491
2963
11848
9097
1518
12882
963
5714
1809
8408
8163
7229
8377
847
2009
11497
1701
10958
9440
12235
905
11895
3469
12829
7377
9354
2416
9522
10365
6343
3330
1448
7556
5190
8164
11239
7181
3443
8287
6480
11069
12586
10254
542
8647
6050
4503
11955
4994
8133
537
7225
1534
5440
9505
9146
4372
2804
9705
11242
266
3416
6393
6442
10080
8786
3010
10111
3036
10589
11498
12342
3151
5152
9382
2221
3263
9388
2450
6874
12260
10197
2756
5200
2036
12721
4831
8386
2917
8689
4142
8776
5617
10943
9815
2060
30
1232
9979
1696
2354
8051
12358
2661
9965
5164
12852
9161
3973
4047
6411
113
2605
7298
9687
4284
2298
12436
10021
12860
11863
5786
11676
169
11734
11252
2689
4580
1349
8627
4976
7568
6346
3814
6540
875
6108
9557
6144
11332
4383
6042
4309
3553
7119
2271
10205
3841
6033
3824
5265
7542
8213
4894
1554
145
2860
3769
6114
2068
10393
1567
4063
4781
538
9900
10905
7180
6559
10406
5915
1060
12014
11090
6563
6508
6664
3091
5533
4212
12259
2308
7222
11153
6545
3385
2803
11722
960
1429
6972
6814
12392
3470
1975
1584
1451
243
5398
2404
8562
4782
9170
4613
5311
4407
5437
2557
11567
7740
1771
940
10830
20
9362
797
12750
9861
5089
2867
300
6181
2473
7314
11521
11288
7780
2822
12493
9885
8062
6371
7753
2930
8167
9381
2476
3422
12945
5731
8713
1373
5944
7831
653
5539
9218
12179
9118
5097
8848
9831
4457
5819
5197
4055
12722
7111
267
7457
6265
9267
2186
1220
4610
8205
4234
6932
6700
10106
1832
11396
3608
8834
9379
1875
4253
9189
9016
4224
818
2844
4398
1869
7564
3746
10805
11466
1657
3312
703
8546
11578
12174
6574
5662
10149
6104
7480
9763
323
8586
12914
11415
11275
2744
4313
8423
4278
7183
7424
3716
12703
6958
9068
11942
9923
3950
3159
3664
239
4053
12162
4801
5556
3097
7597
11214
5393
1228
5963
2209
4506
16
12116
12736
10238
10062
7724
919
4017
212
9078
651
656
7475
166
7666
3572
11237
4490
10309
4668
7578
7305
2458
1966
6627
10127
2582
11297
869
7440
11311
10091
9518
10617
8449
10381
11791
9908
7193
1218
3185
12480
5169
8677
5278
429
2889
3350
10528
738
5420
865
6338
5120
350
995
3367
11013
10296
621
3801
6882
9825
331
9790
9449
5427
7421
7102
1933
2311
133
7905
4287
8544
2942
10370
7872
4872
11650
10921
12025
3156
2624
8759
3101
10602
45
11621
6334
8305
1977
1109
12803
5622
2153
6741
10819
5219
7501
4032
11602
4794
4804
4848
1266
8492
8261
11422
8455
7944
7966
12035
397
2793
5135
776
7276
2471
7917
442
11487
593
8411
7000
3956
8045
4157
5639
263
203
6510
11790
11716
3987
7649
8548
9261
112
9898
4111
3266
976
10793
5528
2522
5448
12248
2412
4527
1712
9765
6194
283
3028
2707
320
440
8009
3290
9327
3862
11336
3075
2564
8554
8722
12632
6435
12371
5729
6342
11085
10133
10734
12828
5473
9512
7827
5733
5409
9835
11874
6824
9407
3831
8890
3117
5853
1824
7835
3481
5182
2558
8195
12190
3304
4845
8225
10209
4308
9389
4951
6925
5273
3260
4828
9005
4022
3809
7378
10917
9987
12063
3542
9828
9565
3341
2033
2642
5929
8246
5827
7512
11944
12538
1381
8958
7688
9367
11238
12740
1748
4909
6313
977
6498
3792
8321
8649
8125
4028
2495
4037
12821
7265
8787
12057
6073
6216
5262
11629
5922
74
12158
8106
4125
11303
1612
11124
2434
11103
11822
2421
3825
8711
4093
11326
3576
12430
12389
9226
10601
876
4051
3255
292
5748
4106
1834
6276
2323
9131
521
5350
12606
705
9061
10124
598
2401
3206
8886
921
3560
9087
7437
12935
9404
9000
6552
7470
10193
9951
10400
5979
11290
10224
1981
9069
5425
4756
34
555
3621
11100
2799
11940
1801
1142
10659
5935
4706
8259
4639
3177
4369
4725
7300
1380
2159
5845
2970
12390
12641
8917
12877
5512
7019
2040
3446
9865
8862
1968
12499
11528
9085
11860
3722
5305
5506
205
9939
11256
6768
7288
7737
8692
11829
507
8767
1773
10950
5299
1095
7332
10131
1973
8128
5161
12231
4177
5552
10243
3892
5558
256
2634
3246
2828
1837
11799
406
8026
3520
8669
4914
5036
3906
601
8743
6821
2697
2633
11319
10286
8693
2193
6373
1292
2325
8563
5671
12967
6008
3803
11491
4973
12635
10248
730
11931
9171
5403
9940
3054
8756
11748
3390
1231
7137
6590
5362
2199
7830
10929
6485
5797
9938
7720
4688
12616
11725
11172
3845
11937
10790
581
1909
7039
10499
10314
3786
3083
10421
2537
2315
10545
4910
9316
9442
7413
12154
3241
2492
5217
4728
6048
8023
167
4928
11187
12686
8035
8997
11756
2312
2945
6877
6124
7385
8551
2483
9152
9308
10324
3988
5930
12702
4618
6258
10828
5588
8514
4168
4964
6654
37
1676
5861
10137
352
7010
8296
10581
10606
7338
5377
9514
2116
1970
6230
7948
1147
7384
3026
2288
12032
3930
10893
943
10349
1531
431
8961
11832
11682
10534
3774
8248
7708
1187
2135
10971
9399
8033
328
9566
12730
10325
4555
2603
38
6466
2296
2690
12603
12728
12949
5188
8623
6793
5478
12440
12818
12068
4231
3081
7623
12820
9139
9866
1453
1526
1460
11064
366
4066
3752
4902
6384
2168
10599
6252
4310
3335
5433
2091
4985
1914
8226
8112
902
9548
2577
1740
8512
3308
7880
1868
8577
8877
11015
11021
3650
5214
10164
3888
5811
5343
8611
5551
12043
3123
11977
2190
5238
472
1763
7395
928
86
9070
210
5666
3132
7348
12393
1104
10949
3106
2087
956
1896
3636
183
9459
12198
5170
11340
9169
1788
1781
12052
8304
4343
3965
6633
7255
8984
11893
3438
6262
12185
8802
6928
6191
4266
7908
8873
7197
8754
12251
7227
4637
11222
3328
993
8728
5397
5242
7032
3908
8049
1621
4869
3401
9343
8666
2986
10030
12252
9279
10579
7860
5568
4396
5725
7296
8567
11479
6719
2548
6692
8230
8194
6913
4879
2037
367
3737
39
4058
10890
12739
9733
10169
1858
9995
10715
9996
8241
12716
2869
5852
7362
3150
12205
5387
4842
1718
6746
2770
10867
3427
12965
7438
5684
7096
7586
9187
8037
7392
10969
9527
465
1536
2064
7603
8383
9168
11815
9191
10297
1255
12851
2003
3758
10572
10372
11266
2927
5991
12673
2290
8425
2206
1984
12409
2175
9735
3391
94
8353
1521
10215
12817
12387
2052
3187
12023
12678
10469
11661
10594
830
11849
1538
3736
8124
4650
9677
2809
6924
9034
4293
2038
3216
10155
11009
7160
5084
480
1742
8152
911
9163
6916
10874
5284
11752
3070
2715
4320
4339
10173
1768
4403
6862
3770
11702
12172
247
4204
2517
4137
8686
12104
4273
3005
8599
7728
11199
7747
5043
5220
774
1639
0
138
7744
5221
8200
10413
8839
9252
9186
6172
778
1474
8090
9844
5816
9929
414
2783
6820
10389
9280
550
8254
10023
11205
9274
1677
12449
673
9845
9686
3482
561
2113
12112
12611
7528
3479
3798
9065
5905
3227
2855
12951
458
5310
284
3559
10427
11081
9534
3834
1352
1873
2433
4418
8322
464
10783
6398
986
3999
907
3086
3810
321
6986
29
40
10945
7374
6956
10005
611
2958
389
12062
3165
2717
9322
7967
6966
2336
9973
6876
3566
10431
11282
10757
12108
12333
10780
9438
8953
984
2430
5864
1113
12075
522
8691
933
4617
6251
10327
6121
610
3839
10018
6472
3887
3275
4362
1859
8337
11989
7256
2440
10993
2613
5020
9276
4502
6837
3947
12655
5681
4991
10366
8912
3502
3889
1700
11635
2546
8196
12219
1321
10671
9762
11202
2743
5153
12758
1094
9520
12997
10967
10583
189
5294
7402
4917
4050
3806
3681
457
7171
200
12932
2780
5842
8663
4876
4978
2228
3565
7147
11364
4878
9001
3318
109
10078
2934
1895
2479
2409
2586
2655
8489
9838
11348
7366
6483
7550
11689
7800
4450
4348
8784
2810
7671
11169
5396
2192
2954
2178
5180
612
8705
7964
12119
10234
8816
2915
6248
390
6518
2464
10158
7213
10321
7514
351
8295
4979
8469
96
5659
3833
2708
10331
11789
2384
819
4629
3541
3843
1116
8301
2862
9051
12874
11961
10353
10259
308
10275
1637
4677
12486
4630
9296
9032
1569
5271
9583
9875
3823
12777
10256
368
10575
10510
11113
1207
4704
6227
8346
410
4645
7087
11097
9275
12933
6100
476
8249
12765
8475
9796
9984
24
7982
11030
11025
2160
8841
10334
7540
6039
6496
8165
6612
6136
4758
10771
2368
6652
10033
3110
4544
2240
8084
8123
6329
9625
10073
75
12468
4516
9630
5360
5651
12559
7057
632
12608
4316
6368
12676
150
11490
11087
3793
495
11040
9228
6672
10742
864
5192
8947
5385
11906
11990
11727
633
12707
1650
8147
2533
1761
5687
11662
2791
5449
1416
11147
3705
7532
6241
7003
9206
4303
7294
2497
12720
7292
3718
11444
9905
5555
2393
8490
8643
4288
6150
11435
8461
11452
5759
4495
11701
5737
3404
4538
5928
8405
11775
10379
3425
10729
4139
4128
12537
12332
6805
2174
10272
10118
9015
11737
7185
560
3183
7912
4045
8899
12009
3939
2061
7563
562
3155
8719
1805
1203
8006
10650
5708
10236
12505
9374
1449
6414
12549
702
728
4778
9422
10808
5559
8797
3894
736
4181
1363
6560
7313
1375
6055
6893
8734
11583
3558
7038
176
9985
3935
5116
9586
4907
6689
8245
2231
7907
12599
2839
4832
5808
2620
2223
12429
6531
8048
969
9811
7082
11289
12866
681
808
2562
8328
10845
6665
859
6075
12059
4088
1913
9628
12639
1926
8316
8911
12524
4944
10632
11481
1141
3258
6577
4687
3640
1396
4547
12717
10548
2573
11995
2268
7120
7337
3164
2507
4402
11941
3765
2829
11858
2006
1115
11881
4796
2025
10130
2619
125
5138
10484
481
287
3826
4779
10593
12306
5267
3574
7030
8624
6887
10785
11946
4061
8101
12448
3252
1708
3800
1175
1779
7258
8204
1367
7628
4325
3370
4524
10693
10464
12093
9723
4360
6083
6567
4441
1928
56
12547
11663
304
4189
10156
4000
1685
5342
5946
9105
489
5101
473
7307
9558
559
9818
9725
5039
9150
8690
9298
8828
11825
4581
7297
12302
12113
1205
3052
6931
2115
7712
11681
8176
8547
678
467
9808
9172
7796
1502
7974
11255
168
12832
11939
1268
12354
10009
1509
10511
1390
2022
5041
11753
10284
2995
363
8920
8024
9114
12653
9540
12299
2729
9795
333
1960
3461
1078
2926
6524
8540
1106
7270
6027
7544
713
1410
6143
3904
98
8608
4478
7690
5789
8701
3743
7427
2383
8021
6145
272
11314
7078
11335
4238
1083
3051
10266
8955
8757
12067
3684
12036
6320
10281
7657
8837
7515
5115
11818
2811
5859
10447
3816
12384
6626
1376
4116
6679
3604
4901
12543
4531
4036
10772
2503
10398
6634
7676
4356
7061
8893
12783
12610
10316
6754
5727
10458
5754
9545
12664
3578
3139
9220
4312
5601
9547
1058
5992
7755
9714
2162
160
5538
11981
2801
10982
3521
10883
8102
6706
9405
2385
3354
9456
6360
9104
11556
7122
8157
8224
11592
7043
11109
9411
194
9957
6436
10360
10638
8993
9869
3514
6756
2410
8277
10408
12685
9046
8660
8700
2265
7104
11934
84
8633
6847
5750
2609
2683
1586
2032
959
4540
9458
11083
6943
2612
10552
5977
3293
12540
743
11312
2248
1490
6155
7095
2837
10726
5968
1334
4049
10674
11685
3933
3854
5090
11884
378
5337
8375
1876
8352
7939
650
9474
9892
7094
3334
4927
2414
5634
10970
2493
11588
11762
6809
461
10977
2207
7076
10293
2656
5972
8311
11489
11836
3368
8781
12942
4865
6850
5682
1403
9627
8264
11057
6857
2918
2574
9221
1704
3508
11518
1731
3499
10968
9475
5495
552
10229
9215
7365
7797
12105
1775
2748
3196
7961
8938
9760
2072
4012
7441
4433
11419
12835
734
2540
12136
931
12890
6984
6939
8089
5286
8067
12477
4069
6374
6596
8681
3068
10339
497
9023
12754
9821
4727
11361
1886
1476
11495
4987
8891
6192
6951
9175
11519
9229
5355
10031
7600
7268
6649
8636
3230
11728
10538
6670
12255
8460
4752
7620
8964
9561
9797
3579
10787
12875
767
7124
4545
8589
12217
924
10051
10952
11260
11186
12565
11485
11924
11730
11908
7605
2815
866
5080
12885
11027
12254
1524
4609
12743
10610
7496
4135
4621
7364
801
11516
3675
295
10043
12314
8288
11804
1880
3905
4344
3322
6431
5600
2292
3778
1808
9166
6708
11792
11135
5542
8364
4245
9605
7463
8537
11506
6474
7723
10355
12705
6118
2552
10761
1227
1353
794
7738
8088
10211
10347
6306
2914
12788
749
8543
7282
10515
11575
7411
4203
4170
4719
12886
12464
8845
11560
7971
4566
7832
4594
10753
2762
6918
8498
3281
10070
346
11801
4443
8374
5910
7467
2725
3207
6858
4713
3804
10957
624
2921
8387
5399
99
4440
9232
4608
6587
12397
12073
9695
12863
8737
10142
11149
11156
1016
6935
5510
962
11235
3638
7116
417
10858
5640
6364
12920
11755
12760
1077
5705
1074
725
11274
3286
8266
10285
12439
3301
1599
1336
10247
12110
5151
1871
10015
5113
8803
2903
8424
4800
10551
5303
2047
2792
3993
1557
12591
6084
10251
1646
2608
9603
7165
8999
265
1675
9549
574
3452
4646
7601
9205
6502
11767
7933
6934
146
10452
6922
7166
835
9014
7729
4388
11622
625
2941
12425
181
1377
9328
12912
12800
12422
2658
6337
3955
5735
645
3991
6130
4024
1996
5804
4954
4474
9496
8996
7976
2049
11589
10231
12238
12126
4148
7200
7555
10506
12169
4074
10669
1238
9616
1757
13009
4414
11903
11784
1958
8279
5529
6630
3563
9683
4254
8856
2235
10473
7110
10870
3153
11967
5985
5536
5493
10736
2062
2857
9109
2643
8381
9664
8714
7371
8091
9600
12561
4456
5137
2303
755
3883
13008
8326
12165
12276
9340
11270
1898
11472
635
8708
7349
2868
7999
9744
6608
7278
1916
11971
9465
6623
2041
7963
9629
11241
5620
11510
2309
9031
11456
3418
4519
5996
6375
2042
11008
9751
4289
6681
6284
8141
6133
712
1660
65
7236
5686
3249
3596
9817
415
9579
9833
3395
9192
10374
12013
11379
842
9671
7868
3407
276
4300
9088
2109
4311
10647
11277
4195
11294
9190
10767
5803
5406
8718
7243
11143
721
12992
8298
8878
10103
9822
9587
11887
6448
1434
3749
11250
4016
11146
3049
667
4793
3414
2745
5744
7602
80
7618
5732
5268
10873
8111
9212
2329
10352
10077
1000
3666
6318
502
6341
6391
3677
10898
4844
4113
8065
5846
672
7316
12026
11586
2260
11932
6125
1173
2372
359
2293
1814
10391
9027
2940
10410
2736
11388
1615
10387
9269
2080
7536
12570
4437
7953
12815
12131
11088
7695
7499
12378
2180
11922
434
11263
11469
3180
6888
9665
12778
748
10144
4275
8307
3773
11269
9356
6012
1636
4347
5114
8602
2971
5088
2607
10543
11300
12609
6838
6718
10707
2964
10872
3704
1287
8609
3735
7861
729
10709
7489
10501
12594
10430
8109
12601
5571
9871
12329
5010
3134
2678
10306
6812
3679
6690
9477
4890
4370
2132
10441
4791
4236
5565
7379
5950
5038
4182
572
6669
12041
408
9529
12581
9435
7308
8864
12367
10996
4122
4033
2123
3141
8292
4599
7571
7479
12132
2813
6776
3296
1438
12301
8526
2739
9207
6717
12879
7452
7576
9488
2735
9116
11093
7852
6509
2423
4943
8302
6488
12805
8688
545
5372
11209
10745
3742
10105
6202
12577
8189
219
8679
8639
498
11892
7117
7418
9011
12379
1370
9721
8016
5878
12290
4853
3325
4395
4282
9155
3292
6291
4670
2258
1789
9495
2802
3941
3190
4950
1982
2035
11816
10677
15
8840
524
666
12648
2913
2075
1826
8299
3628
12404
3282
12028
4764
10846
1486
1033
5986
12284
10380
6954
7613
6636
10478
11039
8499
2636
7356
12002
11535
9292
7340
5203
12462
12541
2750
12732
7403
9691
4825
7984
12151
530
6487
2299
683
9376
2099
763
9585
10463
12562
7762
12849
5125
10426
11122
5074
7599
8794
1028
1713
1851
6326
6920
7505
10574
5279
5717
12629
2610
11359
4821
6625
5132
2500
2413
9716
8518
957
6566
7925
4005
11049
3184
1223
1273
12501
2086
11839
4999
4018
11160
10318
1447
3434
12045
10521
9668
9309
7719
10935
3298
9138
3015
8901
7692
7765
4112
12356
10444
10975
9096
5031
10684
11108
12903
11570
10930
1990
6953
11680
941
6602
8640
12090
1497
10619
1668
3257
3044
8894
11936
4473
9492
7001
12383
3138
2499
4186
2974
3039
8010
11484
11120
1894
12239
11613
49
5554
5054
3267
6903
1935
888
11952
3842
144
6006
2695
4235
11562
11033
4378
8053
12121
7490
12270
10807
2706
11267
9883
6823
4196
10792
2929
1212
5061
4264
8228
5631
1440
2110
2475
4220
10623
4091
8650
4636
9423
932
5206
5452
9409
11218
11148
10076
8926
6898
10578
4202
5815
2077
12071
2276
838
6736
7072
3649
2154
8584
12033
4013
11544
10536
5015
9784
1387
7381
7561
4968
4436
8000
10983
11525
7170
4533
1248
2714
7409
3294
2419
5596
7693
964
8671
5549
8028
3598
7633
5014
10257
11686
9856
826
4996
8022
10616
8527
1199
3410
3949
7617
12675
8618
7909
8263
11272
885
9230
3968
10948
6127
11486
11327
5158
2818
11140
12487
286
11921
187
10849
586
1528
5784
6693
791
9649
8788
923
6785
5282
8817
9408
1907
2104
2957
401
12523
8066
11488
10557
3209
12963
9380
2556
3251
10089
7383
330
7324
12357
10196
12938
692
6400
10592
8414
5208
10835
5692
4015
2859
10456
5756
1484
10460
228
3568
7699
8731
371
7208
3662
2158
10474
10531
12928
12274
11406
11785
12665
4541
207
8835
1540
154
6264
4746
5370
3545
10167
6353
1003
1692
9136
8480
9086
4771
3295
8717
4351
5570
11405
4929
9874
5445
10889
2786
12160
12985
10863
3583
4775
9888
2967
8438
2998
6032
3813
9428
1620
5573
12998
872
12347
8628
751
10518
7069
1888
9425
11632
10744
4163
460
9397
7074
7664
4862
12352
12343
3618
2149
6733
3004
7509
3597
9846
10812
4413
9991
5005
9284
3445
10194
7863
3088
12659
3105
2870
12996
9700
12022
6771
11144
8619
2053
5053
1783
5597
4428
6878
12695
10774
14
12082
2784
3037
7159
3466
8755
12768
3726
9675
4427
131
5879
4995
11280
9253
2431
5641
8203
9282
11051
5652
11900
6049
4588
4192
5415
11278
3910
11857
10837
8282
7140
1441
1816
9421
178
3217
12315
7394
4906
3575
6642
1278
11603
12292
2641
11000
3946
6203
6802
6766
665
9313
10869
10439
8687
11233
6392
1527
1705
2653
41
2752
7885
6331
11953
12103
2255
5669
3614
2644
6988
4624
2679
9079
11482
3789
4508
4786
821
9277
8181
10028
9674
5251
9250
11246
7993
11226
7989
658
11298
10907
8362
4837
5583
4935
816
2415
6646
12679
10445
1436
3063
8918
3388
1499
5696
5615
257
789
2772
10037
6413
578
2692
1191
8020
11320
6640
9959
7320
10110
8442
6883
4705
4355
12102
191
9419
8925
10332
10218
424
10471
9247
886
5629
9053
8371
11705
5062
4755
5509
9737
1912
12761
7393
5865
4559
909
7524
3485
1849
1013
4568
1629
5407
1709
6797
1993
3820
7975
1118
9615
1891
11470
1870
8568
5923
5319
4672
12598
4549
9525
9536
2570
5021
8293
11457
3822
7447
5058
7840
9462
6330
2646
8178
1473
11382
9254
5263
202
3002
9278
11421
8488
1043
5660
5755
6579
6554
8726
8094
867
6223
5966
10250
8297
9823
3942
1669
3234
7009
5023
12286
5697
10844
7005
2779
3846
2203
5916
2826
9613
8334
1597
10438
4155
965
11468
8959
10605
6054
11358
5336
1405
1276
2975
12478
6610
9755
3381
214
5432
1201
2614
7732
10415
6798
5394
6074
1537
1707
4652
11393
802
8457
9076
6478
12689
4595
1856
912
12726
9504
5422
6580
955
2639
4824
4808
3300
1030
5408
3347
6512
892
9199
11349
11783
8729
3080
10186
8180
2417
3244
2176
7168
11016
8012
1249
5091
332
11017
11534
10576
4315
4654
1664
10861
2156
8232
7667
6141
9974
12827
6970
8579
12593
9445
11527
8897
2705
4741
2538
12058
5844
813
12293
10758
1989
6611
6619
9895
2397
2713
2592
4251
9734
11447
12993
7503
11037
506
159
5314
3554
3383
1404
1313
10148
8434
5457
10074
10227
8968
3147
3327
12622
5165
3886
1424
7806
9998
9213
2617
7161
6856
9546
4858
6616
5092
2242
3302
6449
8948
5376
11555
899
3448
9958
3017
9676
6678
1067
8710
4190
887
8153
1075
3573
10278
5504
7154
10738
4511
353
5870
1219
5647
5791
4802
7918
106
1963
7651
5447
6617
12763
6929
3840
1225
5646
3936
6206
12177
10356
2439
12195
518
2978
134
6743
4468
3570
2861
3309
4487
8122
663
7713
9281
8807
7674
12915
5121
8482
9236
5109
9521
5029
7980
12236
5955
9056
3340
8344
3885
2873
4233
11763
4674
2179
5193
9499
9656
3378
3400
7369
120
1022
5623
8280
9975
11102
4461
870
7315
5075
6811
6109
5148
7700
2685
11812
11044
1120
5133
10641
689
11011
11865
11086
1129
3895
9049
9807
8533
11196
1005
12328
5096
7875
510
10887
4884
11958
11759
12715
4085
11257
6115
12186
3245
223
11687
11760
4537
4598
1086
1135
10822
6340
3738
9258
2118
4635
5550
5127
3830
11136
7353
2237
6441
6965
12087
11533
840
12047
6401
6333
12069
2468
9624
8553
10100
10810
10700
7784
12791
10660
1097
613
12640
2691
5259
11511
9988
12774
11174
8654
3458
8452
901
3878
6585
11378
5248
4528
12906
9926
1994
12298
11155
1605
7344
3721
6772
994
12742
5532
5914
5919
5578
3911
11068
6641
2455
3632
1602
10868
6217
3229
2805
1015
8113
9117
2531
6164
9481
1991
7203
5585
164
5277
12296
1995
9317
3382
12447
4729
8435
3205
5563
3285
722
11625
6263
6530
4472
9036
12620
1284
732
10944
12010
3921
11053
4429
9778
4817
3784
719
10098
2663
5499
5564
349
11844
8683
6982
36
12729
6767
4404
11128
7655
2356
6543
9921
5521
7595
2864
12040
3532
11973
5236
3402
2338
12868
1800
4371
12492
5680
9363
8665
87
2376
4070
9743
12353
7554
10618
5948
7235
10965
4078
8384
12810
3107
9214
2283
3409
5037
4462
7092
6997
4389
2740
7640
8348
546
12064
10184
5807
10401
4721
12426
6758
3240
9842
11166
10900
2882
4214
2078
5901
7240
8732
1823
3543
10852
8538
10020
2566
12530
5486
3022
405
9401
5969
6232
10676
5134
7639
201
10341
10320
11207
4700
3753
9794
11787
1198
11739
2428
9619
4908
6600
6486
3310
10941
5945
9563
3436
5300
11723
535
12797
5574
9608
10679
6499
3460
3623
4197
3873
9582
7798
5331
2131
11667
3624
4156
10961
12206
11827
3099
6517
2136
980
7697
950
11431
10154
2079
4392
11346
2923
10542
2096
5431
2602
2013
6592
9777
7703
12661
4953
6376
1791
6089
11876
9999
1341
7434
3238
7331
9877
10919
11432
1029
3874
3588
12141
2291
7417
7607
4198
2360
759
2825
10568
4444
4432
6009
7727
7802
5722
2769
10519
1967
5118
11923
5275
10989
9637
3172
6647
11565
9369
12764
9692
1149
9641
7148
2568
12647
10923
2579
4154
10291
7637
643
12864
10779
2893
3195
2668
3909
1080
6462
7903
1770
9235
4237
1924
11679
6915
6418
1090
7998
12657
12571
8559
3689
12988
12129
11841
10527
10065
4060
5006
1151
4003
3627
28
8741
4612
3360
8103
6215
5392
4573
12779
8074
8994
1542
4076
914
2544
12770
9448
10634
1285
7312
4120
4880
8981
8078
7718
5363
7766
4205
1295
8171
9029
5875
385
648
12216
12444
2445
4642
5002
11515
445
9775
3405
12373
3225
10493
11835
3496
5205
3033
10287
18
5817
514
10050
9704
3625
3943
6025
5388
11350
7731
7608
4684
1401
8524
7388
5001
1171
4465
3791
11177
8310
8098
2664
5423
9568
2317
12500
9990
12200
7895
11325
7128
3853
11777
7257
2911
1041
3136
12510
11758
1019
11746
540
2965
7299
8843
6885
5063
5067
2832
9703
3534
7733
5790
4888
3487
11065
6595
6362
996
7080
8271
10330
1628
6511
7535
5854
10882
421
8833
5346
298
1398
2224
9077
7060
1245
8055
647
2742
12038
12338
4769
525
1892
482
4607
12008
6607
12256
3931
11333
484
8145
5841
6247
5395
10860
3524
4942
1920
5625
5594
4683
6370
251
3431
1955
7736
9045
10523
250
9554
1945
2395
1860
11715
11010
11478
12316
8379
12856
7896
5734
2696
6546
3815
3087
8932
4387
3995
9158
4561
10052
5873
10294
3202
12521
5225
2732
3357
11152
12120
11840
1253
1940
7469
6278
2031
2014
649
8867
10448
3223
7067
2334
1589
677
11079
9801
8468
8508
3536
698
11607
11664
1501
3696
10532
3755
1658
3142
1316
5726
6729
6455
7680
1607
11407
10678
1472
6628
11703
7526
9750
9718
10666
8906
3698
3585
7228
73
12415
8212
5961
5159
7404
12472
6751
796
2286
5838
3221
5633
5207
12234
1230
5404
365
10010
680
8479
11007
2294
5147
5857
7454
8079
8826
10223
11074
12094
1269
10317
9047
1032
3759
8838
7249
8234
7375
3
10939
11987
195
4866
3656
1762
12247
10302
12457
3799
1239
3680
1157
2262
1215
1152
1137
7815
8199
7625
3011
8243
5313
4732
7876
12258
10003
7776
1746
280
2272
3687
1181
7007
1678
11397
8939
5239
7232
10824
2328
6045
4431
4913
3648
6589
6098
5710
9745
505
1459
7997
9726
6281
10116
12418
6185
7367
7826
8168
7644
9626
6899
3920
605
9943
334
12275
2289
9679
6117
5809
6266
2081
1139
12968
11061
8444
5974
4213
11627
6549
1744
374
8520
10710
533
11677
5489
8430
1229
11306
1878
329
6631
11636
7582
5099
7246
1027
11391
966
9351
12853
4285
7726
11513
771
7604
4500
2924
12249
10560
5877
6677
10482
8473
4298
10537
5237
425
2553
4057
10763
9148
2768
9819
8413
2514
5228
6591
583
11060
7610
10668
1510
5667
2885
4453
11448
2521
7814
3673
4250
4854
12883
8614
7491
4784
2724
11175
4077
7439
1947
3342
9383
2575
6513
5712
12957
5822
12060
12280
8366
2357
3161
7063
5572
177
3896
11917
1810
12900
1089
1236
7372
1119
11882
12175
1445
6846
4019
3756
9882
3433
5674
12525
12574
6947
8529
10980
3430
11291
8798
11360
10203
3606
12182
9301
12484
1302
12382
2017
2043
10916
6153
7730
6316
2821
1051
7056
4933
5009
2993
3637
2994
8342
9955
3548
310
5840
2898
8631
2936
10479
10934
11423
8522
710
4895
2441
3672
11055
10698
6777
4065
8937
3108
10344
9264
7606
4430
10382
10468
2138
2819
12910
6603
9571
12826
8244
1661
711
3653
102
9414
1415
1356
6906
2141
1131
7882
4640
4653
5234
9719
11768
2050
10059
9696
6674
603
1694
6572
6038
7552
2024
10192
2165
2879
12836
1372
5965
2226
12807
12481
342
11130
4918
10529
9611
4583
11872
3163
4626
9093
3607
4632
12680
7833
11203
1736
4039
11020
2849
8139
9523
6657
11871
4126
8869
4827
7631
5283
9693
851
5126
2550
4239
2888
4265
2496
9961
7994
7930
11220
3423
6907
208
5296
12496
1578
6500
1355
306
7926
10725
6942
2569
10090
12551
8126
8132
3771
7920
11634
4614
6459
6494
2490
6087
2616
10304
1504
815
12445
4676
3181
6520
8495
9690
4138
7529
6079
7191
4479
12506
594
4543
12325
5949
3038
5895
2983
2595
9834
5141
10909
6586
9802
8466
12956
12936
3670
6941
11721
9395
9500
9715
2247
9018
4633
6904
2429
127
1752
3729
551
6447
4359
12080
837
12558
6170
12894
399
11885
8433
4911
6810
6429
7334
5482
1585
2712
12738
825
8983
6056
4851
7077
4897
12475
11104
731
10607
10069
7928
3333
4279
413
8592
3591
7621
8085
10249
7169
2030
7855
12872
3415
7431
11991
2169
8725
11190
142
9326
1917
6940
6003
2392
5630
1185
9920
5867
4184
11600
2576
2688
11368
6015
9433
10831
6688
5194
6018
7801
3488
3483
7530
504
11806
10375
10436
3492
12176
10604
8595
548
11704
3613
360
6860
1346
2991
8458
8323
4482
1
10533
9533
10085
3645
1178
11296
9100
11354
2220
4766
9610
8497
608
4171
4501
2111
4722
4082
9130
2872
9851
1108
6944
1983
8093
3797
4846
4673
10397
2580
7330
10269
7527
2955
303
11831
7333
6748
4649
7134
11217
4550
3096
11994
11652
2694
718
12370
2352
8879
580
9037
4241
5541
11430
11674
10620
6844
9636
10225
707
7583
6919
12083
10230
745
8656
11845
8155
2418
433
6405
4658
5516
7598
11287
3203
6721
9753
6059
723
2513
5670
5891
2422
1348
6017
12099
5446
4175
10614
12990
4102
11633
8801
7704
12000
3667
1301
5325
4988
9021
4686
9283
5921
11564
9847
3162
10295
6971
5876
3489
4307
5229
10113
6727
12974
436
1939
5171
8806
2407
3890
6307
9911
4442
10107
12741
12086
7466
12210
64
9019
10791
6806
8253
4963
6832
915
2117
8735
1076
8504
3818
7174
8032
6023
493
11036
3811
9773
6528
11657
5881
5762
11434
8146
2865
4132
8950
7774
3439
10273
6551
4330
4841
3750
10044
7902
1406
5607
1961
944
12682
3707
10102
5604
6225
4410
4750
4710
11807
5011
11956
4773
4570
12677
9101
12911
426
10411
11195
5373
10894
4020
1978
6137
3471
9758
11315
6655
6658
5526
468
916
8907
10485
11004
148
1717
9074
6243
227
935
8972
10713
5191
3273
7884
10857
4787
7142
2698
6283
10953
3713
10801
11938
7642
1766
513
9299
10470
3047
3355
11522
1828
4499
4358
7336
2470
12207
5032
5367
4733
5003
7416
11930
2670
9009
6190
11774
8765
2093
7212
2775
5828
7859
7817
10404
628
1188
5498
9642
1559
11599
12273
5390
12545
1573
9080
2710
184
6222
5184
10183
8812
3303
10672
553
582
6011
12921
10258
11254
3503
10388
3678
2453
3766
2379
12438
370
10174
3074
5
5178
5690
1296
8766
12909
3089
2420
3497
1653
3277
11461
2472
9857
11834
4086
12983
10976
1797
7952
3725
1213
5673
5484
10656
8138
1252
637
9917
11317
6667
7323
2084
11814
7565
4803
12862
8047
4789
11970
5892
8876
5779
8156
8324
12757
11084
4459
2092
11850
9318
8965
10966
7432
2693
3788
3557
782
3763
11608
8131
7073
11249
12806
7914
6661
2488
6443
7691
12917
6096
8922
7271
8222
4222
3522
2491
8276
8427
12848
6696
8395
4572
4130
1551
1533
6277
12285
2506
1711
4480
3284
9936
10886
783
12214
6285
8187
1570
1161
11409
8775
6339
3835
11584
6080
11982
7539
2394
11543
8513
2095
2637
6446
8919
664
10585
1604
6720
9597
12139
10562
5957
8294
5848
12850
6450
1751
10750
2581
4669
9685
12046
11436
10013
4955
6415
7834
4011
5466
3691
1956
945
6842
1953
12859
4174
4776
8255
12621
5044
5547
9682
6315
11709
9243
2008
55
4314
7412
6894
2452
7321
12592
11673
9927
11617
12579
3154
1317
4397
12663
1799
6728
6853
12623
10305
9992
3064
6786
9594
9392
9952
3242
4690
5868
92
258
7904
7400
9989
10653
10060
7284
5359
5576
8218
1922
6111
3121
12597
12054
4268
2187
6542
12952
11526
5598
10986
2034
1282
5975
2211
6294
5769
1264
8493
3006
3182
9638
7272
6826
10764
2102
11221
4662
4423
7287
9537
6547
12232
1479
6031
5847
11550
7279
3024
3552
404
4731
12784
6099
1371
1407
10809
12030
9346
4035
575
6233
7476
3655
972
6553
11861
7167
6666
10006
2326
5937
11611
839
6175
362
1733
341
9749
10189
3305
5936
1281
3674
12804
11974
7025
5102
1691
10675
8265
11988
7261
772
1114
11717
7195
10988
4762
10550
11551
6010
11362
4939
1100
9371
11867
7635
1290
4666
532
1500
2516
12417
1240
108
163
10114
8670
12366
4812
7033
3146
10739
3055
11656
5411
7764
10138
3513
3459
12406
126
3829
4458
602
10151
5130
2055
1847
9285
155
4209
6639
3768
9469
12304
6044
1706
12001
5383
1979
12767
1061
4835
358
8115
11041
6614
9870
3802
8796
3320
4806
9447
10850
841
11870
7130
9257
4735
4164
8881
5896
8519
7735
7706
5934
1202
8672
4990
6800
7810
2427
10376
11773
1124
4021
5520
3474
5954
762
11800
779
10263
4029
11458
10129
2321
4090
12948
12694
12250
10643
7650
5497
2830
7114
12515
5758
6606
1241
10561
12079
11954
12627
693
8278
2833
1066
8777
11896
9072
12297
1674
9319
2852
5012
5459
6870
807
11833
12144
10139
9792
4193
11951
11026
3595
6229
8823
9887
8317
12262
2183
8105
7660
12226
10141
11960
4252
740
216
5724
7767
2988
4176
12398
11609
1879
12706
6629
8517
5111
3564
10910
4807
5831
6656
9612
12193
910
7079
12350
1461
10032
6760
2494
2700
6379
7611
809
5244
1944
3167
12749
7259
325
5327
6714
1715
4030
10504
12257
4379
11433
2681
5557
12320
12050
6622
8463
11228
836
1354
4153
1727
8404
747
2834
4062
9653
3660
2878
11200
6198
5357
4023
6961
10992
11819
1443
2004
5751
4742
942
4751
8898
3661
10914
8114
6673
2621
939
21
6102
7683
8151
4296
12746
7100
6168
6651
8206
79
6796
9976
10741
3311
11099
7873
8880
2509
470
742
10457
5635
3034
11105
12589
217
1745
1830
8748
2854
2667
12187
6879
2956
926
7808
11796
12278
7981
4730
8730
5514
7769
11460
4001
758
1418
8819
4861
12164
3776
6473
11215
7
4280
3095
5501
11096
11224
11463
274
12115
8100
8208
52
5338
8464
11058
3449
3222
641
12644
2481
9004
6034
1930
3668
6561
1210
1517
11034
4087
6875
6214
10001
6991
10652
8436
2561
8227
11035
7951
7352
7346
10461
4563
4788
11075
4089
10443
2720
1980
6621
7401
7071
12514
10814
1596
7309
3317
4380
571
380
1096
8393
1491
10178
4227
162
11425
10507
3102
2070
1366
5980
1111
9994
4008
5055
1014
3603
91
9839
4068
7809
9646
2400
