8649
4680
12369
8642
12090
5851
10697
5614
2846
1007
6867
6602
3054
10186
1160
1290
7867
83
8440
10731
9301
11111
2392
12960
10692
1124
7446
4702
3047
7133
10719
7509
6511
2638
8935
3652
5587
4926
4922
1247
6461
498
2064
10385
3762
6579
11387
8421
12484
9633
1682
4658
1551
8723
12464
177
1252
10199
8710
10549
2921
4457
4968
6685
2188
8497
9743
12205
11927
4647
2184
9905
10308
3489
7953
9339
10386
2536
1177
9602
2088
958
3052
2534
898
8274
2516
1955
12776
2903
9739
11879
2484
8072
12596
4894
4746
10229
11752
8583
681
8391
7132
3247
6836
10395
11182
1881
9242
8310
5085
4275
11117
12618
3677
7253
9631
1469
12823
12058
3232
3091
4338
4967
5873
12869
12535
9793
5653
3025
12350
593
11602
8067
1748
8461
7584
5466
5018
5883
2761
3202
1796
1257
3016
10722
10246
8861
5461
10224
5034
747
4334
8794
4791
6982
10064
6250
2004
10932
1614
2113
10997
10533
4132
10443
6166
12296
674
7459
11053
4520
11269
10335
5039
8273
3616
7292
10152
2734
10192
3380
6219
4196
9335
6675
9886
2960
9841
4484
11271
5775
4035
7222
1373
7788
3366
12817
10811
8616
8805
12128
6633
10344
4972
10943
5189
834
10368
1898
7831
1568
12878
9620
4402
9712
6955
7695
4997
9456
10567
5250
4370
12334
10573
7215
7006
3873
7522
12228
11757
8280
3049
7989
9462
10725
2035
691
12855
12282
7209
7427
566
12047
12735
1106
1339
9792
10651
9111
6148
2746
2053
9717
2202
11403
4130
2702
3046
2616
8228
2164
8252
8519
11765
9058
2859
10889
10369
8700
8492
622
9274
5547
2246
4568
7669
2648
10809
11982
7649
3478
9837
244
6833
9873
9112
305
1653
12603
11107
2969
1780
11225
1323
1578
6873
9808
11184
2760
12220
9138
7203
9204
5188
12054
386
1273
10862
9336
5185
7612
2499
6323
8872
3880
12832
4683
12914
4381
9077
10255
10104
10898
3062
1617
8628
8137
6874
12682
7156
11795
7898
3182
858
5688
8146
1667
82
12648
6448
7142
5147
5804
10083
4387
10807
1245
10501
2478
12255
5960
9833
2037
10088
456
2707
3195
3849
12660
12529
11328
8138
4333
12096
11728
7154
7828
10953
6291
3442
2464
9578
2185
6271
6421
9882
4837
544
12451
2016
11192
11871
12612
3459
1437
6159
8077
7117
5460
12398
2564
4916
4395
9353
1478
4496
62
1398
12995
7616
12349
4959
5909
6118
7479
9982
7958
7878
5153
0
9454
2546
6192
11920
2694
11772
6565
11694
5827
5849
6406
1432
3330
8121
5305
12226
8896
3111
2433
9563
8253
11094
6508
588
572
6534
1433
6978
10057
3682
12073
3342
2231
3035
12267
9811
6983
2485
5035
380
9445
6080
9509
1265
11516
11498
11018
9161
3549
2940
12335
3895
8789
5435
10801
5974
11153
2195
3327
12262
11782
5553
8392
7506
4514
1358
12781
7873
1452
5579
8839
2043
10245
1056
46
146
9239
9756
4286
884
7232
7218
6569
4351
11983
3853
10465
5084
2628
3606
8644
2733
3369
6110
8106
5074
3877
352
8105
1789
12117
687
3347
5052
5713
6336
8487
7189
5150
12595
12825
10040
12893
7389
10700
6480
11876
11007
10479
10470
8575
4799
12102
9542
12771
6422
3485
10551
9168
10804
949
9175
11698
7902
9297
7336
11688
12231
6130
7960
10659
8819
8552
3643
5120
2151
3635
4044
3008
3083
6838
7971
9802
6862
9435
44
6687
7658
6170
9485
4399
989
12389
2838
12474
7174
12737
7548
9003
2673
9657
11487
12310
4298
4957
6750
705
280
5016
7028
7243
11149
3501
6772
12185
12989
2015
7438
9916
12103
5286
11725
8947
7123
11277
1750
9369
5538
2216
7927
2910
4505
329
11401
6467
1434
8796
2027
4293
12643
9984
6869
3735
6033
5325
869
8873
7031
8338
3374
1840
7227
4056
1905
4486
3781
5509
11349
1829
611
2054
9623
2040
12758
10735
11376
1987
8709
6139
5011
1326
1628
10606
3811
4824
8705
10649
6694
970
4433
3231
6493
10026
10271
4153
8333
7779
3708
2487
8754
4011
9238
3842
421
2207
7850
12394
3423
3651
4705
1134
11654
5952
11937
3454
1673
11967
10021
9106
12874
7673
1456
9761
7545
2388
10858
11022
8677
3493
1595
718
6286
7760
732
7161
7231
7455
8354
7318
4918
6798
8674
7991
11933
8981
6496
6113
6415
4553
11205
5045
7080
9622
5463
10038
1629
10
8600
5240
9098
2399
10564
8195
1691
7684
11570
5272
3784
12360
2885
7001
7903
7496
3032
10850
10696
9644
4822
4495
5317
5246
1889
12945
5479
7816
2046
487
2566
12739
10550
1838
1324
826
1017
1827
11515
9418
2942
5927
2780
11169
10716
8411
2161
11635
9014
720
5424
677
7164
88
7104
11078
5111
11033
6951
2076
5706
3072
8511
4999
2705
10516
2853
5852
12294
8932
10370
4369
11261
5262
4380
2108
10170
2927
4711
12740
4993
2030
3928
3655
3388
2056
2538
4377
5458
8423
7855
4003
4269
3079
9752
10389
3734
9795
9424
950
3126
2573
1128
2100
9565
4728
7374
2068
7719
12872
11644
10522
2897
10966
802
6782
9974
225
4525
3179
1930
12265
12452
11050
10588
3103
10586
5013
1574
7032
6717
4593
6709
516
2572
3859
8417
9877
3261
12690
6673
10819
12941
5826
9526
11072
1187
4313
11465
4853
9827
12078
10630
12323
3427
9263
2490
9240
10197
8620
11163
4073
3278
248
11491
5238
6929
1305
12765
3360
2355
11575
9125
5225
7291
12008
11951
5932
8107
4127
2335
1941
7726
10869
2382
5429
3181
12211
5371
12446
6171
10669
5971
11244
5218
6495
900
8906
10768
5716
1585
8389
11471
527
1731
4886
2140
10954
7112
3320
5562
11353
2623
10480
7655
9924
8722
11019
8659
12254
7662
12579
3432
518
7505
437
9443
9884
4375
4119
7461
2924
3724
10429
5543
779
12495
7460
9013
11221
12640
1593
2228
6109
9626
6073
303
3906
1588
10694
2203
6414
4360
10318
1238
11211
11661
1180
2917
4565
581
2062
9084
12357
8903
10188
11864
9027
10721
10187
2244
6175
5891
5523
6359
9432
9007
2044
9459
715
10580
4588
10337
2289
12067
11473
7697
2269
237
10956
598
12071
8464
1858
451
10914
10289
8400
6945
7105
6947
2922
6690
8562
8031
997
1743
4489
12406
9079
7473
1388
4668
12311
9116
4061
12227
91
2090
8923
7956
11407
9722
4761
6672
11075
6395
6372
8617
4317
7226
6631
6393
8745
9233
4192
8241
5650
10331
7160
12009
2052
12955
3377
12894
6203
1010
10708
9746
2304
3010
12707
5699
1328
11512
7267
12611
10856
7553
8243
8658
6179
8425
10505
11439
3751
114
4782
436
9458
8755
470
6753
4117
8190
2547
1506
1664
2511
11122
4345
9534
5789
10312
7778
2407
8862
8606
1436
1817
12240
9614
7723
9358
10234
12166
12675
3508
6
2466
9299
11760
4602
3658
11729
2832
5902
673
3345
2603
7647
11420
8688
10594
1410
12112
9581
10336
8370
3664
7547
3214
5381
1279
2738
5668
6220
10610
10191
5645
10599
12929
1703
9492
154
6640
12654
548
8265
6834
920
3452
8331
6512
7521
12133
12176
5361
10936
2143
9826
938
10631
4382
6178
11300
11534
4758
940
5352
2074
7965
5585
1636
9195
400
1025
8846
8849
12578
3339
2055
5831
4340
9271
4453
10309
11359
2018
2166
1689
12270
7742
10728
10034
340
6995
3552
4412
1776
8476
11905
11592
12260
11329
2480
12186
8054
10901
1490
10315
12338
726
1415
1158
8978
11003
6824
11230
7
876
1732
11607
10044
11631
390
12397
7249
11767
6272
3222
1642
4445
3995
4089
12517
591
6386
10215
2451
4830
10990
10433
1
11364
5734
3567
9256
7235
7650
1428
6657
11605
2588
2189
5405
2233
1430
2631
10988
5666
7777
4781
4937
4700
9380
2706
5855
7633
3902
5659
9798
7656
9901
9344
6639
6054
5906
2240
5207
11388
4264
1877
2669
2341
4088
12266
11000
5321
3806
12029
2023
4827
574
813
8104
5663
2133
5007
11894
3341
9741
10754
10306
2061
12993
7798
2270
4277
12584
6856
4394
8236
4690
6706
1659
1956
9590
8580
10466
1828
11084
7264
6745
10960
5675
1795
9627
4009
7490
8884
4921
8410
11440
3715
288
4533
7242
1101
6520
10112
6373
645
257
6518
2721
4584
3881
6176
8374
4866
7240
5861
12723
8332
9776
1764
10979
3308
5337
12810
10714
9583
378
774
9903
3626
9933
12981
10540
4157
500
5503
6861
1719
1973
10025
6752
8837
12812
2286
1892
10890
12194
12830
11366
1375
521
7386
3230
1976
2570
9167
5539
11783
10672
11898
12377
10166
8595
7289
11745
1885
4217
2209
1556
6014
7815
7906
4199
6447
4882
9389
12329
12390
1219
12968
7260
2087
5156
11411
5022
7935
1513
8687
6825
12590
7904
1385
8201
9051
6334
9695
6261
1603
5241
2415
7474
3358
10071
3698
2313
12
9248
2097
5884
8390
7751
2553
297
8047
6149
12225
10172
6571
8558
7247
4483
7686
5459
9284
7581
4696
8945
12207
12419
5306
308
11294
8813
7382
8025
9694
5811
6977
3184
9629
3792
4325
6718
9997
10762
9501
2337
6974
3607
5736
1649
5487
5171
9908
9893
5471
690
8257
8554
2139
983
12742
6095
6837
3215
3547
12050
12359
2365
10099
3592
12659
9855
11854
12048
7810
3108
2645
2986
1645
1390
948
7357
1766
37
9944
1402
4786
1599
5921
7621
5878
4704
10590
4554
4964
2585
7672
4195
9529
8635
8060
442
9514
12168
841
5209
6931
706
12558
175
12151
3069
657
7783
8378
7544
10284
9709
11781
3014
8462
8827
1266
6137
3302
2810
3512
9236
2699
3346
11177
6298
9371
8679
9230
9247
3097
5336
8002
5678
8670
5950
9207
11481
7355
6476
6759
10677
9518
9268
1702
2991
6200
4389
2125
6969
12605
2515
3759
6727
12686
7015
7839
6623
6347
9573
12679
9942
12283
8537
2643
1623
7977
8432
11789
1544
1211
11347
4396
2520
11679
12308
12865
6249
278
8163
6843
10073
6419
5757
12782
107
7436
6135
8134
10003
9278
2666
11744
224
1014
12664
6416
12261
2222
11866
10247
9249
2115
835
419
10774
8707
7614
11923
694
1311
8202
7444
4634
4747
6210
2397
7349
10276
8570
1154
1179
737
6046
11650
5242
4312
2895
5354
1149
2976
9537
10046
9477
478
12079
12743
8261
8631
4586
214
9422
7086
10629
12692
12944
2470
3197
2693
5244
2431
9520
11183
3785
2614
5135
5721
8730
10451
12749
6297
7371
8375
6896
11013
11663
10206
1514
4202
6424
9711
10824
12541
10150
7573
4276
10481
8238
220
5196
11562
7433
599
7533
12545
481
6234
6483
12897
5759
5732
10872
8547
5637
9635
9975
12598
11642
11857
10502
5228
7341
2939
9481
10998
7440
5529
1810
206
2379
7379
7462
6048
6760
6722
11130
4347
10923
2912
12183
12044
8316
1033
9383
8612
1920
96
11503
9952
3436
7635
10860
6244
4883
2334
11915
2384
10940
4689
10620
9417
10524
4470
9891
6698
6039
2959
3921
2491
5542
12847
10221
2449
8291
8471
10957
10441
6879
3311
12996
8897
8746
11190
427
12677
3510
2701
116
7321
8363
11761
10227
3807
969
11794
2740
4678
5956
11629
3199
7791
9654
1597
9556
12407
110
3189
3495
12249
8621
1382
11634
6938
11655
6743
8960
12500
11410
7585
5472
7520
9567
10897
10926
6641
5669
9471
3074
12386
10779
6443
2283
9474
1587
3804
798
1248
11943
4398
10778
11691
1830
8648
1633
6007
7119
6427
765
11426
9767
12871
5739
1300
2421
11043
7871
8699
1549
9605
8640
1141
9598
3397
5363
10887
7915
1503
9513
7200
296
1832
12821
12243
10535
5291
4751
5943
2204
10895
3613
10883
668
2670
12920
4482
3824
124
12086
7692
9784
10657
6878
11254
9899
5369
6311
12222
3050
9059
3629
4311
667
11621
12309
8526
8770
1126
857
11486
2658
1119
1753
1931
9968
4771
8219
2160
3344
5606
1686
322
7087
12304
2429
4224
12037
9642
1974
3234
9420
2604
11087
2146
6465
6528
2731
12496
6353
10636
11525
7406
4806
9002
8994
9637
11646
12152
10572
8010
11742
9340
12191
10959
5398
2439
97
9675
8924
12979
12367
12680
12639
9653
5841
1843
1210
2273
7004
11104
11522
3863
7162
5177
2026
11332
5859
3491
1738
6221
8864
10678
3670
3974
4236
3259
4178
12456
8909
4393
12585
10456
1605
10454
1535
2612
11506
2862
10642
4142
1627
4817
2652
10499
4590
6308
6930
2422
12379
6830
5905
6296
5977
5708
5331
12259
11501
3839
471
10067
11137
7353
10017
1196
9326
10266
5575
9680
3992
752
484
9126
5419
12257
9772
12060
4531
7040
1621
795
634
8974
895
4294
10583
10472
2072
7987
8116
9205
12253
8186
9897
2268
8065
7657
6059
6069
11632
12031
11590
4825
3375
2297
8171
3556
264
4757
11921
3794
9871
6853
10892
10178
4848
972
3790
1150
9402
1401
10867
6890
11063
12303
9145
7912
2180
5254
6906
6490
150
5277
1304
9685
5613
10617
5753
5506
10052
4784
10638
10154
6725
1749
767
7922
11356
5649
3157
10311
556
689
8034
8807
1002
12606
8371
7865
2299
3935
3534
7732
7147
2197
12083
8815
337
8008
5507
5368
9411
4198
461
10123
11418
11675
7885
3106
13010
12417
2539
9560
7145
7809
9025
979
2223
7412
5629
2014
1672
6316
6463
1443
7196
12120
8057
1823
6404
2805
520
6158
11513
9809
1904
11538
5495
7077
12156
10660
9292
6684
11350
10211
200
9737
6378
12200
320
7364
8625
8277
11454
1761
11272
6852
11845
12797
9287
3403
7399
4902
13006
8070
2393
8878
1495
4512
5170
5737
11878
8920
9128
11444
358
11348
11962
9765
3384
2028
6138
77
793
9246
9394
218
1740
325
5230
3898
12114
1662
1088
8200
1184
11280
4976
12607
9091
5967
10568
7360
7689
8653
8768
12325
384
3865
10258
8088
9978
6972
12717
223
12593
8342
2038
12524
10169
12631
6741
8737
1450
8752
814
10045
250
12965
7424
12172
8638
7137
4892
4913
12884
6344
1331
11361
6494
6807
6355
5840
7894
10500
1183
7163
10323
10267
4471
6101
10904
2563
7059
2230
4650
11913
3783
10518
4411
3768
12001
5815
7362
2447
3972
8673
11365
4861
11472
4868
7492
10380
8135
182
4353
10974
4840
5839
3239
5015
540
6739
9720
9461
882
8572
6478
7319
5628
5053
20
9956
11799
10483
472
3153
749
12798
12908
3145
1474
12902
10682
4731
7937
10544
6742
12278
4139
6721
1120
8757
10447
3002
11098
10699
5790
896
1122
4034
10965
1212
3947
12182
4526
4631
12839
9228
12434
4234
11806
12485
4084
5922
11625
6916
9118
12667
11217
9158
1060
90
11511
9923
5904
7743
11807
3852
5397
12785
10655
4013
298
1084
10371
4516
2242
190
3372
6273
9083
2403
703
10983
2843
5366
7888
259
1337
3948
974
11852
3440
4046
12691
1000
9963
7003
2
8263
12439
12628
9011
5340
4929
45
10846
8481
4151
9410
8701
12704
10109
964
9763
5269
7784
10161
3245
1540
405
12018
7535
6909
750
2206
11526
3726
5193
1089
8630
10766
5418
4911
7155
2445
11539
12142
3090
9030
1517
11021
9127
1622
5814
3564
2852
6991
6029
5703
2639
3683
10609
8372
9294
1407
12608
4909
4357
1679
10471
5033
9682
8237
2220
3897
5476
12870
10709
11979
11505
8971
7195
2089
5893
1194
12300
7739
5173
2414
7323
3207
11941
9853
9651
7150
7858
11234
1405
2156
12857
11882
9960
7659
5075
11739
9911
12544
6267
4295
2402
9465
7826
8601
9450
10840
7391
12473
1831
12943
6040
4497
12010
2773
2458
3279
10121
5201
2102
9735
4112
9700
2330
4379
1725
3228
2576
12726
3476
6265
4828
11550
11899
5819
158
6804
12787
2177
6354
7445
4732
12263
986
996
7378
2101
12170
8340
4447
4366
10076
5897
2659
3271
4710
7539
10387
184
4390
8863
1700
10244
10305
2894
10250
7170
2213
11233
11335
4247
2874
11885
4508
4684
7390
4773
8741
10223
11935
4102
7481
11059
1988
5133
1325
745
191
10436
1360
5455
8857
4493
12694
8078
647
2369
7897
10794
4179
10833
306
3695
8689
5125
6805
3036
5850
3519
11658
1041
3917
10237
12361
4583
5208
4816
9189
11281
2225
12066
6593
2500
3086
11753
846
12533
9202
8154
8426
11890
8968
2919
7516
5494
4128
5182
13011
4189
5236
11669
4603
3419
1030
338
11375
7060
12020
3159
4661
8384
4979
9606
2835
6255
1417
12123
5037
10256
1980
5536
8940
5344
5491
6195
2729
6765
7224
9352
3229
5373
10913
11819
2790
5347
4511
12425
2978
8447
3609
10908
9601
7021
8143
11427
8028
9367
10968
211
8468
11126
1341
1978
12572
6498
9226
5025
6231
5043
4739
9499
6436
6509
8632
5051
6469
4274
5362
5172
9006
9516
6585
7169
3845
323
3446
2019
8890
9819
3084
684
10398
9016
8110
12290
8875
2841
417
8668
9725
4549
5417
564
7497
10909
11883
2428
1275
6280
10457
9220
2323
11406
10612
11953
2708
2427
6413
6405
5944
7720
1868
669
11370
4991
7624
10160
3833
9406
6104
12173
4006
9634
977
1389
695
6442
5104
12326
4428
5359
2681
8416
8665
9074
1404
576
8524
1068
10839
3855
4778
7854
5130
10601
4309
3283
575
89
862
1616
10446
7592
7027
6960
12670
9836
9939
7972
8942
8806
10864
8493
3699
10000
47
10411
3690
11311
5210
7476
1932
6636
11569
9842
8251
12347
4262
4324
8937
3522
10970
3082
8826
5793
2405
7766
1800
11968
7643
1521
6028
3937
497
4057
3348
753
3808
10527
9327
12650
4005
1148
12899
3289
7503
11219
2831
6125
458
12042
8465
7523
6488
11322
3053
6775
7636
1728
8385
5928
4227
11378
6846
1525
10056
7556
10139
12645
10764
8772
9914
4667
11627
6864
10403
8039
9349
3166
9075
2157
12157
2898
11318
748
2111
1277
8883
4611
5985
8444
4876
449
3309
10280
9338
9543
6827
10260
10971
8284
4741
5674
4030
3486
639
3286
8305
7938
1896
3018
4953
7561
5521
1448
4480
1307
6090
6453
5620
890
10734
9865
6994
459
11010
3945
11178
318
8925
1577
4986
11966
2809
9646
4191
8576
4630
501
2970
9429
202
2935
11748
9668
2106
499
2736
6193
5689
11304
7568
12974
10096
6452
3810
9134
5256
6704
10520
9069
2855
2441
2127
8763
9330
10942
7664
16
11146
6310
10613
4787
1492
5496
11580
5938
10985
10645
7990
12936
5454
287
8009
5667
221
48
628
3793
12696
8500
4609
6887
7211
1859
2200
11608
9310
6580
3448
10133
2676
12768
10176
3368
1715
307
2275
2398
11931
11284
3925
6485
13003
5299
2132
5693
9351
12537
1425
8828
6599
6009
4599
2984
8413
789
9628
9774
1020
653
9419
10907
3970
5962
10473
5754
10679
7756
74
5803
9624
4867
5060
2930
5431
5118
1952
3274
8736
12299
3887
7651
4846
9415
8556
3844
12827
3955
10951
12886
56
7320
923
1542
492
5599
11582
9730
8566
10307
10174
7466
3139
11299
3941
6343
9885
8477
25
5055
9856
4207
1922
11774
10414
6464
12514
3211
3272
11206
12767
10885
6812
4660
7205
12274
8221
8555
5285
3513
664
4407
3203
5243
3896
10399
9449
879
6251
11442
4730
8790
8153
4663
10737
5892
4133
1048
8167
11546
11436
6603
8218
3133
7456
5925
7580
1011
6228
7907
734
5103
1355
10428
366
7806
7375
729
909
2993
12518
8024
11597
8696
10574
10164
3739
8948
10449
3719
9934
23
2465
6387
7008
9441
11293
2592
6682
2353
8702
3673
7180
4803
4695
6965
8520
4589
9979
7311
7889
4441
10695
1579
9008
3040
462
672
1755
5304
11180
12954
6001
3392
4235
4150
11101
153
3791
9713
11984
4765
11282
1356
6551
7857
11110
6919
12147
4938
912
6613
7221
6450
3026
3889
11260
4850
8965
2343
9472
5890
4575
9427
8536
708
2549
5475
3765
10515
9039
212
12853
12700
3967
3434
1347
2907
3378
1970
4160
4223
1698
9101
10445
11170
3125
11047
9343
11843
12040
7287
5141
9395
6907
2541
2455
8795
7282
11869
11558
4430
5615
9580
9315
5068
11647
9446
4323
5166
5194
3754
2618
5915
3410
5658
1216
8541
8229
9267
12159
9938
4177
6897
5876
2878
12515
6781
11548
5490
6963
7925
1799
438
2438
5275
2522
4491
12937
4605
4594
9293
7583
1652
3526
4769
3878
11808
4417
12852
1804
4078
9258
2473
5088
10977
12082
3353
27
5597
4436
914
8744
12215
1081
8711
7239
2980
1363
2722
10741
1915
12034
4814
4645
8287
921
9546
993
8895
1554
6458
9191
5112
7146
5581
10274
12665
3915
9484
10372
12516
6835
3241
3559
3963
8586
6084
6112
12774
3395
7908
6168
1455
1586
955
7467
10726
2328
10676
12507
6302
3303
11045
6664
4343
5462
9716
6570
1496
11919
10912
4272
3421
4956
1475
222
11157
4080
4143
7713
10729
2181
10410
11176
6777
4303
5918
10780
1026
10922
10810
1441
5245
7279
2248
5638
6990
4845
7981
5695
7997
1763
7959
871
9026
10585
2619
8479
3619
5936
7096
5517
11889
10020
5741
1962
10802
3371
10847
9766
7499
11891
4376
1524
4401
2787
4715
8822
12033
3532
2493
9858
5624
12746
9156
12445
3254
1152
8801
10290
7775
1377
11840
5908
6339
3900
207
10345
6595
3376
2825
1538
10409
6477
5959
6523
5711
3413
6771
6425
10800
12383
4720
11678
11046
5502
8140
4618
8669
3042
7712
1994
9475
6883
2494
5312
3473
4149
10117
7914
2793
12465
9448
7943
9603
5785
1435
7841
12952
1967
503
6132
7198
1306
4498
10294
9308
5478
1298
3441
2548
4703
5488
11161
5394
5058
1727
6082
6282
11831
8516
9257
8449
12193
12237
424
6349
10841
11786
5192
1630
11008
12841
7286
11340
6637
7578
7179
1369
11145
9150
11680
10293
11858
2715
1225
5071
12392
5433
5492
11651
3467
2475
5853
11868
11946
2847
2552
2627
3393
6177
6899
2882
4587
9157
8162
489
7305
10944
5858
11042
12657
2637
8315
11638
4016
4085
796
9925
4467
101
2597
5982
1046
117
12137
3774
6615
6024
3291
11039
8083
2795
1675
1438
10033
12922
5014
7853
5822
11535
11441
9796
5094
530
728
12569
10939
12925
12873
76
3979
2630
4028
4290
5798
9061
11939
8522
11867
12699
8013
8993
3055
2168
10817
9872
11105
3803
12793
10828
7408
2653
1870
8109
11959
7051
3618
8170
6734
12238
861
1545
7557
2634
10690
5545
1573
11606
9599
4140
11583
7208
22
7042
9699
9107
11232
4474
2307
8633
3711
2802
7600
5640
568
3748
2486
2929
119
3707
4706
6133
3800
11450
11700
5168
4947
5219
6736
2237
11705
2941
5942
9323
12684
8553
10742
2348
12828
10232
2321
5608
2996
5796
9187
8428
10452
11690
2032
8786
2947
12567
3991
5670
4878
1812
7415
6245
2205
11917
9588
299
8985
11295
9221
12437
12938
10675
11154
6731
11166
1459
1383
8062
9291
4949
6055
10744
6120
8962
5530
7772
7882
11623
6968
2296
11424
12575
10976
586
12273
8955
6740
3713
5882
2083
10937
3687
1771
6905
5105
11099
385
9817
5288
4502
5719
274
654
6786
1292
11566
10360
824
1772
1396
4205
12976
10720
1479
6817
4299
5109
5696
10460
7590
3747
11886
12881
3151
11189
11400
9768
11924
9880
5422
3509
2931
7395
4281
1977
9009
3541
3901
9193
6333
7699
9962
7191
4509
5197
5493
360
194
1721
7236
6288
5930
6472
1070
12312
10270
10346
9038
8992
1882
702
9022
594
455
3772
3938
9541
8830
2966
3165
618
10138
6659
8220
5802
7994
9121
12720
1234
8715
2031
9760
359
6279
8424
5217
382
256
8611
3284
11159
9648
12906
13012
1312
6857
6607
1594
363
7011
10870
7728
5086
11671
11737
8399
2085
11948
7263
7013
1756
15
8680
8230
6440
5770
1674
488
6517
11237
761
5107
3700
2060
10712
4174
1021
12413
10542
5450
8568
92
4010
8498
8246
11034
6256
1077
6275
5231
8733
10131
5451
8453
3093
3488
8364
310
5644
8660
10002
11969
8499
10941
5935
5289
2066
6845
10279
11131
2677
8376
10777
3134
12975
9989
8663
6370
9604
7582
2870
12339
6224
2409
10874
12592
3557
2162
365
6161
8645
545
7442
757
494
2785
125
4871
4530
5108
4671
8470
2806
4734
11641
9941
777
1297
1482
7394
11974
12508
736
8401
1098
8351
4653
1350
415
12877
6401
6229
6851
5643
7186
5697
9854
9364
1136
7124
5762
11029
8899
5899
6628
8944
11576
11289
12268
9638
7948
12875
60
2936
12264
8824
11990
7140
5178
7290
4996
6924
7823
1309
8056
859
6232
12568
7604
4592
712
9830
5161
58
9920
7079
1429
2319
7702
6738
12039
4567
666
440
12356
9823
7881
9594
11207
12921
6950
4406
1919
6649
304
9093
7272
12411
8928
11055
4384
7753
8681
11393
8781
5778
10478
998
6662
3923
6446
3204
1491
10701
4657
1170
9517
4305
8905
981
7099
7039
4985
6502
8969
6102
12305
11198
5958
4280
9932
8457
3746
1757
10225
7271
7593
11873
245
9683
12934
2121
1281
2575
4818
11236
1315
1837
8599
9262
9568
10476
9201
4307
9208
8571
10755
11188
6169
232
9405
5990
9592
12983
10919
10644
9414
6719
7110
12140
2381
11210
7530
6589
4067
8559
11135
5233
3777
7007
6431
5486
28
12433
6346
11652
2951
9316
12224
11703
12105
3269
870
485
3256
3950
11138
5379
7768
741
5917
7061
4519
10747
6072
2057
1302
1946
7661
8038
9224
610
4246
7870
730
1132
4104
7036
7107
844
11064
11325
5387
11672
8092
6115
9564
2262
12939
10503
7838
12786
11041
1230
7344
12012
3570
5089
5582
509
8478
10756
9572
8297
5473
11762
10127
1938
6876
4994
3424
6121
169
10821
12779
9691
5281
8976
4821
12101
5676
11702
11164
6842
954
12074
9426
6558
9515
10975
816
11305
8502
5863
1218
6964
9019
6289
8293
4319
13002
1854
1357
12879
391
2867
2682
12087
9166
11860
7515
6574
8718
6923
7095
12859
11278
4468
5056
6258
3338
11082
10461
11125
7929
1034
1893
452
11805
5029
8482
5121
3818
11438
2366
7118
7201
1099
3321
5028
12330
2593
4877
3007
6592
4564
1805
12190
9117
6543
3983
2390
5375
12214
11257
2995
11779
2118
9957
1598
7058
3039
2199
12658
2413
5123
5583
5114
2103
1284
2114
9479
1908
7721
4032
5761
10124
4439
3324
6247
7678
8811
12621
6131
5622
1073
12678
9029
502
2869
4795
4477
8594
11286
7342
1631
6832
8503
9662
531
7945
1291
2410
7859
1658
5399
11613
1047
10519
2227
4651
11081
2033
1856
11204
847
9607
12019
12777
9689
7254
3013
7970
11599
8066
12809
6779
8296
6241
399
9068
8254
2255
2914
6855
9213
12028
8269
10448
11251
8782
11127
8996
2496
6510
12119
3337
1502
2377
11713
9179
8181
6932
4147
12404
11633
6212
10622
4385
6506
1536
3429
3812
648
10545
8926
10671
3191
12744
3162
9087
12385
469
12180
9965
2389
8698
7501
11369
7877
6064
8785
3716
9295
12722
3394
8952
9900
3525
5128
12415
1446
2562
9693
5263
9831
1131
443
9072
525
10664
9070
1983
6546
5041
5795
8335
1109
2783
12251
10207
5745
9136
9645
917
8664
11228
6202
11870
10072
5274
8192
4844
11057
8655
7067
10239
2245
7074
12498
4889
7634
3435
791
5769
9319
7091
3631
9663
7868
1440
613
10383
4458
3582
2006
5057
235
7610
9640
10513
10552
12421
9453
9357
8233
1914
10009
12903
10459
2789
7052
8142
432
6099
7609
8058
10137
3876
270
10906
11584
6735
309
5953
2154
1133
8100
12378
4542
11399
10920
2607
3282
4760
10216
11330
4842
167
9060
11354
8439
8001
11242
473
4610
6707
11136
6840
3387
12534
10397
603
9892
4951
6399
7053
6976
7733
1181
5380
7407
4172
10643
12063
10578
8473
11054
10204
9160
3444
9164
4686
3686
1498
7192
1704
11573
7952
2174
3180
5282
2442
1572
1683
7284
1473
3299
1172
11662
7373
6235
7808
10711
2934
6491
9544
1153
3115
11914
36
831
801
11392
1681
3089
6222
11622
5534
6792
7453
12242
11648
2770
2844
11849
9081
5155
197
9280
10661
11478
31
6468
6385
4555
10653
12802
10929
457
12401
536
3646
2577
1249
1488
539
10866
3301
180
2775
1735
5588
3343
6312
660
11009
9172
5500
6572
1903
9506
3710
404
9755
11617
7554
12457
10402
1189
11674
11790
7014
10589
1370
3273
2904
7317
12414
12235
11446
5685
186
8450
8622
3517
6590
9797
12492
9490
12030
87
6164
1711
3276
3542
4934
1647
9851
6430
4709
6092
7055
2649
8194
4201
11572
9750
8262
7071
8191
523
10394
4060
8259
1393
10992
7199
11214
7708
8717
11887
12634
5144
11002
1254
12967
2274
12895
9100
4479
6616
6348
9582
7572
6746
7555
1867
1103
6239
6971
6011
12862
4615
12203
6157
1584
11066
11980
8203
8322
7954
2837
12179
7926
7513
3244
3749
11545
2554
5382
3730
7564
12280
9936
5436
10431
5913
7645
9839
3649
3144
12219
10118
3922
6326
7385
3599
8829
3789
1333
3399
10296
11140
12011
11724
7423
3740
7090
10963
11574
6726
3825
11317
6953
3150
10365
7653
9376
3872
7711
3420
3340
7718
7837
4054
3212
8459
12806
4040
482
2128
1928
9325
7354
849
8597
6547
5601
2498
2095
3389
1354
9124
2857
1801
3608
7626
10888
11500
6609
10745
8183
5351
10491
6460
636
370
9194
6795
3051
8685
3805
8959
9618
6820
2505
4810
12907
4804
12343
820
855
1999
9696
1548
9023
12647
11537
2617
600
10248
10517
10854
7789
4970
10295
9082
3022
3758
12536
3148
2730
8345
6770
2394
3095
8071
7608
9608
12552
7428
6246
10668
7802
7409
10157
9545
4328
12307
4625
12355
7295
10818
10141
12843
3802
94
3437
1348
2257
5485
12181
5557
11095
3706
10635
559
3331
5297
8120
4504
2586
5537
7617
570
10934
10300
5568
9350
1641
6057
7138
11391
7166
9374
8118
6314
4836
7542
6350
3194
2808
10070
5137
5406
6471
4798
6243
4260
3227
3438
8484
9133
2034
9214
2685
6342
9781
3006
9085
699
10687
12017
9298
6806
10739
11263
9218
8918
7089
7329
6737
6287
9861
18
3736
6327
12617
7963
2395
4109
9403
8005
1916
7632
963
4694
122
4341
11334
10367
4221
7495
9206
6484
11216
1384
5175
12604
7331
8260
155
4148
2720
9159
4738
5027
2863
12566
2081
2916
4346
12706
8139
7687
10980
6813
5817
3020
5646
8866
4226
7601
5370
12503
7250
6912
4969
1582
4655
10900
11906
8609
2774
7748
160
12163
6486
1529
1453
2488
4669
9151
7457
8239
992
1553
11601
7928
976
8165
8018
11637
12423
1819
8836
11086
8941
6341
12202
12947
12318
11995
11080
11186
8157
11267
2909
10275
3632
965
12990
1310
11837
9056
1680
3098
2606
5322
3255
5132
8349
64
9718
9372
12153
1925
5763
8386
10005
9953
7303
7278
2624
10060
11338
9355
1464
9706
10547
12134
11928
10820
987
11697
11527
12550
3409
9655
1107
10792
651
10165
6204
1497
2602
4391
616
10757
2543
4779
6050
4072
9715
1144
201
7109
2070
5755
6783
4578
11815
2742
3242
7504
103
1418
9630
7594
10618
6345
6294
4252
12345
6671
8227
9192
7968
6612
1508
4855
2253
4522
9740
1087
815
3464
5681
1963
8956
5030
6647
2178
78
1163
10748
2544
10023
4915
7464
788
6952
2943
10408
6034
12469
11357
829
7300
10292
3894
5064
9324
2608
9223
9587
5505
3653
1485
4980
11957
620
6778
6165
12676
7494
11612
12917
8004
8901
4948
10875
4456
975
333
5957
11231
5202
3936
5838
11978
6997
2495
9480
3911
7470
10125
11287
5781
3201
2875
1894
12302
5726
5421
6213
5972
6710
1319
9457
6454
9162
5294
7411
1023
2679
12301
8800
6285
6324
7468
11749
2142
11097
9045
4864
7776
2136
2845
11451
2700
3914
9679
8684
8318
5787
3831
9688
11958
8735
505
2656
1820
2025
4086
4408
6665
7800
8563
4036
10322
1509
7619
11829
4233
6576
11839
6901
9401
7276
9879
3622
1788
10485
3119
3598
944
6711
10646
11668
10208
11459
1515
1013
5686
3550
2622
3980
8512
12362
11432
7565
1637
11090
8198
4008
4987
4244
2868
12738
8855
6858
8690
8147
8235
11509
1604
7764
2883
6763
10621
7141
11262
10074
11784
6902
11203
7057
5316
1552
7420
7081
4616
9001
357
4585
5401
4363
3846
6038
11804
9313
10024
4135
9838
10030
11248
10938
6191
8578
6911
1634
233
10596
12602
4523
10961
2069
727
7979
1262
1285
1505
10836
3243
1971
2625
11764
8380
11825
649
7642
9171
11579
6561
5710
11977
12489
3939
742
6086
11301
6315
533
2170
1251
3186
2317
4752
2778
7613
6097
1550
7770
506
6325
12387
1296
8321
2621
3851
6411
8596
1235
5907
5524
7599
7879
11479
4607
1929
1583
7500
3504
4597
2175
2117
4440
12734
6767
3856
5019
53
5116
6374
8059
11102
4881
12624
569
8726
7128
5464
2179
11991
8577
10146
8927
12918
10816
4091
2280
8300
11331
5595
4884
2987
2956
2784
6984
9661
11904
11447
7637
7365
147
2937
4349
3426
9525
138
5680
6644
12144
8022
6190
10566
1327
6939
12673
4162
12849
10727
2005
1100
1489
5009
2264
2013
10006
2344
7543
6371
2650
3314
12135
7680
11730
3021
12080
6238
1923
12393
8278
11480
4331
407
12551
6519
2724
8706
6018
1953
12600
6162
2531
8791
7370
860
1308
4931
11750
1880
12926
2012
10268
5756
12909
10340
11298
12803
8725
4423
3969
12462
4714
3927
12336
11970
5744
1618
11560
11368
4754
9852
8656
10358
7210
12555
7801
10252
601
10624
10102
6077
3400
9251
4924
1836
5728
4834
2654
11711
3173
8907
1648
3667
6769
2596
4022
11073
513
4004
5871
2073
12623
12331
11532
9672
839
1887
7450
721
11746
275
5767
4383
522
10106
543
2772
3253
5449
6361
387
8997
6956
11253
4642
3041
11201
10158
9958
3778
12213
7304
3024
1424
3627
1199
316
1423
2401
9141
5049
828
3692
2001
843
7322
11704
4302
247
3769
4604
143
12143
4466
11315
7171
2326
7238
7749
8514
1697
6107
10650
7941
5702
11988
10784
1511
676
7765
6226
10625
891
2782
8433
10782
2306
4271
11058
6400
1236
69
1975
8773
9986
9566
1427
7620
2955
7819
7932
9681
4774
2530
11773
3059
1886
10193
2532
4662
6787
961
192
4743
11693
11766
11666
821
9898
11707
2674
12416
4454
12256
11591
9937
3930
1678
10955
12130
2860
1566
1303
4764
5310
10119
7727
10080
10416
5260
11397
9999
4410
1042
11732
3100
5920
4762
4917
4146
3305
8089
81
2901
8973
5234
8048
9762
6356
4984
2864
11769
7225
11402
5916
7812
8517
4098
3304
1361
1807
8394
3107
9062
8087
1062
9562
4770
12077
9143
12953
3961
10705
6597
12145
2551
12432
4039
8208
9535
8509
7807
2109
9778
10028
1162
9005
5190
4320
8189
3385
3574
3354
2508
11846
1911
10494
7827
3820
1232
277
10366
3929
2374
9089
5747
9927
4641
8418
7098
5522
9780
3449
6514
6695
4107
6941
12804
9692
7206
1043
1607
2022
11817
291
7402
4173
5898
1752
5548
6382
7106
11103
6020
6330
5252
9909
552
8845
1038
210
7512
3158
11581
3336
2436
5999
8643
8651
9995
3971
8043
2186
8919
149
11863
5626
9067
4291
7825
827
7469
7327
8341
3668
1250
12819
4442
1900
11452
1845
4622
7644
410
6653
10455
9804
7266
9994
6423
6617
3190
1718
7176
5271
10751
1155
4841
2509
5047
7216
12994
6670
272
7574
4141
14
10993
12466
11718
11653
2815
3411
10600
3993
4908
7942
4898
3931
5395
2983
1067
7792
5127
7793
925
700
2962
4161
635
1105
6032
137
3639
4455
10556
3418
7421
3365
7934
6693
9493
10354
1483
6278
11268
6903
3978
5550
8531
8838
4258
1316
12352
1655
166
10173
10253
5483
11147
7029
6035
3597
4253
2141
345
9314
8533
8223
6318
3572
5934
1547
4620
584
477
5319
12931
11485
3630
4301
7950
5758
7269
2668
10469
6768
1253
12856
1969
12293
10822
7835
2145
2524
5428
12991
3539
4
9981
585
8540
8344
6283
888
379
8019
13008
205
6926
12520
7717
4547
4560
8159
7730
11344
6967
6566
2771
2814
5065
710
9416
11321
7316
7439
10464
11900
349
3976
5854
11158
6369
7056
9571
8843
9896
8569
1992
1676
8486
6140
4624
10210
3521
2994
8931
9037
12614
5099
3854
8615
2385
9612
627
1442
10015
10019
9266
2967
1934
1174
8063
10081
3250
6937
11699
7425
529
11457
8152
12754
12831
9119
4637
3770
12577
7237
4995
10011
10126
12685
5733
3886
9306
7754
185
8360
1063
3973
9869
8987
12494
3637
108
10043
10058
7923
5692
9971
8738
1301
1779
3170
1093
11443
3379
7348
3164
7550
2468
5983
12032
6357
5701
253
1022
2489
1076
9832
7376
7975
9048
8910
11309
9888
6074
9789
7537
2582
6584
2418
1161
7931
9491
1879
7088
10796
11384
7113
9597
11708
619
4890
936
743
5374
7131
5076
9105
535
1822
9866
10069
1004
6604
5413
261
12374
11455
4701
9570
9034
10179
367
9064
7324
2517
8639
1530
5456
8975
10521
3671
2713
6187
9703
1362
11664
2424
7384
4767
2021
4115
86
413
12470
6949
11371
4237
1787
3744
395
9235
7725
12146
2078
5520
11714
4145
623
10776
12702
2796
10570
152
5093
10122
10055
40
389
1009
8298
9728
8207
10159
5946
985
4872
12560
8076
913
9354
2211
8804
2079
2642
7974
3656
1965
10632
2371
8792
12430
3506
6715
11083
9704
12523
957
3934
1419
6839
6513
4361
7398
1644
11488
11096
5070
7575
3720
5444
12729
7913
1241
3044
10952
5661
3548
3775
3954
11215
3860
8178
7866
10969
4895
7761
1576
2301
11552
4424
5427
6501
12635
7534
7330
2537
8085
6019
11888
8765
1722
9322
2605
1734
10031
2801
9990
11911
2905
5978
2221
9337
11571
1376
3064
12472
4802
7491
1844
4797
4268
1708
11381
10991
7388
10375
7988
7625
3439
176
4907
11986
504
11973
6552
764
7159
9004
7691
931
6358
7307
3665
11152
9184
5636
10190
4885
1239
9384
7383
3362
6564
2747
3705
9521
10202
4559
4736
3688
11027
5515
10598
4182
3471
971
4213
2948
9502
4780
5167
7477
2419
4100
2287
3196
8507
3455
3611
113
6026
9018
12721
5724
10760
7875
4460
7426
1897
8629
12171
9035
3661
3722
12961
179
624
1643
10641
3117
8661
6037
8050
2507
5309
10317
1015
5443
6705
9857
5367
2267
12023
7973
3352
866
7275
10235
3786
327
6918
163
5835
3406
11270
8420
11611
5098
8991
6773
698
11358
7217
6627
12822
4612
8313
4812
6252
9050
12160
9366
6487
10786
4626
6554
3773
8419
8753
7864
1332
9305
3172
6821
9253
11976
3943
606
11855
12158
5788
3249
5268
1677
6237
7069
10355
10364
10362
4879
5002
11435
1190
12860
11656
7638
1833
1268
11859
7681
2058
4241
6877
3317
10089
2238
5602
12165
4204
5349
6733
4249
12783
4306
11659
9451
7641
12756
2711
5445
4635
8448
10591
7883
10302
418
1340
2065
12655
10222
8373
1471
8902
8980
11296
105
3266
12376
9805
3634
2523
9615
4000
4617
4095
8666
10916
12836
8530
9090
11820
2569
3453
311
5024
10353
8950
4120
1778
4197
4551
1590
8641
4472
10183
3920
8014
4600
10035
12755
6946
9478
889
605
714
10658
4443
8672
8729
2194
412
5567
3625
12757
6093
10236
11307
11196
11541
10603
5134
12709
817
1601
3910
11895
8402
11258
6188
1546
9200
9972
4020
1439
12110
5632
2258
49
2003
3587
1057
5772
943
3745
9264
8850
464
7023
1024
4591
625
9302
4535
12652
8052
9813
11297
2512
6828
4910
10534
2687
915
11543
1222
6328
1857
11507
2872
3356
3149
3515
11897
905
2858
3287
3073
9825
641
2692
7265
3131
1842
8312
1798
7220
9985
6712
4318
12719
5963
2574
5364
5776
12527
12164
6521
7536
9505
3965
9497
1065
2560
8764
7049
4852
4090
8379
9444
1016
1940
683
10144
5612
465
1501
12713
12328
7127
2615
959
11162
5940
10852
7830
5532
10209
4475
1080
7820
11179
2048
8082
4096
8326
3615
4875
7560
6489
4113
6497
7018
9198
11938
8607
12132
12022
5856
3696
7326
10529
9196
8728
4550
3956
12942
1411
6402
8893
1380
4263
12662
4545
3862
3494
7332
9500
656
823
4043
11856
7511
12364
11288
8193
11423
3205
1632
10468
73
6459
10413
2191
2504
5441
3466
7187
8199
4707
3479
2444
10142
11001
9375
5152
5607
2050
1996
2737
5081
11787
4813
5535
7962
11109
5249
11266
7951
7967
11139
6141
11778
3538
9959
3373
12460
1961
11561
4103
8006
1156
10770
614
4481
12381
11563
9489
12778
3264
2896
4788
10652
5264
7623
6441
6089
4541
2632
5095
9917
1481
1688
9182
11408
8750
6010
7851
4058
3048
10407
8567
411
2709
910
11963
11175
7861
11120
1806
6320
2800
416
7605
11240
2811
10654
7946
4633
6789
1267
1526
11994
5526
7480
4187
5324
2755
12890
2629
10450
11996
5698
10422
1847
1280
11490
7774
9460
1294
4905
11681
1997
9770
10539
12892
10181
2611
9676
3101
4077
8591
2165
5642
4059
371
8270
6917
10155
11030
12732
5848
3398
6844
8244
1713
6172
11555
9135
922
9259
3636
12788
7999
2171
2781
11462
5481
7832
9495
6299
10579
11524
12348
6700
6281
4110
10604
7795
12904
4064
426
109
9277
3835
784
11144
11908
8029
3999
7257
10546
130
12891
6499
12223
6816
7346
2816
7570
4259
3823
11822
11544
9227
10785
2327
6199
2528
12440
10999
542
1966
2938
6396
483
12901
11925
8832
3408
12773
3431
6702
12365
2459
1733
941
5298
10626
4598
2945
11461
1412
13007
7762
3500
12463
8408
7707
10087
4750
5457
7016
573
773
805
8051
6860
10432
2757
66
6993
2124
10562
8816
12155
7114
9183
4673
3760
11
11496
12986
3987
2510
3890
1661
9996
4745
6998
10039
406
5807
9530
9652
6826
6755
12118
2662
11686
9170
428
10928
7219
2972
11035
2137
12730
5301
12766
9887
10825
262
5812
12638
5504
10639
9379
6183
2042
4017
165
1465
10320
1191
2732
12845
11142
5931
3428
4248
10605
3869
8779
10710
12043
1386
11425
799
8234
6066
12062
4365
4927
10384
2578
6677
11952
10228
3414
8623
9464
6868
8090
10065
9381
3141
2452
12479
9486
8098
12094
12599
12458
3729
9791
9288
3899
5403
6522
2293
10717
10958
9346
11048
11874
7880
3167
9510
3822
7744
9863
1875
8892
8778
5657
10910
3220
12197
10213
1863
9469
5186
2725
11470
10707
6831
6754
4330
10351
5846
5973
5816
4018
7125
7202
1467
5664
9724
2881
9063
11499
2130
12424
8226
2920
10156
3498
12177
2045
11129
9528
967
355
6352
3445
10838
12441
3579
11847
4563
6892
6940
2467
4843
11477
738
5333
8295
3624
4422
5308
6758
10927
6533
2657
1053
7588
208
9328
10718
10327
9527
2719
8480
9408
3717
7298
4854
2263
350
7033
7429
2192
5630
1344
7734
2375
9701
6045
12341
5339
7731
10120
9889
1085
9807
11738
5919
139
5651
12107
8636
7886
6173
4209
8132
7693
607
10949
11412
12963
12548
2501
11339
8311
10509
4042
1878
4863
7690
10332
2116
3994
4672
11249
1866
5633
8858
7740
7366
12121
10935
12731
3460
3161
8783
8734
11320
5874
6044
8215
11577
1317
1947
3223
2282
8539
4414
3787
2928
1954
12885
8877
5287
1609
1224
2613
11151
11197
10637
6051
10265
9801
10964
1982
1278
991
907
8912
9902
2354
9398
769
4186
106
8573
8608
4865
7640
11520
10091
7372
7359
9512
12780
8081
6313
6588
1685
7432
12427
9139
3884
11422
6376
772
11598
5050
8823
11155
12272
4418
6703
4955
4426
881
6075
10803
2728
11015
604
4219
4310
9270
4674
10241
9726
10512
7143
10482
10132
4963
230
1539
800
1687
12502
172
9732
6000
8929
5023
2437
1600
9561
12092
4800
11037
3315
7149
9949
5261
7413
11011
9671
12036
12799
5000
5660
4066
12789
9818
5591
6800
5714
5594
9041
3367
9421
549
2011
776
12448
8149
6544
9619
6124
7230
11389
12475
3821
148
8774
11918
771
6105
7002
7487
10844
12444
11212
2345
3990
4222
381
420
2696
8205
2346
7969
1739
5641
480
6696
10648
11421
2961
12499
4405
12816
8995
346
6829
12708
3457
4163
12169
12663
2251
5888
903
6027
7152
1374
12620
6504
8445
1948
2110
5766
7130
2010
11235
4815
12284
11877
6457
3492
9849
9488
10995
12571
8930
6927
12051
1848
8989
2513
11028
2302
8209
6128
10496
5092
1142
6992
5750
68
2989
8739
5992
9476
6764
8397
2333
12630
2750
2420
10135
95
3875
7667
2138
9883
12198
5565
301
6701
7297
7498
5191
9463
6154
7944
11276
8916
2249
11191
12221
5278
10347
11341
6626
5100
11016
5707
84
7957
11333
807
4640
1028
10848
6699
12811
10115
697
4273
4692
4050
9466
7363
10303
3402
6060
13001
10333
11494
6663
3642
5357
7930
3743
6167
8359
11172
5912
6935
12072
5083
11106
9273
1935
7472
1747
2533
10378
4183
10415
507
5748
284
7485
9373
8319
4027
55
7746
9967
842
5468
8704
4580
4400
4623
8834
10915
4792
3116
4216
3085
5159
1959
11567
11775
5140
2663
9146
7532
11940
3462
5409
10477
3623
3566
916
6482
252
8000
8454
1855
3809
2049
8691
897
7134
4823
6605
3000
6893
8990
3837
12055
5540
1777
1613
3407
12136
3363
7803
9042
6920
4639
8938
1767
5704
1560
10554
374
4974
6870
11476
2411
9610
5818
6426
7603
8128
7111
6076
9320
3836
851
2558
6481
5124
9669
968
266
4506
4315
2988
5154
12933
10815
3208
4170
918
8091
4901
7916
6377
10945
12486
3136
7066
9094
8303
9318
6254
10894
7722
4125
7493
10145
11429
1031
4403
7996
11793
10775
11754
2567
10772
10495
12122
6088
1208
2131
6274
3907
2717
11342
9983
11518
5251
790
5652
519
12097
9169
10614
7358
8724
5080
10592
6062
3483
11413
4184
11222
3092
2232
5647
1449
1083
3412
8458
6962
5311
2610
11026
1846
5901
2047
8939
8887
8769
9190
10563
8957
10406
2817
10405
8713
11517
9950
12089
2017
1322
12984
10861
12426
5797
11456
10182
422
6437
80
589
9987
12431
5180
4238
9012
1207
6407
7064
6880
2349
10882
93
2764
8732
6621
9993
12988
9017
8175
883
11901
11484
8431
7182
5293
10688
11077
10388
2840
6067
11108
12449
9779
9185
9632
13009
7982
640
10180
6205
302
10462
6678
6814
3741
4613
8003
10238
8915
4933
1860
467
7814
10743
217
8177
5655
8848
10105
2830
4415
3031
11881
2435
12880
8743
12208
7829
9423
5237
9055
12668
12681
3766
9285
6470
3573
12113
3672
11363
3028
2396
5813
5372
7519
1392
9153
8452
4998
911
2339
1197
219
608
11051
6785
9589
5844
1670
246
3918
5895
7435
134
5198
12882
9812
6541
8124
4106
6986
9523
7782
3390
7486
11788
4737
2373
5386
11199
9874
11285
4206
9046
11123
9165
5328
282
12218
12230
5467
10783
11071
12641
11667
6555
3132
924
7797
5253
9265
10587
2059
2092
5477
12800
8650
9954
1125
5038
2820
12125
5738
10602
5183
10656
1409
11200
10037
401
680
885
5122
9641
8231
6145
1244
7884
644
12167
8095
1624
2583
1494
9096
263
7694
1484
5784
526
8749
9216
11922
8084
4988
11032
1695
3584
8793
12824
2829
4887
3507
1114
9690
2153
5227
8099
899
2159
11031
3070
9714
12396
8160
12750
5131
12127
10486
4501
10616
10902
10042
10686
5385
12315
2788
4992
11972
10304
1463
5881
6987
9555
2150
6996
1696
10272
9057
8496
1861
6429
10569
809
8182
8693
3554
11324
4965
6944
8949
2635
4582
9840
10855
5446
6142
4464
6006
5684
5442
583
11649
10948
537
10285
3628
3310
3034
2672
6332
8308
5181
9396
2312
136
4978
258
3
11165
9579
9197
1608
3285
6129
5067
2252
2190
3817
5549
5779
4652
10972
4076
2877
1666
10684
5341
9174
12896
2210
2506
3594
2316
3122
12653
5151
10201
12149
168
6550
3391
8114
12745
118
9666
554
12512
6915
12289
8441
6340
198
9377
11578
3175
79
54
7767
1775
9365
5586
12528
3168
9245
12491
10001
929
2985
8320
9674
6122
5224
4314
7367
203
10859
8289
11747
838
10752
10418
2861
9103
4570
12501
4805
3258
5746
7833
10401
11017
10647
8281
5119
10168
2660
1135
11916
5836
11467
7682
2716
2290
11489
1933
8222
5148
3200
6934
2589
10933
8504
3094
3497
8756
243
12229
11036
3060
3235
7786
8434
1790
6004
1671
4897
3893
7026
8652
2075
5951
4919
6794
3857
11529
11687
7024
8150
9554
7676
6582
1283
5569
1082
4699
6500
7097
4326
431
11768
1979
6885
8456
4229
2886
12898
3912
6562
2686
5265
1282
9281
7531
12646
1228
2502
12581
10093
9110
9736
3533
2368
12098
1468
9595
6681
8720
12321
2667
6087
7019
12542
4116
3178
12867
7671
4606
6630
8592
10891
11841
1366
8840
344
11390
512
6367
3293
4392
11382
1921
1164
7082
10799
11024
1147
5682
12081
12661
5993
7940
1993
4469
7115
7696
4437
7310
12935
643
3940
12966
5280
10886
12763
9577
973
4270
3529
133
5718
12346
2647
12471
1943
8876
4544
12582
2748
9649
204
12851
6999
11150
11245
2454
12705
8870
4500
10978
12344
935
3537
9452
12546
2259
7856
3401
368
1888
10986
1408
11624
5077
990
3644
9311
8494
6225
9095
2497
11160
8017
10560
1625
8097
5937
10134
12714
5330
6540
331
11896
6434
2406
9130
11803
1044
8784
2144
6668
11975
8731
7273
4438
8102
8245
9727
8206
8712
10597
6524
8565
4210
4688
1188
8285
2839
3382
11474
2362
9021
3593
8667
9539
10082
6078
9109
2963
887
10555
4717
10063
8582
11187
4614
2412
5200
3425
833
12718
12405
10350
2009
12999
7939
7679
1762
1198
8508
3463
7852
9862
3088
11495
5810
1699
209
7518
8336
12609
8561
2215
11956
12703
12252
2261
12216
8271
11193
3841
6253
10823
7274
11132
3731
11716
12482
11830
6875
4627
12549
11252
10508
1562
11821
12353
12651
6061
6300
11246
2309
9147
1803
4629
2704
4124
9769
5235
6383
7993
1937
4682
4225
8036
4766
2105
2714
5195
9991
524
5062
9616
7591
3813
6397
5619
5715
1657
12061
10723
12854
5376
10633
12068
3300
12281
61
1782
11167
11074
7245
775
719
7893
5869
3750
3578
10871
663
1299
5592
1742
1061
7843
8176
9574
867
63
9467
3219
1345
9173
3514
8119
3633
3265
6215
6304
10531
8831
2310
6549
10325
3590
10967
8747
216
276
9154
6959
4449
1343
3137
7738
10053
597
8550
9810
9409
8429
5432
739
2944
12004
7172
10391
5939
6666
4240
1635
3891
11823
2804
8187
1130
8675
686
12450
11530
966
11091
5001
2193
213
9078
5211
9918
12666
3830
11710
8272
6815
1261
2217
6774
8913
11759
460
9929
12195
9176
3057
12532
3602
6975
300
12807
5358
3065
4973
8627
2797
8584
4829
4297
9272
11226
10548
2376
5411
3858
1684
12701
880
9559
1200
9926
11992
12085
5996
3129
3451
2826
2176
1314
2098
6988
6577
6134
9407
8548
2152
2561
1720
1096
3405
10339
11630
10758
792
6217
9596
6329
8914
7688
10673
1091
4487
375
724
2305
4833
3383
5617
1372
9250
10061
5334
7076
334
1215
5980
856
7293
4203
145
4075
4171
7419
9282
6981
1058
4214
6366
4425
12622
11827
12204
10189
8953
8694
9930
780
4421
5621
11259
4114
5555
11067
12573
1998
6242
8337
8788
12769
11264
4935
6573
7872
7847
4450
7849
6391
6322
8518
12826
4557
2332
1209
631
6052
8489
11993
5259
9867
7597
12306
196
8393
1770
12554
3680
7073
7910
819
4517
11818
2741
1318
9708
7041
9286
1724
534
4943
2324
4175
383
12045
1741
1397
12610
5203
493
9487
4169
8197
3591
10773
9032
10330
6321
5416
9024
5101
8898
10994
615
4180
9660
2325
2029
9428
9413
6056
11326
3482
4296
9279
612
12337
7540
10903
7151
4029
1145
9177
7848
8161
2818
6891
6898
142
8148
5498
7314
3458
10924
10108
5345
10984
5847
4648
4065
12368
8933
4946
9033
9222
12412
249
4200
3238
7400
7552
8023
3520
8339
7434
11069
609
10691
251
6808
9550
396
12561
5078
6667
2655
4245
9665
4579
10506
4960
12422
12946
3997
8766
12586
8657
756
3819
5604
3185
1785
7339
621
7280
8882
6309
12801
1192
5829
11695
5896
12217
12271
7471
5300
4212
1421
1444
11092
10487
3829
5603
11909
11085
5801
11076
768
8760
3123
4975
4856
7862
1051
2776
3568
7347
2689
9241
1049
5964
11229
11780
11020
770
231
9771
4807
5914
7246
8053
6596
4735
5948
8767
511
3502
7404
1690
10048
10738
10110
12574
7093
12790
2779
8922
1717
10842
7995
5163
7842
4002
4581
1694
11114
9092
9943
12322
4596
7701
7255
4488
12796
6163
9593
12962
6209
8483
928
4936
5508
5887
12212
3944
9609
5975
12978
1726
9312
3155
1528
10523
403
6068
6658
6307
2759
2084
129
4155
11985
2828
1097
8721
1330
5046
7044
8133
2067
2952
1270
6043
8979
6432
11012
5671
8546
8810
2167
9304
2308
5335
1259
2417
7270
3679
5061
1090
9036
9229
8626
6189
12014
8210
9483
9131
12671
2460
5705
1454
8692
7185
6380
10396
8904
8068
5223
8814
4251
5214
4928
5729
9940
7313
188
4282
195
9786
9104
9388
2214
4427
3484
853
12056
3316
5903
6598
3017
7660
3415
5489
6505
10813
3386
3530
11218
9738
6606
7165
6583
11709
12576
3544
6114
5987
3221
8506
2008
226
1472
1269
7538
12210
6866
1746
3037
12905
6439
8714
11950
9636
9980
11776
5965
794
12927
6433
7747
5527
12239
9754
2891
2799
12178
2352
5438
8488
10129
4561
9875
1095
9723
8415
2235
6904
1985
3359
8366
7121
12115
5073
6456
8286
2036
11814
808
7648
1074
9086
10147
10439
6749
3114
5213
9129
7454
4691
7083
4131
6538
8825
12088
5176
11468
10269
9015
8842
10059
8604
11796
1499
7094
6276
2594
4521
4638
6058
5276
324
2107
8970
3932
8999
8403
2425
822
11594
3078
29
10079
3019
1274
7527
8405
6791
1223
240
5169
4744
8112
10475
665
5623
11930
3370
10233
8463
3417
10050
9217
3468
8131
3033
12070
9442
10683
7675
10498
4079
10831
2318
6776
2754
1480
10571
9341
9438
3174
2503
2974
3298
135
7392
10257
2557
3585
766
10981
8523
1075
8564
8703
9494
6796
2703
1891
9785
3067
4932
5765
12069
1353
9309
10703
6989
5571
781
1027
12547
2762
8867
6661
6818
1902
12276
7844
3063
7976
12948
10219
5997
7918
7896
8027
12454
5596
4646
942
4755
12864
2888
9970
9816
5396
6412
5164
11115
6023
11004
5484
1714
6645
8292
6180
12601
9043
11945
9834
1012
10095
8678
1783
3561
9919
9511
4981
8751
10018
10663
7345
10417
6277
1364
8427
486
11119
3551
4562
5885
12858
11734
3280
10911
11241
6652
6008
3518
2890
934
10356
9071
8545
4839
1264
2990
4681
5307
6724
4891
10254
12543
1758
10442
8247
11404
2408
4434
9800
7325
8075
9947
2768
7101
8309
9040
1116
98
6270
11124
33
8325
5823
12461
2579
4292
10781
5187
1507
7010
5393
2718
2684
21
7631
11112
11585
12234
4476
6117
3334
806
5786
3782
11685
4621
8328
8169
5900
4665
9455
1237
423
8381
5749
6542
5273
10440
3216
3732
1602
874
901
8329
7724
9044
5136
269
11851
5290
2219
10982
72
1352
11892
3477
8258
5423
8888
956
5229
24
151
10374
121
12196
2644
723
2239
2477
547
8865
10066
3009
12959
5573
3981
6262
8030
9149
4266
10558
2163
5566
8921
12876
760
8314
7244
4713
7458
1751
1387
4990
1217
12842
12531
4354
9132
126
4344
7361
11559
679
9910
409
10474
6600
12041
11255
10806
4041
3474
5725
872
2765
10946
5408
1865
8799
2119
9998
7126
11148
4809
587
6716
339
1288
8442
3560
9600
7514
4265
5806
468
8646
744
2633
7921
2404
2680
3779
4386
9431
3703
7299
11547
4038
11792
336
3621
994
8357
242
9437
7158
8833
4687
13
11865
4989
9359
595
3105
2201
12236
8593
3154
4950
5780
6922
11379
5590
9332
12969
7899
1909
852
1912
5036
3903
4572
7025
5499
7193
7917
8174
8101
3801
11100
11902
10313
11618
5519
6610
7352
7618
5412
11433
12987
1924
2739
7488
12438
7369
6586
9895
11383
5390
1256
2443
7639
8934
4740
3712
2462
2688
354
361
7465
4571
12964
7901
7998
11949
12820
8946
7484
11362
2007
5453
6802
5563
11616
848
10419
12279
7368
12629
3004
10435
9219
12111
9231
9524
4322
8141
8917
11061
4838
4566
265
8040
4419
10674
4339
8521
6757
4719
10595
4574
5258
1532
4656
12317
4982
3469
8016
5248
1531
7769
5955
3648
1293
12232
1745
10713
6732
7836
6568
1815
10528
3571
6679
11521
5270
3292
7100
9269
1018
1519
9260
10843
12285
2481
7589
2926
6729
4087
12848
10363
3908
7301
7745
12637
11791
678
7050
11060
1522
1986
1186
4524
9749
10379
8475
4543
12124
9557
10917
4539
12613
1906
8859
2356
1744
6629
10746
3109
4071
8527
12762
4939
7524
7869
1367
3325
7920
8455
3827
6841
4232
3528
5232
10670
10724
10541
8881
7085
11256
565
7234
6155
5558
6635
10689
3919
1793
6559
10195
6360
3262
10107
7579
7510
4220
12400
4880
7900
9904
8803
30
5003
6581
1461
11811
10240
10788
4024
3187
3056
5720
6403
273
6556
4188
6790
5174
3076
12370
9439
6507
11884
4888
4388
3764
1050
5332
8288
12162
12791
9361
7627
7845
6466
4940
5574
5984
10623
5867
12521
5400
10582
7966
8742
11542
260
5730
6714
1487
933
10381
2887
1871
803
12591
3297
9391
7507
6223
10484
7356
5516
10947
11801
2803
4546
4527
3192
6392
5735
12795
2292
6266
11310
3077
2000
6096
6428
12509
9470
1413
12366
7451
10426
5318
12805
1565
10299
5097
10863
1768
9948
8021
8510
11628
6525
9591
4515
2559
6186
6455
5690
11398
3985
2918
6293
7337
12298
3120
6872
11670
4327
8443
10016
8323
3213
10342
8716
8820
267
6578
3087
1289
228
7700
7863
952
8588
11802
3681
9907
476
751
3306
5110
11141
4373
8856
5410
8967
12371
2256
4308
326
4893
709
9719
8513
1710
6651
2285
120
193
8719
12616
3096
6539
408
11367
3761
10543
10884
1918
12373
785
4675
8
7804
2591
2697
6005
6184
12455
1334
7811
4518
6214
4659
8880
11352
4721
5926
10062
8812
3313
10400
1447
1765
9659
3110
10492
429
102
10334
6152
6545
1581
5
6153
1958
12493
85
1365
2848
12689
6648
8103
1516
9356
3511
9390
156
5654
10627
2002
7489
1102
10162
3226
4136
12006
7168
2873
4154
3659
7167
11910
70
3913
1569
10140
8361
10090
1240
8908
12844
1335
3916
1814
9102
9687
840
5426
2899
740
3693
12459
9404
7704
10051
433
9650
12313
7821
5580
10877
12589
2763
479
11960
953
9234
434
10538
10793
6317
4507
7794
3924
2360
7983
3404
9876
4358
3946
11466
3843
6689
5348
7758
3756
3826
6888
3456
8188
8086
1541
3757
2169
2556
12761
4355
4070
6958
11942
12570
12443
10390
1510
5415
1171
4906
836
2158
8808
10212
832
9745
10865
528
3962
5834
9788
11514
8020
7716
11812
10425
1835
6859
4158
3217
8762
10458
11770
11816
11409
10507
4777
758
3296
2453
328
8035
10857
4716
1470
8093
12565
3828
6567
10787
9551
4026
7796
1723
7268
5283
5032
7380
1166
5295
4019
11947
3472
12915
9140
3543
9317
1558
4352
2426
353
7054
9473
3694
8248
3160
9964
2690
12519
1883
5513
3075
984
5954
546
9066
4768
7251
4001
11587
7607
3697
6389
12627
9787
6526
629
10097
2640
3140
2208
9142
804
12297
5968
8346
11813
10205
7084
704
369
3660
4023
3909
5945
7116
10851
7072
1039
693
7750
8168
10177
2024
3933
11903
6085
11588
7773
12275
661
5894
12656
1917
11971
8250
4337
402
2298
11316
12772
12084
5593
12442
4288
5497
4742
12380
8542
10013
5069
9870
11303
10007
10029
7062
12632
3237
904
1003
555
12753
8637
6127
2973
11684
3604
1825
6263
6003
5320
11715
8977
12736
9922
7715
6420
8495
2359
4082
7663
5091
4052
5742
7799
4156
2086
9759
8412
3959
945
2908
671
2450
7431
157
6036
7157
2626
8348
7144
7478
7078
6106
9733
12358
5639
9824
12477
11049
6016
11355
7397
12958
9667
3905
1458
6943
6409
8011
2471
11640
5877
3986
711
2277
11596
590
5866
571
8267
10962
2982
5162
7422
6560
5627
3989
12467
12913
4573
11533
6444
1221
3676
3926
4037
8853
12683
12126
1784
12038
8196
602
3329
2276
3146
658
11173
335
9820
1451
7228
8079
12150
5129
10218
9670
12129
5226
51
6854
8111
12490
3586
9363
5554
6338
5872
9321
3957
2476
3240
9806
4431
2155
4923
4126
10577
3030
2247
9393
6269
2975
347
1884
11733
7629
3163
10423
2954
453
4712
7630
1926
5026
8061
2683
394
2423
577
2363
1110
10319
414
6908
5313
6108
557
6042
5949
10094
6638
8818
10310
3481
12287
1874
1329
4068
7000
11437
11844
8113
10693
7752
3996
2743
4776
9289
2906
4595
9503
10175
2472
12530
3104
2866
2183
7403
11290
10740
6933
4492
12324
3433
3797
8256
7035
7190
10798
7964
5561
7558
10763
2093
3600
1808
11497
10581
11504
12035
12957
11250
6708
11428
7846
9966
7334
2080
3771
6529
10301
1523
3450
2529
3312
10526
11692
9639
10359
10771
3396
6850
131
7213
3951
937
3620
1989
4181
4899
6849
3183
10749
2876
4513
2792
12837
4977
1654
10559
9829
12912
9020
4350
4503
1338
4459
7666
1001
4256
5743
12710
4698
12553
12402
12818
3236
9397
1567
11156
5845
12248
2271
6196
1203
3870
12808
8395
454
5082
6264
5012
4832
445
5880
1205
864
6119
1214
6531
5717
9508
2884
8998
5933
2370
377
4211
9664
50
9447
4284
12418
11727
1709
1127
1115
5843
3952
4510
10805
2636
11343
10769
11143
6070
11116
10876
8683
878
132
5518
7517
6674
11872
65
12563
7381
995
4942
4051
490
12241
5353
2461
12615
12258
11346
1123
10789
2526
11557
4536
162
3475
6021
11826
2827
12403
5266
7919
6594
8388
1873
9210
7936
1773
8422
1202
5279
10185
8368
4930
2340
6713
12269
3763
5865
11374
11302
1872
11314
5221
6091
12013
12250
787
11934
1663
8618
3718
496
10116
1420
10537
5314
4794
4664
11639
5365
12747
12911
7338
6966
6601
8409
8654
3725
6418
292
10593
1138
3702
10837
592
7709
11595
11743
6646
2971
3904
6025
11862
7401
7175
3675
4208
9387
8891
1069
5559
3113
5017
6848
11089
9
8437
10950
7340
10453
7120
268
11755
6083
7183
364
2535
4753
8406
10078
10497
7449
1399
12883
7787
4537
6793
2821
9498
9434
12505
7283
3288
6185
3328
5584
6797
11458
7351
688
633
2358
11493
6451
2892
11279
11038
9742
6079
7277
10086
3480
35
7393
1646
11665
3727
10733
8943
2571
8307
7405
5995
393
6236
2992
9097
9496
12277
7296
9585
3461
3210
2599
5941
1406
12395
2641
1640
1260
11722
7890
12447
7576
12741
1118
6375
1876
12587
6691
5469
11673
3645
2094
3850
12814
10424
315
5096
4105
6811
10136
2665
10012
11593
4677
2601
10525
7430
9702
1730
9881
12649
10220
4255
187
5482
10316
8264
7924
1841
12161
3252
4015
9254
4847
12046
6810
4962
10427
12698
10217
6390
845
4914
10373
6445
2288
11482
8776
10143
9815
4167
682
2595
3251
10068
5296
6462
4164
5556
1802
553
4356
6098
12970
6438
6748
8771
637
8430
12815
11660
1176
7312
12538
12233
7214
11604
11701
12188
3581
8180
1705
2104
9860
1520
10226
7418
10075
9345
797
10092
4165
11394
3005
1853
4904
2813
9433
7068
3612
4081
2902
11025
11463
12109
11615
8130
2482
8451
4101
11323
5216
10905
1243
7259
4014
7037
9921
4261
4250
1466
3323
10328
12175
5631
1849
10434
6886
9275
13000
6784
4397
580
7092
7834
9794
12059
4860
1910
10680
6954
4053
6301
7508
1286
12971
4368
2879
435
11810
5618
7813
2172
3112
3307
1611
5578
5576
10010
7181
11763
3143
7377
12049
3527
11386
8614
5004
4228
7063
1665
388
9658
5825
11861
12021
4166
11181
11643
10184
8045
3565
6160
5611
8534
4654
447
6961
4724
392
2664
38
4862
1157
8886
10826
7980
10736
11519
3487
4231
8963
12057
5115
475
8015
5860
12697
6174
11275
12481
8984
8491
5113
2218
1037
11475
3294
980
9232
4033
6053
12792
10553
4185
5525
2769
2514
115
6530
11720
2322
1462
8283
810
9928
3752
6624
2854
13004
7529
9399
10791
2851
5988
2279
10853
4944
5722
34
9144
9243
9382
178
189
4215
6676
4413
10047
11536
3319
11377
11014
1394
8958
5673
3691
3882
5610
6788
4122
2434
1951
6863
2519
1809
3224
1086
7135
12748
11636
11510
4152
8358
8982
8151
3061
4783
12924
6503
1533
6643
3290
5625
8129
1242
5783
812
10881
12189
4194
11551
6515
2149
8382
11999
12636
10382
5989
10261
1580
2448
11998
12633
8249
1656
11523
10489
59
3233
4941
2315
1313
4601
1606
9569
10263
12332
11676
510
1620
560
2609
10352
6041
3545
11336
3322
10281
8525
5184
4756
6973
8145
11502
9621
10420
9906
1381
3879
7443
2581
4920
3364
4257
10148
2350
12468
6197
3709
3641
8472
4137
1220
229
2723
8817
6799
7577
5577
563
11936
4093
12201
8466
4632
7012
1575
6801
5346
10377
9199
1791
11832
2587
6948
12695
3595
7541
5439
3832
9065
8574
3966
8835
5204
3662
2357
9552
7139
10715
2483
3776
1619
5143
11070
1486
5837
4835
6847
4532
1534
2807
7559
11174
652
11118
6761
9076
7030
6240
5598
978
9548
362
7285
9992
9252
10490
6337
6894
8396
8032
9303
342
9864
2278
8365
3796
4289
3603
1596
11850
10830
8268
1851
8535
9758
11926
6619
1901
4577
10832
12923
6914
930
4083
10444
8094
4461
8294
2671
4329
11645
8266
1229
1255
5302
8889
3355
11448
3977
3610
8758
508
5343
5072
9977
3795
8367
11044
10987
12016
7551
4534
11327
10584
2112
10893
4111
2744
3102
11712
11809
12511
7586
9734
10879
12065
2364
9731
5991
4649
946
12525
1774
8172
317
8954
9757
6548
4144
11880
9436
7587
4243
6305
11838
1349
9643
8369
3043
5126
8173
4108
3003
3257
8276
10698
10835
7207
12184
659
1570
4348
5008
11121
1707
1839
596
12619
12104
9400
7602
6146
5679
8797
9698
11954
4283
735
6474
3350
6527
8242
8046
9362
12247
1092
11835
4772
9677
9186
7874
3490
7818
5247
1518
6182
1512
215
1477
1112
4857
4025
5731
11556
4552
3357
6071
6970
6614
4801
6408
5986
6680
865
2834
5824
295
11453
3814
2226
6985
12100
2383
2291
2265
2367
7611
8117
8474
4644
11771
4697
9848
8682
12024
4708
6398
6871
5389
7677
8166
2378
2020
319
2182
10665
3654
6290
3596
99
11385
5329
902
8988
10514
8377
7315
1701
8185
12209
3381
12770
8809
3066
8299
5886
7328
8204
939
675
5683
6669
3505
2430
6198
6094
8125
982
128
10827
9531
3135
3496
3499
5044
5448
8217
11696
3326
12597
4796
2691
12866
10008
908
2812
6201
6136
5791
271
450
4254
8894
1193
12888
2893
2147
9790
11568
10702
9028
3246
5222
1195
2380
12286
11239
12314
10249
12715
3332
825
9180
5342
8951
7343
3738
7546
1226
3270
2923
782
8676
9821
9915
8355
8557
12174
4409
5774
10753
2474
6536
4045
3171
3045
1263
10767
12728
425
6809
10343
10812
5160
3614
5388
7103
10171
7184
6618
11223
8879
11483
3848
2336
3147
5635
12930
12985
5589
12625
4912
10085
3638
7771
7288
12487
783
12015
7335
4789
12846
12497
3704
8164
11756
5760
12840
3755
330
2977
3647
1078
2542
4759
9549
1850
4321
5544
5205
10277
5709
4749
4966
754
12410
5656
10098
42
1692
12342
12835
3027
6697
3540
9835
3733
2432
4435
5303
6230
10049
11445
8064
2998
12562
1555
9342
8780
6608
2198
7229
12409
8610
7526
10203
9532
11209
12003
4849
5414
1972
4873
3267
5063
313
9625
5805
10297
4485
5771
5087
2303
1185
8485
6248
3847
2726
9504
892
3553
1927
10262
6642
2598
6625
5157
10790
4129
4429
2823
7387
281
10100
4540
11736
4446
9955
1173
4362
9430
8407
4576
9988
830
1626
6384
12384
9536
3583
8179
12244
10662
3443
9961
8302
5021
4900
11828
12141
1794
10640
3277
12504
279
10357
12861
11313
11220
3558
9844
12910
10341
951
6819
2063
6381
9782
4121
4808
10054
7437
7566
1246
10004
5059
12288
4047
12724
12829
3058
4826
3964
3617
10511
10761
8581
662
2446
10611
4793
626
8740
2932
2915
1204
8007
1391
4304
2981
561
1395
7197
1108
7646
5947
11469
6921
2752
1668
6116
8055
7822
2295
3281
321
6063
7136
8619
12513
1359
7598
2123
8158
236
11981
7038
9976
2250
5199
5665
373
4278
1813
11614
2361
5165
1834
8347
4831
2727
8398
448
4952
9392
5862
7258
1258
1320
4528
11798
10167
441
4811
6692
2933
3536
932
10463
3275
6766
3318
1945
11247
12138
716
1045
6823
6516
8686
11751
10393
5546
5102
3684
12559
10027
8073
3015
6557
4190
12382
655
6303
9533
9828
5146
10989
8436
11360
3142
1040
5792
11416
10619
7350
2950
285
5179
11224
1615
1760
6979
3742
11531
9000
10732
127
9847
183
4819
8080
2753
1378
6910
10329
926
10878
1651
181
9584
7308
4729
4118
2173
10899
811
8041
2997
7668
551
707
4556
517
4558
3798
8841
9237
725
685
7567
5139
4851
9775
2865
8900
9803
2999
2091
6151
12005
10880
7785
6822
9710
7034
4451
6257
8037
10084
2979
4048
3657
12408
8044
7947
638
5292
646
2600
9053
2590
11005
3864
10338
9575
294
9721
5447
8155
10765
2900
9099
12506
9686
4685
12064
3737
12580
12131
10259
12375
1457
9080
670
4371
8282
11800
11373
4490
9890
4336
2479
5700
238
2767
5998
3447
4643
9276
11417
170
12688
11657
5969
8353
7685
1571
1426
1008
1059
1797
3701
6410
10421
1759
12099
3780
4869
6208
5541
7596
7256
5870
1035
332
2243
11380
141
8761
2584
11603
12539
1169
11735
1137
11134
1816
3689
11965
5066
11564
731
9412
9673
1414
4230
5970
5751
4242
8529
2351
7674
4983
11337
5355
3555
12295
7955
7665
8240
650
2416
12245
578
11912
12480
7891
8860
10467
11023
12594
7502
1476
5533
10200
1072
2745
877
6284
7909
9773
9814
3885
11619
3128
558
6928
9261
11964
8538
348
7654
12887
7714
5570
4636
9203
7173
8446
12399
8911
3138
4775
8012
12053
1175
3335
5800
4478
9123
9209
164
5006
5474
12351
12391
6012
11274
4538
2266
6227
2387
10230
5402
11372
1589
1178
4097
3874
8324
290
9152
10314
10493
9244
7876
6537
4679
3023
1864
7757
3563
2320
9360
9894
8467
9868
6620
2099
5808
12733
6351
11853
7129
11006
9846
1071
8802
8590
2039
1610
9753
4874
11508
9576
8647
4718
10014
10298
8986
2342
12712
10251
12693
3295
12540
3260
3589
5712
11434
9656
3575
1736
1422
5212
4316
3333
6365
1066
9647
12711
11431
11955
6980
1287
4693
10921
9329
7148
4193
5605
12727
11997
1379
1493
2833
1006
11052
1895
3685
1960
8317
12483
3838
12644
7569
6634
10282
12510
9385
11723
4099
12333
3193
11492
2871
3723
7992
12435
722
6147
2889
5961
3984
2565
2129
7763
1272
2798
4074
11875
12026
12838
2440
5929
11717
11171
11758
7241
2229
8255
5255
5220
8096
8587
11549
5764
10231
7294
3988
8460
7961
1143
1899
3465
8438
6206
8404
5327
8232
8383
3416
3640
12436
868
10608
9973
8868
12716
12557
7698
12025
7933
5981
12751
4763
9333
8212
12488
9586
6591
692
444
10532
4733
3349
8662
8108
5470
8123
2126
7703
3975
7741
2041
5564
3422
7178
4463
2651
3663
1346
4723
5552
10349
7978
343
8033
4820
9751
3198
71
8966
286
12320
1064
199
962
12932
2241
8026
8279
1416
8603
8605
2824
8852
2518
4727
2555
2469
4168
5284
7223
1729
3588
11312
11848
12340
11620
7887
3080
6762
12916
3523
2260
9538
5723
254
4870
8505
10041
9912
2675
4049
1712
3012
4239
11351
11396
9468
12889
10113
2946
11929
2849
9540
7448
39
6031
7306
11449
5440
8549
5048
5768
11565
1869
57
759
12354
2646
7261
12564
2196
999
11589
10565
11419
2958
746
1995
2456
11202
5832
8671
9255
9522
255
9764
9188
3099
9705
2082
1055
6368
6936
6363
3650
4608
2550
1431
11460
10868
4378
341
8844
5383
7805
10814
43
9386
2758
1669
5360
5356
12246
3861
6015
3605
4465
1592
8127
372
8697
2391
2314
8961
75
10575
430
12672
376
6292
2071
351
8748
2284
5079
3868
2187
1005
4432
5407
1907
1564
1543
2620
5830
7911
12002
10242
1460
7984
1276
1650
2712
12148
5437
7447
6957
2122
9935
6720
5828
2710
11062
7396
4364
8362
1111
717
10996
3430
11609
3669
5514
12868
1852
5794
4012
11528
9290
7824
12192
2224
5687
12522
1371
7781
7302
7333
863
2457
8122
7949
3816
1693
10324
10264
4069
7046
8387
12980
7683
2521
5378
7204
1117
7233
10438
7414
567
8613
8334
5158
10101
4676
3011
7248
5257
6181
5510
8532
9049
9054
12292
12752
17
3982
8435
10704
4134
4790
5425
2580
6417
8874
7563
2463
4285
4954
9120
1936
4628
7736
6047
2051
11065
11726
6207
2695
12319
5600
1957
12106
6216
763
9115
2527
5864
579
12997
8544
11040
8327
8126
7595
2372
6362
10287
10730
1862
26
12091
463
10973
12453
9878
8352
2540
2965
1094
5923
3188
8469
12863
11689
11721
9334
12478
10628
111
8290
7737
8589
2120
6575
7441
356
1445
10198
5889
1403
11088
4473
10829
1754
10111
7212
12075
8156
5511
1939
6728
12900
10834
397
5512
8115
1944
7759
3871
12429
6111
7309
3953
10530
5392
104
2300
446
7252
2822
3998
6295
9348
3721
2400
5911
7780
10666
1368
9370
854
5648
5560
7706
6473
2386
3892
3562
1104
8695
1968
8225
11273
7102
10685
11777
6002
1591
9378
2135
778
11600
6394
32
9296
4725
11168
1032
7177
4896
8847
1167
7005
1321
7153
3206
12583
12388
1029
9225
5531
3968
11113
3124
3799
11265
10361
10681
1146
6379
12206
988
161
6730
6756
7985
12626
10510
6364
7705
8869
2331
3351
3248
3268
6611
1168
10376
9747
10153
12187
11319
7108
1500
7281
7840
9913
642
7905
8184
12588
9843
4342
9215
8528
4267
67
5672
10149
9799
5976
1206
2957
1950
3524
2254
11740
4138
1561
10348
3569
6126
9697
8777
12784
3361
100
10412
4007
6331
1660
11133
2678
13005
9519
10504
7571
5465
9945
12940
8560
7020
11610
12834
9137
5149
5820
11586
5501
11932
12139
5005
2148
1964
875
10151
701
5924
7729
2766
8306
6884
2949
5773
2749
10321
112
2329
1151
4666
8936
11682
3081
3942
8871
582
1981
8634
140
5040
3225
9507
12919
2281
10326
5910
7017
5677
5777
9777
6100
4279
1504
11292
3867
12998
8304
12764
9783
9148
6103
894
10845
6150
12951
1165
2096
5434
5452
2751
7562
10896
8851
12674
6723
10214
8350
12095
10036
12850
927
1824
9163
6143
947
173
9946
11706
12363
6435
5145
4176
6013
12476
8515
8602
123
7410
4494
2568
5572
3576
12093
5338
7009
2794
4958
1233
12116
9748
1984
630
4722
8543
9684
8964
10750
4444
1336
9010
1781
12669
4859
1991
5875
1638
8798
3888
2338
4063
7606
7022
3503
8224
3068
3883
12977
10667
1227
5634
241
2777
495
10283
6654
12526
8972
6144
10873
6744
7710
9845
6030
713
3531
9613
10615
4335
3767
2234
52
4945
474
5391
10437
1159
11989
9307
3516
6123
6260
10243
4055
11785
873
7735
4094
3788
5868
8579
9212
7416
12199
10576
7860
8356
10128
4462
10163
466
5662
1769
9859
5206
10130
227
11961
12949
4159
11464
10194
12833
11626
3753
11683
4287
8214
2786
6449
9617
12956
7463
12027
6925
8216
12760
4372
893
2661
11907
8551
8136
6233
1019
398
2913
9283
5430
6319
11185
3177
5090
4332
8490
2911
2294
3815
6268
5879
6688
5842
4031
617
5782
7652
11093
2525
4359
4062
5979
2311
562
5326
3209
6895
4785
293
12928
1400
1351
538
9951
5350
11213
1271
6049
7670
12007
11540
11194
2347
9108
11893
1559
1716
10488
7262
4404
1786
11068
12076
6532
5821
733
10022
12556
1129
1890
11944
9969
2134
10196
5809
4619
10797
11553
7482
837
8074
2756
12794
1139
11238
11836
11677
1182
1639
515
9611
2842
3127
11128
6780
755
6388
8585
1826
7065
12372
5691
8759
5480
2735
12973
9178
4569
1821
7475
9073
7047
6218
5857
1295
7122
2272
10114
3118
11741
10273
6335
3029
10392
2880
5551
5054
283
9678
2545
10536
10557
8983
12759
312
4448
8708
11414
10849
1913
1737
239
6881
7622
6656
5215
8343
5528
3949
3728
3263
5966
4374
12982
7043
8042
7194
9553
1527
7790
7525
9331
9707
11195
4123
12316
1811
886
10291
289
6942
5727
4726
6632
12972
2953
6913
8211
12725
12154
5833
4499
850
1942
1140
4367
8624
314
5694
2964
7452
8275
9368
11291
11731
6587
12813
144
8501
4971
12291
5616
10759
7817
818
3470
11415
159
491
3666
9114
11345
2856
6655
5799
6751
12108
8885
9744
2492
4218
12642
632
3176
5994
6156
11227
6259
12428
1537
6211
2836
1079
10561
11308
2077
6650
7188
2850
919
9300
12052
762
8330
8598
11842
10931
6660
12327
3601
3674
1792
6553
6022
9440
9047
9211
5740
5042
3546
11554
4420
11430
7755
8787
171
10808
1231
5117
3714
6479
12000
696
41
3038
4961
1113
4548
174
5267
10607
1557
9931
5031
6803
10795
5384
1036
12775
11208
3960
6900
10032
11056
7615
1054
19
5315
10918
2236
1342
4925
6194
9547
9181
12687
9347
11797
5106
7528
11306
8069
4903
4670
6865
5142
4452
11079
3071
5323
5404
5138
6535
8821
1612
3169
2968
7892
5420
439
3958
6475
234
3866
6747
3130
9729
11283
10925
12992
6306
7628
11987
4300
4416
6882
7417
8727
6081
5020
5752
514
3580
3840
5010
10404
11824
8144
7483
3152
541
3156
1990
2925
9031
906
8775
1706
10430
1563
3834
9822
8414
1201
8049
10930
8213
4092
3577
3678
2791
6683
7075
7895
2212
4858
5377
1949
550
12950
3535
9482
11834
11719
3218
10288
9558
7070
5239
960
9113
9425
11243
6889
532
9850
3121
8854
10286
10278
1121
9088
6017
12420
4021
1213
9122
10103
7045
11833
8301
6622
2698
1818
7048
6563
11395
5609
786
6686
7549
6492
11405
4748
9155
2819
10077
9052
6065
3001
10634
7986
1052
10706
4529
