8575
10186
2846
10671
6180
4338
12090
2392
9540
11111
8253
2433
8440
11403
7454
6347
2997
2978
1160
7132
7867
1428
6805
4922
9644
7267
5512
5851
1238
9907
4233
6746
11752
303
11015
7427
7326
452
8411
11472
4526
7865
108
1180
3387
6391
7669
11411
2246
8943
8583
6114
6461
6802
11030
566
5039
11730
8061
6235
7355
11180
8790
12345
4680
4771
6250
2322
10859
980
11655
12205
5451
7509
9565
5501
9529
5427
882
4679
3427
588
12776
8648
877
2799
6108
12746
9633
4334
11134
2844
12324
12168
10208
2140
1307
1056
1247
11263
12442
1779
6498
2185
7479
1057
1007
4071
8909
148
6743
6322
11081
4904
8391
3489
540
5144
8649
9544
739
9833
6083
2729
6621
9424
86
11685
7722
10127
6813
12862
11453
3728
6208
5318
12361
7336
3652
8703
7561
2164
8826
1955
10199
2670
3895
9449
1149
10434
12103
7005
7210
2146
7961
973
5362
9837
9645
9070
11607
10368
7532
5367
1122
11573
7534
12789
5375
6687
5365
8760
4008
7795
6949
12219
1251
8238
2465
8004
8012
11815
2744
11500
5561
9429
2191
2242
880
6738
7769
12871
4126
656
2189
8884
9877
9349
5968
11286
3119
282
3674
8753
6579
7937
11354
424
9111
11089
10369
5590
9972
4929
1716
11086
83
7586
8243
7082
6203
12156
216
9935
8062
9844
3289
4248
1126
7296
10960
8979
1241
3695
5752
9742
4741
3307
6025
4160
2271
7539
2790
8728
11183
4918
7799
4657
5274
9602
6859
5254
5928
7659
8204
7211
503
337
7133
875
8705
6800
5667
1440
11303
7834
4325
765
7459
8580
4916
11857
5977
6046
3863
6835
5520
8572
1402
10386
7559
9754
12550
6763
6812
11352
138
9940
3204
3146
8691
12578
1301
8096
3646
11917
5461
9558
1472
5904
10763
2995
10136
11663
4933
56
12009
12338
5720
9917
5084
10841
11546
732
6211
12269
6695
2363
9649
8794
2643
10697
8230
3281
8541
6255
5107
6107
6722
2776
11266
9614
10720
2623
12823
11305
12128
12291
2409
6944
7850
1753
9404
9247
12995
7540
9706
4934
6832
8227
8304
11186
6700
9689
12369
10449
10122
10898
9293
6739
1003
11481
10858
2202
11946
12378
6075
8485
12119
2468
10403
4045
8590
10881
9512
9625
11160
10216
9489
3019
12055
10550
8320
3642
487
1174
7404
10959
8791
4079
12036
8185
9453
7797
6299
3860
3865
2227
5431
5323
11652
1215
6906
21
8322
1671
8135
6239
2147
8674
2313
9178
7092
9161
7547
5924
193
2607
8400
10057
983
4467
7874
12411
4718
2738
12107
8835
1154
8730
4786
4399
9759
11233
1558
9993
8205
8609
11570
2577
10537
2399
2120
7696
1908
7860
7281
12659
12349
6718
3288
10194
6179
11612
2734
8554
11539
385
10350
12527
6069
3193
12829
10897
12392
1538
3136
1619
750
4189
6227
944
9497
1022
8698
6466
36
7590
7299
9133
514
6224
4373
8335
6185
6690
7285
3734
9125
8669
8361
7513
11329
3645
7028
10519
10728
9568
1837
9470
3497
7944
2541
4357
7343
4799
7654
6508
8531
1487
2578
219
2286
3367
12451
3163
12514
12648
564
8180
1415
11621
5549
6453
6798
4917
3809
7691
6909
3272
11602
8937
2419
5464
12559
12185
10925
7426
8255
10817
7791
10966
5775
2456
5082
1205
7494
3699
12602
4703
10385
1812
3062
1371
1431
8976
11013
10557
6904
12647
5383
3587
5636
5827
2
3058
2628
6883
10852
1851
6836
1910
2703
10395
6113
2788
2970
11545
2980
12296
7552
11171
843
774
5452
9208
1755
8750
4452
4972
3345
10646
6226
1426
3077
9543
7686
10484
3921
9763
8011
7346
7642
6839
12628
3144
9425
3900
6676
12368
6978
4695
7971
5500
12974
1287
7992
5207
3904
5411
1928
3002
12082
829
11304
1131
10094
2279
2012
830
9674
8263
9044
3917
1262
4715
2352
1137
10104
11913
2591
4230
12542
683
2764
6855
12228
8565
12694
4833
7955
6697
3949
12495
7021
2718
4744
10803
1252
7480
3024
6765
392
4367
5658
6455
3197
7950
6378
11767
11490
9359
9612
8426
8187
2590
12948
12146
12891
8049
12831
2152
2195
11530
10741
6984
6846
8659
2946
2166
11920
8866
2019
133
7123
8579
9234
12930
9567
594
5185
12839
2158
8576
10353
7537
10893
5731
541
5802
7972
6096
2854
3593
10451
1015
3261
5402
4492
7015
440
9358
10411
8548
2562
1002
5596
12457
10025
7592
5981
4890
8493
3555
845
11910
10007
10800
1297
6454
2326
3540
11443
6943
1061
8002
7243
744
11519
10721
11174
12054
1617
8963
3242
6783
6972
4591
3380
8634
6547
2106
1295
1596
12658
7061
3246
2818
3315
6561
10078
2188
7390
137
4992
11883
520
5905
7052
11206
11249
8897
1509
155
12403
4528
2408
11122
4898
11433
920
9258
11694
9096
8317
11477
6267
5952
7578
11144
11268
10929
9326
8635
4000
2364
11818
12201
527
6648
10957
4277
12543
2798
981
1704
6590
2981
3234
12532
4940
7116
7219
13
9301
12557
2817
9447
2504
386
5792
11725
717
7203
8108
11330
3437
5023
2306
7029
3337
7013
7858
380
12875
7047
5161
4150
5026
12078
10246
12817
5676
11272
8158
5663
2053
1957
6837
6652
10137
9191
9582
7233
11757
5343
3435
5890
3093
11742
6256
4505
11513
4213
9257
6116
11605
2461
3184
8598
3705
10345
1401
5955
2496
4954
11611
7397
2491
6548
8646
11434
4218
1818
11220
12793
4639
2482
7666
5231
2489
12622
8677
800
12540
12143
5269
3037
1409
8902
9711
12260
12739
2051
11710
3819
9291
3141
7222
488
11614
4711
8764
4449
6042
9436
11947
11591
7186
11499
8211
1734
7223
3122
7008
3041
3598
2979
11005
12598
4433
7885
13012
5963
12824
434
4517
12886
1682
8172
2023
10485
10693
8292
3902
11976
3980
9218
9354
8700
501
8022
6400
5702
10326
5972
12629
7668
12881
8805
7789
5871
1222
3007
5245
9556
6505
12561
5980
6238
6985
2848
734
2857
4288
8814
3822
6867
10603
8827
4702
11919
12461
9760
11629
7793
4645
20
5650
3985
8862
8410
4253
9623
883
3210
8980
8202
12420
8097
9061
3851
7806
16
9493
8511
1719
4056
6952
101
11264
8119
4974
7996
62
245
2397
1372
6481
758
7967
12281
6039
11066
2387
5701
9498
1643
10239
10597
11566
5562
3677
179
2583
7379
11520
7782
12790
5612
11069
1257
9036
5348
9406
8198
9860
3635
3801
970
4388
8857
7156
5395
6989
2332
10914
3770
12906
8178
516
4970
5055
6549
5539
4659
7756
316
8155
1866
5685
12032
6982
5659
2027
7179
12706
11377
6274
8723
9902
10708
10780
1264
10702
4875
1486
3849
2220
9383
4622
12096
13009
10034
6323
2751
11708
12671
1835
11275
11961
2884
4608
9428
9196
11939
10275
5960
7441
484
9142
2056
9311
4109
4883
1814
6522
11033
6530
10379
3264
12822
5526
12989
7212
9640
2167
98
1930
1645
9101
6967
4204
5502
4370
7087
11466
11179
1941
2369
11049
2570
2081
10941
2436
12855
7443
11592
2708
1756
8405
928
1612
6857
12295
6303
12782
9815
10436
2543
9077
1623
5891
5587
10382
10414
705
11115
11067
8490
6571
6609
4618
3490
881
3211
8081
6328
6019
827
6669
3713
8449
6760
1748
7564
12066
631
10777
11978
9357
9537
626
11506
5978
467
10095
5945
122
9506
10151
10553
5872
9155
8629
9517
2256
5555
9185
7007
12365
4319
2452
12616
5670
4884
10475
9631
12377
2138
2247
2564
6893
4020
769
4905
10791
11392
8623
1605
11284
518
9339
6973
3833
4328
9622
10083
7466
3372
9551
5597
4976
3938
10489
11963
4089
11406
5096
12695
2881
5563
8856
8852
8709
3069
202
2938
4280
2288
5171
7195
6921
12818
7207
9919
5331
4831
2773
1506
10998
12346
8333
2237
6934
3496
12197
2753
8393
6966
6753
10161
3038
1369
504
6891
5883
6544
165
7777
2135
3465
12171
5205
10177
10834
1706
4164
3570
2838
8938
10832
8450
2210
2909
7548
7647
9610
8196
9905
6787
11167
4400
9787
3432
1844
1378
6825
4910
3468
5097
10758
7726
3883
11344
3993
6521
11738
10399
5631
8422
8704
9213
8918
2924
690
3241
3363
5669
9758
4751
10634
12395
6426
7845
10169
7142
4638
5280
10286
37
2180
9313
169
9997
6159
11169
1164
11986
4107
12025
4834
2969
6940
2859
2976
12708
10283
4143
10188
4332
3126
12323
8237
12593
12709
3400
5184
1118
8716
10968
12563
2731
7803
3065
1072
12509
9113
5160
10229
4902
1492
2196
12552
10150
9
10892
11327
12126
4337
4758
7446
6162
3072
12163
5717
6073
7765
8935
1170
4489
1382
477
814
12446
8893
6070
306
4843
12193
5146
859
12589
12393
11476
7084
1367
1181
8093
8079
12937
12298
238
9129
6326
2330
441
107
773
10798
1575
10260
5016
4379
4686
10539
6554
3398
4470
10058
10913
12350
6887
2787
4824
5629
2889
10147
7888
900
7463
11098
6875
7429
300
1960
11678
2736
9266
7089
12198
11492
5874
5735
4882
12413
2420
9051
4115
8612
12227
9968
10306
857
1752
5912
3009
10516
6598
8334
2986
9821
4278
9259
6487
5002
5915
3827
9978
7391
7257
3887
8919
2598
379
6027
1999
11247
4783
139
7527
2217
10982
493
4815
4473
876
3658
6728
12996
6128
4617
3929
2484
260
3158
9123
7949
8552
10601
5709
731
3376
10902
5001
7521
9308
12837
2141
7465
8528
6786
10047
3351
12588
10725
2771
8145
3194
2204
3322
4244
9750
11982
7605
6779
9007
5646
7074
11778
11531
6483
10251
3548
6139
2584
4
6613
8242
525
3686
5187
12894
3379
4057
9037
2654
3135
3320
6362
3074
7183
7637
362
7321
11732
9482
4281
8780
4186
4211
9807
7363
1109
8837
6792
4689
10338
10635
3273
11853
11112
536
6034
2426
3843
9956
11147
2406
10860
5439
11901
9376
6737
3312
12576
158
3349
11364
8084
6545
10248
7570
7805
7068
8912
11099
754
3554
8948
5233
2036
6559
4223
889
8224
7394
10389
3418
5538
10541
7428
886
12983
1624
6043
12137
2090
3389
12145
5186
1550
6666
2927
4887
12086
3227
1563
6418
10501
422
5120
2754
8360
3147
7743
12944
1688
9741
7606
11061
4167
6664
7863
3767
10040
5166
4422
4082
6148
5671
6924
5797
1040
184
12005
3046
1081
12901
7202
2513
4951
10035
9228
6433
11198
5276
12471
241
576
4593
3053
6018
43
938
5496
2704
10571
9310
12521
10155
7150
4405
7626
1546
1025
7600
1290
10735
9825
11037
3452
10183
11898
1635
2683
6264
6351
64
7462
9033
6422
6030
8184
9839
1850
1832
10046
8336
2321
7614
9356
7147
6195
4446
2579
12583
1418
12195
79
4046
2159
2481
1841
6639
12097
8164
7414
12954
2747
8811
8744
8244
11165
7266
6393
2673
7585
4212
1726
9312
7705
2448
691
9604
12382
7986
7019
3517
9198
6591
12863
2863
2768
4428
7857
12888
528
3302
5756
8529
11379
10494
2385
4027
5542
3001
8861
9878
1583
929
4579
7833
7728
8961
1438
7767
10295
5523
6412
12419
4803
12062
741
10722
9112
9756
12214
12014
12149
10076
2853
1561
7148
3531
5317
9457
5944
5925
11385
5583
7843
5530
2878
3923
614
1571
5686
7898
9789
10655
5479
11563
1834
803
9587
11271
6068
10018
8234
5898
7200
5415
3897
3668
12802
8122
12500
9772
1082
11651
8618
580
42
12964
284
677
4889
1476
1556
7095
10600
7628
12397
10103
3382
3649
3557
12544
6567
12249
6562
5007
363
6061
2359
6398
7838
10070
1831
8632
7308
11926
9199
3361
7839
9427
9501
12480
1173
9443
4678
11133
2904
6368
912
9138
7157
8460
2961
12210
12133
4312
7173
4437
2304
5993
11613
3762
11470
6491
4926
11425
10363
11193
8432
2156
6570
5532
1711
5641
1530
6376
8370
276
374
953
2341
9725
7227
5372
4138
5270
6927
5889
1155
8053
12850
7236
1987
2646
67
5899
7270
11366
11970
6748
9190
4596
632
8342
11969
7784
1450
1296
10037
10014
12805
12098
7872
6586
538
5135
8042
359
1788
11341
4432
5178
12190
9676
11331
11617
9410
10602
8996
3143
12238
9885
8499
5773
10100
6975
10416
2431
8059
7778
12073
8063
3680
5826
11507
7352
2179
7620
7113
9464
9458
9901
8928
5956
12417
8755
8906
1903
2566
3953
3756
4729
5554
10805
12809
5515
10471
3406
704
10907
5535
8319
3701
3507
6251
6801
334
7516
2428
11958
12255
4996
347
7167
7916
8952
8488
2010
4757
4891
5621
10610
4885
9317
22
6389
11277
12120
1570
11184
11847
8741
1664
3391
11879
4459
8213
598
2692
5840
4366
7554
8697
1266
753
2899
10308
2748
9995
7499
12486
11384
7906
3425
7330
1649
4468
5994
9965
10775
2761
7383
7599
11289
3714
3535
2193
6317
12990
12547
5529
922
8849
1762
3039
757
5327
12587
8983
2272
1540
11478
10628
7604
468
4479
7707
2282
10300
4431
12125
12744
5575
5153
11227
811
10259
11850
8998
3973
8423
11683
11095
4049
1229
6063
3091
6519
747
8356
10099
2561
7041
2462
7006
8340
12949
1046
1656
6885
433
8241
1640
12218
7
9597
3727
12778
6237
8175
1291
2118
4376
1485
11293
6431
10980
5611
48
8701
3991
6618
2176
1590
11700
5052
9677
4295
8072
11173
12445
8616
8228
6204
8877
10662
3063
7083
2114
11399
9930
7633
2301
3067
7432
5132
10006
9268
10840
11585
2429
7719
10657
3553
9157
8446
9328
2785
3845
10872
2084
5086
6534
9812
5111
11172
4537
5224
5858
10906
6976
9231
2273
923
7836
6823
11222
4048
8296
9687
10282
7297
10189
8807
8389
1728
596
5471
4423
61
3463
11108
2885
6948
5212
71
11349
11985
8665
10091
4269
3369
10288
6279
10321
12196
5020
12110
2269
2073
11494
2824
2225
8540
9524
2151
11373
6962
11079
1765
5728
221
4726
5088
12389
12254
8587
328
10074
8593
9170
12848
9412
599
11369
898
11450
637
2129
3630
7288
9721
6318
6572
364
1225
2267
10545
6542
3360
11130
370
7436
2662
11190
2153
6555
7240
9798
12112
7855
12880
7629
9176
4131
8833
1034
11421
4304
537
4535
2416
10990
3944
403
12634
423
12754
979
12173
11374
2613
12537
5525
8203
7449
12730
11489
9057
11929
11583
9484
7125
4967
6085
1069
11231
9857
8082
4764
6309
8044
5854
2772
6268
5349
3494
11662
5943
5307
7596
5579
10978
2947
5599
5817
9407
4960
9229
12701
7801
9957
710
10124
7072
10611
8731
5037
11410
10704
8626
775
3542
12076
9882
252
12348
1867
3245
3138
8568
6245
5384
6486
4924
1224
11224
1599
12538
8578
4851
9526
7649
6500
1545
11143
4293
1331
5958
10951
4042
4088
7947
5116
360
9154
10005
7365
3167
11430
10837
8380
7524
5896
1520
10011
11340
0
3035
2682
1629
6265
5810
10533
3487
3336
2291
7616
6871
2637
3433
6520
1028
12935
8274
954
10795
2534
3131
2758
9840
9599
1587
9743
11412
967
8498
8479
6441
5962
7374
6878
9153
4123
5551
10743
3892
9054
6200
2536
1419
12524
9032
798
156
7917
8939
11656
4484
11296
6053
8433
9082
2262
6546
6716
11646
239
1932
1672
9189
12844
11400
9606
11763
8118
5213
5126
6066
854
3446
8627
1898
1989
5519
12252
5109
4756
12689
1613
9998
7241
11389
11911
6468
10316
5654
3020
175
670
9151
9386
2085
5763
3543
5789
9108
6383
835
4017
6446
2959
7820
978
9868
5353
9841
8727
9855
11054
10944
2270
7044
12950
3747
1430
3174
4565
1005
2258
8266
160
7541
728
11209
2017
6507
9056
7613
11351
10050
10751
5649
2503
7748
1250
2238
3550
9401
6405
1464
1306
6818
2661
11409
10522
7309
1300
5115
2302
7910
12772
12883
9050
4499
11496
9934
5077
12726
8469
10889
4482
9613
907
12465
5071
7766
1187
8455
4856
8482
12449
761
55
5572
11451
4881
8075
2580
2335
7216
8903
6165
11467
310
7853
8605
1143
8739
1212
11841
11194
5628
10880
12142
8519
1627
6289
10746
11257
4583
10390
10799
12355
3478
2557
5777
11774
6971
1789
2678
11735
8642
1329
7981
6436
5422
4477
1232
9660
3181
1535
1515
8633
2333
1899
6913
3506
4380
7883
9371
9819
5547
9331
2342
2741
10087
1045
6602
11903
5567
521
10196
9958
736
7965
563
8136
12858
11638
1669
10984
3454
7464
2510
12462
9015
6337
3629
8736
10714
4775
4722
11775
7064
6915
5796
4577
8337
7543
3013
10108
6190
4955
10482
9114
10393
2377
9533
10443
2184
5142
4078
7931
11579
3408
7790
6550
4192
12665
7800
2723
2724
6803
9064
10712
7292
11497
12344
7325
10067
2026
1780
11896
2538
6330
1475
3986
10509
10747
12044
7293
12496
3857
12429
11809
5210
4104
11017
9826
852
3344
3215
8247
3185
2290
3758
10092
5148
11830
5495
11363
2028
126
4256
10343
8759
2517
9206
12710
10064
12826
6462
5853
5278
8950
8327
5154
66
173
7107
4837
11771
4748
7826
194
12979
9661
6619
9867
12308
4956
6624
7144
7650
3670
12034
10622
3807
11347
11925
11938
11091
4766
10905
3912
11427
1443
10240
606
12402
3656
531
7171
6785
11083
4737
8748
9835
3824
12779
12206
12795
1906
9099
2735
11693
12606
8031
591
3481
12838
4650
411
8331
8355
3112
4203
1673
8603
9345
1695
2765
11164
3998
5059
6914
7472
8174
5543
474
2243
13005
5236
9320
2414
3545
10400
2816
12882
6387
455
12615
8215
2647
2310
4191
8074
12237
3780
1641
8885
6983
4392
10141
9466
12046
3323
6161
6496
10789
3371
6788
11032
4944
7300
9296
11405
7598
4500
4817
9102
11170
6091
4696
11274
3416
2382
4750
8895
10500
9736
2041
8830
1194
1654
10943
11234
6712
892
3226
12148
6892
3076
1873
7735
11262
4113
10608
8664
5143
4597
5482
4878
7470
7009
12997
668
2280
8992
4698
10696
6327
9893
4098
8114
8464
12915
11734
4309
8870
4251
12207
9782
1625
9784
3884
9646
3948
11838
387
4782
5172
5807
4344
2835
4516
3982
1534
10910
8637
6541
5162
268
6341
382
1911
6214
8308
5051
4303
10021
257
10359
12401
3974
11041
12354
457
12594
9141
12279
8038
740
12897
8442
6086
9288
12286
8643
10294
7515
12927
12577
8987
10782
12841
8696
1685
12463
10211
5012
6115
3579
8848
3752
12410
902
10972
7011
10302
10587
8663
4021
9545
6421
1498
6749
11024
131
5861
10207
12491
8077
2066
2655
12558
8352
12297
4235
7674
6510
8418
4731
12852
8156
4648
5757
8407
6879
9574
9175
3491
3996
9942
4932
11549
10234
4214
9465
12021
58
11052
1922
6834
3861
9783
1087
12716
7942
9063
6920
8069
12080
6932
6356
6757
70
77
30
8106
4869
3159
12520
8071
2958
1042
1949
2905
6587
2295
13000
10352
1134
5414
10524
5533
11616
11333
4532
6396
7238
4308
10181
2911
3145
9230
1610
10197
12150
1035
2113
12433
2810
9539
7184
4496
10271
4062
6079
8645
11905
4103
8276
6705
6410
3023
5473
4077
1267
5764
2169
10808
4217
446
1009
3612
4095
6670
2136
9874
9527
7911
4953
10843
10870
5626
9607
5768
12614
11944
4566
2556
5480
10767
7348
12043
7631
3723
7489
12642
4776
6734
7106
5418
6919
2644
9248
12712
12459
13006
12134
5971
4184
8283
11335
8444
8574
7188
3952
5640
11989
11020
1445
3094
4762
3036
2766
10836
1195
997
7785
10991
277
7177
849
495
11371
9126
12676
1124
12250
5333
1933
11980
5216
8581
10164
730
9530
3153
9806
105
12625
11361
6754
4561
7851
9245
388
5707
6960
8766
8614
12619
6778
8286
7307
12849
9887
1849
8377
5666
10757
11983
4777
11025
1328
9174
10453
4075
12211
4536
8399
11315
1811
5885
9924
10623
3219
8017
8911
8055
8993
1526
12373
9822
4781
10862
1159
271
628
5989
4697
2058
1063
9596
6406
270
4530
5130
9727
821
11294
1421
12016
8836
7192
3644
6212
10814
2450
4426
1727
6794
8089
1591
7882
9591
6606
1460
6095
11511
12311
8003
11202
1974
236
5949
10912
4507
2473
1581
8480
4201
7913
1555
12212
7191
4704
3214
451
4975
6574
4036
8977
12472
4358
11176
12340
3682
2506
8346
2298
10566
1029
7214
187
12508
8491
12101
2956
8323
1884
10752
10831
12277
11042
7714
4024
2145
11105
8373
9722
994
10829
2390
10052
8551
12469
3377
8934
11626
1742
9642
10191
10845
9089
9704
3544
12247
8016
5755
10079
3627
12929
408
4054
7134
4742
12797
955
11265
3386
8607
2206
462
4148
10461
1776
6290
9720
8546
8231
7088
6283
2659
5048
8916
5614
4980
1670
12243
3179
2281
5927
3736
3563
12232
11053
7959
10256
9776
3601
7835
6531
8503
2984
8778
5289
6820
2791
12988
8343
10325
2289
12485
11836
10152
3470
2226
10220
513
8545
7237
4753
1412
3374
390
5878
1141
11641
5485
4759
9177
2275
1349
7943
3195
4554
5338
7680
2794
10231
9561
6854
12728
11
6684
6478
12359
10614
11152
6324
4973
10262
2015
6183
7815
12914
901
695
5914
3854
2875
12977
6931
9847
11473
5922
4791
7794
9121
12832
11381
10871
887
584
12131
10811
8159
2235
8763
11243
11892
51
6996
3830
3397
3825
10347
10619
9894
4521
11204
918
7873
4643
6886
12591
12478
1909
524
9385
10863
2778
10992
12827
1576
995
1100
12753
6539
8855
3981
9569
8994
8152
437
12713
4014
4606
2264
1006
4525
11553
2009
3596
7584
407
3700
198
8325
4879
5642
7717
459
608
7864
6007
7442
12733
2319
5122
5200
10839
2092
2080
7234
6781
8622
8151
1972
9270
2897
1357
12756
12763
10192
8268
5273
10383
3192
7752
5581
9655
10801
1227
11653
5271
6471
8933
11444
4142
12440
1279
9481
10065
5855
8094
7497
9669
5584
11957
10692
1792
10340
10257
7655
9162
8800
1129
790
5598
3330
5900
3671
4915
9947
8441
1797
9536
11873
3911
5748
8170
7402
2410
9136
9982
5836
7254
8867
6266
2265
9167
1815
8839
5339
3079
6248
3735
9069
9000
3766
1018
914
4627
2303
3848
5938
3968
9762
7764
544
11532
12424
4693
11981
7046
4364
842
1985
12546
8557
7159
10441
397
11002
2558
11006
8889
9975
6597
9250
3738
5152
10474
8473
4801
819
3616
11777
4853
652
3492
10542
856
3792
9085
5175
2476
243
11567
4006
8048
8278
3148
8083
1634
9327
9925
2037
4839
5893
10173
602
6663
3576
6292
1235
7936
12637
12305
7709
4658
3618
4155
3099
3326
707
10429
2987
12104
10570
8757
8364
7775
207
12468
10149
11997
4914
2982
7588
12865
760
3071
11527
12674
5302
4205
5591
4333
10354
7201
1044
7017
9791
9408
10202
6127
2454
311
12186
6246
3537
12994
10967
10727
7475
4129
5319
8570
10683
12169
3694
1376
2307
9906
228
8680
6992
2439
4814
2421
10119
8735
9945
6097
10319
2585
8489
8743
4430
12031
7090
1830
2350
6377
12438
6199
3265
12136
7737
11118
3482
12569
5405
5800
11109
9183
4595
11252
12327
3022
10970
6252
10158
2354
2696
719
10876
10019
8429
5434
10962
3357
11181
69
7194
5838
6081
2874
9928
7587
4174
4128
724
6320
39
4609
12734
10939
4390
4542
3812
246
8611
1919
9838
5961
8262
4512
2553
9300
8558
4401
6168
11743
10578
12360
9970
534
10162
3081
11120
9808
3607
8655
285
8421
12630
3060
5990
11869
10356
5935
3640
7694
9973
6841
1806
5762
8817
9992
9811
12240
658
9479
10850
8613
11875
7804
12242
2035
3368
233
10146
1580
4238
3033
8386
255
7813
2783
4601
2991
8018
10159
8666
6223
2249
3551
10315
4169
9017
5468
9469
6810
9927
7023
3732
10012
127
2891
9802
1162
12376
1606
2582
2689
8910
299
11692
11128
3137
12679
6193
11068
2101
3300
3831
7601
4717
646
9091
11148
6424
2915
9608
7486
2719
7298
6370
11119
7830
11593
8762
11503
12357
2487
10674
3032
664
2025
76
8584
10281
2314
8225
5518
5312
8248
3527
6452
7500
6082
11454
9890
2388
5785
8105
4589
6345
12548
11535
8240
11753
6640
7403
5298
3301
5786
7925
3599
5986
4959
1777
9434
7625
5774
7215
7641
12407
12752
11288
10656
12896
9507
7420
11812
8553
10977
11721
6071
4947
3684
7901
9502
12736
7153
9715
6601
8420
2615
2586
2514
12618
10847
3565
11728
12626
12967
12220
12387
2530
6694
5722
7080
7224
6434
3005
5250
10625
12678
9445
8246
9994
4353
3621
10567
7289
10581
4942
2939
8008
2876
3955
5739
12203
7508
8315
8396
5651
12312
2883
1666
11287
10391
908
3741
12332
6229
2000
3018
7366
8949
8497
2263
8303
8679
10497
8177
7695
8496
1717
2324
12724
8068
7914
2870
6735
10833
11199
12926
1076
992
265
174
12697
11422
2988
5437
9128
11260
7610
9203
8025
6123
2739
7983
2459
8717
12959
4034
6174
11044
4552
783
4899
3597
7329
2901
7932
7180
9988
8457
793
1846
7433
6625
3628
3043
11923
418
4448
6928
10940
2294
8847
15
12663
1740
3244
9598
1488
6538
6719
1800
3188
12505
9915
8220
5149
10753
10431
5308
1667
10133
9799
7401
3451
7163
11888
3156
9242
3442
3759
4177
6503
6102
1691
12231
2172
10401
1618
7536
3625
9139
4660
4408
12216
985
4386
6009
4779
2962
4072
4255
1097
7213
9634
6858
8989
1553
1893
12161
398
11000
8101
6997
12879
6023
8711
1468
11699
6488
3524
3252
11971
7444
275
4789
890
6655
10055
12654
11031
10594
3303
2825
12065
10153
2638
5569
2086
9793
7706
3057
6605
8494
4306
4044
5157
4170
114
11462
7339
6856
7720
5544
700
601
12023
7306
10024
6843
9515
5926
10694
9080
12590
12762
6588
5297
8486
2895
3541
2099
7933
2941
9438
12656
532
210
11601
7491
5536
6811
7681
4061
6680
8507
143
6980
248
1784
2595
9960
3045
4810
11544
792
2205
5360
3876
1871
3567
1604
3003
8556
3151
10472
865
7091
10298
12632
1593
8955
6249
10552
6894
7918
6888
7940
3855
11528
1660
11093
11368
9909
7776
7124
5198
11107
4587
11336
12067
7758
6647
9832
9454
9589
313
7351
10899
358
12749
7824
8829
11437
12834
3903
11824
1276
8381
3441
4870
9463
3778
12830
3011
9271
5819
4153
5517
3836
7905
9653
11902
7341
1925
8195
11736
8162
11035
1030
5049
862
3914
10299
12617
7553
2861
12770
8783
12141
5467
1172
2343
1721
4931
2043
9747
8102
2283
5951
9439
11941
8946
11436
3693
1471
9179
8398
8804
3569
6711
8834
3623
214
4012
4646
3460
12041
10606
90
10510
11618
9726
9093
3928
3840
6343
1031
8656
7498
2072
669
7663
10729
7733
10848
11586
11063
976
2178
11191
868
7413
8726
11370
11253
6833
12750
2902
11383
8409
12276
3562
3341
11480
6026
7868
1085
1948
10303
235
6970
659
9876
2642
6826
2664
9712
2296
3346
696
3212
12535
2690
2308
1803
8972
10228
9979
7912
6994
4720
10531
2715
5534
12432
152
11441
4154
9222
5652
11943
12889
11821
4456
6099
7662
755
4662
1961
3669
1132
9797
2636
4076
7518
5173
5588
9053
610
12737
7247
8080
10717
7395
12022
10535
12657
1396
759
142
897
5623
2893
12304
9168
958
2407
1828
10277
4318
8385
10279
3047
12394
1626
2507
6206
10620
12135
10988
10081
11056
9648
8718
12313
12264
12343
435
3818
8210
10027
4699
5246
8456
10926
6576
8956
11558
10695
3785
6764
7405
7876
3410
7569
12266
5860
3329
6278
4670
7615
1388
12002
10394
11785
5984
5442
53
12745
2948
7350
10314
1760
1998
5179
2782
1458
7503
10556
5416
2975
8014
10997
11219
2702
8123
4683
8452
7038
6443
10543
2276
1088
11493
647
7112
3514
2224
10548
825
6247
5255
1423
10370
3651
10642
13010
6862
9520
3922
12774
5859
9688
11307
7002
11696
12035
2361
9588
11720
6969
11870
10778
8259
6210
3939
9813
9817
3877
3190
2162
443
5911
2569
3124
7269
9014
2985
4059
1406
8275
4714
95
6532
3636
6158
9739
11679
3592
9829
3962
7456
1326
10865
5540
12147
11673
12262
2248
11890
2094
3528
4090
5196
1796
7232
778
10023
4930
768
8010
5193
2400
2907
3676
6189
10366
2475
10849
10458
10586
12760
9023
2413
7069
10569
12435
8699
4727
8369
9843
10373
10
2532
2879
10760
3453
10063
2877
4258
8351
5726
9319
5218
12507
7304
11640
2502
1661
1048
59
3127
11597
9426
1519
12106
9086
712
3103
7727
4625
10496
9072
1017
289
10384
3428
9001
9411
9752
9263
5180
7357
10274
10086
4798
8654
10684
344
99
4069
10768
10507
5131
2804
2858
9611
9040
6032
1010
2417
11664
6280
7640
7344
12604
8536
676
11835
383
19
3316
4202
1206
4971
8809
11914
9675
2091
5394
12660
9775
10478
10793
9158
818
12074
2068
10336
7482
12222
10432
12884
5998
8810
5983
5182
4994
4747
6394
2007
332
512
4676
262
2486
10759
7261
4911
12765
9144
8970
11751
6399
10174
5460
1971
5091
1757
5366
7948
3209
7907
1881
3508
3631
7566
6225
11827
1375
12111
11791
11554
6282
7483
1858
9651
8747
4141
11703
6415
589
9852
8749
8326
2251
9639
9132
6144
7117
8898
4171
7246
12687
6589
8478
3959
12767
10056
12109
8282
12554
1041
3637
8945
3679
9166
5226
6668
5521
12321
9584
10666
8620
3073
11792
11279
6402
302
1683
3282
5705
10459
1681
6626
6509
10508
11547
11376
11404
6306
7435
8737
4156
2635
2916
3664
2401
6296
8671
12608
1525
12978
4644
4712
10301
2743
296
12556
11760
5772
7136
4063
8792
44
10448
7962
11057
4195
816
4896
5716
3969
11217
4735
9131
7526
274
12328
1389
7033
7448
11216
7750
9523
10854
2229
11431
2234
771
4880
4739
5313
2767
10396
2850
1923
9862
5070
7979
5128
250
3279
9738
12973
9863
12265
4519
1736
1432
5805
624
12908
11207
2931
6930
6449
11754
6725
3564
12506
3365
10171
8636
7278
1117
921
1697
6201
3042
11100
222
12792
1463
2906
3585
1584
11158
9780
2424
6580
6736
3665
4705
2293
10110
2031
10677
3505
1543
1099
3458
6178
693
1033
6905
7770
3891
2957
479
5645
1112
3879
2076
3479
11423
10456
8647
10711
4806
10703
4442
5025
4472
3853
7612
1242
1101
2921
3203
4073
2571
4414
10201
11474
5073
10309
2254
2208
3603
2155
6963
11414
8534
5310
3802
3402
5456
10888
10573
6287
11196
5217
4080
3082
8874
4620
9505
12484
7071
5804
6528
9977
1607
7333
12129
1380
2812
6573
1207
11215
8028
12159
1324
4241
1749
7253
8223
1747
8562
5811
5876
7115
3536
9691
9137
4266
11290
8745
4895
5476
3681
6166
10505
3092
2639
3810
5940
1586
9696
6369
7989
3894
4807
135
10433
12903
5053
9216
807
4724
4145
12208
10544
10631
1052
7294
6724
2490
1876
5771
8863
11395
10421
11258
2852
1687
11739
6142
10948
2871
10511
12040
6501
2920
11471
3426
7218
11568
9379
6413
12907
4424
9237
218
2811
12898
4383
2123
7954
12534
4404
4494
8437
871
8890
969
1665
7151
9098
7060
6371
4862
587
1631
5639
381
9525
5006
1963
5571
3931
4208
834
4444
8043
12803
1479
9981
6340
9768
11524
9615
10687
11718
625
11142
1889
10096
5504
6101
9801
5902
7763
10068
6222
38
11023
6480
3113
648
2083
4755
12599
3466
3744
1883
7985
4197
11825
8287
11488
1516
3721
4838
5219
1807
5417
7457
188
5743
2519
6354
6209
5718
12102
11842
9456
2038
2712
12117
4229
879
8644
6172
8111
3324
6766
10592
8796
5648
4091
4743
3216
336
10919
3248
4691
7323
399
2372
7476
2403
12000
7844
8186
7506
2698
7667
1008
3719
9723
5113
2499
1166
10430
12317
11318
18
4745
1732
5492
5592
4818
4035
3155
6784
9351
377
8309
684
1712
9531
6999
3795
5413
8
2347
3220
1918
6216
12007
764
7886
12130
3097
3641
9985
1924
7899
1865
9735
11058
8066
292
11512
5315
5873
7639
6782
5465
375
8931
393
6706
4425
12568
10609
10643
1944
7484
12256
2526
10502
7742
5813
6683
4647
3366
12058
1058
10653
12631
11256
5939
1741
8487
10111
8662
4952
3283
4389
11669
3343
5665
9343
7546
1745
649
11594
12638
661
5426
575
8086
8549
1810
11298
7174
8957
5793
7922
7746
2965
11572
3806
3711
6692
10215
9899
7902
7450
7673
3090
7915
6450
4613
8981
9201
151
2371
2095
11945
11868
10738
3383
10633
2756
1321
574
5622
12503
3240
1720
8628
5655
2869
9215
1293
3176
6965
9455
9883
6109
12423
11609
9107
2944
11992
4788
9714
8417
7677
2391
7881
844
10172
2951
3012
12941
7282
11004
2005
12320
655
456
7172
9071
3462
9262
10036
10261
5948
10884
6568
7736
8353
8868
3787
4864
8169
1107
3566
9181
3620
3355
3881
2150
1474
3867
7994
767
9895
5477
1840
8601
12714
8217
8051
4857
1178
10101
297
4553
10360
9324
2822
5558
3615
5214
1633
8930
4010
8756
7627
9073
7538
9149
10665
7451
2233
9409
6297
988
9211
10825
2187
4440
12221
9284
8219
11140
5740
10585
12747
421
2928
4560
1651
1086
10483
4147
2042
1785
6311
367
2255
4038
2353
2219
6511
8041
3961
10241
3287
9030
153
6868
12860
8419
12727
1395
10732
2077
3305
8803
12241
1986
3201
5706
217
4121
2160
8383
11990
10965
12510
2384
7055
5546
4666
1435
9364
11924
242
1399
2955
7079
7904
3850
8374
12167
4447
2706
10938
3381
3225
3590
9499
23
4945
11632
12636
12825
10404
6334
6385
2611
5713
205
7039
2474
12154
9583
1482
11936
2688
5469
924
4927
12018
2617
4842
4562
1993
1701
5729
11082
1912
3797
11469
171
11724
6678
8329
809
28
12122
3271
10480
9394
860
5833
4651
3393
1639
12555
12531
10232
4387
4420
1249
7248
7287
1393
5589
7934
7012
11452
10376
9467
9187
481
10140
9254
11756
6880
8254
7114
6637
6741
662
11804
6035
10427
8706
2847
3172
654
1065
888
8445
2777
12049
10042
10424
7875
5760
5870
3844
4547
11094
9335
549
12444
4464
7505
8459
4443
10333
5741
746
1350
159
489
7687
4161
11864
10812
9081
3061
11106
4654
12246
1845
2890
11690
2894
9122
6357
10629
12711
5398
3782
6492
286
1366
2370
8357
1958
9869
10406
1731
8776
8368
10346
12595
2930
3044
12866
786
11644
10109
1151
40
2663
1288
12003
5877
12627
6824
12847
259
2110
3014
3476
4607
6923
9011
6709
5601
412
9559
254
3704
11461
4100
7369
6654
1201
10901
6257
12698
3951
10705
10498
12175
1047
12178
6346
10200
11345
6990
10331
11894
11746
12743
12621
11353
147
8047
3495
2963
5282
4538
9937
6633
12955
11442
3793
1439
1678
1038
5033
4675
5619
9018
9387
1836
29
12261
2856
2627
3150
2149
3332
10956
3639
2079
7382
2398
3488
2567
5672
5484
7322
3511
8621
373
8251
1230
2641
2653
1885
12434
12758
11297
6321
4441
8600
3858
4978
2781
3789
7533
12245
12859
3352
10726
312
6780
12530
6221
6816
11046
4067
6445
12181
6672
1093
10462
837
7646
7264
11799
5277
7976
2793
6675
930
10742
9274
4019
12450
3249
7573
5559
7975
10644
2071
57
2040
3026
1239
3123
9581
4015
10526
2013
8596
2049
12108
9145
2458
3198
8328
8925
3070
384
5487
11677
6021
11521
9446
1197
9461
10559
454
5668
9193
2383
853
4793
5204
9679
812
11386
9264
3988
6750
11150
8395
4610
5964
5060
2001
7388
8176
9225
7504
8684
9039
3666
960
10465
10873
3913
3
1709
4794
5412
12452
8683
2122
8310
10355
9295
8030
1544
956
272
9521
50
9777
543
8968
7517
6031
10339
458
11719
206
1202
9041
6955
8692
1943
505
4009
6721
4363
9344
9048
394
3808
1136
6188
11334
11999
2411
145
10565
6557
12483
6392
7638
2495
7656
2575
9884
1524
5176
1098
5177
9658
5506
5848
2312
2497
863
5531
8985
3106
12529
12263
10144
772
26
3239
582
8181
12562
6777
7077
8137
1360
635
9223
1338
8345
1111
3243
508
7512
942
5
11155
12293
11300
12961
5332
6186
7523
1223
10349
2755
1503
1341
1340
2008
3764
1323
6138
9748
2762
12248
11065
3852
6608
3477
378
11635
2351
1314
3455
4950
4345
1068
11715
9652
1511
8115
8538
5406
7280
91
8815
12947
9370
10075
12741
11541
1004
1391
4003
8913
8358
5917
1339
8940
8492
12160
10322
1940
913
12155
8586
2116
9694
8397
4085
11195
7430
4262
17
3663
1913
9420
6485
3763
11504
3498
3532
10273
1598
8173
6170
8774
12900
12655
7372
3957
4282
6762
622
7952
502
12872
11203
1123
301
253
5351
3823
10268
4481
6191
9974
11723
2657
2524
3783
7359
5595
3859
5999
583
5630
7692
7353
6636
11600
11784
11813
11581
11858
2379
11921
9824
1193
989
7155
9282
7120
9119
8416
4551
10053
7579
9609
12454
6938
4384
6616
10532
6814
3515
12239
12551
7225
8660
8751
9922
11320
12290
3960
763
8651
1615
2588
910
12893
5305
2050
7493
8257
5730
9272
12233
634
6110
8344
7065
4004
11588
8121
12873
9666
2174
10558
1416
12199
5617
8009
6181
3133
5931
9092
2300
12757
12610
6515
788
1448
2337
3206
3168
2292
6627
9681
5168
2260
5293
7166
12771
638
3394
1469
9004
1084
2207
12152
4962
5582
4290
2030
6006
7768
2127
11907
6194
12476
10193
12846
6993
7175
7042
735
1725
1437
8781
2998
1646
1355
2492
9204
939
5330
12157
12460
8182
1856
1446
9900
12092
7284
12180
8054
5009
6566
12026
1494
7831
10652
8006
12696
9629
1542
6731
12969
12189
12887
4961
4785
2614
12885
11576
7250
3040
8539
12857
3114
1981
5311
10357
1632
2373
5600
8250
1236
2860
3918
8768
10252
9146
1805
8806
9820
10419
8467
952
4514
10344
8471
8236
12408
9624
5615
3925
500
10269
3473
8859
11697
10088
2374
10920
6015
8506
9673
4466
11502
3236
11458
4835
7302
11230
8000
4602
6585
11557
9028
7375
4845
12085
547
5677
9363
10663
11845
10372
1461
1853
12270
5299
10969
4086
1686
3503
9751
8076
11645
4375
2457
324
2375
663
12415
3160
11501
9285
4823
12783
702
6353
1551
7520
346
5570
5745
10810
6312
5835
3742
1434
2685
8297
8208
9730
7995
10986
11417
11415
3392
5433
1050
12785
7960
1577
4787
293
6902
10187
8786
7334
4858
12200
12924
10324
5240
3191
12999
7595
8813
1108
8566
7185
7086
1231
9939
9097
11074
11787
8604
9448
9414
12662
11587
12517
1343
10442
3335
11455
8133
8771
1559
288
5279
12751
9432
7544
8923
11695
8408
4285
6131
7252
12574
3874
745
12339
2472
4673
80
211
5076
6667
7303
2011
1075
7977
7572
5300
9200
3842
3390
5265
10730
4368
12910
1000
3396
12280
5759
11667
1992
11705
6333
7648
7998
9046
7290
7993
3539
2240
116
6121
3678
12971
10815
1946
308
12217
12566
2380
2716
2834
5486
6134
1579
5409
12493
9705
2842
6314
8567
2117
8378
10512
9494
7410
4453
3933
7137
6771
2173
9814
8631
8592
4083
2438
1821
7929
2432
6077
9579
3518
7664
7622
1877
5329
738
12042
4227
4372
4761
7458
10243
3403
8894
10632
1833
872
7887
2396
2097
3920
1352
5816
6460
2501
6649
8672
7279
2032
5139
8050
7734
1628
6439
6918
6968
7101
6423
5151
12052
11649
3485
7380
4412
9460
5325
12192
10813
8842
10126
11486
9635
1659
320
304
8431
5852
12705
4773
8109
4502
838
10857
7924
2389
11131
5613
6514
6055
1186
7675
10469
11205
9757
5524
3411
1872
6411
3622
7419
13001
6447
2320
11391
10425
7235
10284
5647
8908
9678
12975
9336
4127
3325
5550
2954
2943
10466
3152
5841
5491
10450
7332
766
279
4270
2882
12811
9718
4487
8475
3582
551
3415
6551
2671
9035
13008
5429
1454
3080
555
9348
3449
149
75
2759
10061
4119
8610
2829
1517
168
1294
2935
8140
9509
3529
1862
12409
8092
5664
3205
3222
11599
7258
3134
9514
9362
2115
2003
5010
1299
10942
7122
4040
12740
8936
7747
9778
5263
1916
7126
5679
396
11339
5150
323
1988
4274
784
9593
627
6205
9378
12072
12114
3549
10748
10785
12329
12681
2581
10270
9670
4495
7256
12933
697
1140
10374
4033
4210
2674
5067
9733
4222
10304
616
338
6665
9662
5043
7636
8112
1658
5191
1315
10380
3292
2700
9888
4391
2516
8120
1875
8338
7054
3702
3786
5457
5105
8668
6659
6513
4906
4578
6300
1549
7037
4450
1359
5363
1024
409
11866
12581
12494
1216
12700
9226
141
2918
9366
2949
8256
8733
3821
823
12390
10875
85
3436
11759
6815
3916
4585
6397
12325
2098
341
6029
10039
1528
10085
11744
8239
12939
5078
3310
3500
10409
948
12798
9948
1653
240
4603
5174
8427
8027
11146
7262
162
3257
9920
2592
5238
1188
10973
4381
8927
9065
1758
9771
8542
7828
3729
10861
5673
7058
3519
12565
11483
11348
3267
2493
5285
2843
2746
9628
4840
5228
6293
12523
1791
4374
9316
1481
8773
10584
2669
4249
10769
11561
6776
604
2278
1354
1822
461
7048
8714
5910
10765
3945
10145
7197
6679
10413
2922
3632
12786
1648
612
4635
5609
10688
1512
8624
2862
9535
6350
1895
1808
813
8214
805
6476
8788
11011
6429
1838
1703
2717
12821
1901
11076
12668
5430
7781
2479
692
10790
4637
10640
3295
600
8134
8189
2828
7078
4805
9369
3464
9788
4284
11930
6386
9322
2903
8881
12670
12174
425
6761
9219
4317
3231
5566
3740
1939
7591
1552
4397
10118
7732
4802
12448
8307
11540
4964
9094
10525
2621
10156
7617
1750
906
5202
878
6338
11674
11088
12475
2170
2039
2315
5822
6253
12688
7140
10387
7930
2892
3804
4323
7418
10883
6146
10654
8775
8954
3791
5934
12707
11380
2589
203
8688
3885
6154
9124
7684
7718
1824
4394
3691
3055
4669
10237
3440
4151
5403
5345
11522
2338
10093
971
12905
4812
11235
2112
7492
5691
3509
8770
9095
10994
12605
3456
5513
11276
7066
9042
2573
4827
163
2606
8139
5046
1861
8746
7208
1708
10488
8594
11569
9650
4101
1521
5163
10851
3101
8740
5689
5809
2545
4713
11402
5015
6896
6890
12383
3157
1362
7178
7814
2108
196
11508
10736
1637
9109
9173
1892
5389
711
2087
12353
470
10669
8879
154
9984
12987
9849
7301
8820
9563
11509
4418
9289
10328
6929
2820
10143
3015
11485
4780
962
6774
3720
10028
10163
6689
3238
5447
10612
31
7558
10371
5136
936
1675
4427
9068
5829
11704
9079
11356
4941
861
7407
8192
9260
4037
10452
9938
1322
5118
5732
4166
3200
11382
7377
8544
7076
8197
3235
5783
11102
4359
3149
9451
1642
6560
7127
10698
3624
1636
12259
4219
8713
9275
10180
9619
8363
3399
11157
4149
7485
2887
1261
4224
8720
4684
5183
9753
3943
6874
3102
5197
1500
10877
4159
3299
2923
5737
1351
9590
3111
1531
1983
4736
12162
12519
10922
9578
7941
6599
6011
1857
5818
4324
3915
1270
11733
1770
3132
11440
11393
9773
10184
3936
8299
7145
405
3175
11523
11449
5027
7825
7337
2139
5906
2082
7519
5696
2560
6617
7879
2266
7162
9214
8306
6831
8188
2797
8138
8036
1997
12664
10323
2177
1751
1650
453
4474
5548
11909
11551
7665
10572
5342
7978
2228
5042
4576
1090
6988
5094
12071
5494
12504
2393
6744
3319
11177
7623
4598
5054
619
4451
1477
10226
5842
4574
12456
2470
11051
4664
10868
12931
1533
146
10528
11661
8715
11800
4490
6656
4200
3556
96
10575
817
4687
11337
4031
2693
5445
8144
2065
9478
10624
12835
6374
204
4108
2972
4829
3826
4987
7409
4908
9150
5374
258
7741
5188
12641
5820
7356
743
7277
6467
7982
7108
10605
5419
11175
11789
5738
1869
8850
12251
10015
2525
8984
10710
11027
4476
1769
2241
11670
7170
4136
3286
9236
9361
354
3424
1820
3182
8673
9038
10679
11166
5443
10154
10051
10953
5594
2464
3828
4242
3667
9827
4105
7317
5957
35
6388
4458
560
2830
438
6901
3258
335
10718
8359
613
3164
1794
11282
12613
5635
6358
7400
8430
5941
6768
4721
7425
11367
9585
7903
12079
6998
3790
2334
4411
4028
9025
9950
5790
491
3707
7840
12057
4513
10454
9795
1125
4510
6379
9013
12412
1715
5376
10405
11783
4198
4043
858
11931
2069
7928
10853
6936
10398
12729
12953
8502
7324
12063
10290
8147
4039
9396
5879
11555
4172
795
3687
10329
12564
8729
3083
7000
10224
10682
7305
11080
4193
12755
2630
4682
8825
1311
11831
6111
7381
12299
6882
8261
5114
2214
6563
10792
8206
7731
2137
12567
7316
10701
6428
12492
9951
10737
7895
10010
6315
5420
8026
8290
8682
5675
7276
11168
9685
2181
9903
3937
687
5541
1313
1213
2376
681
1710
7597
8350
968
7740
12334
8311
1208
3882
8823
3890
2144
2694
3774
2128
11248
9620
7121
6524
11766
8693
5574
5507
4180
12804
2666
1730
11359
11822
9435
12081
10467
2148
1189
9700
3125
3180
2819
12289
2336
7034
32
6935
1870
4058
3575
1690
975
1377
7063
11123
8595
10961
839
365
5463
11666
10690
4243
3573
8532
11238
4196
2701
4621
1158
934
11267
1684
9755
12603
4740
6048
444
11244
11764
8392
11604
10667
5603
9496
10706
9152
2992
7272
6977
5710
104
92
9719
3761
8371
7862
9337
10520
11526
11949
679
3311
2357
4567
10909
9194
6363
4011
2658
11026
3595
9239
7703
4986
9389
3730
4132
12918
1364
11765
3086
8625
368
5095
11162
3606
11401
1079
6060
4313
5259
7158
12723
8091
10060
10361
11564
5462
1169
2508
3584
12584
1738
4667
1927
54
4342
11772
4690
615
2126
3958
2509
11161
4356
7555
9442
6217
201
8840
12384
3878
9246
4016
7856
2132
720
1373
12761
14
11717
9850
369
9103
511
945
1165
9770
7774
7040
5657
3068
6420
3000
10932
6360
2546
2604
7594
11306
8020
10364
11034
7010
180
11861
1817
2668
8476
7073
2119
401
10560
124
1694
9388
8719
2067
4117
494
1383
7682
986
11801
5578
4671
903
9963
7832
2044
7530
11702
11918
4176
1466
8384
2453
9292
11556
7020
9462
10250
7661
1245
10917
1106
8509
4215
7919
5102
6526
6870
8207
4754
4268
2867
4331
4314
5013
12099
6008
4135
961
1819
10013
3659
4949
6866
6024
6729
1554
7228
7016
9062
6291
3820
10311
400
5058
3906
6098
7310
2814
9571
2447
110
6701
6536
4226
2368
7152
11716
6518
3880
2157
321
12118
10182
10320
11514
1931
12951
11003
4948
8978
11218
5379
9055
2681
3984
10580
6140
1184
10521
11648
4465
8975
8067
11097
3908
2252
11960
781
11779
6427
1729
7328
11953
1713
5761
4685
6954
12549
2230
6730
7398
1456
3056
4247
6535
10135
2194
6271
10041
8341
10362
10426
8376
9809
12443
546
5110
1319
5075
5124
5907
4544
568
1702
4146
10807
6872
2236
3308
9911
4398
195
2365
9332
4032
7268
9914
10001
6628
548
4957
3420
10341
6845
10596
1244
9395
1585
1442
7744
7439
7602
5602
11396
1119
11665
12836
2800
11633
11865
8765
3675
6344
3154
5165
7249
12070
9315
2789
12285
12191
1353
12458
2796
10740
314
1214
6577
11758
2832
10749
6149
6578
7424
12945
1952
10826
12874
12012
3130
4728
10879
10017
5421
1809
1689
9303
8887
11615
2442
7283
3118
11927
3525
7165
4784
9287
2929
1799
8694
5974
74
10408
8141
6331
1176
10090
5799
8130
8873
10772
3413
11104
6671
11998
10105
11343
4094
11797
11565
1036
1404
11299
3688
977
11182
1424
12400
2232
10518
10514
5886
9075
8667
3568
10676
8560
264
11748
9943
1676
11950
12225
3513
10709
1347
12436
8619
752
9135
11432
7399
6747
12307
5844
9892
9253
1436
5808
10615
12597
2840
12612
7822
3698
1574
12553
2680
8550
11515
6767
7953
9904
12704
3290
1970
11445
9022
515
10835
9330
3654
7670
7730
9672
7146
1975
6848
7342
2968
11460
6390
7689
10066
722
3838
12952
801
1462
11606
8160
7053
8104
9078
12236
9334
9991
9205
10627
3611
8007
8789
1138
10113
4844
6010
3223
4573
10593
8514
9130
12391
8295
9908
11689
3059
8168
9709
3340
9251
5908
1698
2542
11933
3530
11055
9140
11886
1490
5090
636
5825
2926
1397
1150
2841
5190
11429
11654
3950
4060
12909
472
4144
9728
9534
10952
2469
3233
2967
10310
6047
11995
5350
9377
11127
1945
11899
11459
1904
1995
10107
3331
6917
12609
1527
10332
6740
4322
10179
2339
2597
11008
5801
6372
9047
6167
3706
1398
5192
12667
5340
7842
4628
5653
12732
8288
2933
10869
7866
12283
7683
9002
4022
1374
10235
9764
4360
10289
6987
12115
6197
11536
7049
6094
11491
11794
4816
11311
1066
3533
729
10827
1771
2873
10530
1611
1829
782
11559
8005
6686
12672
8372
8362
4969
1368
3990
6087
9307
5199
11323
5294
3919
3619
12810
10886
12127
12717
8294
6610
8330
8892
2029
3934
2057
8293
10222
4023
3657
8394
11211
1039
4541
5326
192
9740
420
3409
3467
4841
10995
7760
11245
129
11213
12843
7003
3715
10440
9433
12787
6364
12936
6004
9227
8582
8588
8504
6685
2317
7951
8190
2133
9656
1693
87
128
10678
12899
5892
3967
5225
7389
9702
1969
4491
11808
6527
3501
10245
330
935
4936
6076
10536
5508
2358
8045
8443
2415
10999
2520
7847
1795
5064
413
749
12209
4421
8171
7226
12257
10477
593
11814
10212
8882
4982
10492
3208
8167
12037
8143
3483
2437
9391
82
11387
13011
10072
3768
3100
1787
9600
565
12367
9172
10115
11571
340
5806
11639
3419
5092
8281
10264
12686
3696
10049
5681
9341
6581
9005
12904
11447
3888
3232
5355
11012
6202
9986
6937
2367
6745
2329
2360
2559
9417
9686
10576
5527
916
251
6233
3745
7823
200
4624
3031
9067
349
9848
8888
9664
12526
10417
7437
5021
2837
9416
1804
2792
8513
12267
10985
1763
2500
8103
12992
3946
893
9716
490
10073
6842
7809
1455
3504
11676
7754
6529
8458
4485
12094
4291
339
9127
1484
802
4133
911
680
10894
4631
10976
9990
11129
492
9186
4461
2779
9115
8772
2441
1718
4298
11897
287
4296
4179
3177
2002
2445
68
12144
11316
4206
1209
2063
10003
11727
2328
9580
10771
12470
10004
5723
5062
3348
8822
5357
2434
10668
11484
10716
8661
11934
81
4289
1859
11854
3871
9355
5453
4362
3893
6150
5112
1218
9087
4778
8512
1095
3512
5072
3412
5087
10098
8752
11446
8991
8886
11036
10517
8901
11232
12428
12091
466
7869
3450
11803
11714
12274
1473
2713
6981
9399
9024
12497
6281
12426
309
7529
2261
5493
4348
4653
10272
5377
2318
7361
1425
6177
12970
480
6769
5295
9732
984
5882
1852
5632
9134
847
7206
4498
9601
11126
4738
10955
4655
11798
5169
12406
5837
6822
9659
4672
506
11711
9180
9006
2676
4460
8284
6720
11915
11390
2745
10423
9090
11741
7036
12300
4292
12404
4999
9941
7408
209
3407
7455
11680
6448
4938
10660
2498
12302
7031
9594
8872
8183
6112
8056
7619
4860
9120
33
1177
12015
11895
113
6715
2449
8965
8128
3262
8401
6457
3580
8029
4549
3202
4327
1407
9049
6136
13002
6064
553
6104
1942
727
12116
10504
8617
5211
5866
6442
723
9220
4232
5337
7757
12769
8221
1447
6054
106
5275
4112
2527
3571
120
2215
10568
2552
11254
686
12318
4199
11397
9209
2062
2648
6074
191
10855
6057
5991
1483
9188
2727
7557
9059
9084
4434
249
5625
9931
6187
9667
12421
9269
11647
6502
10802
1277
12139
11010
11962
1289
12088
5966
1234
1621
12215
1766
11212
8917
5815
1990
9983
11487
7291
7514
6631
10097
5618
597
8712
10265
10784
9021
3502
5794
8448
13004
6137
685
4497
8966
2868
2203
2154
4652
3765
8447
5134
12284
8249
7453
10821
9060
5694
12650
6005
2971
4064
645
9297
7574
10059
9365
5604
2250
6301
4557
5605
12796
8023
4546
3269
12314
6942
1572
4081
10670
2880
3803
6506
11534
530
5099
2775
12053
10766
7104
6409
8194
9618
5947
9058
3362
8638
121
4556
12571
11346
12784
9575
2103
11407
6958
2467
10731
7096
10820
4300
1444
12895
5897
776
5975
10296
3970
706
2089
12045
7438
5119
3173
5446
7022
5031
6425
2422
5247
5932
10546
1001
9026
5230
10334
1917
7059
3499
12374
12791
10770
9083
3088
8099
476
4349
1592
11937
1240
7312
5553
3084
9929
8100
7792
3075
8085
3434
1012
2866
6117
2168
10574
2078
10783
5024
7314
7607
12229
10828
672
3534
9283
6240
7545
1275
1663
10463
8484
5328
10278
10911
3586
7672
7354
3253
2652
6789
9066
6693
7478
7315
5019
8285
5080
7725
7481
10761
5244
12170
6417
586
7131
6067
353
5674
8132
4893
1984
10000
11826
5056
10330
3054
999
10125
8501
9744
4326
2287
10928
8865
7169
11874
8795
4041
3108
2443
8073
4998
1049
3218
7788
11439
6152
8222
9961
5369
132
3196
7889
10227
7897
4182
4111
9100
8784
828
11007
10106
4569
8785
6459
10958
1198
11281
5441
6897
12643
5167
7900
12179
327
11562
5108
3837
4173
1103
2612
3237
3260
1936
10084
1053
11322
7708
5336
9626
6926
11246
5321
11684
10464
4301
5903
5243
9949
5997
10946
9707
5125
1345
7927
9873
8681
9164
8597
2533
5979
8470
831
2186
4385
6799
4097
675
5232
12702
3444
6850
8481
4245
8942
8302
176
5324
7050
6681
11967
12864
4361
2730
2309
2836
725
2423
3304
9538
1978
11596
3438
3250
10123
1882
678
7364
11844
12816
12437
3129
12993
9800
11516
10562
7849
6603
8039
12960
1495
8599
10198
12084
1588
8366
12869
7244
926
1920
6838
6352
3364
12030
11416
4158
119
7331
9854
4826
7926
3221
5386
10707
5887
4124
9321
6361
5314
9955
5316
6860
12244
10918
8434
2600
9969
9309
1021
9896
6469
3457
3743
10540
5795
866
10335
2297
3724
5448
72
10658
9472
5438
12425
3751
7956
25
3484
4550
1880
2994
2740
5081
3737
11156
6732
3178
11537
5545
4700
2245
361
7871
6632
5252
5030
9117
2993
5864
7093
10397
1089
12934
3841
3979
1253
7630
10032
9999
5733
8798
1737
12867
4907
9858
7026
2223
7921
12685
11139
9765
7651
223
12922
8314
6336
9286
8929
263
11548
125
12330
4656
11372
11314
4768
6653
6898
3338
10903
2687
9508
12405
12580
1303
3347
11092
12288
11731
3997
5359
7004
4194
1292
5765
3162
10313
1333
8573
11016
7938
7829
567
11968
11942
2378
5281
6033
1567
199
11479
3755
8962
9572
785
8982
7759
9701
6853
6395
2725
12008
1887
10689
5682
10030
11755
5444
3321
10680
12467
7139
7062
9476
6540
10307
9031
6348
11872
8508
10420
891
11048
8179
12968
12653
6
10204
3306
9562
11952
7702
6662
6382
7274
7877
6974
11871
2109
9761
8245
1228
10856
11851
3753
8577
482
442
1947
5261
8226
9437
6865
9570
5470
1310
11223
1595
5565
6807
4988
3769
6702
3971
11418
7724
9680
1783
6752
78
1304
5098
10121
6660
6219
12083
9564
1268
1569
12194
3956
10577
904
8149
7632
2952
10649
112
12364
10438
10305
6261
7773
4584
11859
12230
6583
12943
4920
5608
6925
7894
11932
10170
12957
402
2813
10031
12690
3417
5721
8348
7920
5290
4797
2650
5954
2815
12819
7837
6629
11657
4725
497
1907
2346
11365
11117
9450
11378
6133
11426
8438
5074
4963
7275
6634
9244
5450
11456
229
12287
2021
5839
3716
9781
3746
2033
10762
820
6482
8465
12100
2418
8896
4582
9560
4616
1863
5950
10787
9682
12477
9959
11823
9952
12677
8515
5746
12473
1135
10549
12799
469
808
9503
4990
2366
3107
7562
12635
10247
3643
5830
8200
3187
5770
5930
3992
11552
4410
8052
12464
5435
6595
11270
10554
8382
6122
789
1429
7412
4084
317
8891
6444
12620
12172
7786
12380
12585
7577
8808
464
376
11420
8321
4329
11463
9221
11475
11085
4636
10975
11881
3772
1192
6022
4630
9444
9402
1281
3907
3602
2216
4868
5754
1142
6861
12028
11582
10358
1179
12124
824
8997
3633
2045
3459
4732
12596
6793
10613
2996
1027
12453
1505
12963
5868
5181
11740
7560
8404
189
9165
11468
9397
11843
12050
7807
11149
7699
10402
8986
5401
10794
12912
2919
8229
3574
10547
5397
965
3987
8406
8095
4854
9298
9418
8676
2795
7987
12272
2665
1744
11550
5638
11448
2672
1954
8524
3976
10513
3294
10804
8871
6051
9393
11096
4393
1921
12781
5812
5364
5585
5371
6196
7974
6991
1929
5089
6169
5610
1677
4005
11001
1037
8522
7273
117
10033
7945
6215
7908
1020
7751
570
1493
11350
4575
2477
3120
3560
6986
10460
2014
742
5985
718
2667
11988
7295
2610
7230
6830
9746
3318
4796
1256
5556
5117
8926
4847
7762
2620
11435
11302
8087
1219
4563
10590
10866
3521
7138
8057
1536
3274
7817
5287
5828
4378
3161
1433
7349
5791
1589
2896
10026
12731
11498
5341
10895
11062
9713
8402
10915
9347
1652
3388
9553
6494
7819
1502
650
4457
12121
5194
5248
1096
3051
9834
11291
1191
9717
3773
5704
11672
10686
4984
415
12986
2784
8900
4590
2851
10213
389
6727
5514
9261
9786
5528
3834
3653
12039
5083
6696
9184
11495
12006
5040
10134
7477
7550
7103
7909
6384
11768
3016
12370
10209
3546
5334
11113
8129
12600
9346
144
8269
2183
7229
4559
9147
428
7958
1616
3760
2494
2239
3414
5222
9182
10218
6614
11698
3690
12336
1647
1489
11713
10904
7340
12351
3421
9143
8641
10236
5782
4162
2199
4093
11884
959
7861
12398
4118
3672
8040
4250
8602
4002
4163
846
8232
5884
9452
10964
2131
8818
8779
7067
8483
9488
4429
3862
7045
4828
1722
7501
5751
5916
895
949
6325
993
12699
2821
3309
7652
4116
7141
5814
5220
12027
3689
6941
9989
1541
9390
12878
1696
3581
10930
140
164
11039
5322
641
12691
2726
1102
6270
2603
10378
3811
10971
1013
5700
11608
9490
11543
5455
9273
2121
6276
12077
2864
4674
11839
6499
6473
10923
7818
10439
577
529
1905
2593
8289
2786
1054
103
11817
11782
3021
12356
10934
6622
7507
8265
4939
10418
2609
6552
3829
10468
2325
1273
545
2934
11631
12854
10168
4509
9912
10138
2348
11935
7854
5393
2651
6349
11688
12347
9638
12623
709
10016
3994
5123
10599
4991
1601
4209
5028
9816
10786
9549
4007
1977
4790
5079
5869
5229
6141
8154
864
12029
3183
12188
6804
9367
4861
6124
4310
136
8233
6242
2074
7568
9382
1171
12525
1668
12683
10776
9592
4958
8500
5505
8037
9518
1915
11269
6951
11360
7846
1414
10476
8088
2088
8165
6758
5301
356
6964
770
10244
9665
1248
11261
4190
215
10166
9265
6821
7360
7671
11996
8298
5660
11889
9159
12833
10774
4483
4527
3846
5104
8125
5138
8235
7286
12253
2435
5918
5727
1956
3600
2211
6809
8390
4055
3030
1411
8193
3128
12991
5568
3813
3856
7841
11125
6173
8831
9785
6939
840
8793
11087
2190
1071
1700
4279
12363
6367
1203
4047
5034
4919
1064
12341
4937
3284
6742
8777
6100
689
2165
5268
4543
8201
2253
10983
220
11457
1594
12877
9459
10388
3089
6933
3910
4677
351
1387
1699
2047
8650
6430
1565
9106
4139
10618
6899
6852
11114
11482
9105
5407
4900
9550
8907
10139
6260
6147
6143
3277
6002
9828
11014
6037
9693
3353
3006
6755
9804
1016
7738
1897
1578
7447
509
2774
12184
12645
8606
1233
10317
4866
2075
333
4619
1280
1843
3207
3901
8563
4701
170
2200
8252
639
8608
9576
5373
11876
12722
12693
9577
5644
899
5488
4025
6000
1465
12788
12777
1356
9918
12315
11867
6092
11138
5069
10230
8767
4913
2945
507
8960
3816
9029
2732
11038
3717
322
10445
6307
3662
8521
3647
8312
10280
185
10312
6751
6851
6017
8277
6650
7816
3085
10887
2710
4125
7469
12870
1874
8324
7181
9342
4263
867
569
11769
7772
3777
9278
10487
273
751
11210
2505
11940
12913
4588
3725
4892
6277
496
3110
13003
12759
7094
6014
9632
1508
12748
1139
4435
6708
9045
6003
896
1105
1183
27
5693
12958
4632
9474
5425
5038
3526
5937
11362
7658
12153
5946
5781
10223
7487
5933
2572
7859
1094
9879
6504
6310
8318
5474
2274
2323
11991
9299
7320
6403
2645
1839
11906
7645
6717
2488
6828
8414
7935
3228
3268
12666
10589
1848
950
8505
2522
5711
4876
6651
5267
65
10921
4568
708
6877
7796
11560
10242
7081
5767
4236
88
5692
6945
3733
6517
8367
12177
9350
3140
665
5758
7251
10412
1365
3868
7030
4849
4850
11628
3422
5352
12183
5497
11829
6313
10551
307
713
10626
11250
810
10479
7716
8451
6907
526
6594
7043
4018
7421
3685
261
6258
10675
4852
9314
12333
1133
10217
10673
1724
644
11816
5262
5253
371
414
6329
533
4120
11578
5272
7643
10422
6723
9207
10637
7196
6153
9967
5392
11021
1074
2425
9338
5475
3339
1067
6516
1316
11309
7583
9353
10739
940
2555
5189
7461
1735
10715
5634
6135
5712
5750
4995
7893
10318
9845
3375
11137
3358
1896
4053
6477
94
11019
572
8032
12768
8853
2808
1346
11273
5133
5257
7102
5776
9381
6432
6817
2990
1657
4413
11671
478
10167
8971
9413
9195
10214
12718
7318
3610
3924
2966
12010
3263
1522
3817
12294
3522
6558
3978
2599
5913
3771
8435
10647
11145
475
2197
7848
2839
7549
9019
5256
10916
2908
996
11780
3864
804
5264
8875
5047
1394
9519
1608
11802
3116
4586
10437
3105
12004
7035
4438
7852
9865
3027
5304
7685
5292
4341
5725
8533
11580
3989
9171
8828
4518
8300
779
7580
12640
4629
7313
8199
7729
11342
4316
3356
2198
3121
12965
6218
4471
8905
5155
1185
2444
9880
1210
12342
1263
34
391
3583
10285
6359
12479
8801
3673
9043
9516
93
7711
7220
7739
6295
4752
11636
11762
1620
406
10882
6658
5847
12132
11237
9415
905
8019
9513
4592
6582
5215
1900
11984
3605
5865
4237
4634
7032
2548
11840
4407
11770
5992
7417
7984
11811
12310
7370
11972
4181
8463
6961
6489
7964
8113
10672
7018
9663
6829
7362
5698
698
4706
10407
6129
10681
7327
8845
3370
9933
2802
5831
10824
11132
5085
2656
49
1127
8126
12984
2463
12396
721
9368
3098
3350
5011
8904
7085
7259
1286
9241
6254
12204
1211
6922
9605
2914
3718
8510
7056
6956
10089
12801
4246
5703
10327
2134
12158
8313
11885
8013
7884
12056
11518
1200
4966
9504
2845
5235
5320
9953
9374
10734
8880
4640
1825
9333
5390
11620
7393
10287
9012
4979
2983
12487
5690
5683
657
4877
11682
6995
1968
12766
1754
10415
9280
10165
9643
12976
972
8687
5266
10659
5354
1938
1146
12466
8564
623
4335
3229
4605
2034
11737
12166
357
5223
2629
11408
11018
6808
9557
4106
2059
1801
8279
417
7105
10616
4746
7969
11225
10989
1743
7255
2594
3963
590
5424
2327
12202
12928
10435
1827
2749
1312
10009
11707
11637
1153
1243
6373
5358
6151
10564
6470
8958
3050
5749
1260
4352
5552
5845
6263
9923
11973
1532
12
213
6435
9398
8995
4478
9495
6682
3213
9233
3614
873
3942
1114
1337
157
1078
10062
9163
8065
12579
11242
2912
7385
1405
7161
9016
2102
5823
11650
12278
8738
7118
12258
5041
11292
10102
8161
4114
7265
247
7143
6049
5260
2107
1813
2544
694
3561
1902
6308
11598
6495
8461
8216
3447
4070
2466
5391
1705
3964
2485
11776
9052
12235
10249
5779
10885
4985
1019
1573
6523
5044
10538
10238
1327
11413
10583
10745
8559
4863
8732
11319
8851
298
11856
10038
6056
9325
1868
11987
8838
6040
3064
806
12856
3552
12061
10661
224
12808
12182
2807
7761
991
10842
3788
5557
7721
5400
3572
7386
11691
7431
3594
2163
1305
1413
10203
9224
3559
12539
1614
12715
2675
10641
4257
1723
5344
11863
9617
4694
8615
7571
2953
2345
1802
9477
2048
2430
10263
4475
4330
11709
1470
3604
9192
10555
8349
4463
5029
12372
12381
11328
7753
10878
7496
8953
3692
2521
9731
9480
5560
9340
3186
11979
3748
3443
3547
8387
11880
5901
4307
8347
3872
10495
10486
3983
1246
841
1332
3896
10178
11185
2471
12319
12982
12282
8878
12719
3313
8191
8477
12720
12511
1121
671
5620
4092
5045
6512
463
5680
6620
3004
450
366
9637
11659
10255
2231
6635
2284
8525
10781
10490
6230
4770
5303
12794
3139
5368
9290
5967
2705
9641
4371
8819
12414
1392
11073
9898
4710
10375
12828
7827
283
9774
673
7154
348
1967
5875
7676
4265
2331
9267
2161
5863
9008
11643
11236
10949
5661
4183
4688
4419
11280
10185
3251
5035
8630
3423
12362
5522
7128
5678
6713
6182
12048
100
1529
5953
6827
2622
703
4185
9936
8273
12011
2182
1420
6125
7387
11625
3095
4855
6044
4187
1379
10071
7798
8379
6407
4273
1318
8686
3327
2750
12962
4216
7808
2616
6638
1935
7260
5564
8969
5103
11029
3066
11959
4642
3703
11110
7755
8474
8555
7690
7528
6819
10724
5942
4369
11153
3266
6059
447
1083
6419
10446
4830
9372
5643
1768
1965
3404
10896
305
12981
1767
2625
1408
7231
7217
9492
11630
7100
1403
4903
7245
6733
6088
10506
1400
8721
4977
8518
3010
3972
9116
6615
2677
11028
552
4604
6416
7193
2404
10080
2305
11855
8163
8722
974
12226
6979
12735
3109
5959
4168
4102
2721
8589
12422
2707
660
8932
1781
7621
7510
12639
11795
12932
7422
6475
11773
7535
4522
5627
1934
4886
9074
3578
1890
8468
9547
1147
7618
5788
5580
12925
11993
11956
4231
4396
12916
10044
11994
3784
12528
2381
3523
6339
6756
4271
1602
10754
4946
1285
8974
6294
6553
535
8098
12692
1358
10954
4897
12275
12187
8218
1501
1
3096
12682
11533
10515
9616
4377
7452
836
1410
10651
2913
6052
7311
3710
8899
10981
2244
7468
1026
4178
7338
9630
4130
11285
5347
4836
3217
1996
12806
4730
9647
9842
231
6020
12646
6607
12427
7811
642
11577
11464
2686
9910
11228
5241
10503
10931
3661
2763
2827
6192
12649
4873
4302
9627
6806
2950
12064
1156
1707
4267
4066
10779
539
3314
6084
1638
4524
8332
10744
3270
9552
11357
10838
182
10205
6630
2218
5066
11201
6797
7098
8413
2576
4529
8724
3285
3142
6013
6440
4315
5499
4504
1630
9864
12815
4981
5973
8436
6072
12474
4096
7939
11040
8153
791
2554
352
11312
3475
10664
2769
699
9440
12501
4030
9202
6677
8124
5335
2268
183
3873
5227
5242
8127
13007
5158
197
10685
6456
7160
682
5258
8652
12516
517
7810
3008
12518
10377
2512
60
7589
6164
617
9823
554
3591
3333
633
3932
8339
12675
12946
4734
9692
8869
5662
7168
10621
3875
11912
4692
4286
12624
2070
4928
2550
8015
4665
10470
9010
855
8412
10132
6171
796
5503
2221
12087
12439
5408
1467
1451
10582
6844
10254
6565
8844
2660
7542
6234
7176
11064
6213
1761
3905
1739
6611
12800
4772
3256
4469
10945
12942
5753
10048
5423
715
2518
1120
9737
11575
11761
7525
826
2105
6908
11624
1453
611
963
5466
3940
2528
1055
234
1384
6593
8812
5170
4508
3280
2259
9921
5843
355
9532
4511
756
12138
5970
10529
8543
2022
12890
3334
3798
1514
5780
2619
12814
46
3899
3166
7688
2285
1548
11084
11465
2596
946
11200
3947
1272
8523
8675
1991
5724
9510
7345
7187
6145
6947
643
12306
5061
10043
9803
10221
4534
6472
7679
4026
2806
2142
12917
9926
6876
6078
8150
3034
12488
4548
1190
2175
4122
9279
8561
5141
585
5684
9749
9256
244
11078
9485
1265
8280
4455
5607
2124
1157
6596
6262
6710
12669
4871
10598
3794
12919
8035
3935
11072
6365
8585
733
7024
10351
8291
1953
8142
5821
941
8734
12570
9886
11090
10337
10924
2940
3293
9392
12020
10499
1175
11846
1386
2540
4417
2632
6569
11877
4612
10195
10806
3117
318
10190
11159
115
11916
562
11749
350
5387
5697
7474
12680
6479
10935
3712
416
2024
24
5428
1772
4395
12371
7715
556
7149
609
9621
190
3726
6232
10291
11313
3775
5747
8670
3025
3052
7411
1994
9872
2192
943
12536
6688
3800
6130
8695
12322
11255
10755
1774
5576
8453
3445
4997
6726
12366
8117
7779
621
8824
9027
12379
12038
1152
1980
1335
927
8924
11151
8860
12059
6465
6342
5881
281
8428
6950
12545
2130
11135
1886
10890
8472
10996
7490
7111
11623
5145
8547
10160
9405
2626
12385
8535
9252
1786
4152
7890
12140
9889
667
2898
9277
5744
10809
5719
3342
11810
640
7221
8116
7239
2440
11745
4912
12388
8761
931
5516
8070
2052
3480
5784
1110
9603
10392
5472
7608
12399
1914
6714
97
10947
2886
5147
2394
1793
11893
4305
1842
6493
10719
12375
6120
5129
1283
6065
762
10045
6176
5624
3965
5715
629
3373
7164
3510
794
1582
12966
6592
7957
8658
9240
1976
1962
329
230
7014
5346
7749
4819
225
5919
3354
9766
3296
12502
12725
1091
6847
9846
9034
12575
815
8782
9373
5121
6775
11077
6175
1816
7190
9360
11642
998
6863
8797
8301
12921
9160
6645
4445
12271
9779
2299
4943
6895
4503
5895
2695
10588
8883
7999
11229
3276
10527
7473
6575
3977
1282
5459
4110
9541
12812
2054
4867
7358
4623
1348
6198
6770
3889
11103
9305
4439
2634
7392
11908
12268
5381
3655
4925
8110
8758
3165
8090
9703
833
7812
11832
8166
10276
5929
3805
11793
4355
8846
5695
12998
7963
8058
11848
3776
6703
9421
12068
3395
11806
6463
8569
8270
10713
11301
4354
12876
6900
748
9668
10117
2222
52
2780
10266
12482
11510
6707
7653
11428
620
11239
9473
8001
3995
11887
11116
3087
4935
2605
12164
1317
172
3378
915
5436
9169
1284
1891
5100
9294
8454
5209
2537
10796
11324
1510
5857
8988
6288
919
6464
9003
11101
557
4347
10630
10116
12490
4220
6864
485
7204
10756
9871
6437
2171
10819
1499
5164
8725
4570
11610
4614
3930
2865
10176
3430
7502
7635
7189
4416
4264
2111
8864
1390
11928
6873
9954
9009
630
471
9966
8708
4272
1334
8264
212
1491
8854
3029
11790
498
3577
7416
4074
10020
7624
10293
7701
11283
2691
2386
1070
4600
6657
4001
11178
10993
4051
11338
2046
9697
486
2535
1342
1764
5003
280
1679
10773
178
2104
7376
7209
7880
11221
1308
2900
7551
372
10130
432
1864
10447
4068
3405
7575
45
10617
12176
345
5057
6298
10381
5309
1344
3169
12586
12522
8466
9891
3385
10428
3588
4795
7704
6316
10157
8947
11259
7780
510
5378
1459
6910
5849
12489
10830
2362
6163
9528
561
1128
439
12644
666
6646
1148
982
12337
3328
9636
1361
9483
8689
7129
4234
9853
3660
885
9734
6533
1237
5483
3401
269
8415
11192
5778
11394
11295
3028
11154
3170
9586
5004
7347
5586
884
9980
5106
3448
3886
909
8922
9996
10457
1023
6674
7660
9595
11124
4350
315
2523
6285
4872
6953
6041
6319
3493
2826
2478
4649
11786
1847
1782
4894
6119
7406
9522
5787
8209
3608
780
465
7119
5065
4520
11241
5995
7802
4254
8841
822
2714
8530
3486
8034
3909
11747
1441
5036
12089
3617
6332
8944
9323
8354
5481
6272
651
4581
10927
1449
7710
12165
8816
1537
9500
1051
2531
10867
11187
10481
9487
1937
6959
7319
12051
6884
11574
9964
3749
227
1557
1878
1144
2277
9944
12352
6698
9156
1309
1775
3697
1600
11009
1539
1879
5288
7556
11240
8685
12920
957
4965
10206
267
7567
9217
1032
7097
1254
1330
3648
9380
1417
11904
5370
4239
1982
12651
11070
12033
7593
1597
7099
2697
8157
11326
6691
3049
12582
11325
12113
7946
4626
12093
5511
1168
8107
9088
8707
5137
2016
2213
2006
419
8388
5850
1979
2344
291
6090
947
4707
1385
3461
3538
12560
10082
3275
2096
10797
3429
6157
12673
11837
9916
2427
5921
5388
7199
2460
6050
3814
7787
4225
7440
6404
4207
6623
9210
4029
1950
4668
12684
2004
12845
2201
6089
3869
12024
7713
10112
5965
1854
12017
11589
4809
5286
6795
12309
11419
4599
9699
6335
6058
4813
3966
1523
7923
5382
7990
4415
2809
688
11706
134
1894
6525
5195
5537
10210
1926
10638
4343
4760
716
3516
8690
10348
12738
3941
9657
266
4641
9238
11355
12773
4708
2833
11951
7368
9118
278
4050
7603
2060
2402
9962
8914
1269
11977
11208
4188
4402
10367
4681
11321
5742
9566
9076
6105
5458
5432
12607
12386
63
12499
605
4409
925
5633
7970
8571
2805
2960
6080
4275
2405
12069
7821
6537
4228
9796
8951
869
8495
8526
8967
6584
11622
8920
1826
5201
4874
11226
2395
12940
6093
12775
11660
4808
1674
1778
4572
4480
3520
10114
4921
3431
7783
7609
4531
12418
8439
4261
427
10604
4283
2565
2752
1226
2910
3650
932
11388
4865
10233
9683
5656
12813
6543
9304
7697
5127
12601
1888
3291
9542
8212
1077
1733
6156
6661
5249
11214
5708
12661
8425
1547
1480
8710
12151
2563
7973
6160
7057
448
2539
8516
3815
7896
11828
4406
9971
2917
7378
4493
5489
9851
2737
12572
5008
4993
8267
10148
1221
9232
11332
5203
6474
7495
5404
5005
3254
2511
3247
12498
10788
6045
3439
11047
4633
6957
11955
6869
2801
4515
7367
7891
4140
6759
7582
12780
4454
737
5014
1622
7745
9859
3754
1790
2888
2733
1680
12820
8520
331
6036
1452
3927
3954
8375
11796
2143
5936
12316
4558
11505
787
483
1199
12541
9767
12980
4346
9830
5987
10699
7581
8653
5283
5688
2872
5018
6484
6699
2989
4749
2855
5606
6304
3739
6849
10936
6273
3199
3638
2722
4320
4859
8678
167
4436
2640
5856
578
6228
4175
6103
3613
9573
6556
1381
5206
2601
9856
7870
11358
3750
870
12105
10022
1644
4767
4340
5687
8832
4719
848
12273
1823
8403
4523
3317
12853
6243
9212
9306
429
8260
4052
7467
3230
7892
2631
3189
8078
9861
8537
7712
3870
3683
10846
4157
10844
186
7384
7698
6414
3224
6564
11966
9423
9690
10131
10822
4923
8921
2551
5159
1562
6438
1258
3255
9276
1951
8271
5221
2064
9511
5000
2093
6641
7396
10225
5798
294
5022
7968
9881
3975
5834
177
9724
12868
4822
9792
6704
4968
2937
1115
9318
6366
2618
4611
653
9897
2311
9243
11849
6275
5093
5449
10069
674
2974
319
5888
5237
10864
10297
5734
445
7657
4825
5509
12292
118
2355
10002
11807
11197
4564
1478
460
10974
1798
11658
11726
7271
1370
10142
5396
10987
9384
6451
9790
5361
295
9255
6644
8821
5824
3832
41
6642
10054
1507
10823
3722
4087
797
4013
7182
7488
3171
12060
1182
2711
10891
6207
8033
2587
12938
256
11922
11862
3115
9475
2061
10410
4733
2451
933
130
9020
12234
12335
6355
11045
6231
12358
8024
12923
9235
12075
12301
6126
4297
12861
11900
10444
11517
6184
5982
5399
714
3474
851
9671
1163
987
1966
10175
595
2574
2699
9913
5637
11121
3799
11603
5380
10473
12326
6132
6903
6375
8316
701
10733
3298
10607
11619
10258
6881
11308
10534
3708
5988
5894
12851
342
8657
4580
6259
12703
9491
522
343
12001
3048
3609
8964
10563
4294
12123
4462
102
2999
2679
12742
6772
12902
3017
8046
11687
10645
2602
11278
2709
850
1167
7644
11075
573
7205
1860
4321
4888
12224
395
10579
8843
11059
10650
2770
8131
3866
4540
9836
12013
6796
1655
3835
6773
4539
6911
7198
9352
4800
1518
11627
5291
12331
5440
6912
10008
1973
9554
11050
1504
7027
937
4276
6269
2742
4260
12652
6401
592
8639
11712
11595
2849
2547
11701
9946
12447
430
4299
10691
5766
12095
6600
5976
226
4351
2125
4774
9468
6305
4594
8424
1196
5616
559
1457
5284
3839
579
1274
10253
2684
8702
11878
10491
8365
4165
7460
2100
1692
2257
12303
8990
12513
3078
7991
6408
2529
1855
1609
9419
11188
10723
10267
7966
2349
8858
1320
6790
8272
12223
6889
5454
1568
5714
12512
11686
3626
7051
1564
5803
11805
11675
6791
3781
10128
12972
4709
10979
4848
11043
3104
10029
8064
9987
8959
9875
9375
7263
8527
10764
4382
9329
5923
6381
5251
799
2212
966
3847
11954
4501
2316
4663
9818
1220
181
499
11542
603
9870
5356
2757
10493
7522
2728
4846
2480
10963
5156
3709
4221
1130
618
89
5498
6241
2568
436
8915
10648
5867
2018
5880
4252
4615
6643
6038
2936
7565
7531
1746
166
11882
2803
9810
404
1560
11634
11317
3999
832
990
3779
607
7878
4765
109
11310
5577
12840
7563
7471
10219
3469
9110
9148
1104
12911
8148
73
9400
11529
3589
7110
11189
6604
1161
6840
161
5239
5478
8060
410
8973
4792
9104
12611
5068
4832
9441
7371
6155
1271
1427
9745
1278
519
5101
84
5050
5490
9197
9302
3898
2340
3472
7723
6106
2446
3259
11141
11820
2412
12985
5140
11538
11852
1092
6244
6490
10523
12047
6001
4820
1513
11974
11788
1116
11163
6458
1302
2720
10595
5573
2977
894
6012
5234
10129
9548
10908
9695
1062
4065
12721
1011
11424
2973
7335
3297
7075
1759
7634
2515
10365
11781
1363
10639
12431
5699
7130
1773
5832
4403
4259
11251
10874
2925
9486
12592
8769
10455
12633
2624
558
9403
11584
964
8787
542
2633
917
2455
9698
571
1080
11590
5769
8305
6236
7988
3471
3926
7025
9932
12515
4763
11834
4137
4769
7693
11750
12455
7700
11722
11525
1059
1603
5017
5385
8462
12573
5032
10342
2356
4365
10120
3278
1959
9866
10900
8640
7980
5862
9794
5909
8591
1259
9555
10933
9805
2608
5969
5846
11891
2760
12213
6016
726
4339
4804
9422
1255
431
4488
1422
1662
12842
4545
1217
9546
2831
6380
10636
10937
10591
5593
1336
1113
11860
4134
449
4240
1964
11438
12430
777
7445
4533
12892
3558
1073
11964
11022
11833
7001
10950
8799
9708
5410
10816
11975
2483
4811
8517
1204
5920
4661
4821
123
7415
4716
1145
7997
111
1298
326
7678
12533
10818
3634
5063
10750
9249
8941
8146
11668
2932
7242
8999
12764
3384
7135
9431
4983
2823
12956
7511
5296
3731
9430
6028
11398
10292
11375
2209
6118
4555
550
12416
12019
8021
12441
2549
7109
4989
5736
3359
8876
4901
1714
4909
11136
1325
12807
4311
4486
7771
5996
290
473
1497
9976
1496
11965
6284
11681
7434
6612
208
6673
1060
4723
150
5306
4571
1566
3757
237
951
12481
426
2649
874
7423
4336
9729
8258
8754
9281
7576
5510
4506
2964
2942
6946
9654
5208
6497
4099
11729
47
523
11071
8802
232
9684
581
9831
1014
7611
2020
4287
7373
1043
6286
10700
7070
6302
6220
8742
11819
9471
11948
10077
10561
325
9710
11060
6062
2055
6916
3796
9769
