12089
4680
12959
6180
6805
8440
1007
7459
5720
10670
8273
2322
5716
1748
11402
2818
1056
6867
6602
8805
2040
2392
10385
9643
11276
588
8253
12349
11133
6250
2997
1160
9301
2185
1858
1247
6347
10185
487
8575
10645
9204
7267
7702
12204
12520
7133
6238
11751
8497
2433
9564
10503
12364
356
4985
11029
86
5254
12155
8270
9613
8855
11110
4526
3062
2246
11208
1428
2790
5547
12869
7296
3281
4233
8726
12181
9677
6569
4814
2516
12388
9906
12410
337
7805
6695
6391
10724
12824
7326
12994
5039
12118
3077
8583
193
814
8609
8674
8642
7212
10245
3616
7469
12626
12617
8677
7479
2867
4334
2063
6746
4947
11838
12221
663
12880
11582
9432
9655
6108
7426
9836
1057
9993
7213
8009
10193
5851
12311
8333
10307
7509
9644
6255
430
5628
12775
4572
12309
11024
7722
3132
2670
10413
11410
7004
344
5274
4967
9832
2580
11471
9915
6756
5873
2120
10056
2846
7071
4766
9028
8335
9349
5795
560
6352
11545
11114
5752
6326
6075
6681
4264
5402
1614
1453
8537
4853
12833
11262
5503
303
11072
12484
8815
3288
6846
3234
7454
10150
2645
397
980
1922
10256
9632
6578
9876
2844
9418
9458
8604
7304
3427
516
7157
10654
3366
655
3391
8806
1734
5277
8336
7956
1111
10559
7374
11142
8142
8945
3380
1756
12323
3377
3425
1779
8479
11403
544
5497
10621
5365
8937
566
12646
8669
7867
11496
6963
2839
7199
7898
7132
6579
12021
9742
10896
10555
12368
9502
6023
8826
11641
3765
7421
9161
12127
12934
8106
3949
4799
6176
148
3895
11399
7127
7586
3051
504
3484
8659
10627
1806
12024
4952
6461
12561
8044
9983
11370
5327
12843
5394
7799
11031
7336
12980
11670
7287
2019
11105
5646
686
758
1671
9475
1313
10367
10913
10816
22
2385
9568
10368
9904
152
11420
12225
6506
10727
7211
3831
11920
6452
734
4325
9424
7324
2734
6928
7085
6273
6941
862
11654
2809
3452
4645
10246
12463
2643
11441
378
11221
7972
12731
10997
1487
10928
10306
10188
12693
12009
6021
9543
11130
216
8633
5613
3260
4338
3016
12413
11629
12933
1719
3134
10942
8975
2314
2202
12587
592
11538
9334
9006
4353
1127
10223
9527
6825
6256
9201
9552
5884
4249
970
12966
4200
11138
6663
10959
10740
1324
8764
4715
4071
2090
9824
1094
4603
6139
10911
5367
9073
2885
5607
9985
6027
4679
8421
6331
3026
7671
12288
11012
6742
7695
10563
5439
9581
4219
7570
10595
9997
6847
10955
6235
3822
8867
5512
7759
2405
1233
552
12549
12081
11414
8062
12732
8180
7532
11530
9863
9316
11597
9044
7987
6835
8697
7585
10244
68
10775
855
5653
11232
9111
2525
1789
8589
7069
1837
6078
4101
2766
12619
11284
5237
8692
2911
2862
900
10718
6747
5431
11073
598
10574
9456
2449
9639
7794
4440
2461
1154
1180
3027
6120
4703
9354
10547
2060
11340
11359
2119
9567
261
11497
9250
12489
9814
2365
2776
6676
9601
4532
5434
901
9228
5899
4126
6483
5911
4682
6455
11080
63
2606
4333
10170
9792
7205
9840
979
9188
10770
3688
8275
7791
9806
8731
3743
1231
9706
10375
992
7512
3851
10925
7641
12787
7999
3938
749
23
12340
424
452
11251
10897
12651
7788
7986
1499
7520
3039
8492
1307
456
8976
1493
6291
1984
12997
1581
12010
1691
3811
2772
6208
12397
1716
10459
8640
379
11549
8547
8879
8053
8303
11514
6785
1415
8041
6453
3524
12396
8504
1796
3342
2685
520
7019
9203
5681
8903
1349
753
9878
9834
11002
6906
5579
5261
11170
7210
8034
9823
12272
10557
6498
9897
1945
11477
6486
138
9606
10689
5789
908
6759
9142
6984
10958
11989
4960
4973
4791
12829
392
3108
4087
3635
4163
4664
367
3548
8935
12883
4386
12136
8872
11703
1661
4062
5229
4318
6508
12295
11339
752
8391
1951
12817
12849
2646
859
6383
11734
1580
5542
5307
7934
8461
9319
4122
8791
1668
8395
82
3741
2456
9066
4593
4922
2413
11587
11347
4446
2511
7068
11662
8881
1979
7797
1812
6769
7760
1372
6749
6817
62
2374
12757
8501
1872
5520
2851
12446
1126
3634
10250
1550
3383
5353
2348
8811
11032
11488
5666
3382
7654
9689
1267
8588
5592
1460
11443
7401
8236
3927
9007
8490
12058
12808
3105
3865
3136
11912
6448
6936
3623
6271
4086
3390
83
4902
5184
3441
4162
11896
10198
1558
7895
12213
10132
11737
10122
12508
8823
11878
1539
10077
3364
4458
5910
6618
567
7108
1689
9433
5786
2538
2159
5977
7843
5479
3392
834
4556
10779
5871
7021
5650
8156
12967
11231
2499
8598
5519
5336
2077
8500
7058
391
6609
4140
10659
6996
7598
12674
2032
10238
8643
10596
3300
11616
3561
4366
3985
493
5405
8242
12426
2436
404
10292
10330
4147
6017
2860
4787
6226
4489
8256
9359
11548
6883
1685
245
3867
6854
4277
11925
10472
6901
3860
7580
7541
9933
4857
6591
6770
532
10313
3381
3271
11928
6390
12199
6604
7966
7728
11916
10168
9374
4483
5092
8032
10431
2744
1189
9820
6851
8618
5025
8279
555
12893
10676
7001
5127
6757
8211
5468
3037
9755
6934
6519
162
1128
5971
10893
2017
6177
4204
7214
6395
3446
3807
5894
12308
4840
5608
4034
540
4972
6261
9205
2478
9467
5085
8337
6589
6372
2487
10631
4492
7363
1628
10901
1015
10642
11593
10661
4953
9445
6012
9291
12096
5904
8948
3490
10186
12342
5614
9595
8953
4401
7812
5526
11691
11489
12632
2380
7351
2748
11621
9562
9064
7971
7203
10355
9179
4638
12588
7935
10095
2859
6202
6374
469
7959
6253
10550
2293
338
2315
8104
8334
9800
6079
11485
1596
6772
3451
8530
3755
2722
2940
10283
7837
9052
7350
9436
11729
7399
6336
5028
8441
9746
7089
8603
11949
8910
539
7227
892
11844
1073
9084
2484
6310
8644
2417
11227
9229
11643
4427
6638
8955
1390
12110
5107
6435
9098
7924
7380
8061
9242
8700
5802
1085
6475
3674
7236
2129
12637
12142
6332
3349
423
5997
795
6786
94
6957
9957
3174
4673
7523
7090
6205
3398
1997
4159
11499
6642
4829
7604
2641
9741
12159
1210
12241
6457
9786
11196
9369
9406
11137
1392
1995
12344
5379
9435
5555
12595
5432
5366
7403
3728
829
8115
2556
12926
11853
6378
9612
9512
4924
1828
11865
6888
3054
3732
9868
11048
12231
12613
12813
3910
10702
7736
6257
369
9015
7607
10952
2347
10626
1131
1047
11492
12941
2485
8103
8024
3489
8838
7735
8572
9185
12987
1952
5869
8888
6897
12794
4785
2971
8377
5691
12755
8681
10365
6558
10666
11955
10956
6346
3022
4544
754
7659
3917
6245
1901
12600
9525
9830
288
11185
6214
8600
898
38
7782
11965
7973
1266
10044
5164
11832
7521
2977
10460
793
7810
11731
3892
10518
6330
4293
10190
7508
8685
8488
9383
3902
11299
12769
4479
5826
5331
10924
11931
4719
1053
12599
7950
6015
8105
6993
12493
7675
7272
11125
7156
249
12523
4051
3379
9318
5451
10578
5335
6767
5193
593
917
895
11539
9483
12982
9088
3478
9819
5049
11275
11438
653
9174
11113
736
12018
3997
9640
9247
7828
12092
11601
194
11834
5272
10088
9506
1345
12989
1048
10904
742
7946
7860
7593
2822
6386
6995
7784
12416
2406
8300
1314
4834
7084
9922
1955
3135
12763
1870
10222
2672
2249
1265
5989
10712
1932
9920
10156
11748
3419
1088
4869
2
9587
3852
7669
8972
3005
9738
5683
1785
805
3903
10815
8502
11334
1190
10572
11140
1207
3859
8710
12227
11660
1686
11343
11082
2704
8949
2329
4491
1484
1295
7207
10812
9168
2843
7783
7709
10043
4411
2637
6248
1455
8006
7003
11642
8624
7792
2086
12583
7343
7170
9328
9481
1214
9417
1118
3487
1928
2212
8908
9117
11265
11905
2087
4246
8807
5603
12898
569
189
5521
12542
11468
4063
11969
446
12229
433
6038
5117
6933
5792
913
7033
2857
7808
1923
1061
3147
3094
3624
4943
5304
11200
12937
2172
6201
6179
8706
7548
3563
2363
11006
12727
5745
8114
11636
3103
11846
10272
4657
2201
9235
4678
8814
7937
7416
11191
9667
4238
7317
9465
7533
4818
4262
3196
6722
6232
2394
5244
11872
4170
284
4032
11454
7158
7835
2376
6344
1624
266
3387
2486
3157
7219
668
9474
10648
1667
11330
4890
4750
12534
2195
9479
3540
2706
4644
10785
9843
9549
9471
9642
3553
11648
7571
6866
4812
11574
3952
6501
7890
4764
1168
9978
5972
4248
10436
12250
12670
5061
9952
5722
3008
3345
4254
8304
10251
5149
5204
1491
7758
10767
12016
2034
12301
8107
2658
6684
8048
4184
2691
6406
1540
9045
3089
4459
2264
565
7928
5171
11376
8511
9875
6694
4658
4712
9584
690
8491
4340
3024
8655
8028
10921
11446
256
9842
12770
11306
3703
10040
6104
811
2753
9192
10058
7968
10342
3171
8875
11112
12198
298
4618
2663
7103
4783
2464
1401
6306
11870
7283
53
7076
827
9864
10691
4560
3266
4414
11997
546
8611
5397
11426
8071
9019
4665
98
5495
3190
9700
11118
6813
11274
7311
10867
10504
12543
3353
8751
5533
11026
7945
9453
3181
7447
4380
413
8957
8862
10821
10063
7573
3466
9397
70
3261
1515
9932
10857
8540
7888
3243
5973
7825
8116
12345
5113
4882
389
4810
11520
3801
12854
4705
10171
9311
8113
498
9331
1672
6260
11380
2682
11592
12077
9619
12197
11428
12618
5034
12458
10769
12735
10723
5877
3092
8110
3554
5444
1829
3724
1183
9686
6095
6599
5262
8769
6536
8360
12167
7519
10728
9890
10143
7449
10840
2471
7851
4094
4501
9526
2068
6454
10029
2941
8819
5951
6020
876
1400
5217
7012
3498
6543
2673
1213
9345
8181
2799
7939
6621
11913
12976
6024
4329
3543
8232
3835
963
3438
12964
5250
11897
4121
4615
11647
6738
12152
1461
12095
4351
8477
5998
5301
937
231
6107
11892
9441
5766
5719
4404
11120
3641
9891
6556
9329
2736
12100
4109
9948
9379
6184
11444
4963
3413
7601
11596
11583
10624
3276
1396
2364
3683
9110
9236
6626
7028
6094
11973
2791
3149
13009
5383
6726
7517
4905
10835
10523
3160
8287
4619
10782
11472
9603
9761
10968
8832
9115
3947
10750
8753
1744
7561
5823
11194
1468
8816
637
1755
10513
11512
9077
144
5762
7615
4213
3639
2510
8845
4416
6955
8039
160
959
3843
1177
11551
1787
4252
5601
8147
2242
10549
2099
11720
4371
9364
9186
7104
4169
6634
285
1055
5682
3886
4530
5538
10012
7168
8730
12718
9620
2468
6561
6538
6641
7377
6921
3821
12807
11807
6063
9679
3905
7184
5993
700
9524
12075
225
7094
10419
6118
10730
12801
4798
8003
12194
7446
12051
9060
6919
5777
9673
10497
7579
1315
1718
9597
11867
8740
11303
10123
11644
3242
6685
884
12353
9097
9057
8317
1274
6992
12913
4782
8865
5030
8728
10832
7727
6571
10239
5370
12465
5940
3397
10701
5903
8011
5922
7382
2752
12218
4741
5102
10164
6322
1813
792
1091
7113
9762
9259
8695
5315
3154
2882
5834
10410
3506
943
2652
4088
12029
1416
5862
5372
8412
8411
9916
12662
9831
7411
2480
15
4160
12624
7847
8361
6975
10293
8562
2960
7850
12206
11655
7243
7678
1464
349
6420
11680
6803
5152
2351
357
4637
7800
7398
3418
11816
3576
883
370
9289
12614
320
10388
4373
4493
481
3697
7661
2841
5027
9971
10329
6091
7894
12006
5461
12664
2410
9378
2393
5674
678
10535
9254
613
976
1678
5913
8484
10540
12383
11294
1522
2986
11207
620
3011
5790
359
2266
5290
2013
774
7581
1450
8277
12815
6349
12403
12827
6050
4161
9710
5801
13
8839
8162
4221
9767
7599
3330
7266
3583
8389
11087
548
407
8754
6585
9531
10066
12428
12276
6570
2618
12872
4370
7762
11008
5322
8493
10573
5442
5573
8602
2454
6440
7914
8128
1643
7692
6504
912
1869
9539
3119
7285
2994
7002
3942
3337
2733
9404
12265
9748
11818
6000
11040
701
8312
12178
121
4774
2056
5319
2473
1462
7763
4316
12510
4209
4746
5233
7554
7969
4917
6686
652
9233
3941
9921
12697
10310
3709
6500
7249
4614
3894
10363
8567
2395
1877
4901
6865
12947
1358
11724
2140
7936
3652
5604
8946
1317
11855
12526
1507
8715
12928
5253
2888
1440
11749
5836
10639
12708
909
3923
5248
4243
11052
2244
5089
12821
2884
10172
9803
2876
3713
969
1511
2301
7271
904
8000
12745
10811
9917
2313
9811
7329
1918
995
4119
9484
3569
11101
1198
8049
1649
756
5744
1327
11102
2939
4708
2990
1861
3777
9532
9393
6673
5270
12015
7225
8172
7567
9535
11007
1179
1283
3562
124
4124
6640
8660
10114
7836
4171
8790
12860
1016
1645
8818
4867
6687
11297
7415
8213
11311
11181
5361
2316
4168
12253
7027
8166
4019
1636
8887
8423
2590
2344
12322
8538
4073
2980
2403
8733
5677
4049
11469
8648
11450
2897
12627
10253
5364
9788
10703
4150
2686
6488
5426
9358
12765
5917
8422
10480
9154
8433
7237
12711
5855
821
1810
9617
11815
9032
2206
5872
8781
10798
4267
6049
7779
561
10814
6468
6826
10745
11814
6114
11625
6956
8632
2147
6229
1132
12076
7124
7029
10279
3019
4437
12406
10908
8612
1841
3939
11760
7248
1544
7921
11773
6666
10038
10102
12584
4977
8040
4765
2679
583
3396
5581
3317
6393
987
8696
10637
4181
11203
12876
1264
5111
2269
724
5670
3725
7915
2337
8663
1996
7815
7778
3347
11172
9037
8968
2575
9062
2082
1613
993
5797
4028
4758
11819
12453
955
12282
5302
11986
11190
5471
649
8392
9799
12730
3944
5561
5912
3410
5457
73
8553
9519
12381
4996
4887
11543
3966
11982
2378
10620
10868
8801
3439
5473
8248
8732
6999
3780
10338
1162
10801
9018
1640
11119
11568
9297
7357
12573
616
1699
2757
977
12084
7314
989
7427
7229
12247
2027
1788
10067
4827
5936
8351
7097
1137
4920
2724
10311
12930
8914
6849
11736
6396
10838
10349
9779
3632
34
2176
1632
5780
6994
9156
12310
7334
1143
10717
4755
12067
9094
6702
9275
10521
9360
9299
11606
7486
9571
6691
1502
11236
4558
9053
12430
11309
3394
10301
12712
11494
2783
3142
10588
10451
9534
3924
5226
1633
1637
198
12837
9152
436
2946
12593
11719
5582
1218
9285
8067
1894
12929
3130
3967
11671
6903
8528
12237
5203
12870
6937
12973
609
5052
838
10623
5095
3479
4792
1370
9195
12518
9886
6743
5452
2355
10116
12705
5865
12148
7852
12861
2069
97
781
12389
6788
1557
9960
11250
1296
3762
11374
6011
10506
4118
7098
8015
10350
3422
2443
12811
1135
6134
7093
12776
2470
4990
11163
11057
7534
12701
1308
6497
8247
8864
4968
5493
12988
5925
3593
8672
9641
362
7998
4134
11067
10035
7180
8010
1694
7195
11510
180
8324
4021
8961
12138
8605
11848
11459
2375
6628
11480
11188
11547
8943
10615
10657
10134
4309
4463
7590
3653
5949
974
12838
9226
7674
11501
3311
8390
1252
8022
3883
648
3332
12408
5018
7672
12851
12035
2067
11415
9996
2993
11310
6802
11350
9688
12279
9866
11626
2183
7676
8244
2196
9518
8921
8021
8741
10922
4031
5673
12054
12901
10587
12305
4187
1821
10391
7557
1884
7552
214
12532
2662
12119
2949
11179
7420
9911
4027
6241
3722
11590
10862
667
2465
8393
7137
11153
11097
5860
485
8743
2909
664
11864
12633
12867
2307
1704
5024
7618
7595
7823
8821
1987
9760
9427
8705
12334
647
5386
5228
4568
6439
313
4138
3536
747
4797
5242
2627
1352
2148
4418
9149
12746
3406
3519
8143
2372
308
9029
12695
4699
9735
9063
4928
6338
8466
9324
7737
12567
10119
7578
7286
8529
6744
7744
2240
11602
4935
2340
3646
13000
11184
7059
6251
8936
12874
7453
4412
7319
12064
3655
4549
9559
3369
9089
6103
3287
12472
6879
7434
234
9653
6890
7525
2389
2530
2808
9038
3145
2787
11742
1238
8932
11301
1112
1906
9626
4104
9215
12266
10662
4240
6987
6887
10397
1405
7907
8631
2189
12896
3329
10392
5708
255
938
2738
3658
9566
1420
7468
6174
12243
12102
7274
10601
8047
1740
12878
7430
10463
1600
3508
5469
4117
1340
4903
5847
11174
7106
4225
508
12269
12738
924
12339
847
2282
2894
9128
10089
239
10551
10022
10439
675
1597
410
3259
4349
491
1175
2467
12566
6622
7900
2731
9538
3153
11744
3823
11033
8866
3686
1221
11950
2854
1816
403
2653
1423
2916
6293
8449
6447
4570
12150
11307
3897
640
25
6939
6760
7080
9224
5808
3838
6128
928
10229
9495
12378
1611
11406
6797
12884
7710
11891
2965
4771
6828
3783
8789
10195
6775
12032
8352
10993
11664
7806
12000
5309
6168
7639
11575
5332
6144
9967
11220
3025
6003
10638
6166
1648
3464
9928
12361
11885
11938
1191
4025
11248
9339
7724
1530
52
11502
2873
6566
1921
8942
7917
6507
8259
1257
1181
6643
9582
716
952
466
10950
6259
4762
1471
9336
1617
1569
9499
5240
4694
3385
5572
9415
9127
10653
2987
2222
1588
3794
4174
9337
5215
4102
12357
5832
8485
3644
12392
2950
2746
1562
10525
4065
6555
823
11620
11661
10482
7564
10892
11614
11019
3289
2339
8525
9528
10738
2795
8419
12303
11984
10852
477
3940
10094
5724
2360
11790
6234
6656
6789
7820
9665
3028
11699
2804
3193
8712
2979
2574
577
697
9950
3739
12174
12117
10483
9340
662
10263
4888
12404
9413
7743
2856
5166
6046
4196
8301
8901
8558
839
8752
6528
5230
12124
11279
7048
4216
4281
1050
8514
2126
2221
3443
9239
2178
8546
3531
4828
2338
12131
5002
334
4450
8255
9459
5360
4726
10999
3862
5100
918
1013
11046
1504
12171
783
7169
7379
5923
6189
9422
1051
12219
8665
6801
4234
5489
12713
9593
8645
10019
3195
5140
2659
8773
3434
10797
7487
3093
11657
5091
11168
12694
9579
6625
8620
3058
6417
2915
9022
11656
5867
2247
12788
4369
11972
7188
5852
4210
12944
4886
10129
304
5305
6131
10553
458
9199
8018
3928
2639
11044
10166
8585
2853
10265
6289
8004
8429
9030
6164
6186
10140
8388
8133
1407
7653
6376
550
11932
9428
595
1121
12795
11689
9212
10630
507
1799
1599
279
11995
8690
2650
6997
911
8941
39
9636
110
3881
4820
3229
5544
7167
9220
11106
9248
7629
12494
9265
8305
10664
9574
7518
12842
5337
7228
3622
9770
2341
10949
6806
11690
12398
10449
7995
11613
9498
1778
9740
3095
3000
7754
8212
8822
8880
6514
1606
159
3485
755
1664
499
4339
3486
1312
178
8617
11852
5898
9496
8952
1379
947
11360
1106
6706
5393
7513
4482
11667
8626
7558
7696
7161
11322
281
10665
9402
10023
12475
3633
12927
9881
597
11975
5651
1533
8012
5318
9213
11476
10304
11150
1378
8134
5978
4962
8122
12639
4706
3231
5355
3152
2481
10071
10951
2923
7833
915
12072
6855
11355
4736
3389
1481
9592
3789
6366
299
12026
4470
3192
3090
10800
11439
7384
257
80
2089
12441
8885
2220
12902
6693
1948
3245
9026
12294
1113
3255
2084
6157
5429
11321
12847
8089
12338
1747
8649
3511
10888
11725
9021
3474
12540
6944
4222
8325
1862
12562
3785
10427
12103
10754
11793
10903
1142
8793
7880
4382
10683
5371
2116
5737
3075
1572
9363
5686
10117
8258
9513
12791
2498
10877
8401
6317
769
6269
12679
11013
12635
2261
9371
6653
11001
3693
2959
10541
925
10584
2502
6904
12487
4239
142
10875
5377
11624
9775
3522
1564
2519
11500
12375
12447
10347
771
7716
75
10039
8309
3481
1929
5845
3060
10007
10515
2455
1899
1409
12351
574
6553
2083
5679
5268
3932
10546
497
6800
5058
450
6264
10844
9894
8311
4877
9356
8905
10641
12517
5535
1983
3707
11337
5961
7245
10668
6781
3003
30
455
7985
2505
8755
3978
4374
10461
9925
2573
2312
5506
10050
2435
339
11738
8777
1750
10107
2404
766
1178
819
11563
6792
10494
275
4116
330
6674
2356
1476
4773
3594
7246
5958
6546
2588
3587
5214
8289
4587
6720
8694
1591
3401
2840
11400
6165
7979
2458
10234
6233
10695
5147
11326
12185
12271
4849
8560
9694
6510
2656
4360
126
1876
1023
2235
9049
9389
7807
2761
9796
6727
6521
1706
10274
2599
3207
2657
11968
4172
7303
211
8687
3114
11518
9728
5459
4577
916
12777
1418
10403
1454
10771
7065
1537
11605
5905
167
5727
10465
8234
1276
11994
1612
120
10133
927
4805
1281
8127
8634
4406
4856
9438
1261
228
95
10576
9208
6311
4142
12304
2439
3477
8893
12581
4786
712
12868
2806
7247
10059
1330
4625
11876
9050
10295
8436
10315
9355
3029
5637
1371
4341
12355
6124
3677
166
3227
10605
3591
873
1680
7346
11877
12803
8998
9431
1641
11784
5644
6327
1367
5820
9936
156
12106
441
12603
6199
559
6422
11266
2562
9743
10788
12665
361
7646
5041
11769
7458
2963
3499
3138
9416
4821
12823
1043
8076
1456
12263
7299
10199
7014
7701
12524
12671
12669
1602
8986
8069
1291
1441
5020
9025
2779
11565
12087
11992
4915
3645
3268
8536
179
1970
11107
1406
2868
11482
12519
395
1500
6162
7717
3888
11882
10880
8231
8284
10700
2680
12427
4484
11946
8638
4979
5376
6520
5104
5088
4815
11315
11386
8673
5407
881
12604
9298
4496
12192
11741
10586
8299
1066
11875
7164
7457
9529
8652
1475
6167
9596
5835
4913
5595
4880
10052
7031
12377
5303
9387
10756
4452
6464
9745
3097
4335
8809
3468
12268
7772
12495
1116
3589
1173
3637
2390
2512
11398
3708
2725
8065
5256
10975
7011
11541
12169
10787
4584
3098
4180
5333
12796
358
5620
5615
6836
4689
215
656
9309
562
2370
4429
7464
10944
11332
8456
2095
7542
12275
590
4987
12063
8722
11288
7185
2419
5702
10268
5586
3426
9251
8813
1495
11319
5798
825
2861
4060
10741
5349
7940
5633
3809
5412
3904
8964
238
3951
2388
5793
1101
603
67
12069
5830
9004
4005
2536
8519
4654
11384
5709
6231
11631
503
3129
2430
6101
4317
9872
1346
5044
100
8330
3879
10858
1439
6899
10345
4347
4237
7057
8169
2632
8635
4072
10046
3820
12022
7325
6907
3833
2401
6780
1256
4804
1326
654
10049
3325
7404
11129
5611
4112
4409
7742
3574
161
9346
2088
10360
12920
8087
7929
2061
6630
10938
9938
7831
519
3887
5665
12761
108
10424
348
10183
606
7540
12723
731
8671
1414
9054
10014
8981
12057
11214
1385
12449
8462
11261
958
9856
1623
3614
11622
1139
5162
4153
10512
4788
4681
11271
11453
8042
3494
11623
1658
1243
2933
151
341
11850
6479
4430
6633
9323
1859
9123
6220
295
10148
8138
11141
2497
1433
9943
3547
9635
1097
4628
2085
1235
8894
8951
10165
8844
1656
13002
9724
968
11985
1161
4332
9096
9137
6596
851
7502
7927
399
1244
1575
3786
713
11964
12043
10861
18
2232
10467
8666
868
3775
3730
2091
3828
10026
10155
9145
7135
5000
12366
1489
11536
1290
1959
8014
12744
9262
4565
10147
3705
3746
8622
9288
999
11385
2064
7482
10847
5812
8017
425
3877
983
5169
10705
8647
11991
891
11919
4548
3333
8727
8482
3177
9449
1791
11753
737
7218
3687
9949
6244
10231
10097
9412
6794
12425
307
5249
8912
10390
12786
3826
2005
3241
11320
8292
6042
3619
6581
4883
11151
5294
3411
12971
12911
9782
4626
6181
3729
11456
11461
9104
4555
3170
9638
1005
8182
4721
4540
2142
5174
10708
6102
10565
8963
4929
7389
5678
8323
7052
4375
406
2531
5338
1293
10680
11379
4288
4107
4379
10028
7473
258
5390
4666
6837
11529
10442
1472
1155
7870
5474
1503
8573
6948
2233
10611
9671
1064
1242
8118
1020
188
5577
5138
13010
0
12816
2579
6639
6715
8667
3371
1705
2674
8977
4048
1463
9249
6951
1018
708
3735
5068
8579
12845
3512
2991
4462
5804
4232
9016
5094
5083
3355
12122
9034
287
9844
7369
12700
12800
35
9733
10484
47
998
5513
5612
1593
893
5026
11442
5436
11169
8267
11176
7443
5805
8473
723
4013
11630
12457
3537
165
4435
6678
9845
3557
2838
9283
3248
7126
3459
4310
5283
6195
5427
4229
3099
10650
8193
612
10716
6824
9238
1225
3768
7885
2937
7992
9905
2608
8639
7510
1077
12762
505
3250
1967
8918
5292
10760
5742
7670
11873
1514
10490
6026
5135
1823
5926
920
5791
3331
1729
9754
1275
1610
2153
1052
1843
10432
6949
906
4908
673
10408
4864
8508
8606
1466
1442
9698
2104
12621
8684
6732
7273
5443
2943
12505
7492
7376
4286
400
4704
9884
7327
2459
8370
4279
12348
8698
6335
10006
10270
4899
7253
11540
9822
5463
4018
1282
11869
8802
5187
1931
1746
10414
3640
9769
10224
431
8909
6043
9477
1078
1692
9365
8439
11077
9366
3469
3864
8581
10643
4833
8410
8794
6421
3301
11341
3796
6557
10115
2424
7239
9488
7223
9588
10883
1329
11715
5866
4010
582
11979
9469
3804
8736
6809
4984
439
6365
9008
226
9879
4190
11517
9656
7506
10084
10373
87
518
7841
12895
4502
12945
3620
991
8037
5685
9503
12012
4218
132
2495
2138
9984
6430
12682
10687
11405
1427
190
10423
7368
6891
3885
12407
4434
4662
11874
1838
11197
4328
2545
6758
182
9675
636
12756
10189
2926
2620
8556
3672
4843
7878
4709
7062
12242
6516
9114
1465
3566
8158
9722
12836
12890
2476
9702
11474
12234
12405
4944
4297
6680
1488
5246
12170
8221
7181
3040
2204
4151
8889
3080
11183
8081
6371
5013
5560
442
11758
11531
10778
4085
1919
6299
4831
9980
1192
11486
1395
7490
4224
5528
10671
347
1759
1382
12350
10384
2479
11224
2992
8489
3036
3880
3712
4004
8406
10042
6496
11906
11152
4677
11342
818
11237
8455
6896
6494
9763
8307
1125
7257
2209
1480
2564
9873
12683
1108
8123
798
9951
535
316
4563
5687
5385
12743
7220
4738
8820
1639
1474
6384
8576
779
6377
1167
1040
3737
8757
11366
6381
2989
6035
10395
11023
512
3045
11564
5698
6283
8235
2881
11532
2644
7909
174
8117
5750
9033
2684
3981
7730
8131
12203
6808
21
12977
6373
10005
1942
12211
10889
10275
7926
3868
11327
9375
119
7331
12042
11888
10602
12157
2739
7163
381
3467
5654
6698
1563
568
2284
5084
8795
6337
10083
6465
2428
10520
4950
4895
622
7957
6068
7537
11628
11021
5480
10106
7087
10276
2236
12161
10791
3578
3854
260
6140
6651
6215
11632
9808
9629
9968
6357
12914
1726
10747
10241
10766
9305
7036
3278
4516
7242
271
4871
8859
7306
3408
951
1844
8205
1698
6649
6185
9790
6598
3175
2709
5446
3483
11004
3457
1681
7925
5252
11829
1523
4244
9798
3308
10748
10149
9542
10834
3767
11296
5589
12037
10207
1369
12547
1772
3421
177
833
12597
5202
7766
2978
8239
251
4052
11364
2702
6007
10131
235
8407
4863
7120
12924
10471
4893
3689
4030
3534
4632
7119
8278
13003
2999
6380
12382
125
10317
2281
9472
7752
1607
7883
11063
10759
6523
9618
1916
619
2944
8218
1701
9757
5743
12163
7600
5328
7381
12550
3678
5235
11637
12443
7467
9092
8915
10837
10322
8204
1176
903
1399
9794
3001
921
200
3362
2628
8651
722
8159
10939
11562
8664
956
11967
7130
3183
12115
10086
10609
6281
1009
3505
7144
3068
5875
5768
7234
11516
1797
5271
1249
5927
3795
8625
4873
11722
11092
6745
4195
11003
12822
3815
9940
7383
9223
7611
8020
12025
3977
10823
10699
9877
3334
12645
12137
2387
9504
7663
9509
2045
4541
9734
9681
580
2345
10111
2602
3437
6319
12270
3118
12940
484
5594
11071
12450
2371
276
2830
9367
7178
1254
8762
9264
11958
581
1219
7263
1543
9893
10339
919
9451
12804
3172
10061
5341
4735
8717
7893
2110
5648
5099
11020
8627
11217
12936
11127
787
5487
8394
9400
3388
6592
12390
11638
4745
4693
8414
11165
9171
157
4307
9376
1288
10898
9669
5785
12609
4274
1130
7190
2613
8416
8995
3282
8200
236
6402
2694
1410
2009
10827
10784
10215
4772
6505
5760
801
7309
2956
4394
3416
7933
12354
10636
11960
6154
7955
2770
7769
3738
9271
11961
145
1174
11732
853
4861
7503
1230
10527
12432
11173
3889
12
1271
5297
564
11522
12062
6565
10619
10120
12672
4641
2258
3602
6920
1646
9837
8425
2749
9737
5170
8783
6048
2097
6782
2111
6145
5123
9555
2557
3529
2137
6587
728
1777
735
11947
9716
10425
1589
7983
8516
1451
8709
9466
5540
2226
8426
4512
3488
3953
5063
11808
5259
2813
7707
10324
2886
11270
1067
6476
11280
2308
973
9344
7740
10500
9944
3571
7978
2847
7109
5161
7073
7617
2321
10004
3987
3246
10090
5280
8007
12104
11100
11108
7147
6908
9270
12249
2826
11283
11388
4538
10021
7409
2703
12434
3050
802
4292
3187
9058
2267
9294
11000
1294
4090
4362
7051
12909
4275
7189
9230
12186
2044
4399
4322
4173
6459
10548
4553
2948
163
10264
4757
3199
3226
10529
2524
10258
7527
8828
246
8708
7798
9789
3956
10743
10294
12905
12809
8849
11045
6983
1616
7474
3461
775
3542
6339
3601
10805
8362
10909
12939
10001
2396
11851
7873
6473
7007
9602
11162
5627
3595
12093
10502
3208
7472
1805
6146
11604
240
3857
3596
140
3053
9703
5411
4212
5023
11823
10379
6554
10965
6549
12273
7960
4206
9146
12810
11996
3827
10285
1933
7868
5549
10793
5077
4878
5537
7822
2033
1408
4474
6600
7358
6034
12564
473
9080
9148
45
8601
594
11693
48
2961
3552
9680
11199
4534
5839
4247
3648
9081
5960
7176
12782
2107
2263
3761
12239
11933
5190
10978
3432
10906
4911
4486
1486
5575
3812
4042
5703
1157
9464
9411
6191
10613
12864
907
831
5038
905
329
10902
6708
2381
5692
10445
12283
3220
2407
7531
4022
5896
2880
1391
4938
10104
10101
816
12215
8591
6085
10079
4753
3629
631
3517
12574
8701
10720
4848
12802
10457
1027
9051
7647
4164
2919
9829
8382
1753
12530
3133
11109
8616
3983
8135
2423
11235
4914
621
8630
7865
5843
2012
1065
7511
3256
8662
7645
6106
4583
9102
5073
8249
2968
2200
12321
6910
1770
5206
5097
757
7038
6227
11242
6971
9086
9541
9207
1485
3656
8993
12830
3335
4796
4076
12461
5321
3514
824
5485
6076
7231
12372
2870
10706
4046
2769
5992
7020
5574
3113
5010
12175
4135
264
3784
2184
4468
12134
5160
5029
7494
4114
6150
10070
5638
3769
3041
9880
1635
28
6211
9634
6595
6493
8750
1733
8092
11677
7216
11421
7481
6931
8904
5833
2015
9979
10196
5629
11924
12774
1136
5437
11718
5016
10091
10663
5874
9169
2526
7432
6270
49
445
7666
9231
4186
8746
8884
3525
5935
12570
3131
11663
10288
2726
10739
8869
1186
7463
6040
434
6754
7102
27
4749
1152
1994
5362
8996
9692
5739
988
6925
5494
6119
10362
3740
1417
1270
849
1965
3328
7616
8924
4930
3863
8758
5199
1320
1299
12073
6265
8994
8437
12086
7993
11566
2475
2912
509
5456
11942
7139
8931
7501
8175
465
7539
2177
4207
605
878
10887
9590
1551
9954
12747
12658
2540
9693
10735
680
2858
5098
6031
5330
9278
1141
1905
2048
4473
1907
6568
2723
3920
11762
10762
8178
6853
205
11369
12608
11132
12360
6350
12473
5761
7905
1413
4438
2621
10640
8297
7944
1582
9736
112
1855
2715
5043
658
9572
3373
12165
1297
9296
12423
8543
5153
7372
2595
12856
10287
3871
717
1676
12277
12070
3710
2852
1547
9473
11390
2996
2354
7793
6030
10346
1653
6204
12132
12958
1359
586
1605
11449
1941
6345
7918
4220
8368
950
5129
1109
8835
8721
6707
5369
8224
7679
8748
6221
5736
6719
10433
608
6861
1825
12553
6870
8179
10987
8371
12490
11581
2331
7160
11692
11395
7846
8979
3841
11206
4069
2532
4305
1622
11050
8515
40
4933
11752
617
4188
8023
77
2112
10496
5870
9731
3558
5570
8245
1017
7932
1459
10820
8027
6052
11445
9243
16
9306
11290
602
3210
3507
1042
9927
14
2865
5363
6690
2905
122
7499
2268
12789
2872
8513
2051
11344
3202
7899
8771
1083
5729
2359
7441
1268
9795
12881
6710
7013
12950
2831
7360
835
5734
10915
8592
2343
2047
8796
3358
11776
11218
3417
10953
5514
949
5563
2871
2552
10984
5694
978
8988
2879
6717
4768
4451
2689
2357
5423
5334
12531
5985
11028
3718
10751
8933
2707
1782
36
10685
12418
11789
7278
4554
480
9255
12036
6213
7037
9338
3503
506
1773
380
3673
10248
6178
3647
11843
5721
322
2472
10988
5632
2190
3258
4986
11712
7047
4015
2332
398
4942
3721
4391
5799
1536
5413
4670
2272
10394
4410
5995
5944
11779
730
1930
9664
6716
3921
1642
10499
1115
351
7821
5159
203
8059
3764
4802
6312
2260
7667
6320
1518
5008
10772
158
6298
7294
2777
327
3085
3995
9766
7250
12128
1215
12538
7507
5499
6857
3431
3991
1096
2508
7070
1625
12437
5359
6047
12559
9462
11745
2925
3344
11139
1831
8871
7556
8734
12011
11317
5118
1754
4725
8215
11726
2954
2898
8268
12840
8254
12641
1584
3204
12098
7876
6721
4904
2296
11761
3993
8070
6428
5116
7560
8503
7112
2416
528
8444
6529
8566
12590
1195
3515
11755
2000
1239
10912
1185
6300
1205
254
7344
426
1891
1105
4514
12120
2758
7988
11312
3530
4481
12960
309
5754
8341
4261
11451
985
9988
4047
1072
11027
5382
9712
11915
9785
3847
468
12978
9315
7624
12740
12691
427
1337
7842
7626
6200
3023
8280
2623
6978
4314
9446
5144
3723
12217
8549
11922
6018
10308
2708
6399
8767
1714
8776
12771
3972
7105
1008
12048
6401
8346
1129
1236
525
6972
191
1999
7086
3158
3166
3091
9956
803
3497
6884
4189
5066
9705
10113
5080
3999
954
7150
6530
8792
373
4769
2815
5295
4529
10673
7547
6115
10719
7575
12422
11285
651
2114
2577
3285
2105
7875
8868
7636
9403
7536
5931
12569
1968
11336
6820
7862
3565
4177
10829
1794
5484
12420
6965
5675
3948
4336
2245
10980
4415
3611
462
9300
181
10321
6450
7656
7206
744
7738
8149
5209
12696
10300
11180
10382
7550
10799
12703
9043
10404
710
4303
6097
7861
11993
3631
6197
3307
11136
693
10947
12224
3943
865
785
326
7643
8359
10440
11011
9900
6069
4053
5696
8848
11981
8111
7745
7241
8711
8451
3919
3124
377
1431
5534
10011
11535
10960
3661
10206
147
3052
5868
5962
7785
770
11422
11672
3223
10698
11786
7964
6
12429
9396
5165
9391
8457
5186
2462
2825
7649
1792
9953
3148
3621
4033
1037
994
9211
2630
5886
252
7016
1743
9140
43
5158
782
7948
5848
6705
12799
12248
8163
7192
4193
11409
1133
10656
9118
7583
5125
8428
11243
6343
4364
3393
272
7896
4859
6852
10733
10813
6032
12514
8786
10660
3155
5243
2011
10841
6740
393
806
5567
4469
7879
10532
1818
10032
10790
2451
9002
4800
2922
11035
3083
10825
4269
764
11419
4907
1864
4605
11659
10994
3528
1430
12904
11245
1304
584
2100
4155
13005
4865
7276
12393
8140
9419
9194
4949
3343
8121
5858
2210
11401
448
4515
6572
4852
10072
6351
10161
4390
6816
5131
3073
9926
1193
7774
11464
6341
8097
11603
10297
7342
1879
8772
2108
11381
7803
5239
2629
10567
3671
8661
2743
8897
2324
10918
8078
8369
453
6768
3664
6918
2935
2902
4358
800
7589
1090
451
8119
6022
6096
8226
10271
2022
7488
6810
10566
11202
611
3224
2379
2823
5825
8973
12921
340
4228
10358
7767
11921
8737
6541
4607
5109
8861
2735
2039
2655
10387
5101
1621
5517
7030
2970
7761
9849
9409
3649
10200
259
10848
972
11223
2042
7318
3043
12455
9986
2098
3855
1033
2049
5188
12820
9353
12506
8837
10948
7673
2029
6799
3875
2228
9989
12710
1839
9434
1652
4125
12907
5128
860
5050
11470
10916
5037
5074
107
2927
5578
4813
1343
8852
2874
7621
10697
3449
3297
6014
7947
6057
5007
4894
8442
11935
6765
5763
5419
6491
810
7977
8282
11902
331
6976
9162
4824
10598
5299
117
11240
1751
7755
12734
10927
8873
1666
5553
8680
7063
3112
4023
7151
10934
364
3111
635
3471
5693
9987
10286
8496
6534
3414
2966
6905
5550
5384
1170
3368
5701
10839
3711
7235
8799
11115
4646
837
2418
12143
209
12529
9074
11448
6247
8381
12918
8093
9440
12333
11857
11615
12300
2605
9325
2875
600
4241
3613
3004
5219
1765
11126
3341
9217
12324
128
289
1429
3853
4631
6655
8699
12702
6584
1946
1682
5464
1361
665
3012
12497
10093
1387
9350
6149
1741
12491
3720
1419
5974
7338
7686
3463
10435
3122
2892
104
2598
9267
5588
591
11452
10539
46
11014
5566
4400
6661
4795
5325
4372
12052
7149
2729
9175
5596
10225
3781
2890
6209
10817
12082
11673
6183
10243
11746
6991
8184
4082
4763
12176
12315
4988
3211
6451
408
1811
6783
2234
9647
11688
889
4128
3510
3472
2023
3691
5740
11373
1319
12855
6898
1949
3668
8086
12513
5241
799
10412
9726
3230
9341
4490
7930
12083
1871
2166
5449
8171
2217
8534
8720
6089
9282
10983
10464
11273
6098
8542
6692
8584
4747
10326
10507
2319
8472
601
8196
9591
11329
9649
12650
12536
12610
3986
6125
12644
9991
4551
5893
1159
10989
10731
12591
12704
8263
2018
153
10992
9216
6831
7919
10211
1687
6935
1541
4729
4337
10299
11806
890
9164
383
81
1262
2786
1394
7142
6606
1665
3082
11465
8980
2973
11681
9155
12594
4616
4687
3700
7872
1071
1011
2350
10159
8318
5775
9598
7008
5844
12290
2717
1525
2548
7367
5664
10214
6071
5900
8438
12680
3808
9818
12511
1044
280
8657
4552
4742
11695
1227
7757
11160
9078
8628
10863
629
12638
9625
4006
866
3638
11267
12657
10020
3257
10130
418
12296
7394
10581
7514
9973
4594
10369
414
7330
1520
6171
5151
4245
12362
11926
11430
5831
11143
3137
3339
914
10054
1325
301
5005
1209
1725
6637
3386
4009
4423
12091
1301
2043
7526
7484
12065
8523
2094
6161
8929
11678
3663
7209
13006
2128
11881
9126
9241
4946
11971
641
12125
7881
8531
7658
607
345
776
2180
12709
8174
10237
12090
7884
1069
8409
5375
11054
3907
269
8328
6480
11588
12806
5483
5718
372
3018
8364
12798
10957
2716
1577
1977
5774
5424
8046
6212
5178
12028
4885
4701
11491
8029
4591
4733
5492
12923
7864
6713
1478
6703
3378
10416
6750
9990
3312
8188
10849
1819
11634
9384
10233
7115
7010
11412
5110
4808
852
3322
6254
6433
7275
5706
12307
9372
10407
11281
11298
5618
12780
4377
12554
12616
10121
8264
11051
8223
5933
10996
8679
8467
6249
12474
12906
2101
1206
9041
5172
7489
8055
12259
12863
501
1925
5300
4542
9284
9272
11880
12990
11148
8435
12834
10603
9637
7437
2539
11559
10589
8646
6573
5672
6268
4957
6353
11034
9245
12634
7043
9310
5969
5800
11747
699
9895
11424
12189
197
4136
11585
6414
9648
11323
7439
3151
9600
11049
3559
12684
6588
7480
12184
12535
4739
3679
5676
11966
1272
2174
12681
8878
4613
9854
9520
8403
9423
6689
2640
5344
12352
9576
10764
12431
5707
7067
6044
3667
8785
3442
11144
5559
5213
11193
9778
429
11058
11479
470
6309
10855
12061
366
10830
6159
944
4280
492
2335
9493
12039
6547
7040
3699
4103
1338
3586
11686
6646
685
12544
2024
10047
5122
8319
4776
7640
6764
5014
9253
2215
4916
2899
2683
4050
3384
9085
3284
3272
12983
9966
9801
4982
10411
7121
1990
4874
9261
9578
12326
5462
1284
964
12384
6669
8615
12512
6889
12575
12556
12485
2695
6875
7949
8345
9861
10891
4302
10386
9042
9178
5932
3146
11090
10647
4740
4539
3580
3235
5669
365
4158
12932
113
9105
1737
3702
6652
12663
12394
5293
2893
10485
9870
10259
6403
4881
10967
5509
4260
4870
5854
8810
11584
10715
11871
11215
11074
9697
1830
294
10354
4535
9723
7145
12717
12999
5984
6147
11458
4659
942
9825
11161
12139
6490
3526
10682
12230
3465
12302
4236
12196
92
8373
11801
12818
2431
1107
4157
11429
4024
2690
7855
8431
2651
8272
4992
4851
2560
11085
7943
796
4606
720
9604
11795
6778
1556
6619
3545
7173
6950
10139
11895
705
9187
11244
1224
2155
7262
7435
5587
12943
5245
7099
9040
8343
10210
41
7128
11904
11259
6748
9616
5551
11607
2001
1722
1309
89
5717
3370
12187
3453
3749
5981
5639
2534
9848
8199
11976
11367
2589
5051
8992
11645
12692
4408
12766
5398
7023
9124
4830
386
3504
1524
26
6515
1512
10421
4835
1237
4569
2773
12216
354
4702
1993
1421
1695
11561
962
6511
10976
1684
1774
4012
4166
9972
8833
9180
5952
12191
103
5064
10010
10737
10962
1972
6073
5728
7134
6832
1426
9071
6481
12130
10154
763
4436
12546
4041
10060
12528
8882
2414
3319
10599
10900
8526
12781
2036
6387
12003
12034
7281
4038
11833
3803
12005
9121
11293
2711
1576
3374
10749
7153
10819
1976
3745
8150
8928
4991
8075
5758
5508
10282
1775
11998
12281
12173
9014
12578
3680
9774
10208
7962
691
7269
11272
9758
7889
8877
6485
5558
12985
51
12313
12577
12879
4089
3049
1651
2373
11612
9159
12226
1341
3861
1199
6730
3415
7475
4020
6358
1817
7524
9173
1342
4964
4320
4143
1594
9652
3926
8136
10746
2801
6709
9257
7719
12371
3962
11911
7230
5625
4354
5009
4756
6158
12758
10378
12942
11345
570
12370
2936
10583
12179
8966
9678
1696
9501
9277
12109
2391
6397
4639
7627
4014
8742
8594
5177
3314
12094
3159
4760
5732
10884
9382
10158
11802
1240
9036
8415
4997
8770
5356
2814
8068
11674
10475
5179
5571
2788
3191
7773
6308
9508
4809
9327
4194
2117
237
6367
2066
6844
4921
10430
490
12589
1501
7
2427
4780
12236
101
1851
11609
10593
7431
9793
1376
9550
210
5529
10226
6460
10608
8090
10954
10753
1893
1832
8038
8130
5680
4359
4876
6105
8404
10473
9912
1947
12722
7549
5352
12210
2732
12886
1470
4647
4722
5730
8808
1166
4533
1887
5771
1723
5033
9065
750
12477
9099
7000
10684
2382
8926
9120
12280
12873
6489
6290
12996
5796
6392
7655
11070
10522
10051
11542
6839
4872
11378
1546
3846
4131
2610
8308
292
4323
11316
8782
8481
642
2568
4761
10235
10696
6527
5264
9784
8274
7477
12956
1046
7045
11702
336
6850
3015
7198
4396
4839
8744
6779
8707
6958
3829
3806
8399
2514
4067
5231
1089
10064
10448
1259
3858
8202
4040
10281
5475
10492
12986
8398
5853
791
10972
6477
11467
6328
3206
6469
5713
12220
1516
2720
9266
5281
4564
1836
625
9304
4597
7323
8940
9055
12356
8290
12267
5735
6246
930
7055
12444
6763
12023
10103
6871
10517
9732
12149
5329
10197
8688
11083
4845
1389
11826
8561
5652
6807
12498
885
12582
10538
1793
11209
10794
2342
2756
4055
7697
5657
11338
2819
1300
8874
3830
9857
8153
8101
9717
2967
2131
8186
5096
10826
3992
1202
1902
3433
12466
9370
2477
7114
9335
845
37
8499
11178
556
8129
7222
9720
9181
5636
10780
9507
3212
3237
6282
4567
8146
4068
114
3685
2616
8387
1255
7839
1769
5143
7942
1158
4672
7882
8565
2059
3990
12726
10456
10600
244
4439
9209
11740
1647
1188
2438
1980
1910
10438
6272
1434
3704
10977
6840
732
706
8761
8683
10334
1010
2612
8780
7863
12033
4397
679
1519
2550
6675
815
6446
7466
6090
8934
1988
5067
12805
5955
1749
10905
8906
6263
4978
6631
7922
12899
7908
9575
1245
1989
9166
2422
7429
4123
1936
1954
11572
11675
9437
12471
8702
2710
11910
4402
10146
2287
2192
8551
10998
2747
4661
759
7118
8331
2259
4276
282
11598
5414
10400
3346
12101
3298
11513
4075
9497
12105
7290
5889
5882
8686
2647
1760
3643
6342
1548
4685
7110
7268
3980
9624
5994
5298
2237
5599
3657
8430
8316
8682
2021
1560
10017
5841
7082
6478
941
4497
3618
2692
10721
12141
111
11460
10575
9515
9448
689
9892
5697
6739
8257
9457
11434
9112
1889
2118
11771
12877
11407
5660
5975
12500
8654
7725
1761
9141
11952
10710
3581
5515
8266
12367
12154
12214
9797
4579
6009
3839
11155
11241
10931
8363
7648
6415
7136
11635
2304
9307
4100
5046
11079
596
2368
2402
8132
8109
4999
971
11665
4079
8969
4961
3088
7179
3850
11300
1273
2218
9869
7714
4487
939
10917
10973
4383
8261
10491
4129
3213
6762
5269
4571
8385
9695
7391
2188
522
9699
11889
6413
1024
11639
5148
797
7307
8582
7747
12068
8344
7780
4789
3813
6962
9749
2901
9035
4620
7417
1469
3684
12327
9791
10818
6302
9214
4105
9676
4588
10406
4202
2323
71
6654
11039
8991
6323
8294
8379
2523
12126
1609
1798
660
5711
3872
3572
794
7602
9132
4511
5142
9556
11546
1146
3969
7748
6804
5536
10804
7386
1038
5273
10776
12753
6819
4044
7450
12078
9981
2122
7858
8313
9658
6927
5568
6893
9781
297
7270
10554
3500
3109
4444
3937
11618
2533
5690
3520
886
11121
4854
11473
5154
10127
10579
7354
1739
12767
7731
6407
6355
1969
9010
5772
4832
7680
5965
325
2561
3747
2998
8080
5532
2152
8735
12772
11225
310
4891
12984
9101
12160
201
6811
5224
11362
204
10856
9244
11122
9609
1079
5267
11788
4191
7530
1820
729
8923
3797
5751
2080
5035
4794
11576
24
9468
9274
1555
11713
11820
3597
5490
9176
11710
10907
4417
2700
3706
3128
5399
6360
217
3605
2782
12557
3900
6356
12571
12486
11646
10796
3771
9260
3626
4759
2518
9901
874
7938
5662
6881
13011
12917
6471
6242
5012
10846
172
1058
5523
5895
6061
419
8155
9945
1211
8124
2792
1956
11528
11697
8237
5381
1246
11810
12292
10658
11728
5863
2768
11557
1150
4295
4192
6155
8102
5282
1538
6295
2603
11611
6445
3173
5078
7543
3802
9730
10725
2807
4306
7005
12615
4971
3044
626
9835
3931
9487
12965
1074
11908
1840
7471
12164
7817
9992
2054
6285
3150
5285
8424
12459
3286
12400
6055
5053
4975
11552
11860
1795
9490
9918
10612
5953
9995
4836
9183
8803
10228
2198
1216
1727
12675
2149
141
1559
11901
109
11253
10885
6028
10937
9813
1004
11066
11069
12111
10328
10591
12188
2425
1710
11287
7138
2805
3551
12144
3592
8141
11706
10348
8656
2701
4650
227
5380
12007
3376
7397
11914
7796
11239
2611
4695
2910
11318
8983
11685
809
3564
11277
6862
8243
4598
6398
12014
9256
7559
10182
681
11868
6004
12049
8329
10510
5546
9276
7053
12050
2982
7504
1827
11937
64
10202
1398
2678
7790
8168
5580
2972
2125
286
2687
10174
2666
10795
2134
2070
241
11061
3100
3106
5011
2712
8678
7951
5460
1510
7811
5453
4981
2164
11733
3963
11260
9882
9425
6072
10808
10337
10678
69
7814
10108
10961
6449
9530
9443
9965
8922
9093
6900
3249
8083
8386
2671
5769
5659
6966
1703
9545
10446
4508
3318
9347
9858
8544
6340
10979
8207
4420
740
5850
7371
6683
529
10679
2241
1119
8510
6776
8836
9206
131
9106
10247
10866
5498
9935
6130
11859
11783
12481
4781
7387
7476
6210
11558
9003
12953
2053
5001
4321
5501
8571
6650
7355
7832
10777
5445
2895
841
6325
7423
6100
9103
4432
6535
11683
8060
11025
8298
2730
9561
2649
5081
2636
6623
1554
2450
9586
7339
10036
7952
1545
8587
6677
6169
6718
143
12598
5448
6438
8775
9240
12335
10031
4056
11304
11055
10773
6946
3568
3598
4368
6567
11166
3296
9839
1323
632
10252
1526
6425
150
5963
3617
5842
4179
10493
2317
9150
10556
2693
4165
5930
4674
1568
7221
1966
10073
1318
8240
7902
7410
2441
8468
11862
4480
7200
9970
9611
1697
12284
1228
11555
4078
9548
2276
1848
5788
91
6370
6544
7765
6761
4405
11809
8854
12013
9709
1713
1006
10087
1234
11043
6512
11679
5308
953
7631
12285
5623
9902
7226
3087
3736
11640
11177
2132
5392
4388
3982
6192
5441
8989
12768
7657
8863
4842
11676
1110
11717
4775
1735
11775
6284
784
12261
7297
5773
8658
332
9109
9476
9711
2256
707
1402
12254
10755
7726
9200
7291
9929
1087
3240
1631
2596
12716
3748
1583
7775
6885
3973
374
1203
7018
10452
2463
12399
604
409
11104
5714
11579
11704
650
9399
2007
7644
3254
8954
10380
4208
11903
7395
7923
10302
10429
1494
384
8052
11767
1618
7125
134
9500
3509
12922
670
1002
1366
4057
1814
3584
7204
9867
4421
5133
867
11038
5137
599
2774
6487
10291
10099
9812
9898
3636
659
1212
6443
6532
2820
9815
1781
11411
4026
11651
6307
12031
1373
8054
11018
7505
6036
2553
2913
2490
7496
1025
11268
6753
789
9773
10296
6735
9963
12044
3034
10757
1673
7892
8840
7856
9122
537
4081
2698
6989
1786
1269
727
1194
1513
745
4811
1497
6110
11484
946
5815
12792
2446
333
8019
7711
6431
11099
5988
3603
5070
1220
2493
5605
684
12515
9196
8550
11192
2280
232
5980
4649
2219
1619
8784
9514
5491
1670
11159
8225
6593
3964
12602
842
9210
9119
558
323
6013
10370
997
6525
11787
4226
11980
7340
1508
6834
10634
2144
9076
8250
3756
2065
12678
3936
3818
8276
12209
8463
1762
6148
1123
10191
11212
11533
6190
12759
10552
8198
12915
6818
3974
208
6714
12690
11918
6503
11068
8302
6594
6829
11595
7255
5417
5040
9373
11292
1940
10266
2328
1957
12085
7733
931
10864
9982
12585
9492
2566
8164
11723
3363
2283
123
2528
376
8291
1644
4296
5232
6077
2624
4622
6930
12885
5753
2173
9934
2951
8545
1436
3359
3665
5861
10144
5455
6276
5784
10055
8725
6954
9862
1449
657
1438
10726
5897
6728
9234
4643
5236
3869
2604
9976
2952
9131
2544
6531
6559
11970
1292
7187
517
4392
8927
3348
1328
2849
3198
4407
12030
3874
11836
6968
7117
9079
8008
10016
7746
8860
8950
7642
11578
72
8623
6462
3776
8804
7264
9281
7706
2521
4507
6288
4203
8185
1217
1886
5881
7390
6275
7802
12320
6074
711
3165
12207
7551
9280
1620
3218
11037
5062
12912
8342
8400
8857
12183
8183
1561
1258
9662
630
8555
6795
9942
10752
9614
9
11944
875
6429
3692
7233
6267
3102
7258
5827
5920
7623
899
12539
11929
1336
3714
6916
479
12525
6986
12865
9546
5564
7407
1571
7375
10169
5112
8045
4096
7483
6961
12244
7694
5072
6172
618
2227
10974
2607
5006
10511
10273
521
8524
3164
6086
9252
12235
6065
5879
4498
10136
9573
8233
11708
4061
8890
10249
4471
8326
3239
6230
3901
2020
12721
3979
10836
5467
12097
4826
5641
2601
13001
5057
8533
12666
186
10714
489
10874
4686
8288
5200
482
6724
1982
3238
5284
4506
11088
12112
2930
12844
4466
8208
4900
7976
6672
3338
10940
3186
5837
4001
1397
10470
5238
1688
5323
7322
9684
5576
7101
9151
3541
9177
1411
5511
12961
11357
6868
9321
8703
7442
850
6697
3662
11022
1035
9138
9426
6099
7849
545
6864
5120
3609
2572
2754
7635
9708
2133
1971
2115
830
8763
8099
934
9343
1305
11377
2869
7183
1566
9193
11392
5234
4395
10118
9218
6362
5087
5661
12975
6659
10320
5141
4884
12121
7809
2496
3824
11252
11182
12386
420
476
7871
4817
3081
8883
8788
7345
3375
6375
54
10765
3263
5404
10585
530
9190
573
7462
6712
1897
6434
2397
11198
6551
10341
10352
2527
646
3787
11095
3757
2719
10415
2223
432
10204
10325
5924
221
5481
5818
1927
8417
6394
4149
3753
5524
192
3676
350
888
1892
176
2199
1911
8641
7428
9919
10985
2093
8916
2969
4283
8339
761
10340
5902
2400
6892
7638
8613
4016
8001
444
9461
7813
7613
4346
5527
2078
1738
961
4419
6982
5019
6662
6472
11772
6929
7529
10865
5966
1149
5340
12402
4278
12379
5770
2780
882
9777
5954
6084
12685
846
7877
10135
9913
7328
11766
7712
3754
5420
1579
11219
10481
5454
7316
1660
524
3893
4002
11511
6830
3470
11158
7965
9510
10298
6173
7365
3299
8578
12442
1961
2529
12509
3958
11234
2714
5569
447
8759
146
8925
2169
11349
6863
6152
4958
848
1443
861
9153
9962
7100
12433
11828
11463
10277
2167
12741
6704
945
12601
12480
11861
6093
12133
2625
10376
12548
2318
6404
3628
5251
7953
9463
7665
4531
4819
7651
7584
6518
5946
7565
3480
1332
2833
2781
6679
2154
4472
8779
5387
4609
3216
1958
6922
9909
6236
5045
11803
8847
12751
4167
8619
10845
3912
7448
9302
6010
10278
10604
8201
1824
9303
8450
3513
3279
4897
4954
1490
2124
4256
513
3046
8853
5119
6424
11308
3493
9631
438
10920
10806
12668
7232
5114
173
7284
12358
8013
12764
4683
8520
10045
7826
7444
1992
698
820
8271
4994
9394
464
2353
1028
1505
7412
4111
5591
10516
2974
8564
1728
12841
1
2127
4197
2349
6877
5968
6945
5289
9410
1311
6979
8653
3310
2501
4509
4784
7916
11157
11887
5194
4330
12452
5584
5216
10969
1865
11493
9082
9470
10319
3670
3456
5255
8967
8365
527
7152
10372
6113
10580
9031
2278
9454
6869
12419
6998
2660
4230
3251
11149
10105
7240
8831
1742
371
11700
2981
33
483
4457
790
5939
2755
2796
11313
10002
1803
4777
9268
1549
8850
11854
2648
1114
1187
5817
2213
3117
6203
11324
7148
5180
7405
3078
7563
4875
10831
2386
9805
6777
2614
7662
5597
10236
2541
1856
8902
5496
10327
3760
1380
5183
6924
8756
8970
8574
10688
12470
11796
7522
7123
4728
12038
5458
11883
7079
10809
3110
12848
3550
7445
11521
3934
6054
9739
6499
11709
2887
7681
840
5176
5733
4066
7282
5505
3842
6548
2250
7312
421
9827
10564
4058
624
5794
10873
6597
11668
1435
10344
6304
10444
8120
7279
10854
12177
12661
7072
10220
6287
8314
8073
4110
4634
5015
2092
12521
11943
7359
4503
8984
5822
3326
7687
2273
10141
4513
9430
11580
11782
3188
8367
4754
10401
6286
10426
5079
3929
11375
10610
12714
6533
8151
8460
1985
4389
8031
7652
11135
2664
5103
10124
12412
12760
11515
5350
3772
5810
2745
2298
12501
7546
6932
486
5198
8405
3798
2398
8033
3265
3911
3352
1339
2775
8978
9577
3651
8548
960
11289
5617
12246
12365
11830
12008
12146
5465
6206
9707
6041
2361
4201
6882
11164
10943
5093
10592
2938
3878
3321
4097
1241
3169
5313
12448
1878
3666
11371
12391
11863
6860
3782
4130
2440
12572
12274
12733
6876
9874
7406
270
12337
1124
11959
11798
2203
10803
8570
343
1709
11527
12001
9421
5723
743
12004
9139
12857
7789
748
11899
8608
2330
12289
4304
11189
9855
2175
168
1975
2593
12891
8283
7017
4363
6665
10774
4519
1736
4348
2863
1663
3185
3424
10895
8320
5167
12565
614
4627
7609
12299
1745
3516
8824
7869
10057
7414
6258
12648
9290
10409
8091
12935
3367
9959
6771
3935
4003
1473
11930
4298
2832
1012
11956
6482
10616
4456
12889
7478
10781
11884
11041
3791
11550
4152
3840
8930
2010
2109
3701
2302
4976
11509
12785
11081
3430
8420
9826
11687
1800
4692
4120
1062
8749
4257
7723
11396
11716
12995
12053
10398
10152
6334
12647
8378
6560
11210
2123
4355
870
639
2444
6564
12660
576
5071
10990
1914
3654
6138
12255
9630
8154
11042
1634
5695
3407
1890
6266
8842
12336
1790
2139
9027
10257
6008
243
1153
9351
3460
4008
12343
10437
12852
3502
8911
10142
9771
7904
8332
5156
7990
1863
5105
12228
10622
7438
5647
11792
4431
9551
2231
8876
9888
9083
8713
1883
2592
5416
6324
3167
11437
11247
2760
8030
12749
3309
11963
8971
6280
5075
11
12991
12262
10205
5069
8227
8356
1063
10629
9937
8765
2817
10945
7677
6616
10074
773
12287
4285
3873
11907
11666
9946
2161
3336
10009
10314
12060
1826
5108
10879
9108
11694
4465
12451
242
4054
11835
4313
6542
936
3538
12993
5418
2383
10396
10569
5345
10649
4205
6827
4106
7866
6153
6787
7577
3716
9752
12492
11768
9263
3817
10405
5938
5185
4602
2535
11508
11945
10100
6731
9585
5811
7201
1102
6092
7352
230
940
9627
1592
10941
9172
2928
3575
8043
551
10261
11435
4965
3303
4059
3610
5887
7980
3372
4308
8636
5430
5748
10871
443
7400
4838
9899
8192
10919
5317
6239
3475
10894
5909
5227
8478
3178
12642
929
6812
10923
4779
6841
5585
2028
12698
7460
9772
8262
1974
7689
3970
7838
12688
4941
1521
4562
8219
9482
3805
12079
2551
910
11134
1857
11348
8454
6408
4557
4007
11633
8148
8469
11764
7165
1388
6137
11962
12687
3462
10675
5610
2384
5704
2976
11730
6463
3695
9322
96
11093
8465
4918
1627
412
8380
12607
2581
7026
7816
5157
2046
1626
4837
6960
2038
3694
12790
7154
804
9903
9750
6067
2158
12359
7705
1715
8206
10872
5320
8251
352
11842
3590
11075
10878
7633
2586
703
10213
8057
1693
9661
2113
4660
12190
1171
11927
4505
1896
8372
6278
12369
4748
9802
12724
9455
7049
5428
5139
277
6970
7768
3946
822
8846
291
8222
3203
1650
9292
1222
4251
1662
2289
11257
6608
1298
7734
3890
9191
5655
6456
5991
4612
2914
4273
4268
12908
6513
7455
8704
7827
5291
6175
9005
6880
11591
3845
12438
8858
4652
6648
5590
8614
5557
7528
10062
11893
7984
9420
10509
6729
10686
11017
6814
1962
11145
8366
3799
8167
6647
9852
8281
1347
8397
5622
11096
116
6037
9650
7576
10008
4403
6580
11560
4574
7039
12871
1404
6492
9768
10167
7859
9408
7364
7321
1815
2504
8327
11171
11778
7650
3988
4801
11056
11701
12779
10970
11325
7708
6364
7308
4879
78
7424
3035
6252
12916
2713
2569
10932
11387
11211
12676
4301
1306
2162
10981
8035
6225
10667
3320
3788
11951
3482
11856
11534
318
10479
4578
10030
3882
5056
9225
3763
3544
3409
4154
2583
772
11065
2156
9429
4676
1904
683
502
7700
11754
31
7078
8293
12099
4091
5583
5668
8098
10742
4035
6025
9013
9994
3527
4467
9621
9135
8296
6796
3423
9660
3523
6988
5263
6329
11353
11413
8486
5036
10333
8418
5987
10033
8197
7289
11226
6368
1492
6605
10644
563
7433
1054
11977
12168
11917
6121
2850
5408
6243
5347
6911
3361
5970
3996
828
1867
1251
184
11735
3606
10085
2311
718
694
10476
10853
10447
7795
10417
8349
7159
3214
1802
42
12875
12113
10669
3201
10734
2654
9295
472
11571
8072
8552
9320
8476
2587
2214
8990
10418
1924
3955
10260
2211
10000
1531
5593
12832
5859
2262
10964
4573
719
3650
5928
7061
9924
2705
5876
9401
4517
4926
1766
10280
405
1903
12411
10080
5942
661
2292
8965
894
11389
6303
7197
2506
1888
4215
2193
10173
4581
4691
3006
11600
2537
4896
9129
7182
1354
10881
10822
11397
8939
6363
12981
5182
3161
1669
9685
1783
8347
2764
4324
1353
9850
9687
9333
1156
3696
2225
396
7628
7440
8920
8817
10137
9480
8160
4485
7698
5022
11837
2182
11900
10428
12888
3615
10655
8599
10536
5656
5003
7373
9674
10037
306
12949
7715
9012
3914
1145
1253
12636
11131
10635
6614
4284
6437
1595
6389
4039
12653
9312
9160
10802
11805
9494
12135
10126
11361
877
8016
3675
8830
714
638
10305
6379
3998
7720
5828
3121
7280
8025
1322
5316
3816
4844
1437
12478
4806
8569
9091
10331
2947
12202
11372
137
5565
12892
10519
2864
7333
10335
2642
9489
155
8427
6610
4182
2238
7500
11567
2789
5059
7975
5518
9622
6111
12900
7302
10420
6751
2181
12706
9095
3533
11821
4955
9859
7954
7292
6913
5288
3162
4422
6755
3535
645
1084
10986
5021
9182
11573
9505
10003
10543
7452
2286
8315
5060
10034
6039
4011
1898
3115
11091
1842
3194
1900
2408
12066
5964
11233
1498
6583
11408
11282
4825
9659
8959
2130
10632
6470
7402
9833
4717
6980
8900
6467
826
11711
1316
10176
2737
5054
3156
6382
4716
5916
8085
7594
12969
10041
12045
11498
10711
871
314
12421
5115
1122
12074
9654
273
8895
3013
11417
9907
311
4604
9170
6333
3899
9385
4518
3790
3750
11999
3549
5106
857
6752
8214
5982
8157
7857
4144
11351
8474
6909
2165
9607
11186
7224
6733
3179
6207
6228
6006
9696
129
9828
8999
4595
12558
11898
10474
5516
9157
7111
12728
7288
10833
3792
6969
11696
5901
9395
8563
1075
10217
6002
8074
9113
5857
5175
1226
3961
3354
926
12537
3244
3217
2290
9851
6218
1808
461
212
9189
2252
9941
9540
3954
4367
9838
139
8898
267
11076
7660
8217
2003
12748
9011
10560
12551
8471
4448
11649
7544
8220
1953
2326
9075
324
5715
8670
3290
2964
10356
1585
2800
5450
6902
6474
10744
9701
7356
8506
6058
5883
8956
7022
4909
79
6670
3232
12797
10763
4684
7770
11839
4300
6237
9258
4862
10761
3577
5749
12041
9558
7824
7587
10065
5562
11363
12346
5192
12629
9553
704
8675
5602
3752
11258
10618
11423
10024
8260
4629
1908
12233
9061
8729
1721
224
7320
50
8896
3176
5658
11756
220
1286
4868
7393
10184
5004
6064
8938
12071
2811
1184
3327
6574
8787
3351
1374
4036
5929
10617
8026
8766
12417
957
4743
12415
2008
7699
5504
6562
10450
11954
2483
1532
7844
4580
3247
9871
4640
8170
2920
12957
7967
394
9100
6187
428
610
9841
8453
9651
11653
8066
12611
2904
300
1076
4064
687
1163
6316
7538
10882
7982
1991
9069
8693
4823
5132
5440
7332
4636
7703
467
2058
5422
6938
5348
10914
1874
5621
8238
10534
6126
1424
3127
5218
8064
11047
2803
1700
11195
5741
5779
12839
7553
5635
5746
3436
10092
2896
5065
4718
702
4137
11983
4
196
1920
5150
11249
290
1598
4311
3233
2515
7920
6952
7096
11763
9147
10075
12673
8495
11794
3066
4235
6798
1200
3189
5937
12483
4667
4133
765
8350
11849
10284
4966
1403
5726
11841
1659
1080
1809
1712
10359
2306
1960
7776
1348
7963
6611
4939
7493
5482
1182
3965
6188
1302
10290
9744
9753
488
6894
1804
12784
4145
692
12436
677
9939
1425
4648
3096
2026
11352
5767
1196
4520
7244
12948
4287
2014
6959
10230
8907
3612
7265
10542
262
11824
4898
1003
1702
5500
4983
751
3758
10526
8747
1963
4932
6361
6917
3599
9447
11254
4499
5410
6441
12649
11447
7310
6297
9544
7254
10590
3014
1263
5915
106
12919
3420
90
7088
7781
7392
8084
3546
3579
4700
1509
3834
7566
542
11128
1655
1638
6160
195
2030
3930
7961
12464
12954
10561
10255
7260
2932
9348
788
8960
5525
11475
1356
7041
7456
7301
12552
10946
11503
10469
2457
5630
5374
8295
12027
8139
5312
8568
7337
4582
440
2197
4858
12955
9377
11016
9718
4356
8512
4993
7981
7006
8738
6219
9889
1880
2751
9646
5548
4272
8216
9914
4575
1432
12729
2004
12317
8974
5354
10179
1587
2955
11507
6973
666
511
2635
2279
7259
11813
1834
3585
5806
12017
12750
10069
10316
135
474
3844
1909
8452
12376
12992
2889
11457
8535
1881
6700
12153
643
12555
4141
10537
9533
7997
2494
305
1447
2957
9144
2239
12222
11005
10489
12568
11617
696
12297
11117
12114
8892
4259
9683
58
8126
1683
6059
12278
1422
9486
3731
11030
2420
6087
738
4352
10625
6292
4956
11201
3866
2721
3960
3727
8464
10125
4074
8005
12329
12858
3067
11098
7305
8058
6502
7252
321
1767
4282
1375
12291
3455
11425
9756
6843
4537
10027
2352
2421
3007
12286
1019
1250
3405
12332
8177
1730
7732
10048
10402
8586
4290
11525
8650
6671
5699
1679
3870
11404
11062
1148
5373
3116
10218
4713
11879
11455
8348
5957
8596
2878
12424
1854
644
10181
2835
6127
293
3588
1784
896
1223
2492
4940
1630
8173
1570
2988
56
2334
57
12504
8987
11599
7143
169
9780
7897
6635
4600
6682
10597
12298
2750
10162
2677
3168
12460
6766
6526
5286
202
11263
12580
1457
5210
11432
401
7787
8357
7608
11553
7591
2500
11811
12707
3916
11383
2399
460
4461
3225
6001
6198
7348
5181
6711
9860
10323
777
11436
7958
7619
1032
12773
6607
7637
12158
5892
11684
5126
12828
11481
10486
2600
7603
6657
4727
3976
7912
1169
127
11187
4393
3957
12258
1099
12826
11393
6612
7056
4494
9610
9197
3292
387
5086
11084
9352
6112
1026
3048
12737
9517
4655
12862
9361
5782
4536
6617
7046
12479
12576
4139
2582
9001
10930
7620
10110
2958
9969
8843
10488
10824
836
554
3856
7818
11526
10399
1383
12882
7193
2931
7060
2291
2194
12454
12998
3057
3197
7202
12363
9450
3933
12719
4271
9645
1377
11988
12318
11519
5807
7834
2102
8112
11504
3270
1068
9326
6224
1528
2942
5757
510
549
2103
12563
9885
12831
4211
463
10454
5163
9357
6458
10869
10371
10966
11431
4635
2243
7215
1368
5326
7261
5643
2681
12002
1731
2362
6552
8079
5296
9398
10910
2274
12652
6773
248
12488
1208
9313
6045
4671
8137
11116
1229
11078
3458
2208
7091
1690
4521
553
9759
8082
218
7819
11111
263
6664
10674
5201
6053
2205
5606
1098
2517
9594
3440
5314
6313
9977
5470
12468
1615
5543
11890
368
6590
11495
1973
8745
9547
9342
3221
7024
4331
623
9691
6550
11650
9727
1629
11505
11940
8384
11941
8459
9020
5816
11238
12462
7064
2333
12686
2848
7495
3055
3305
6524
4266
187
514
3104
726
3959
8985
2432
4934
10514
233
996
3909
7238
3945
495
7596
7009
10361
5342
274
2594
2411
11354
353
11418
312
7177
1565
4185
7910
9958
3698
4510
5221
4912
948
3277
887
10
10704
449
302
4342
11216
12793
6873
7074
10828
1758
7066
2542
12439
10374
10606
8144
4183
12409
12736
11817
7683
10112
1289
863
454
6405
5395
6858
12252
9522
1070
3898
9330
6193
515
5433
5488
4731
6411
3101
4488
12677
3690
7630
2631
9923
7422
7610
8723
8161
9846
1001
9237
1138
3017
10870
4156
9056
11652
1926
4698
7362
8856
1279
7497
9589
10232
3607
5124
7989
538
5486
12887
767
9908
5764
12655
2626
10729
7015
9125
4675
3779
4744
12080
12612
12640
253
11333
9583
1120
8719
11059
9719
3400
7256
627
3491
5265
5663
3071
6725
879
10607
2615
1082
12970
1034
5943
457
13004
1752
4710
4098
4178
2669
5130
4289
4623
3604
10860
11781
7378
9059
11291
7690
12631
3715
1029
10570
5776
11780
328
11847
9713
932
5223
11433
3126
12859
12260
8668
2229
9163
8286
3107
10789
5378
11246
9452
1362
3428
10971
2945
4951
2634
3825
10219
2453
10383
674
3582
2762
9563
10628
10187
2798
2812
7175
11797
1232
9293
175
1036
1483
2168
2297
283
7913
10677
1534
1059
8306
11483
10614
4223
5747
2784
7634
5765
10018
4998
3600
1847
11305
4037
2002
2434
11302
3065
633
1277
3659
1357
8383
2520
355
133
7777
2866
1853
76
11800
2688
7562
1603
9009
6274
11124
9130
7614
8919
2474
4959
1095
9072
7044
8577
12251
3608
10577
10468
1866
4923
856
3819
2570
5787
9751
2728
2448
360
6466
3454
4453
5671
11923
8458
8355
7568
1677
5983
843
3744
2369
3063
44
3182
10582
11295
1467
55
1360
11086
4263
11799
6196
2367
3726
4477
5878
9821
1446
1939
8358
854
9317
3262
11827
12151
5276
2442
6423
2507
762
4969
4522
12256
523
897
4688
4803
6699
4752
682
4561
11556
10145
9721
11765
7075
2962
3925
11204
578
4653
9407
9485
2075
7122
1164
4543
5921
11391
11707
11010
7491
832
4610
5275
3357
4455
3076
5260
786
7092
6194
11103
10443
5738
346
3365
5890
213
3315
5197
12586
11331
2412
6577
7077
11831
1938
12476
975
9704
1757
11570
10462
8187
8997
4723
5803
1937
9478
10068
2489
3061
6838
8768
278
7753
11978
8539
4980
10935
7451
3837
9557
1344
5415
5447
12533
4720
2224
1197
6701
721
6848
7116
2041
4449
317
5279
8691
10501
12754
10842
8402
1711
3501
8947
7349
6874
2929
10524
12972
12232
3555
12527
7217
1590
11812
3070
4841
9715
10180
12925
5247
9439
5986
2546
6432
10157
363
10982
7845
1039
7906
10160
6575
9764
2426
1517
1365
9392
1915
2622
4550
8714
11987
8338
5278
2934
9816
6262
1287
4299
7592
6143
9143
7171
5
6688
10289
8483
3412
8210
1553
3759
4476
808
2336
65
11487
579
3038
536
10851
10015
8265
6412
2675
8088
4936
1384
3734
12951
342
2877
4948
12147
2429
5908
5634
3074
9537
5545
7436
2903
8413
5208
5090
10312
3435
5813
7756
10487
9167
2037
3302
10926
4846
10681
11770
8036
5476
3069
170
2563
1081
4630
1846
3139
3814
10212
6418
10963
1912
12894
12592
10254
6132
6613
5945
9565
10377
6216
437
385
2824
9046
5287
5624
3448
3141
9133
2488
6294
589
3306
5211
11825
3922
9523
11669
3492
1674
6029
3989
219
4524
12341
11569
2409
2810
11759
6410
3908
1092
812
2057
4478
1882
572
7315
7801
335
9516
6974
7186
8056
10672
5948
1140
1708
1201
4732
1172
10109
5891
5914
2727
11777
9964
3056
12172
61
11314
12825
2277
3228
2288
3518
12516
3140
12108
3742
5600
11750
3253
6436
2303
9930
9202
5478
780
1913
4428
2035
8541
5406
9232
9047
4663
8689
7685
7840
10633
8432
11743
11934
6080
7612
7994
3630
12374
136
1986
3429
5755
5956
2740
10318
11953
4242
11123
4445
11255
6539
739
628
4734
8475
5351
12659
4989
4413
1850
4925
12156
9184
4866
9221
7974
11358
1529
12208
8595
7353
8470
8629
5880
12623
7347
2377
1950
6109
3660
6359
10309
12541
10240
4669
1654
715
1608
11506
3766
7751
6734
9222
6833
12440
2785
3994
6122
1567
3891
6914
7848
10203
12312
7083
12380
171
12166
12414
2547
3682
8152
4690
12931
4860
6981
9116
1031
8269
9690
2294
3570
5619
5712
902
7545
4974
8353
4113
4312
1833
13007
2767
2251
7713
8829
4611
3215
154
2248
3274
12699
5947
7388
5212
575
11594
8517
4454
8077
8509
1022
5145
8190
2549
9810
4668
9670
11416
6427
1860
12020
923
5649
7025
10081
10792
3627
19
4601
5541
4357
459
9219
3356
9386
9024
7095
4822
11957
5731
2924
9039
7786
7693
13008
5609
3219
12656
5725
4495
3717
1768
4255
7515
10736
4847
3778
6081
6240
10242
12560
9623
5778
10096
2031
3770
2491
11721
11840
5191
4621
2327
11462
10216
6116
7739
1452
7970
8203
8376
12962
2073
11015
12630
1364
2255
1333
2697
5409
3072
1873
2207
9048
12819
6947
8094
3773
4585
4227
9198
7622
12835
7196
10192
4217
3144
3316
11089
4077
3642
6793
9332
2071
12314
922
4345
11586
10693
10995
10690
3291
1852
8165
6540
8505
9279
3896
296
3445
9809
1868
2300
3031
2136
12330
7042
4525
1041
3450
6088
5688
1807
9521
12622
10528
5539
6354
5396
1707
2522
4737
2230
12116
9090
541
9998
10722
8100
12140
5136
11990
6645
2617
3800
11328
7555
9460
5435
6644
11356
4696
4433
6222
5689
7485
6522
20
2665
11365
9896
2309
5918
7911
6620
4790
1934
7684
11774
6985
2141
6821
4385
12545
12596
7718
130
3269
6741
2921
4730
9368
4855
5846
11382
2191
3120
12974
12107
2062
8447
11394
415
3539
10153
4460
11757
2907
5919
2295
9853
6923
4043
3125
6083
9807
2771
5196
5640
6156
8798
5339
12979
2160
2900
3021
6314
6016
5047
8443
4447
6822
10178
2447
4384
6315
2270
8
1657
382
12123
118
11627
9847
3
11658
1895
2567
695
11094
9570
12401
8521
4029
7465
3719
12445
7295
4500
9663
4937
7194
2079
12456
3567
4291
1574
7035
4350
981
4083
7886
4198
9714
268
12046
5155
4707
7574
2275
10078
2585
1260
3975
4892
1776
8480
5134
1103
7054
9381
8518
6915
7141
5189
4714
7874
5705
12293
6136
10758
2778
9776
2609
250
7588
11490
12499
10899
10571
3143
10652
1479
11060
12654
6495
7903
8532
3403
6696
7277
2299
3086
11147
7361
2025
6301
6582
7668
11894
500
3681
6774
3064
5368
8825
9615
1496
6129
10530
10929
9511
12205
5266
12739
6668
4115
10692
1100
4270
2503
1764
1335
6601
1147
3323
587
6977
7081
10441
1763
11213
7146
9308
7605
3294
6400
8944
422
9729
6019
2050
9390
1458
8252
8557
12778
2829
8322
11146
8408
7516
10053
12201
6636
5403
9628
3123
3625
3495
10478
6912
4425
1393
4175
2106
5907
12814
8507
4547
4559
12306
2305
3884
3042
6419
4365
7313
2667
5710
6942
10786
12742
5222
8913
11346
6442
4586
2157
12605
10175
1998
10933
2145
1780
3280
1412
4767
2741
2253
3324
7174
4793
807
6051
5821
3918
10098
1601
10545
4475
10568
2668
115
7931
8724
4231
4258
12846
1049
2150
5031
6737
1944
6667
2759
1021
471
3222
11866
183
60
3556
417
5358
12620
2445
375
1849
2135
4070
8597
8445
11822
11064
10562
10694
4095
496
2558
9067
7691
9134
9599
2358
9765
6856
7140
29
7155
9165
3810
615
817
984
7162
2883
1331
10890
1310
10498
3313
9633
8310
4624
9444
2074
12055
8774
4995
1604
12019
8899
11619
6296
4545
7396
5967
5146
3950
10366
933
6576
12643
6940
5829
6151
5616
5400
10177
1527
844
7251
388
5522
12238
9747
84
10646
7854
8834
11845
7166
6545
8760
11466
2310
8096
5756
402
9017
6632
8621
746
4017
9725
688
7704
74
11036
3047
4148
6163
4642
8487
10732
1675
1350
12496
10138
1355
5996
5840
8851
9405
2016
8886
7569
2699
6509
5824
9947
2821
8285
543
12059
8962
11286
12325
2793
9605
11974
4092
7341
8189
2006
12715
6385
2146
5885
1542
7418
3236
9560
2591
8108
9536
4592
5531
869
9999
6842
990
7535
3473
7764
8145
7050
3002
4426
9672
11230
7771
6878
2216
7741
9158
2513
11264
9068
2576
8321
534
2320
9087
1204
7625
5343
9657
9910
5225
11335
5906
7107
10886
1445
2676
12347
4381
9388
1935
2571
8228
12212
6133
6348
6416
12812
12625
2170
8246
1835
2827
935
1381
11705
12331
2985
1586
319
10434
1144
2983
12129
3163
11698
6141
8891
6070
1801
10807
3010
7191
3971
557
11608
164
4770
5598
10013
2797
7461
3968
7829
4906
247
10422
12162
6444
9787
8522
10768
7891
3283
672
8340
12328
6629
3180
12257
8050
2908
2346
2555
12387
12850
725
1151
7408
2816
4378
12522
5626
10453
1732
3030
11589
10850
9931
3984
2096
12056
7034
4080
206
7385
3774
8051
12180
2763
1978
12752
8982
59
11009
10505
12193
8610
10558
2076
265
5838
3360
11804
5477
4315
1943
7830
8527
9682
6943
4778
7413
5257
2984
3906
1248
2794
778
3209
9136
9273
5389
10709
149
12223
2597
12385
6305
4319
7208
10364
4387
207
9608
10466
8870
6182
10163
12088
17
4751
12047
11427
11791
7129
12195
10707
6603
8374
12182
10544
8797
5979
2619
12040
11053
8002
12628
3876
6586
2995
8176
9287
966
2285
5207
6872
8448
4146
7721
102
3496
8590
4807
4910
4617
3399
7749
2509
11537
7498
222
3252
5554
12968
7901
547
813
10936
1278
864
5421
6056
2842
4253
6926
11269
967
10025
12319
9580
2171
634
8841
11523
6615
5388
6388
8827
5401
315
1334
5645
6033
4651
3009
6563
2543
12579
733
7131
4576
1771
3751
5055
982
6845
88
9569
1578
8607
9783
3084
11229
10455
10713
986
9023
3293
4326
3733
5819
1134
12725
10262
2918
9974
11478
2271
2151
11682
1351
9414
6484
526
4724
2466
10269
3532
494
9107
2055
4093
12503
4816
10194
2415
3915
872
3295
8494
93
10859
1060
10303
1717
4927
4265
1093
7032
2460
3848
1285
8194
2828
12689
4850
4343
1303
5311
4633
4464
2452
3059
2179
10353
5310
11167
10381
6815
7172
6117
6964
7597
12245
8434
2633
6723
7729
3793
533
3264
5849
11554
3444
4608
2565
12783
4931
8676
10201
7370
4504
2052
4596
475
1014
12507
2559
2187
8718
7335
5048
1104
709
4945
11577
8739
6217
2265
229
5425
4084
2482
66
32
10651
8812
10783
7632
4656
10151
9070
10351
3304
7996
11544
2081
5976
12963
12910
10393
8800
5959
4398
8229
6627
10810
185
5121
105
1482
4294
760
7470
5888
4344
3849
965
4214
5220
9491
5556
6823
5781
10876
11440
6135
571
11886
8063
11256
4590
6859
4441
8554
531
12469
1363
7664
11156
7606
1448
223
12720
2121
4108
2254
7572
435
10221
6066
478
6082
5950
2584
3573
7300
4443
671
2975
99
10389
10128
1875
6062
5357
8559
6170
768
3340
7682
3669
5306
6791
4045
6967
5076
390
4711
2661
5472
12395
12373
1552
2855
2366
7941
858
1086
5391
9668
3395
9955
4523
9961
10477
7366
4589
5258
11858
4176
6142
2891
5032
6517
12316
8241
6321
1964
5667
1477
2845
5856
4000
11739
4424
12667
6426
4546
6660
11727
12952
6736
12482
6060
411
5631
2837
11154
3476
6318
10227
6990
7750
9975
10343
11948
1444
6123
10458
8125
10594
5642
4127
1917
12264
3032
12240
10336
9554
4697
4599
5502
1386
4528
2469
4327
10508
5507
3079
5324
12938
6005
741
10495
5783
5173
9817
8230
6784
6895
5552
2953
11205
11175
9666
5042
3402
4099
5941
11610
2437
4970
5864
12853
8195
2742
12145
3447
1885
10991
1822
5700
8778
8354
6658
5346
7688
10267
1045
1720
416
2554
11714
9227
2578
199
3832
9269
7425
4527
3184
5934
12946
8375
6277
1030
11278
11228
8917
9887
3521
2802
2834
676
585
8498
3267
10332
7804
6369
8446
10209
1845
4199
1724
2696
3275
10357
2325
1573
12467
10533
4566
6790
11936
2765
2143
12903
9442
5082
669
11909
9380
8095
8396
8716
7853
5168
11939
7991
9362
2906
9286
2638
12435
2072
1535
1117
6537
3913
1981
4376
3205
3033
2718
9000
7293
7298
4919
9314
4889
5530
3273
2836
12606
3560
11524
9246
1506
8209
12866
4361
1280
9865
3200
9804
5438
4250
1165
12200
3020
5759
5990
11222
6409
11785
9883
5999
5205
10531
3350
6886
3836
6279
8191
1000
8593
7582
2917
6953
3404
85
2163
10843
8958
5814
1321
5195
4132
5510
2186
8580
4442
5809
6624
5684
7887
10082
11368
2257
8637
880
12502
5466
10076
7419
6223
5017
12897
