4680
983
8826
12288
6963
6273
588
8359
5439
11212
1257
655
4492
9836
12898
11000
12861
12311
4967
6805
9515
12309
12272
8909
4485
9855
2302
9354
2873
3288
5597
2911
3062
12775
9631
12902
8658
1273
1700
4233
6238
2675
6452
8362
3621
8659
5491
11208
9338
1007
11025
6579
10385
298
7855
6569
11847
9601
10031
1447
12734
9353
1299
1811
10369
4373
4791
11878
5628
8642
12549
7610
7956
3234
2129
11745
5955
12650
9271
6687
11612
9415
5254
5344
10342
818
10955
5023
4464
12631
9543
4922
5956
8975
7878
3524
6112
2355
10582
11024
5960
5775
9514
1805
8968
2341
2843
7702
10939
9528
640
12769
10136
9501
753
5940
11114
518
8367
6781
4192
10832
9606
2067
7360
193
9833
3127
1307
12089
7326
38
9695
10974
8649
6685
9482
9111
1373
1170
5648
12072
9226
6029
3902
1283
4728
3616
10004
12244
8597
11501
1272
5530
12941
3122
11414
10915
10760
589
10624
12181
9719
6347
10654
6576
2226
989
8815
4378
9702
7695
4196
1761
858
6508
8371
12131
6811
9365
10210
7946
11530
12535
489
10881
11597
7212
8855
3724
11695
5421
3485
12243
10877
9700
8376
2839
4776
6651
6925
2960
114
5512
3119
210
7342
8423
4957
7779
1523
1215
12792
5147
1453
3134
12942
1513
10140
3648
1124
9374
585
6994
4467
384
6546
7063
960
1001
4718
10897
9597
9814
12621
5497
5446
2857
11656
7463
8611
12242
8464
3041
1454
8330
4060
8215
5607
7133
6577
6588
8937
2238
11231
995
7806
9414
2348
1469
2205
5874
462
4565
3370
11471
6126
2578
11163
5875
4469
11564
4785
1128
6957
12364
7421
5520
11431
12095
5140
2258
3425
6872
12536
1266
9878
4516
8650
10132
9954
1192
6846
2760
181
1040
112
9655
5085
1132
6068
6250
4497
11672
12207
12994
1108
6070
1524
3260
6341
6536
1928
11701
9486
12869
1865
1280
646
4676
10374
7207
6440
4717
12959
12873
10505
1688
11637
2709
1238
9688
7203
5675
1396
11465
10367
8521
12934
319
1500
6395
8486
2885
10784
9720
6336
5716
9564
8542
7166
4319
7491
5893
2392
12939
3054
9253
5427
7452
292
6771
10669
2842
802
5735
1489
2201
7237
7126
3225
2565
2609
8676
2271
1247
1385
5990
7586
5857
4291
3380
2206
11080
306
6275
6905
555
9907
11553
12475
4658
7151
5394
8872
1243
4043
7276
9876
859
7033
9168
11633
7958
116
9291
12021
6261
8333
11279
6461
8674
12396
2363
1062
11953
11509
9869
8366
8705
10956
4318
7104
9906
12362
803
1057
9759
8270
4735
11834
921
2192
12349
5641
8275
10440
6999
4882
7580
5108
1177
7541
8044
6179
7071
11262
4039
1829
8600
6572
10621
2815
3281
8425
10664
11499
729
2132
10245
7891
8273
7257
9706
1955
5039
4773
1490
11891
4067
9567
12215
4213
3070
5284
7462
10907
6621
11832
10421
4863
8641
3909
9521
9434
595
6239
9526
349
7887
3089
4592
3465
776
10056
3117
12593
7324
10002
20
9648
8391
9331
2781
4179
4219
5865
11602
1277
9053
8166
7803
9536
8390
67
12403
3748
567
1160
5653
9419
7650
5451
11189
7436
11048
6696
8609
1965
7637
8959
8462
7587
375
3372
11012
2183
8680
7534
11402
5150
4474
6804
9617
6431
11587
7894
1158
8348
9647
12205
2137
2983
3282
3839
4418
1609
7559
1421
9861
716
7338
3212
5966
4617
10872
11121
3433
12748
5547
7287
12831
7407
277
7839
8703
8948
4657
7019
5834
3534
6595
1112
2126
12351
10509
7968
11884
7986
8411
7371
3457
9478
4895
2627
8512
5804
8005
4029
6024
6888
11126
11436
867
2883
4324
9239
4383
8805
12334
11450
5778
1951
1175
11853
3949
8752
4749
12595
3936
8839
9185
12232
2040
11030
4308
8283
869
7351
3677
513
10796
7334
683
2846
9087
4306
9546
3289
6196
8572
6941
9799
4094
1576
6088
8213
7843
9993
7529
10191
7639
10740
9003
4370
9769
3594
12908
4477
12852
7776
3586
12801
7254
2500
862
11646
8835
10839
12753
5099
2705
9716
12438
8741
9011
6765
10767
12587
12176
7538
23
898
8483
7426
12905
8459
12943
3766
9349
1973
10997
3018
9076
8910
284
6883
11642
6349
11582
7653
9370
5521
2658
2174
4147
5525
10809
10147
8728
8622
1327
8536
3919
2996
5168
12313
10094
8976
11874
5416
5503
7730
2791
7532
11152
6909
3812
12874
4264
6693
3446
4377
10753
6051
6025
9480
5106
3519
1586
2564
11914
1345
1557
5335
12575
4476
456
4302
8145
1294
1440
5911
7302
12049
10373
179
2361
9330
3259
6257
12808
6043
11585
9849
256
8282
3005
4981
7390
10548
7005
9035
11224
12377
4543
10539
7496
712
11968
10100
8537
11100
519
173
5762
3053
511
4915
3076
2862
9235
9936
11038
6323
7536
11136
7555
10278
12416
8831
6684
10727
8004
10728
7759
7000
12813
947
7929
5014
6309
7791
3590
7214
10660
1925
7847
4905
10290
5925
3287
8360
5041
5848
5366
12379
8315
1084
3652
7654
7512
308
5434
8242
12037
5769
4755
12418
4107
933
321
6815
481
7021
9440
2103
2537
1487
8911
752
7931
11067
558
3353
7366
11670
12052
838
2273
667
10571
6559
1494
4256
2636
12211
9287
10359
660
7612
3293
11251
2010
5944
8829
10165
12213
11780
3705
8535
10439
7183
3174
2649
4050
11814
8128
6786
7792
758
9925
11235
9675
4498
45
4293
8142
7645
10726
9060
6550
6391
11
9236
10611
534
4449
10475
1417
569
6833
419
4646
6189
8501
3103
12625
4737
8107
11647
7656
8195
10667
7061
1792
6415
5534
12253
2818
1765
9805
68
8764
10033
2589
7773
9952
1789
5291
7622
8100
1544
8825
9116
5398
689
4408
10347
3667
4721
12664
4046
6178
11130
212
12028
8697
4947
7481
2283
12315
9933
6377
7603
8889
638
9983
11925
6917
763
10785
1185
188
6743
12007
4489
10330
12451
4920
3894
1980
7047
4766
11521
12355
7164
3269
9717
8922
3773
311
8009
1402
8570
11135
12412
10656
12639
12513
5558
3219
3994
5336
9669
9203
3371
6865
11276
7853
7052
11319
6228
1102
1293
5792
10291
223
5388
5791
172
2904
10361
7093
5831
11239
3933
4321
5369
7778
8417
8047
8003
3456
11737
7374
7765
3132
3389
7083
5595
4345
7270
3395
10067
9204
2185
3244
6255
8461
2908
6317
7236
10243
3093
1502
4972
1987
2748
9326
3759
6987
5895
5271
12962
3265
131
11185
10101
7976
9600
9705
10182
2464
11648
7668
3094
12127
1779
5268
7515
22
9334
6694
8416
11361
3683
11190
10295
11495
12814
8430
6718
5998
6758
3307
2944
9114
8085
4342
11604
10301
1948
11348
12683
6478
8388
6454
6747
12712
4901
10540
2532
4582
4266
3889
10585
9746
8753
9382
12368
5160
8702
216
6932
7832
6174
9394
10801
4386
8261
11355
487
11516
1699
10198
178
6632
7991
2997
2858
1313
11601
2993
5706
7525
9487
11360
10366
1760
915
6400
1797
2986
12803
2266
3895
2641
7660
6635
6898
9194
3177
4781
622
3673
12936
1027
10319
2777
12537
9865
4994
8046
4853
4612
10602
12167
11297
1009
12682
2923
3195
4303
6827
10354
2503
3376
10828
9294
7724
4643
94
5779
5767
3833
5981
10885
12881
7598
5485
9957
6772
3802
9059
1519
5662
10372
6640
2453
2295
10541
6893
2630
6348
10078
4616
12543
3733
5889
6183
10318
11250
11406
2021
1762
10554
8901
641
5386
4848
10081
9449
10286
10321
1143
2375
3530
3975
576
12569
8939
86
9872
4771
7065
9090
7428
10493
7709
11015
334
10365
4687
3019
6039
2952
4544
5127
5614
7173
4946
10131
2048
12895
10103
3047
7341
398
10532
10859
5399
7069
9691
4968
3606
3419
34
1796
5191
3364
2659
6101
5418
10946
5575
10652
7701
12632
4368
6712
4756
12810
11999
10345
9614
3778
8564
3851
566
5468
11289
9300
10206
12597
1670
12531
2719
9967
6310
7030
9375
7495
749
4170
9988
9512
288
12910
1650
7552
7851
10670
12584
9989
663
12100
11579
5052
4376
8941
1438
4322
5324
687
4338
2823
3347
12637
6437
3976
11897
9233
6388
3509
2737
7906
1214
8180
556
5613
11858
10058
3055
4447
10896
11201
12822
1571
7978
8838
4753
8342
378
8793
463
10775
9604
1357
6995
2991
5711
2428
423
490
11327
11798
6919
11398
11093
1515
6230
5195
2662
12815
7503
5133
3038
3507
11090
11493
12078
7277
369
2933
486
11255
8742
893
11638
1632
12896
12182
6859
3149
12271
5321
4817
4400
2399
12426
11134
5721
4581
909
1876
1473
9475
11703
471
7197
3176
702
8644
12932
7646
11747
1008
4629
12071
7250
11265
2222
1499
2111
4271
3623
12615
10013
9147
5467
7076
6663
1546
2929
8311
7284
1653
6060
4095
10685
10601
11892
10005
8632
1914
3026
6510
1883
6084
11557
119
11182
5652
8147
5713
2086
7965
3488
9230
3340
8546
2740
6964
1613
43
12871
6992
1857
1478
397
10363
12463
7228
474
9711
7457
12605
5793
11555
8427
12382
7917
9832
2968
3143
6287
5440
11045
4412
12121
10289
920
5151
7158
9280
11261
12938
2856
9968
10283
12970
10066
4814
2955
12101
6873
1032
9460
12528
11085
7697
4537
8945
12966
895
10947
553
7345
1452
11916
9750
2232
1134
670
1910
10714
833
11592
427
2959
6746
4613
1895
5618
270
3300
4372
24
10087
11559
12476
3784
708
241
6574
11115
6173
11053
7870
10120
5671
7872
7132
12378
7775
6269
8543
9947
7111
3051
2343
979
2656
1885
10719
9197
12150
1037
4279
11912
9128
2645
2738
9036
10720
1456
1645
6326
8754
11822
11247
8583
8963
1521
634
6802
8032
8296
12492
2446
980
10506
11753
2388
1570
1418
8051
12289
8516
1661
10950
9623
7836
10604
7364
9089
8183
8211
8830
1094
11191
10561
7427
140
948
3799
12394
10743
3462
8615
1647
6372
4850
10913
8748
5645
11765
7114
11660
4964
10642
12951
3440
263
9918
1541
10724
5170
12392
4743
6312
7757
6159
9599
9247
637
8175
400
12646
6799
1264
9283
6490
8712
7937
5630
4149
3459
10765
3387
8138
2198
436
2404
11074
1993
8892
7607
5407
32
11724
5856
3602
5200
11019
5242
9786
12459
9791
2487
5303
6848
8522
5924
1056
9364
1813
4138
2594
6531
7721
8148
174
12956
10430
1703
6453
10931
3321
11214
5684
10849
9157
5125
10381
5830
5933
2276
12405
11699
8069
2530
7785
1599
12132
5144
12125
10566
4541
1686
10643
6731
8915
12560
8466
2948
11116
8781
6678
9464
1389
7439
6006
4615
4526
9080
12770
7469
272
11442
7243
9883
7305
10072
3304
12883
323
10483
12450
8028
5989
8604
9001
11242
117
5426
10415
7456
2449
8150
1922
7327
3584
3844
1652
11200
8926
10016
9991
7576
1315
7006
6557
7961
4087
4871
11183
1565
1405
8432
9633
10020
7333
7286
4710
1533
12043
10564
5213
9667
1748
12353
12900
7703
8343
1206
1577
12325
11050
12626
9760
12940
437
8755
3385
8628
4114
12875
5031
3012
10149
9828
10568
5948
6703
7945
8710
12386
1902
10104
110
4949
9028
13002
11173
2971
10190
8606
5582
2024
3578
10292
1183
10959
6185
10808
3610
5309
5550
2049
11075
7597
4165
11226
1475
7672
7908
6402
10214
5378
2600
7537
2525
1155
4900
12168
7112
3135
2465
12447
9676
12161
11211
7868
260
768
12713
8656
1463
1525
8638
98
11572
39
7418
11510
5102
3938
13007
3875
4622
8060
4078
9787
6330
545
603
10981
973
5095
8878
5806
799
6798
5661
12344
2666
10326
7786
13003
8025
11980
8695
9201
8073
9452
10892
3422
1697
2121
9895
9751
11434
12920
2522
11396
10595
3914
6879
10786
3416
6333
2789
2418
5719
1172
4417
7658
10449
9273
9119
2009
8387
11978
3646
2745
9530
4572
10487
4273
4570
3710
5384
7805
4562
12975
11533
12085
3865
12986
11083
6218
10225
5594
10175
5945
4892
12538
8465
11069
3692
10787
4436
9802
12992
10745
3481
993
8698
8288
11907
3728
1246
12227
2512
11838
4117
6801
8757
4030
6630
7632
1285
886
8306
1131
253
11702
257
7666
10700
1511
9453
10718
11291
12798
4715
11527
1658
2824
11390
548
3880
12452
9742
10203
3384
12953
6803
5413
9979
582
10701
10989
7329
2101
10520
681
8421
6
10045
7905
9735
4041
8884
7399
3342
11962
12474
6907
1727
4145
2925
744
7899
3245
8272
5112
11513
3392
10645
1896
2195
7782
11275
11010
11266
7897
4350
6929
1937
4716
7163
4096
6582
10903
6459
2655
11365
922
11779
13005
2199
12958
7845
5567
7793
4820
3629
10183
10237
441
8237
3928
2300
5714
7527
1591
9959
4888
649
12884
12015
4090
2795
12668
5211
7084
2178
5137
4839
346
4511
6675
6955
303
4253
5700
4298
9981
11168
12838
2746
7517
12390
9186
2275
5549
2298
2000
6573
6106
1181
11455
2851
6749
12229
6627
8331
442
9152
12839
11888
9085
7932
11236
9645
3544
1801
1286
3165
11846
3082
7539
7725
11267
1920
6568
6566
3922
4177
12338
4286
9122
7571
11678
2061
8519
4550
10570
12204
4304
11344
2041
5824
8350
11961
4460
7294
2296
1497
6725
1904
11299
4872
943
1041
12032
76
7567
6013
4960
12863
8263
8677
8072
7167
8634
3964
498
3063
6913
5673
7682
11410
9372
7357
2886
2502
11420
10921
4630
8286
8585
340
2379
526
4504
10356
2829
9853
11635
9733
12885
5116
278
9004
1832
11993
55
5546
2822
3337
2872
12331
230
4282
1205
5199
12796
4354
4940
12733
8863
4275
4045
7983
10536
12525
11605
12979
7453
2256
7669
2867
9607
5262
9412
5892
457
424
3022
8372
1415
11666
7118
11850
12901
5637
6998
6699
5003
4063
7994
2034
10834
5744
7296
9007
6065
213
5163
6750
9223
7245
8103
1692
7330
2391
3747
2319
1347
9628
9132
10150
2246
11751
2177
12816
8699
791
2792
7015
2315
5772
11904
6413
4881
2301
3755
5182
830
8475
3706
4683
3563
11606
10108
6553
4471
1924
10918
3785
3
2979
6245
2759
7772
985
8972
4261
12672
12933
9391
1596
2949
4348
4521
1282
1614
3078
10006
5986
3624
4705
8066
12689
11862
5290
1633
10499
9718
5801
9905
10771
805
8019
559
6526
5872
2074
8010
3345
6091
4501
12534
12209
1060
1133
7531
2700
10962
10712
9289
2610
2992
9887
10035
10562
7038
12833
2865
8885
3532
2785
12337
7507
10215
10816
8364
8935
3020
82
126
12985
9946
12216
9182
811
11742
12847
5608
8455
4371
8840
10733
12602
322
9739
3470
4250
2704
5786
2571
10091
2716
3128
2635
1256
2029
6486
2107
7386
6223
10731
3496
7629
2044
9621
8062
3708
4214
63
12987
8277
3737
8657
7185
2794
9642
1069
12518
5563
3303
9413
6321
6704
10633
1408
7714
7981
10898
3237
8162
2478
3033
5071
3531
2559
6299
2384
4914
3687
1963
7461
12880
8440
5100
12358
7085
8902
8398
4762
5422
9838
5281
2096
10265
11350
4053
7979
4415
6469
9948
1064
269
11618
5897
10549
11029
11280
12073
12491
3188
10524
8039
4166
3427
1956
314
12261
4586
7713
5312
4058
7674
5514
10155
5325
563
7494
5373
8518
6896
2006
9710
1845
7195
8873
7760
4897
2460
5114
6074
4465
9313
5396
7895
8776
5479
8479
5036
987
9166
7310
12588
8861
958
2159
12727
9307
2239
7925
4173
1316
2957
10110
7821
7043
12948
1907
5438
1130
8955
9497
9765
282
4422
3404
8912
1506
2934
609
7247
11340
12279
531
8079
10651
5267
1292
1400
722
3960
7625
7028
7252
5217
10167
3048
9301
5492
5864
9632
6493
2073
10747
10015
4093
8132
9527
1092
4392
2278
9587
1248
9423
9202
3548
4137
360
2694
8869
8862
11795
11746
8691
12026
13006
2153
10398
8202
412
9506
7907
621
6643
8715
4830
12254
1975
5076
12413
6026
10641
12465
3283
3579
2264
2156
7474
12277
362
5626
12455
169
2836
5018
6637
12107
5320
6562
3871
4787
2299
5930
4917
2163
6248
8610
6192
3150
6186
6080
9732
5420
9561
11640
3714
2677
2203
3814
9890
12122
7920
2961
6180
9835
6770
5280
7898
11767
11313
8856
12717
12781
11424
12585
4929
5720
4423
7392
10837
5642
425
10341
696
11880
3819
4158
2268
9422
4493
8637
9541
12301
7565
1182
2282
11785
4208
550
325
9874
7029
10683
6190
11653
2807
1234
5361
2437
11458
8746
2093
2208
9454
2334
8893
8435
3720
9457
8874
1927
7480
5599
2202
12267
2077
9474
3016
6105
5075
10069
9726
7880
6382
8913
9160
7380
9384
4150
4473
8792
8023
8252
11905
12583
1297
3858
10075
5212
9562
12731
2734
4042
538
8696
6891
2362
9468
377
12343
8770
7188
3123
3874
10777
153
3855
6986
10507
8875
2285
4722
4519
2317
2989
1787
2369
6276
10302
7960
9433
8011
9822
5455
11303
11106
11322
4141
1913
12918
5884
1742
6108
8694
7078
1267
6019
9785
9393
2797
11352
10135
6601
9058
10811
5310
1430
11382
7554
3153
12829
10142
9863
11008
11763
5878
10402
11708
12070
8528
449
9102
2139
11333
5603
6383
9788
705
6906
6732
12520
6090
11384
4919
33
2528
5270
1491
10162
10842
2488
1726
3613
5276
3679
530
248
5118
10207
12312
9690
8779
3927
10332
7838
10205
9282
9417
2553
6705
3148
10311
2847
6014
4398
8731
1969
8456
3832
8185
12707
2585
7454
7519
8539
345
11407
8967
4425
10738
888
5868
6485
2255
104
8244
7275
10927
11511
5909
10095
12928
8495
2550
3668
4033
4231
10474
9856
10923
1909
10812
607
9263
184
10889
5664
968
2710
3090
911
9712
11938
6455
6077
3279
10513
1380
10755
8469
2567
9153
9093
6474
3247
12925
90
5231
10088
2921
2742
7547
6733
12656
8579
2544
1427
19
10515
9817
8718
1554
11759
6140
2779
6262
1930
1689
12503
1563
9170
6443
10873
7606
11357
5483
2433
764
2937
11437
8262
8061
7728
11386
5089
5559
11529
9348
8104
4356
12053
996
616
6467
10788
12502
8056
6122
5846
4832
429
3308
2051
2751
5686
6110
4181
3734
5524
11896
2652
1985
6530
3788
6611
3077
3023
2678
8951
9644
6280
9542
10663
6709
8227
6111
59
5029
9801
1387
9980
8357
6656
9945
11586
7438
8136
10090
2332
1406
12758
7509
6789
9286
7546
4394
11965
12708
8769
6911
10458
3409
8109
5696
5622
1249
8265
844
465
2015
12058
3213
11970
10106
2523
5069
6768
3403
261
8596
897
12237
11060
7196
3242
5542
1386
7485
4385
12762
7971
927
1472
3461
4025
9908
5423
12736
5308
781
11964
5974
5323
2412
6605
2410
350
7516
4151
3084
1081
2120
6235
7493
5569
9065
11186
7609
10252
7365
9795
12716
3490
1730
5088
4529
6549
2579
7914
3236
10059
9040
7618
11588
3825
2237
1763
9889
10914
11548
11161
8686
3979
4742
8386
903
3655
9531
7926
5969
5185
11164
1076
3037
344
6587
10003
2654
12703
10871
4508
2307
439
679
11982
6387
1981
6519
2912
2575
9996
9373
10352
4678
11032
5109
7221
9017
1637
3622
3554
4573
3852
2443
4000
6841
2245
7817
11558
10209
12696
3888
4555
3064
3418
4365
12422
12976
2270
1755
7987
5529
10717
3196
873
2731
4549
11959
6869
10007
3487
12067
466
3087
1103
3663
11309
1649
10138
11078
1802
7150
9608
3939
2674
7761
8276
10258
10593
7824
6232
8970
4140
6234
10266
661
7591
5590
11328
12263
10246
394
74
10023
1561
10852
10062
11496
4758
692
11101
7794
7562
11793
1893
3357
1618
6876
12507
547
7325
145
7189
10810
672
3504
10431
9451
928
2104
402
1029
10938
627
9995
11621
7633
9352
4160
6118
10255
10055
6864
5776
5234
168
540
36
483
6631
3574
7238
7651
2773
7694
8307
7818
3593
4862
6085
4206
12202
9062
1971
10640
11153
1053
4414
1820
10185
1026
9043
11630
2580
5689
9951
1643
1332
4842
10650
6762
10452
2032
4999
113
8220
9260
11683
6089
3815
6668
5157
9288
1114
7367
9108
11772
133
2062
12878
9583
7282
12823
7726
3377
3096
7266
10030
5647
6754
5784
3144
8704
8006
6934
10008
8463
2191
9067
10021
2697
10967
10193
3973
7089
3467
9163
3900
9893
61
2811
3067
6311
11376
1753
7664
3540
686
3050
3848
9347
11528
950
4118
2895
12797
8645
7411
8766
6563
3890
356
5617
3932
2046
2248
4533
10706
2265
12610
231
6870
1022
2402
11089
7217
5081
6433
1950
644
1221
6292
12083
6297
5826
7781
11248
11306
7180
10500
8300
11209
5584
4727
6756
7589
12487
4788
11792
3999
11013
9916
6075
11087
1915
10433
11715
10158
8719
3542
826
9424
3716
1833
9479
8494
6047
624
8474
5869
12332
9016
11710
5871
10275
6740
7339
9771
1244
10870
7240
3159
5002
2469
10435
5970
11192
8321
3510
5024
12057
669
3131
11474
8271
12858
8608
1687
10077
10573
8482
7053
11690
4104
10244
12008
1771
1147
7309
4424
12444
3697
3808
11570
6755
3083
444
6352
704
2322
6040
1237
11689
12622
9566
12428
12184
9069
11225
9500
10830
7561
11004
4079
6570
11412
12230
211
170
5678
5093
6840
11469
12751
7026
1847
6150
4973
5965
8394
2175
53
8116
4148
4468
5228
1077
2703
11498
10173
6688
3102
845
4461
1735
1785
5033
12728
9557
7060
5223
2052
11210
237
11005
5807
6329
2380
9612
1109
12705
11644
792
3740
727
9513
4115
3042
12106
11855
2065
11341
6158
6545
4220
9167
3523
11086
7771
5490
339
8938
7854
9448
12149
1722
4491
8908
6378
4333
10478
7186
9304
5078
2250
8974
7199
7253
9525
3685
12174
9725
7032
7440
5015
10256
11956
4739
6900
3318
9741
8772
9442
8575
7826
2405
11663
11954
10734
2802
836
505
10910
7549
11808
6783
8917
4294
4195
5602
8931
8524
8210
9707
9962
4928
7300
3249
5084
10051
8847
9715
9611
2124
11789
4523
1043
5154
3215
11347
5499
10705
12690
8451
4754
11979
5734
5660
3152
3809
7927
7864
3846
8549
6072
165
11218
7888
4358
3675
5701
5025
6252
6286
7557
4130
3743
9490
6018
6578
11580
5235
7572
6769
9079
10803
12754
12086
2631
5317
7942
2432
7444
10468
3752
1695
7
348
7255
12192
10560
2926
4524
8685
5347
6739
9265
7048
9713
10297
785
7165
1514
4374
8541
4789
12117
2509
1638
6990
7381
11803
11298
523
11199
11110
433
7406
240
370
12387
4470
6184
10277
12145
4454
9629
185
4071
12477
9175
3729
12667
1780
929
2690
6137
12130
8054
12765
4979
6367
10488
12930
2262
11562
11941
7358
8441
8291
8794
9178
3294
2796
5334
8932
2798
2216
2954
12321
2817
5759
7437
10039
10619
8994
10082
2668
2186
1020
12675
1164
514
7001
1190
9494
579
11066
7928
3329
7885
9745
10181
780
4299
320
10384
9635
2419
11882
12598
9511
12977
8562
15
10589
5079
6792
3527
7020
12577
7755
2890
8544
302
4908
10574
4665
11692
937
2936
6852
8688
4514
12388
8400
3701
12335
939
5375
5519
4105
2614
357
11349
8540
1683
7774
4996
8949
7350
7066
3749
6979
7984
3108
11843
11906
3944
11055
4699
11848
5832
11659
7767
957
11887
5578
8822
4821
5837
11454
9803
619
4682
132
694
7459
9845
11277
8985
7911
3167
12156
4123
6295
11714
245
12964
580
5319
9882
4490
5777
1917
10228
2752
5879
7705
9118
1991
7935
8709
7626
8319
2714
12090
2182
329
3699
5510
11990
10737
5717
10609
4843
3454
7938
10388
7700
4484
8182
5802
6009
9682
2215
12034
4747
9582
3592
5431
9481
7729
10471
11258
4475
8193
10709
1651
9461
4305
9179
12889
96
11034
4110
5705
9942
7293
8957
8808
12773
4633
4556
2768
9664
1654
806
778
458
5216
1590
8478
6617
8860
9953
6626
2799
4061
6661
6748
10875
7869
7685
3791
1042
9022
5059
9870
11444
3480
2458
8055
8864
9761
5968
5252
8204
8880
4440
671
1104
6394
7916
714
2608
10804
6227
11974
4252
7698
2769
7187
7414
4608
5954
10126
11073
6691
11806
9061
6219
10199
8534
13000
3682
5498
1734
11607
3463
10538
3173
9209
8445
381
1222
1162
8151
9315
4008
8850
3442
201
9332
2561
1866
2310
10424
3823
7574
913
10886
12290
6131
2247
7498
11731
11957
4734
2122
2588
10723
2445
343
11387
11220
2378
11374
12640
650
2253
8693
1970
485
4695
8397
3641
9772
8670
7533
1800
2090
10692
3860
9268
5615
8253
6465
2424
2726
469
1216
3571
7892
6202
2826
779
12521
10044
12084
8088
1
4404
8254
3945
1757
9757
11040
1045
6502
3008
6063
62
5415
12671
2357
8238
12410
101
12937
5880
10375
11043
4309
2481
3831
3199
5473
403
8690
8074
3049
2889
1261
5724
7742
10197
11627
11903
3961
8511
6681
7097
4764
11942
11429
1808
1542
626
1290
3407
3438
9864
2028
9783
12014
8849
3842
9969
12655
11395
3006
5488
8442
3091
10497
5922
10455
4023
4207
1239
5300
8928
697
8580
187
1621
12567
3925
718
7412
8662
10614
3546
1422
8790
12429
7835
2727
9884
1615
10587
4062
13
258
2289
9596
4496
291
1165
12440
10756
12196
3058
1532
12761
1173
4545
1838
10627
312
9110
5250
8480
10484
4663
3940
11620
11472
12178
3393
4795
4134
10615
9150
5580
4746
10123
7100
12954
1101
8141
8780
7404
8618
8940
10208
8924
951
12252
7044
9848
5623
1667
3453
9910
8942
152
796
4230
10270
1122
10525
161
5873
1087
2279
2036
5062
11452
1070
5723
5051
6644
7499
1967
4183
7602
6738
4621
5923
2070
4127
10272
10847
11514
7012
10423
9502
12722
2373
12061
5419
2027
7510
9045
9091
3745
5785
9078
6069
664
7741
572
3383
2204
9322
8233
9086
932
10177
9380
11611
5098
10867
10127
9777
7068
10061
12082
12653
7368
940
10466
7643
5760
8684
4729
3391
8783
11944
11552
11615
557
5035
10600
795
10395
232
5866
1046
10841
8298
9662
4073
6291
7600
12087
3180
6985
494
4980
10519
3693
8647
8919
11391
2261
3141
3572
11631
7770
7140
4885
5939
4748
856
6759
10304
11952
5412
10732
5283
11744
12361
1589
4369
8858
12642
2720
72
12576
2833
11417
7727
9141
6505
8859
10890
9811
5063
2308
11995
7504
754
8027
3436
10818
9254
8038
6571
1117
9082
1625
10411
3992
12574
2501
4332
7397
2347
6537
7471
9603
1067
6049
6015
7450
6567
7723
6787
5115
9337
12002
2750
11329
12558
5915
12952
9020
1300
10552
5263
4077
6800
10954
6795
5371
5449
11994
12980
3567
243
11563
2356
12446
3822
7256
12726
8689
3455
9912
3736
12393
544
7665
7815
5928
313
9985
3335
11720
9342
12210
5732
5508
2596
1929
12342
11166
473
4738
11084
5810
12431
5322
2761
5763
6277
3428
6735
4552
1142
12670
10119
7564
10725
11304
3358
2075
9998
3786
5091
7008
12256
10980
12293
5126
1767
12911
10855
10583
5636
3363
11932
6702
1392
3039
12563
1339
5683
8086
1569
12710
7578
4457
10048
1549
6480
8789
8200
6788
12144
4258
4702
3849
11007
864
12817
2699
12458
6544
11249
2290
11668
7056
2390
11330
8214
9522
5576
5526
1842
3497
12812
11609
4070
3868
12494
4346
2236
11296
6897
9939
8122
11741
12596
6910
10467
4879
10328
365
2438
11484
7568
520
5474
7398
12603
10444
1919
386
268
464
2318
10677
6939
12294
1610
10178
11381
8811
4769
2827
4331
8389
2441
12530
9207
10713
6809
10314
1199
11009
773
118
2805
4826
5251
87
4272
2916
2320
11854
10141
1736
6498
1270
9672
9824
9097
10231
3408
3627
8571
6513
9926
3625
6342
2140
6606
3378
5048
5305
3113
11308
12484
9653
6659
4841
8624
4990
5486
2326
8999
7508
7117
691
5288
12998
6355
3669
7640
1860
9553
11245
12356
1657
4132
3568
630
1934
12957
9125
71
7124
1608
11918
10735
11881
7249
5917
3206
4014
4265
4344
9395
12611
4262
7448
8181
1018
2470
3092
9846
11590
8652
10866
4726
1816
10684
843
10350
9031
3861
5404
11438
7592
3326
12165
6048
1752
3953
4034
8775
8851
3727
7896
2543
10391
8879
9044
2685
7711
8255
10586
767
3164
11928
6001
1744
10529
2939
10355
7631
10437
1337
2854
4010
11397
5425
2806
4588
7812
0
11743
4112
7200
10893
11988
1944
4708
5129
8881
1798
12241
9131
12931
12608
6701
3570
9971
3233
6764
7822
12435
102
3264
10911
30
3013
4036
601
11872
7208
11036
7671
12903
7178
12718
2837
3109
11228
12501
11326
9649
11082
11546
3787
10694
610
1444
12677
6056
602
2888
6135
3551
11301
9083
4833
1501
8827
4242
11617
12408
3186
1877
9589
12079
11650
9483
4446
9950
1872
9008
6665
7996
11687
12169
6521
3930
2715
10296
5985
1750
407
10644
9722
7446
12076
7215
1140
11432
8844
12799
4172
2784
6044
9830
155
7108
12691
1607
7146
8076
9243
1433
3535
9540
9774
1136
7599
7798
4109
10450
1052
3636
3044
8816
1536
4547
8722
6916
11816
3346
3450
7466
10377
3027
4448
5408
4084
11658
10887
9129
5553
7121
3024
2832
6456
12019
949
4480
10390
5790
866
9333
10068
5410
6103
11485
5414
11158
3316
11490
2938
11021
12233
10781
10442
9064
12328
5886
4868
11799
108
5500
10227
10340
5887
5311
4759
10666
6012
9005
1235
8520
6031
5816
11821
8041
6894
12600
7749
6113
12059
12967
7790
1890
981
1139
5247
11556
1390
4809
584
4194
2489
9232
10043
1013
7234
12439
5178
207
1996
4698
6603
9789
1891
8986
10253
1859
6322
10057
10447
734
7258
6824
2160
7784
10579
1617
9145
11807
11823
3498
10960
8302
382
8310
5570
528
11926
3838
5828
7393
3840
542
8758
12961
5248
9694
12190
5852
11232
5259
6878
3402
6589
11288
3658
3200
7841
4636
9319
902
12266
6147
9593
3612
10741
2946
4222
7521
5921
12031
9875
9544
12194
10196
8111
9539
5798
635
11159
1378
4405
11600
5010
3398
874
10448
1360
5119
5202
12643
1824
11739
289
6256
6098
4437
7500
3191
5055
9565
10457
7317
3555
1595
3146
5543
12219
11178
6127
12432
2940
2414
10698
1912
6331
11400
6475
3330
3227
8351
1348
10018
11610
12842
9267
2586
10279
6993
5994
10306
10629
4028
5072
3896
12879
2287
9684
10782
5919
4016
8438
2646
11481
12945
1055
9295
6866
11727
2210
677
3866
11913
7130
4015
2629
189
8837
11451
10748
9915
11441
965
1622
2606
1167
3511
11176
5049
586
6284
333
1230
9839
7833
12273
9701
9704
4051
10949
1224
9290
4388
3926
10163
12137
5633
6666
1837
11693
4237
9797
8980
11037
2556
1594
1218
13004
10134
9922
2112
524
2394
3140
6862
8891
8706
9027
4518
9569
353
11102
3172
8810
6283
4037
1627
4389
12732
8256
5444
4391
2978
11035
6208
5984
10530
11052
8289
7431
8598
8777
11989
10451
6541
851
9659
4713
180
504
10569
1728
2033
11664
3804
12811
8713
7999
3161
11415
6937
5064
6253
6972
1992
4044
9047
2637
10412
4193
4509
2012
2770
10746
9357
8126
12326
10749
11243
6791
9663
10280
10331
3508
4288
10249
5997
8916
8422
9997
6206
9403
12159
9158
9651
7921
9467
1892
2590
7473
912
5517
12629
3516
10079
4076
11698
4059
8612
2863
4595
6882
6585
7194
3665
8992
12316
10281
1443
6345
1822
8833
972
3182
10060
7856
12009
10436
10922
11112
1624
1006
11696
9302
7993
9312
12923
3828
4122
5861
7211
6988
285
5493
9046
10194
7190
8098
9216
6334
10489
3883
9383
5733
9568
8308
8309
215
5301
9187
865
6027
9984
2892
4651
748
6507
6856
10676
3476
10040
11487
9737
7860
4337
11886
12981
83
2540
657
12568
5381
5817
252
2025
11154
5574
5424
4976
208
1509
11139
2013
3250
8250
1567
3202
699
11403
9327
525
389
997
7691
3369
3145
5306
4520
1034
5863
6005
11735
5592
440
10364
3801
6082
2371
6030
7708
829
3306
8219
8337
7677
3107
12228
10929
8143
4822
6863
5175
8217
7980
2573
3818
5851
3598
11453
4089
31
10729
6134
3955
199
2766
4711
6860
4360
1862
3151
4591
11271
6679
13010
10516
11071
12153
2212
3628
9548
6516
2821
4931
4625
10122
1696
6424
628
6602
2017
1335
5906
1781
1232
3982
8139
186
11140
2749
2305
12214
7318
4171
327
12899
10807
5096
3753
10454
9538
1071
7172
12246
8429
6156
1441
12302
12223
2364
7876
5805
1851
9535
12706
9210
12042
6470
3717
2754
7229
9549
611
10026
8531
6723
4604
5505
4831
11760
8627
11684
8907
3850
6509
11917
2181
3328
945
9418
10557
4560
2385
2267
3522
10496
9121
700
198
9445
1784
1846
11221
3984
1510
11825
9360
8896
2581
7144
5456
6209
12648
9126
10905
3929
8197
359
1550
7332
12723
7233
12417
8547
11295
11363
3654
2252
8036
450
5572
9934
6730
5481
482
801
7219
11830
10322
12612
5501
7582
3228
4005
4416
2878
7090
1180
5040
2440
10751
2349
12562
2368
9871
11388
4326
614
3406
8093
5518
11503
8264
7488
5788
1193
8083
8224
5833
8484
2574
3105
1770
12030
4032
3640
5916
9994
2467
7297
4276
2882
9517
7923
4144
8820
9949
11422
3723
4085
2047
11378
13008
6446
6233
2691
12098
7361
8635
12755
9081
12572
12857
3580
10121
1448
994
3413
9317
8716
12138
11537
11202
8347
2235
8497
1723
3226
5670
2008
8625
2813
5201
11983
7520
2721
12604
7940
4301
8268
5236
11873
5314
8566
4790
2471
10216
935
8561
6922
4679
7608
3957
11783
9386
10831
12
846
4775
3000
5442
11649
7175
3585
12745
2642
7082
2184
3763
9429
9134
8203
6017
12088
2814
12327
1439
7997
4101
10168
10894
914
12111
5226
8553
2128
2284
209
8447
4944
1834
183
9431
2810
11483
6761
9275
11057
9498
6481
1028
4623
2486
12508
2943
5564
421
5294
6967
9960
7479
10320
2774
4930
91
6167
2930
2808
11987
1717
9385
9221
12025
10998
5555
12982
5338
4472
8245
4317
9242
1146
2756
12235
4954
10869
5131
10991
3489
1083
148
2962
11636
4438
5533
7003
2352
293
5379
9428
8946
11713
1265
9900
9037
6551
3080
1807
1706
2698
2681
3495
4969
4937
11427
11346
12017
5255
4482
11614
12573
8095
2
6514
3339
6797
4672
4696
10170
7788
9437
10083
3820
12047
7619
5383
11764
7962
11711
10287
10130
12971
9183
7268
5631
8726
6337
2019
10351
502
3460
2324
7846
12464
726
4962
7964
8714
11142
4024
2413
2733
6274
9303
1986
2045
1799
2825
11717
2743
8118
12927
10233
8944
11603
604
10687
6162
9177
3034
1120
7385
5978
3220
29
6438
8730
7939
11934
3441
3537
9806
7193
5935
5184
872
8303
3966
7139
7912
4234
8419
3154
7244
4887
5391
4327
2899
5513
8823
12599
7435
8178
3869
12581
5666
7621
3229
6406
2089
6389
12509
1195
12055
2220
10774
12346
3348
3772
4927
1886
6586
11147
5054
48
2956
11827
11973
4274
11691
9780
8771
1370
4351
3009
9450
9613
2786
1870
1171
5681
9124
9784
12688
1874
2116
4640
12828
8105
5650
554
8323
8664
2634
12746
451
3776
4982
11151
1295
4912
1476
7505
794
11719
3194
12074
8012
1646
7402
11680
9255
6136
10544
5583
7143
8380
6716
5741
8377
6543
8584
8639
2576
12113
3193
9641
8007
218
8194
390
3573
11958
4704
591
111
8567
9070
6097
7137
6057
11613
4719
2507
5292
2344
6525
11456
10425
9470
11726
3277
3533
11430
11945
9350
10517
7556
6649
6641
11204
1827
2173
12020
7420
8206
2241
4731
8807
8361
3990
5557
10904
9660
355
12676
10144
4155
11581
7458
8499
8977
8247
5644
1704
1880
4483
10638
5166
577
8048
120
12093
7161
7290
7422
1552
2450
11252
1932
6996
9409
3601
3035
908
8231
6007
5640
2975
10972
1189
6880
7267
8110
3630
5243
12262
5654
12700
546
7034
12286
3190
1947
11985
7487
5967
1207
4478
12129
7642
11523
10407
3104
4210
4510
3709
6360
11459
7042
11525
4869
11129
11688
1377
9782
290
2679
9928
8560
5982
1209
11059
10498
870
7141
1835
9834
11373
10074
11488
4626
7092
2566
7016
12039
7783
4406
3043
2468
21
9572
156
961
3674
7780
1493
2947
7468
3255
2693
2409
5953
6842
8991
12486
6128
5902
2060
12685
11975
1308
8509
8050
9400
1983
1974
1664
2162
1710
4357
1198
11305
205
11898
11547
12913
1935
2351
11105
1721
12318
4462
7489
7530
8029
7859
12077
12719
1574
4859
7831
1003
6715
4190
12336
12609
6931
3292
1854
5433
1194
5987
532
10533
6491
5881
5870
5877
3484
7816
56
10420
3479
4152
12401
4198
6935
620
10232
8174
11922
4836
9473
4619
7801
9318
10944
7542
9917
1516
9136
12787
6102
8900
7849
10261
894
6398
3651
8616
11565
3854
2337
850
2902
7715
8500
1580
11359
10762
1351
162
262
12384
2031
6717
9018
963
3576
6379
8592
287
9100
12160
5554
8155
7102
9462
11732
2272
4102
8643
8987
10161
9897
9340
5354
10465
5604
12329
11624
7813
8899
6021
2966
4532
12155
6138
8030
7566
7259
3201
4880
12795
1540
4403
4426
5709
7802
379
13001
4925
10926
6726
5548
9619
10204
6592
5999
1620
10262
7072
6414
2429
5882
5731
11062
9740
10928
5692
459
11972
7638
6976
2224
9505
9371
3617
12282
2730
12304
1278
5722
8671
1782
8135
4844
9156
12373
12105
1916
12283
11568
5685
1419
8558
11118
9246
8186
4725
5800
6338
5390
4384
1553
10157
883
3547
10758
8877
2713
4645
2661
182
1559
7502
5327
12607
7460
11924
12853
5016
5395
8345
6426
2913
9812
279
214
2430
4857
10853
12660
3963
9407
8866
9896
8796
2227
8971
5523
11184
5358
7316
12303
1705
5606
1634
8169
8774
6169
3273
6477
6290
6081
1815
10276
8356
10409
8043
2729
3251
11213
2592
11370
9840
3859
1030
9885
297
6527
1669
12274
674
10179
6226
3857
11072
3166
3726
8332
10394
1592
5947
1465
1161
4649
11027
177
12532
5463
9143
5351
2618
5596
9405
3901
12154
7736
1527
5888
12348
4934
4007
10288
5367
6365
12221
1156
8040
1004
4068
8026
4396
658
9367
6825
9206
9938
3305
1825
10825
12347
12258
5155
12824
11998
11293
11538
109
7675
10919
4527
11599
9965
9074
1065
1446
8290
1660
411
3816
7933
11643
8120
5552
8314
9686
1933
9880
2207
1410
259
2648
9029
9677
9931
475
2084
6055
11574
4427
1716
4325
5809
7959
1677
1176
6384
877
9193
2736
7570
8443
506
11860
8507
810
2680
11241
6356
12314
2684
8989
7526
890
10050
10527
2860
5743
984
5066
1253
3424
6867
9955
8732
9033
6441
12198
12300
8727
4011
2771
11707
12544
9438
10084
10941
6165
6421
4379
2164
12627
12974
9098
12806
9279
10780
11996
837
6676
10646
6368
12441
4086
1701
9346
8294
9756
9164
1628
8956
12882
12807
11756
1680
11578
7659
52
665
2663
1714
7362
11861
7171
2869
11273
6944
3002
7647
99
9363
9358
1724
7356
6556
8124
6086
7733
4558
430
3659
5586
3324
6946
10129
10212
1449
6412
9496
1871
11629
1005
881
2973
1319
9764
11181
6385
2303
3381
12693
7588
11677
12365
5727
730
1841
11829
1474
11845
8923
5598
5478
8603
9804
8225
1898
7501
1775
849
3066
12056
54
6399
5842
8788
11787
6216
2401
6650
4720
2180
6436
6978
1788
7553
4022
3608
3029
1940
5061
8739
8221
3025
6307
8979
4315
4714
1503
5487
11014
12339
7074
3426
6328
9215
8454
3410
1324
6773
4977
1901
2624
12191
12529
10730
7704
1773
10239
4686
9499
5959
5726
4792
7430
219
4985
11314
11761
1399
3582
10655
5377
6593
1733
6690
5177
5903
1543
1352
11098
307
6079
7797
8368
12208
2313
2828
11841
8374
5401
7722
8488
11762
10686
9626
11042
10445
11460
659
698
7355
3056
9095
11445
3472
1073
2898
461
8187
10797
11947
6450
6366
10098
3014
10975
2758
11284
1504
12322
6887
8925
4458
4907
222
8962
4598
2831
2472
4837
4815
4933
1959
5651
10473
10357
783
938
10594
10813
9055
5341
12000
11416
7676
3676
1254
12179
834
7389
8533
10820
11876
5142
693
9714
197
5676
335
4225
4779
1732
12739
8167
10584
5005
508
7577
11679
10879
1416
12442
4236
7975
8954
11784
9930
7874
8988
26
3185
3271
3492
472
6083
7283
2136
11044
5148
9161
9212
2423
12389
7387
1675
4557
3168
7883
11598
280
9356
9752
27
7064
3323
9520
12533
7184
7388
8
10884
3040
2007
12737
12524
8170
8803
1467
3775
4730
10863
905
9272
2620
9697
12200
4503
10783
5141
4697
11198
9222
6439
10438
11150
2150
7866
6166
12848
6198
8226
6363
5074
9446
2365
537
2625
8096
6265
7216
8284
4382
44
7486
9958
6775
885
4479
6285
229
1470
11736
10880
6697
12763
2149
11752
8666
11155
6767
6506
1698
11909
9767
4211
4018
8235
3211
9492
8064
11219
1038
4453
7624
9199
8318
11519
5587
9112
6575
8523
9986
812
6806
5001
4026
3243
6483
12701
633
9447
6667
447
10156
2965
12699
1641
4886
12757
1350
9133
6210
1326
6500
7239
4631
2739
7861
4323
8444
5032
4732
7278
6837
4650
772
6671
4363
5841
10300
10588
9692
9336
3644
11517
11532
6300
2723
9169
11287
5429
8672
10635
12519
8514
10671
12678
5718
10695
1766
5380
5853
135
8152
3750
10097
10653
5382
5042
160
7969
10125
6851
10826
12990
12849
1002
861
9592
326
8015
852
7206
11506
8573
6116
8312
12397
6971
1317
10806
3884
12354
387
2397
2408
9155
2043
11418
12613
934
7049
2336
3081
2879
6315
5635
3867
12772
10899
1407
8621
5619
6776
10427
11865
7156
11895
6114
5038
1129
11955
12381
5972
509
6855
1887
7014
3845
11840
12307
5771
5585
8733
3951
4247
924
9744
4009
8646
3400
562
9025
5405
12841
761
7657
12489
11593
5123
5026
6722
823
11566
1036
5285
9943
2354
12687
2935
2788
4108
8492
7901
6958
7081
12747
9881
9963
10333
4459
11138
12909
6614
42
982
6205
4542
4674
3032
10213
11371
8576
685
97
11971
8867
6936
11244
2859
3240
9019
4819
5890
8990
10344
10503
8381
4654
2582
9842
6836
9420
11334
10230
11775
11022
11448
1349
12371
12556
5797
12542
3916
8538
8089
1539
2088
6050
8470
9624
1995
2593
3556
6615
552
703
7348
7679
8090
4002
9341
2100
8711
9009
5941
3843
12259
8192
9198
4921
6745
10631
12276
11076
3985
3097
2113
175
9251
11203
7149
4249
4898
6843
2411
9308
11608
9904
1000
590
3591
5356
6288
2835
11480
7528
10324
9310
9518
8157
8665
1379
9075
11824
5964
364
12791
12744
720
8114
2547
10169
10917
9120
5679
9723
12780
12177
368
10389
2569
3996
8965
8565
9868
5057
1358
1644
12663
8137
12834
5241
4536
7560
7828
3344
7620
2367
2534
11686
8035
5946
4599
1747
6369
1298
3007
4227
5541
217
5245
11504
5780
12395
10996
2755
11165
11622
3810
2396
11054
11263
49
2234
5963
12406
9073
10973
4184
723
875
5539
3910
3917
8199
3691
6144
654
6304
10901
600
5205
8578
9666
2753
7091
3847
6829
1166
11902
4989
2572
264
12065
7601
4955
5402
4661
11369
9030
1191
12495
9681
10616
1079
3552
2330
9262
3689
6634
3390
1263
10378
10229
4644
4750
383
1863
9661
3120
3632
2053
7497
2105
5193
3184
7949
7871
2917
736
8888
5350
281
6734
6145
690
7644
11520
9698
7225
9640
5295
7889
1828
3280
1341
8059
4143
9266
11535
1711
3897
9274
2475
5808
1274
12996
7746
10943
608
10829
2601
9137
7251
6599
8493
8127
8149
5332
4602
4913
8146
11426
860
1353
992
3920
2493
8230
6698
11561
371
808
2249
11111
9142
4965
1255
8773
8428
5275
2466
7115
4768
8996
2524
3790
6886
2670
10665
10608
4668
5699
12140
10617
8853
742
2026
3970
416
11463
4941
7550
12430
11367
1961
3160
10951
2990
11091
8018
6386
7972
1481
1150
12915
455
7011
12195
9192
9656
7464
12788
154
8355
10596
645
7058
969
2240
9096
12619
8450
12851
2078
2444
6580
10107
2633
4652
8426
3965
7581
2622
497
9176
2098
3588
3349
8121
8759
2143
5850
4121
9798
11131
10387
9466
2231
11216
2744
2145
7575
73
4566
6444
6950
827
12679
5566
7699
5406
1085
9643
11377
8002
8365
79
2225
28
2023
2106
8701
10049
7951
7347
2081
7943
12759
3607
11919
10160
5105
8936
6947
10358
11628
5167
4139
6785
8077
1047
8292
9504
8154
3892
9867
4456
2459
6832
9071
7825
6930
2903
4992
9903
5494
11863
7057
2830
4849
3649
4366
6064
2087
4852
9558
2780
12285
1382
1301
2987
5976
12506
8153
9602
9964
8257
4875
7120
3257
6371
5013
4590
1769
2852
10932
65
1681
8517
6622
12836
5506
2535
11794
7605
5435
1962
8328
9314
10945
8633
11259
1946
12545
5037
10798
57
10432
9743
4876
3125
4487
2563
4439
3837
10750
11797
7744
3230
12404
3853
9859
7684
8721
18
9987
8814
5134
12102
535
5904
2980
11685
9052
4866
10189
3086
10303
8336
9217
5008
6313
1153
3439
12804
452
4201
6535
10046
6332
7073
2539
5910
4260
7796
2834
7319
1367
10501
2069
1535
6254
11383
7382
9463
11018
10558
8687
5107
8744
3218
11694
6168
7009
2452
1843
8933
3981
11399
2403
8510
6099
4703
9800
1159
2801
9180
8966
7649
2494
12324
2196
12449
4891
12152
11835
4890
3100
4854
11439
12984
10463
5352
7429
2353
6729
1685
1679
4188
5466
9852
6270
10223
6393
2516
12134
5995
5601
3155
11626
5162
7948
5139
11354
8605
5022
5090
910
11507
6956
11016
2331
5080
7037
3073
639
3205
4778
9966
11464
9650
6940
4681
10790
5459
5296
4571
8846
4186
1227
7747
6343
4974
7295
7087
10282
1954
11475
7269
11394
9107
1384
10764
3878
8279
688
8278
2377
159
10486
10612
9048
11292
3702
8602
9034
3241
2861
7260
12170
11667
8729
500
7867
10555
2653
11554
9731
2309
6835
1203
11379
7673
5899
11404
1936
516
11729
8927
11801
10405
3698
6648
6892
4103
8134
6928
3765
4690
1434
9411
574
2919
2228
9913
1250
8587
10773
3268
5612
2427
12630
5991
3187
3983
445
5445
9323
12352
6548
3856
9443
6968
11149
10118
7055
6067
6980
9847
4268
12448
2782
3703
813
11479
10623
8436
12658
8806
1772
5638
999
2660
2406
6335
2999
3912
10657
3075
10597
7395
5847
12555
10218
3276
2918
9015
2286
6073
2383
12729
8995
6664
8648
6489
2102
4167
5225
476
6142
503
9729
10418
12383
4191
5302
953
820
9652
7067
3061
3059
12778
6217
4012
9615
11817
7882
10551
12133
8527
3656
8599
11773
1719
2277
976
1764
11494
8232
10679
3980
7688
5748
11470
12955
1631
3239
3314
2398
3468
12578
7204
1021
8125
12645
3757
10673
2591
11571
9909
2166
5206
8548
6737
3263
3296
10953
7492
7372
9240
10836
206
2988
1394
7384
1492
3290
7922
5774
12876
682
10681
12854
301
1461
7242
5173
11950
4047
11278
10403
234
1082
11920
10978
6373
9456
988
12789
10368
5610
2651
7652
11540
11311
242
11096
1424
11757
12559
10511
9820
7264
7662
7544
12777
8413
3368
7594
11859
10935
739
2099
2151
11522
2095
2763
2170
410
4116
2790
2085
4466
7967
8982
5264
9408
8981
527
1168
4257
2611
7875
4688
10739
2619
470
7957
7635
11986
11006
6146
10188
1774
5233
11758
11356
1560
1201
3518
10580
4923
75
3057
2169
5253
9763
7465
11272
11815
4270
2510
7593
2359
6314
2018
9297
409
5
10504
8097
10857
10895
3807
1154
2155
2083
6473
7680
651
10661
7641
3657
825
990
4998
9577
9555
6092
221
10878
7617
8087
10987
10323
8678
9432
8473
7769
4548
10200
3781
6552
560
5855
10521
6123
4120
7198
2505
8249
9580
8075
1551
4723
2257
12157
8369
9092
3052
2144
2076
4938
5755
3274
4894
4603
9252
5027
8281
7152
9106
12306
1678
2059
5535
4359
10958
7303
2306
11362
4278
2689
788
3374
6282
6584
10702
7423
5227
37
10371
3214
871
1011
7311
11500
10113
7169
10263
1548
814
5905
4154
7179
9749
1964
4320
7719
10184
10325
8418
7373
9857
3921
8574
5656
11028
8795
11411
2640
2812
11336
5289
1674
12633
3133
8747
1225
8559
1362
11300
6411
11966
5462
12800
6838
6011
4031
12310
5836
401
4113
10675
5551
5639
12454
12415
6451
3388
1630
1598
7739
3031
709
3011
6808
12907
1756
9762
6597
5952
2480
10993
8431
6203
1982
10957
8554
2816
4840
10912
3183
5073
5789
10936
11730
1737
1626
7762
4450
11551
2387
11227
8404
4662
816
2876
8117
11839
11754
3549
1033
8297
1729
11837
12855
6037
1606
12175
1016
2897
10052
1251
10260
3432
12654
4180
6612
11651
6512
11738
12809
9012
10966
10649
4638
10284
2626
4407
9139
3800
11809
5135
7712
5273
11051
12550
1852
12891
12091
4038
11046
11478
4240
2200
2887
491
7062
9792
1403
9455
4798
10628
3993
3232
3431
7110
7484
10543
5469
3597
3614
10305
1318
3412
1823
10514
5920
7569
6381
7279
3514
12128
6289
11435
4159
12634
7160
4352
10201
12644
6831
2932
4072
286
11316
3397
10219
855
11254
8832
9181
11749
70
9189
10226
10299
10313
6152
6281
9999
2557
1119
6647
12904
2901
6306
10128
7051
338
12830
2517
11230
4387
11977
6471
273
5993
11049
1941
1393
854
4865
6610
4411
9794
8287
4632
3599
11389
901
12369
9920
8504
6524
93
275
2518
5782
8626
3147
12697
6953
129
4736
12590
12220
5400
4800
4157
2425
5480
6294
5360
10792
89
4664
11813
8080
5649
4380
631
2958
8738
5164
5854
2269
919
3756
3876
1575
510
12674
4083
7273
1268
8133
12485
9368
711
533
717
4164
9821
6908
6518
192
7648
623
6517
1526
3943
8950
2775
4904
3637
9977
5980
9277
5794
10770
8791
9006
4142
1338
10254
10459
10413
6707
541
3246
7966
12592
11943
9911
69
4796
9634
3158
2671
656
2148
12024
5975
5348
10014
166
4993
4684
9039
11002
10152
2172
11307
2841
10961
337
11800
4444
10672
478
7086
3359
10861
9257
12468
12926
3367
5043
9594
12735
7988
2687
11264
12995
10637
6618
789
1157
9674
4395
7224
8228
7513
3136
3620
8123
6826
9854
6246
4916
6496
8765
12010
2536
6793
2209
5359
2214
2612
7900
1375
11338
11283
891
3987
8958
3642
4197
3913
4963
1355
418
7046
7795
247
1848
5659
741
8101
12692
11676
6721
9389
11542
12512
4393
11915
6529
11935
8052
3118
4027
12546
1202
819
1049
8102
7343
10599
5827
11122
315
4567
2838
8409
6191
12472
3405
4126
10028
7041
8568
9523
6472
6742
5799
8329
3275
4419
6427
6677
11712
8588
2022
7131
5949
2366
1369
3500
12624
501
2407
11991
9351
4763
1374
3322
4647
12479
5219
2304
6403
4341
10034
2260
11061
8619
7518
10703
8557
7752
782
7442
5203
1810
2382
2161
9191
6104
2706
9256
6624
11788
12245
529
5477
235
2463
11123
10827
137
918
100
12203
6918
5765
3643
3566
2529
6952
11616
7930
12092
1233
11144
7379
7323
5758
10976
9324
10992
11128
396
1659
7827
438
10307
2615
2880
6609
11595
8171
5565
196
12066
10360
3565
840
4780
6724
5362
7314
1048
9638
2868
6236
612
1451
12946
2864
11473
1968
3550
1187
1480
10446
7432
4495
8870
4709
10535
5220
10576
1791
5522
11976
8140
7075
887
786
8407
8424
4075
12320
4295
5249
3690
7136
2003
11169
2701
7340
8481
8341
1363
9298
4538
3937
1100
9816
3577
4801
10900
10294
8071
1867
77
1713
6010
11940
11290
5528
900
12270
9200
7304
3739
12423
12527
5937
4802
5448
5634
592
629
40
5712
12790
11457
7890
2877
10461
4948
10697
7218
3333
12539
2130
9509
2091
10406
10153
775
7710
7467
3991
9646
12651
1984
3638
2870
1942
8767
1512
7941
2461
7985
6154
10235
1115
11875
8498
7777
8551
5318
1281
2338
678
4432
10581
2435
1684
3789
11133
7050
6032
3952
3882
3529
495
2316
4637
9843
11844
7088
2874
8131
6790
12741
760
4486
3780
1231
25
1116
8817
4587
10610
3115
6327
5122
3587
6655
6076
12366
10864
6260
3971
10145
10441
6682
1597
2092
2951
8818
404
11446
5186
1648
6920
5337
5368
539
3722
7655
1663
393
12340
12069
5703
4991
1372
7663
304
10630
4777
1219
10550
413
8304
5210
882
2613
2323
7174
12217
6318
2621
5605
8434
2757
7909
11285
6416
8631
9781
10133
8751
10105
1629
5753
7884
6164
4297
673
5287
3694
5476
6117
11899
11011
12591
5891
11857
10722
142
7913
5983
2598
11467
6868
1790
9123
11001
1531
9748
10578
9570
10379
6982
2243
11358
9575
10469
7477
115
3688
60
6989
3060
3711
7447
4793
10485
1291
12661
3817
5355
4124
11575
9972
5849
7344
10999
7865
5803
1184
1428
6818
85
9084
12180
3885
3744
7514
1455
3893
11740
8550
12239
7079
1803
4653
4340
5818
12704
11234
5370
2014
246
2114
4156
2970
5030
3015
2541
4950
4269
3248
11335
2584
11125
6132
1875
8865
11197
5393
6849
1121
4001
1445
1793
12376
9281
740
11193
4209
1169
6822
2692
12821
8024
3181
10988
4248
9329
7583
3021
8188
5087
2056
3596
1197
146
10186
6375
5914
3569
12135
515
2374
8736
6002
4692
11339
8433
12826
4667
4808
8998
7879
6583
9978
3600
5411
9208
10817
12284
9831
10460
4804
3415
4816
1288
2138
4984
2664
3813
6812
1148
1107
7425
8034
9858
757
4805
1024
9014
5086
10139
5207
6554
11332
11174
6924
4133
648
426
4421
11951
12929
5843
1178
9056
1507
9654
5668
1908
3631
8692
8449
6267
4689
4846
3661
6340
12768
10464
11423
8370
4568
5961
6225
2451
5658
9609
12783
7800
3829
4611
6457
35
581
10693
6660
276
4169
1573
5819
1429
8660
4215
4540
10838
12225
1340
7678
7095
1050
3343
9229
4874
12414
3267
11700
2845
121
9244
9072
2549
7168
4614
5690
5313
3311
5562
6397
12782
926
5934
1759
4502
11657
4724
5971
12949
8556
4783
10414
7992
815
4399
5132
1137
8882
7138
6845
8743
4364
8468
1844
12589
4065
11768
12027
1858
7893
798
10298
10316
10009
4507
3595
8505
8042
8490
3604
12375
8375
10242
8144
7482
10891
3645
1508
2546
512
7107
6753
5502
6686
8260
4799
7291
11733
6003
2910
11641
8334
6542
11931
5237
3394
10041
12888
4811
3198
11524
2147
12523
12424
10779
9328
10370
8267
9819
9618
3761
9010
4641
10434
92
11877
5643
7857
12906
6129
7973
10308
12189
9320
1582
2293
14
8906
11805
3794
7811
962
13011
10761
5747
8406
10268
9105
7511
4435
11194
8379
2922
11512
10176
10492
11782
6499
3458
3270
3254
10510
5756
1676
1972
12582
7177
271
4020
10860
8159
10793
9779
7535
5787
1720
12638
7004
4052
6279
10606
6119
6361
5244
10658
11819
6796
6736
8749
9306
3297
3354
9721
4003
9970
3947
5702
841
7170
3731
11497
11778
7129
6674
10086
1450
1346
8903
11486
5189
2942
3634
12297
12565
5044
3491
2552
6358
10159
11092
863
4136
6034
4431
11750
122
5740
1113
10699
3126
3886
2370
7128
10607
5153
8164
4019
3762
4606
2187
11342
11911
8876
10876
6983
1690
5728
3235
7611
1786
6850
4740
3327
6744
4381
11531
6325
9396
12766
6633
10691
9488
4569
11260
2894
2909
7844
2142
12571
5482
3445
8799
10982
1869
4528
6449
5475
9285
10124
2963
249
12457
11654
9489
5392
12399
7590
9709
4745
4040
5143
4660
10482
3325
12048
10241
822
9258
12436
2339
3045
7732
6420
11900
9172
11146
11286
6221
5417
1091
3798
12187
12280
6695
1305
3312
3611
3639
9103
8720
1095
7155
11771
1579
1458
6417
1558
8545
1259
2490
11323
3319
12003
10417
9823
4409
3967
5432
2325
8168
6107
1708
1425
106
6161
4893
6346
11573
3564
11095
3879
4080
5067
1485
4765
6200
1371
5053
6041
12359
8196
12614
8508
2515
11405
4997
12859
3175
4335
12064
1368
7873
7417
8668
9398
10137
4956
9248
4189
11447
10768
12478
9345
9766
5428
4767
171
4163
3972
8594
617
1751
7335
10721
5795
6689
5988
3434
12616
11321
6943
6258
8065
8834
7299
4847
4455
9
8205
6555
5004
8013
10477
130
2152
10766
2230
2442
3262
5527
3112
415
12510
944
9976
1743
892
1556
3735
6594
2927
7982
11939
8904
6357
12123
8259
10248
11240
9249
11864
797
6463
10791
4013
11927
3001
4280
10674
103
1014
9630
4245
4618
3746
5979
4
11652
771
4106
5538
7470
12993
8756
4334
11179
4397
10032
6061
5349
11937
7716
8222
10271
4082
4235
3506
7328
5663
3252
6875
1537
1017
12357
3774
5556
2127
4952
11515
12115
4935
9292
12488
7661
10117
6984
10546
5364
9104
11774
2358
9471
1850
388
12370
220
2650
10971
8529
3192
9109
9146
4017
435
2251
8453
6657
10823
8836
12740
4162
1365
12212
5387
4906
12094
1953
6268
3583
8905
9556
4694
6511
11343
8405
7808
6636
4525
5943
12635
9165
5339
136
3581
10071
12445
12050
12308
2762
9693
7952
10639
2568
107
1587
5912
7693
12684
6171
1414
9094
6962
6794
5181
2508
9376
9162
3986
11890
10480
5128
12968
11137
3284
9388
4685
1223
3156
8943
8057
374
5070
1306
8661
11826
10704
6672
11851
4131
12238
12694
4146
7210
4970
1856
9753
9174
7077
7823
517
9533
5754
5214
3474
1938
4807
991
4243
7409
7405
11143
4204
5625
1795
11929
8339
9305
8629
5238
9339
7862
3448
11368
2474
3946
9311
587
4429
1682
9778
9088
4522
8993
3106
2039
7595
6187
164
6834
8179
647
309
4584
6914
2094
8887
11725
8920
1471
5372
3978
9679
2555
12496
4512
10309
9534
605
8930
876
2676
11421
9220
11337
10908
1179
7947
998
2376
8784
8099
2499
4553
7285
6591
6523
4774
10696
10180
4889
3513
9402
809
593
11097
5496
11722
3713
12649
5515
12511
7162
9573
9219
7604
6293
12295
1275
8883
9616
6590
11705
12686
2342
7022
12462
4129
7248
3169
7292
7105
12398
917
8378
2542
2217
11842
4786
1520
10109
2479
2158
12935
6243
2372
12363
1058
11409
12721
8234
12709
8354
2840
12969
10401
4217
12236
3004
7315
3003
4870
9699
5908
12963
3695
3561
10591
10495
11675
1312
831
12163
12989
6301
7013
7391
1208
7408
4006
2171
3796
842
7135
7837
3129
7919
5751
1616
10148
3331
5179
12601
5453
4772
9815
6476
4700
4433
9974
11869
143
9054
7852
385
3478
1025
4500
9276
7222
5820
454
715
1899
5260
5174
10151
7490
7740
9637
12764
1656
1884
762
12201
11967
10940
1344
8033
5343
11776
9435
9270
3805
11716
7232
4639
2335
2197
9404
10397
2623
3528
2920
10835
12333
11526
848
11584
3444
2504
6404
9101
7763
9796
12471
11393
1768
6700
12698
9214
4733
6949
5862
8983
8344
9670
191
3017
3998
2848
3095
6264
2702
1831
3360
9554
9689
11380
6881
8934
9687
6222
3678
6741
970
11270
8045
9576
9361
3028
9826
11946
10426
7337
4628
11910
6482
7540
770
6211
8293
6945
6155
7636
3204
5304
9929
5579
9524
9068
9469
12407
2907
2426
11923
2647
9344
6757
10428
1228
8914
3466
868
3486
597
1739
6241
11734
9736
2783
11172
10353
12158
6961
11567
7289
244
4153
1749
12199
3179
2853
1229
1758
1568
1359
3162
12068
12151
3256
3356
12173
2058
9552
8382
1010
3721
6087
2176
3918
8410
636
3286
10874
9738
8821
7378
6224
8172
7157
9866
3806
10528
5188
8868
956
5146
11577
6401
10795
12886
12864
7443
11748
6370
7433
9671
1635
12075
4627
3989
9130
8001
9605
12141
7915
1522
1623
9459
7738
1151
12844
2520
3924
8285
8313
7455
8852
9990
1279
2616
11302
4835
1640
6973
942
12978
12372
2974
7027
1636
1284
4574
5050
5568
9901
2513
7354
4176
5461
16
11017
5616
12206
3771
8240
11170
8607
6760
4580
12004
12402
9234
3231
3841
3499
8651
6139
9944
6654
4845
4255
3447
11081
9066
9472
7787
4926
5443
6215
7475
8408
11831
4823
2005
11428
1174
4784
1188
6095
9696
6720
12044
9807
6954
9827
3718
5577
9154
1881
5992
5299
2393
11856
11828
12001
8723
1564
10404
3950
847
9551
3770
8513
1325
2456
8363
7990
1044
3399
1012
8129
5357
6938
10815
9813
2042
10802
2213
7123
1262
5222
4910
4634
432
3863
9049
6120
3803
6380
959
8526
5840
5261
9678
4744
6857
8843
1819
151
549
10662
8373
2577
10247
10240
11786
299
7023
6620
3170
7098
6053
8251
2135
11318
4289
11177
1584
12255
1059
10000
2154
12264
3995
11331
4375
879
2415
1123
11063
5221
5484
7396
1240
8654
6242
6871
11175
1303
9680
1921
7670
12865
8163
12011
3526
10022
4939
227
12080
12725
5046
6124
5239
8663
12914
12497
10080
9465
6435
8467
1911
2476
12720
2125
8675
9755
6965
8984
4677
6884
9325
12552
8274
10920
8800
12136
8396
10400
7109
5973
1601
11619
2772
2291
9436
6143
6817
9250
986
5365
5083
11120
5021
12960
11885
8295
2519
7145
9171
6109
8031
11294
2327
8845
9484
6271
11697
6813
12846
1812
5695
8735
7321
10534
10224
7881
954
3341
4054
6278
6991
10840
7558
9261
1342
12226
1868
12594
1200
10171
9685
5047
12330
3562
10814
8229
12278
11589
4244
3754
11508
8809
5161
2496
8000
10868
3482
6445
4675
8947
3085
6927
1442
3891
2417
3704
923
793
1741
8008
1604
9264
9493
8555
3941
8412
2747
7936
4864
4119
3525
8530
10337
194
6484
12997
6151
8682
6821
7696
2189
7415
4434
2190
2455
4953
3114
4559
1226
5725
2707
3475
7359
3352
2871
7953
6629
2875
11401
7955
6153
1830
6033
12186
5929
4361
468
12260
11145
8929
10948
310
12887
5169
6272
10632
7142
11534
8021
9406
12164
3315
1988
6447
12579
2531
11466
5938
3197
4961
5950
2400
9421
2722
9127
6359
228
11031
4267
9508
7970
5060
9000
2844
12617
1853
11104
2603
3517
606
10274
10429
11662
10883
12112
3362
3662
596
4283
4534
618
1287
2420
2982
4530
6646
6904
2473
8636
4175
2242
9891
9387
10329
10559
8414
3898
10759
4782
6915
9051
1072
1276
10380
8352
3309
1401
9927
200
2259
10335
9188
1976
1391
9439
1258
6392
3429
7840
1715
4983
7246
4903
10073
3686
10065
4659
7288
6344
3905
9099
2082
8472
5544
4284
2389
5773
9924
2146
1538
11156
12296
1330
971
9894
4986
8340
4347
7369
5113
710
2064
11039
3494
5561
11064
10348
5516
12060
10990
4135
2538
12062
3216
8613
12469
7205
3712
3742
7312
12023
7370
4097
1097
12421
6645
2639
3278
2548
10757
5996
3968
7054
4620
5130
3334
3209
10547
12411
3670
2165
7910
3266
4055
10267
12749
1138
1931
8401
2050
1426
11901
11810
3647
7819
4812
11645
10339
5621
5942
2602
391
10010
7313
6847
9138
9537
3864
9620
1423
10393
6534
9532
1588
395
6231
4161
294
7954
6488
3539
5907
4827
10236
12054
10556
428
12586
3923
5825
10112
10545
8961
11113
1376
9975
12046
4884
2924
8953
2133
1328
11468
2849
8119
899
8399
12742
9205
5111
8280
11969
4355
3291
2995
6163
9148
3671
1296
12420
9886
2850
11065
12434
12099
1310
7585
7579
11171
5452
1236
6522
1383
460
176
5687
8452
10851
7754
3101
493
10327
1464
10995
3088
3904
372
3553
10848
8218
8358
255
5436
599
4021
1486
1435
5403
3121
12063
6780
3313
2941
12013
9063
10036
5588
4330
2157
8322
7331
283
6350
6751
7737
11317
12041
11790
3931
6422
10392
11728
5536
561
5278
4064
2314
6442
10251
3779
8165
11324
6247
10865
51
8768
11549
392
12250
12269
6710
6000
5766
5537
3948
4642
977
8669
5457
6296
8053
10592
8091
12991
11849
10490
11879
4818
8392
1019
11960
9321
832
5680
12785
7113
12374
7101
12711
5209
250
2038
9665
7400
2896
295
4515
4966
420
5117
6564
12657
7814
380
4362
2004
12868
11963
2194
3163
12921
1098
6683
9231
1322
1127
8349
1364
1817
5672
11781
6390
4311
4428
10053
1639
724
925
5464
8325
125
7322
4824
9519
3903
2360
4873
10824
11207
9032
10453
7768
9992
6561
47
6820
6727
3872
1746
11539
8964
1889
1593
8212
11109
2498
4576
9932
1361
9458
11148
7734
3423
9728
12097
10042
4339
10408
8997
12033
5898
8476
12924
9117
12547
8335
4128
7096
4200
6658
8761
8058
8786
5665
8581
3738
1718
1745
3421
2292
9727
11591
5240
9935
5746
1015
3221
8854
5750
11274
12185
1314
10986
6042
233
6492
1572
8258
12360
6434
1585
5697
3862
5531
6777
9758
6362
11217
7977
4797
10647
8601
2454
12516
11351
6468
8802
8439
2881
1483
4088
2964
6853
12022
6533
5752
406
1897
8112
12805
8353
8437
2219
5009
5738
4216
3435
4707
1311
5246
5198
8589
3111
8269
743
6213
10443
88
2491
2168
11141
4706
719
11157
713
12917
6204
9657
8683
6054
7886
11079
5730
12515
2732
9269
2809
12919
3768
11867
4263
3650
6052
4648
2134
3725
5454
3302
12367
11948
4401
3443
1888
10154
2741
123
9639
351
7025
7306
10376
5962
7353
7842
3830
6410
1619
11413
7336
499
4174
10902
7230
2711
6188
3469
598
11281
9579
8248
2497
3915
484
5103
12380
2683
6353
1979
5056
10085
9410
9213
12564
10843
11320
4607
431
2097
5540
12870
1600
3899
2434
4936
128
6604
5913
4578
8208
1666
1078
652
6170
8299
5472
80
6351
7220
9190
1163
5082
5138
1343
6912
9401
6464
8489
9369
952
6828
10937
11818
9673
7563
5328
747
3099
4546
5812
1063
11312
817
824
10382
9961
3557
6004
3464
4883
8460
8552
11282
10070
3365
6396
4203
3681
1106
2421
9627
1125
4463
11187
5736
6692
1023
7690
1794
6638
725
10925
2945
2728
5589
8828
10924
10192
11195
8960
6207
5316
2554
5333
11492
3396
4223
7751
9810
3310
6364
4049
9397
1437
11215
6302
2346
1457
12222
9041
3142
1397
12118
3217
8563
8812
12636
195
7758
6711
9392
5376
10688
1366
1958
9724
8724
707
5458
10794
1818
1545
3301
12541
5257
9574
4959
1905
5815
8842
9211
1431
7154
6319
11777
2718
1477
10952
896
2110
3969
367
11392
6303
12287
5489
9923
6494
3751
5180
6487
149
10690
6816
1783
5504
4589
4098
11094
5620
2193
12119
12281
4506
12752
3452
1479
5165
4594
6616
6022
930
6376
7858
6141
5374
5397
2725
443
1605
2724
12473
1662
3503
9703
3873
9042
1918
11364
4251
11107
3605
731
8871
6623
2416
5172
3719
4551
4666
565
3238
7403
1530
575
5274
361
6830
8653
1096
2514
5315
2119
2767
1075
9113
6977
7766
5256
12548
5104
5859
9495
6960
5340
3559
12139
4838
7346
4712
9873
12480
11820
7441
1926
12779
8384
11755
8189
7850
4316
3977
5019
9237
668
9159
2583
12786
10027
3285
3224
9730
5094
3730
3811
10221
3797
955
1923
78
6458
9598
12051
11238
9381
12490
9023
3626
6966
8082
4701
8084
2321
7045
12126
1460
6036
4069
11070
1466
2030
1336
10419
11536
9776
2054
2079
10025
4951
6538
10888
11866
5000
12419
8532
2587
3700
8841
5627
8491
4092
479
10479
6547
9503
7036
6172
12724
880
662
2263
2506
7743
7810
1518
551
6259
7040
1093
6125
8582
10386
5511
10800
2551
12819
5269
12319
4307
8383
1534
254
5838
6160
2558
9427
8496
10526
12248
878
13009
9683
821
1804
1482
3942
3317
1334
12114
3373
1529
10019
11476
2063
11124
6066
12040
2109
9982
5277
12894
5896
1149
5471
3824
5282
4911
1217
4228
12892
11345
7934
12124
7789
8403
1488
4575
3449
11625
3046
7506
7070
7241
10682
4099
5669
3603
7226
835
2002
10845
12517
7718
571
6448
7918
6600
4741
11682
9734
12345
3210
4451
2350
10383
3715
11108
4988
3430
5011
4343
1242
6639
3502
352
11870
6148
5694
3253
3558
10143
3261
2562
12012
6713
11681
4281
3962
2928
10518
9850
3437
9477
6819
12872
4655
10659
1665
6823
8595
3520
5885
1309
7308
8778
8921
1778
5329
1668
5814
884
10195
4224
11543
11167
10293
10502
7995
6899
7445
1978
5208
1707
11502
3203
12109
7201
1994
1212
10462
3401
12947
7363
2787
2735
1754
8515
4803
5829
4212
10778
578
10099
10744
8667
4958
522
5624
5012
4932
12148
10833
615
5927
1211
2644
11196
1555
157
8241
12845
4413
12767
477
1855
9560
6607
5196
5120
7545
1583
11544
7007
8813
3826
2386
9591
10512
12224
3379
12275
6969
5839
5821
8115
9773
5097
6220
7820
1826
12666
3386
8620
10930
1068
5698
1672
6619
11206
8338
12499
568
10349
3130
4554
1642
2672
3618
4182
41
3684
5739
8577
10689
3615
9595
9195
3870
5298
4442
10856
6874
1861
12551
2673
3635
6305
4531
492
10708
10396
10217
2294
5218
5532
10089
11949
9335
12771
6059
81
9184
12467
1105
2340
12972
6479
11811
3911
2218
3783
7125
4430
8209
5655
2804
3071
11718
8161
5707
3543
9228
163
9441
774
2638
11058
9377
4761
10648
7998
701
12234
1413
4861
9790
3777
3609
10166
8918
7944
12104
12877
5092
5783
3157
7548
6782
8782
1090
8402
9430
5171
12669
11003
5646
3680
4975
399
4813
6901
9825
9026
1031
8216
7301
6814
4100
5159
6539
2657
9585
7434
7451
6839
7223
9224
8173
7119
7018
6497
3821
1252
4292
10933
4259
3178
11188
7667
6528
4125
12793
11233
9578
1809
5593
4218
2483
828
8969
3068
4314
3098
8894
9610
10575
5430
7524
745
6462
1498
5932
1517
6016
4285
4168
3538
4760
3299
11791
1051
10234
7410
10343
7472
4539
737
10542
12425
10202
5176
4535
4226
12291
1356
11041
6244
202
4752
4902
11443
11632
8734
1578
7002
11992
8679
3332
7059
5844
2976
9829
5867
3660
9355
2820
225
11545
2765
9841
11462
9362
8158
10257
11020
5729
784
7191
11665
5266
6763
2891
12618
10222
2447
3997
3758
11550
1144
12738
9770
6540
12460
10116
12774
414
2855
11655
4277
5629
6902
10024
807
12856
3417
50
9768
3633
11489
6558
10854
4367
10977
226
5901
9485
5573
3258
12965
853
6177
11836
10029
1152
2717
2533
6784
12866
4794
5353
8108
5900
84
1581
8655
5745
1879
11908
9057
4066
8067
8485
7706
12268
11518
4205
2328
5346
2819
10965
12036
7748
7692
10618
10799
3137
12443
9837
5342
10111
9844
1061
12409
10707
8017
2607
5823
9359
8049
12005
2708
6974
8673
2985
7424
6201
11246
8160
124
12554
2570
11541
12950
1329
9245
11673
564
1054
3521
2221
10572
6266
12862
5632
6094
1271
1321
9227
5688
3836
8623
251
6339
9507
9366
341
10114
5286
331
8717
9860
6652
10115
2643
738
8503
12843
4420
755
12784
6374
405
931
9140
11833
11634
5124
5811
7134
9888
2764
6861
2066
2016
5591
1086
12893
6038
6625
4851
347
9050
4241
342
8420
7035
8477
1436
3069
1806
1547
11569
10769
4517
10620
8385
10522
6071
7807
8301
4828
2695
1220
7192
6093
6419
6807
7848
1849
1126
2080
7274
12251
1738
9818
4443
2667
9625
10037
422
7116
408
8236
2521
1602
11180
4856
2436
12522
8223
5977
4600
1404
3575
6045
6193
3834
4238
10742
4971
3877
3138
12197
1989
2511
6532
6877
12540
4942
12652
8763
4185
2422
12292
1099
4995
8327
2280
138
10315
7573
5272
12498
10093
2953
3959
1725
10481
4336
9299
7478
8640
12247
8762
12016
6673
2457
7349
9622
6515
8020
8243
8745
7731
9144
6844
7753
9002
10264
10269
6628
11706
11119
17
8737
8502
12096
12038
4601
6354
10598
6662
8305
4561
9343
11127
1814
1603
8106
12505
12466
11491
7683
2229
2906
9775
2381
12146
2108
11893
7584
7024
8804
7829
4232
12860
11583
11894
12461
2223
11385
12240
358
12526
12453
9278
9809
453
11477
9077
3666
9491
10668
10754
1836
7551
9529
2211
2072
4445
10819
12116
1304
3505
11868
127
11804
777
12794
5229
8177
7181
10846
190
1562
7235
4329
8824
8239
1204
3338
10909
6854
12825
10076
8092
11026
4513
733
6895
6921
10553
3010
594
6308
2188
3934
3988
5121
2884
12750
706
2118
141
2035
9309
3036
8324
139
5813
1939
12018
2057
12029
8081
5389
7419
1776
8316
536
11596
1110
6298
4583
5465
5926
1323
5065
6948
9668
1712
10523
9425
4057
2448
10882
3741
2141
6320
7614
7401
4624
5894
1693
7750
2329
2994
11372
11639
11770
7989
8897
12456
1210
7017
10174
10603
11103
12922
3116
8952
5761
10238
9547
684
10968
7764
8801
974
4353
4945
4656
11852
5509
3124
735
239
6078
3887
6157
1409
5006
5708
1135
6596
1694
11449
4441
3298
8707
11047
5858
4229
5136
11256
9808
10916
2495
3764
6115
6728
11315
10678
2998
666
10634
7735
2696
9919
150
12561
7686
1671
6890
3907
889
10862
9149
6959
4978
4834
3483
5951
1882
11997
6951
5545
134
12628
1432
4671
941
1821
12483
10399
3782
4987
1331
9135
6885
5835
12265
9584
9238
417
318
11269
12680
653
10850
11669
11704
4349
6608
7265
10346
7416
732
5581
8740
5034
4609
2312
5345
3956
5957
4597
3336
5230
2669
5409
480
2477
9390
632
9571
11160
916
4605
9588
1333
10102
11253
3793
10970
12299
8458
1420
1381
5158
3958
3072
3515
7799
12317
10577
7394
7449
1398
1118
4390
9956
1505
1395
12341
2011
583
9877
8569
3030
8016
6121
6229
6766
1702
7627
675
6714
9559
10776
2712
3208
10064
1186
5460
324
766
12193
6407
1731
12305
12081
10763
8156
2686
7262
839
5156
1484
2395
5768
9296
10317
7904
2233
8014
12606
11936
11088
6423
3420
1960
4494
1145
6214
5876
8895
9636
4074
8346
1141
6020
3382
756
12647
12172
9038
12514
1495
3954
7717
12714
1864
9416
11353
4635
7103
10312
8787
12999
58
946
3223
8700
3351
2793
2632
2167
10334
9476
12035
6680
7271
2123
11222
1691
3974
6251
3935
7106
12730
8886
7147
6176
5265
10979
1528
6212
4858
8785
12142
4410
1894
12673
4918
12912
5781
1088
721
2297
2597
6708
5757
5742
6237
1990
9444
7153
8037
7307
1302
1496
5507
4246
9937
8797
8326
2068
7809
4035
9921
2117
5145
6316
6133
12715
6418
266
3835
10567
804
7099
4564
7756
966
4577
10096
643
9754
10362
6719
8130
10054
1320
1074
6181
1213
5028
4909
2462
10250
9196
10508
10017
12391
4770
8590
1840
6408
8586
8317
8395
238
5770
3350
4290
4488
1777
4091
5187
373
2800
5194
2628
12566
11440
317
12108
4751
1957
12188
1673
7231
5715
6028
9590
5441
5611
5437
2972
2599
4899
2900
7863
7902
10752
4596
746
9510
978
10470
7623
5197
10472
10711
5495
7523
6581
8393
642
12827
224
3477
11117
9586
1952
5192
750
6778
751
7543
11223
3171
3411
10187
8591
1411
5693
676
12500
2526
8022
7272
9898
5293
3795
2431
4579
11229
5058
7080
4004
12620
11505
4187
12103
236
11461
6430
3672
296
10942
10625
7483
328
9173
8798
11930
6598
2274
6182
10259
2020
12580
4310
10736
10211
496
7613
907
7720
12482
4239
12840
300
11796
6130
9024
12641
5385
6669
11623
12143
5704
6642
3493
1412
4056
12662
8617
1949
4691
8190
6263
10001
759
5204
3589
2281
3074
8320
12695
4081
9747
7804
4499
4943
8207
5609
3767
5183
1903
12835
12916
7689
6889
10011
354
12470
4221
11375
11576
8113
12983
4669
5918
3619
10789
305
7707
625
6495
5258
12171
12433
8898
2931
11674
857
11132
975
6324
12890
1906
8448
5470
4328
7209
12006
1260
204
10626
12162
7903
167
9902
3366
1289
9545
10994
467
6504
507
9284
4673
1459
6194
10964
3792
680
11033
4111
12623
4287
3320
4693
4860
12850
5958
9151
8063
446
9879
10164
1269
6466
1039
3065
12818
11419
3560
1655
9793
800
9899
8078
10858
2595
2969
12257
12743
376
5749
3707
1245
6903
6046
8708
9293
316
6175
6653
3653
1111
10456
1612
6923
2545
12437
1066
2288
10984
6706
4593
158
10565
2915
12385
12323
9892
12756
7352
9259
8614
1873
790
4610
4300
12553
5363
5077
2665
7159
8198
8446
2115
4402
7377
613
8471
11099
7834
6023
6062
12776
6428
6565
9241
1945
3222
7522
8857
1089
7375
3355
2037
4312
2244
7924
10906
6858
3272
7476
7634
787
12570
3760
967
6058
3906
6970
9658
11889
10285
1966
9563
6240
11871
64
267
11883
2950
5667
1839
3696
3541
2803
10934
5931
7630
6249
10715
12400
7148
12249
5020
9973
5936
4810
6035
434
448
8681
7281
5682
6197
2254
3827
12659
9516
5190
2439
3881
12988
521
8978
11325
695
2001
4202
9399
203
9013
10822
1900
4924
7950
10273
573
11408
8487
274
12681
6409
4585
7031
1354
12045
5883
7596
7963
4867
6613
1997
3769
8890
6520
10092
10531
4199
7376
7176
10622
332
8725
2984
11671
10963
543
12665
12147
4481
1462
5710
9914
1977
6501
5657
5101
2131
1196
9115
5764
8094
5331
5450
3512
10146
7010
2055
1566
11257
10590
2482
2905
4178
3414
7298
330
2893
9378
366
11921
6752
3375
11056
5232
904
8750
6810
4829
10969
8201
5330
11812
3471
6425
10805
3536
6981
7413
363
1035
964
7830
11981
2604
7122
4505
10310
9379
66
4563
6997
5215
7974
6195
8191
11769
6779
8415
10416
906
12867
10012
2914
11661
7263
5224
12897
6670
2560
2866
1943
3451
7687
5691
6149
7094
5845
11560
9940
11802
2776
12944
2688
12166
1999
10710
3501
10038
8630
105
7227
3189
12218
8973
2333
5279
12837
2071
8068
5571
8266
2981
8760
3079
3110
2605
6460
769
1709
6008
12802
2977
4452
4855
9941
3361
2485
5560
4878
10680
9218
95
2778
9851
4670
8506
10537
5677
5307
5674
2967
10491
11425
6560
10338
11310
9581
11984
12481
12427
5860
3139
7127
10716
5045
5068
3732
12760
2527
5737
1388
7039
6926
9426
1878
2492
2179
12832
5796
10605
7213
11077
2484
10613
12493
10422
10494
11709
7628
10047
7616
7615
9021
5600
4896
7745
9225
7202
1998
265
5149
6429
10172
10220
11723
3295
10821
7261
5447
12557
8848
12298
8176
10
728
8070
5110
12110
5297
7182
11366
7877
6933
12820
5326
12231
12973
4254
3207
3473
9862
8819
11594
11162
11023
4877
6774
12120
765
46
11268
10476
3908
3664
488
11933
5007
11766
9708
11482
7383
2682
12504
5017
6405
10983
9316
7320
11721
10636
6432
8457
12702
11068
4313
1611
5822
9550
144
8525
6100
936
10336
2617
8593
10772
8184
6975
1080
147
2345
4757
6096
11205
8246
12350
4825
7280
1468
4048
4296
5152
11433
10844
11237
10410
4806
10063
3545
1241
10985
6199
7681
336
10563
570
2311
6942
12183
1740
6503
