4680
9907
10807
11403
6238
11111
6685
2433
8945
5512
8018
12862
588
3724
86
1551
1748
5775
5111
12870
7532
3062
8669
6666
1205
6743
9036
2720
3677
1858
10252
10692
7008
7229
2842
10151
11081
10975
11898
2185
12657
11053
12521
2536
8473
10183
7211
12776
8093
6203
12618
4791
2846
549
12411
4526
11213
11655
1485
11088
11340
2042
12632
10531
2274
5435
10638
7503
12565
2997
6805
2761
11879
12107
7240
8391
9837
8781
6867
7421
12764
6135
3054
3083
11353
1057
11605
12050
3385
12995
10018
6082
12406
6533
6255
9226
9435
565
878
989
12661
7195
11746
7133
1313
2265
10386
162
8142
23
1128
11012
9770
4130
1406
4657
4903
5134
5381
11563
5987
12756
2648
12464
4386
7853
12517
2516
241
5367
6618
9429
9577
1921
13006
9527
3016
2313
3658
7533
5844
12086
110
12596
524
10797
11560
9060
10149
6816
12324
4825
6543
10256
2059
3880
12989
8062
10662
5103
10484
6907
6962
8643
9743
8826
12945
2565
2921
6414
9203
9772
9394
6213
9339
3093
11153
8715
3281
4922
9602
9703
2763
4468
4743
1257
6109
3956
8937
10744
3836
3227
12580
3304
10622
11481
6014
11401
2281
6096
10878
11930
10199
9247
103
7128
6654
6704
4401
7235
9741
1885
7779
9863
655
6195
6093
10999
5277
4324
8440
2202
2189
7149
4513
4119
4391
12389
290
8472
12871
8649
4634
983
1987
6779
1060
3189
5607
3762
3532
9037
9607
12356
8976
651
10427
10923
5155
9111
7459
2857
8432
1905
4869
9354
7931
10424
1160
3927
7414
6955
1826
4884
8019
3904
10957
8431
11067
7446
12761
3538
7647
5249
9330
830
984
9839
3769
12826
7692
2734
5664
5945
11633
10324
3635
9032
3825
708
1901
12897
9395
8605
11791
7026
11370
7481
9327
1503
5216
7523
669
11517
6404
7736
13009
228
11005
4664
4338
9059
10389
11634
9829
10731
181
4926
242
11433
9266
7789
4166
2774
7286
4191
11130
7694
2493
10885
3242
10801
9738
10636
6925
5235
3127
11102
2452
60
6120
12091
6782
423
10064
13
1955
4398
10528
10582
4514
325
9807
9702
6870
12350
6671
8909
3606
1426
12261
5916
2047
8051
4754
4679
2613
11468
10796
1399
6861
7012
12967
3638
8776
8538
1396
11356
10443
9739
12978
11877
10714
12769
2068
3581
7865
11696
2155
5027
11565
6229
4659
11857
9294
5542
4122
8541
2924
10270
211
8229
596
4289
6306
9123
12576
11121
2816
966
5047
785
5332
1898
6395
10903
4746
6752
1061
5037
7819
12048
12054
1007
4447
7855
4658
4699
9934
11149
11510
7805
7589
2470
3400
12112
12484
2945
2789
91
9420
2678
9665
1681
2108
11180
6841
6491
4804
9006
2183
3307
8641
11311
7760
9529
10555
980
4262
8257
10702
8911
1374
7252
4152
10435
4477
3816
8180
11246
12312
8273
11489
2446
10369
518
8705
8253
2684
12977
1219
10038
755
9623
7170
7268
12440
12276
898
3121
10470
7420
5265
8014
8400
9480
1779
8003
8786
11209
12874
11007
3483
5379
5426
11155
308
11625
8875
7342
2060
11299
4602
7408
9455
4759
3211
11277
9452
2825
8873
8794
11321
5307
5580
2287
1193
12867
5803
8145
10152
11754
7438
7791
6828
11993
2490
11669
9030
8271
1266
567
2056
9485
8540
2003
4766
11143
9114
5482
1052
4877
12397
7567
6753
9636
7536
12039
5184
6355
922
10690
12839
9578
1428
9366
7425
7887
4814
45
5801
1041
1130
2488
948
2244
3187
10966
3352
11395
3272
347
9877
1744
12485
7759
11467
12835
11194
8460
5747
11897
2716
4497
1186
7858
5275
4015
3728
340
1239
11767
7749
10352
12347
303
7711
12707
10232
2571
5611
5312
9296
10042
12426
11023
2363
1470
10503
4972
3166
3942
3766
1277
11526
5868
11052
12218
2404
12710
4894
3047
2782
4543
5854
4767
4912
648
5861
8898
3298
10852
3763
1668
10358
11040
1045
7247
5398
8259
4457
1290
10838
11475
12017
12045
6252
12301
12603
2101
8190
12704
11363
11876
7956
2206
7106
10989
8658
7752
1199
6765
8562
7460
11472
11136
5719
12396
11396
9344
1883
6081
2919
9906
10127
10757
880
855
12372
11751
9656
9126
11262
3076
11278
11581
146
5851
513
4907
2014
1056
1709
11905
12730
10291
7784
5678
1439
769
8726
10144
2133
5587
7293
5503
107
10292
7015
1546
8242
2088
2039
4325
9960
10451
10624
4613
6490
4490
11098
4717
11915
8728
1935
9717
1524
5990
1881
7636
4179
12799
8804
11119
10116
8150
6777
2159
6764
9106
2847
1750
4128
9143
6882
949
10398
8286
7921
2729
9760
10290
4783
6282
8441
12404
10052
3493
9721
6621
7466
4353
11839
4947
12467
4224
2038
11657
11439
7672
2649
7323
10874
10659
8389
10855
12162
11685
3765
6725
6095
10777
12369
12758
6712
1465
5188
7123
9640
4691
4913
2990
2233
11512
5891
5839
11381
1334
3145
6358
12147
380
4192
11609
11332
6909
12981
1841
3616
12363
2426
6005
993
6549
12733
10541
186
5055
9217
12956
1200
9776
2625
4968
4097
2425
1880
10653
11421
10272
3914
6269
6040
2799
5871
3231
2432
11617
4518
9516
9842
9024
4662
10274
4556
3029
1323
11564
7080
3826
6591
9271
12378
2064
4171
7299
12957
4544
10323
2358
12531
3544
5119
6466
5330
8880
6873
12460
597
8137
10217
1250
6279
11126
249
5589
1558
1723
11643
7344
10483
422
4041
11728
3648
1262
1217
5822
7935
3137
221
7203
1003
3894
3918
6740
9519
761
5831
3164
7468
3691
7946
7124
12771
560
11022
8100
2129
1906
8201
3596
10734
1014
7975
8965
8672
2397
6640
3785
7010
3742
4259
10907
4944
4695
10809
9520
8506
8563
8356
2779
5172
7990
10804
1335
1680
260
4227
7852
8333
7575
1554
6546
11632
7838
12686
8475
6080
6681
10597
3815
2869
12643
1542
11163
864
1932
4448
3710
12330
12057
700
1557
4063
203
165
5272
9214
2327
7608
8527
3851
11994
810
237
12719
706
9254
7738
10625
197
8982
5932
8852
1289
3863
8656
9156
4590
8186
2028
2543
7539
11927
11606
5127
2961
3202
1001
11018
1238
12875
1595
753
2748
1372
7554
6973
8413
4744
11390
8745
1180
7874
4496
35
11377
4257
2319
3549
1686
8572
1868
12383
7942
2969
8629
10229
8348
1412
6041
9821
6107
7351
2926
1884
1627
5995
3442
8959
3993
3624
8697
11519
11140
8221
10030
6084
2362
2599
2431
3045
7637
11400
9320
11804
22
4798
185
6911
8615
3733
12088
1721
7666
7135
10725
11783
8916
3034
9000
7549
11778
7440
9667
8426
10328
2293
5805
9595
4848
8136
10374
11693
2198
8642
4829
4772
5527
12963
10197
11099
1619
1719
8076
5328
1141
851
4138
5260
6487
7778
12182
1338
3754
4889
10792
3310
4374
12665
11969
9989
812
3319
2077
9933
5478
11171
11534
7399
10998
1307
920
3908
6836
9011
11339
12959
8918
1614
12684
5252
12486
11762
10699
11414
7548
1659
3727
12265
12939
8652
1461
598
12254
4579
6508
9355
9087
6950
11973
9189
11827
12424
4997
3005
11108
8574
1808
6385
11679
10239
10005
7223
12693
12005
12569
2900
4557
9278
5144
9165
5085
7698
12653
5835
11874
1177
13003
12614
8372
5483
11078
1494
6971
2806
696
7701
7006
12393
2024
4024
12342
8350
1100
8968
1039
534
7108
8590
11025
10395
9459
10207
7496
7877
7673
8464
5773
10723
12590
11203
5116
7437
6754
6814
9929
6869
7928
6633
6641
10549
10768
8819
7391
9716
12652
1843
6153
12524
6733
3563
295
11138
9243
3458
3415
1650
8722
5880
9550
7968
1583
6775
11133
7073
11855
5843
12873
6155
1576
4363
6094
4060
5506
10307
96
9583
4937
5788
216
12668
4632
2464
12929
3256
9795
483
6357
8612
1593
3167
5056
7130
285
6968
8795
7037
2810
8499
11343
3696
572
4201
10186
11137
1842
10466
9212
10101
7584
8421
12545
4661
357
1174
5957
4315
3946
3082
2053
1190
5721
3699
3064
3247
3940
6560
9638
11960
6915
7912
7401
4099
7206
730
9138
8769
3168
12542
5953
8280
2534
7011
1732
7646
11260
5150
12002
9718
12908
3041
7360
2427
12174
8510
2445
11051
4555
113
1569
7519
12113
10336
4310
12137
9597
5792
477
3108
12232
5812
7765
7802
8153
7452
4416
7173
1501
11036
8379
2899
10995
7734
7771
2521
6257
447
4352
10958
8482
3193
4013
1795
11501
12379
8879
2564
808
8407
8378
1538
12559
12089
9204
3347
2794
10455
12402
5752
6506
4039
3542
7955
11227
1302
6071
11265
5466
3925
6091
3244
3520
8995
3895
5936
177
8815
9001
4311
4426
4180
5804
2766
12588
7490
9390
3495
1308
1522
11935
10107
9733
7741
3315
8748
8792
11387
2207
9190
9685
3491
2812
11554
9248
9524
8
6421
12828
2793
1986
5007
8571
6751
7943
4478
3929
877
12194
8773
6745
8463
133
5142
3426
8845
7530
906
12418
12589
2594
4537
7617
8736
5702
10641
10247
11622
3203
12695
1888
3071
8032
419
12456
6972
10246
5185
5229
1988
1270
4068
5201
2544
12915
1651
2032
7109
2688
5404
1953
7302
10931
836
11624
4086
11460
9905
7655
9004
2494
2332
12616
9514
3821
6555
8455
1833
2411
9094
2254
509
10057
5763
1479
5520
4230
2044
10488
1729
1872
12004
6009
12612
12024
5934
10988
5002
9079
11775
9540
3437
8454
11087
2417
12373
2288
1624
1793
7125
10345
11271
2475
12784
7300
7431
885
1073
10380
615
10015
8516
10215
5031
1369
11117
10313
7681
10103
1766
12253
1213
2235
4274
5962
12295
7428
3053
605
1825
3749
1805
7581
10560
1040
834
10741
7987
5355
6251
12235
5057
3224
11770
6237
1957
10504
11838
11854
8083
12285
2349
4592
7060
2791
1147
5191
4703
102
11604
481
8381
12674
3865
11943
12206
1175
1033
12677
10304
7625
326
188
1106
6273
720
724
4887
12882
10010
7319
3372
428
6058
7483
4615
9655
3349
3814
1169
7609
12782
9999
1699
140
5338
5318
8497
9859
2958
6087
9601
4799
693
7916
8622
12052
4674
1085
10120
2978
3629
7155
8397
8164
11961
11698
5065
5492
11485
1762
2098
9148
8184
11147
12122
1078
1359
12753
11375
12527
11424
10516
5058
11071
1114
11152
11476
5008
4722
3534
7798
3897
160
7216
9787
4394
6431
2259
6074
7156
9103
1673
7057
1151
1024
9560
3473
1496
771
10171
3887
1377
6115
68
4098
1126
12949
3241
9823
3479
4985
12739
364
10081
6787
12145
7550
8654
5076
3438
8486
2877
2334
4492
8788
11860
12028
1304
9108
175
9157
1156
3327
6271
12735
8274
6958
9898
5806
10393
5974
6761
5693
4853
8434
3623
4808
3519
12960
5875
1621
1806
8053
4053
9530
8575
9790
8374
8681
1386
9085
2957
12034
292
2459
9299
10016
1862
10179
6029
11206
12189
12621
12728
10083
6316
8789
6033
11640
3671
9442
8703
9909
2912
7516
5315
6997
1618
9301
6102
3492
10344
11248
9857
9605
4335
5148
1544
6350
1069
9828
7162
10475
497
4035
1328
643
8423
8993
8966
11756
5654
4253
6274
5590
4705
1864
5337
4875
3773
7157
4377
12954
10169
3807
10578
1716
1017
4141
3117
5325
10021
1995
6391
8587
4525
3274
11318
10421
2170
11814
8872
6294
12237
7004
4728
4749
1812
6473
12823
9643
9588
5653
1698
1949
10608
2383
9879
801
6199
11732
11912
10967
1330
11614
6788
802
9120
5066
12065
2455
1822
5075
10621
11691
4901
12689
10485
10248
305
2928
11569
6975
7085
6635
5345
7680
12009
9466
8327
8041
2915
4559
12085
6702
10122
9745
3196
8249
978
12586
9427
4601
12941
1683
10651
12714
8933
349
12027
8691
3049
9348
3318
13004
12642
3396
4172
8427
4340
9183
9159
5539
12608
1267
11015
4582
5434
11916
65
1853
5427
9791
606
5113
4181
67
9463
4628
11865
12096
3866
2884
2041
9009
3342
2476
11703
3784
5616
193
12595
9454
1421
416
10264
8566
8614
6139
2977
2700
1346
7248
1456
9116
10329
6305
9853
9632
12417
12053
816
7327
12223
9987
1669
10782
8163
8573
9298
1109
6556
6967
8816
7119
11362
11942
618
10436
997
12604
1939
46
3097
6456
3621
4202
9974
2633
671
6146
5100
463
2569
6427
1589
12593
462
5423
6312
10882
232
7889
2351
4199
3003
2960
11996
7379
2482
12629
10414
6141
2257
1402
11297
12650
10437
12834
10552
1245
2165
7053
2876
9207
12555
8409
4629
6601
10914
10109
12611
3567
537
2652
3221
5403
12916
12737
7207
12251
9918
1823
12921
5820
11848
1230
4067
4402
914
5083
7564
5776
12280
8712
11094
11486
4625
12297
488
4174
1139
6675
4302
7244
12209
7352
9433
3748
7153
5821
7901
1938
10990
11580
9295
12644
7117
11740
10257
1839
10007
10853
11383
12293
11032
2837
10429
2394
11200
6334
9980
4107
7933
1846
4339
3555
10050
11287
1006
11438
8004
2888
5166
328
1176
7100
12663
1451
10090
10706
11702
9129
5909
9005
5489
4710
1828
7574
1388
8185
912
4481
11945
2093
12273
6089
10448
6442
5942
991
3229
11737
4328
7029
8450
1922
9441
10579
11463
10285
12447
7965
5151
5039
3703
2914
7357
6645
8496
11920
1999
5557
8935
10267
6206
639
7671
3758
3291
10023
12282
5305
9309
5906
12433
9458
6486
4986
6638
11410
8521
1785
2582
10170
11243
8118
5619
1946
12175
8393
1687
11919
5533
226
6600
6566
690
3285
6677
2617
276
3198
12031
10068
11847
6173
5855
4689
9045
6947
10312
11757
1818
3136
3824
1409
4333
2601
11268
12382
6390
2437
9078
8406
12214
4323
489
1642
10862
11518
12727
356
7675
1413
6797
9730
3364
2058
4238
7992
11027
2020
6602
990
5856
213
4087
11239
10828
12306
1074
4949
12570
825
1276
62
11385
10449
2703
5095
8263
1990
2140
9854
1272
5218
2396
444
12958
6953
12148
371
1791
2368
3182
8040
3674
12912
2495
12722
2994
4762
214
7461
11713
1865
5834
987
9590
2502
150
9035
10349
5443
12791
1366
6149
12872
4917
4685
2238
4960
9809
10236
715
9801
4663
11670
9813
4787
6309
1851
11611
4830
8390
2567
8838
4022
11637
5220
8702
7879
1137
11499
11367
12315
7403
10752
1031
2755
7774
9023
11940
1055
6960
1129
11355
9482
10501
12341
8986
1192
9725
1543
6118
11525
5322
4846
8695
11176
8264
4256
2011
6970
4927
7382
100
2073
4387
7826
1764
12016
8095
1390
630
4273
1904
6525
5341
12571
5545
9551
3325
7578
11768
3795
8091
1882
4
11399
10342
11076
11615
5344
11831
179
176
11893
6319
1944
3996
5383
3142
1534
1521
7814
9307
5550
8756
4858
12158
298
4611
563
8549
13002
5993
70
9461
4125
1389
11603
8595
49
2575
6709
6863
11269
10276
2943
5977
11711
5582
3721
3729
15
1633
9178
12892
6537
8713
9534
4208
7541
8446
10478
6018
12401
4675
10812
7685
6700
12694
7462
4564
2247
9456
112
1849
5446
10234
11031
9765
3540
6311
8721
3454
5510
9966
12947
7910
660
172
5168
3478
5
3791
4575
2595
34
9759
8782
3085
5960
603
8871
12975
4970
4655
1810
11409
397
12543
8313
4308
6377
9626
10827
9737
9283
863
12289
11752
10974
2589
21
12584
2105
4861
1911
4645
5744
134
4941
7225
3487
11464
1752
6434
10984
8075
1075
6415
11429
7918
12429
8665
11221
9711
10039
11646
4043
8640
5084
3469
7084
9802
2074
12837
4212
4587
9155
12023
10489
9437
58
6862
5905
5369
6428
5694
3583
11682
8938
11797
5866
4737
10008
9558
2546
2665
7927
9709
6097
8687
9272
12863
9360
1134
212
12937
2752
6503
7212
9561
3147
2304
7275
312
11009
6554
11157
12425
11104
3761
6930
2134
698
1604
5713
7271
5798
2453
9814
10237
12474
9985
3548
3482
7850
313
8101
1676
11719
8065
9840
9192
11174
779
310
2217
3104
5067
9965
3562
10959
8361
11440
544
9806
5538
8012
9844
9953
5068
11638
2321
8620
10184
3228
10477
12810
5509
5477
6467
4413
7305
3622
9701
5441
3619
10694
10031
856
2890
8476
5765
6055
6776
163
1830
3375
4344
1477
931
5914
6874
514
7276
2007
9467
2487
933
3284
7374
8181
6335
3808
12368
656
3240
11511
6283
9175
9481
2466
10315
8608
6266
7270
11972
7102
1661
3089
9715
1903
10784
4260
3688
4074
12861
3343
1077
2111
7823
12115
12029
6187
10407
10054
11452
12713
8953
7458
7735
5915
4406
12676
8646
6986
8073
12220
12966
8444
2131
2115
6939
12857
5859
5141
9363
2146
365
5938
9815
3088
6680
5293
1034
10481
9365
1859
157
1131
8996
6185
12731
6192
12890
3511
7308
9971
1046
2530
10865
11672
12311
5863
1500
11787
10319
11139
5394
88
3311
8846
9180
7436
12849
9166
10486
5291
5827
4123
2450
3386
10915
11132
4979
5339
12534
6178
2691
3195
2305
6587
5574
1635
11761
11164
263
10353
10960
8696
7132
2369
5210
10825
9569
4823
7104
6370
6265
4603
9566
5362
9436
4967
8493
9135
9515
3113
351
5879
5873
2971
3488
5263
2658
10715
192
3184
1247
10513
7948
4343
5758
10055
4591
1425
959
4184
1150
4270
9961
12108
5770
1728
6553
2557
9434
8520
10780
5228
3123
11742
11142
12357
1552
10167
6232
3008
3022
11490
8027
11616
3084
9252
4405
8999
1827
1206
11301
10596
5221
4588
3408
8097
1978
10040
5979
6443
10670
7979
278
338
11159
12942
2439
11861
11044
8948
11590
8723
10168
7911
4906
1415
7748
1207
7662
5308
10381
10868
9139
11391
4551
2175
11516
6157
370
3397
9074
11039
5894
3604
166
5959
12364
9318
6166
5929
5677
6892
1517
12104
5239
971
10303
6705
6244
12171
8671
7953
12056
8867
12392
2723
12914
1271
2556
9039
12738
7768
8553
3178
7706
8334
1000
1615
10766
1678
2461
1566
10266
2670
891
10189
6028
12185
4178
4221
10932
2851
3267
3200
4702
2750
11811
10890
10657
8610
8810
5077
3422
10053
1707
3263
3262
3292
3465
1847
641
3477
3731
2570
10544
9748
4751
9426
5999
5754
2164
6037
5895
8035
3155
10511
9861
2880
12583
9359
9397
10003
988
7
8152
2662
5971
11334
8791
9612
2976
6419
8398
8922
10095
5485
5046
5994
487
4963
2693
4347
3183
2355
9651
12699
9336
9666
5214
6063
267
5399
2987
9570
10066
5097
7644
9891
4690
1332
2533
6021
6099
10517
1318
12813
1182
9371
10948
443
4843
1347
9977
10540
2603
9904
10954
2144
12535
3892
3449
3953
4876
10309
1773
2320
8236
12344
6388
5534
6463
12746
7341
9300
5869
1759
10817
6006
9328
1537
294
6842
4061
2216
12934
8320
11335
8086
1135
9575
12241
8367
3537
5268
6759
6330
1788
11521
1251
6548
646
8154
3936
12305
11979
833
12968
493
6363
3589
12156
9201
947
1824
6073
10992
3990
4998
3796
9513
11420
8478
2004
2553
8424
6317
9188
5870
3340
5353
9763
12715
9056
2078
12734
12491
3090
3384
9127
11122
9700
115
8395
5236
6769
6059
1165
8636
9886
12286
1540
12051
532
125
10502
8609
2647
2406
4336
301
4480
11482
3837
6760
7629
9174
6748
6948
2329
8009
2137
9662
9771
3161
5568
11572
7897
6562
6078
8303
8262
5165
8315
5893
7849
9088
4313
8837
8990
12181
4072
10819
9811
2942
9531
9163
11264
8226
3985
8738
11620
12321
12732
10689
2223
2421
7129
7441
8266
5633
1472
9509
4888
2197
12797
8793
12556
9305
6332
4781
1671
10163
8535
4295
6308
3009
1368
3301
6111
5279
647
6304
11465
12204
3881
908
6656
4030
3950
689
12332
6010
12852
1837
9843
7439
9386
5735
4660
4411
9805
3529
4896
1850
10400
12068
11556
1449
2777
11578
10759
691
6484
4149
11074
12540
6737
9302
7615
1448
8963
10655
9495
3268
9205
9428
10847
4865
6218
1966
7164
12883
11033
5335
6831
7245
11902
5387
9326
10087
2719
5227
9102
2010
5152
8919
10794
2519
8581
6920
3692
8358
7966
4741
7788
5972
3322
1397
12601
10223
12682
3845
8514
4217
4428
1734
7939
8222
11921
8998
5411
10609
10721
3665
9959
10524
516
5154
12219
7214
8265
876
8088
386
12528
6569
8980
12468
2239
1780
5638
2277
11141
9462
12508
5028
3886
7870
7601
10726
6855
2770
7279
7189
3506
9914
457
1155
4713
5789
19
10360
1510
1902
8056
12637
12633
5740
4765
7061
2430
244
7793
11729
10522
1350
9945
1927
257
478
10668
5181
2188
1099
7423
6577
2379
12001
9541
1956
9170
1815
4235
10226
5626
3755
10901
3705
7122
1725
4505
12788
11047
10763
1103
717
5513
977
8884
11914
4337
2201
7139
3333
10820
11864
7687
9631
7424
8928
12919
8157
7317
12617
1225
8755
2162
10399
9584
3158
6714
8428
12413
8718
12359
9406
5604
31
10194
10131
385
11070
3466
11899
12167
12585
8943
950
7041
2501
1584
8674
4204
8859
11190
5015
11371
205
566
10138
6488
11889
1803
3063
1761
7241
2416
4918
9479
8565
4991
10113
12067
9329
78
10640
2629
5690
4378
3639
6016
12454
7937
3613
4350
8402
3860
12970
1203
8746
11806
2282
1418
5304
1875
1281
782
2104
11917
12965
1879
649
8239
4980
3820
3095
2271
5208
10181
9014
4051
9890
1820
5935
3861
9367
9017
9473
2509
727
7393
3634
4110
11494
8072
11313
12213
905
7389
7746
10330
4574
9851
3994
3115
3068
10098
7472
10570
8354
3590
10114
9687
5402
7059
10926
4573
2532
3101
6605
8490
4973
1316
1590
2013
9522
8975
1321
12309
12226
6552
12278
8635
9693
8047
5250
11765
3181
9160
4173
10153
5147
7767
2639
8479
11995
8290
6793
8458
10498
6625
6290
7702
12224
6221
3898
208
10462
12990
8443
10017
7973
7221
4806
5712
10928
7226
467
1746
9496
884
2278
6183
293
7683
9324
1562
8994
7642
3429
10411
3134
6162
11252
5495
4419
9826
2094
8082
4847
12172
12889
11240
9369
723
3390
10106
3277
6318
10382
5463
9002
2375
3279
3969
12887
9242
355
1072
7097
4795
9225
5687
11253
11716
4531
665
441
3421
5733
2079
9288
421
3439
3058
10408
6092
11057
6982
2089
3226
12414
4384
7471
8293
6713
12470
10434
4312
4164
5453
7762
11386
3021
2292
11001
8734
3759
8860
7936
8310
6826
10201
8613
2740
5174
2523
168
12198
9028
11983
6734
8094
12040
7406
4856
2820
1965
7570
6676
2215
283
9089
8287
9758
591
4441
6825
11662
9521
3902
1712
4143
1776
4318
1362
9504
9841
7269
10379
11639
5710
3938
2052
4562
2158
11772
1035
1172
2563
3180
1852
1887
104
4511
8583
2462
3792
2037
9401
144
8411
11217
3531
1512
7055
2373
11802
6042
2456
1609
1355
10198
8799
376
8452
1684
4408
12886
10634
6322
6766
1816
10445
2522
8042
3793
8500
5826
4186
3640
11233
2438
5145
10614
1740
8588
6539
6568
8765
10515
4720
5310
5105
11944
9586
5237
4420
7950
4752
1958
1603
11170
2467
9964
6302
7750
614
7813
7348
6916
4092
3576
9404
4567
8090
2474
8551
4091
10919
1438
9678
8281
2381
8383
926
3973
12568
3868
958
2457
11068
8797
6786
11242
11305
4118
7065
3329
8710
3036
4047
8882
8548
3052
2732
6069
2289
4158
10708
3199
11607
9900
5652
7337
123
6022
5984
4854
7138
1758
11148
12946
8119
745
8902
11786
1799
12355
2646
4306
5548
2686
589
8524
7993
12877
383
297
8495
3905
8245
6646
3512
2472
3786
1220
10426
117
10620
8855
2762
12229
6284
12398
8764
4935
3258
6
8023
8213
10826
7473
11649
12933
11030
11493
106
6823
6314
7524
12262
9846
6943
6661
904
3752
9645
1920
7131
10778
12010
2017
9634
3402
4764
12121
9259
2413
8405
12574
6250
7330
11083
996
12302
9286
5581
5171
138
1533
4189
12566
11172
1163
7624
2854
7274
2922
7146
130
5320
2345
3351
2385
638
1481
4724
3915
3109
7518
4572
11021
5569
11925
11513
8946
599
3020
9469
12893
5795
4519
3800
10968
1068
8825
137
4838
3070
3869
9956
9939
9880
11805
1043
6983
11479
1371
9633
8217
8301
8438
7390
12409
11455
5389
10646
6405
1233
6202
11107
7580
3188
4892
8104
2033
9884
10442
3243
9290
7412
12592
9747
12459
1178
5684
11020
2913
10439
4346
5488
6450
733
131
5274
4761
1026
11175
333
2751
3494
10658
5099
5196
1528
1241
11845
1632
2423
5430
3360
10913
1867
3655
4597
1857
10613
10883
5098
7704
3148
2330
4400
5968
945
4595
5266
1568
887
10293
3901
3365
10317
9603
4871
10615
1588
4115
8067
9624
3381
9112
1028
1093
10479
1575
3418
7525
2149
7622
8639
10886
9380
2980
5937
2715
5614
9927
5156
4719
2312
1110
10405
6913
888
2018
5421
4161
8628
5926
8730
7234
3610
10822
517
10520
4265
1636
4003
10129
7493
667
323
8214
3977
2811
5205
11160
11826
9670
486
3811
7875
6100
8183
501
7242
6432
3968
10049
4182
5643
1037
8550
7757
9238
3382
2593
8927
4942
12263
7092
8487
4218
3780
5530
4266
11555
3681
12166
3885
11984
2875
1821
2889
8034
6607
6794
4071
5630
12184
5043
6263
8617
5281
5190
985
7387
6747
4726
7903
11251
8679
1532
3106
12191
8661
10899
5751
2186
5245
2199
6457
5514
1098
3451
9144
5011
8414
4327
8336
4667
4734
6809
2667
5717
11406
8694
10633
2241
1311
9729
1787
3896
5234
5731
7827
6471
12074
4874
10249
10512
2898
8690
261
8370
9937
4057
9542
1994
6161
7259
9742
2709
8967
8992
1592
4463
4382
5070
154
8456
4950
7398
8353
11426
8175
5406
12244
1648
2
7257
4987
7773
11158
4048
12501
12955
3628
9172
5697
3573
6231
7695
9317
3676
4045
7792
9118
7969
9303
3399
7069
8417
9310
12353
2378
8220
7016
3817
11222
8069
6690
4895
8077
12582
4731
2963
9423
3341
4449
2335
8135
5126
12638
6929
12712
7733
11677
5904
9722
6535
10415
3740
1457
1909
10260
3794
7800
12366
3947
9833
6065
367
5762
2992
11441
504
4251
7174
8800
2773
12138
8984
7585
2210
10391
5714
11261
11888
9673
1314
8325
6483
7661
6538
11405
10279
12904
3718
6032
6672
10118
7397
3159
4786
8144
1630
12471
1196
10873
10576
5396
8680
654
5950
10846
12173
4983
2192
10850
442
10046
4693
4630
8415
7566
9573
5903
2927
3391
11695
2231
12478
12420
662
11114
167
6469
6329
116
12159
210
9793
4105
12505
9256
2623
2113
803
2768
11106
10916
8099
1029
12132
6615
1672
451
2952
9684
4760
11388
852
1836
1972
8701
7378
3593
9402
1772
8403
6212
6191
2651
2747
11522
8824
1840
10078
10097
7316
10265
9660
3584
10872
1705
10000
11733
1305
141
8856
7830
10687
7224
12128
12685
10532
7613
2970
7914
7110
4864
7114
7051
11064
40
9439
9931
8981
4282
9892
12687
436
9125
12830
11306
2429
3909
13008
6899
4214
4228
6900
4677
12217
9970
12905
3050
1468
8833
7427
2203
3235
8197
11043
12537
5128
11725
8212
7634
6007
12126
7181
4651
12319
9654
10584
11843
4976
5841
5536
7445
11351
2579
10679
7863
2205
12333
3476
12168
5924
6932
7595
964
9373
11346
5378
4299
7262
1891
7753
9181
1663
6723
4135
4885
2574
8811
1525
7220
6918
3998
5823
8739
11333
1464
12499
11331
9263
7678
6201
6682
3019
5136
10851
2473
9910
10206
8233
3919
8010
7202
11621
1065
7201
1623
2071
1936
9762
4921
11771
10942
5828
5636
7367
12021
8529
8740
866
12562
4910
1809
1222
9483
12228
2853
735
6345
1664
5412
7547
5361
1637
3412
219
3254
9098
6518
4392
4031
8338
7070
4676
10327
6924
3410
10082
11721
4614
2817
11456
7297
2107
1638
12599
10178
11296
7522
4415
1185
10818
2279
4154
8448
6505
4789
9518
5998
5450
4249
6854
8991
3006
3951
5428
3126
6803
12660
1111
5852
5101
12081
7295
8254
12645
11358
6880
3879
503
9376
5620
6510
8491
7781
6895
3790
5551
10117
9923
7947
4969
9995
6792
11422
190
11042
6392
6609
8105
680
7954
6262
411
1286
10385
2299
9537
8275
3099
2050
5024
6987
4157
5504
2009
7868
9443
6003
6278
5521
625
10631
8801
3074
6659
10722
12651
4714
1447
8623
11204
10889
6482
1019
11474
1404
9490
9430
3670
7766
5202
968
2036
5493
6440
828
4294
12381
5347
8339
9627
10912
7723
8796
1950
1975
7812
7014
3393
4040
10316
8750
8255
7543
8388
734
11903
1214
6436
4638
12258
7884
3651
6288
10343
10014
1612
10079
7213
6798
1117
7905
1617
7592
1076
11596
2731
7127
2669
2690
2262
6158
2163
1191
8394
957
3215
235
8364
9866
5022
6408
4476
10025
4342
8677
5577
3933
9963
11216
4276
12465
5610
4938
4475
4213
592
9580
6292
702
38
8834
6062
1164
4211
8156
3659
7579
12809
4640
11179
7415
4908
5609
4000
11092
2728
4916
12868
652
2122
12176
1947
579
4334
6529
1873
12314
746
4101
9237
3237
5032
2083
12165
777
9546
8611
5035
7077
2951
1050
9231
3788
2785
6207
4142
11760
10383
9713
3012
4298
1215
653
8481
8178
8864
1893
4554
12824
624
6616
1301
1094
2645
4012
8737
2187
9593
6220
6024
6636
1930
10373
3862
11496
9206
6103
7770
1914
12130
7143
11573
8087
11975
1964
760
8543
5983
4093
3602
2735
10011
5414
4345
8160
4356
11907
3577
9505
12620
26
1279
7154
10220
12913
1463
2168
8462
9556
6123
126
1694
9352
8001
11298
2130
8874
7596
7845
11205
7640
3980
773
4891
5217
11974
4438
3057
1352
4834
366
807
4881
12307
4840
2713
2638
449
9893
2112
4931
7263
580
800
9545
7740
3111
5670
3867
7150
1125
909
2887
4696
8171
7430
8224
540
4548
7347
8941
4436
7076
11671
3575
2525
1299
10760
6353
4418
2550
324
7635
11048
9262
5186
8362
4520
12473
6957
9250
3206
1167
1002
10972
10566
4243
9613
4321
12785
5666
12348
1688
5659
7542
9414
4498
3746
1255
12367
10211
1104
337
2908
650
10946
1655
12812
2539
3007
5799
8210
4803
8283
3032
482
3271
11851
12953
2318
6338
4536
970
7094
9981
8626
4911
8592
719
6295
10982
4774
6949
11418
8905
7546
7284
7641
10295
5671
6519
2859
8451
9110
893
3233
1260
5207
8783
9557
12625
8330
8539
8017
6564
5679
7103
10258
3357
7507
3248
1273
9396
12894
2261
1367
11816
8131
2151
6649
11201
10607
5040
6000
4066
9012
10748
7429
5700
9185
9410
6637
5985
2974
11612
8323
231
9264
2702
9130
12134
865
7148
8418
7945
6610
12587
4902
6724
9097
11188
4672
8708
9077
7668
1467
9142
8659
2095
8141
2121
9022
6906
9658
1263
9883
6818
3013
10724
7090
8503
4568
4532
8300
5140
10550
4246
9137
3367
3000
2813
10772
2440
2909
7140
5309
11812
2537
11971
5988
6477
12431
5081
10833
10983
6313
8064
6164
1733
8231
5014
12705
5956
6741
11487
4816
6281
8425
10605
1735
4292
2771
595
10364
4694
2229
11288
12993
10124
11365
4688
9697
6172
6750
6188
3551
1701
9068
5424
4778
3128
11575
12077
7794
2153
1441
6887
3713
6559
10781
7258
79
12847
11514
6011
12846
4183
10845
5829
4552
9050
10482
7674
8030
9949
6914
3587
3398
37
2993
3641
1444
10100
9368
6019
9134
6315
12548
8840
9306
7469
6628
10939
7249
2996
697
9240
3417
5522
6796
8829
394
3056
5728
2350
6650
4617
7851
9282
5486
623
372
12082
6374
2871
3223
1871
6781
6336
10410
4964
74
8200
5779
12026
4800
1315
11647
12532
783
101
5531
12129
11109
6574
7558
11629
6843
4007
5299
1693
409
4029
4159
3165
5211
6441
2267
7416
9353
11093
1724
3446
5224
12747
5519
11722
8305
1874
9334
4999
6398
12628
296
11411
1306
3260
6346
3253
3764
11701
1440
5460
2822
5716
858
2204
6323
2616
2998
121
10500
1168
2359
3179
11397
7708
3706
7325
1146
9257
5560
12798
11302
6325
6367
10671
3354
7356
5331
6222
8112
2936
1971
12247
4952
12634
4451
5543
11162
10402
1535
6410
5878
1499
10212
5578
5444
9115
1711
8954
12183
9912
5494
2245
5824
136
1685
3737
4839
4650
8189
12598
4506
4445
10629
4263
281
4025
224
9538
5440
11131
4156
628
4939
9058
1942
5696
12062
2152
30
3995
3144
195
5096
6845
6352
27
6526
762
12891
2749
2449
4062
1086
5062
5198
5722
2741
10769
5640
9052
7559
12003
8223
6668
1382
12352
7709
1869
12800
4464
11054
5222
12284
25
5401
7193
11336
12944
8352
6639
8471
2400
2680
33
194
7867
11652
1365
3504
4860
1907
7474
9361
3945
11834
4403
7377
4131
5287
11913
874
3831
3804
5579
6044
9064
10910
6824
10332
12526
4845
9498
6732
7163
10164
10908
8078
6043
2331
11457
6219
9526
1123
10028
8758
5048
3427
1459
10821
2401
11815
6848
11618
215
9668
5800
11988
10102
222
7908
12600
5787
10250
6989
3647
10842
2169
12387
7670
9489
5760
11830
10034
10368
3833
4300
11764
10416
2392
8401
12815
2242
11193
12043
3462
10776
11683
10894
2746
12980
5565
4203
5847
4529
2322
8868
6984
6540
6502
6130
8568
967
10750
2339
12025
11631
11661
5833
4474
4301
5499
1154
12864
5537
10148
12605
9831
12337
4487
11947
756
2965
11241
9289
410
5862
1578
3609
8660
3010
7862
999
6667
4271
5496
1835
9688
5153
6868
11908
7444
9950
5780
6366
4018
5734
10123
1252
5365
3565
5094
1574
11008
12597
7000
9955
3026
2156
6344
8888
10193
1527
118
7301
2787
11987
9649
6849
7981
9072
5840
12144
10202
3805
306
1053
5505
10119
11886
7072
1460
2614
7583
11588
4545
10281
3205
4879
359
412
4297
11676
3002
5809
4272
3645
1483
12146
1515
446
158
11084
11294
9727
2714
1529
11156
5351
12030
11461
8049
7572
9164
5882
3557
6050
6293
701
4716
3370
1674
4948
11956
10499
7310
5375
5911
11706
4341
6746
6736
10969
1392
6076
12272
1606
6121
5958
4226
7204
895
3380
9091
8252
2802
9533
6686
3216
2424
10431
12405
6707
670
4982
239
7144
6034
3485
11949
2671
8523
1373
7192
9648
4248
8457
5586
792
2402
4546
5012
11985
7840
8522
7593
5034
1607
6210
2283
1291
258
8989
10086
821
1341
8957
12118
6644
3971
9637
0
7804
5511
2099
9499
11780
11436
8983
1819
7495
8188
8606
1973
12903
5223
3660
1336
2772
1342
10791
4495
3876
7278
1968
4605
10180
2469
7454
10965
8638
5669
6817
12049
4059
12500
1516
7824
10710
3736
12688
2035
12179
2302
9867
1802
2102
5343
7030
5082
2371
431
10506
1890
8950
1796
10993
9171
11506
5195
3926
4988
4686
4491
8896
12187
12336
2505
10682
6145
11359
11364
7343
10012
10830
9532
4431
3835
6409
4904
3156
7744
1959
16
8328
7019
9868
465
8955
3425
2065
2902
3720
2717
861
7649
3261
2939
5563
3456
7231
11793
2707
10218
6951
3556
10895
7038
7003
6272
938
11878
4852
5766
6243
6249
8000
4027
5108
1502
8203
6445
9133
12817
11795
4054
12139
1541
10558
2127
8039
7834
11817
12032
545
2479
5049
3362
495
10297
3614
2725
3110
9464
12530
1095
7384
2918
7963
4612
3781
1598
6090
3444
3663
3177
7511
10273
11602
3637
2072
6378
9785
4081
7998
4036
12539
9029
2850
10203
1616
2269
12750
2249
5461
8813
1948
5502
8988
9572
11186
6060
3812
1696
12239
9421
4626
3776
11082
13005
161
1571
2141
5442
9641
12296
470
2911
688
2485
1765
6663
7177
6528
9972
9066
9267
3313
2808
479
417
2759
9991
12469
8250
5445
5738
6829
9994
8513
942
10121
3269
11727
12646
1700
7915
5594
1149
9313
445
2263
11967
1119
8089
7898
868
10058
5189
5106
8668
5948
7886
6462
1703
12884
11096
10172
12212
1259
2352
7407
6791
2949
9707
1309
5342
2436
6379
11887
12770
4753
6810
5535
1689
7808
5107
814
12591
3011
11379
10338
4296
3997
5635
6902
4004
11592
8586
7475
4727
9653
11314
5774
5317
8376
8474
9492
10712
5471
6780
3131
5923
9834
679
7184
8420
2252
7651
3738
11286
7281
12245
4395
7724
11890
716
1229
1782
4945
1475
12541
7512
7366
6268
961
9457
2049
683
6923
7033
456
5885
3368
11543
8113
5005
9253
3809
2118
5170
7266
4241
2989
4822
11813
5608
6669
1550
10094
9333
788
1408
6988
6035
6159
2081
8526
8947
616
5544
2907
6190
11185
9235
1173
7597
2950
10467
3405
7147
7876
87
11901
9322
11850
770
11045
11478
2577
12948
5233
9661
5571
10762
523
6497
4113
494
4824
4465
11500
744
4207
10688
3561
8910
250
791
2855
350
6790
1565
3500
3523
10112
1677
6756
3339
7880
9902
317
8780
3818
7510
4995
12973
7563
4827
9644
9555
7134
12832
12502
4756
2370
5517
11327
1509
9672
319
10997
11369
4788
5691
2742
12615
5135
4126
10365
10261
7267
4886
9913
10589
12177
3388
8915
10854
10630
6679
5815
1983
12936
1980
2866
344
11342
6077
12609
11601
849
2139
867
8545
6389
12231
521
725
11660
11587
1629
11202
6697
1876
7763
737
12741
9836
10401
7200
11080
11435
2585
4541
8306
8206
9168
8602
747
7489
11849
6297
10849
8168
2405
2698
7989
3848
11923
9732
12394
11982
5860
8939
11430
7960
3552
10602
5456
6771
7569
8037
10704
1047
10318
11378
6620
1198
9331
8985
3038
3797
12178
5386
12552
10037
12090
5981
8848
8644
2721
9293
2388
9230
4381
11986
1556
9393
8349
11123
274
10305
754
12760
6119
3899
12149
7040
9751
3154
7433
229
8360
3448
4773
9619
4870
9152
1022
6881
12195
4479
7499
9076
3075
4790
7896
3704
12169
12334
12371
1004
4055
4540
7321
9081
7796
12558
946
4010
11758
12703
11354
9510
8979
7938
5554
3735
12906
5657
4897
4971
7689
9755
10361
1021
10388
9486
2661
4240
6770
2441
4585
4209
2635
5688
12701
2630
10176
9422
899
3569
6478
12240
9086
5314
7755
7194
10858
10563
1244
3100
6852
11955
5464
1490
1450
5769
2756
4569
1586
1108
10547
12742
10747
3878
11548
5541
3151
3197
2106
469
9986
6561
4488
2471
7086
6051
872
9049
10774
8439
846
4508
8886
11266
1518
4373
3033
94
7720
9565
6689
363
12323
10310
12422
1293
10301
11454
2214
1195
10430
1469
508
10678
7667
12361
361
279
3374
9882
1702
4073
7591
8869
9151
10387
12186
12748
10187
10811
10221
11884
11552
7776
6376
5996
663
11437
4924
8711
9954
10987
6437
9153
6622
6151
2240
7739
9219
7620
8778
10785
7978
3889
270
3775
3999
2228
9104
2354
8461
7021
3072
8373
9669
1498
4594
10
5767
3679
10537
4094
227
233
10390
8895
2637
8326
4106
7396
11254
1626
2644
12640
9543
3975
5199
12481
9724
8182
4820
890
142
8279
6514
8688
8179
7857
4169
2832
1484
2517
11844
5846
12675
9215
4533
3297
5559
11183
7594
8727
3468
11963
2906
170
2512
11169
6865
331
9574
5838
7599
8655
3819
775
12483
2973
3119
4516
11284
4322
11473
11348
1666
5357
8807
3631
12446
10334
3096
6876
440
8477
2826
3471
5500
7882
8074
3517
10808
10195
10089
3571
12133
2587
10419
7842
4423
6143
3701
2650
1054
6287
5617
10027
7504
9911
8698
2410
13001
686
4268
5124
10803
10764
5300
13000
11731
12192
1009
4242
12647
4127
11641
11610
4542
5271
5498
2012
2306
11595
7605
346
7381
11344
8625
4016
206
12547
128
129
3496
4360
8832
9600
12997
10075
8092
8268
10487
12119
8724
7096
18
4643
5515
12982
7714
3303
925
8430
1044
5451
7656
9585
787
11178
5158
2387
8913
5612
2685
6520
329
8006
5288
5704
10134
7982
2916
272
9197
2200
6739
6342
10985
5588
12205
8890
11394
582
12926
10254
6910
8465
5750
12529
4404
10977
11965
4729
7551
10263
5333
929
4517
2360
2765
11532
11374
8619
9211
12020
8806
8284
705
223
2758
2357
3186
3508
6708
9431
10567
5297
12717
282
2541
7628
1886
7856
12999
6599
4008
8138
12230
9764
9276
5732
4755
6749
6617
1115
7160
5132
520
9275
1364
7261
5941
9021
2328
4425
3714
3841
10433
8790
11653
10339
6254
1210
353
1310
5231
1157
403
433
9227
5071
5686
10970
7217
1985
12767
6413
10802
10824
10897
2610
12092
2307
3173
1682
5432
5286
4453
408
7839
9686
8449
9255
304
3527
8843
962
8906
6727
11966
9033
5313
12579
4168
4566
6941
8662
5123
475
10457
7052
2605
6142
4430
10275
10308
11380
7410
8987
2838
10779
11275
9948
9124
1602
8351
3028
4433
3345
4623
9136
10302
6193
5997
11981
10888
4021
2225
4160
3324
4279
12124
10746
2458
7175
5469
772
9567
11980
5624
843
7413
12520
8174
1283
12303
5433
4933
6039
5872
8107
7621
1423
11779
12151
12841
2631
9407
4177
11545
11946
11192
940
9234
9849
2324
12087
12851
11389
10041
4512
4432
6696
7949
7577
681
9374
3739
7409
5778
10230
230
7260
10204
7426
12806
8033
11774
4293
5656
2504
6806
10529
5137
2172
5146
10069
3234
12370
2001
11483
11745
9895
9958
9291
10026
4304
2148
6961
8468
10737
10509
4467
6495
10843
7479
4017
3654
2221
264
6582
1747
3751
3163
1918
11258
10521
12269
5176
6891
4784
7001
8704
8043
3774
10771
7332
1577
3642
5350
10936
334
8589
2879
9830
2896
10255
9020
12180
11281
927
2237
3963
13007
10877
9233
12803
5786
8246
9357
824
8036
11432
12395
3937
4738
10961
2656
529
399
12015
2988
3582
6717
1737
5970
7178
12055
4862
41
1899
9942
6683
1345
3954
726
5867
5470
3712
8298
8422
2959
10577
3689
3286
9304
10568
1051
8025
11735
8802
2069
2258
10672
7188
7959
4929
11708
4831
3219
8964
2524
7847
8485
7797
251
3599
12879
10132
10245
7315
8842
12900
3323
9403
1800
845
3133
12452
2443
6738
11019
6448
1090
9769
5562
9285
8621
9998
4878
5360
10139
1297
5480
9512
12725
1218
7652
1855
9582
913
3416
2823
9862
917
2824
9917
4977
3770
321
6403
12909
10755
711
4900
8607
3948
2981
5422
5645
8024
2711
5973
12538
12692
6952
3972
12636
2499
9845
4330
7934
8484
4085
8692
10730
1641
11398
11177
5129
12161
10956
10355
9182
452
2841
1720
2600
11875
10001
3656
8109
3650
6180
8900
11541
6544
1547
9474
11630
4687
66
3413
7098
11623
12549
8767
9625
2584
4771
9038
4307
7470
9548
4993
9622
3873
2295
4698
4807
2531
9832
3194
5093
90
1063
9448
1801
3358
4193
6132
9465
10619
10165
10697
640
9855
9591
1258
2991
7531
8594
10262
10188
8969
8159
9273
12066
11720
10585
5680
11674
7296
2045
2845
6859
4957
4196
9932
5311
12607
8533
5858
6057
869
5078
8720
12442
3528
12006
11079
10085
2347
10729
11515
2559
954
5324
4417
2361
9766
476
2872
6833
2117
7562
3564
4485
11113
6583
2708
7881
1436
12227
7659
2529
12907
12496
2606
81
8295
9284
9881
11224
10346
76
3419
6241
3265
5622
490
4561
2336
2418
8079
11338
3594
3387
7811
8757
9408
2270
8054
9092
9664
6156
7066
7988
10142
3288
59
11957
12035
468
9935
280
4414
4372
1504
11836
7336
2091
799
7623
11881
6964
10831
6380
757
2126
2365
10637
8525
3435
9692
2733
12752
10971
3875
12700
7380
5063
6530
4673
1434
311
6136
3174
322
4250
8891
9695
6446
414
8285
9478
12856
7048
11709
2243
3359
4236
8020
1170
8155
6368
3935
97
9506
2382
6341
8098
8729
7829
4288
5689
1410
8519
3719
9616
9731
2726
5967
12492
3411
9896
10200
95
12071
1462
3407
953
918
1940
6256
4670
248
3872
4606
2366
6558
4962
2298
5602
7703
5180
11528
2572
530
9689
5319
8048
9943
10698
4371
10753
3334
6545
7686
9279
9003
2008
4930
8820
4194
7930
9579
4678
2736
11453
12983
12249
2528
11551
6551
10378
426
4044
10599
4011
7272
5006
7395
12477
11215
5251
8059
2862
2699
7126
9099
8835
4747
7027
3366
10867
907
8766
3376
1970
12925
1564
8678
6138
7455
5949
10880
2264
3475
6113
12544
11953
4052
10227
1545
11060
9589
7028
4078
2627
6245
703
3695
3961
10392
4482
5226
10469
692
3273
8876
718
1675
9
11259
842
11416
3270
749
12199
10616
741
7349
12855
2995
11536
6048
5898
1237
7731
12131
3870
4109
7219
9388
2303
11989
1242
2326
2213
11715
3578
10611
2628
12310
8344
4187
8108
9292
2463
1320
4780
10674
3603
4088
7304
2542
9680
4828
2253
6550
7350
4580
12853
10642
156
6604
1895
11636
9338
10056
2868
5149
3092
1048
5969
1025
3169
8399
528
2434
11589
2496
4851
9194
1969
7676
7169
3140
5931
10505
1923
7654
5054
9392
12200
7025
9358
6301
5701
11644
3035
7787
11999
5745
2985
3779
11668
6969
11431
10823
12238
2883
10639
400
1514
5528
12910
12339
3858
6871
8637
837
6327
7712
5118
9451
2190
7294
12320
9131
1211
5899
6227
859
883
8831
5662
5301
7952
11085
2964
12421
6511
8699
2848
7888
5556
3278
11549
10649
1120
673
4458
2925
6433
1030
12845
1710
7682
12428
11823
5739
11538
6596
4943
7958
6757
8122
7457
10664
6498
6085
4794
4332
4176
973
7209
7758
2566
7926
684
9652
10953
10072
3934
149
11570
1153
10397
4647
1358
5912
12931
6026
10340
6820
9819
6593
3664
10051
5371
2048
4509
314
2506
5681
268
10673
318
8066
6981
4563
1613
3632
3039
9176
12097
11274
64
1718
6339
9113
3124
2027
11428
11166
8170
5817
4539
12117
7576
2315
7780
8893
3611
1928
3445
12327
12658
3305
1419
11663
10859
7034
1312
2086
5816
374
7289
2722
3459
3554
8191
10496
9090
1789
145
7199
12211
12316
2946
5917
2935
6224
738
8650
8925
1768
10887
10348
1089
5819
5547
12403
1706
12095
1400
9195
9107
10143
902
10191
5566
404
256
7118
9280
8410
8341
9229
12943
2640
6853
4521
4205
9054
11360
2781
5603
1913
5890
5306
12974
7871
10428
5753
10635
6008
11692
2796
12351
9202
798
7291
10810
4133
6349
448
9694
11326
4136
3678
8667
10461
12631
8974
1473
6402
6922
873
10904
9067
5992
1254
3282
7552
1145
3162
11029
7324
2672
4666
8498
11006
4223
6333
6772
7571
7197
8917
11952
3246
5459
7535
3321
12036
7790
7442
3030
147
7590
4683
10175
10311
8569
9411
7544
4550
1597
10856
1187
11146
9249
3209
5481
6236
2815
10061
12439
1348
4397
901
5467
9297
12635
1984
10905
2356
11803
2538
7354
472
6778
8706
7361
10136
9119
778
1977
963
12111
1925
99
8046
930
1751
3440
4153
10650
3730
10333
10282
527
1226
10376
11699
2296
1471
7091
8058
11880
765
1353
3266
5420
4233
826
11095
2870
3986
794
6860
7158
2310
10510
6261
1667
661
12326
9797
8202
3834
6908
10891
10335
12667
7537
11077
4314
369
12047
631
9400
635
11267
9773
12033
2818
4959
7866
12079
8663
2147
6476
12436
92
12777
12681
1105
6858
10240
6531
4600
9746
1798
12222
111
171
2839
1337
11933
8598
1896
5518
3518
6936
10793
886
8582
7962
9936
1649
11788
5736
10951
9075
1493
12578
10569
4763
6375
11585
9635
2075
8256
6522
11835
8601
789
10092
5392
7970
6181
12225
9343
7464
7795
9315
10719
12898
5368
1670
11626
11941
4033
8234
93
6234
7392
8470
3472
11675
2465
5549
3553
12127
10224
4162
3320
4028
4701
5388
8368
7418
7450
9061
1582
3463
9502
2578
11990
8260
11755
2620
7105
10283
10758
612
11091
9093
10980
10468
11451
12279
8858
7529
10456
11046
5883
6897
2154
3697
12546
11182
674
6106
10561
1561
5029
8115
3213
5089
7818
6401
8377
8584
3275
6575
1908
10091
10208
5848
12917
8752
3283
6573
8779
6416
12858
11115
7587
2227
9316
5206
48
10214
4014
2492
3404
11680
506
2776
6223
50
12691
6017
10235
8716
12987
5069
10162
12950
9258
5175
11105
7045
7684
8492
1107
10472
4989
4641
6919
1580
12971
6343
8332
6979
11003
10159
11295
11329
1455
12778
2803
4283
9628
4117
9073
6534
5877
870
4410
11300
5558
12759
8961
10080
8128
5109
4608
12374
2160
3978
3891
8480
10222
7326
9497
7411
5258
8501
10518
4607
6088
2948
406
11350
11402
8823
1645
5182
3146
11419
4953
10921
8552
2338
4258
12669
174
5615
8567
5452
1166
871
6839
8951
4965
2272
9957
8505
7906
6112
5632
923
5922
2090
5930
2804
3176
5641
3943
9145
2054
11004
485
1605
9596
7443
8866
11446
11189
11841
8518
2764
3295
8670
2043
10686
225
4103
5699
1539
8719
4444
8269
10805
5363
12503
1838
11024
8648
9982
11687
10756
12037
12594
2558
375
10994
2568
6938
6496
6124
3060
6694
6670
10978
9657
9364
1519
2124
910
4581
8022
632
12283
5850
4379
4443
9349
10562
3014
9221
3190
12455
4725
12672
4261
10454
3259
12768
6460
7782
439
4598
4936
10244
1756
1560
3004
8733
4001
255
6369
6611
10231
9314
585
1011
6547
7669
1507
7227
4393
6536
10930
8288
5380
1480
7737
9260
10718
2602
5650
427
5943
2641
4914
3526
4195
5790
609
8057
6804
5298
9246
9016
8760
1446
7447
11503
7922
743
9946
5965
12410
9984
4992
4231
418
10606
8593
4102
3924
7358
4220
3657
3592
12811
9874
11928
4050
1132
4038
2428
2435
10418
4706
6481
5771
5384
3810
3105
1634
8312
9850
6978
8125
1231
8218
12757
9925
7967
9983
2954
8307
11998
6703
1066
3884
6168
7095
3709
10676
4966
1112
4367
3856
8932
9825
5613
6320
7894
2414
7925
10158
9319
11125
9777
7068
7375
7964
108
5346
811
4954
2712
12927
466
9140
8337
10394
243
12022
3031
8542
6196
2867
1596
2609
9620
7919
8770
407
2873
6167
6211
3967
10357
4450
8282
10417
9988
6619
3524
1466
3467
12816
2143
1929
3854
9065
12019
574
2659
9424
12928
6386
8930
7113
4522
583
1941
1488
6239
12551
8530
8244
11718
3708
10384
6603
1848
7179
7985
9663
4267
12514
3743
10548
1
10278
6423
182
6744
9323
12779
6154
10322
6189
6430
6480
11508
9071
3970
4080
11782
1232
10866
1361
8187
7705
11498
9208
9043
9523
5163
8392
10927
5323
9800
7854
2209
12696
6038
10981
9864
3024
6691
8469
6128
10665
8828
3346
10684
511
10707
7254
2222
7303
11235
6834
3112
5954
2619
11309
454
2834
7383
8209
2724
12690
7024
9191
3572
7769
1474
12101
6883
9975
11255
4547
11608
8117
9027
1437
2738
9199
6182
12979
20
3558
5525
7843
9677
4805
12038
11710
6974
6541
2097
786
6406
240
11546
12865
12901
6935
576
875
7568
1548
7809
11507
2486
4665
1096
8318
10006
897
2622
7718
8429
127
11600
7432
5665
3484
1236
10314
11938
535
2701
8570
7848
8015
1497
5074
7491
5597
5429
5143
5225
5683
1866
882
10892
8396
5374
7658
12935
6270
6944
8881
2891
6372
2611
5876
11871
63
10598
2953
575
12075
3530
4252
2830
8940
5120
1505
12536
1317
12365
975
12308
11645
4104
3355
10884
6394
2211
11690
4777
3964
4023
89
3220
6631
12994
12829
12210
12207
1249
2687
2308
8517
5359
10709
6563
4150
6523
8060
3906
8299
889
11894
9149
12976
4844
10644
10299
342
10141
1919
11759
7900
6110
664
7116
8808
8675
4883
10761
169
8579
2019
2448
3293
7328
120
3515
8005
3893
5060
5023
8651
3568
637
5472
8050
9034
9599
4380
6516
4873
8134
11373
7386
1343
7338
8537
12808
6903
8198
4796
1091
5982
3694
10155
12510
2683
11650
4197
7322
12400
4946
6184
6105
10321
11459
3498
8433
3952
969
8309
5490
911
11678
9978
9335
3061
7036
4058
11800
9779
9930
10775
3585
11837
6678
425
5601
5133
9740
7345
5473
6133
3559
11535
4919
10459
10228
9347
9719
7700
12507
5204
10174
4120
4501
5001
9549
3330
3212
571
3877
4446
4225
474
6439
3644
12058
6169
11910
159
9048
391
3420
2835
751
6197
8166
11237
7556
8653
12494
5373
6407
10813
5004
7920
11245
11330
936
1016
7500
5706
10071
11223
4704
7864
500
2655
5629
2744
1189
6785
11257
12408
7951
2897
4124
9132
5884
4042
3782
4882
6926
10404
173
5832
519
1240
6966
7463
5939
10557
341
12506
10538
3827
7810
709
12246
2654
12360
1058
2660
7614
5092
1530
1658
1771
5918
2006
1992
5874
12190
3326
4528
10452
12773
12457
2167
5484
73
1268
7171
12290
4144
7394
634
5729
1092
11492
464
6045
6509
5159
892
402
12255
7009
6720
10471
10571
2346
7616
10161
11950
5555
1414
12234
11666
6064
7633
3829
10786
7786
5051
10700
10869
3683
9405
3778
2389
742
471
10875
593
5782
2576
11210
3669
12504
2399
7498
5157
11366
8805
7859
8907
3401
11491
11542
2040
8172
8686
7573
682
11187
12103
10287
5830
7306
2481
2934
3673
1008
2266
2828
7054
9184
5479
1380
10675
11016
2679
2325
1620
12093
2527
12794
119
7872
840
453
6597
7112
3
6296
4287
9382
5583
6728
9057
10157
438
8841
12724
5526
4215
5243
1322
4454
1184
3962
6030
9121
12641
10944
5390
4255
7754
9494
480
11750
9325
6711
6799
6134
9671
6885
6827
3620
12143
496
5091
714
9774
5764
8467
8272
3037
4409
8248
536
5336
4584
10289
6589
3300
10683
5193
5978
6898
1998
722
3414
7183
2255
4286
5090
6851
458
5179
11450
183
11820
8193
3760
12105
6701
1738
9488
1563
6458
1227
9544
5813
8243
5901
9696
5203
10534
5743
2933
2380
10362
381
8657
5625
8211
8055
11724
7555
4390
12215
9804
12106
7639
10213
3094
3218
4833
4837
7717
9345
12475
6985
1381
11211
12880
11488
617
9162
11324
11328
5242
11964
5692
525
10800
10526
5596
7280
12923
3684
5920
3314
6056
9676
7307
8861
839
7467
2046
5986
5117
3257
2689
6276
11689
5255
1961
548
11234
2903
8261
11443
11909
2663
9639
848
3516
12275
10871
9470
9615
7166
4642
2340
2415
11749
5708
3510
5241
11232
11840
4083
8026
6298
3921
8603
6721
7732
5913
8908
11231
1294
10711
3680
11594
1243
10286
5501
1246
1662
200
7288
5989
12619
9084
10493
4239
12807
9070
11792
6835
4503
8511
2894
7232
11937
12163
2300
12098
12317
6025
5725
1171
1652
6020
4264
9820
12407
2718
6614
6995
4890
2590
750
10736
657
5649
8038
3543
6152
10259
10476
11853
10009
5628
9858
1324
1910
10062
6832
10173
8787
4079
11567
11495
2342
1265
12102
795
1351
1963
1378
1579
9224
6501
9432
4064
6348
11544
11065
6116
2790
6412
11842
4167
2284
5115
8624
9973
12630
8276
543
1424
12804
8158
5639
2182
12533
8096
11376
9383
4163
6542
12678
6455
10409
6356
5033
8237
5178
965
6879
10911
12972
12335
2500
5685
10070
12656
9501
12836
6465
1739
5952
7228
6246
2986
10612
6079
12256
10553
7083
12064
11280
6731
3652
10546
5663
1790
234
12801
3595
11000
12412
6940
1741
9682
5737
8380
4290
1049
12476
3027
289
956
7821
3605
6217
12793
4461
8754
2477
5784
7501
2070
8785
1020
9083
3423
7883
6784
784
10559
9679
979
2554
553
6200
4037
2982
9792
10964
12059
3289
398
9928
2123
7376
10453
8161
11882
6912
2110
8251
1531
10661
9592
1158
6921
11665
10013
6822
7186
12376
10539
7816
6259
11101
10363
2220
4515
10099
11393
10137
10652
3832
4863
5896
9356
916
5289
9856
1363
5409
10535
915
6117
1749
10666
4530
1407
9274
271
3734
12859
434
12160
12313
5808
1370
7071
12744
6801
3208
2138
10036
629
4570
6326
7878
3232
6131
2526
6144
11704
8775
7210
8219
2910
7831
9340
11664
5017
2276
12827
2142
6108
11922
155
8761
11427
7372
5267
3649
11145
5269
6002
620
9047
3378
4206
1383
36
84
10893
1097
4317
12575
5086
10573
1726
8576
6013
4636
645
12292
5814
11197
8146
9878
6864
3847
7873
8345
1526
5042
3245
2612
3726
11341
838
7172
461
12377
562
9471
1162
4893
2692
1010
11539
2021
619
1261
4742
10084
7909
8555
3080
2551
9659
12814
8547
2218
12461
10146
9552
4748
254
7101
768
10815
2353
8324
2745
7359
4593
10370
1931
4188
636
3615
1777
4056
7099
9379
879
3949
10870
9223
694
4782
9415
8127
11310
10735
5280
4793
11810
3328
12375
3296
6976
9860
818
4792
11276
320
8466
6104
710
10918
11244
11978
604
8169
10108
10738
5238
10580
502
8753
6361
2374
6052
11524
2157
6763
6634
8689
1005
1179
4524
3474
8929
3698
4928
2409
10720
12702
10192
4850
12288
12522
4237
6438
10600
12384
8556
4633
1608
9775
1401
1757
1340
491
11527
8877
6260
3431
2030
5018
6125
1892
1422
1411
8270
4232
3489
4361
5642
2309
17
4084
11599
12683
6459
3930
2892
11075
1769
11236
12000
1657
1811
1573
9587
6493
1731
611
6878
12325
7679
6588
4222
1834
5940
5257
10497
12622
8488
11292
9610
2555
9444
11726
7385
1863
721
531
3389
7940
5837
10029
11014
6993
4649
2212
2135
4470
3348
11469
10406
11852
10533
11926
4427
6242
3238
5647
11069
11135
5121
3983
11977
951
9901
11502
3139
7892
8673
590
944
4932
11289
10749
1951
12498
6821
12201
10574
10022
11809
9706
8081
2668
11739
5849
12842
924
8489
7772
12448
586
10440
10371
1435
7696
11225
7588
5726
11361
12711
10950
6630
4399
12298
6171
9332
12581
6585
10242
1228
10494
8850
9507
9611
533
4961
5282
3864
6453
526
1717
8494
6521
6472
7044
9177
8447
10701
5264
6307
1900
8508
1067
815
7093
5951
3149
3787
7449
7728
12014
3653
11038
3822
3767
3850
47
1442
7063
12349
8515
7320
774
5618
7290
12895
10587
299
3911
7339
6755
6216
12487
8314
1357
5449
12480
12671
10770
7049
1813
11124
1143
5370
5621
12564
2191
5436
4815
1625
7846
12270
12840
2769
11896
5303
7482
7282
1695
9311
5524
2478
10669
1181
7484
7050
1083
4571
4549
7565
6400
6291
12445
11776
10422
3067
10238
4619
12988
5748
712
368
10940
10140
11766
12443
3107
2757
10922
1742
3941
4473
7632
11808
5900
3982
7018
8416
5329
11948
6629
3490
1860
12203
5278
4069
5026
1553
5516
1774
3344
1511
7902
5975
8762
7388
7785
8559
10896
3533
11413
9031
1188
6991
4635
9869
11173
9287
3839
12291
10848
7836
3646
11316
198
8700
2807
7707
220
1197
4770
6773
9735
5253
1708
12041
4090
7832
11072
2087
9216
10359
6454
10059
7977
6811
9768
12969
5408
1754
6422
12787
6990
7611
5825
8044
8618
9926
3102
9026
3332
5438
5376
7801
1062
9147
12042
10523
7638
5605
11134
11694
6688
4200
1427
3433
3912
7056
5010
6253
3514
2219
12740
2843
1912
85
2929
12152
7137
7478
8445
9220
11705
384
847
11794
556
8070
1326
5358
148
564
291
2865
6807
8063
7180
5746
2814
10943
3813
10219
539
5197
10473
11954
8534
9708
10601
1690
8011
12802
10545
8683
11442
5003
3457
1356
7256
9798
12567
12996
9040
1856
247
12170
8382
1443
9889
2234
9698
4075
9674
2860
5256
10603
5025
7727
187
6499
11799
9781
10508
8772
6693
2372
8962
5187
6396
28
389
7893
262
1549
2193
1722
9922
9277
1783
1133
11869
3434
4370
7825
4769
9239
9055
3612
12850
10733
633
5215
10135
819
7355
3916
2819
11303
4281
7890
3338
3772
12626
7191
6015
4534
6735
5553
5110
12822
928
10554
11763
2181
12745
5921
6643
10991
459
11470
7088
12991
2881
12899
12563
8216
10024
9154
5655
2051
3336
6186
12482
6233
6194
1647
8294
9095
9535
12069
3430
11736
10705
7371
8544
4627
2784
3920
11150
4700
6931
2386
9754
10128
3852
12154
5114
5219
352
10147
6101
8173
4644
5036
12495
61
266
10460
9146
10581
10375
7111
236
5944
6046
7932
5576
10432
1212
1015
8839
2513
5865
12708
1611
7631
11970
10835
1993
3152
7419
10572
2447
12116
7075
5200
10403
6303
11717
12277
4132
9650
8084
7619
6012
10280
11484
1967
3598
7486
9044
6444
3424
11120
7365
6054
6359
3661
5439
75
8235
3373
9265
9475
10076
10425
2743
1391
8028
10767
1653
3461
9161
3966
12986
9547
8139
6889
4359
9010
7630
1730
943
6500
12196
11337
1394
1379
7986
1012
8436
1476
6053
9799
6451
11161
12736
32
10798
4609
7215
568
5209
184
9749
11656
6126
12951
2256
5966
8878
9378
10145
8007
7528
2291
9976
12489
3842
3081
7145
8342
2966
7313
12444
11769
9604
4867
10935
5455
1269
8936
6937
797
3923
3394
1926
11959
5564
3600
3830
1339
4639
2080
2480
6066
9051
10703
435
10765
6726
3627
11883
853
11968
3150
12390
2940
2176
7230
5364
7719
2294
2208
2333
5173
80
11283
6665
6846
11635
2393
9782
9167
4859
2636
7645
6147
2696
12497
6086
178
4958
5793
6819
2596
11530
9046
12123
5183
6894
10446
499
2767
8130
8359
4019
1601
6847
7602
817
4502
7187
4538
3356
3443
1508
3172
6699
921
5777
621
9511
9082
729
6866
7237
9916
3802
11900
8784
2224
4095
9041
12716
3042
1032
7487
6687
1319
2673
6170
12380
8830
8149
12518
9720
180
9951
10583
3171
4077
10929
1660
2583
6567
1256
5448
7058
9445
8709
7726
307
8926
5749
6767
1713
12911
4369
4553
11129
10251
2128
6299
10412
4439
1775
12013
7120
6856
1127
1059
1814
1204
6808
1482
4349
7064
5730
10243
3135
12729
4484
764
9210
10019
9761
3521
1295
124
10182
2510
3287
713
7521
43
11931
12525
11066
7448
7929
12655
5087
1954
4421
4872
4812
6632
8143
11591
6324
4326
11870
12197
5366
5976
12450
8103
10350
2022
9399
11738
2025
8914
3725
4736
4034
6384
392
9710
12561
2395
2917
8585
8971
3974
3059
12572
2444
11918
2548
7373
11790
12952
4785
2286
10840
1600
4708
12236
3715
9675
809
8140
9236
11658
8366
9803
10656
8387
10525
11272
390
1300
12679
5302
4170
11011
12136
11013
4821
7318
9728
2901
1643
11868
1572
2518
11505
1591
5273
2893
2706
1327
11962
8742
8205
6896
8958
9789
4721
8225
6001
3849
4974
11434
2861
2002
12430
9158
7509
6515
7991
4412
2314
8632
10789
5757
11382
12766
5661
8725
11932
11934
5431
5991
7803
2442
12061
2031
2608
12322
3789
1981
5326
373
7079
12749
5933
4934
9460
8744
10093
11997
12140
3069
1536
8561
2398
6999
12157
382
4452
332
9817
10284
6492
4396
5405
7159
12294
11583
12780
6901
5887
11822
790
8442
11445
2856
1997
2174
5810
6228
5354
5061
6382
2136
2597
1454
12463
12961
3317
11466
2275
1253
10924
6890
12516
7907
2109
273
5807
3843
4604
2754
7506
7715
9568
7340
1478
2067
10925
10543
2705
2972
12821
12649
5637
10115
11198
12343
7480
12783
8798
12515
3580
9997
7451
1555
5382
9241
3547
12680
12920
6114
11892
10325
10177
5756
10754
6875
3383
3406
9200
11449
11584
11976
69
207
2955
4841
4723
2775
10696
522
8232
3192
5963
11550
6429
6532
2604
8277
10271
12854
3505
3361
360
12257
7233
8435
9876
11112
10300
5791
4389
9952
6321
9308
7520
6710
7860
7087
4711
3312
9714
6435
3917
896
11654
12331
9179
5627
3043
5334
11723
7022
9598
12388
10799
1520
7331
2730
6927
1622
1023
3643
4137
6285
6150
4535
10743
6965
11002
1376
8771
1976
1487
5908
12795
3838
1384
6594
3871
2621
4589
2675
7353
7607
3236
3251
8355
555
105
9312
12602
6137
5020
5395
12415
5340
6718
2864
8228
6627
12419
8238
581
12670
6815
12662
1429
401
12992
5348
11319
7604
3579
5254
7730
4486
6996
2029
1144
11462
11090
5864
8942
1991
554
9350
5016
2407
7107
9109
7277
1360
7182
11315
781
2236
2882
1989
8207
8132
5928
11582
3626
4100
10787
11566
3114
8507
9128
9080
12666
5529
2489
3859
6479
4920
644
10938
8844
10795
4006
11741
12513
3928
7492
2341
5759
4577
6584
5458
12252
3046
4002
569
1071
676
10354
4681
8331
1458
4456
7944
11392
11568
4898
3853
10356
9375
8029
4802
8120
10032
4868
9824
7643
4366
8685
2063
9618
3018
7980
1329
6452
1280
4108
143
3065
2849
2778
6917
2507
7238
2016
8165
5261
5088
9723
5454
7369
11707
11858
8827
2390
6872
7285
492
7309
12755
132
9370
9609
8292
12860
12479
12423
11748
3723
10160
11151
10096
5718
9447
6928
2246
284
9251
8851
5892
11829
1018
8404
5415
4254
2801
11744
12018
1692
10860
2114
2066
12060
5169
8419
6695
3051
2120
11
8384
5651
12109
12659
3883
8208
2195
7508
1122
12844
4096
10296
3335
1102
2821
8812
3001
5019
12243
3073
919
6417
8741
8386
9222
7198
4466
9008
541
8363
11196
835
8923
1027
10773
11856
12623
71
10876
8564
5352
11058
6289
11684
3570
7716
316
972
4355
4146
903
9606
3545
9947
9903
2833
10205
8817
8960
10150
455
627
12654
8512
1084
6956
10945
5230
7603
6844
2251
2695
11323
10288
7837
4065
9449
6578
952
547
12984
6674
9440
9736
153
11447
9198
6762
4429
11317
12509
8215
7043
12046
9053
11929
4139
8162
4190
7250
510
12820
2788
2232
1861
2520
8291
4842
11055
7971
9169
4493
8731
10125
11866
10900
7362
7691
8774
8887
9646
12153
2829
10816
1303
2676
9232
11824
2196
6047
5592
5707
12493
1138
9416
12648
2588
11049
11906
3204
339
5508
11593
10717
11118
7062
3055
11347
9245
8747
12044
2177
8912
4740
10790
5030
3116
1216
3499
5523
8857
7833
11828
10396
11862
8557
330
9337
2682
3716
275
9576
6592
10627
3617
8920
4175
3989
1778
6837
8068
5727
10020
7488
806
2403
2581
9887
10156
3239
5167
4278
12011
1234
12553
4219
11734
10210
12120
4909
5296
11290
9683
3428
3732
7283
11598
4576
4523
7042
5682
4005
7690
2786
12435
11904
12100
9835
1917
2552
3745
9581
12962
666
1278
9193
3392
10331
12825
7505
9409
11214
8148
10423
12523
894
5213
8304
10902
7653
12099
1937
11199
10507
6208
11688
12718
7298
11228
12300
7453
3717
269
9924
4009
7185
6789
2962
11789
4422
7983
12881
5192
5125
12818
2508
1894
11533
4631
3331
6240
8437
10647
4280
5672
10060
5247
12624
8580
4229
7913
8616
9484
1792
5000
7747
9413
5349
678
8289
1452
8536
8997
6698
1124
7497
9372
8347
8949
4624
12762
24
3662
10088
759
3015
5599
1224
3846
10480
2792
7618
4735
1639
10832
8763
3122
2297
12838
4362
6653
3130
1743
4198
672
763
7557
8560
677
2344
1495
10906
9852
5162
11349
6722
4656
8297
164
1559
986
10450
9438
8102
4801
6850
1654
5045
10962
7815
12610
8192
1770
10474
5889
5139
12876
10110
7515
3903
6098
12193
1878
1679
218
8296
8862
10716
9389
9269
12550
974
8577
9908
7957
732
9870
10166
5476
1644
6174
3750
2535
8714
7168
8863
5372
5768
9536
460
3369
6049
11282
3690
3857
5410
704
12796
4715
4147
7513
12932
793
9617
9377
6517
4586
4866
12441
6813
6998
4471
5676
2780
12573
12110
11509
12164
11936
8196
12831
11425
4835
8814
5794
12
1831
3441
8749
5064
10837
1581
5072
2642
12743
4329
4915
9812
287
11796
265
515
11191
8597
8630
2491
7485
740
5575
13010
9993
5660
5572
343
6420
3470
10685
12488
9647
4975
5041
4026
7677
3932
8240
5674
6623
8013
9753
6310
10130
5284
10326
9796
542
57
4032
2760
1952
429
2944
10337
2317
587
12063
11312
8061
4951
2863
4990
3711
11807
9468
9042
10841
1331
9944
7869
10713
3480
4460
9744
8854
7136
12922
3550
11673
5130
7777
1763
1349
300
8008
5138
505
5955
994
1646
12150
2468
6994
6934
12449
10004
6340
642
7176
9808
2798
2226
8735
12930
315
8972
6904
5946
9141
1767
2956
6992
9726
4434
39
8375
10836
7402
8870
8934
8133
12438
302
354
8684
6579
4459
9992
4776
5013
12427
10834
4797
6581
4076
5240
5573
5407
2015
7435
6802
12706
6475
4565
5321
5246
8385
9920
2800
6399
6148
3222
5079
11063
3308
3118
827
5595
5177
1506
42
11100
8666
122
9734
10185
7067
2858
12723
11026
52
12720
3132
5507
9563
8459
8894
8045
7031
6812
8151
10788
3707
5886
7713
1038
584
12385
4510
3668
5781
53
5761
6494
558
622
10269
8343
1727
5673
610
8777
9209
3888
8664
4462
10645
5910
6225
12208
9150
602
8903
1148
10253
8600
11540
11648
3079
5634
11784
11408
8116
8106
7664
6662
3823
10154
12216
11714
5232
1042
5283
736
1432
114
3757
11168
6612
3309
8114
6692
9594
3017
6362
7465
4407
3160
246
11110
9962
5248
10377
5797
5755
7368
8121
7972
12805
11061
2805
939
12511
5044
6758
5532
2343
10677
8194
7017
44
9418
3756
5927
9968
857
7141
2384
12202
3771
4089
11167
2598
6590
3900
9213
3507
3693
10933
288
253
12512
550
336
3464
2560
1284
12072
11558
1804
9757
9871
8528
12786
327
3890
1897
6373
7598
9100
6626
9018
2967
955
5720
3486
6360
10035
4245
6830
11412
12790
5112
8558
2540
8195
2831
3636
12084
8645
6877
2026
8365
12697
831
1121
2624
8633
6277
450
1081
2626
2657
3503
9810
4319
9875
12763
277
7002
6884
9025
1870
937
7161
204
6673
5080
608
8340
9941
10604
6684
4697
7074
4375
11819
10881
82
6004
7312
5418
7699
9630
1523
1492
11181
9559
2082
6608
2937
3217
5552
10663
4745
4996
11781
10739
5845
10952
1845
561
3675
7984
335
10047
3536
11089
4832
11992
10043
5437
8532
9417
6036
8970
11785
6570
9940
6067
5709
10492
6730
5073
1745
1159
3091
2076
1288
3777
6381
600
5259
6800
8346
12789
10527
3686
11895
2783
4578
5546
12391
10514
1781
12754
3991
9101
12386
1420
6449
12141
12242
4849
5631
2753
8751
2514
1333
4648
7205
6461
4309
6214
3744
1513
1656
5724
3086
5474
5902
8317
7502
7996
3566
7404
12125
10458
8531
152
2666
4364
4455
7142
9105
3230
9818
12938
2932
12221
5888
4155
2483
1844
8167
3078
11345
11547
12267
2290
2634
4599
12843
9915
2085
5294
5468
8901
8885
4114
3608
5742
7561
5648
3276
2979
6264
2119
8227
6258
3371
11279
12639
5836
10751
7287
7729
11659
405
758
7422
1405
1599
9712
6031
12453
9704
10898
2975
3497
8924
10044
1113
776
578
7239
7534
1916
4151
557
7311
9069
6886
1264
11577
9342
12940
7047
10438
7917
388
7007
10654
12259
9539
5419
2795
9873
512
4709
4269
2337
11320
4383
7994
5053
8883
6464
12070
7020
6774
832
7329
3316
4527
4368
5316
10241
11559
2607
1786
393
10268
5980
424
9699
10551
5413
415
1784
7538
3803
9553
9472
1974
12885
6647
12345
6624
11697
2643
8408
4291
9321
7806
7115
6513
6527
6364
9767
10372
6888
12902
11642
8052
1403
1079
4435
10536
9571
139
4348
10693
3588
11404
9629
3460
1854
2103
11035
6070
8892
4210
5772
4668
3453
11480
9691
10351
7885
2084
2895
4560
5417
5391
4905
7334
9493
5964
4437
5487
6122
6286
2057
4489
1088
1385
5491
6606
2422
6347
7817
2797
83
12577
4809
7743
1807
10947
2503
3025
2316
1285
12287
5600
2737
2844
3685
9897
12554
10864
5397
12848
5447
932
862
7610
3481
4046
1924
829
2280
7997
5400
11056
7082
1996
3252
12135
5292
2132
7828
7335
5570
11256
1082
8904
8821
3264
6719
6351
4994
7783
10742
11743
10519
2674
1889
7660
8316
2592
9007
5385
2194
5783
2367
10617
7527
4049
11037
5584
9477
12346
5695
6175
3250
3666
9979
4925
8369
1416
10917
8357
12299
9756
10542
12362
10594
2618
54
6226
850
378
5393
10077
10306
3048
7005
12233
12328
362
7364
10909
5567
3501
11576
6209
3944
6557
6354
668
6205
12472
1760
5853
11207
3541
8278
151
1640
728
10937
6504
8865
5244
4981
10680
8743
2412
345
2311
3702
10067
10105
2454
3574
3907
12399
9500
9642
8921
12606
5285
10814
3290
2364
8822
10660
3447
6027
11154
9919
8889
3560
5356
2968
6524
12416
1398
9244
3513
3992
3882
5050
3828
51
8147
570
4583
11531
767
7822
5668
2677
7761
4134
7253
10996
9847
4148
3939
10783
9888
7400
5425
3682
8302
3087
1794
4165
9564
11250
12271
3395
10844
8230
1567
11238
11218
2697
2904
1344
6942
11911
9476
6275
5262
3098
1594
11477
11212
11285
5465
9752
9196
9894
12985
6598
4320
3143
7756
2874
10209
8853
11293
12772
11924
10727
135
9425
11263
10216
4739
8080
796
6235
5021
8682
7612
4483
11885
685
3960
11497
11801
10277
1704
8321
11307
9786
6857
13011
3153
4956
6393
11628
1202
3255
5212
12998
6893
6507
7456
1715
1829
1136
7346
10595
10530
3044
7586
5925
1248
8627
1753
1697
6068
498
4855
12833
1585
4692
8509
10920
6642
8002
9268
9822
12896
941
577
3597
9872
881
2150
7517
2250
12318
10048
2545
1430
199
2376
8803
11753
11062
2260
11859
7236
2920
8554
2484
12007
12080
2653
10586
7246
11818
8267
8241
805
3806
5947
6933
1140
2836
4621
5160
5540
658
2323
12358
3452
7626
3855
3672
11270
11325
10565
3185
1877
6474
6485
2938
4718
4244
7799
1628
432
841
10575
4234
4354
6198
10126
1943
6424
201
992
7751
11821
1375
12888
11562
6023
12781
7151
8591
10592
12866
8371
4978
196
10447
6840
2941
11798
4940
934
10628
4070
11597
7560
6383
7208
10623
7265
11034
1934
2062
6418
245
10593
10591
551
8322
2166
4775
11873
3522
6215
72
822
2100
5295
9187
10934
11712
7222
12519
4653
1962
1960
2408
11529
6300
11444
3249
10225
7039
9013
217
12451
11368
4671
3023
5919
4826
2096
8111
4385
9562
484
4357
7663
437
5194
5715
7032
10610
3455
7899
11384
10806
4652
12924
8836
3363
6576
9614
1587
1933
5591
1797
12260
4305
7218
12819
995
11291
6165
3157
5270
659
3965
8412
9362
1223
6571
3294
6706
9794
8931
11220
9019
7904
55
9228
6660
546
12878
8818
739
6075
1287
1915
3633
7494
6565
11448
209
11458
191
9525
10695
11958
1064
8258
12774
7540
6945
3586
2886
11651
6160
2562
12188
2999
10728
3214
8204
6489
7688
5327
11041
11165
7264
7745
2710
3768
6648
12274
9865
3687
10681
3207
6742
2179
1282
8978
12726
2171
1489
10196
8129
7606
10829
3625
420
7693
6715
2547
2000
6129
1296
11247
9885
3981
601
5290
7165
8732
4616
11891
2092
11127
1691
5705
10979
12462
6613
10643
695
2497
11777
9528
8483
7046
3450
1274
10464
3201
11226
9848
9780
10949
10941
4494
11571
8647
6387
11010
11073
10033
56
3741
7835
1433
3546
10857
3403
4121
3618
6072
11208
8944
5059
5703
11504
6963
12792
1393
5104
4185
98
7035
7081
7627
6140
1431
10444
6470
2852
2248
4730
12248
4984
1080
6664
1118
3191
3874
3958
3957
3175
2420
2809
7417
6365
7152
3103
8956
607
7121
14
309
982
6179
11825
4351
820
748
10294
1036
1116
2827
2451
1101
348
4112
12698
5723
2573
2840
3910
1298
7650
2664
3840
9453
12613
4145
2615
5497
5961
1161
11833
10491
3077
11747
5606
2931
11613
9996
9491
109
12458
9784
4811
3753
7697
5585
4923
4620
4596
7710
4836
8599
12627
2348
29
1087
8199
10648
10963
7255
5818
11322
2419
4818
3976
1221
4618
12557
3337
1491
6768
687
430
10973
11867
3299
2145
2301
1453
11017
12721
1142
8016
11417
252
6580
5857
1201
4758
935
9281
11939
804
1194
12918
5164
7841
2561
10341
11951
8759
11579
2885
4442
6586
5802
9899
8021
6371
5457
4285
2061
11627
3955
7190
2391
5161
900
10104
9218
11407
9096
3607
552
780
2285
998
5907
8311
3509
981
7013
3066
10879
675
976
9554
2515
7196
6163
3138
396
9412
699
3979
4275
4654
5785
7725
11184
8546
10133
7167
1183
9827
3539
5623
12751
1417
12142
11872
10556
9621
11557
1486
9173
7665
2460
6447
13012
7820
8596
10955
6959
2739
10667
10073
9351
10745
10732
9117
9938
7600
387
3040
9062
12114
7995
1982
6655
7775
6651
7974
7476
4216
9341
1275
395
11116
11523
6248
1325
11520
379
3799
844
12709
2878
7891
8319
10863
4857
11273
3700
9608
6658
12155
10691
6657
5475
11574
8453
10065
10839
6397
11128
4712
9750
3280
4331
10590
3722
860
4424
12869
507
7961
12664
12076
9503
9517
8717
11249
3377
3913
7742
7477
3306
4469
202
2580
1832
10465
2681
559
4810
4669
7363
10420
7089
8634
4732
189
3987
12490
8693
5741
3801
3302
8504
5646
8177
4388
4610
5881
12012
7582
5658
6729
238
3931
8126
4116
3667
3502
8847
6280
11863
6512
4646
7553
2727
5102
9419
7923
10190
4637
10347
7999
2180
7526
11372
11304
1631
11846
4111
77
11357
11773
7370
8897
9690
6426
9387
3601
11086
5667
2984
5561
1395
9450
5598
5675
4768
4733
9063
3747
10111
2586
473
12338
6411
4316
5711
11561
4899
2273
5131
5842
4082
9381
7023
3984
5811
10861
12281
1209
1817
5038
7844
6795
1354
9487
4376
2023
6946
12078
3350
2116
7273
9921
12437
766
7721
9398
1979
4622
4819
9346
6977
8578
8123
11423
1152
286
10495
6572
4499
8809
731
12073
813
377
3535
10367
2498
4507
11471
3988
10441
5122
10490
1292
6247
6595
11308
1387
9816
12329
4707
9391
11619
3432
3125
11352
10986
9015
11730
6652
8308
4682
1755
9261
10233
8031
8899
854
6716
7657
12304
9681
4750
12083
1736
10588
6980
8110
2184
1610
10002
8977
11059
2173
7405
4757
10463
4813
12434
11700
12094
3922
3409
4284
12008
3783
9270
6177
6204
3353
6783
12560
3379
2930
7314
11553
7243
2230
5644
10632
5052
7924
2983
11991
12354
9385
6230
3798
4880
11686
8176
4472
3225
7251
4277
9967
11230
5796
8329
10740
4504
11586
3129
8707
7545
8631
7648
358
9783
12765
1208
2511
413
10413
9446
11667
2905
12250
8335
1714
10564
6468
5897
2632
7292
10298
6838
2034
3591
10366
1070
5009
11537
9778
12268
1665
10626
5416
7764
9122
6083
11103
3120
9186
11028
538
8247
8502
9508
2377
4247
7434
8085
7722
6176
12673
2005
6061
6127
3525
11219
7861
2704
6905
9788
4440
2694
6337
4303
3170
7333
7807
3844
4684
2161
11832
752
9705
8952
12264
8676
3210
10074
4500
960
6954
3959
2055
6331
8973
613
10976
5593
8604
707
1235
11050
594
7976
259
6267
4020
4779
11681
7941
823
9384
4140
11144
1013
8124
2178
6425
4558
2268
10618
12340
11229
4358
12466
5377
1945
2591
626
8768
12266
12432
10063
11097
8849
2947
9969
7078
3141
6328
1570
5462
573
9990
7895
7514
9838
1445
11195
3630
5698
4129
2125
10320
11415
4955
12775
10045
5276
3436
4817
4365
2923
8071
2549
12964
