6685
6180
4853
2997
6238
12089
3387
10897
8574
6453
356
1748
9761
38
7194
983
6867
12829
2363
5185
4338
4221
2818
303
12813
1394
12727
4253
8361
1056
7352
2862
2392
12311
1247
133
9946
7070
11878
10851
1671
8353
8359
1941
11114
4325
6962
566
4334
11853
6490
9601
6543
5439
4829
5186
9443
6911
6904
11208
7878
12364
278
298
8680
5683
9526
12959
8865
11925
337
12898
6602
10236
5140
6835
10179
11979
12646
3490
7468
7737
6805
3994
8648
2621
12035
2664
5679
2428
5187
10967
2655
1690
6908
12810
5376
2109
9110
9241
10670
10268
12349
396
186
2333
4057
9872
10306
6912
6976
8214
9452
9179
11514
302
4582
12207
5271
10563
10956
5853
4615
5427
8851
9734
640
9501
4501
2952
7525
6974
9891
6659
8224
2686
6892
3045
3489
2629
901
11118
12057
11475
10724
6108
12167
543
7227
4902
7868
2846
5508
7628
11014
2516
8608
11037
6765
2774
2706
11800
6779
4630
10624
13008
7458
12877
12816
196
569
3925
11267
7768
4255
11168
5099
1830
6770
237
7900
13009
2111
3242
4826
9898
8971
6901
3892
2045
4526
1883
2971
11770
11471
3692
6589
4244
12695
12432
7302
8147
2438
8970
8830
8722
12022
8797
10654
1440
2365
353
1704
522
3978
6461
7477
9353
4657
10818
3134
11701
9119
8710
6253
1349
8329
2990
581
8060
11509
2633
1887
2395
4900
6550
11236
544
7402
9354
7759
5868
4797
2578
1878
2839
2689
12585
1553
4064
9562
12323
4402
9836
9329
12947
8018
6360
2207
10349
3658
987
9762
2659
3933
10072
4920
12411
2697
8364
9280
1396
10099
11614
8478
6883
1691
3307
11769
616
6298
9876
10080
10004
8430
2225
9077
3868
10719
10051
9981
11370
634
9904
1595
9074
963
11912
8112
11232
2530
12740
8521
11000
1945
5026
10896
7883
3402
6903
10466
10066
10644
12878
7673
6860
1421
8273
518
12110
3459
7653
2691
1884
9439
7589
12053
12498
6743
2658
1598
4919
12584
7721
9230
4468
2126
10336
9338
6748
11580
7661
8310
6987
4251
12841
708
10803
7383
8144
10078
1958
5027
5782
12637
12769
5687
1171
2510
12368
8518
898
4512
462
4127
2605
4000
12077
95
11416
4034
9791
4930
400
9900
11583
3198
9356
10909
11751
7322
11654
1944
4016
2319
10381
6342
12288
1701
10308
393
11333
12104
9167
4366
10796
2760
8716
3093
10135
12534
11076
4266
11647
1331
6638
3364
5141
5673
11133
6296
915
6288
9832
1208
6666
6406
6532
4852
1084
320
6569
11729
11308
991
9673
2589
10283
9805
11818
6907
8523
10036
10325
12825
7930
1160
10270
5791
9361
7658
1239
12669
3931
4692
4125
3871
8703
567
11997
5940
6185
3982
8548
9202
334
12874
12535
11679
12522
6886
11480
469
11290
2227
6888
4015
10006
6395
412
10260
742
8681
1276
768
11924
6273
3383
9233
8657
2238
11095
7971
7781
7191
4704
6579
2203
849
7429
2560
12626
7217
10178
10556
1834
7445
26
11162
1836
484
602
5144
1797
8733
11401
12994
10143
2062
1211
12221
10663
8220
116
9308
1740
9417
524
8749
8972
10247
5241
3281
11423
479
3288
4137
10769
11516
7775
3563
4245
6173
9819
1842
12902
8312
12828
9175
9313
6816
6881
1087
4911
9275
12853
674
12827
11588
4184
914
3154
4685
4133
5350
11426
10852
6404
588
7935
1277
4674
9052
7421
5191
730
683
3172
841
10899
1827
3266
11512
1972
4450
7435
11021
12106
6695
5990
6975
4442
11403
5370
12824
2646
7439
913
7927
12436
7980
3841
85
6091
8127
4131
8701
11827
5686
2724
480
2703
5125
7818
795
11707
1953
1904
10872
7427
5245
0
11320
12351
888
97
4051
10439
2672
11049
797
158
347
10275
11940
1253
1601
11773
7840
6988
4998
8677
7031
12575
11629
10254
1967
9486
12026
6386
2799
12407
5649
9553
2040
12823
2712
2306
6270
12416
10334
12009
9483
12593
6255
8233
9131
7694
3227
12514
10601
7203
2721
5985
4069
2167
9561
2695
7384
2037
6882
7821
2842
11415
2666
10730
2649
12852
4699
12434
1426
6786
9742
1796
5682
6372
9582
5345
9870
2378
12574
7314
7242
2474
3914
2253
10054
4381
233
12183
3810
3889
8228
8530
7239
6801
10350
1694
7693
1613
9979
10140
9442
7098
9656
2324
3488
3233
10664
4976
2158
7774
2020
369
1777
1
4423
9758
6190
2833
11984
3174
9861
10832
9289
6847
8908
10784
5864
10534
10969
8376
8245
1873
3639
12957
9915
11413
10215
6590
128
6051
7008
7096
7805
7079
2303
2595
7278
11914
6594
11348
11990
7188
3325
7336
11695
2844
778
11296
10474
9300
8752
3583
5471
4096
1157
8452
2969
6825
10898
4290
9075
7389
4718
4758
7711
9021
540
10773
9424
8096
7654
3461
9698
2140
3302
6902
7078
10759
10207
4308
4671
7726
5364
12100
11156
2427
9889
7766
9664
10640
9931
2339
30
11334
8702
3909
6899
3709
10132
3660
996
5512
8801
10739
2499
7298
2899
428
224
11726
8569
11420
6606
9528
6989
11627
11214
4197
2254
12536
9983
11147
487
8719
2674
12792
3685
2182
7704
1256
4898
2715
10484
3661
10234
5973
12647
6918
11567
6048
1761
2713
9263
1628
7585
1307
7745
3446
4387
10812
7206
10895
6403
6115
3204
11874
4318
31
10509
12272
9428
138
6401
10267
9482
931
3783
11755
2403
11060
9974
12237
1837
2290
8773
9169
1912
8498
4230
1746
11660
9231
1076
3786
6745
7536
1811
10446
12070
12177
8659
10740
11561
5459
1101
11857
6947
7701
5786
1903
5483
5684
10245
11690
6170
4670
6257
1164
8728
11809
8660
2094
9817
11801
2129
508
4101
9808
11030
3370
8823
23
4271
8489
3847
3365
6703
9680
3991
10167
11088
4753
12265
8668
11865
309
9017
12948
11573
10589
3296
5452
2059
715
9701
105
980
11565
2653
8854
7065
427
11525
10866
9815
7329
5064
8239
8308
7754
2191
12787
9959
7253
3641
2992
354
6067
2449
5212
11967
4740
1899
4591
12562
4979
4648
9386
2817
541
10934
2766
10893
9347
4613
10282
12179
11314
3412
8691
10710
12552
1243
6694
9456
1213
219
12590
599
6771
2866
6585
12953
2145
12341
7288
1843
4581
5706
2056
1172
11130
481
1819
11759
10257
2602
1329
648
4375
4305
5960
3595
2283
8732
12066
8114
10941
11916
663
5900
1289
90
10
9796
9357
12761
6684
8800
3391
7180
3005
3126
1198
11141
4967
755
5318
29
12664
9165
4007
8446
11606
5487
9699
7915
682
9704
7849
5002
12289
12631
9001
1391
4487
8177
9234
3904
6005
7626
10763
9083
7003
2391
10907
183
9777
93
3179
11918
2388
2717
1816
12946
3544
8723
856
3247
12067
340
12175
6822
4715
2734
6874
2785
7388
5752
1897
10486
8850
3389
5199
8473
12951
7705
10678
299
1832
12292
1890
6833
9183
12348
2719
197
11463
10461
12107
10229
7689
4635
6192
3132
6652
6865
582
5525
10138
1630
7204
7157
8052
12716
4592
3335
8779
3260
5426
1260
9806
4667
7319
6216
10760
12229
6301
7579
12122
7635
9857
537
135
1109
7499
12240
5522
11136
53
8670
4586
10085
12770
6314
10007
11863
1675
1050
6849
6068
9650
6138
6850
263
899
6853
12239
6934
4183
12781
11384
3926
6448
262
1702
1952
4062
8698
8685
6661
9445
3241
4311
11678
10279
922
2212
9677
1552
9896
4633
7542
3101
11023
4565
9229
6993
8726
12298
6645
6746
12214
6060
9002
4492
6250
6424
8080
10777
4511
4274
8422
9204
371
10902
3482
12093
11120
10753
12499
9960
1529
2294
4503
9534
7400
9262
8193
6781
11369
9610
6075
4083
1943
666
9631
4845
4006
2229
11536
4103
7981
8005
8021
6184
2678
823
8115
11600
6294
12255
12121
10927
5676
6514
3232
6700
1848
3575
11028
515
2352
9487
8824
4268
8015
10353
9215
7044
8905
9319
12459
5734
7993
179
6994
957
9492
2276
2936
7527
11727
12275
1259
6098
11749
3022
3730
110
5664
8172
11453
11692
7473
5286
5098
2927
10499
764
5675
7266
10813
10137
8959
590
4849
8071
8392
9975
8520
639
919
9730
1516
3986
11560
7659
2113
165
5455
2918
1107
8288
1716
1347
7150
5328
3513
4772
12506
11468
2300
9250
2722
5050
2787
10022
8194
4736
2305
9178
4044
7944
11988
2983
9205
7521
1422
11017
5453
4076
3724
3058
12569
11657
11327
606
12379
1002
909
11228
4151
3872
3820
8095
2702
9309
8792
8270
11787
12209
859
3053
547
6656
4515
4240
10672
5678
10774
990
4981
3691
1526
4191
11129
7170
3919
5580
1818
1807
5429
10982
1867
9385
8978
535
1169
2872
9556
7494
10622
4275
7174
3169
11917
11310
12161
1823
7413
5420
7510
8727
4099
6281
5763
6297
4335
11238
1987
7615
12054
12353
3159
3392
11197
1920
4449
5968
7869
5648
11239
1996
8225
8705
8871
1544
10723
7591
2731
11721
4744
11595
4625
318
10169
4011
2972
6618
9933
7296
6393
9888
7943
7566
5881
2618
8934
148
1407
416
11581
9240
1359
5414
182
8565
8165
1221
8836
12467
9433
2399
8439
10529
7680
10401
982
4636
7679
8911
8843
8902
3506
244
3939
5416
9209
11884
3313
12405
6055
1885
6628
2906
9989
4029
2704
3607
3166
2338
3916
827
5233
9274
11723
10400
5614
12004
7021
3155
9190
4073
2894
5096
12012
12707
1744
3787
1490
9018
8217
2683
11869
1524
12394
11216
12660
8500
10593
1466
3832
8856
2119
8724
5839
4175
5458
7280
4355
11261
5592
7309
12377
4089
447
1861
11597
8529
7214
5692
5371
5400
6813
8100
6172
4094
3937
9765
11374
12746
7507
12867
12461
1546
10055
478
10791
2482
49
2821
855
102
3465
8661
9073
9203
1747
7210
10368
7911
1847
4688
1586
1773
10115
4560
9821
4203
6531
1306
5066
6383
5554
167
5524
46
9365
10980
11786
7474
7454
12269
4808
7317
2891
3566
7495
9080
7973
6722
665
12126
6308
8979
4179
5823
1539
7586
7131
2031
3190
9320
4709
10251
3238
12932
130
2743
8534
5934
6999
2429
11011
7593
5946
3785
4540
8869
11450
3739
8267
10835
3059
8951
12266
2307
12573
11969
6981
6811
6675
2312
2393
1840
10720
34
4156
3012
1540
4066
333
12230
5777
1146
1309
12197
4242
6335
10111
12128
377
6935
1604
11206
3707
4637
4697
552
5166
10631
4132
7504
9895
2794
7220
5760
2317
9421
7370
3827
7995
10626
2213
8327
351
3819
8744
3139
7909
2596
4921
8822
355
12661
9619
7289
3096
814
12763
10738
3193
1835
10464
4539
6436
2811
10330
1293
2641
2430
1614
10953
5211
6384
9741
12318
5285
5730
609
8611
2720
3146
10188
10416
5744
8315
2838
9335
2415
4757
9998
712
8347
1679
3259
5702
4538
2930
3990
9529
947
12866
12365
2362
12284
2311
10291
3897
5764
9351
9057
617
12335
1060
1045
10770
8827
1357
7823
395
1410
11054
6349
1241
2325
8171
7036
5895
11081
1585
1698
2584
723
3246
1165
8693
8667
54
387
12899
1436
10520
6686
7350
12113
8397
175
10289
2964
2243
3291
6211
7017
8806
10238
7914
2277
1378
4903
4485
3393
11043
12980
671
9513
5852
4410
9438
11691
6341
4498
2468
786
9538
12282
4604
8405
10621
828
628
5029
7974
2054
1781
3922
8679
11758
11346
2975
932
7764
2309
978
11784
7894
2912
1563
11797
7487
9670
1915
5866
3942
3077
1851
6898
11843
4594
5309
5261
4866
3565
7723
3988
2410
1077
9947
10761
9147
1669
5263
9599
8713
8226
8906
2264
7816
11025
8963
4017
4262
3697
1337
11618
4771
8084
149
2464
1202
10035
11491
3416
9123
4537
9635
10799
12545
2405
5407
9374
10737
7541
12730
8754
542
11400
12587
6663
7989
4941
2318
11950
9206
6045
6374
12806
6482
12686
50
2315
1854
8927
1921
4799
3906
7365
4617
6086
7417
2267
8804
12652
11364
3648
3225
2559
4474
9111
12843
1257
1189
6941
6007
164
2442
1439
8714
10224
1649
12031
4762
12504
642
3199
9126
4372
1858
2139
10278
2437
637
9516
10125
5739
12125
12232
6986
9222
11762
4646
10419
10686
5409
4532
8861
3606
6869
2496
5701
579
6523
3447
236
2749
1825
11889
1086
12418
10592
6186
6451
12074
4252
9478
8279
12273
8206
8470
6972
1365
2149
9400
4676
2199
6945
5558
8737
7650
2700
11100
6206
1574
5804
2730
4019
2073
9844
9466
1779
1255
5041
9166
11077
5514
8081
5214
7198
7999
2853
3960
2278
5447
11830
424
11104
984
5790
12471
10190
9156
596
2642
1355
12797
3386
11907
2737
10387
11478
7580
3080
11605
12717
6788
6093
7489
8614
268
1404
9509
4273
960
10955
7387
7846
8190
8700
2745
1400
5275
6960
11909
1381
11305
6188
8775
822
1488
2873
2885
11545
1223
8086
2330
3002
6267
3089
2949
7887
12523
3231
8743
10341
2246
6367
12904
9200
8371
3273
3404
6252
6432
2640
9034
6623
5552
9402
9814
791
7391
7636
6495
2320
1659
8926
867
11368
7422
668
4337
1572
1174
4936
3584
12621
11712
8599
2097
9130
8011
459
1454
9813
4805
4484
3675
8291
4018
11731
10564
1706
5582
3203
3
6467
10972
7955
10688
7599
8967
5920
9301
3270
12039
10266
11093
6181
12677
7066
4922
8986
7179
9994
1547
1133
1955
9401
3576
1271
6261
4723
9543
4470
1372
6775
1149
9885
1441
3561
11546
12735
11845
8925
7558
6133
8356
3839
964
8588
7325
7928
1228
6455
8880
12244
11046
258
3254
4219
11946
12893
8145
12928
1839
10168
1822
2384
4564
5843
3830
10920
4848
1057
10714
12845
4368
8122
9345
11083
9236
1500
12381
12111
5929
6664
8041
9713
8720
10671
2262
2889
3256
4938
658
11249
1545
2383
560
7367
3527
4063
11540
4508
1902
1714
2170
3751
5388
7347
2841
3631
4516
9612
12645
6156
9672
7543
9382
11735
10742
9995
11659
1888
1073
3590
5356
787
8437
442
7281
4070
9693
12413
4267
1875
1492
6107
8947
78
7064
9980
5323
7855
8395
7324
7832
2746
8265
3511
4120
8409
2999
10642
2481
6572
2462
4010
6009
12705
8848
3824
7479
1038
5792
8962
3351
8832
1901
8002
451
3235
4570
7166
3122
2088
4813
2617
4876
10105
7426
3294
5354
6128
8043
3701
8309
3240
8506
10968
2380
1308
3188
11386
11359
946
2493
12339
3879
488
5981
240
7864
1252
860
11487
845
6412
7114
5892
10758
343
9054
6596
7168
10450
11451
4669
3223
11623
6339
5225
8511
9100
8524
3569
1417
6599
6780
372
363
10177
3413
8400
11792
6799
2718
8339
8491
9594
12840
793
2025
6264
6735
7540
5680
7970
8674
11842
7169
8539
13002
10421
11175
9049
9391
425
8322
744
9324
11443
10031
1594
8061
8895
8274
5389
10293
7089
2714
1352
1296
429
6232
1181
17
4780
11489
8921
19
661
503
3935
12675
7371
7801
9755
10392
833
2115
2219
4458
2670
11913
9184
4595
11719
9455
3324
869
10582
12704
5255
11562
11272
11861
154
3538
4647
6018
12403
9260
5877
12055
4842
5442
10566
5174
6354
11078
1324
12979
12697
12987
11005
8338
9079
2895
2131
4559
10295
11096
4713
9990
8653
7618
10436
6932
7965
4789
10029
8047
11665
5338
3788
1937
3257
9530
2218
10736
4196
445
1833
3075
10535
11646
1069
7460
1999
45
9395
11915
10957
1403
12105
12219
5598
6076
3996
2328
9055
6551
11205
8469
10237
2665
8991
8160
1820
8174
8620
11483
9217
16
12200
10900
8627
10300
5953
8503
5871
361
9797
3558
8816
1731
6304
9649
7588
7241
5244
12263
4643
12599
4651
10749
7698
10588
293
8027
4724
9267
8809
3245
11260
3999
10162
11429
4970
8890
359
12634
12912
8205
7332
11814
8443
1771
2295
12027
10479
1445
1369
8990
10407
8107
5228
11705
11101
5670
2089
5132
3955
3983
4211
3630
6670
329
9475
7046
1798
4056
3799
6861
11135
10463
8750
4154
1570
6272
780
7544
3589
6208
5663
4229
9710
1162
4857
4607
8760
1000
5434
10501
4579
11883
8965
6635
203
6242
7598
5292
1143
1493
5327
12466
12447
2121
12044
534
853
12218
2348
12355
3894
9985
955
1264
11635
6538
577
4974
1270
212
1568
325
8323
6321
8774
7342
6256
8541
9039
11006
11339
2077
4416
8366
10313
11301
7562
3112
9312
8857
2052
11945
10886
5935
6629
528
5462
12087
1412
8868
8942
10562
5775
11838
12397
4884
6562
3026
10884
11557
5097
8433
10705
2467
9172
699
5106
8285
10159
12988
4042
3625
7408
9028
12484
5394
3486
3635
12029
8264
2354
255
10437
2260
6087
401
872
76
2988
8035
2566
7232
10836
5460
6767
4860
11116
11919
12134
7959
1299
12885
9334
7708
3048
10744
6092
7947
12656
3667
2558
5557
2063
1148
12452
4181
7416
11149
2965
7707
2296
9944
3668
10440
12915
11630
6101
3677
7448
10518
9678
2536
131
7845
4023
7931
5787
6906
9866
4036
645
12814
12773
11528
8326
9708
7553
5445
6112
3574
9138
941
5112
2433
5505
6518
1900
5689
8892
2108
12324
8641
11465
238
290
11019
5543
7897
12861
10370
7481
12488
4889
6917
9373
8943
5047
4418
9506
9041
4478
3280
11974
8051
7572
11033
2603
1008
12325
934
11529
11151
2750
6023
5068
4541
8762
1541
1091
9751
770
6832
12345
89
10259
460
7508
7514
10527
8557
12595
3543
1676
10413
4464
206
940
1231
11274
12443
5559
98
5883
9912
6674
99
4217
6450
5574
5230
11819
12732
1291
8227
6968
12182
11235
10857
9069
2883
4475
12747
9377
5916
1168
2504
3930
5316
297
2771
10684
11322
4246
1992
12785
11544
10309
3995
8212
6759
4883
10552
6193
11902
12516
6633
3852
5178
492
2244
11204
5114
11252
1433
11223
5330
9733
6592
553
9697
10244
10301
8675
7229
12333
11189
5759
6682
9306
7520
12464
4788
8556
11027
10693
2364
3428
9332
11432
9292
12253
584
8178
4773
1789
8776
5335
745
8586
9191
4032
3886
6778
4225
1597
1802
7268
593
187
11024
8484
7455
1233
178
3770
10432
3567
11188
5200
12969
9364
10152
2769
10555
7270
2095
5443
11655
4719
10287
136
12682
2547
2048
8581
3615
5721
7675
2208
6673
10947
454
13011
4413
5008
8007
9406
4288
4437
1960
8655
1805
6762
10503
12662
2034
6815
6397
11402
5851
11803
9916
10538
8106
4389
5659
2187
9997
12380
3952
2336
4361
10049
2023
4601
7103
10960
11772
9500
4529
2928
9647
2141
12854
3441
5256
11479
5833
1282
12939
10290
12756
4254
9381
11288
3766
10597
7381
1956
9124
8501
168
5693
3282
8893
933
4350
9585
312
4346
2049
11575
6159
10150
11644
4640
11209
12215
3345
10995
8253
10469
12847
10347
13003
3384
443
12918
8036
11904
8628
8898
5681
6565
10816
5359
11117
6464
2228
12147
11336
2178
7990
10363
1092
6791
12691
12076
464
564
4241
607
10811
1723
8651
2740
9575
1626
7556
10889
2086
906
8260
9410
9243
6857
1817
2341
1209
6584
11680
3049
2193
8795
5221
7667
10091
5013
2092
3086
1906
6946
4028
10977
646
246
1651
3025
8952
6512
10914
8242
7912
3366
1205
911
1193
5473
5605
2882
2893
6175
4278
7143
9711
4650
9604
10163
1634
8429
5130
7075
2657
12120
7491
11392
3010
598
785
3047
4504
12213
7771
1931
1767
7035
1874
11901
5650
8578
7603
7290
8635
6365
11780
6162
575
11564
11667
2460
6299
419
7616
9145
6808
103
3496
8946
11486
9279
2125
6953
571
4077
2332
10533
1506
5274
6998
4236
4785
7550
5306
7254
5110
2091
125
4877
5847
2501
2252
7465
3243
6846
11352
1037
9162
8311
3844
10376
2137
2754
145
3703
11625
12142
525
11410
4383
7292
11387
2249
4078
2356
3877
9084
12736
4962
3098
6356
5712
12680
12283
11601
1969
4394
5083
6954
7952
11849
11993
7258
1950
8066
4433
1961
5133
6041
6758
7641
2761
8129
2856
6392
5137
1826
8213
3131
9881
10602
6303
6507
2064
11304
9823
282
6649
8000
12037
12083
8912
2425
2446
12737
6486
11756
972
12722
368
8432
12838
12056
11165
7939
12510
6910
2190
7282
643
12554
2133
10874
9590
12559
5249
3312
4276
210
7808
12640
4995
11271
6265
2351
820
10712
9033
800
3672
9
4801
4025
5480
572
9257
6751
6873
5218
10201
5824
6534
9795
3848
12568
12952
9625
2098
7117
7950
6829
6924
8573
5322
11080
12097
8022
12934
1393
3297
4781
6796
10039
7986
5677
7692
12
8838
1665
3690
200
7619
1968
5770
5635
8104
6741
9632
2591
5470
8950
3846
10050
3195
4294
1998
5878
6105
2540
4065
2075
4882
8078
6202
12301
6971
6956
11961
8413
11754
6198
1917
11407
12448
3289
7630
1700
977
501
6263
10831
7925
7420
771
8089
5865
9237
4798
64
1018
3021
5771
6310
9210
12807
7187
7443
3620
10405
10086
1926
4638
10064
8957
864
512
11982
7896
5361
7469
12280
2600
11212
4171
12508
12223
2732
4319
6063
10292
7908
6463
12369
465
1658
9754
5938
192
2791
5545
4544
4457
10939
7741
11571
155
75
11799
7773
11747
4390
3524
6587
4802
981
8572
9009
2118
8988
4352
5111
9323
12137
1204
1538
2707
12950
111
9628
10512
5217
12849
107
5541
10940
4732
4370
4481
10506
2813
7376
12187
5273
5810
1557
7890
10033
3987
7519
12924
3905
4550
12143
9328
3440
511
7627
4149
12250
6468
6506
6262
3008
2342
10629
3547
995
6626
8731
9159
6423
10911
9807
6646
2832
5727
5539
12495
12386
7509
3184
8887
10102
5576
10391
8181
10856
6470
2084
12248
1831
10905
9277
5317
10925
9706
2656
4193
7606
5281
7305
10239
4358
2281
848
6699
4629
10525
2790
6724
10492
12683
2368
3949
12231
2784
773
3665
7195
42
10551
7657
2747
73
8870
9447
1762
6573
13001
1587
7186
2214
2944
6571
9379
7988
12667
11790
8281
11570
10989
9121
12064
7608
11717
2322
10269
1326
5819
1988
5260
3000
9749
6194
10338
4756
3290
2630
7571
7105
9533
12529
2549
9739
9302
1395
1994
8460
3553
896
1158
8277
12920
2980
10716
1560
2337
12543
11788
12802
6637
8453
2709
11291
8936
6011
5213
4022
975
9133
12789
2407
4379
813
3196
11702
12013
8380
10735
7356
10887
597
11887
11313
4287
722
2857
10181
4272
4760
3039
10056
5816
1813
11152
7728
5814
8980
12742
10161
4130
5607
3298
11042
8342
4095
476
8216
12914
10180
8263
8600
1656
5547
365
12400
5032
6566
9767
9719
11007
5830
2032
11032
2929
10059
8139
6969
1474
9053
2592
1351
10414
6524
9696
994
11537
1602
12354
10448
4114
3355
9089
1889
3277
8563
9584
10149
2076
2417
11821
10112
279
11885
6655
6082
11663
4300
6559
10098
2461
1845
7100
11860
4256
1841
7860
11582
2487
5469
8328
6243
8045
1916
7185
3408
4279
912
5162
11258
4107
11696
323
5674
887
647
12786
3503
9451
2165
965
8431
2374
1470
201
6660
11738
10997
3762
2237
1460
12919
8621
11112
2626
1332
6496
8463
6390
6429
5891
4616
6603
2288
3874
4339
8917
8858
10172
12406
1561
12073
3293
7813
9927
11022
1360
4680
5660
4910
5939
1993
11058
12225
11448
409
11254
10787
5278
4247
3934
758
7364
6113
3330
7331
11942
12799
287
8067
1636
12762
6913
2194
8829
10743
7613
5349
1471
4213
1453
11315
4956
12687
6929
6277
808
4061
12392
10917
10026
9571
5528
11937
1494
5863
6862
8063
10699
1392
11089
670
5346
3284
11650
6282
11040
5587
83
7574
4584
4794
5432
717
8662
11906
4327
10223
1280
11350
11518
9088
9514
257
6143
11331
11664
12739
8135
1418
10311
12156
11517
4546
9507
10505
6420
11534
12623
8412
10013
2819
4803
5594
10117
2314
7788
568
1044
8913
4989
11132
10846
3729
1949
11139
681
3409
7231
12472
4767
2960
5535
4298
13
3334
11739
5802
9871
12725
9669
12185
12636
9154
8704
174
7496
5924
858
470
12002
10936
10943
10470
2851
3430
4737
9542
5485
5854
5201
4234
2292
696
11263
6057
956
6292
8113
3287
6855
11248
7746
8567
9845
2155
9752
3342
6485
3040
6897
4186
10170
7985
3989
6676
2066
7666
5671
214
620
4840
6725
2977
11639
2647
4658
3918
8528
7861
8237
32
9129
5383
1633
9909
5519
9397
6836
6123
5766
12172
10408
1800
9634
1555
6343
12058
3153
9104
2233
9700
570
12517
6437
10734
9432
604
5987
4140
2459
5815
3471
9446
12744
4804
749
12486
7583
5059
806
12776
2728
1459
8394
6526
4603
7863
3850
9479
12133
10242
12765
9662
7362
9640
2948
12871
11385
8899
8571
1416
6169
3221
12553
4707
7505
11549
1224
8937
12984
657
1333
10752
10823
3108
530
1385
2181
1187
10778
7824
11029
10963
7601
4134
4632
12724
9856
3702
8014
8343
199
6812
10620
10038
12655
7172
9007
7234
8072
2051
1938
7531
1104
413
12210
11424
5588
2038
8415
11658
2153
1345
3917
10776
8582
12458
4026
4045
5950
1786
10354
9422
2887
5100
3951
9393
6890
6777
3705
456
7631
1356
4988
10157
1339
18
847
8625
6457
11194
8768
10131
4074
11672
4326
3454
9987
11508
4997
3104
8221
10070
5253
8425
11094
4634
5561
6035
8010
307
1047
7517
2112
10864
11689
4836
6042
6380
80
732
5024
5127
6285
5314
4003
11905
3331
7787
3664
1135
11598
9592
10858
5342
10000
7827
2431
1697
2554
4312
2792
10068
8008
6164
10497
1103
8583
10386
6820
944
4843
4742
388
3875
11603
8456
10731
3688
9587
11636
7028
4215
6487
177
12689
8555
6021
1914
5610
6721
7301
10675
11255
8767
2478
4899
5419
9035
11382
11783
11978
6350
5310
12036
4250
1040
1232
8352
12968
10530
4414
6654
1238
11200
868
1730
6966
1808
1108
3780
10481
5148
1814
3051
2377
450
854
11628
216
2358
2361
1743
10016
3398
7512
7285
10024
7625
1868
5622
8765
4755
9624
8238
2947
5741
9349
8016
8759
3341
12628
3815
1844
7780
2815
601
1600
7484
895
3899
12855
1799
6800
7120
11500
1199
2994
1218
9810
548
3812
10595
9566
5195
3655
6837
9082
10718
536
380
4049
5583
7023
619
4170
10805
1728
4316
4496
7040
1684
8088
5037
8468
979
11068
8351
5197
10855
10372
8631
8341
2083
9639
4513
8428
6103
5732
4942
11195
3798
9748
36
8777
5857
6711
2539
8664
9586
4441
10021
6826
6012
7590
7470
11599
11319
1362
3460
1575
2156
12350
4891
5872
7359
7161
12617
6058
9569
5158
3272
2350
3379
1966
7208
8981
7000
3927
4990
4360
2834
3531
4964
3793
406
10546
9622
7506
924
4598
5700
8637
8396
10218
10495
12028
2523
11724
7905
3158
11466
10715
230
5548
4583
79
5951
784
12045
295
5820
11850
6359
3310
10809
12446
9304
8709
3673
6789
11371
3853
2708
8134
11041
6293
6414
2506
2142
12388
5227
3954
5667
753
5904
10614
5844
11231
7637
6889
6504
4473
4079
7812
8417
10579
10487
4572
8292
12296
12547
9750
11764
8783
6944
5704
11960
11839
3636
2946
3453
8333
2797
938
10847
6715
8167
5569
754
3970
8252
4824
220
638
1769
207
1504
12314
1115
4695
11894
6951
10766
7249
1219
9577
5188
6957
8602
12817
610
12658
6338
7725
8262
269
5358
5479
9760
2245
1907
10089
7449
7830
6362
4118
7882
5980
5143
6080
13007
336
6336
5478
3119
9311
8033
8121
11379
2636
5555
5983
11396
12681
7677
2440
10248
3526
4111
686
4897
494
4959
4091
9705
6522
457
11070
1629
4128
12768
4933
6361
9860
952
5875
6769
12922
1114
2679
1919
12963
10489
10097
6122
11542
245
2367
4790
4231
2733
2072
6102
526
8877
4847
12971
8211
3114
5550
7492
5081
2455
6240
7104
4324
2494
5239
5997
9186
12606
10160
5046
7259
2931
4854
12766
12772
1571
1110
8229
319
3148
9627
7467
8272
3385
685
2450
7561
5562
8150
6079
7968
11086
5277
217
5176
7091
9518
2598
11102
4202
10182
8673
10674
506
11761
538
4949
3163
4280
839
7318
11449
11577
6150
211
10542
11613
936
5723
6469
3598
6078
12945
5757
9061
12127
10703
5095
7088
5430
376
4223
7834
408
11767
6561
7340
5054
4612
1065
3940
8146
10571
6084
3014
10057
12072
12062
12935
4944
9877
10599
9651
6178
3958
2196
1578
12602
12728
10212
9943
10651
6609
11087
11973
3773
205
10906
252
7964
9008
890
11669
4934
11896
9287
9225
8118
4081
2800
11716
9653
11596
9726
5073
7857
539
11968
951
3137
3687
10775
1618
11388
6547
1838
7502
5269
10151
1783
11578
8487
6427
3617
9419
5599
3842
5493
8180
9913
5086
8049
12138
2870
11338
9283
4569
6405
11115
4779
8494
3708
10133
5974
9140
3928
41
2130
10147
10040
5101
8365
12927
6182
3587
10361
2030
12788
12080
12424
2197
3580
6505
12894
10632
3651
7128
6132
11892
1017
11250
8077
10406
11431
545
7671
7042
10938
3572
2739
3967
189
8385
4304
3680
5696
12591
8576
12784
4534
2917
2379
2680
4483
5402
1129
4717
1711
1225
10011
1599
12319
6978
4590
12975
9658
3985
2770
8643
10862
3457
4135
5932
5105
12533
3977
7243
8799
11981
12910
12383
8977
8156
1815
10748
11877
1275
5984
893
4299
8424
7274
9286
12834
291
10426
4291
1612
6991
9246
10412
12286
12060
7196
12539
6691
11447
5243
2711
11574
5252
9256
10782
6134
5840
1678
6740
11590
3067
8626
1576
7727
9775
10307
7209
317
2171
7643
603
2826
9828
8248
11953
3689
2741
12305
10543
1019
1627
10146
11251
9463
8598
2987
6328
5052
251
10210
1951
8914
5315
7913
12046
4530
3849
2989
9196
10342
10302
4622
9679
6959
8411
284
12839
4117
2390
9072
1009
3834
11760
4914
2570
4746
8663
92
1061
2096
5399
2864
2466
8131
5982
11539
193
1350
8408
8208
11748
6059
4431
1548
6227
1011
3373
3741
3945
8466
357
6527
5860
9818
11357
11506
3921
1240
5516
12541
7940
618
5991
10865
8945
2469
8170
11866
4332
8090
12476
8321
6221
10853
8207
9890
3880
9914
12731
4968
289
9430
10698
3378
12794
2954
5061
6375
7958
6179
2814
8944
8771
9597
10094
2902
11813
11073
9737
9535
12837
10256
12019
7015
7893
12186
1150
6290
6868
9714
10946
6936
8953
226
2782
1525
4313
10829
8079
2258
10397
7200
4965
6630
4261
12750
5457
8948
12264
7554
3111
6271
12198
1485
12926
5978
1933
5958
9991
8108
8275
8476
6511
2824
5517
10576
7841
8594
2101
1863
3765
4834
5007
62
5521
11469
277
8368
11944
10878
6879
3186
615
3377
3469
1795
12589
1434
12038
2291
2329
9352
11192
8083
430
6443
10076
4030
5821
7983
6430
4776
2896
9548
6445
5246
9481
10225
11074
11169
11303
2753
463
9661
8835
7602
7323
10859
3888
3642
12297
725
10755
2710
2835
455
7967
2250
8932
9541
11199
12427
2195
10641
6447
5962
10873
6458
4398
4260
7111
8458
1971
8645
256
11312
12181
9141
7874
5963
6479
10504
4886
3317
9325
11908
8448
5922
8863
9633
6382
2594
4867
2682
2497
2166
8589
3401
88
11572
12212
1156
1031
10815
7665
1913
6131
7559
9284
12363
4576
4795
7733
7594
5534
865
2159
3076
2046
9785
9403
7522
554
12020
6327
1062
9413
9740
8778
7303
9880
6449
10058
1660
12047
1279
2804
3809
250
2282
10701
2205
5979
3761
1872
4438
10928
1995
9910
7617
2616
876
9461
12868
12803
626
7237
5570
4145
4058
7975
9434
2651
6
12815
4963
12567
8606
1237
1533
6089
3376
12267
8543
7907
5784
12630
8223
698
7122
1788
8044
6933
12414
3704
2223
4510
6859
10274
5392
8119
4605
1975
9148
7852
12169
6644
6558
2837
12933
7382
1402
229
6274
6047
5957
12659
1320
11699
4420
10369
8209
2573
4833
7899
264
259
7903
5553
1462
5796
12542
10894
4486
3343
2684
11612
2921
2775
11926
8789
9615
360
9934
10991
8076
7005
12092
6854
9688
8200
2982
1312
1191
1269
170
10868
2148
6719
7937
9833
5586
2180
8717
2590
3862
5533
11107
7961
161
10375
12548
3865
2452
9829
9551
11395
1051
7934
8094
8459
3869
4480
4832
3099
10012
7546
10965
3078
6237
4104
12188
11844
12445
3033
11550
10633
5513
10522
366
644
12485
10339
4386
1430
2875
8082
10252
1295
11681
414
12195
6824
3781
8363
51
3494
1508
4728
3442
7645
9646
12715
11055
2068
3438
11533
5788
1375
10609
3176
6567
9949
9315
5658
3087
11736
108
9838
12493
10840
8464
7072
10319
10603
6307
1596
7597
5756
12995
11417
6099
432
11259
1768
11858
12929
7316
5220
6806
9291
11846
12622
11879
9228
3279
4392
8718
4684
9968
8826
339
5093
5094
2321
5204
878
10630
8375
1409
1641
8886
12261
10186
402
3722
6177
7498
11559
6736
12760
9013
2135
10998
5472
8419
2120
9015
12330
74
11472
10399
2043
2795
12800
3072
2426
8331
5031
2512
10569
1642
3743
11277
461
10721
9023
2150
6501
1793
3911
2968
11
11039
1007
7337
7419
1737
4502
215
2420
5977
12131
1201
8324
2583
5625
6982
10635
2106
935
3405
223
6614
2808
12206
5566
11526
9387
8553
3491
2576
10158
6083
6369
7573
114
11178
162
7211
11693
1502
2874
12955
6586
2579
11998
5743
1090
10600
4567
10164
1785
7684
7870
12698
2786
9721
3189
12712
6008
6540
11744
3616
8969
3517
1750
8656
10625
11493
7803
191
1134
5719
10560
3417
2100
4407
10200
8544
9638
1301
12243
146
3191
8105
10841
327
5116
2298
8610
9899
7287
10821
2716
3719
11099
11604
10892
8515
7819
10356
2615
4518
8833
12611
7926
2087
10023
3577
5945
9853
397
1860
2387
6683
6028
1010
10209
5577
12194
976
6773
10844
9580
4906
3870
7018
4552
10903
3477
12260
4668
101
2551
9295
3596
12262
2272
11554
8918
5340
7682
2764
10067
10052
3205
10870
5063
3352
4144
3769
12745
7173
5998
3202
12370
6248
7879
11757
4148
3185
6317
2265
4599
8658
7933
6110
7047
12986
11609
5921
9560
10214
9643
11012
7137
4992
774
5036
4009
12526
4555
9331
5713
2185
12678
3437
7565
11771
1027
11939
7638
4784
8467
1668
2905
11001
11992
6964
8410
7731
6520
11670
8382
3406
8763
7876
1382
1583
6153
3346
403
6627
6704
9502
12544
4188
4359
1226
12085
1532
11193
1850
11217
12977
3884
6766
2013
9745
9362
9252
10745
6900
8306
8596
10930
5536
7651
11547
8097
8445
5337
2661
5332
472
157
10483
9982
5103
11297
4641
7772
5925
11569
6760
6462
11293
10385
11856
1760
9394
6125
12699
8345
9392
5859
7664
11470
10523
1584
1725
12930
7949
3767
12710
7250
2323
968
7936
12391
4141
11108
5313
10028
6466
1650
7753
10926
6665
11548
3549
10798
342
2164
5149
11341
12033
928
5181
2508
3514
2913
286
11171
7055
12061
12357
1428
10360
2299
11652
2820
551
12870
4129
3311
1032
1666
6366
10116
10249
9144
11367
1414
908
9491
218
942
12374
3972
4309
11124
10041
11986
8048
1729
4621
7284
7006
2477
6056
1003
10314
8202
6856
9793
11619
2586
3371
9903
2907
4926
8418
10204
433
11976
5500
7007
1621
1733
2783
12331
3537
1905
589
8017
5289
11970
109
1046
9921
12257
3217
8357
12490
7057
5339
10660
12798
5433
8286
4678
3418
1682
1397
9341
12086
3207
9641
11159
283
12342
11734
11710
4661
4759
7130
10388
4405
1049
12295
1423
4122
9676
7749
11862
4425
5424
11439
889
11642
926
2955
6764
1196
8901
1155
10411
9917
12561
5774
2568
12003
811
11177
12876
6577
7794
1095
1064
8678
1870
5360
1315
5742
2498
8287
9396
6279
10220
8472
9976
4289
8438
11256
6130
7320
9753
4918
8
3470
632
6139
5832
12833
4580
1527
752
11482
12281
12604
4946
8183
2451
3037
2436
605
5247
3973
12641
837
5656
12882
11226
831
7833
918
9712
4369
11294
3052
5268
495
6085
5923
6641
7744
12916
1137
10195
12741
11952
10185
1662
6839
8040
5102
2157
2284
782
5065
2518
11775
2855
11638
11615
10828
231
1081
12334
12527
5192
12832
8595
12672
2411
523
8791
5078
8030
11464
4609
6124
9369
448
5401
8646
11306
91
3794
7792
7954
9125
106
1869
7770
4024
7213
2991
8185
9060
9128
11640
7351
11781
6214
5994
6276
12141
12694
12192
12842
2177
6510
11009
9972
9738
3519
12801
3237
11286
2071
4282
2382
11174
12042
6802
3350
2574
1718
11980
5075
5193
5571
5738
5619
5282
5006
10904
8332
8997
72
3605
22
760
9193
12336
5180
3181
10346
9004
12757
807
1438
1911
6756
7026
11611
2571
9812
840
2978
2061
7097
7223
8803
1217
11870
3264
9170
8166
1274
6681
7107
565
11683
7555
4460
3523
4720
2776
1755
5421
8770
8872
10700
8527
8844
1828
905
33
6528
3532
2863
1449
10121
10473
5720
8488
378
1806
3659
8907
12180
1048
3210
6309
4874
11003
2271
8819
9441
9546
5183
1023
10069
11316
757
10465
8358
6643
11585
1923
11649
239
11441
10746
5184
9852
809
11779
11276
11444
7697
5375
11372
8143
5879
6481
7732
11059
9109
3650
11855
10077
3929
11233
6552
6460
6140
7392
8860
5307
8161
3321
12385
5377
82
4653
10502
6707
10144
1680
1207
4986
5806
11170
6955
11062
12586
6708
9254
3836
2898
2360
12676
10869
5380
1497
6100
6657
3382
4628
9031
7785
792
5988
6601
8766
3632
10433
4321
2736
4476
490
7462
4745
11634
10073
6053
5406
3796
12819
11126
4855
2914
3249
6894
12633
8176
4116
4878
6015
7729
7033
5608
9519
300
5698
2755
4991
2308
8013
11349
349
10655
410
7246
5873
9527
3222
9665
2206
3455
1803
1581
667
10833
1314
2957
6619
270
3671
9522
5128
8455
1692
967
8020
4419
3068
5937
3611
9264
12236
7545
7355
1398
802
2434
11558
11326
7171
2509
2266
5219
2803
12808
4917
3501
6062
5618
1230
4427
12478
7649
3478
2240
10971
8006
5477
2869
2998
1752
11666
825
7956
8941
3337
2154
8756
5196
3304
2280
1455
5288
9743
2723
8232
10951
5737
9873
10786
5296
12570
2010
9489
10382
7041
6754
6688
4810
24
11964
3253
11098
8919
9106
4239
5331
370
5043
5463
5152
8630
2370
3102
11275
11366
5168
6200
9655
3521
6030
612
4945
6690
338
11446
2919
9485
12905
514
8314
4523
5564
3591
8195
9474
11671
6909
9613
9012
8441
4115
9471
11244
11148
301
3915
7902
2239
6729
10581
6013
11442
1964
11092
2065
10728
6329
6019
10367
9923
3859
7101
2974
151
12974
3100
213
1639
9142
6809
7373
4385
10842
3696
12233
6259
1336
3938
842
3092
4014
4819
11725
458
367
10706
9211
4908
7807
9423
27
418
8740
9774
11795
9955
6438
1016
6459
10554
6997
8808
4490
1071
4187
2256
5343
6706
11661
12943
10327
767
2599
2022
834
5206
7942
7576
160
6251
10359
11218
8435
8009
4444
9105
7789
3011
8379
1491
6142
12970
10888
5507
9143
7979
10532
6278
2848
12998
12217
12078
6525
10994
11010
6171
10591
8748
11994
5297
1507
2662
6731
6348
9831
7600
2727
11399
5669
5918
12857
9773
7155
10462
4734
10653
5499
11106
7719
10867
7740
7212
10962
907
973
731
1640
10198
2985
12620
5887
12895
4623
9822
10976
5652
9554
8699
11008
8735
11048
7124
10009
2044
5069
12753
10410
2136
404
756
8920
471
2480
9953
3303
3030
7735
580
8649
1784
3006
12546
9056
9945
8862
12426
8381
305
6097
5813
8847
6553
7378
11936
4113
6555
11898
7885
4403
2532
7412
5019
10789
1990
5638
5965
373
5780
10174
8815
4663
1713
2230
9336
13010
253
11064
10521
6807
1764
10539
1389
1772
3652
11972
2526
3732
10424
144
684
1738
8374
7539
4987
9851
8300
7923
4885
1745
6871
11938
37
9784
7067
12189
2858
5842
11061
12492
954
1778
3623
8711
6010
12615
12114
6311
5926
2945
2585
8153
5215
7994
271
9118
1849
2639
2900
9715
5585
6834
1985
1554
4283
7001
5919
10516
761
9389
12892
3274
3924
7529
8142
9644
4100
4310
9563
4204
5600
6334
4322
3032
141
8404
3760
9920
6804
6905
5623
12891
7434
4588
5390
7875
6280
7809
1589
11832
5862
7294
1983
5351
2868
9098
12468
9157
4913
4395
5640
9488
12967
8378
9314
11281
11085
10827
5931
2768
4904
7121
3474
1316
4257
12767
6070
1288
321
6554
8736
11791
6710
228
5171
1894
7672
7612
5995
8254
10165
4297
6667
6388
5613
7144
1588
11460
2976
1908
8931
10942
3322
3106
12907
8125
12293
7012
9801
9152
10568
5933
3286
5367
112
3992
3200
2007
1469
1100
12159
2355
7596
12860
9545
3784
7375
12865
10253
7060
1450
3359
4587
12596
9290
1105
8584
10694
8348
705
1194
3795
1550
7647
5807
12412
7236
8303
5578
9864
9652
5616
5365
10276
6218
10156
8554
7695
3420
9532
7992
3183
7856
9058
7071
7798
7820
5733
7252
1757
9258
6535
8148
1582
6948
11824
2301
8983
5057
2026
195
12726
7069
7409
6738
8450
9897
9574
5467
10310
10246
2932
4182
12021
1234
5494
4768
9465
6440
12203
486
1812
6642
7267
5772
3866
9956
6114
4189
2637
6841
5779
10468
9418
4551
10211
1319
713
962
1925
8903
10574
8025
3138
7116
12224
3720
3851
4033
10804
11826
8093
5039
9270
3046
5441
1180
4597
9707
8930
11435
8004
1635
11622
7511
10228
8390
3162
1380
9251
12566
2958
880
6024
9116
4259
12608
11273
8545
3020
2729
2104
9339
11187
12456
5014
1220
10984
9550
12115
5748
1717
11376
6563
10217
10541
2490
10451
5009
5118
11541
11995
5005
156
6651
7341
4364
6187
294
2067
166
7486
11740
2421
879
11456
6845
11543
5348
680
9868
3947
11020
2806
11833
7739
11036
8940
8416
9992
6851
3528
2871
8334
10711
1924
7438
11806
3356
3368
1794
9271
7998
1703
1957
8998
4169
805
12531
6963
8474
11730
6611
9802
9464
5109
8370
3854
4281
3593
10863
1655
11929
3902
4972
862
563
1519
1721
7178
10550
7920
4823
12201
9883
5989
6475
7706
4367
11422
9411
8231
12371
8389
4791
11412
6977
8900
2778
3318
8560
5511
4048
6996
5637
11354
6698
374
3300
3716
10285
6004
4739
9595
5556
2107
7786
10732
12462
1070
12777
3224
12487
2198
12863
4656
8373
4494
1042
6693
8317
4454
6476
10610
5155
313
2419
5529
6158
10557
3261
9468
7279
10802
4811
11430
829
4881
11888
3271
3414
6378
9458
12999
4479
2183
5836
7611
12906
11185
8888
2545
2184
9457
4348
2313
8250
2852
4340
9629
10494
5294
8821
9340
11703
4818
9014
7987
8298
9409
2544
4958
11933
6895
308
9847
7765
3821
11362
5016
5142
12983
4961
2881
3452
12453
3415
1963
2217
7518
557
9265
3056
5175
9226
10594
11262
5265
9839
12251
4815
9747
11501
435
9958
3721
11733
3136
2865
12271
11474
4814
1263
55
1724
1215
7963
12729
4047
9993
1322
961
3445
12719
12481
1153
8994
6818
2503
7410
12246
126
1603
11714
4935
1609
11481
5794
3969
4575
9682
5374
6973
7578
10697
10679
5417
6632
6580
7674
10540
3395
12702
9096
3499
6608
9212
2413
11641
7353
7814
9623
12751
846
9358
8471
3530
1695
12985
9925
10343
10071
5352
11425
843
7790
6302
7568
7702
8864
6591
4005
1522
9609
7837
12869
3777
12049
4004
1268
8302
10598
8781
4957
4439
693
9731
3187
3749
6557
9380
4800
1258
11268
10083
4165
12560
9840
2519
6245
10817
9220
11363
1947
937
748
8318
8054
13004
11586
6199
364
7108
7691
694
7226
11812
12696
7699
10240
5961
5270
11633
10213
11421
7348
7261
1954
3419
9620
592
6516
5010
11882
8812
7614
1373
3258
4710
4777
2939
10879
7092
9273
2514
6050
11648
9596
12101
12423
10668
3043
3164
477
1559
2681
10586
5955
9984
9408
3295
11455
8420
8026
11958
11105
2035
2677
11138
3557
7710
2597
5886
12435
4909
5418
12404
7011
249
2028
1644
3071
6160
517
1498
1862
9512
4681
7263
10286
6155
1670
9911
8866
8024
7678
10673
5856
6672
11653
2876
11110
11351
8296
10090
9307
10981
12278
2634
10986
6647
3756
5710
6723
3771
1542
1965
2014
4716
11876
10713
5456
9048
689
5398
5785
739
6870
4105
2335
8056
7835
7333
12666
3263
8282
5123
8222
67
8532
9249
10677
7895
5444
1705
6961
2029
6662
8335
921
12483
9425
948
8486
3448
2123
3226
2371
11963
10685
9539
8757
10978
3023
4174
5688
8169
7891
9298
7132
673
11608
12720
8878
12007
9278
11405
1770
4040
1136
2849
12270
6730
7315
5482
1097
3027
12579
10771
1859
10373
12153
10233
12889
5157
8609
11457
48
6952
7385
9070
1310
622
1625
3475
9671
5035
2757
2693
11965
10519
9198
9694
2511
8603
2085
11903
11434
4208
6347
650
7306
12858
5223
5970
9496
7977
9285
3944
7216
10344
832
4624
10261
12706
6246
11121
1266
1039
3463
9642
2327
4907
5428
2441
12474
10996
9223
8059
12944
7447
11713
6842
1286
12755
4443
3009
426
10612
3116
3128
3495
2796
9667
2528
3156
12733
8891
3208
4698
4162
4721
1128
1882
8874
11495
7189
9047
5726
8244
12942
11566
9472
10396
3959
8447
3130
11519
810
1472
3907
6597
5104
7982
7386
6763
4743
11579
4465
691
7858
3654
5022
11324
4303
2331
6117
12011
4472
9360
7405
9918
11360
3550
10585
8897
7932
11684
7516
12993
6399
7910
7804
9565
12409
6413
12496
8552
4764
11935
8423
2520
8540
11180
781
10767
1501
5089
9462
3964
6407
8993
14
3825
8068
4520
8526
11113
9971
573
1437
8462
5381
8173
1981
10443
3610
2877
2041
5606
2555
2772
5440
3070
1708
9214
1980
12648
5573
348
12821
11890
11128
3840
12465
5387
94
6517
10337
9942
11155
1685
6381
3533
4445
8091
12149
6634
6104
4996
2005
7595
2200
1179
3358
7962
5262
3456
10173
52
12315
3423
10045
7622
4207
8837
558
8398
7904
4752
9296
9508
3735
5449
10124
12274
5510
1741
10646
10046
850
5685
5899
163
11243
9232
1790
4500
8566
6616
7177
1411
4317
4072
5778
7218
12557
8132
3896
392
9076
1910
7478
3633
556
5491
12300
5266
11072
1623
4417
10331
5341
384
6247
11389
7810
4201
12600
11381
4198
10922
9372
4050
5172
10060
10619
5626
4178
5044
7872
1053
4455
12764
9151
8029
7160
2726
8050
6990
2485
12690
2114
7163
10126
6733
9368
4264
3035
2500
6803
12139
10096
10108
1452
11828
8632
12973
6095
9440
11785
3963
1774
1514
4524
11920
10364
2901
9961
4864
1475
8337
8975
2995
4690
7847
7277
6422
4409
11840
10475
7025
1272
6980
6337
12525
3367
3036
6312
2406
4872
3805
115
8391
9182
12588
1124
8116
2152
12048
2396
4210
5438
1930
750
4778
5055
11270
7363
2279
4573
2660
12193
2423
1419
5502
7330
4
12327
159
10404
6073
779
2326
11210
142
221
726
1856
9618
12644
3483
649
9769
5324
8725
6025
10304
974
2897
6539
3913
493
2606
10921
2981
12395
3426
6877
306
1094
12389
11436
4966
11131
5410
8995
4331
2176
1261
2908
12888
4109
12402
12440
10166
4163
12059
2270
5404
5531
2845
9951
150
4960
4649
5030
12361
10517
2687
8316
5762
3885
12793
8197
12135
11688
12592
12454
4411
9684
6231
3797
4080
10722
3700
4766
5654
5060
4301
15
11373
11825
10122
1408
9803
12337
11829
6958
9858
561
2188
5295
2483
4031
5611
4535
812
1118
2475
5749
4831
1242
2259
3778
5222
5668
1928
6653
1977
7859
9654
4542
1298
5
12356
3388
8561
7344
12258
4870
3750
7791
12900
3950
7126
1654
3858
2756
10324
9155
8403
2915
5216
4928
9497
2234
44
8369
1265
1756
2694
5735
1236
11198
12109
2643
2572
3581
8280
11584
1015
3055
379
500
12429
8479
5496
9384
5867
8175
4471
7795
12940
12795
9746
7328
2015
2562
4561
943
4812
3525
635
9078
12171
5454
950
8924
9859
4655
5411
7093
741
7850
4258
2645
1304
11899
12291
11473
1177
7867
11607
12997
10885
4955
5827
12627
3431
7326
12491
1106
6668
8999
6542
1250
2810
1141
8377
7817
8622
6923
3663
1001
261
12921
10913
7921
3344
1864
9177
2588
4356
8325
9127
10018
2620
4696
6937
5964
736
776
9792
3024
720
8344
5758
1340
9244
9213
8542
6480
9977
8330
7394
4400
2937
8283
3230
10019
288
8817
9939
1881
3400
2911
2162
1041
5147
816
12216
6204
7145
7683
4408
7379
12965
591
9525
11229
1185
381
11568
5115
6992
7919
10682
4270
6840
10891
11626
11004
11810
9272
11391
4399
1645
8802
11808
1132
2525
60
6848
12438
7633
5729
11793
8034
11143
4839
5910
5280
8652
5941
2385
9235
6149
10850
11176
10431
12166
5646
5869
970
3555
5173
4112
5189
11240
718
6090
9415
3353
1646
6489
11462
9799
5797
9051
1363
3250
9188
11222
8269
11237
10756
6940
4212
3316
3752
2275
10298
999
5948
5651
3436
12848
10507
12163
9201
835
2502
12822
6416
2860
5716
10477
4527
10810
5072
12425
3228
242
6920
4124
5121
7687
7271
4835
1791
1898
10881
5267
10316
4514
2888
9305
9221
2650
10508
10095
1801
11504
3031
8497
3425
7681
4775
4627
4233
12306
1652
9207
8019
11013
6844
6039
5769
2432
10780
3541
11292
441
4536
1940
9025
5902
7202
7688
555
6325
3141
11144
6843
7811
6914
8974
6017
8290
8124
11822
3328
4666
8798
10189
11053
3604
11777
2859
2537
4549
6582
8255
8535
12625
7190
7205
6001
12378
2017
11959
7307
11774
9967
485
5167
9978
11280
4314
11893
3239
7396
10636
12743
1085
516
7299
3305
10005
4931
11490
12949
4226
2002
4084
2201
1566
12010
3276
1657
6266
1531
7076
4008
6094
9003
4856
5067
11418
10101
6163
3168
6631
10983
6109
7528
5466
28
5999
5798
10988
10393
171
9398
8849
6433
5231
1413
12117
9420
7199
5077
6377
2884
11353
7407
2593
2484
12783
5208
8751
5045
7916
11947
10208
1145
5956
1246
6044
12287
1175
10999
7769
6357
11551
11532
10063
7567
10043
3649
6852
1939
1195
2458
3791
1383
9038
7014
7273
12222
11987
4388
4277
6696
7016
1200
4306
7662
10979
4382
7034
10683
8514
4329
8730
267
3306
10880
2925
3034
9149
12081
1273
7401
5357
902
4952
621
6943
4180
7605
11337
8032
12227
3535
12099
1509
1607
10321
5593
1473
4176
12925
7102
8301
5154
1287
12714
5579
7113
2962
12148
6658
273
10544
8240
3142
6389
5160
1710
10801
11173
4102
5811
11279
9648
12420
8538
2564
2829
11183
2168
11215
9504
9905
12629
8615
2916
9611
4357
1736
9343
10014
8546
4509
3097
4194
436
1082
8968
2018
8057
2210
1580
6530
10950
3683
87
1188
2609
6144
10750
9875
7924
8960
7646
5312
10171
7538
7125
10103
4608
120
6821
11553
3864
5498
12317
391
6574
7884
5070
1591
12489
3993
6508
12310
4750
3608
10666
3856
9842
5927
70
2102
2269
4146
7311
11140
775
12497
11698
4466
1119
2372
12457
5527
8694
3396
118
4199
113
10623
8923
1052
4738
12307
11084
5393
12234
1468
10352
1513
7457
7181
10284
11038
625
3029
1167
5117
2163
4463
9884
5825
4817
3197
8120
2189
3094
6595
9158
5290
9970
8001
4021
6515
6919
7490
3768
8665
10184
8493
6166
513
8882
7778
2216
11167
11515
9588
9936
2110
1424
7397
6116
6152
11662
3546
6088
1034
746
9893
3833
5912
1297
2343
1922
2701
12421
10690
3074
6728
6069
7424
12366
3682
12362
1432
4951
11591
5304
3214
7051
4568
12108
8201
1530
7552
5481
4192
10297
1458
1457
2698
5799
5703
5845
3219
6702
2209
7037
10561
2935
9342
1617
5038
4046
3161
12226
4828
5993
6720
6052
10741
5755
9173
12812
8916
5169
12610
8587
1444
3961
12343
247
9321
1058
5609
8636
11831
3502
3974
12470
12958
11408
6687
3981
5254
7668
10567
10974
5302
2556
11398
8073
9827
9086
2268
11015
11079
2671
838
3309
4714
3758
276
181
3669
3157
7335
11295
4725
3984
208
9600
6034
10366
3348
7450
1776
5841
12040
12095
6446
5084
5972
4731
3105
6201
4869
1853
8092
765
5300
7871
5826
57
12804
10839
7703
4412
9316
4167
10493
1517
1562
11134
4296
3666
10255
2963
12524
8706
5298
5943
7374
1370
5914
1982
5076
740
8434
12340
5366
12052
3695
6345
8853
4406
11949
9964
1425
1804
7094
4345
6077
6269
2798
6049
4452
3817
11743
9892
6863
5108
4673
127
3213
9146
4556
332
10409
509
5695
8896
10199
12228
11966
5058
3624
10219
2103
5240
9578
4807
7886
5596
132
9044
11911
2675
11732
6753
6032
8258
1489
7456
5911
12196
3449
12505
9137
11977
9636
11505
6065
804
5896
11523
2463
4477
6677
3876
5236
5601
12299
10355
9097
382
12503
5971
5210
1036
12144
6916
12118
10065
2418
10272
7493
5740
3150
2105
5074
1742
8794
7570
2577
866
651
6320
9120
4362
5967
4517
2334
58
9862
5229
10480
10498
12096
1590
10485
12881
3539
7918
12913
4090
2400
4912
10243
12320
5898
7136
2447
11682
3451
1787
3662
6776
11999
6136
10262
4677
11985
10910
7892
4161
9886
1030
1170
3129
8616
6106
4013
12332
8642
3744
4893
8440
5435
9043
3143
11484
798
8074
5803
9517
10590
8247
12972
12090
8715
2529
6026
4585
2116
695
7380
86
8568
10871
7361
5071
10335
2663
624
3715
9855
2765
12482
8738
7537
1116
3479
2394
966
6118
7050
4639
12908
1405
9399
7459
11356
9922
4985
7865
5901
4703
4706
4754
12550
11265
4528
1573
4082
4821
1387
5542
7609
11153
504
194
1379
9826
6127
7700
507
2535
7843
6795
9370
4491
7293
5232
10129
11342
2302
7742
2742
8354
43
10175
6928
3779
6419
1147
1683
11530
5662
6029
9549
10747
2956
7238
9841
4774
5722
10912
4589
6224
6081
4679
1368
9337
10933
631
6697
11224
5628
8825
4347
6137
992
7313
7138
2402
6363
6636
10002
10107
123
8575
10639
11066
6213
5532
11897
3144
3737
9614
9783
1934
2823
9163
3103
3699
654
9135
66
1871
11328
4521
692
8307
8304
12518
11221
375
12382
11587
5632
1855
5913
3746
3619
4426
7623
917
11930
733
9505
1216
7240
8580
7192
198
6819
3151
11207
9208
9723
1876
3863
12692
5949
9390
1631
4493
5033
6286
5018
5818
8102
4209
11361
11632
7758
3759
11075
4533
1283
9608
326
5709
7761
7354
7256
2310
10294
7148
3670
892
8499
4859
11975
5906
9772
803
4343
8512
1482
5889
9581
12399
11146
4067
12034
10281
2304
9238
3554
346
3381
2492
12328
8793
4495
882
1144
12864
4119
4507
2654
152
6254
8496
10079
4879
3602
9756
12964
2289
4566
3657
958
10130
10444
12961
12851
11510
2457
5090
9102
6305
4224
1361
1605
4548
3363
10691
12259
3211
2880
5308
1699
4150
5597
10273
10681
6074
10587
2439
5630
8388
1579
7763
11284
13005
4600
398
7941
5642
2553
9375
6831
1072
5538
3062
9524
5333
315
4292
1766
4895
3953
903
3117
1483
10496
3980
6578
1616
7197
3578
9720
881
12639
6757
9310
630
10110
11299
6410
3481
12384
3867
6351
10932
12068
475
1751
9087
12831
11186
2828
7873
3466
12917
5437
7796
1465
9703
9744
6615
11834
1810
2404
5753
314
6217
3816
6439
6925
9094
6640
10326
344
7295
10604
1463
4342
4071
3085
7343
7436
7269
2027
12285
10726
8708
6513
9326
10792
1102
5091
7081
6196
7828
3265
5025
6287
10348
1099
5800
8885
7880
5497
84
12992
12338
124
3556
5165
738
5135
8133
3215
9059
9268
9887
4665
1251
6236
2146
10826
3480
3941
134
6600
5159
9732
6454
986
9247
8559
2445
9781
4302
1074
10704
10949
100
10456
2926
5413
12520
8444
6737
5627
7086
12862
2024
2801
6712
2491
9197
9766
7022
2608
11996
9645
11802
8103
1254
4228
6556
11957
12006
7734
8634
9606
5699
11700
8686
1782
10093
7716
7225
4401
12578
434
4820
1624
3109
11071
4286
9495
7776
3774
7709
5666
7750
11201
8785
6503
9572
6225
3943
10669
5639
11745
11847
7632
1088
1593
7119
8031
11804
2543
2752
1970
2340
11859
2349
8192
10727
6258
11694
12477
5134
5163
7945
4602
10966
4354
8758
576
2381
4506
8386
9573
877
12098
6119
6043
7398
7482
10806
727
2696
9788
2886
10351
4087
12344
10638
10596
5431
10985
9626
9846
5915
1496
10277
5520
10323
4012
12537
10390
9736
769
5631
12528
5347
904
3333
8256
498
2759
3206
415
3194
2534
12157
3932
998
3890
12475
4396
6219
3738
7083
3439
4982
11242
8533
12872
2224
9709
5408
9032
2221
1927
10379
9544
3710
10845
10438
4531
8805
3152
10027
7452
12140
8881
6037
9376
483
1749
7557
4727
550
9101
9333
5190
4344
8457
9317
3734
9029
3327
5817
11234
3336
1735
2070
4451
969
10945
7415
11409
2628
8689
4039
3873
2346
824
1622
3712
710
1227
6352
9227
2297
444
2127
7334
6942
3518
9907
9576
12116
3177
9030
852
3380
1989
11789
6313
8525
8249
10882
12805
11241
6965
2565
3965
1715
139
4763
10548
11137
12247
5549
7712
9869
6718
4363
4106
6810
8261
2050
9687
4243
11852
6474
11708
3443
12936
9016
7345
7090
6497
2909
12352
8989
6222
9026
8536
8319
5944
6823
1484
12791
7201
9685
3740
5088
10017
9065
8426
5293
11535
2414
10362
9322
11298
10113
9536
10434
8591
586
9523
4377
5917
7233
7969
4770
2231
5384
5422
7607
12990
8961
10875
4341
4136
1346
9804
4786
2409
6442
12205
4841
8387
7530
12480
11397
5905
4916
3609
2705
12846
8671
7953
7453
8831
6797
6235
11344
8278
6411
7308
1467
9659
7221
4384
4054
11631
4499
8790
5238
11522
7582
2416
2924
2854
449
10153
10987
5355
1354
1962
1080
4838
3829
6249
3718
1974
7235
12519
5311
2060
6607
678
227
3216
8189
1638
11289
8465
5861
324
559
5334
9136
11069
10192
358
3613
3946
3653
5053
9969
7760
10280
4218
446
11880
627
3173
12174
12565
1520
11928
3818
8884
5012
10435
7560
2831
1942
7584
9437
5745
3015
8958
10876
8707
2081
6817
4448
6949
8590
6344
1358
8601
8155
3016
6593
4038
8336
7938
11811
9330
8650
9091
10751
3804
660
7929
7881
10203
4489
1478
10053
1262
4983
4440
6322
7800
10908
611
8198
3170
5329
11576
1330
520
265
5691
11119
7264
3912
636
1693
1592
1338
6519
8688
711
4238
7399
1505
2287
5049
11428
10104
7135
1120
2550
11871
7002
4365
9453
11687
4020
7158
6022
3069
9954
1758
9412
3432
7777
3644
7164
12088
12709
11467
12347
3601
2454
5490
3640
2524
5504
3898
9935
12500
2009
7265
12132
2
4973
6477
9503
10659
12663
3255
3063
6233
11864
9050
1978
6570
12094
1739
3597
10454
7084
21
3674
2993
12654
1127
8483
9429
6828
4865
7669
8251
10417
1537
5468
10800
1608
11563
7997
8407
61
3800
12532
8780
11335
10377
11763
12540
3374
10425
2762
2012
510
12302
3018
4216
8243
11706
1503
677
12614
4925
3966
5321
2226
8721
6790
6020
925
1709
8482
10074
7224
12155
4675
7906
7073
11496
7799
8753
6331
5259
5279
884
11111
4939
706
8549
8619
12564
6787
5194
4574
12469
7535
9005
6183
8996
3901
6938
1663
1348
8551
8451
2938
8098
8841
10572
452
7115
6575
11325
6071
10658
9063
9780
5589
5808
7696
2047
7720
9716
5382
6209
790
1821
8510
6176
12556
4577
3998
3711
9800
3329
2444
5325
871
3283
10187
6396
330
3782
4088
2345
9867
5305
1043
11179
10617
2613
7049
6887
2058
5697
12393
8481
1997
3717
8246
7393
8110
11063
9449
491
7686
12897
9168
6705
272
1632
5001
6165
12748
8787
2676
9820
12607
5391
4554
1294
8203
10929
6161
5718
11921
5540
8162
6324
4374
1753
6064
3628
3066
3676
8436
6465
12643
861
6692
2807
11983
11445
9926
676
6985
3497
9776
9757
3723
7043
5986
10061
10524
2144
12605
10990
796
3485
7048
12909
7346
7838
5858
12811
385
9219
5451
900
8739
7501
10205
2242
8633
7642
6418
3891
4249
5952
1126
7854
9276
3498
7368
4844
6970
3638
6621
12396
2078
4765
11082
10142
502
9294
6639
1248
2042
2220
6226
1212
662
9616
310
9092
7276
7569
10923
6866
1186
1122
3637
1335
11287
6371
3997
9259
8058
4660
6624
5544
585
12014
5415
10271
7564
5731
1140
9293
7644
1824
4428
7513
6473
1543
783
5665
6046
6129
2375
9303
7251
3736
11923
11031
12041
9176
10357
6891
5870
8461
8935
10025
11778
9071
12091
3545
8761
9906
12501
4456
12176
12359
1909
2495
8505
5283
9299
10992
3390
8028
4705
11052
9690
4890
7656
6967
2619
7984
8149
3971
9686
11556
11715
5042
10924
4606
3292
6054
2373
3900
4108
11378
2232
8065
225
12422
1674
8612
5880
9269
5395
10931
12758
7061
8915
5164
6782
9996
2781
8219
10455
3775
11213
12256
1973
9689
8784
3338
10216
8813
5368
9192
5736
6000
1667
2424
3763
6385
2241
7300
1852
3559
12329
11499
11309
6793
6625
6141
7338
7523
7451
2222
7640
614
12162
997
2950
9426
2967
3057
12123
11768
11881
4571
10001
9473
12613
11494
4943
254
2273
1054
11593
4497
9725
12375
3684
1214
12512
10665
12390
4320
2767
9854
3588
13000
3192
8130
4741
5707
9878
9763
799
9046
1154
3520
12419
4553
7634
10312
3209
11927
5484
10764
10194
1159
2827
2247
496
352
7563
4875
8682
2667
3626
12582
959
3464
10318
6003
3681
883
12685
10263
4689
6794
7004
9093
1620
6716
574
6135
4093
12463
6174
4782
9114
10441
9344
6229
2904
12451
4155
9171
9378
2611
3586
5672
7831
9099
9816
704
3790
4430
3229
875
546
3484
3742
11323
1096
7751
1161
3837
8276
5017
12294
4846
9318
8696
12978
5299
3789
11172
10299
2809
5353
11711
7825
5396
12069
9355
8136
4190
7476
10120
8796
3041
6878
9404
11230
3399
5023
1499
1896
7183
7327
5829
7095
2286
12684
12903
7738
10820
4562
1093
1946
10959
3218
1026
2132
945
4792
8421
5488
7372
11414
3278
5751
9555
11051
6588
12312
9630
8782
11142
12479
6984
12303
9081
7715
6318
2557
4708
12670
6146
2285
5150
12075
7851
5326
656
10765
3301
6191
2878
11018
12276
1328
3248
7053
1763
11685
3135
8101
9019
5595
6441
4147
2021
11311
11203
1222
7146
12809
10553
7142
10449
6752
11247
9185
5604
11202
4749
7660
4557
3826
4631
6189
8184
10042
9973
3592
10402
701
12583
8399
1648
1197
9668
728
8531
5303
12000
7898
4887
10511
260
1775
1726
4037
6400
7159
1528
4558
6785
7129
6922
10652
1415
1323
7815
104
3627
8640
12030
10696
11182
8788
6783
2788
1486
3936
4152
6896
11637
11900
2472
9932
8284
5602
8876
5028
8053
10824
5568
3807
3614
8186
10383
4837
2920
3113
8210
10088
11624
2316
7639
885
9216
9112
9510
10916
1390
10389
423
5928
9416
3064
8320
4948
411
4545
11589
10442
2435
9605
3508
11163
12211
4462
10119
1765
1014
5446
12603
8340
11219
10322
9937
11552
497
2903
4868
10394
5747
1267
9011
1515
1138
345
7524
687
1281
10154
8629
12449
8697
12249
2386
3698
8138
12612
7349
4173
11225
8241
1722
7149
1480
10482
12653
10848
11538
3234
8157
9986
8875
9261
5079
2401
4659
3975
7414
11782
1456
4376
1577
6880
1443
2522
5894
8427
2580
7395
6148
12708
5789
688
8384
7106
11044
1986
8037
6939
12401
6747
10226
11742
9940
5248
489
9470
9834
8199
1142
12549
3507
4043
2966
1719
4330
2531
5276
9450
3458
5615
7747
1303
10781
11227
2255
3403
9348
11668
3764
12752
10661
3133
9787
7551
6319
7533
3802
12966
7446
5156
2607
2443
7976
1615
10526
10092
9843
6744
6598
4822
10106
7068
9567
6875
3713
7655
4393
11109
8449
10398
7767
4702
5476
7054
12594
8550
10573
499
7822
5506
5474
3349
6915
11686
10860
12836
8360
7756
12050
10459
4892
8852
482
3424
2625
9024
12711
2122
3618
3570
3823
6742
3733
9459
10559
675
7610
7575
2692
8909
8741
8607
10155
12632
608
11383
12102
9874
11002
2561
11090
11497
11502
874
7966
7844
1210
11805
1025
5636
9189
7430
12346
3845
11067
5403
328
10937
5624
10558
11643
5909
3600
11616
4894
7748
7866
4693
12616
7029
10709
8137
1487
3083
2802
9174
5129
6358
2055
971
3647
5831
6739
9103
3003
1022
11820
12635
2942
12082
3542
1235
9180
9407
6379
4993
11345
8295
11991
5495
2347
11045
12723
2186
11656
11266
1619
3467
63
3656
6921
8234
3516
11125
11527
4157
1166
11419
12511
11164
5082
5954
10627
3893
7755
7829
4293
5633
5224
9579
11154
9515
4726
12430
6415
4027
4404
1754
3468
10145
3175
3028
11873
1481
12778
5209
5537
4263
1249
8654
172
7
10565
12679
8401
12103
4787
10032
10570
923
10537
10849
9499
10695
6425
10615
6798
5644
12580
13006
10549
7123
9444
8687
6926
5523
11841
420
12084
4645
1732
12597
11676
10139
2685
10062
12410
8062
5793
9494
2357
10148
1005
12151
8811
7889
6428
6126
8938
12937
11406
234
9245
285
6768
6111
12437
7463
12129
4143
10514
4436
9674
2169
2644
5126
8684
5828
8085
11264
7411
9095
1399
7960
2973
8772
4683
6669
1637
81
1112
7888
10513
10948
6230
8579
235
11848
3860
7991
8618
3857
5728
7621
4686
6456
4654
4729
2933
1510
6648
9521
176
12875
1879
2648
910
5405
2293
6195
8834
11404
9218
3510
3694
10837
3612
12136
10877
10650
12601
1688
11191
743
9199
3084
8828
190
9759
10901
2861
10772
12555
7548
2128
280
3505
9621
1055
10757
11321
8350
1984
12989
5015
8355
9113
6434
275
4748
5546
988
12015
9153
4138
10964
10725
8984
4783
1866
12754
1429
12277
4336
3571
9952
4525
2635
6484
11891
9825
8215
4712
3883
8516
9064
5603
4467
10583
7604
6368
5085
11091
7321
1567
6491
9195
6391
7056
7222
10232
5947
3540
3473
222
2940
8154
6876
2612
3753
2601
7472
3754
2160
2910
10082
1991
11794
5893
10087
9850
1401
873
9547
8954
679
1512
4687
8349
8755
12245
10264
5959
11750
4519
2261
9281
12981
12005
12624
6564
7714
2793
9718
7045
949
9724
7052
9702
6096
10141
6215
7154
747
6295
707
10628
11438
12619
5425
5526
10003
5139
8492
1476
11718
5750
56
5264
11962
5146
6549
3054
8182
7418
11677
5976
10075
4323
6038
39
10202
7118
10472
7471
5530
1536
9161
3120
4285
4177
7230
9717
2398
4871
2773
3582
10315
5423
1681
3887
7182
1893
8266
7109
3007
939
1442
4265
12911
3091
7676
1558
3548
1564
8075
11452
4098
8889
2805
4315
12507
5198
8485
1734
10808
3838
8299
1024
3372
12190
8966
1341
11737
11835
8046
5849
2470
6927
10515
6709
5714
8039
3772
2758
12879
8490
7957
10825
12884
8271
2003
821
10611
9863
8383
6613
5761
11433
3354
12322
2840
6205
2236
2780
2610
7826
3339
3308
12442
11390
2953
6376
10428
4269
4947
8477
10692
8672
7547
7497
1176
8003
1182
4861
9786
10467
7152
7877
2456
4950
474
7996
8764
7377
243
5773
9988
9811
9938
11097
12130
8109
4284
1661
8087
3361
11875
7156
7247
6387
9589
9837
1206
473
9537
12254
5203
7685
1451
11910
3585
11440
3019
10081
10380
788
10490
6210
6346
10649
1511
9568
1111
12956
7500
9637
2986
7922
5503
7503
6364
9160
5226
10729
11158
1311
1245
12439
10371
10265
12204
4068
12063
4097
12515
10605
2652
12701
595
6650
4672
1342
5805
10754
3878
3397
10176
5653
11343
6483
3562
10457
1857
4664
11365
1720
12671
2138
12880
10345
10415
8597
10819
5301
6950
11160
3182
4618
6576
4237
11375
4596
3165
4378
10378
6223
10206
11285
10814
6750
9957
2093
3882
762
3504
11477
12856
5768
11056
6471
10230
3038
12160
12890
12018
11184
3124
1664
7404
3252
5363
12444
11675
9181
4205
1495
5336
8992
6784
10430
10944
2779
1139
12931
7836
8814
4701
8562
7193
12674
6145
10128
9090
2632
5378
5379
10578
11651
12651
2830
10577
9006
8442
11922
6726
9790
11971
12509
5575
1707
12576
8747
3728
8818
2843
2204
1290
789
6014
4980
5657
2004
2274
4793
2538
6197
12168
8289
4432
3434
8585
5170
4295
8564
9559
4929
10241
12023
1895
7442
12241
12309
3693
1203
10100
12563
9164
140
8810
891
5372
12820
4888
7690
1686
10662
184
6498
12184
2202
6066
6284
7312
10374
12688
3726
8746
5397
2879
8570
11257
9020
5119
5612
7245
10303
12835
10689
5834
3269
5000
10647
9115
1178
2033
1285
10645
863
6749
5617
421
4235
6568
7620
12124
2251
5034
5489
4953
3061
11065
12759
6560
3622
1551
3121
119
2623
916
9583
1959
4994
12962
3573
10183
467
1780
2631
3529
2521
3081
3160
2867
3145
7461
11931
989
3320
9962
4158
431
399
5795
2744
3147
886
763
9477
5560
3808
11817
10584
7762
11511
292
5874
7757
8475
7032
10250
10794
11620
3646
12051
11807
4905
12650
5501
9798
3082
2151
7842
11127
5021
10717
6040
2147
9476
5122
3903
12208
9729
7304
12976
3347
11190
25
7724
11851
2941
12721
11836
9564
8973
3551
7444
10830
5412
5621
1446
2473
9809
9657
11488
2725
4862
1013
11026
11161
11340
3813
6033
11282
6931
9297
5765
12152
9405
12521
7425
8742
10227
8647
9431
9484
11951
12408
4547
8257
735
11047
10296
2471
4940
1653
3725
2507
9490
7423
6147
6036
12170
10008
9591
1479
4248
9908
2699
1059
2836
2039
6838
12268
2489
12398
9194
4200
3621
5767
1606
8117
1712
6701
11867
10320
2738
9036
3492
4915
5936
3515
2748
12460
8012
2951
4488
322
3450
5694
4206
2476
3167
4626
6315
3001
6546
9570
11196
5567
12938
8297
9520
1535
672
3171
3552
870
7286
1936
7275
7134
8179
3776
2517
9789
3095
817
3881
1673
10476
7147
5242
759
6228
8985
2179
11728
274
5746
5620
11513
1284
8928
9371
5837
3244
2174
4722
4620
897
8879
3422
6373
11035
1078
4611
8676
12609
1556
6409
12433
7839
7390
8188
8367
8955
7848
6493
11617
5890
8313
6583
7428
12165
8547
7670
7648
4052
3013
527
953
655
3357
3314
12025
3411
12734
2961
10547
9722
2777
7972
3462
7978
11610
12071
8502
2008
11673
10613
3180
12775
5234
6006
5465
12642
8164
3908
10883
9901
7488
10458
3910
3123
1117
3090
766
8218
1130
729
6814
5153
6326
1229
3444
5291
5572
3319
751
594
3861
12199
9603
7797
9692
11674
4858
4999
5207
5344
6394
2074
9363
5641
12598
3427
6734
4153
1388
1183
8617
6421
8064
3332
3285
6858
2690
12982
2090
8099
12494
6333
10616
5179
12450
11103
7099
1647
5903
3594
12780
335
8910
5781
9066
9879
2627
3731
129
7038
5386
8126
3806
9366
2751
11492
2488
1305
7592
9663
11594
6605
7219
1173
5992
10340
2984
11057
11245
653
10109
9327
836
7165
12558
11411
2211
11720
6300
6016
7020
641
8894
9558
5591
4730
8639
3004
4830
4035
3629
6417
2016
5942
9383
6509
386
10123
5362
11394
12079
4092
10952
9122
9085
7779
7297
6157
4168
10528
9359
10047
10358
10575
8196
623
1302
2943
5003
7403
3201
1420
719
6353
8734
11704
2922
10702
7058
505
4214
8855
7441
10193
2011
12657
6268
5907
1192
6536
6239
697
3275
2546
10608
10807
5876
4482
6167
204
2143
11837
2235
6431
9666
9010
8372
7027
5237
417
5822
10580
1677
5492
9727
6610
1672
350
12665
11989
422
9882
1334
7248
1321
11766
10618
5717
12749
77
8454
6031
4751
9460
5966
7717
5581
5776
3579
11307
11815
7207
1865
4123
12417
9928
2422
12572
7951
11427
10423
2567
9253
12178
153
12771
10333
438
2825
4459
1029
11934
5888
8230
985
11476
7162
5551
3828
10637
3487
4085
7077
4761
10680
2257
12017
12774
7652
96
2575
12373
9948
10136
12145
12551
6154
5056
6332
5048
4469
1292
6772
407
390
6220
4873
11211
6168
8922
12441
1448
8604
4652
11122
1687
2541
10954
5120
10010
7215
5319
6435
702
6884
600
8690
4227
1948
7339
5011
9427
5284
4563
9248
8695
10197
1534
6398
6617
12796
10114
6612
1151
10708
5754
8362
4164
1892
12043
2248
4806
703
7082
3315
3433
12826
8480
7030
8537
6121
68
12252
11050
12321
794
9849
2892
5725
7624
3140
3634
993
5373
5848
10545
9242
9794
1447
266
2735
8976
362
11752
1846
9388
8949
6979
12473
10656
12713
10452
4371
4827
8414
10329
5235
11358
531
521
7577
3050
3079
7515
12782
6995
12372
4851
8592
3560
11524
2134
2542
3017
3979
10015
4447
7184
777
3110
1427
8692
1327
4522
7133
10422
2923
10918
669
6502
12235
2552
6027
2001
9950
5369
10231
4160
8204
10037
5584
4769
4435
5124
9040
3220
10427
12991
9448
8509
2000
6713
7526
8268
4220
8495
6452
4932
4924
2548
652
4075
10958
12673
1317
844
11498
8842
6714
7483
4429
12581
2069
8038
664
12431
1083
9824
920
8522
4937
1300
11300
1643
10961
10783
6671
7291
4041
4610
5138
734
5812
9963
1918
8712
5062
11278
7853
11318
1313
5885
8236
180
8669
4446
9691
7141
7784
5724
1113
6002
4733
2816
7013
1131
5634
1121
4984
6689
5250
2890
2847
7917
4863
9022
10531
10491
12001
11016
12538
12191
2192
12703
9266
2263
6930
10048
10384
9735
3678
659
10328
3340
1979
7139
10707
3421
5145
3814
519
11941
2673
9965
1935
185
9436
7406
3822
5801
9617
5107
11753
12941
6678
11776
6289
12326
10785
12887
3212
8393
468
11746
737
11437
6234
2175
3643
7722
10687
5509
8305
8158
3755
1886
9067
10044
117
6620
6533
8508
6283
3500
10510
11181
5835
8904
1020
12790
2036
4578
10020
10762
9728
2934
7228
11355
11330
4796
529
3107
10191
5908
587
6241
7901
11503
1727
1021
9042
3564
1565
1067
12024
4195
11868
5020
10134
11246
8839
1759
9830
3536
2582
5711
1877
11709
7140
3831
5461
2080
12923
9865
4142
3522
10606
7360
5969
3127
7806
7862
11854
7357
7946
232
7080
9498
5136
10418
4614
71
10970
8873
7063
2527
7736
5590
9779
12830
10935
3115
8168
4351
6541
7167
6316
5040
8187
9062
3268
815
12290
3895
10445
7534
4644
7260
8504
3962
12873
9770
830
3042
1325
11123
7752
10643
7793
8402
6492
10915
7039
8956
8507
1376
5257
2822
1123
7440
20
11602
4232
4110
440
3948
3843
1809
11521
2397
11948
9134
4121
4434
6581
4954
9782
3407
4060
8769
8613
1163
1477
12313
5205
1033
4380
1278
1075
700
1464
1190
1098
3262
5705
12242
12173
11621
5647
7019
6604
2376
4700
2614
12304
12577
7009
10607
6622
7718
9602
3686
7153
12376
3375
10657
578
5930
9255
6330
281
818
2412
8840
1006
9000
3923
7581
4059
11765
4166
3149
9557
9607
6717
6323
5655
6291
12016
4593
8605
10779
1880
10429
4453
4424
5092
11458
8294
12164
9027
2513
7283
3956
2515
3855
6355
3435
5897
4415
5113
12954
10478
8644
5645
12571
9531
137
5272
9239
316
437
4682
11332
7176
11253
5975
6072
8845
1689
2353
6983
6244
2959
1371
4053
8623
8513
12886
1079
2587
12279
10536
5051
3714
9107
690
8259
11722
1431
7431
2465
7466
8235
5202
1976
3410
11555
10317
5565
1611
7532
8593
8151
9068
4333
724
394
851
12316
4735
10861
11956
3323
10471
1384
10365
2624
9929
3125
10843
12502
7175
12693
10488
857
8070
10222
5563
1406
8846
10919
8055
11798
7110
5486
7087
4880
1367
7257
562
9778
7437
2057
11697
10973
8859
11302
9966
5855
5515
2622
4809
2669
6478
6548
7310
9045
7432
9224
11895
4747
11150
12844
927
7358
2019
1012
389
6761
2344
11166
9681
69
5131
9469
7783
12360
629
6212
10788
2763
8152
5448
6537
12387
3267
8666
8128
1518
12112
5838
8517
12358
6207
3236
3568
5287
10447
10460
5884
12638
1932
3747
9848
9919
3299
6732
4421
10453
10118
3679
7485
1343
9117
6370
59
4461
9511
5320
9540
4185
2979
2970
248
209
1125
819
12202
3599
5258
4711
12154
5708
2172
9764
4139
721
6792
5087
8558
12150
10030
9683
188
11531
296
331
3757
9675
4662
12367
7587
1610
10793
5643
8933
10235
2124
3251
9493
10975
7480
12859
11796
9695
4353
202
5809
9467
9367
10500
7730
3394
6061
7802
11816
7085
11886
6872
3073
2789
12700
143
4971
8883
11329
1068
8042
4126
10420
10768
4002
11269
3792
4816
12455
6260
2359
10890
7010
3088
1318
930
5385
7663
5846
1152
6408
6529
8519
2453
8807
453
4422
7255
7272
3645
12530
11454
5629
241
4927
10395
9108
7433
6827
6306
1929
4896
633
12238
533
4543
1696
9894
10034
11741
1549
8577
2366
1364
11872
12818
929
121
7369
9768
383
6151
11380
439
10084
532
4001
8683
11459
10332
6488
3811
3603
5151
12668
4619
5450
11592
12649
3476
10822
2486
4975
3118
1386
12158
2099
2173
10790
12718
5882
10258
10797
8929
11823
10676
1792
12850
2082
826
12119
11932
12065
714
8123
11034
5661
405
11393
9187
1569
6494
7366
2479
3976
8867
716
583
341
2053
6500
12032
6472
10634
1063
8987
3968
2448
8346
5436
6544
4086
9435
1366
2668
1344
9414
4159
3178
6340
3534
7074
8786
10196
1184
8111
6774
1377
8069
9598
8624
466
3060
4373
11520
9902
3748
10288
1523
3362
7262
12960
6727
2389
8964
7244
4978
147
5177
3803
9350
1461
11220
11955
3326
8638
7713
2533
8141
6830
6203
12901
2996
2604
2215
4901
12146
10127
3509
5251
8406
4397
4825
10834
3801
9454
6521
9346
5690
801
2369
9771
6402
10795
10221
4222
9282
4923
2569
9941
9835
4642
11347
12618
5004
4172
6426
9999
7948
4505
2581
6444
2563
47
9660
12513
11317
12415
12996
11283
5182
12220
3727
2505
7743
5161
6499
4307
3835
7475
9139
4691
4977
8939
11377
6864
3745
5850
1035
40
311
7782
3065
1028
5475
4055
11507
1891
10667
11485
12779
8191
2812
3957
12883
7127
35
7059
3044
4694
8293
11461
6893
11954
10403
2161
2408
10838
8820
9150
65
2850
2079
9924
11145
11157
709
8140
6120
9593
4349
3472
12896
9132
6885
2688
5080
6680
3369
9288
7549
8745
10993
10854
1521
1066
2638
12738
5783
7629
4969
3360
9037
3493
9930
1829
5715
2006
1004
8163
9552
12428
5996
1435
10733
7024
8729
613
11943
6275
7151
6545
7112
10305
3706
549
6679
11645
10648
4328
5518
173
1244
169
1353
772
7062
8159
1089
4391
7464
12308
9480
12008
8023
5464
3429
8982
122
3920
4850
304
2117
6755
3512
894
1374
