982
8648
4324
12994
6845
11402
487
6179
12089
6684
2039
4679
12959
9601
11279
10385
7694
1256
6804
5613
12775
6601
6107
4656
588
8793
8895
9836
7864
3901
4873
9604
10150
4525
2364
8332
9415
10198
686
8641
1306
12364
7425
7335
4432
3386
11276
5719
8060
2638
3864
6138
12311
4007
538
2629
6451
11265
10670
5253
8261
8390
1576
11648
12861
10896
1059
1055
12016
9028
4317
10686
581
4218
11654
11208
2417
8642
1875
10246
10624
7445
4790
5084
7389
9655
10323
12587
9338
12138
9480
368
12915
8944
9078
7685
11446
11081
1502
7678
5619
10245
6275
7839
9501
3092
848
1550
8902
12405
3984
4917
12869
11604
1616
11240
11875
6957
10921
10594
380
8240
1116
2454
908
2201
9167
12381
6433
98
3280
2334
3636
2384
2535
8269
397
5447
5241
1698
11032
5826
5908
2445
1437
8258
5266
10730
9822
3465
9677
10974
544
2730
520
5188
6568
10035
11220
10956
11659
9528
2674
7210
9913
9110
7759
12323
2877
136
2733
1296
4910
4905
7553
8223
9210
7459
3651
8064
10813
8657
5933
11522
29
4865
1225
7986
12325
8003
6356
5098
9701
4241
2542
6963
6711
9299
11520
1699
4915
11815
3848
4263
2556
5561
12340
10063
7981
9484
12585
11365
6632
12995
12781
7658
3292
12976
2200
6878
4922
35
2605
11615
3091
9630
10760
8309
976
12944
1804
3133
7326
7583
5617
1683
8629
2947
10329
2758
6068
2647
4537
7238
11157
9539
303
2003
11232
6533
12053
8520
10315
1271
1217
8185
10506
5755
6094
12296
203
5849
1174
4128
7370
2451
5716
2460
3571
3117
12855
1600
1391
10748
8199
11154
1013
8934
11965
11469
11376
186
10911
9027
9108
1811
8278
3620
9245
7762
4162
3903
9547
2688
3338
11834
5860
7567
8262
12030
12825
12617
9649
11496
9687
5304
10210
11108
1865
663
4483
7286
6525
2519
3472
4060
10369
1021
5981
2447
7560
858
8826
7871
12908
3188
4567
12458
12678
10253
10408
4571
8880
6005
7271
1568
12066
9223
9983
1377
184
5149
5151
7547
7101
669
3883
8502
6680
5994
2173
11142
4185
5585
11751
11075
6165
5500
1357
3025
9734
6372
4232
356
12344
5543
12660
4845
12292
7543
2432
11693
5111
1783
11335
8704
2719
12106
3490
4487
6984
5854
6190
12839
1468
9995
6754
8312
12413
2759
5750
7423
2205
10455
11035
6423
12159
12826
3451
7884
12062
5293
6821
5088
12608
10017
5972
12293
2168
11125
7675
12797
1360
3631
6489
6298
7925
12815
2793
5380
6825
10731
6249
10699
10846
5549
9526
10060
1727
6175
8496
7868
1726
2531
7710
12544
8329
9386
1720
11759
9086
11296
5272
6282
5924
3535
3736
10635
9190
292
690
12355
2166
10541
861
8714
12967
3926
4439
11267
3450
2505
10339
9393
5183
8085
10658
8449
722
97
6605
10667
12336
6704
9494
12497
4307
515
12511
2114
6838
4715
2357
7679
12524
10030
6803
7749
8039
1810
2493
2387
194
9032
2977
12903
1446
5113
11339
91
1889
10581
6706
12332
12635
7715
6161
7609
8227
8314
4770
9454
7466
11011
1623
3527
6871
634
10357
8611
9259
12520
5914
7844
7668
10185
6581
2193
11851
567
10188
9818
11185
7097
8008
5850
1741
9702
5155
10866
3264
390
492
2155
6979
8051
4730
1574
11517
4605
481
3157
9091
5791
12611
4183
6575
12737
10328
6948
1152
6087
12605
6220
8627
10398
5524
10068
2920
9939
7953
3672
12823
3627
7944
872
1327
10758
11699
5587
11499
2651
8558
10011
6745
5482
3125
8310
137
8281
1442
7905
7628
12651
10009
3663
11562
1123
3806
6563
4709
157
5787
12655
11850
1514
9126
6076
6889
6965
1189
6456
10388
12199
1866
8014
8440
10079
12975
4120
719
4449
4961
323
7244
9775
9330
241
1056
3913
11283
11486
4351
4757
1417
7056
6633
7580
7518
12988
3362
7128
11975
4360
2002
656
7334
7709
894
4830
7468
2333
2626
11186
1812
5943
2863
10396
12295
4868
12427
12770
8090
10642
2028
4772
10720
6218
2362
6755
11359
6753
11363
8937
12761
7082
2209
9084
119
10540
8695
8645
6694
12326
6237
8670
4310
8988
7991
3061
1897
5818
5361
5856
11221
11886
4401
3342
9877
6471
10786
12297
10049
3924
12028
8279
3029
1477
6116
12851
11723
9732
12146
3599
12900
8594
4484
2576
11244
703
6554
3963
3145
10941
12690
2572
2521
10469
6037
9225
162
12184
6544
10922
5616
2884
110
5038
12207
462
11616
8852
10341
6718
8252
10442
9232
1214
9784
10717
11926
12824
11291
6635
12905
7253
6919
12813
9458
3733
11401
2455
7325
11168
3531
5356
12829
9805
2601
2218
9658
2683
8612
9482
6940
10200
7478
12000
10093
5129
7410
12518
4013
7554
7846
12584
4814
5708
6184
12282
9455
6973
5171
11636
1520
4716
2152
2843
11219
8410
4682
7172
1097
10592
10755
189
12099
2707
5369
9624
398
3868
9929
11862
605
10421
11061
10304
2112
4541
6692
10290
912
11212
4226
1443
11210
12871
5516
6106
7324
12719
7854
9127
12610
10796
708
10299
3299
12821
128
7068
5697
5569
5680
9052
10082
11477
5715
12681
2533
6243
211
11662
5283
12594
9148
5667
12573
10577
2614
10377
12128
4958
5842
6047
8967
11000
10504
12708
2448
10618
2064
8838
5491
7911
8250
7173
12631
9358
4417
6522
501
7861
3622
8569
413
11470
2367
12283
8311
1711
5766
9215
1459
3885
7566
6769
5201
7217
3258
6250
3506
5967
2138
7827
10645
7498
5227
2776
2190
9884
1641
3234
11611
3069
11426
8239
11141
8017
5645
12796
5180
4015
12935
8032
4419
734
9053
11312
386
6934
5197
3166
10553
8115
3758
2139
4213
829
8952
7029
10026
7283
8754
4072
6130
12211
1407
5032
5138
7596
7016
5428
30
9992
4597
10890
5651
4
6400
1176
2711
8473
11293
12964
9237
4109
3929
3161
5928
11607
4296
4115
12005
7917
12818
2713
4200
9555
145
8224
10004
11948
10342
12010
11617
1484
10778
11639
8035
7571
1975
5251
2537
9962
221
10041
2246
461
8954
1281
7857
4756
5268
12125
5746
6300
8402
4925
6506
11378
11748
3340
8749
9346
9135
11781
2830
12755
776
2959
5307
1651
6703
3288
11093
6038
6869
12006
1093
6962
1373
10958
3160
6593
10176
2689
9712
7960
10769
9742
7157
12777
7239
4503
9739
4739
10800
12555
11524
11360
1799
7983
8974
5848
5006
11440
9387
232
1293
2118
3649
6084
10151
8457
4135
215
9507
11971
12223
12695
8043
9145
9583
11710
7197
7415
12942
10601
2390
10627
9226
1940
10793
11599
7376
489
2286
4150
5810
3218
3068
12653
3013
4763
12921
11897
2130
10289
3573
9764
1744
11400
3228
11331
8044
3787
7332
12205
7071
4337
2416
3113
418
11700
7418
8377
3781
11505
5703
639
7181
970
3101
10283
10492
3777
8962
1483
6759
8653
6951
8722
2910
11603
8872
10475
12751
7693
12507
8189
8033
9541
4894
11349
12036
12575
1085
9855
10523
4847
12404
5093
9544
12692
534
1819
4579
3568
3393
10953
11436
7331
6507
5142
12674
7525
8987
9334
11958
9298
8082
442
1072
10865
10310
6797
11207
3278
3626
7837
4743
3347
8772
11102
7743
6686
12430
11493
7848
44
3851
12527
6543
3634
11308
2174
11645
4141
3703
12490
376
7308
11790
11514
1869
7204
9317
2169
996
6335
3131
12020
6693
4470
11104
11100
11290
5724
11145
12977
10870
2453
1879
12953
4114
470
7288
10190
508
5717
12482
11773
10477
12065
372
7396
1890
4918
5562
12939
4028
9088
9229
2735
11936
6536
7089
6814
3196
9874
5579
6560
9117
731
12626
6389
193
2093
9574
7188
12401
4942
8596
7832
11534
4839
8813
392
2912
12896
1491
8127
5329
4294
5239
4489
10375
5778
8055
10178
11779
8061
9024
12403
1864
12477
2575
2129
168
10516
1732
6347
5741
3737
1210
1607
10925
4616
1973
5941
1278
10555
845
4341
3082
1992
12235
5909
3783
7945
9963
6779
10752
5439
7656
9704
7589
11471
12418
2800
4042
2431
12269
1756
591
2782
12368
1163
3430
4396
7787
7579
11028
142
10285
7379
3284
5888
1449
10212
12279
6420
528
1505
99
1518
5287
4569
8744
8041
9074
11606
9633
678
1715
10721
11885
10907
7472
12864
2599
10029
612
8857
11646
9453
3792
12204
4261
1285
11548
332
7690
3832
9155
9885
11927
1860
1333
6699
12002
12261
7424
11297
10557
7446
4518
2185
4582
10173
4507
209
2464
9025
8046
12321
11046
10270
8188
11539
12078
7213
10366
1562
10744
6805
7395
842
938
2194
11368
1523
10486
9366
12447
2363
12350
2203
12049
2845
795
1283
3569
2015
10108
2150
3795
3817
2131
74
9753
3344
7018
7982
2325
3331
5076
11236
7420
7455
12779
11326
3181
3079
9452
888
12917
4405
12745
5545
705
9159
3320
3088
10191
4817
11424
7657
8021
9239
3479
6578
12437
4811
541
4090
1305
1706
9076
7521
566
11087
10203
195
11978
2773
3435
12621
7924
2101
673
9829
4580
75
1185
4858
9587
4029
2527
9438
979
3357
9080
7799
5333
10472
11012
5630
3471
11728
10719
9450
10121
3576
2442
10651
2768
6422
7519
6412
823
10415
12461
12679
8560
9109
4568
4448
4274
10447
11138
10168
2633
9011
3080
11474
3981
4212
2509
8391
4678
8228
7935
6713
8030
1427
9483
3456
6742
4916
7923
9035
4517
10629
5780
6974
4195
7824
41
1779
3394
3579
6944
2278
999
4063
12612
2087
6029
10939
9910
1179
4426
5186
7072
3132
7249
6280
746
6470
5017
3760
9761
9543
182
1755
6495
7952
8200
10996
4513
6901
12649
1563
677
1626
11898
7625
12463
2092
12588
11817
7231
5035
2482
12798
9499
6904
10094
5735
11501
2354
640
313
1700
1169
5214
1207
9004
2499
11880
6529
1307
371
2596
3382
146
7285
285
11229
1050
9278
10354
10275
1440
127
8378
7697
10316
5511
8763
4761
2439
3176
12804
4565
2693
11922
1542
112
12322
12316
12152
493
12421
3744
4019
2528
2054
3680
5832
6122
5709
7039
1209
4536
2667
7703
12795
5593
3241
9515
7015
9663
6358
6857
2412
5080
9090
8254
7906
597
9264
1644
12215
1354
9265
17
2593
6558
12112
9817
6626
3794
5871
1456
4385
9516
11307
3947
2426
5152
2351
10792
13004
12294
2883
8073
6206
7277
7951
4243
4780
3912
3123
630
5825
4891
1969
5115
12873
6340
295
6588
4957
2253
5779
3588
7958
10287
11183
10548
5711
9717
5542
13009
5042
565
8910
8283
9579
11829
12347
2991
8536
7977
4216
2267
3790
5335
9833
6331
4962
4136
3553
11258
10915
6088
12550
12867
3287
11854
10220
10057
4088
4366
3827
4458
1485
4610
6577
2046
5433
12077
4080
6230
10562
12442
6517
4740
334
7820
5387
4071
9934
2598
2348
9931
5874
3978
4681
571
10483
5784
3345
12832
7711
2859
12333
152
6299
7626
10535
4785
9119
2237
5440
8323
7086
5243
5864
9457
11292
9474
8475
7414
3321
6390
10791
7503
8472
5426
683
2219
1267
11399
4666
2299
281
8483
6725
7618
12258
1664
12480
12168
9759
12256
7348
4108
10418
9838
436
5621
8588
5176
83
4526
3205
12300
12565
2921
11600
12627
11340
126
12110
5003
7913
10353
10241
7702
7994
10653
1870
6264
9283
8650
10335
5484
5892
3077
8858
5136
12493
1454
11484
3796
6272
11530
8083
11508
3896
9039
12830
7755
3064
9144
6766
9156
10569
896
9326
12602
585
6060
5389
9681
8689
7475
12232
11569
10560
10345
2642
10794
1077
10835
8375
12489
9733
717
5278
4346
5975
6123
3375
9569
3152
2117
7377
5386
4774
3154
820
726
5011
8789
8236
9644
7532
11393
8075
11020
9585
905
1103
7572
6941
7563
11716
7205
7047
7751
3705
9549
7178
2212
10448
877
4982
12810
249
12857
1806
9508
6031
10020
8020
12583
2283
415
9137
6480
8946
4546
1200
10389
805
4242
4731
4265
6226
10072
8964
6661
479
12324
12808
7359
8135
4803
8562
7371
9282
5762
318
299
2654
5797
12045
5121
11213
10180
2081
9085
4283
1561
1218
6469
4368
10466
4758
5772
12901
12887
3147
1393
3850
3775
12414
10249
1847
1323
2008
5944
7214
6891
4290
2318
7938
12805
9744
8379
7162
12298
7946
4209
7143
5271
7353
3463
2746
2472
8136
9287
12244
9062
5546
9310
1493
2041
3830
6842
11799
9678
175
5656
11602
12756
8608
2941
2105
11708
5793
11772
11201
1876
10861
10817
12535
9372
8584
4944
9297
9631
3412
12897
10181
9605
8581
6241
12933
3990
7502
311
685
1046
7488
801
9803
4574
4376
9830
9061
671
8978
5551
502
2004
10643
3175
12918
10055
10820
12676
2074
5162
7392
1300
3931
7682
6387
7174
10737
2801
11251
10855
5819
3140
2878
7586
6102
3998
10309
12166
5460
6858
4823
12578
12881
6474
12003
6868
2095
7129
5572
7552
3938
8643
4142
4137
2486
6465
5544
11540
10103
8284
1358
4180
12070
11911
3873
9998
10502
11385
5889
8928
3298
709
10830
6255
8296
9064
6043
12234
8505
2461
1888
5148
5742
11348
4621
8548
6099
1679
8708
7555
10045
3757
7487
12026
8357
5026
4151
12597
5760
12327
4129
4861
7612
4919
1851
4713
1042
7255
8096
7062
7587
5803
12073
7356
9402
9248
9262
7194
4540
5684
1073
11575
8114
7888
2933
6530
2611
10325
6902
11109
10008
298
5040
3828
9163
1299
5300
9821
2085
8038
9860
1338
902
3815
10774
7103
2268
3607
7426
8149
8866
7061
5126
5424
4017
7317
4451
3049
12744
1239
2121
5489
7216
5499
11300
3789
8931
3447
4941
6258
6955
11366
6401
6685
12362
87
10578
8545
9672
10644
10856
1833
12572
4768
5451
6406
4938
7581
11846
11677
9736
11977
7230
10269
2512
637
12822
6981
5677
9136
5475
8081
10983
9586
10365
10129
517
1548
12789
789
6256
1082
3689
696
12704
13011
5881
5838
12182
10085
10043
3967
12957
6835
580
4934
5674
5145
8019
6628
9750
7431
11224
11652
9294
3293
4043
1749
6136
3615
12248
12491
2925
9072
1457
7032
7561
2691
3491
12363
2052
7156
12008
9966
8485
1655
9645
11230
5209
7777
9175
5284
9244
4005
11116
3970
10437
9977
5689
8137
10189
3849
963
9152
10048
2487
5018
11019
4358
1383
2315
2948
1394
12629
7779
2943
1426
519
12118
4960
6380
7279
10681
4921
12618
3307
12254
5812
12554
9142
5372
6403
11951
8770
8034
5414
78
4418
10459
10231
12035
7429
7043
4704
2932
4767
10460
2462
796
10371
9462
2541
7084
8863
7878
12242
8684
8853
8715
259
5086
11214
7206
8690
9699
10397
3359
7045
3206
2147
4415
609
4171
8169
3524
6954
697
9267
271
3056
5051
2677
9364
5668
3973
6481
12478
1857
3104
7033
4888
810
1231
11196
3673
946
12892
9652
10320
906
7781
816
6697
5759
11618
6236
12850
12483
2492
9665
11010
12966
5683
3213
787
12386
10751
8751
5341
3078
5269
11053
3350
5528
1098
7140
10394
6923
441
9289
3539
8058
11014
6708
5404
7164
12390
10024
5687
2989
8113
2563
12885
3058
8131
9107
2498
6194
12486
12513
10263
10850
1033
10252
5694
7139
6460
7458
10610
9692
947
3097
4601
5915
5217
4464
8201
4759
4983
3951
5598
11671
4221
4557
8980
6110
5666
3768
3582
9355
12306
11687
4164
8579
11939
6860
3250
9854
9461
7922
9206
6
11059
12194
1235
10297
3281
11344
1868
5525
266
4103
5734
11175
1120
6603
8407
12682
12276
3574
6624
3353
8439
7075
4315
11091
2930
3782
5991
7849
12987
10676
3017
5764
12371
2262
5196
1228
694
9698
2623
12746
10984
11807
3764
267
5495
2012
7979
2557
12436
9965
11269
2854
4375
11148
5578
212
10668
6988
1242
2107
2457
7724
11216
1031
10942
12948
7235
5938
8929
6913
11528
9160
8977
10931
8757
4311
7866
26
7202
5069
12022
3751
6215
782
7852
5311
3015
4110
11217
5622
672
8159
2180
9189
4353
7300
12938
7243
857
1497
6705
518
8072
1279
3285
9659
1428
10713
10162
6307
11073
9066
1682
3886
9001
10994
9769
10854
3200
7669
2757
1107
3141
7369
6629
5325
10954
2927
4619
10006
9682
3466
11738
4788
10602
7673
1503
4753
4248
5301
10561
11094
4884
7020
11695
2900
4468
9748
3971
5348
7617
9253
7745
7495
10599
12243
11492
9774
7822
9864
3368
3217
2222
2872
6952
3528
5519
11756
8380
5931
8048
11914
2313
4267
6912
8745
12174
4766
4872
10887
10848
9810
9957
645
3725
2108
4257
7394
12940
5673
5118
742
9446
3439
8222
951
9182
6823
7975
9780
6977
11872
10476
1411
5799
960
2702
165
8313
7603
10279
11050
10916
957
692
7462
2637
9893
4701
5165
9263
4798
9408
8578
5907
11156
4450
5939
10257
424
1161
3151
4611
183
5434
12927
5643
5058
10788
6095
2547
10795
9896
8719
9230
1795
5378
12470
5758
2697
10819
10912
6509
3612
606
10305
5997
4792
7021
1684
8802
12533
12262
10950
9948
11195
3457
10333
6756
3974
1993
9379
1922
5212
12800
10770
2584
3039
8418
12620
6183
2876
124
11614
5294
5393
6855
4586
748
1331
3502
8860
791
1620
3719
5574
11458
9651
12476
10895
12267
11655
11460
757
12668
1475
8293
4562
7997
715
6192
8700
11286
352
2619
2672
7079
5492
7037
711
5618
4312
2987
5309
7867
12494
12474
10250
12169
8638
7177
1243
2536
8589
1780
4649
4106
2698
6291
4939
11924
945
1194
5242
9467
5580
10920
1017
6615
6441
6564
8571
10716
11495
12079
10479
2956
6081
9447
6960
11403
6172
6414
58
868
6847
5594
10955
4732
11682
6092
4598
7998
11696
549
8959
12167
7980
2786
5752
3067
6587
824
9837
7920
12206
4259
11166
6494
2128
7529
7680
3265
12738
335
10647
8939
9535
851
2126
10411
11921
4971
779
11192
11450
6140
1222
12560
2399
657
2632
6144
5657
12052
3417
1464
9639
6895
9306
8068
6013
6499
4365
12415
11466
1743
8045
2522
2888
10161
10807
1604
4437
9083
7256
2197
10759
4395
2627
2818
2727
11343
8429
1737
4224
11966
12280
8027
8798
7201
725
5074
12101
11788
6363
8769
12420
9443
4736
948
11956
6114
9166
1234
8498
9691
5816
7551
1286
4414
3713
8202
3425
8126
6146
12909
4165
2248
3831
12814
6430
11672
11193
6475
472
1319
6773
8654
11256
12604
1552
10694
277
11866
8510
7940
11123
11418
10576
1728
12671
10872
8414
610
12889
8725
9252
365
11791
6056
4148
2975
5751
2858
8086
6233
9096
3858
1571
3488
8559
1447
9876
675
5477
8338
9935
13010
9828
3102
3976
12396
10458
718
220
4186
8825
10903
10959
7996
4159
1891
7226
2239
6596
6933
613
1233
12914
3272
910
10638
1361
9406
1075
7024
7236
6770
4429
3339
12214
6639
5771
3462
10208
2628
3633
6353
5635
1818
2682
2088
10666
2415
3940
3921
7629
93
10356
8877
6201
2189
3065
7182
11596
4860
4870
12117
8484
3881
10982
10115
12764
2310
4966
10090
8655
5777
11261
11218
5112
469
3807
7933
253
10884
2784
12711
319
1011
10898
6840
2824
4478
11925
9614
1778
8930
10351
12906
478
11309
1284
3625
4834
10110
3156
5744
11697
11107
3505
1322
1287
2625
10101
9873
1028
2395
6288
1798
6493
1148
148
467
11487
1253
11577
10510
7104
9420
10141
4044
9164
1204
11018
1815
5662
1560
6147
8253
7406
8876
3190
11410
9719
4229
3560
1665
8985
6334
7897
8141
12739
1374
6500
5827
11089
3552
265
12208
10288
6488
2377
301
9311
3696
10197
4035
11995
9788
2403
4273
5875
6048
12536
6598
10616
1668
6405
10691
11510
9178
12729
5520
3063
8132
11462
767
8183
11468
919
721
3846
11233
11110
9017
12496
6103
3100
5257
12589
8308
7538
4251
5122
5156
8388
2811
4204
10918
7034
5025
2473
729
2903
5637
6119
5474
10473
10367
1871
12606
7368
3650
6987
4896
10229
3813
1476
4291
10831
3972
1452
5170
6101
12451
5942
8864
11101
10099
9260
107
11453
11805
8849
8664
1892
10703
2217
10395
11571
6384
11899
12561
3605
7511
915
4714
6828
1816
1245
573
924
646
344
1704
96
10098
10500
4240
6415
741
4950
4663
1596
12473
2518
3854
8448
11447
12084
2386
12882
4255
11664
2444
9937
2754
4802
2706
7676
1841
8901
3791
3871
4309
3270
3966
9921
10170
6793
12172
8529
12031
7526
8221
9203
6328
5468
10733
7661
2856
7150
3259
7512
2418
12812
7838
1521
9735
7831
6827
2993
5413
9436
3657
6437
2549
6204
9291
9407
10172
11621
7988
9199
3441
5384
8339
9456
9315
1244
2600
1302
2022
10948
6100
2452
4367
446
5678
7305
8506
6128
5867
6712
4138
2889
3493
5951
11198
1316
4998
11392
5599
12577
11673
7290
1582
8248
7254
743
4305
841
10824
4184
9430
1140
1772
9120
5364
6599
7310
452
7153
5064
10997
4054
1088
875
9138
331
10422
6848
4485
2380
3811
5640
5962
5412
7122
1835
9714
11380
10904
10336
6301
11062
4652
5597
6666
638
11640
2402
11722
9621
1962
3114
1652
3977
5366
761
11465
4815
11404
1863
4124
12928
9089
8604
8025
2924
12315
3746
10407
6928
1873
8736
10131
5756
10701
9894
7354
2458
3186
9162
4936
9911
6067
6985
11007
491
6150
4584
9382
4906
2615
8112
943
6373
12642
8647
5898
3170
3784
11867
4512
2465
10637
8016
11985
641
11441
10485
883
12359
1252
3252
8727
5671
7740
1781
1674
2291
12423
10372
10135
12539
113
12862
4293
11036
1205
7203
11004
8192
6966
8023
1236
12317
1544
2761
3116
3919
3724
835
9602
8282
9839
2271
6209
2198
2984
2564
2516
4933
10877
5866
10012
3645
9266
11131
733
1273
5936
1369
9227
540
5833
8325
844
7949
12109
1785
3688
3946
3635
11479
106
11544
7067
425
11894
1649
3251
8409
9938
10661
401
9685
7400
3697
4406
2232
10444
8488
8766
10240
10574
12395
11295
4220
7836
553
5553
5478
8366
2298
6896
11550
10729
9927
1118
11744
8924
5310
12858
12654
6542
3731
3487
12061
11356
374
11605
1695
1436
916
5993
10436
11503
2480
5230
2199
10611
12802
7507
11871
6594
7508
9250
8899
5669
7054
9173
521
11962
1707
10359
6041
9373
959
10039
10718
7542
1326
10863
5903
12616
8782
8346
5998
7819
7638
2945
3481
6459
2316
5476
1292
1874
9325
4356
6079
10532
5606
3907
9075
3936
1802
12013
10014
89
268
3624
9292
2276
7708
5566
7323
11959
1671
4178
7131
7258
3554
9568
1384
7390
8249
7641
5968
7910
8624
12288
619
10187
11199
5831
6324
6182
9636
5400
10878
5306
7094
4783
3183
9113
4534
12181
11357
6159
4812
3655
9165
2712
5988
2714
6426
4914
447
7299
12115
4967
535
5910
10464
210
8161
10593
11489
8676
4506
1792
9856
11622
8304
6690
10282
5627
12934
10420
11884
6450
2551
1759
4892
3282
11826
4631
4618
8921
827
11058
8130
11090
744
10768
11181
7447
3690
10612
12222
213
9711
2026
9100
6210
5303
6964
10672
6063
7993
4211
2274
3349
8163
6295
8413
13003
12392
1766
9171
9428
6213
10501
11406
7505
483
8080
12432
12459
6806
4594
7440
9908
10945
2951
10934
1519
6419
3808
5416
12091
3959
4045
5323
4654
6839
7597
4775
7696
9997
5473
7298
12209
1924
765
4862
11167
9746
10970
6813
7858
512
6034
1794
11775
2825
12515
1090
11990
2228
740
1536
4016
9695
10334
2443
878
2862
3761
8525
5221
463
9684
4787
2356
270
10826
4531
8170
7665
4373
1465
5722
526
7350
594
9184
4806
11449
1368
4852
1379
10924
6227
8317
593
12913
11877
6279
1043
6553
1546
1466
6386
12698
8463
4227
3216
2841
12623
5510
9960
4474
1551
7211
12754
3098
7785
4413
12715
4222
1487
10175
8869
10771
4590
5463
6490
12776
9340
12732
4995
6321
5575
572
10797
333
5681
5765
3052
163
9060
10533
13007
3601
7413
4434
5731
2297
359
12794
3220
7296
9343
12131
12113
10531
5648
676
10538
3149
3991
1173
322
7815
9572
73
8908
7707
6185
8272
6826
12684
42
1933
6411
3769
4637
9246
4379
10308
8639
7873
11068
684
5846
12696
11801
5039
9300
5014
8539
7969
9493
9512
5071
1034
5526
6861
7100
9576
9845
8382
11521
9925
2968
9057
8542
1039
712
5401
8494
1564
1597
8913
11735
10069
2184
9357
8951
8234
9269
3482
7344
6452
8270
5046
1784
10096
9765
4399
1577
5237
4685
8226
2
4955
10066
9514
8833
3861
12067
3584
8492
8786
11112
1905
2000
3440
1934
12848
1859
6644
11144
8067
6512
7802
2664
12816
12644
11133
9866
2160
2287
6751
7036
9464
7860
8042
3336
1598
12558
11132
4404
3825
2983
10193
12383
68
11742
5695
3668
11972
12552
4085
10556
2355
3617
5930
3291
3570
4721
1930
178
6191
9423
9451
7778
9988
4833
7826
10937
10596
27
8148
9308
10116
8697
6410
10432
5559
11678
1943
11005
6998
815
11202
12349
1108
5279
13
5688
1054
1976
12140
443
4332
2940
507
7170
7409
6149
4674
2874
8632
7023
5001
643
10539
2639
6688
11777
1263
720
2434
8271
792
11016
7613
2805
2179
7196
8040
749
11968
5945
4822
8371
6958
987
476
2763
9396
7752
4454
6625
1735
11732
10047
297
5800
3665
7046
8007
7349
812
3379
8758
3718
11022
911
10512
6325
5431
2705
5288
2319
8999
10390
1965
7713
2067
1275
9738
8128
1132
8465
12085
11929
2229
8623
9596
1637
3142
3295
6781
6851
2104
11001
10346
8896
5840
5775
7234
1509
12475
3980
9274
5859
7442
11115
4752
3334
7971
12314
2864
8166
10746
9143
11437
3676
6478
1828
4854
7757
3138
1070
589
8004
10779
7031
3778
7346
4023
2539
11239
8464
7215
2478
3780
6508
7169
2610
11568
1044
11624
5044
5841
3596
909
12541
12417
2463
9395
12212
9400
9990
12484
11176
10875
6534
10401
3311
1290
751
9786
4122
8087
3444
2312
6636
4827
537
11155
12787
8883
855
11573
2974
881
11325
11598
3841
6485
2413
2907
3374
10999
1946
1914
4297
8713
5584
10023
8703
11241
12514
10498
4697
6631
6057
7077
7233
4480
4452
12249
11987
6511
6551
5385
1270
4068
7974
7008
10095
3363
570
8318
473
1725
480
4545
205
243
5624
952
475
5194
4698
4874
12685
3876
1982
9431
6263
8215
666
12840
11714
701
6789
9725
10338
3720
10811
8862
7352
3212
3577
8809
10243
11386
6322
1240
10451
4647
153
4581
389
10194
1197
8244
9114
8767
2555
9301
5318
5002
5952
7485
12893
10743
252
9433
7443
2708
1592
8393
11928
12309
6863
11389
3930
1062
4975
577
11178
10966
8454
8671
449
6658
3872
9928
12673
5707
12123
1216
8415
2508
11917
11513
7276
11182
1444
7734
8752
9275
5409
7804
8053
6399
6990
6352
9553
11909
9016
4771
9819
7207
12899
3804
242
7433
10508
4693
2322
1885
13001
12465
1041
5150
3770
12092
2341
3587
10153
3405
2794
4492
5570
7562
9807
11873
10677
11755
7624
6942
8668
3164
52
4340
3238
6314
2495
9542
5435
1467
6907
11838
4552
4548
9410
9782
4948
456
9170
11874
9115
2501
7223
3953
5218
4235
11947
1624
11398
6323
9693
8750
12063
12512
10841
3525
5346
12299
3263
1908
6240
10600
9216
7093
8295
7995
11516
2603
5897
8771
5388
12260
5173
8196
4593
10902
10155
768
5139
9907
7055
898
3076
9825
11152
2100
918
10036
11118
7408
7670
11063
2136
7030
7869
5811
4543
4032
9370
6574
9398
1538
12499
12133
11
2113
9680
9832
7520
5390
2285
11033
12210
55
1184
10113
305
5345
5133
10739
12096
8273
8229
9496
4651
654
7385
10511
1952
3816
8322
3424
12485
808
10571
6580
651
8164
4377
7454
86
674
3352
10852
11421
11904
8970
9020
6972
12330
8094
5527
448
10673
11745
1654
4199
5964
4339
6630
5518
12875
8280
6561
8835
11259
8005
3717
10107
7880
11861
7606
2076
5829
8527
1787
10949
3112
1837
8672
9092
4206
1096
10074
5837
652
3316
314
11394
7599
5297
11086
6710
1910
7803
95
1672
8417
10525
7159
5740
1155
9848
12598
4648
6589
2336
3917
2636
5425
7812
12911
6917
7853
1434
3763
9989
1752
9754
6819
1079
9900
5830
10499
3630
12973
7393
1998
8602
5
8356
8692
11970
6514
1902
8182
5614
2803
995
12183
12334
7017
2871
569
10707
548
8179
12683
11594
3399
12854
1203
10273
8446
2277
11973
866
8870
12093
659
11563
10132
12240
10490
4446
6177
12245
6547
2716
9731
11559
12723
9793
3853
8361
922
9922
3232
10204
11245
1206
5235
8886
3628
8530
5926
11812
4269
2722
6418
3042
2410
4600
10597
6019
2523
4051
11088
5328
739
6342
354
3059
10497
10111
4207
9580
7318
11810
5232
10908
5588
11536
7151
8644
10726
233
1740
2140
12819
6767
9362
12346
4523
9063
2470
6155
2378
1569
3369
4973
615
6151
3700
8321
8550
10509
225
12487
1159
5646
12145
2146
2926
12074
10087
7309
907
291
3389
11165
4583
2781
2371
2281
836
7859
944
1500
10550
11930
5918
10386
4993
543
5949
5654
11189
8800
10662
3837
12714
7123
3006
8888
4726
12481
419
7548
9139
9389
7074
4004
4079
1135
4345
8320
5292
11993
2791
10311
9627
6815
3
3632
9930
12663
6715
4829
9903
498
10998
5504
12202
11789
1666
2125
8543
7640
8805
4176
7916
10521
10598
2111
8508
6073
5164
4018
2661
8219
12278
4400
12603
437
2740
1877
9642
10276
6604
10465
8601
3208
7501
2886
6254
7810
3897
8078
9632
8911
5354
2165
6276
223
8180
12384
1760
6039
8392
9800
2373
4528
9626
11042
3301
6382
3550
100
5642
12201
3891
8412
2520
11226
5094
1144
2507
8556
2210
9081
10128
932
12564
12998
9095
12277
1590
2635
10736
2590
12894
5493
1198
12748
9048
6991
4374
11353
7473
1747
7650
11280
892
5374
2545
12051
8118
404
10234
12220
12268
12147
6893
8071
3956
4189
6091
2548
7001
147
2244
6292
485
9955
12142
6341
5863
11120
5362
2822
5013
11630
5250
10976
6817
10880
7186
10678
5092
9563
12778
11024
6244
2602
12782
9926
6205
7730
8122
4696
3032
3513
1451
699
5255
10025
821
10361
923
11329
7304
7405
5130
3165
12890
355
4433
6266
939
12275
3392
8774
3162
6883
7891
920
9417
11416
7152
10804
1591
9590
2404
921
4278
6316
12319
10519
6513
2885
11057
11481
9069
2256
10165
3874
3319
8452
7689
261
8885
525
2696
8947
1676
4354
5845
4430
9158
12047
6970
6837
4592
7510
11923
382
925
9946
4738
3398
5182
3603
3914
2491
12469
6524
12580
10452
2580
12247
156
10524
8661
340
7419
9079
10910
12366
10513
28
8891
3869
6748
7120
9176
9718
12412
7421
12582
405
5665
7699
6008
4030
8369
2397
12190
6600
3000
811
3135
9353
3090
6552
1199
12680
2082
6093
5465
12086
9397
8759
11667
8218
7161
8820
9619
3916
11860
10044
8701
8355
3233
4244
5880
8811
11320
1586
3788
11991
11475
874
2658
9133
5612
4363
4782
7417
8742
10587
10742
2790
5041
1069
6351
12549
2073
9623
1133
7928
6623
12771
6082
9878
4741
121
5427
2954
8832
1954
8193
1986
9146
9009
2497
12345
5592
809
6841
11910
9235
2586
5204
11491
12230
7148
4031
1945
2949
12255
4544
48
6950
5563
11918
10106
1846
4112
10809
1420
3600
3590
7132
33
1921
4059
977
4840
5743
11952
8620
6698
12272
10995
5326
6572
7273
5169
10579
5979
11174
813
5240
12076
7175
12760
6016
11931
1909
7992
8376
5822
12216
7947
4393
8955
2053
8424
2340
756
12747
12376
8490
10725
2388
12625
9763
4046
8509
8129
1461
5958
7654
7926
5950
1403
8373
7735
12962
4864
12556
11454
6619
11661
6072
9381
9249
4011
5523
11370
8292
3623
2597
625
4965
4318
9862
4352
2980
3030
5053
1717
4826
1230
3223
10680
8348
2227
9886
5655
9251
3888
2710
12590
293
10858
4330
11665
6098
46
9755
9217
402
134
2731
3231
4636
513
12095
4230
8660
4002
1524
3734
6085
930
8265
5821
10926
3377
5396
2010
8844
2056
3847
10777
10179
1291
6728
1329
8561
1127
6436
1038
10546
7728
9098
1633
8636
5004
12727
1663
8353
3993
1680
6557
129
10727
9970
7193
387
9546
9565
10639
6567
7134
7191
6672
10906
2302
4445
1923
2577
5586
11231
5895
9548
8257
4999
2608
4003
1955
3396
7557
4026
12107
341
9279
3619
6327
4555
11467
10182
9705
7492
9058
7984
10892
12949
2622
7569
2337
8622
11758
5631
12725
5222
2751
4105
11381
6371
8635
20
3909
4614
7817
9240
1105
8709
7872
3194
290
12791
11080
6777
5281
7936
11431
5437
10991
276
4797
9392
11350
12898
2034
1336
3105
2797
1404
6024
2289
7289
11383
6910
1208
4751
5783
6566
7648
2812
10857
7876
2762
6235
2187
6885
1773
11272
12495
2230
10544
10724
2065
2392
12189
7834
2804
8733
4187
10277
7322
12015
5177
10491
6916
4075
2327
8285
10756
7224
9770
6735
9
6790
6477
8677
10363
10015
3062
8015
4928
5960
4284
942
5027
5713
5583
3486
10453
1241
11140
8403
4421
934
5806
4197
12766
10022
2643
5862
7118
2922
6597
1721
1966
3996
6801
11997
3428
7112
3297
7642
4722
3014
7681
2422
7847
8076
4604
754
5615
11420
1515
5022
5128
4102
6187
3675
1878
8294
6293
8203
12236
723
6675
2760
9882
11583
1010
1730
9612
5087
11271
11816
5189
2040
8416
784
12343
8731
5885
2083
10669
12759
7479
1392
9883
5060
9208
9521
9030
9481
1023
4012
10909
7452
12357
1691
43
679
10543
972
2923
8867
11960
12530
7943
1566
12221
5054
5336
2309
10239
8912
11041
2430
4355
445
1453
1710
2985
5515
2273
1445
12941
8191
2223
2816
2873
8681
9617
7750
5795
12902
7242
11518
5290
1753
9099
12424
7794
5536
10549
12037
6077
1754
12920
980
214
1146
10122
4173
219
11333
2020
1260
2839
1533
1143
1916
6783
10753
6427
11770
8432
10051
1280
4067
8808
6747
1035
2032
6311
11903
10591
3932
2061
1288
3071
2833
2659
9046
1614
1100
5565
598
10867
7607
5479
1696
6131
11473
12694
4856
2835
3691
3910
9696
12837
802
12353
10088
9304
7048
11984
5548
1529
6449
10322
6592
6143
12628
11488
3060
2837
4382
8037
12956
1099
3348
6015
3882
5199
6643
2379
8349
3255
10344
3053
10630
11585
7741
9345
11045
1615
560
2942
9425
983
9219
2284
81
2866
4143
3420
9523
6439
7704
4742
8352
2895
4126
7895
5454
6134
1525
2243
6740
10433
3128
9349
10938
2437
4389
10077
12842
2882
8531
1709
7964
8079
10787
3800
2420
4272
7592
4299
7345
3944
1693
8887
6453
4497
8214
9552
1681
7950
2011
3918
8587
11878
11704
6234
11564
1839
1881
12849
343
4760
8936
12385
9827
3766
4490
1114
1708
12707
7736
1971
2709
10656
1659
12540
1113
269
12291
10782
8205
1831
8029
5238
6830
10206
3235
11438
11111
11038
6737
1606
9974
12264
5790
3629
2914
3454
9502
6865
12228
1972
6864
2049
9094
9613
2612
5132
12516
9723
5163
4473
2967
1219
12057
8419
5865
2103
5430
7486
1599
7748
8385
7096
7321
3426
9597
1182
11724
10874
4496
4107
3492
6030
6125
6613
5280
2653
9041
1642
12435
10833
6367
9697
11705
11056
11660
6050
11741
5252
9036
7811
9562
4093
10378
3332
2181
2474
5628
7091
4334
4890
8564
6355
1325
3483
4573
8730
522
6786
5436
3542
10568
7909
5763
2245
5418
9971
9426
4734
9077
3115
1488
6914
1935
10885
8804
12164
11964
11395
5675
3773
6289
4321
12153
1944
7058
12104
7138
2630
3305
12950
9637
2892
11726
8523
1880
2409
6392
9368
531
5590
5547
10988
3785
8716
12904
2742
4210
9220
12050
9589
8685
7347
3026
6775
11164
886
9261
159
10019
1776
2783
6089
10891
9895
11074
7437
3051
76
4203
1224
2573
12828
4912
2099
339
10244
2953
4208
2550
7666
10284
9257
4765
6545
8026
9169
1255
1961
9986
9863
10695
11916
11554
9097
10671
9661
18
6329
3187
1629
6117
12018
9557
10145
2802
8299
2488
6602
7825
9952
3144
1101
12265
288
9218
2792
1640
9331
4094
2644
2909
2939
8687
1697
8718
10392
7099
11982
10434
8963
7758
8585
7499
2810
1187
1763
7336
12659
2086
5383
5342
1250
2749
8069
5730
5028
11864
3754
7879
6527
7797
5699
9010
3418
306
8859
3514
2485
4084
10595
7000
3242
12479
11260
4266
1762
5712
6189
1883
5861
4927
5467
4646
6290
7357
3477
11373
6935
8162
4170
7500
4130
8960
10454
1141
8755
3489
1670
2176
6001
1175
6555
9871
1171
11358
151
3819
3727
622
1317
11222
5700
9933
1201
13000
6607
7813
5661
5398
9964
5048
2385
4286
3317
10913
8667
11782
12502
3809
7890
12200
5769
8405
2827
6052
3714
206
2887
10784
4959
8146
34
8287
2917
10427
8768
6784
4926
9730
2345
1589
9519
11865
10474
5220
11683
6396
1308
8894
6617
3202
7716
1516
12170
2120
8831
5576
5568
5834
2247
10740
5607
11835
11608
12932
5030
51
8783
8207
735
975
6929
5215
8953
2971
10468
12955
7619
3500
9758
5538
12952
9047
8153
10690
2665
4564
7125
6879
7828
8255
9914
10901
4152
2581
12878
10829
5919
500
4217
4821
5033
5127
12647
2013
9976
1036
4986
1022
10463
2836
9522
9954
11150
5338
1063
1481
590
9741
1363
7278
7637
5321
8217
12870
11096
385
11757
5828
1729
9561
11881
6269
12191
8746
9157
10376
10251
5008
3414
6171
3476
667
8144
10062
7793
6744
325
375
3109
8190
7362
2172
6247
5441
1555
1506
8220
3911
10563
9463
5262
6926
11374
6968
4061
3544
7818
3833
1800
2662
12980
4268
9288
347
11191
6665
9815
8344
889
5125
5397
9575
5382
7766
536
9640
8535
3592
1249
12410
965
6429
494
6408
4737
6743
6997
11527
2450
11663
3475
10869
8354
665
5672
869
9181
12831
551
901
8100
12408
5984
9449
1164
6378
7522
978
3095
5571
3089
10834
4154
7168
5611
4951
6239
12103
12801
3709
7558
6221
11337
5537
11442
2738
5324
1968
2915
1008
4262
1768
11905
6086
9470
3517
8110
3458
5718
10462
2159
10207
4066
2606
6271
4486
2307
6881
9594
11397
3358
3852
10337
4969
10845
3267
1746
629
11228
5710
12071
5462
12452
1602
547
4292
3028
9844
8430
12090
1703
11151
1387
2890
278
3129
10827
10805
3534
5065
79
3640
11463
6393
2324
9258
9533
6921
12072
2045
8711
6961
11194
10440
2370
1061
3741
4423
1448
582
12165
1007
5371
6504
8441
1701
10657
11252
8515
11375
7843
8501
3728
6645
7432
4175
778
8522
2110
12468
3330
5097
7384
10104
2585
7341
4879
4331
1371
12443
5282
370
766
9339
7329
2680
1238
833
9947
7789
5506
10456
3738
6730
4416
12551
2823
11679
2616
3459
5073
6026
1032
7731
503
11247
752
12868
12733
3083
6359
12505
8022
12989
12792
8634
5937
10619
3260
7623
11294
5166
2360
5379
11565
3820
5891
2640
6476
3653
11582
5702
4617
8907
8251
772
1489
3536
1258
6115
391
3257
8186
688
4167
4746
3099
933
10482
12114
10160
12972
5083
9806
9385
4606
104
2978
8351
12445
2988
3507
6674
5391
10439
11008
8184
4357
9472
8597
272
11284
9847
5883
11713
876
3108
7375
10696
5946
7753
9797
11941
3558
7863
12406
7141
993
3236
1385
8555
11362
6795
5456
8187
6446
10202
8916
7320
8504
7007
11085
1840
12097
6217
7959
5464
6496
5332
177
12553
1673
9106
785
6472
12665
9905
12021
6656
4632
2406
4662
12811
9703
10228
11591
12428
6810
10530
10255
6055
8683
3245
296
1366
3684
1019
4527
7598
1675
11170
817
3772
5956
4237
11382
10559
12925
5174
11749
6794
1588
4886
9468
11819
1009
4549
345
10567
11509
2588
1111
7436
464
5768
2069
9940
7167
4560
10815
9816
9207
11994
750
862
10348
7881
3771
7275
1789
5047
6163
1362
12393
5483
10843
1621
9212
3370
8868
1667
2875
4425
8691
2475
6421
1315
4146
8286
3948
10076
1630
450
5120
10614
3018
11685
3798
5610
2433
3870
4658
1788
5291
3671
10972
8732
5331
2820
3595
11823
7127
10067
9968
8383
7605
5019
12922
1076
3360
9694
12238
4086
8289
3702
1545
10609
2962
12011
12187
4397
2806
4188
11209
773
5408
5676
9161
5541
10467
5260
12046
11106
11827
4511
6170
6723
4099
10715
3171
2071
12378
3378
5034
9867
4711
2701
5947
8626
8152
1539
6782
6318
762
4901
8123
5295
1938
2251
4344
5732
9802
8209
9413
1178
2656
246
9302
4494
11631
5228
1335
125
7064
8540
11049
6262
11478
6792
7049
3982
10621
8480
529
10146
218
10450
6113
5773
5305
1594
8765
7189
6920
2865
3016
4364
8652
10762
8904
6023
9993
10517
8735
3019
11482
11417
4125
6610
11205
6198
383
12912
4954
8705
4276
2679
12257
9824
11254
863
4010
6153
381
1805
2929
414
2846
11054
5581
6576
7343
3289
11334
5270
10294
5062
2579
5815
3964
8817
7388
10007
9591
12388
12510
1083
8628
5095
12446
8101
8124
3033
10933
6884
4113
231
12007
12122
8006
10274
6763
92
7342
1575
8119
5757
3859
8063
4166
1014
5141
12521
12373
12559
7019
884
9276
3075
6416
2231
5753
7115
6746
2161
12652
5514
8359
10278
11821
1145
11338
7764
9421
8818
8450
10070
2902
7515
6999
4225
7383
9401
7465
12669
11804
967
9564
10527
11806
11040
4683
8932
2819
8991
931
10393
4247
8231
8950
7312
8455
11316
6245
12985
8855
8576
10213
1535
10905
2303
12023
9492
2743
7287
2306
429
8909
5079
3237
3407
5207
964
12382
12342
698
4258
11047
2070
10886
4495
545
10233
11712
8830
899
7671
5140
11915
6606
12997
12329
10664
2592
2715
10728
2789
2427
12394
7544
5682
3329
7199
9384
53
1996
3934
6142
8948
9284
3310
8150
11315
6074
10186
10930
865
12171
1478
2828
8507
6232
330
5353
4390
9149
88
1678
7725
3306
6621
5208
4883
1405
1129
2006
7053
286
852
11257
7147
1580
4040
11303
3708
9177
5788
564
11179
10138
9323
10897
12365
1463
1330
5990
700
10350
32
5259
67
900
9134
4627
9350
7528
10080
8706
702
65
6364
6609
6108
5273
2490
831
2314
7545
4469
11560
10515
10481
11070
8521
8593
2893
2483
12270
7259
7805
8482
16
4471
11387
3694
7760
6519
10314
614
10296
1094
11006
8837
9290
1761
11698
1066
12246
3975
9303
12721
10195
9994
1469
12425
4057
5223
10679
10224
7663
4223
7585
9424
5679
10957
8436
9473
4287
7664
12877
12126
5370
12004
12429
2282
7530
8843
9236
2567
8760
2861
5532
6097
10192
12263
6668
8297
10097
10400
4427
687
4064
1458
9979
5639
8140
9179
4992
936
5512
2517
11803
1522
4370
3712
7248
11680
8342
8795
8443
6971
2944
8923
12501
11736
7782
10148
3681
228
1389
10484
12586
169
6647
9513
11588
7450
11330
2321
4455
3565
6457
7154
10091
4328
8551
12736
4038
10518
7026
474
1074
655
8216
12596
9840
3597
6994
2419
10986
1627
9471
3957
8905
3748
12702
7687
4553
1381
11427
11396
5247
6873
7966
4047
1612
624
11675
61
7954
8663
7616
3262
72
7063
10785
3701
11023
12717
3776
12724
956
6659
11281
2767
6569
2368
9790
6667
8728
10494
5882
11248
8174
3648
10700
4675
760
2414
7261
2540
11013
9371
11753
2186
4591
9620
2063
12856
7497
8204
12688
12568
3121
10583
3169
6261
10808
10489
10046
10409
2829
3540
1051
4791
7653
10435
12239
9668
3204
364
10685
8625
4980
2574
9007
11538
1936
10232
1912
3556
5216
11981
10947
8469
11549
5231
988
4706
8729
6983
12772
10812
5884
2849
1636
8605
12979
11830
2937
11275
4371
1742
5739
1898
4020
5276
10405
4963
5839
4161
11613
9737
8104
4985
4302
3324
7484
9611
11837
4832
12712
1474
10120
161
12281
1121
6676
893
9592
8333
7272
3155
11310
264
10732
3421
11451
3127
3403
7738
1423
90
2331
8945
1349
8002
12699
5104
4238
9337
1181
7171
3906
10261
1978
7014
1409
8028
11992
4435
6586
2132
9006
10065
12119
6305
5696
2347
12532
3423
1091
7428
6899
2530
7841
12780
4724
11262
10487
284
7265
11901
8486
11589
11996
6849
8680
10881
10050
346
10977
2720
5100
388
9272
11701
2326
7790
8168
2848
12173
8917
4880
6440
3249
7517
11242
11264
12743
505
7729
3027
5878
10766
1496
8828
5082
11934
6222
9647
9031
12439
8900
3843
4323
6749
4234
9172
12846
8467
8846
1886
6308
2023
4524
12024
1694
1470
8165
7268
2690
11702
2257
6385
1429
7337
5036
12947
2513
7444
11691
12731
2652
10254
3743
4620
7438
5365
207
11574
12768
8493
837
3749
11127
3521
11980
12177
8102
12151
5410
49
9812
2703
8777
9403
7775
4668
10302
928
12728
6315
4750
604
6253
10773
5448
5487
1142
5977
6252
396
2780
11137
1479
1950
8256
5078
1314
904
5748
2775
2192
6070
12100
1764
9936
4551
12924
3822
7806
2202
8538
2645
4976
12592
361
11920
2931
6078
1959
9915
8013
1958
9029
6434
11126
7774
1414
3659
804
8762
3844
10259
10823
9071
8513
4851
11811
5620
4994
2338
9509
7574
3567
410
12286
1408
8582
9984
6395
9486
5449
12252
9320
12331
7898
7788
11979
9037
1751
10332
7365
3566
856
10426
4380
5601
8277
7041
4008
3341
9525
12632
3710
10570
3485
5007
10410
8526
466
12271
3037
6069
12931
11321
282
5497
11750
6538
3408
1963
7737
506
6251
3863
9720
682
4369
3511
12213
603
6900
11139
6362
5774
9643
8335
7146
6687
10040
4313
3303
12670
7262
9890
8350
2752
4599
6368
1419
12192
6739
4194
10545
6320
12274
8610
10750
12982
1150
5733
10537
8998
10873
7688
5406
10564
10641
9194
3508
3244
1047
3093
7850
745
7005
2832
10235
8812
6738
1646
1862
12132
10281
5178
7686
12999
2960
111
2851
12102
8143
1341
10837
3416
7767
9322
4104
10414
5337
12522
1432
5339
12907
4456
70
3522
12710
1149
8194
1669
7593
7717
5205
1643
6696
3054
2059
4853
7494
2123
5175
9335
2295
1040
800
3302
4686
8471
1030
8057
12144
5415
12105
8918
7823
3150
11786
4612
12305
2163
3950
5870
1801
958
9183
5912
9213
11553
830
9835
8993
7970
8476
6709
9715
2249
586
10379
8547
9779
9201
2242
6141
11581
2700
5264
10960
12517
3538
10267
9679
6160
9981
9898
1352
5159
7457
10692
8892
10706
12986
8848
8406
5225
7908
12398
11461
3182
9975
12136
12817
6120
9440
2525
3958
3545
1979
10340
2868
10114
4885
10547
10929
1193
484
11444
635
3120
2565
362
11188
6953
1927
11813
7187
11739
10157
3243
4508
10836
8010
1774
9756
9606
6829
12888
6976
2264
1095
8969
4282
9105
8395
576
6053
2842
9195
6862
12058
3999
11891
4515
3818
6811
7575
2238
2958
12843
4529
11942
2694
122
2569
4338
3057
9808
3670
10419
1622
9550
12545
6943
10849
7136
9104
5721
10682
2721
11069
6877
11445
2660
1722
3046
7022
950
12650
10514
11533
2908
11752
4520
8499
4422
5555
3559
8873
9414
1882
10634
8781
6967
1396
8477
5203
10380
11048
10021
12012
3248
2021
6180
6939
7403
2558
12259
10802
9609
12301
5055
9991
561
2269
6682
6880
8764
5920
6337
6925
1893
10963
12773
10683
8052
11227
8197
11814
4177
9622
1246
2594
1508
263
7885
10847
9409
5785
9959
8427
941
7060
1430
5557
867
2343
8120
5486
8435
1974
9045
9328
12361
9904
6646
1480
1904
6388
11946
6707
2275
12233
4835
4577
4428
12686
9799
3541
9650
2840
10914
4801
4391
10883
8331
3555
4850
9479
1928
11190
9050
6246
1758
7456
3707
10838
7523
819
5158
7744
1942
12637
9841
780
781
11649
1221
11609
3070
2891
8316
1170
5899
1960
1003
1939
6379
8649
12402
9831
11900
6111
5316
3300
9130
7116
3433
5226
496
4550
11610
3373
6319
7358
2675
8422
255
10628
9653
12509
4316
40
8679
11128
3962
8235
7130
8577
969
10125
5167
12372
11407
12639
10056
348
3467
8822
7683
5109
11976
2741
2500
9767
5190
10659
11906
7012
7578
12419
3343
3658
12082
1899
9811
11656
4990
10818
5705
4233
8470
11130
818
1813
2096
914
12691
3604
8982
10174
198
7303
12866
6278
7422
9014
8343
10968
8975
9416
10280
1380
6248
973
6969
216
4156
7573
9243
11761
3585
1450
1791
11448
5367
9256
5959
12460
2795
192
10536
10620
9646
422
432
12094
108
1988
10374
11721
11731
12783
12836
4670
176
7373
7549
9116
3609
7301
6333
3698
5267
9958
794
7719
6595
10496
3400
357
4431
1716
3094
10765
5853
516
7155
9923
4475
10851
3745
2062
4499
1136
11021
12139
2737
1190
5308
4153
181
428
12749
7069
3683
10723
8915
4684
5502
3464
9390
2019
11529
12422
10327
10134
9540
1894
9200
5131
227
6208
6296
11055
11327
2279
2102
6365
2765
1016
2220
8997
8972
1388
12757
11304
1632
222
6332
3001
11893
377
6927
661
3548
8125
2119
7705
8411
8062
7004
11746
2559
12253
510
8686
9978
369
7768
12379
3740
8404
12017
2376
8788
7166
2771
8425
3842
453
9795
903
9476
11134
11314
337
6075
5509
10582
5350
11072
6409
9341
5289
3011
9888
4645
3273
1153
4181
2671
9558
4893
895
6046
11172
141
4824
11765
1390
7601
649
2561
1836
4908
12844
11689
5123
11065
8712
1340
8984
495
1858
439
9899
2934
5455
11737
457
7639
11800
10975
11119
12946
3106
3969
3890
6021
11843
9891
434
1
257
4630
2135
8011
7176
5110
7990
8121
11719
3268
8074
4848
9917
2553
9813
7219
12996
9603
11943
7412
1119
11313
1018
9834
7655
8694
1370
7190
6354
1572
1212
1504
283
10603
11535
6109
7117
10156
994
10071
8274
12581
11888
5117
11670
9242
11792
12034
11940
6157
4777
7535
5229
8992
8717
4348
998
7829
8363
3209
5144
608
9559
2221
10470
6448
4773
3641
10292
12981
1068
9707
9377
11425
562
10617
5552
3007
10825
11825
12448
4972
8799
12027
5973
3308
3987
12860
8171
8181
10429
4033
12937
8528
3598
7407
5160
8965
7427
7251
838
6548
1012
1995
11506
5957
7798
11223
7397
3072
9019
5421
5626
3277
1842
6219
363
4089
7900
8319
1139
8374
4754
11532
6992
11234
9529
256
11809
3533
7476
2732
2029
9724
1757
3195
6003
3225
9394
12433
1613
2055
1793
4275
770
636
10
3753
1265
7195
6796
2634
2077
8996
6348
3892
4898
12762
3494
10789
10221
8966
1501
5470
409
8242
3383
3153
8532
12225
103
12387
12666
4117
10218
8372
1547
10370
9843
6679
7078
6458
6518
6616
7610
12591
8093
4667
2684
8340
3606
9034
3261
12569
2133
8842
3515
12923
2145
6909
4463
5596
3066
6435
9625
1410
10139
3889
6231
2699
579
6701
1748
12542
5261
10424
1661
6127
117
2383
5971
8618
5969
7987
1343
3836
8541
13005
3312
5847
5157
3163
8059
4131
10147
7460
6343
6726
12992
12308
3385
8288
10853
10868
3742
10117
11793
4935
11566
12641
3674
8875
3283
3563
7516
1530
6945
8743
11883
2617
420
616
10507
5480
3442
9174
8139
9629
1257
11769
7899
3562
9363
8776
1739
6065
2075
8976
12700
8175
5481
3207
6270
6673
6537
11318
9674
1029
11720
2808
3086
5314
8107
1495
3642
5066
9488
747
8884
10159
8971
8780
5554
5887
12543
2938
11597
2476
737
6260
11653
1581
11822
11767
839
4855
4336
3107
10882
12068
3723
8773
3611
10042
4372
2972
4078
5726
7927
10248
7533
6768
5823
1272
2995
1398
5664
7477
4193
459
3893
3227
5063
4952
10625
6752
4844
3923
12341
12180
2033
7742
5720
6866
680
5298
3943
7430
11552
2524
6843
3323
3167
6154
12356
1534
251
8336
5312
6750
12134
7514
710
8621
2361
226
6649
11525
10061
12807
12358
4660
11668
8734
3920
9584
11848
6376
9490
4476
12576
1254
3821
7110
5377
2459
1769
4575
3279
2996
4498
12352
3666
728
7972
328
10585
8737
12879
6720
5623
8268
5452
8821
0
10167
465
7524
8546
12929
8237
1303
11852
4804
10693
7411
5540
11274
6007
23
6164
11889
8702
11099
6641
1117
3812
5172
5246
1647
7677
10558
5522
533
8740
8398
2976
12562
11136
11666
3240
244
9588
7387
2918
4443
11688
3835
12009
10265
9985
12546
9762
11674
4504
3608
10038
5650
6483
2798
12231
9125
10406
8615
1311
1937
4447
6166
3498
986
724
1895
2266
4744
1248
12457
8056
7941
1195
1324
1658
7461
12741
2534
3797
6515
6002
5893
7903
8394
11584
4705
10604
102
2963
9469
989
8421
3793
10772
3246
4333
3880
11298
3591
7769
6824
2293
12570
10987
6993
6214
6394
6936
6044
2753
8012
3239
11287
3834
2151
12227
9460
12567
6996
3543
10522
10321
6011
8138
2867
10622
1915
4182
9987
7862
12636
2157
3130
8134
10781
2058
1131
11537
4073
2411
1060
8922
8247
7102
6579
3706
9527
21
1987
6523
11869
1723
2999
2366
7591
6521
7355
8673
3960
11692
1180
250
6612
10441
9906
4653
8570
9365
12968
8851
6302
2663
11169
9295
11694
7633
109
10358
5010
8396
4602
12354
4132
10404
6306
4889
11586
3012
9500
7391
7733
11464
2725
7351
8387
1733
8534
2149
10554
12657
1991
11628
4907
9342
1104
9354
1172
2979
2982
9141
9442
9123
6259
8646
3178
7311
10936
5023
12001
11255
12689
25
2860
7212
4501
6391
5995
7564
4394
4271
4641
9551
9690
6614
12137
407
11754
7902
10364
8790
5498
5213
3945
4172
8116
1689
12883
7706
7165
9233
10980
8031
8665
3519
6277
5591
4572
7315
1058
3143
9051
9103
431
11519
399
7179
10503
6216
11302
2224
4091
870
9391
1512
9664
11579
12198
11841
6492
350
1339
7513
2211
12954
6733
6455
8290
954
828
4937
7137
1790
1372
8810
7003
10859
9728
2089
7490
8345
4981
4828
10572
825
7185
180
1786
5103
1438
8861
7537
6454
5296
1416
11907
11015
8573
10860
9434
170
1071
3415
10663
9662
1920
11932
5976
5701
11443
1820
5184
5249
12367
4100
6664
7576
6898
4215
4027
4940
6398
2657
11818
2156
9768
9823
5061
13008
7264
6381
3755
2911
11845
12963
4087
1994
7647
12285
2515
8739
5358
7404
3468
2869
433
9648
937
7222
12033
12450
11162
460
1337
1579
4989
2164
3529
12838
10144
3504
9656
1984
843
763
9418
3422
3564
3927
8791
3381
12019
3495
3561
1656
3695
1690
4532
9538
7842
8267
8816
9073
7896
3933
1492
4728
2510
7588
208
5399
11963
1595
7480
2183
10118
4849
5181
417
10810
4009
8586
6104
9942
12471
1269
11634
6772
5857
12648
10705
185
1809
11301
63
468
6526
2562
11319
9399
3692
6980
6620
6818
3586
6678
9376
12226
10674
1435
2532
633
7434
7739
1268
2255
5471
1957
12250
2158
6148
7380
10226
6930
8656
8792
4633
8840
10317
7889
3318
12613
1332
4169
12081
4201
6788
12377
8420
7010
7649
3583
7892
8456
3732
482
1122
1917
12767
10665
7042
7602
9757
12127
4607
4841
11483
3857
1901
5685
539
2018
575
9221
2438
2365
10640
6937
12675
1526
5340
5836
11957
8370
11180
1608
7773
12038
5320
9676
3322
11855
2650
403
6975
4362
10589
11095
3448
5224
2235
12175
8609
3274
992
7955
10754
4479
4997
114
5021
12441
5089
2043
8856
358
8659
6132
4559
1433
2777
9749
4762
7919
3193
6571
5738
4320
5236
3474
9439
2258
8070
12758
9205
9427
9000
11580
2423
12466
5090
12389
2017
9286
416
6338
8633
11545
6651
12790
2648
12303
1134
9211
777
10471
1907
9713
12400
37
11969
12360
10623
6407
3526
4589
4866
3711
1767
5490
991
8906
9781
2001
9809
3380
5728
5153
1510
9794
11177
799
2233
1355
4092
6033
9858
7257
7765
5234
4481
3855
12075
2332
8210
9124
7113
5068
8827
7627
12162
1822
5198
2514
4491
3840
8775
7246
1455
4659
11439
4842
3509
8973
10052
172
8397
10969
10324
4111
10331
10268
11853
10382
3296
11626
166
11876
6501
9241
1628
5085
1165
12538
5265
12713
1556
4978
5091
3879
12048
4624
1334
5603
7914
6366
10109
2296
11857
4538
2928
12157
8511
6020
10073
1289
6532
6905
769
4256
327
4909
6397
2609
5714
7109
1399
7536
11858
5360
4595
11555
3122
6724
693
12895
6344
9772
10798
11587
6776
9686
9956
11953
11412
9798
11347
9314
9980
7887
287
2097
1830
10675
7621
6498
1570
9709
3191
6638
2311
1183
7107
6640
10650
4747
12615
1251
12370
4392
7886
758
3084
5992
6822
7835
11414
11052
4482
11341
3294
5419
12056
378
12528
8000
5106
6802
9002
1770
4457
10844
7883
4335
12662
12338
1981
10944
5985
11025
11187
7877
4403
3602
8109
3685
2728
2352
11413
4410
1808
2670
6959
7435
1528
9577
9065
4301
3654
11840
759
1125
9804
7366
8607
647
8049
6036
12664
12677
7232
12809
273
9510
5420
4121
9429
558
11336
394
1498
11077
3431
8495
6178
5407
8983
5485
9026
3034
9444
1213
2141
8099
1832
11500
4694
8243
10391
10177
3905
2838
2503
6520
11419
3074
3003
3803
7645
9751
771
2323
2831
6425
1861
11507
10081
10932
11935
7360
4987
7540
5517
1154
4665
5161
1328
9534
12444
1821
5749
9068
8595
4813
9321
7319
6012
9944
9023
7105
7942
9465
511
8384
7482
9599
2170
1611
10301
84
11071
11511
9093
7469
3884
974
4322
1619
6946
6404
5101
8823
11060
7714
7328
71
4236
12722
9273
5248
11017
5206
7937
3035
4436
5835
12705
7965
5629
4288
7192
11502
10799
2952
9869
1375
3021
5902
12059
7999
2241
3997
7066
8658
2879
8177
12656
12687
1294
3040
2870
3902
1953
2425
8710
4140
9722
9608
2134
12622
11153
3367
85
11485
11113
4725
12416
8517
3572
3404
9654
7302
8324
7282
9595
3829
5954
3523
10493
6757
10708
1657
12845
10425
2750
984
9131
9224
8533
4642
2785
1951
488
6764
1160
6083
4677
11027
2048
3637
12504
9188
7932
4039
2215
1158
1156
11706
7614
3364
12595
12750
8438
289
8572
7584
7957
5045
3354
3177
4608
8195
1734
12289
7978
2686
4298
2552
7059
5935
10893
822
530
12785
2526
12571
10714
2613
880
10449
3735
4412
4570
10330
10271
12872
6611
4134
1490
2250
681
2905
10573
7985
12178
8024
130
1559
5894
5906
1067
11311
10927
3409
3337
4349
6778
4643
12971
421
3455
10894
8829
10133
9600
2137
9503
10615
12834
3184
12307
2881
12087
793
1162
9814
9520
6028
12149
5445
4101
3269
6105
7314
7027
9857
8803
8878
1884
4991
10000
4615
574
4626
5263
12399
1662
12876
1386
2986
514
4440
5955
11771
11725
7662
12195
12040
1887
5394
1223
7973
11391
3038
7582
9222
10586
11184
4052
2031
38
4970
2992
626
12784
6719
7439
2467
9059
5446
6121
9532
5256
5352
6145
11029
6727
7081
11776
12943
8089
120
6834
5179
3610
10803
1593
8437
1196
3756
5472
3110
4680
4634
12646
7316
11641
1531
11983
11084
7600
1702
2080
8364
4988
430
12409
12563
3581
12833
1926
8666
2375
568
11730
1413
9517
8381
1587
7453
24
8881
1191
5725
7386
1109
12599
12407
2148
11638
6281
8845
9348
5843
11557
132
4024
4609
11472
2668
9404
39
1406
4688
1967
1964
8552
2717
9238
2116
3211
9727
5015
426
4070
11784
968
9881
2270
10973
7065
9967
10722
9506
1919
10584
2896
5986
9919
10092
783
12284
10607
2060
11967
11763
238
8990
1918
2955
11452
5872
8302
1948
8362
7776
9280
5056
8514
7870
9478
7780
7786
7800
5219
738
6670
10196
4077
3004
5595
8847
7934
2969
1648
3496
7080
11285
962
11388
7541
10264
3961
11796
706
11988
10355
1584
990
790
2695
10013
9040
8460
2997
1092
11082
1517
1956
555
3328
2207
5286
1027
8050
9049
8444
4522
7144
4689
10227
164
4246
8442
6528
7382
12176
4733
294
4867
3124
5037
10381
12658
8259
6876
1540
8688
8994
3935
504
5794
6186
3326
11299
9638
4576
1527
10822
5535
3621
8890
12185
12557
5879
9796
4163
8898
2502
5233
5185
1350
435
5530
3716
8941
10445
6892
6989
11323
9271
9504
12310
12335
7646
9151
6229
6741
2090
3805
400
2641
167
5807
11707
12645
3146
7002
3266
4676
5923
2153
7180
11955
7263
6424
1137
5012
3895
7636
9999
557
451
8807
2381
2834
5747
10031
11785
3779
3047
62
7364
6722
8865
10704
6133
5663
11430
9670
2511
7076
9783
11938
8095
6303
217
6445
10840
11747
3197
4904
9405
9327
3937
6200
2587
5727
2685
7073
9875
6915
3516
5886
9570
8575
6931
406
5577
786
3137
7221
6663
12574
2484
6350
12196
258
6339
2057
1166
8108
4081
10879
5059
4219
10951
5363
6852
309
5000
6361
4402
9332
3752
4280
2044
713
8054
12055
7372
1855
6062
6313
10130
11949
1441
6956
6225
324
1298
3309
3041
4308
5804
9721
10403
764
11105
8616
9901
317
59
6000
5641
10928
1845
4510
9641
1064
11842
12534
9033
6242
1565
150
4558
8154
3438
10319
2479
11324
64
1843
7830
5195
2961
10428
3838
2290
623
2538
11206
774
6193
10349
7481
5736
9351
9055
9820
3639
6642
4453
11760
4953
2736
5373
10298
3660
4799
4720
4859
7292
2051
3005
4519
10780
10102
1617
4869
7340
4202
9087
11064
2764
4442
11377
12991
12619
13006
9740
7615
6025
3826
8557
9673
4041
3226
7493
4533
12237
1130
4913
5533
10935
8613
9186
3986
11490
12793
5913
3845
3432
2328
9581
4831
1745
9657
2981
1537
8423
3361
8173
6503
12852
4979
118
9044
890
4974
6010
814
10230
8606
12874
9801
393
12120
3499
10238
5077
8723
12726
3575
596
9281
4179
9070
5508
10247
4578
3949
3048
9324
2288
4488
4462
6652
2950
1301
7367
5905
2398
5347
2787
7556
1424
8617
4707
5368
302
7160
4857
9202
7250
10262
7070
8198
4055
4408
2308
12203
2014
4622
4022
6897
7833
4158
10565
9861
10362
8699
3022
3139
11595
7184
6890
8630
8516
11369
9022
2329
12526
5636
7142
6541
12337
5632
6207
6156
10105
4843
5925
3391
4314
9316
11235
260
2506
10010
9475
4535
2704
3887
9859
10862
2666
2880
8841
5980
6462
6268
10940
4438
6765
6486
2191
1168
12449
3802
4303
8640
7795
670
2468
5313
11727
423
2446
4157
160
10832
523
7291
12965
2965
1585
12863
12029
7894
5531
11629
11158
10158
10461
1990
2489
338
12853
7904
4887
2466
4877
4629
10002
1344
9505
7901
10402
9706
10899
10075
1276
6051
7240
4929
3704
5814
1567
6510
5461
7632
1603
1015
11839
1854
3594
11780
3726
6442
5147
4319
8574
2817
12161
7121
6583
12041
8696
1045
940
6714
1078
10295
8315
11455
9168
9868
5602
5315
5075
1309
280
10037
5005
5411
8461
10734
1849
312
11859
9293
7723
2084
4911
2171
10084
11078
7720
732
9441
8451
532
2079
4749
10033
9466
1229
3210
10888
2718
384
8675
7416
9660
10505
5989
5963
4025
10806
10763
11092
3397
9012
10083
1460
12537
803
8871
12129
7722
7701
7620
3824
4900
12375
8933
11836
2216
3941
2481
12438
2681
2391
1803
1639
5817
5948
8720
1686
9359
8117
6888
7504
1513
6689
3992
5016
8389
9419
239
2421
254
9607
6224
5691
6582
12043
10575
6497
9228
9333
3510
3085
971
6648
5392
9319
12548
7464
4825
7874
4816
5953
4160
2344
6736
1128
6317
11408
4539
6118
224
1929
3179
11531
6565
2631
11856
4717
3314
4556
5868
4563
12156
9015
7402
12032
486
2964
10580
8940
6158
7643
10100
7939
5107
5096
2904
5501
9700
2024
12525
953
11650
7784
8592
4036
10962
11480
10946
935
12919
10413
6402
2755
9352
11669
7295
997
7448
10078
11974
7816
5999
2143
1473
12193
11002
9912
4863
6982
730
6634
5761
12148
12351
9129
2807
6986
2994
9785
826
4547
5168
10534
4021
12039
10985
1049
6894
11734
4692
1102
10211
9853
9615
2353
12734
5961
310
10360
7570
621
6627
12312
19
6800
5582
8889
4306
3616
5539
10154
10127
9318
2036
6618
860
6009
5940
12498
7698
6487
10387
12716
5704
8603
4198
10828
3253
9760
9943
6032
3518
5970
5776
11944
5813
11122
8724
2429
6691
10923
6721
236
2821
10608
1911
10300
12523
8756
627
8567
628
4083
8091
6181
12916
174
2936
1080
12701
6126
10446
3578
2400
6791
11149
94
1549
949
9826
3215
1796
8981
10222
8156
3530
12320
2554
5143
6297
12593
1266
14
2435
8914
9953
9191
3201
11717
497
1541
10112
135
1227
11322
11432
2346
8920
5258
6556
9880
12158
11870
2182
5469
3952
308
6287
12609
12693
2756
2162
9489
3899
2809
2496
3922
5658
4530
8753
1903
2030
11428
11619
11627
6473
8326
6856
11039
11863
6040
2796
9635
304
8084
12251
11847
1635
7092
3402
2339
7126
6238
4460
7840
4764
6059
6854
4509
1320
689
9132
3647
11887
9842
7506
1439
4923
5698
3126
7470
12706
3765
8155
12803
3593
4300
11795
2016
4097
11625
4542
11253
2177
5191
8698
12116
5786
8225
3580
2898
4664
6908
10143
583
8563
5137
1896
5319
1736
2335
3254
6212
300
7218
714
4807
5285
11354
307
6061
10747
10992
7266
3786
10184
4808
2226
7770
12506
6650
12735
4947
5911
6330
8447
6820
8426
5488
8358
2405
9675
7692
3230
140
9545
5560
5375
5869
10058
11797
704
1418
9945
3219
7228
4147
12531
1777
6787
3759
8458
2042
8935
7712
8341
10688
10199
197
4554
8211
9791
11913
5983
4769
5496
797
4006
4897
6199
1462
11173
5934
5550
7090
6922
4361
11642
1084
8949
2066
1677
9187
961
8098
11411
3020
2035
6167
9042
4786
6846
879
552
4196
5043
9498
7968
5423
4895
7732
7875
6137
6018
12978
10697
2369
6662
10495
5254
7531
9789
8065
1006
9067
9231
9180
7611
1025
9038
7085
4467
1685
11034
7809
3679
8958
653
1609
12600
559
850
4384
3904
10551
3387
2970
11658
4996
7009
1618
9477
12634
3044
10971
6947
10648
5245
3333
6591
10626
5706
927
7124
8503
4708
2234
5916
5792
3942
204
7114
10839
5438
6432
1048
7763
12508
12229
4411
275
8147
4190
4899
8926
10735
4699
9556
11263
154
3497
12098
3965
6468
1997
8300
3434
11270
9056
1247
9531
3988
2998
3750
12380
10816
4712
6539
11733
10478
8956
3862
1026
10166
10272
8721
11355
8669
4655
8145
6836
8779
8824
11783
9771
9102
12788
4249
6188
6903
2263
6798
5851
6924
5505
10711
5927
10028
5604
1714
158
11246
4254
8591
6447
6174
2272
3928
5802
3199
1852
4691
12884
12720
2401
5099
8264
9121
1202
2261
2788
7962
6022
9111
10059
2068
11237
2747
2852
5729
2204
12318
11161
3643
2009
8307
1310
12453
1856
11079
12080
7339
11243
8160
9122
11345
5638
6550
11576
3436
6702
5932
4347
5351
6540
11912
10443
1220
5820
7672
3461
2007
1980
11009
10606
1638
9185
8879
2372
4123
1277
7449
1970
11686
9743
11076
2774
7294
4505
8431
9777
9018
9193
247
9209
8275
10552
4049
9729
11429
2504
3172
4695
408
7200
7907
1400
5564
12765
2027
632
5211
11103
12163
2037
11121
7381
9154
3275
11515
8738
11114
1634
7856
2127
1378
8047
3687
3411
2122
5244
7267
9578
8103
806
11249
2349
6637
3762
4381
10205
7660
11933
7135
4566
1313
10964
9003
138
8590
6370
237
4635
2124
1351
201
8088
4149
196
8105
4931
8919
10140
12273
1186
4819
2724
9313
11268
10993
4409
3413
10032
1342
10698
3271
3073
1087
5154
8834
10542
11098
7252
1106
2304
6312
5982
1906
2655
3158
5965
12891
5124
5444
3351
6867
8233
4793
1312
10183
11457
11066
5193
1823
2374
1089
2729
12025
3473
7209
1985
6657
10900
3985
5900
12287
1949
10457
12154
6886
5299
329
1511
1425
7374
5996
11556
4613
2167
4778
10053
8682
9378
11703
11476
9787
3915
4056
5450
4281
8276
11766
1415
6428
7088
11305
11067
3652
6761
5600
3111
7083
7726
6274
144
8778
9336
1625
12488
7471
1356
4846
3222
8938
5824
10318
4098
1817
1688
11498
5187
8614
2178
8260
6463
4050
7546
7931
7307
7095
707
9924
6590
840
6309
871
10152
12124
8077
12566
8334
7163
5327
6058
5322
5134
7338
3276
556
5534
10126
8133
9487
7106
5782
9902
12218
2906
10654
2038
1713
366
11743
602
1024
11802
6357
6369
11143
8433
11986
6502
4644
7539
9949
12672
4155
7961
7006
3667
7260
12820
2815
2208
11633
11590
1226
5686
658
12709
7281
11266
12130
2591
11879
6375
9247
10431
10016
2359
4723
11026
7401
3437
11043
7865
3693
12984
3148
274
4252
3410
11352
2005
3900
11690
1507
4500
321
1211
12313
1346
9054
12426
8172
7595
6169
10961
10373
5108
1947
832
3989
6431
12348
8957
3729
3801
12753
7651
4493
9669
12880
9118
3452
1653
4516
2646
3678
11890
8018
9150
248
10889
8819
4228
7327
12859
6443
6608
846
12431
1775
6734
11328
8850
4946
10086
10216
4673
9192
7330
4876
11332
3856
1402
373
9872
1395
2252
9344
11676
12769
6374
4703
5767
12930
9422
2621
648
10776
4444
4657
1705
7269
11097
6203
798
4231
7700
8151
10952
3661
2899
115
7989
4837
10142
617
6304
477
6027
8142
6762
4710
4789
1237
5896
3203
173
3445
8986
4000
10633
10749
5929
1900
3968
7237
7441
11945
5202
9616
8801
8208
5067
6294
1825
4239
7363
3159
12910
2393
6683
7568
9778
4116
2440
3470
2109
7013
2441
8693
4878
3427
11422
755
1188
3979
4672
11547
10307
7630
4191
8330
8726
2973
5754
4053
12983
7280
8583
5801
9567
2669
10343
11433
981
5422
7025
6071
5050
1601
1365
8036
7133
6006
1750
7930
5357
12241
2692
7040
12936
3686
753
1382
3189
2072
4603
12774
2091
3371
1274
12926
5395
9153
444
9459
6809
8401
66
12865
1005
11820
4984
4260
3747
9198
7333
4920
11211
736
9268
9383
10286
3983
3009
3715
11868
4466
9571
4285
12601
2350
2305
3877
10790
6265
6467
6853
10149
4420
6653
4745
7929
5009
4388
1000
10943
7644
12799
11364
5796
5890
2424
4119
6346
4037
9254
12503
2471
11371
7754
3469
10438
7111
7038
11999
8347
11456
12579
10480
9747
10256
1259
10312
887
5966
11273
2206
2826
191
8462
6049
6622
611
1110
3050
12143
10967
279
9021
10801
10225
10258
6090
2897
10064
7229
1660
9197
6660
7527
4398
2115
550
9598
5070
6326
1002
7247
11612
3722
7851
6285
7245
2857
8298
917
6681
4295
11824
11729
10588
985
3406
2772
12141
2300
12472
2935
3814
10761
5334
5275
11160
4779
8500
4192
353
4700
11892
6938
1827
2723
1941
12440
7967
5135
3118
12328
4118
9573
8445
12304
8497
9445
9485
7756
6716
4304
11044
12197
10712
5901
188
6799
1553
8678
4949
9147
7631
5652
1782
1147
11543
1844
4074
6461
5192
12188
5921
7297
5809
11762
7293
6195
592
4264
3429
5116
5558
5693
9214
1282
3185
11711
8176
5442
1057
11135
5634
6870
12993
8400
7845
11129
9495
8674
12742
9329
9671
6482
6832
1605
5844
3224
8784
8651
7158
11037
12411
8549
3954
1826
4650
349
1367
1052
458
11778
9666
6584
3366
4795
5453
864
7051
10684
2098
4943
7451
6211
618
5277
1850
3823
3589
9849
3446
7882
5432
8337
10520
5031
12397
834
12640
10136
11203
1422
9716
8566
11632
3365
12847
2570
10526
3894
2213
2546
11601
5330
315
542
10632
10710
7035
7893
4964
11833
8360
2469
1167
4719
4407
607
3546
11637
2047
620
2259
6139
2919
12752
7050
9008
2050
5466
12069
2607
4661
9448
7695
3081
5494
2766
3221
12786
5024
7814
12454
262
2913
12121
2396
2748
1977
2745
379
7087
2195
12042
4459
4168
2739
8230
10919
54
7608
11561
1053
8600
9951
7667
6464
12500
2330
6349
5355
8263
1472
12529
2188
200
12224
2813
1126
6729
4776
4327
1989
4343
2408
5589
7467
4805
854
6417
1834
12763
1401
4727
12961
10034
6812
4441
12108
9683
9309
4956
4378
9196
7565
6731
3010
5723
10741
10709
4350
2142
11171
3484
8787
2094
5072
9566
929
913
8796
2543
2394
1718
11146
12455
4924
12464
9360
9491
8097
5987
57
235
1499
4387
8637
2855
5057
5873
412
7284
6042
2582
5507
2566
9530
9270
6491
9518
11657
7948
12111
6345
10566
1578
8241
650
10236
9005
660
8854
11504
1719
11950
5805
4082
5917
10124
1848
7496
9361
11592
4596
7808
5020
3994
1712
80
4065
6223
4561
859
2317
10260
2850
3103
9773
395
6383
11003
10003
4076
4902
10163
7399
3388
8158
8537
4325
11282
7149
6516
12135
10326
4329
4205
9973
3866
9918
3810
4214
7227
2260
4638
10237
7721
8565
7915
6004
82
1631
4836
8001
10164
3036
9941
8925
11647
4001
11623
8487
4755
1318
11902
12703
9511
8245
1353
8519
5855
8619
8785
9766
3839
4748
3549
6655
6284
10764
9277
7577
4465
4871
1065
8961
9593
7313
2292
8874
8836
8598
8662
11277
9776
10990
8942
2025
595
9887
3995
6874
9982
367
2407
1037
11423
11831
9950
3395
10417
6932
1872
6875
5808
9710
7241
11030
6286
9969
7590
9846
12054
12150
7270
7306
5625
885
6267
6484
8489
2957
3024
6882
11919
9618
6202
4640
10119
4623
3198
11494
10368
11798
123
11643
4796
1471
5429
9356
11289
6336
7145
1687
11051
8814
3008
6850
6196
11578
11346
3247
10821
10384
10917
7912
10965
3656
5529
7225
6978
8291
10979
5146
6844
11896
4289
1215
524
4461
12697
31
9688
6949
7220
2847
891
471
12841
6785
4881
5403
7918
4133
12974
10223
45
2571
12434
4096
326
11372
5344
2844
10137
8989
9013
11794
5770
10217
4270
3449
5690
1983
3256
3865
11317
6162
8466
578
8066
9307
5852
8568
7796
6152
2649
4729
7183
3168
10775
12155
8474
664
11774
11197
11684
11497
10005
5200
1838
644
7747
2769
2583
5105
2595
199
8408
4069
1482
8303
8995
1494
3376
11031
3644
1931
10631
1004
11250
4014
6479
12290
2946
5513
3419
897
8631
10293
11644
9437
12969
5692
8518
3547
9689
3315
11415
4095
1650
12886
12633
8481
12369
6466
1543
5858
4903
187
10738
10412
11541
3618
7604
11459
4628
9916
8468
2382
1364
4784
10215
9375
6816
3119
9112
6505
727
926
4781
8368
3096
9628
6413
10266
2544
3551
13002
12088
5670
10054
2342
10018
4521
10814
11434
8301
490
3878
5660
6833
6570
8943
10687
2236
11288
9432
5119
2529
5029
7807
3214
2966
47
9082
6257
3390
1347
4145
509
601
12547
12624
8428
8747
7746
5302
11709
11367
5789
1738
1376
527
6669
8106
12339
807
11882
15
1086
1177
4383
11163
2494
3501
9851
5609
7208
3372
4588
10306
5457
4794
2106
1262
3662
12638
8897
9708
6035
7783
7594
11409
3875
11215
11379
3290
3677
10214
1731
10989
5102
7198
12945
1486
11828
1557
2560
245
4702
36
599
955
10201
10871
3356
2389
2620
11390
5521
2214
3229
116
2175
3002
3087
9892
6887
3721
7098
6774
6859
4245
499
5904
5343
11567
4669
8266
788
7659
8968
8157
9537
1583
5376
5633
7976
11342
2916
5605
2779
3503
5052
8434
5503
12643
10209
230
12064
10027
563
1232
1157
2618
1532
8111
12835
1124
8478
11526
438
1192
4838
8741
3023
10416
2589
7489
2678
2726
8554
6695
3532
5659
6831
4687
4800
11954
342
691
11306
3860
9610
8386
12960
8794
2240
8328
5653
2144
9305
3055
149
6197
7
7398
2294
10613
2320
4127
69
9435
8580
11572
229
11558
1321
8599
9204
8806
3045
56
5798
6654
8399
9889
5114
5381
4424
4326
6807
1297
11546
9255
5737
9128
6124
7718
8009
6360
2853
4034
4058
7119
2799
6808
9582
455
6546
8
190
7044
4930
6780
6535
2604
7463
7011
5210
9961
3898
2196
10347
1345
8797
11384
12806
1814
3031
11542
6017
11908
4818
11351
1610
7052
10605
10636
6377
5317
1692
10864
6562
6054
2265
336
1295
133
7274
2358
9554
2449
10529
9369
10171
2225
6906
2436
4514
2734
1081
11200
143
9367
3939
131
320
440
6732
5781
234
11635
4253
9497
10981
12083
1824
9374
3767
11740
6700
7791
1573
3043
7635
3327
12730
12
10660
1138
10352
10652
5405
12667
8213
11651
1412
12630
1431
1421
6771
11147
101
8979
5644
2568
8524
3480
1397
7772
12219
7550
6045
3355
2254
9726
316
8306
1853
4690
9234
12990
9879
10291
8459
6173
5274
4587
6273
11961
12014
6573
7801
3313
4671
3730
3537
77
5459
1359
12374
3614
1304
10655
3699
9285
8178
11718
11768
3908
7491
3384
11593
7378
2778
587
1925
6438
2744
7652
853
7534
1348
11117
7727
12302
9852
8479
7761
3335
171
9850
8491
11715
12607
4968
9996
10757
12060
849
1771
4882
6129
11361
3180
10313
12492
7771
10169
12958
4502
642
8903
10590
9972
3557
4875
3955
11225
9634
9897
775
8246
7691
8365
1554
600
2301
6080
11512
8092
6310
8367
2990
584
11405
60
4718
9412
1932
5745
9870
6531
2770
4386
6176
2687
4062
10689
7821
5049
1999
3774
22
240
8748
12186
11523
6677
4139
1645
12266
6872
7963
10767
12391
1261
5649
11435
12827
10303
11832
11998
5556
1829
6911
6559
3646
3520
411
360
3401
6135
6717
5458
1020
4977
6168
7509
7792
3925
50
202
6444
1913
12519
5417
11278
6014
11083
12160
6066
8839
5349
9667
1765
4250
2673
10383
9560
882
8553
10123
8893
8305
10842
5443
6758
3682
668
3346
631
5567
7956
7483
1115
5608
11551
2456
10876
10783
11989
4585
5573
8327
6096
5978
6918
7559
2078
5876
11238
8206
3638
2280
9745
8882
2894
2428
4809
4144
105
12217
11570
11844
11159
8544
11204
546
5402
9865
2477
2154
8453
4820
1151
4932
6585
1797
3669
9140
4625
7921
454
8707
3192
847
9920
9932
4359
3304
10745
4639
695
12661
7684
10089
9411
11764
11895
6671
12740
7057
9792
554
5359
3664
2624
12467
5877
4472
8167
10219
139
7028
3799
4174
10242
12462
7474
3867
873
1001
4277
9909
6760
11124
3453
10399
3460
3512
9347
9312
10702
1558
12614
6112
3325
4945
3478
8927
8238
9380
9101
2676
10978
3739
7634
9752
4477
11787
9524
4342
10649
3443
5922
3134
11681
12970
10430
6228
5647
12179
11808
5974
3173
10488
11849
10528
8232
1112
179
3174
3613
3286
8512
1807
11620
2814
6995
8761
12718
10001
10423
8815
4810
12456
4279
12044
1724
427
9296
7674
7855
4048
7361
662
6549
155
9043
966
6064
11937
5081
4735
10646
2578
12951
1264
8212
9536
7108
3136
7622
6283
716
351
1867
9388
2901
