4325
2040
4680
8273
11752
6238
2433
8440
12960
1007
11340
6508
7695
7867
12776
3387
7865
9565
4468
487
3765
8909
1160
11334
11209
12238
8391
10064
4744
6033
540
9036
12310
4526
4338
12738
11111
11879
7805
1686
1307
12182
11153
12862
9703
10812
10386
2921
6621
9960
6685
7956
6414
12579
108
12312
7421
1205
370
4622
10211
1328
986
11072
5720
12156
11107
5938
10239
11098
6909
2774
7382
2027
4791
1141
5421
4985
1180
193
2064
9123
2643
4334
212
6174
2924
4484
6754
11643
1851
6706
62
7798
8236
3643
6879
12661
3762
6715
11839
7723
3634
11003
7847
344
7048
2129
7412
11025
4728
4634
8304
7592
2846
12191
6512
8497
8975
9482
2978
10922
1946
12214
10262
12205
8047
7033
9339
4345
6461
898
10960
1617
6700
4230
11180
7344
3724
5254
10505
11278
7965
5130
10215
8006
6422
11857
4853
4825
544
10484
8910
4496
6870
10109
1177
2818
1404
5512
3364
11475
1990
8213
11898
4264
1094
7296
6034
1313
2873
7336
10308
4658
3369
4771
5656
1056
5165
6395
7827
7195
4662
11696
12196
12014
11403
2645
3144
7570
303
3677
12967
8257
12707
9863
8892
7789
11512
9418
6231
12350
3288
11063
7495
3938
2363
8043
7243
7232
12398
8705
12090
12835
4192
10990
9073
10622
9111
10947
4702
9975
8238
6853
6552
8671
1858
4387
9415
6862
12289
3460
6373
7697
6775
8945
11052
3483
9607
901
6963
11732
2938
12405
2704
5935
8745
12496
9205
673
516
10837
3448
10988
5103
10719
2484
11847
1102
6571
6511
1247
12976
983
9758
7264
9295
1551
9438
8673
3695
6725
11808
5134
12945
873
9907
9165
2402
11765
4947
1768
4751
6756
497
10669
10169
4130
11151
6851
1255
12618
9204
9037
2536
872
4039
10306
2427
6435
6185
9543
10741
5609
8968
10803
5085
5804
8035
6767
572
4003
8734
3544
6091
6434
733
7213
2206
10850
8449
1546
8044
8144
6176
7326
3304
11878
7561
12854
5008
9556
2265
8637
7617
3062
9953
980
2800
789
9763
11049
8609
5399
7229
12093
5614
6255
10168
5786
8674
7717
7007
7602
7374
5344
9336
527
9452
10533
6156
1063
2335
4308
3263
1928
5039
5824
2326
8740
10651
5775
11163
7320
10435
8537
11560
11039
7582
1770
8940
5685
5925
1716
12363
10794
8679
6577
8659
11629
4906
4377
3215
10126
622
10408
7509
7659
11540
2630
4815
1060
10815
6137
10136
4026
9529
6393
10184
4342
6195
5539
11400
8376
9193
10923
7189
5275
1022
3833
9301
1847
6567
7823
4119
10763
6816
7211
9213
3997
7370
5561
10636
934
6822
7975
12814
8723
11046
2799
11322
9839
9976
9141
11476
7548
105
10831
6722
1804
11424
5400
8783
6911
7814
11088
6746
3406
6530
9984
3911
6242
10606
9837
6005
10737
8985
8064
4098
7742
11029
2312
1628
4668
9316
5214
2835
12834
7650
7771
10373
11698
7904
11183
8004
12139
10550
667
2751
2088
11605
11201
4863
8107
7278
9633
9242
5638
2183
3862
11299
8408
11703
4094
2059
8486
12859
5030
10270
12812
7490
525
10397
12756
10246
10822
3054
5802
5846
12281
8176
179
9584
1064
8656
11073
7555
9089
6407
1015
1692
11020
1733
11670
10779
8726
8217
8696
4172
6383
7190
10540
1408
5246
10151
5396
8644
49
1627
5042
5821
4918
569
4997
2390
1243
2758
8181
4020
10391
10754
7287
878
1383
6107
606
1120
9120
12725
2359
9093
925
2142
11089
6179
11361
8905
9291
10393
4605
367
9373
8151
11652
2754
12742
1426
10300
10681
3578
10323
6239
67
6824
1895
10782
1700
4964
9738
4664
11310
3812
3400
10937
8911
10278
5492
8197
2016
5505
3635
5812
6494
3760
1785
11411
5620
5936
2213
5552
9366
2161
1562
11409
2197
926
2084
3940
1169
12810
2673
4224
3501
9398
7247
2120
2956
6441
10708
10251
5793
5589
4216
11631
1941
3921
7651
337
12382
8776
12691
9499
12574
3606
2381
11155
10980
8638
9038
12406
865
11210
12215
1643
2769
5773
2163
6955
9197
616
7915
10691
9731
9995
312
2652
6452
5027
154
9569
1730
4311
2827
6842
9184
5934
12194
4681
11170
4435
8402
3630
3941
11192
3153
12395
6487
2516
9007
5279
12879
12027
7573
12172
8233
1496
2004
1911
2257
3394
11531
8704
5668
9143
41
10233
5861
3728
12819
10046
5229
1297
4818
880
12494
1841
260
11634
2453
5476
4010
12801
4671
3733
11254
11104
9785
7655
7239
9458
6752
9783
5101
3233
2639
9965
9350
6730
10912
10684
3053
1230
10516
1808
7782
4133
11620
380
1793
1104
8305
1720
2606
7376
5880
625
8853
691
5791
12681
2547
11791
356
3690
405
906
12383
4916
8877
1898
12416
7076
5089
5481
6689
6671
5459
11417
8937
2105
4601
4041
6817
4562
10449
7203
12039
6721
2949
1237
12858
10460
12509
11486
1415
4551
11649
3766
5741
4984
12451
7406
8100
3347
792
3953
564
8896
3485
3656
4401
8023
5435
6732
11666
11074
5525
11060
9509
12521
4874
106
3653
4171
1885
2738
9379
10544
10657
9759
3952
3270
8971
12499
5875
12532
4832
10020
13011
2450
452
13
887
4882
12969
7694
6078
6701
5754
1771
23
8455
126
11688
12373
6149
4943
7928
3164
4412
5202
610
5186
4856
12393
449
7529
12831
12341
6840
9101
11162
6032
7008
1894
12435
1299
3080
11330
4531
9721
10986
13001
2755
4282
11256
7662
12930
9589
7212
6953
11933
9597
12198
9411
11037
10054
9420
2558
12324
2133
2843
11568
12007
5306
11491
9302
8259
7969
8655
5354
3195
5167
11364
3098
8331
12282
11143
7612
10975
11102
1631
10777
9330
7684
7454
10236
3600
12946
8722
5929
9319
21
5703
2791
9315
4944
11241
4817
9622
6545
12386
7301
7649
1503
9087
9664
3991
9485
1817
5997
9394
7985
338
5430
5174
920
113
5419
9732
2641
5335
2195
6888
12988
12220
7012
1846
12897
3844
9666
8923
2842
7760
2648
4917
12132
11562
5996
7855
8540
7194
9611
8575
9024
5669
10189
3079
3535
7228
2731
11221
3887
10583
2053
8062
7624
2122
5501
6837
2505
5721
12676
2060
232
11576
8053
3131
12023
86
9203
1210
8467
11348
12688
11639
5989
2135
3210
9508
11692
1909
11227
1146
11432
4845
173
1001
7850
3706
189
2230
10252
12468
6762
10100
9030
10495
12656
570
11243
10385
7235
2794
11244
10899
10931
9059
10256
750
10535
9652
9619
7123
3183
9060
4259
1867
12845
9121
3303
10430
10284
1348
4253
3602
3637
8028
4293
11510
6325
7537
10499
12256
7083
2864
6976
7522
7438
9201
9865
10908
7579
12146
4324
10208
3502
9901
6443
6475
4107
4937
8390
10482
8009
4498
11566
6332
6039
3969
11924
3618
3774
1660
4043
7282
11392
7036
8697
780
9157
2276
120
924
271
1020
2209
5350
12473
1621
10195
3540
2867
11741
9685
4329
5108
2901
11954
6675
2552
7304
7015
12484
9374
12264
11246
1726
8581
3251
6235
7197
4514
1493
7006
8755
1384
10448
2830
810
8712
9879
9789
2883
3037
8499
12817
3057
5616
11602
7889
12734
8752
2391
7205
5769
4060
2567
613
3761
11292
4827
2191
5043
7132
12273
2920
11863
5385
7416
9079
11889
6319
4738
12368
8782
5096
9016
1843
6594
8643
5398
1130
11355
10727
6431
2997
7873
2134
6055
5971
2212
10009
12638
3561
11609
8374
10628
1489
5374
10259
8586
553
4741
869
4074
11105
1256
958
6988
1014
6782
6633
12840
3845
10689
10021
3758
12338
1289
9284
8401
12635
9757
6088
1761
4365
3999
2408
10643
10828
11657
3128
2045
4649
11371
12555
147
3949
152
8865
1777
8629
6605
12963
3375
2995
11466
5491
3564
6660
10286
5055
6080
2766
9180
10632
4211
2207
237
4040
12505
8805
4450
3030
2414
7306
10441
9462
6348
6092
6907
2548
444
8448
2723
3346
6882
5982
11794
411
4419
6895
4101
1799
7242
12355
12492
11802
1891
4095
5189
8337
1905
12311
781
5047
8546
8955
3146
7960
10487
5657
11644
2039
1709
7813
8263
6105
4232
7818
8435
8889
1183
3865
12687
11528
9722
11324
1093
325
10057
4453
4805
10732
7268
5535
11067
12329
3727
11893
4292
12042
565
12467
5719
2157
7060
1051
7902
7267
5973
12798
1780
10554
11523
11454
2952
6380
11007
10832
3207
12424
1049
5386
4493
11135
6492
7832
12088
3261
1044
12259
7724
1139
1694
3718
10518
7610
9318
10457
10721
12242
9823
243
7350
1969
10070
7950
12916
10159
12379
11164
4632
1218
297
2396
8410
3083
5911
2188
3405
2018
10818
6404
1077
6972
7258
4057
7099
9268
4532
9168
10748
10466
12366
8648
7420
10773
12129
10381
8952
9648
7858
10860
5981
9189
7041
6322
8251
8194
10031
9148
210
6377
653
11393
9861
11152
702
12739
944
6112
9011
6446
2564
9
6630
2530
4044
12875
9527
3410
12118
7678
3676
10699
10459
6453
8400
310
2724
2149
12387
2236
3418
11858
3356
543
611
1756
8676
9108
1478
2922
11070
9896
12843
11233
7840
3930
2001
7806
6326
9725
4683
6298
6608
1728
11976
2264
6168
3307
6361
1232
1821
9124
11942
10283
3292
3372
12305
1046
12147
12545
9035
3318
7868
7876
1588
4928
12272
859
7255
3119
12719
9578
4212
10687
11158
6686
5273
8270
5496
11544
7207
12823
9391
2056
12595
7355
3567
3796
851
1070
8404
6426
5423
8490
10704
10298
8906
10734
4231
7354
9447
8010
6490
6096
4519
9027
2756
4309
6079
534
12378
2898
2114
9018
3360
9820
12486
1568
10000
4448
7166
6765
4652
8651
3355
5080
7286
6920
7976
3224
2933
10248
11083
3388
4413
9903
7687
12690
11507
7172
110
4544
9828
5742
12142
2055
4991
1988
12782
1699
3641
11730
4742
3300
1189
2470
8082
10335
7206
10006
4690
4085
1341
8240
4082
7011
9740
4919
972
3549
4604
10114
4262
9958
8713
4004
9842
4625
4432
12389
11581
11004
4316
6982
6028
2110
5568
1860
4824
12463
5665
83
2080
12828
2806
2744
1257
1649
5586
7005
12086
8818
7288
5708
7104
10305
4999
12470
1664
10569
4073
5475
7772
4792
9385
6104
12031
8844
2464
4759
1698
12790
12011
4990
5026
694
3297
2757
11386
12050
12737
6595
2270
11434
7983
8146
549
4379
3909
9282
9048
6224
6593
7163
12824
1219
824
8335
12746
277
4444
7087
5967
5367
8369
9583
8653
11430
9230
7853
976
8143
9661
6881
1682
436
3255
11923
11829
12183
2797
6848
3105
2483
12121
5206
6115
7366
7878
9028
3753
2506
1619
10318
3907
11910
10224
3986
7990
2974
2740
3190
3470
7050
10523
12536
11840
3016
11472
11021
521
1721
5553
8721
10433
9631
9674
5826
6714
961
1300
712
7409
9456
9479
4056
3851
6
6321
5611
4881
3139
6499
10747
5252
7844
6718
9734
7826
2693
8155
7803
5572
3788
9802
2320
11495
6991
11533
216
1135
6694
1235
10625
11372
11381
2912
1111
1482
6579
373
8628
9237
4602
4239
5825
6820
5305
9788
7843
11517
5615
8119
4411
9675
11353
12833
3543
4112
2708
12714
9712
1925
9599
3497
4333
10660
6734
11479
1789
5013
10735
9715
5961
5673
5659
8356
11850
9653
1517
498
2099
10360
9637
8616
10644
1594
7479
7460
4705
4356
6478
7
1614
5466
671
305
12296
10809
3341
12149
3586
11963
5836
9125
10500
8641
11784
2068
5136
2571
9234
3137
11943
1351
10873
5176
7364
11263
3244
10170
3082
7751
6268
5155
11277
1416
6713
2715
1285
1859
12991
10356
12925
8725
2284
11312
7642
4869
12647
3227
6402
8396
9663
966
1045
6794
11402
3202
306
7070
145
6612
11125
10463
6140
1688
2534
11897
8221
11633
195
10633
11751
8732
6628
11119
3447
2620
4169
9978
11318
11883
7809
10807
12886
10032
2763
5909
1791
8884
7386
9407
8227
7667
4028
1052
4575
599
8444
1068
4248
9935
417
7466
11134
4524
11295
12105
1305
10962
4302
6893
505
9202
10558
3106
7437
12520
3011
0
8556
10967
7980
12754
9025
8387
647
5488
3828
10757
11506
941
10307
10951
12301
9858
10765
9349
7428
2770
11645
8140
3990
2703
6450
12874
3927
8898
10480
4920
12479
10025
5004
3731
6430
12140
8487
1050
3177
2377
5856
3756
1737
8851
3403
12235
7971
10953
10099
7468
8561
12440
1854
5978
10517
3020
125
6501
2200
1775
5854
1363
5955
12254
6027
3121
4914
9748
5592
2374
489
3043
4201
10683
3532
5114
456
8790
8392
6936
2926
3021
3542
765
8266
7603
2991
10623
11068
8839
12657
7426
335
3514
9522
10292
6602
5519
203
3142
5613
11018
3254
4739
10387
7188
2993
6768
7593
5363
12414
3807
4155
7877
11865
2894
9334
1849
4613
177
4641
10461
10116
1458
2870
7463
4570
3096
9973
9688
5891
8963
9408
2407
6503
8563
3245
5840
6181
1394
4701
9465
11173
221
1587
81
12442
8255
6301
6807
8571
7001
6745
11607
849
741
10997
3459
1417
11023
4093
5144
6048
2300
9530
11268
12417
9640
7183
6717
4296
11929
3269
3315
2951
7932
7725
68
8715
6409
5251
6645
3165
4974
6135
8873
8411
10010
4045
10690
3161
6509
7429
6001
2524
9166
1224
5304
10062
7872
7100
10619
607
7098
767
10769
8820
9245
11267
3473
9256
9196
828
9654
12077
4351
3631
7065
5483
8431
8183
5247
1412
11404
10454
8809
10332
4394
3382
12456
9272
12010
11217
3330
4120
5990
4814
3670
9286
5049
3908
6387
12958
7958
6971
9824
7115
12022
12525
7126
520
9917
7683
3467
8623
11501
9689
5123
1269
11521
11382
2888
656
7646
7042
4087
10602
11588
2480
3212
8052
1483
4762
5863
11058
7535
4539
3902
3091
5207
916
6062
7413
5670
9571
2554
2802
7446
4677
11367
10181
2198
1878
9870
5267
11414
4185
7854
5181
3980
4480
589
12127
5312
8072
6175
222
9235
12611
4756
8680
5025
7997
13010
6291
10474
11598
4061
10203
9217
5301
8109
1081
8225
2199
6802
2706
9224
12236
3019
9127
443
9639
515
1144
5022
167
2165
2782
8098
11436
7925
11706
6071
4198
3971
10891
3178
8195
42
3169
6252
7989
7274
6101
5272
556
7153
1912
8615
1524
11530
5241
4553
7562
11157
10172
7625
3528
10156
4490
4097
11196
6690
5666
7208
7444
9359
11911
8946
2446
8445
7152
38
714
2065
293
4946
4213
12623
4714
2
10817
6040
4486
9055
6926
903
1324
10226
10620
3250
950
12791
5324
706
1708
3972
10180
12922
9950
5037
2358
1815
5156
1593
1372
12745
12717
3444
9171
4473
12490
7074
8386
10209
5799
9770
1884
1772
12668
9176
10642
2941
12487
3276
10678
4565
7846
9636
3508
4929
638
2851
10197
5099
2295
11172
11503
6406
3423
4548
4506
4959
8424
8929
2252
2049
3580
8190
10052
10667
7140
6904
1148
9382
6307
5150
4936
4862
1966
2478
11650
12455
10472
7284
2107
4857
8407
311
2841
3513
6122
7138
9809
289
3222
6219
11565
7862
11485
7681
1413
4478
10330
1452
2112
1754
10712
864
3868
10222
4994
7714
101
9806
3881
11290
12439
1344
5560
2404
11464
4784
7494
4407
3943
769
12240
5692
12207
2688
12806
11240
6676
150
4592
6141
2603
3505
11586
12167
11861
9095
761
9923
8262
10566
10536
307
5340
4445
10781
6929
9258
7327
12844
3836
9990
2432
2291
7362
1376
11756
1811
2372
531
5788
11205
12564
7161
7346
5736
4867
8014
8135
4772
2499
5352
2840
1451
10797
7210
9540
2162
6288
11214
4731
1391
3143
12966
2790
10924
9767
4766
114
11447
7484
3312
1764
10028
4096
595
9386
3092
5653
7120
7322
1773
3913
3439
12584
2086
7233
6482
831
10749
793
11169
9270
3334
2637
2046
3045
1591
5074
5471
615
7241
4650
4099
9807
2834
11951
107
4957
3009
4783
10910
9144
9126
9397
1203
3122
1735
6998
3715
11618
822
11715
8612
4893
12224
4438
11435
10798
3584
9784
10562
6507
5375
5173
5695
6586
11757
4195
9327
8418
7682
6237
5073
2869
6145
5473
2463
5779
11332
1742
4968
3871
11582
973
558
12587
9579
7459
530
2324
9232
6935
759
3396
11467
7765
9970
3267
5516
10291
6959
2491
2551
12073
13008
4543
3509
8649
1605
2577
3933
8228
1168
7220
655
10121
2109
10759
1334
825
8866
5873
12003
693
11673
4606
12615
331
5046
12089
8171
5760
5083
12111
4256
6838
2779
7521
3819
10852
695
711
9135
5285
10369
9617
8130
11344
3226
11595
8108
1301
5387
11359
6354
10013
7981
9150
10055
7164
9852
554
5348
3621
424
5582
2148
11117
3623
3197
5336
124
6899
4842
7380
9727
11635
10711
6320
1913
11103
7498
9598
11960
12539
12100
1864
2775
2904
2563
7348
5478
7839
7148
7162
11771
5453
2428
5377
8045
6165
9054
2944
11558
2233
1398
4983
10384
2946
2622
2466
5056
8425
2749
4898
9613
669
6359
347
10696
388
2999
8185
914
7618
2261
5048
1807
12750
9908
7797
12208
830
9026
8077
4042
9630
6276
4326
6931
8478
1471
12286
1571
10498
9793
4793
8412
590
10240
5077
10014
9816
1011
10247
3691
5948
8569
8558
8677
3770
5411
3633
11668
12580
8463
10575
6720
1559
5884
11232
11026
438
4616
272
5622
12598
12882
2629
994
10060
7045
816
11783
6636
12345
10232
7063
5633
1467
981
4858
4187
7690
5325
6207
7633
1040
5011
10515
1106
5607
6150
2968
7881
119
3958
1071
5384
12277
8589
8939
4366
6495
8534
10316
9933
4941
1271
6627
9905
8980
6021
9542
12332
1261
10507
7792
643
10972
776
7252
10311
2856
6147
6546
11195
3659
5397
4110
4456
4687
6548
8552
9546
2655
8124
6910
1897
1752
3571
9773
12485
9600
5771
12447
10161
7689
881
2352
9638
12216
1929
8770
10188
2748
11121
11250
7131
214
12351
8310
6663
5551
11872
12629
2159
5886
11961
10108
12067
4686
5376
8226
11749
11626
3422
12347
11875
7773
8093
5054
12234
7947
1657
6850
11053
6433
184
8434
11936
6791
10412
4573
6029
10464
10176
4713
5768
5201
10334
7155
224
2783
1157
6343
11606
1603
2493
9818
8041
12176
2899
6234
6190
4849
3906
9866
5038
6333
1844
5292
12298
6455
5922
1464
6785
4760
10034
3102
11767
8382
5758
7666
3035
11390
8519
716
12322
60
4724
9178
4476
12995
9219
9288
968
494
6821
7283
11708
11855
11265
5710
7979
3285
7277
10882
5118
8611
11369
9305
6833
8479
5392
35
10959
7912
12856
10627
7397
6444
4678
3069
6890
6337
9909
6859
2431
5667
5814
4273
10042
430
2805
8660
3433
12210
6773
1072
1908
12072
6134
9246
299
1774
12394
3064
7114
7514
2837
4128
10547
2430
3014
10514
7652
10941
3748
8370
4661
11557
7130
8859
10227
2204
559
6834
8830
9243
290
1769
6004
9649
5389
823
1267
12201
6449
10756
6194
12989
1738
7907
12203
3313
1131
3820
6847
9260
12134
1495
6425
12689
172
12165
8698
1399
3740
6391
4830
3824
1727
7080
2882
1505
2976
3849
602
5122
4598
8153
9792
7072
3327
3752
11567
5580
9244
4441
5747
10567
10987
7744
5548
6355
9240
3055
4682
129
6687
3789
3242
2871
240
4109
9892
7154
7146
7898
5060
1718
2070
12061
3522
343
12409
10173
9137
3225
12622
3734
4291
9174
6635
10163
9780
8933
5321
7174
10856
4000
11122
10081
315
7510
65
12524
9435
7605
5410
22
5082
4966
2448
2115
5621
3181
9554
12069
4910
4126
8080
3738
12708
8819
1608
1308
9812
12585
7297
9459
7730
11418
7019
9265
12648
8526
3282
9357
11408
5855
10122
11301
7851
5630
5390
10814
997
5809
7328
1544
573
870
12320
1755
9814
9774
5370
8720
2485
10865
8482
4872
9848
1047
12842
3348
9358
7056
144
5904
3090
7575
6148
6588
9484
8017
8981
11481
7223
8260
6555
6216
6908
5849
9293
8938
8152
8085
5798
9115
7987
11038
6559
4266
11592
5690
11729
5869
156
1633
4952
6445
2348
1610
301
11357
10037
7009
2205
7656
9052
10221
2709
12357
728
758
5100
3798
8585
10207
10611
1466
6014
4549
4978
6875
955
11508
895
137
12004
2094
3397
10333
5728
12769
5138
11988
7052
9864
744
9210
12508
10570
5643
7391
8332
7325
8303
5021
146
8069
8828
10244
3032
2998
3274
1117
4995
1745
9754
6439
2854
1098
3894
4363
2387
4755
418
5461
977
11150
546
3309
1823
3006
5600
6125
9431
2973
8554
163
2124
7749
9261
10258
8652
2167
5914
7448
6656
4568
1719
1382
11365
3574
12169
619
6413
5818
10023
9906
12493
12223
9472
7686
10164
12078
358
3566
4196
11031
4643
2210
7110
9425
8129
11266
1476
9753
6313
5517
1923
3764
7841
8322
5998
3639
10243
2322
2189
6484
8106
11856
1962
2939
5216
2590
7173
4816
11358
12130
1488
7869
9777
9432
4796
7129
3533
1944
5906
3432
2141
2351
4628
9766
6543
891
435
11985
4523
11613
9665
12614
4257
7201
3506
3619
7046
3452
5587
8315
5493
4072
7994
7176
209
5871
8493
3450
6827
11846
4135
5128
8244
7759
5213
1684
7321
12079
6801
5565
9129
10928
4017
7133
3800
11870
11017
7796
8749
3994
6086
6852
10874
6813
1332
9365
11678
2696
10366
2442
2538
4948
3658
44
8947
4113
11612
6843
10486
5441
4811
1248
3668
5497
8890
6962
8048
4971
3773
1824
6566
9507
9534
9549
5866
8781
3935
2750
8756
148
3666
4055
3928
11483
6874
2069
11718
8970
6759
7051
7791
9191
8682
6042
7396
10467
753
4464
6023
1178
1576
5131
1655
3012
319
7262
4148
2166
2905
2285
4934
3166
8978
1281
3620
6866
5916
6786
9015
12911
2283
10344
12827
850
2003
4775
5585
5883
10615
2425
2073
3530
8341
3700
3025
8531
9023
876
2361
8681
2977
2996
10429
5255
11090
9455
231
12390
9913
9225
1354
12957
8996
7360
5351
11181
1195
1352
8389
5966
4404
3353
5677
3259
6704
9308
6345
892
9153
4868
10002
3365
7810
8364
4270
8692
11248
4740
5924
8419
12775
6340
7309
363
7701
10893
12480
6727
11623
8624
9951
9586
7767
7415
9544
12894
91
12030
59
11636
6072
2621
689
3038
9068
9390
11128
3892
3490
2907
12944
9335
3714
5625
12267
7365
4505
9882
6800
4237
1870
11604
6960
6592
634
6335
3973
6347
6606
6318
10655
6811
2644
5823
8059
9857
1876
2690
10811
12612
8325
3116
4831
7398
12558
4624
7503
4550
7145
9400
7758
6351
7137
7430
8838
11008
4160
4207
10762
4368
5502
12284
2392
7196
11939
5115
3627
2878
8180
12684
4465
10739
8368
8426
4034
11287
6493
4219
2281
7157
1079
9895
8421
8429
3010
10958
4737
6136
636
9562
6803
8670
6467
1457
5234
3957
1586
4757
2965
6944
10674
11950
9804
960
7569
12556
11360
4089
3325
2274
11416
1907
11655
1798
4518
7377
9188
10241
255
10394
8024
9670
11490
8666
3386
11048
4038
2138
9706
10725
8030
12799
6753
9175
11946
10104
509
2048
4908
11001
4675
6521
228
7095
4736
6064
11452
9787
11373
10440
3179
4103
5844
6878
12371
4234
2287
8312
1618
244
6915
919
11499
2517
2462
1813
4180
8464
7821
3317
942
9994
9493
3438
8746
3786
1865
4684
11305
11986
7702
5070
11308
1959
2249
12682
8960
9056
3074
11271
12961
9532
3118
4378
1309
1762
12230
11762
9277
3078
1955
12314
6772
6324
4718
3750
2181
4572
3440
8549
1126
6262
6000
11109
10889
9352
9596
8373
10949
4122
3711
8661
9434
7957
7720
2131
1439
4167
8833
10621
1212
11851
12421
12570
3071
4131
4279
7795
1406
5256
8203
12848
12889
6818
11625
4154
12883
11055
5577
8196
5036
12686
3673
6327
2753
12327
2498
12154
7906
8057
1374
10092
6202
4153
11272
2364
9085
5158
3377
26
12838
2314
7929
3581
9582
7455
12984
2154
6528
12878
9215
10418
12710
8832
7240
3801
508
3680
7004
8797
8405
1222
1108
7013
4086
1599
5590
11331
11288
6264
3604
364
794
1204
3702
12631
7910
11478
2461
6196
5571
6563
9285
8287
10649
1346
7972
3511
4163
2280
3815
9354
4894
979
8212
1429
6723
8512
7329
11583
4933
4390
5547
4168
9500
7620
7165
3430
6077
8607
6398
12432
471
1318
2349
904
8200
9798
7704
623
5268
2286
1981
630
10800
12449
7541
2098
1630
7693
7909
11867
10638
419
1874
9830
11777
5772
2451
1361
12459
12162
11542
2509
1828
2368
9183
1523
4962
8319
8824
12445
12026
2343
3451
7186
9051
2872
2494
12646
5663
3029
10580
4691
8919
8815
4261
2174
11550
8737
6781
8930
5372
4963
9620
5035
6386
11815
1375
3725
7017
11709
8903
1511
5698
617
6869
1996
5637
12932
8700
9986
6902
2663
9832
274
2258
3184
37
13004
10977
11262
6182
6201
9050
5579
9353
8730
949
4833
8708
10067
6188
4203
3446
12008
3929
10481
2150
3742
4177
5664
9531
596
12805
8261
2699
1606
4123
7924
1650
1454
269
3792
115
3221
9238
888
4940
5361
2192
11126
790
11599
5581
11096
7204
4555
10119
12482
7024
9388
5291
12160
5983
11154
6200
7230
2026
866
3914
6082
10598
3872
1198
1268
844
9904
10693
6486
10845
6094
6774
6018
7170
8523
12370
1636
6411
1781
8470
982
1187
7250
5322
1153
2422
12759
4452
5040
12803
10552
4866
7834
9940
9253
2721
3232
5678
12268
3123
12278
2512
5338
3268
3342
12602
7863
4222
6197
9041
6464
4439
12563
708
2217
3716
800
2957
94
6738
4942
10272
4238
2746
5994
2928
7332
4615
5308
4516
5867
10174
233
11294
3134
6353
10255
11831
10072
12546
10894
12818
10834
11918
2884
10341
8972
6740
2897
10607
9868
11099
2683
1971
7450
10090
3007
9200
4217
8959
3311
8003
10371
3735
1832
72
8378
2293
6081
264
6808
1539
10612
493
11422
8875
3692
7508
8936
501
2559
12126
9519
10576
8798
9621
1159
10026
12891
1286
7313
8577
7804
5197
6884
12893
6828
3384
7245
6517
11455
2371
9393
1411
4969
1741
10528
1005
1076
2570
12248
8823
7568
3650
11775
4829
8042
3100
3948
5711
6763
6317
9942
4384
8948
8276
649
10821
7731
6615
6477
7378
12029
1192
9651
8040
8058
1134
11895
12829
9840
12095
9114
12983
2282
11304
10915
11470
3701
4106
7527
8848
10896
4471
6400
426
571
9627
7266
5806
10453
929
7636
6855
175
12997
6120
2125
2651
2767
2092
2839
1345
3481
10839
5540
1987
5991
8974
6832
6703
279
3519
10841
3067
6643
8123
1453
11781
739
11617
4927
96
5455
2437
6500
157
10152
3265
9070
11937
8110
5932
9587
11958
7057
3173
6370
6051
12148
6152
12870
7254
11527
4939
8311
11335
5995
1993
5764
1731
11337
7487
991
10855
10911
7794
11974
302
10671
6789
3085
12352
4945
2277
7480
2880
3208
5851
8420
4011
7090
4340
6498
6084
10276
8773
5672
11449
3950
6364
10455
7679
7756
852
1602
857
3252
11547
9810
7849
3429
2513
9873
7116
11433
11013
9893
648
4246
6735
8807
408
9962
50
3983
688
2481
9778
731
7551
2211
1296
9726
12822
12704
1706
6600
9296
8899
8949
2625
7361
900
12476
2082
2418
11835
5634
8292
10115
3931
7885
12285
6973
4052
2460
5486
10127
1526
12033
11460
390
1918
6187
6654
6172
256
3241
3660
1096
9504
1501
7567
11108
8675
10191
8169
512
639
513
2443
7010
4347
5599
304
6839
6966
3302
10444
877
1936
3127
4877
9632
2307
11144
6286
7673
1100
2360
932
11913
9733
9603
11093
9076
8536
3171
4048
12489
5753
6184
8989
2456
359
7935
928
5041
2646
6294
12060
2413
2423
3853
601
6469
10216
12153
7342
3987
7875
6858
5596
6471
12178
2238
9713
11597
2931
7913
2845
4467
3932
4902
1942
11223
1973
10538
2771
7961
2832
12171
764
11824
190
5956
6022
7037
6961
8626
9344
3343
5776
1873
7722
5014
12303
560
7769
7816
5951
3370
7825
11222
8969
4639
8246
6864
2017
7379
2237
10135
1999
6236
7829
3028
9195
726
4395
5127
4477
9610
5697
12297
4921
5409
1053
1722
1480
6868
366
12262
5988
4821
7101
84
5942
9745
3858
6534
9827
10847
12702
9781
6965
12102
7384
11471
2650
3893
7081
4140
1795
6375
477
2303
9547
7419
7615
3008
1853
12662
2054
1016
12692
5366
13007
11139
8113
10059
4373
5689
8683
6696
2923
10245
8895
5940
7107
7221
291
5383
11082
5227
5210
4455
2812
12780
9566
8067
1579
4956
1830
450
7339
5872
9826
12773
1042
5831
3296
10462
5065
1024
5317
8299
12959
12741
6980
8145
2601
2684
8021
1782
6688
1280
2035
3993
2388
6716
11999
1765
5920
2596
10805
670
1855
58
4685
2929
938
8294
130
6192
4022
6967
11548
473
3934
1861
3771
1288
6385
118
9602
7793
2342
5509
12826
2288
8515
8560
2128
8076
12620
1687
9106
8695
10063
3192
8289
10029
7002
12863
12174
3749
11040
2254
10903
4027
6939
12315
10027
4102
5408
2185
4913
12632
3073
9993
460
7270
8214
7802
10694
7672
12920
267
5612
10521
4352
8587
11075
1350
1087
10640
882
10969
8986
6420
9699
12777
9002
998
751
4199
12128
8105
11984
6941
2597
9506
12372
7777
10302
8539
5749
2266
10504
4015
4460
12190
4636
9641
2953
9088
9147
10776
6290
10012
7585
1850
3338
12653
5265
12569
7118
2269
2615
11077
2417
176
10801
12337
8465
4348
12965
2172
7888
11179
5365
11211
2452
4785
7836
6658
2657
5979
10343
4828
10726
8584
12291
4408
6250
9959
8814
9179
9006
12275
11577
10315
8837
2598
2613
333
69
6978
12084
4208
11167
4722
12673
5187
12271
8646
11220
9606
14
804
11931
11637
4437
7623
5780
5416
3925
8950
11413
9403
8913
10744
3856
7389
654
7543
10434
327
9266
7324
10898
10130
3629
1658
1620
3709
12437
6921
11329
1373
9897
1276
3638
8747
9762
1724
6265
4800
1251
9345
9625
7574
10411
9263
8439
9567
4660
11916
1558
10730
4018
1032
9259
4228
2875
8998
229
9833
7533
12428
8772
11642
7663
6111
1690
6369
5892
4960
760
9575
10897
254
4083
11701
2005
9264
4409
1492
10957
10131
6456
4214
5368
9064
10137
12747
5598
10365
8691
4189
10419
532
8288
3286
11428
1557
5928
11171
9328
9563
3279
3778
8812
9473
2072
660
6309
4769
11375
11226
9946
5429
7764
10382
3835
4804
11908
10414
7680
10752
6513
12155
8102
8924
9172
3427
11658
2036
455
4799
2169
8117
3157
3998
7121
8931
1696
4912
8207
7356
9307
4050
6093
678
2479
1672
11971
5684
10329
10658
8508
4166
10185
10312
4344
9004
3231
10200
7486
1759
5550
8525
4024
1369
12225
2544
1677
292
6947
7467
3583
2768
11081
12869
1320
6954
8397
6186
10056
7401
5406
3698
4249
9239
7934
4233
7029
2235
6825
9844
4479
2397
8202
8551
7291
3776
12764
1225
9130
470
10267
11833
4536
1386
2321
9862
3339
2220
4847
3889
4571
3253
4782
4100
7202
9142
7578
3961
1506
2879
8239
3324
6073
1704
6363
1176
8694
9980
4670
9831
3358
12901
6728
8462
1091
3686
11763
12575
6625
9430
10978
11269
1263
7489
5050
9072
2219
9082
5648
8636
4973
12413
11448
4665
1890
2664
2761
6128
376
11366
12633
6984
7043
8789
2077
618
6358
483
11627
8415
2399
5418
5575
6189
9444
10036
11132
839
11868
410
8192
4932
690
4813
7815
9034
6287
6898
755
12876
8678
2515
7315
585
10736
9836
7175
178
5364
5537
9591
8521
1075
4277
7097
6544
7134
5081
7279
8808
6761
2733
7974
1033
1806
12821
5281
12770
7064
352
8935
9160
1809
2795
10679
9972
686
12761
2719
1882
10646
11619
12917
756
1597
9287
7185
10968
5658
6006
2522
1484
6561
5146
7506
11129
10842
11410
1402
1512
1121
8295
6160
9067
11493
7890
6968
3649
6783
2429
10617
11327
12058
1430
7895
6458
9954
7047
2967
8218
6424
9662
3498
12209
5954
7539
6002
11474
11551
12760
9333
12400
5943
3468
12534
6198
7493
4481
4127
7640
492
1766
6052
10956
10871
3170
4001
4593
10296
5456
8822
5093
2781
2792
7833
12808
9311
12074
3115
584
2633
3944
12645
6798
12117
3795
12318
377
9657
913
10568
12784
159
5578
4374
6371
6809
812
12037
3647
2164
5627
7589
3283
1744
2241
9968
295
11444
4494
4335
11030
1589
12907
247
4520
12694
6057
8578
11441
6497
4988
54
7819
11820
5297
3191
3632
1967
6056
6384
11202
10047
6994
1637
12590
5738
5196
4268
10587
12905
11811
236
10767
11656
4458
9850
11231
4283
9262
6214
18
10022
12401
1914
9155
4777
7848
3478
875
399
11686
2095
6974
8664
7824
8736
752
6769
8125
4225
762
1550
10940
10035
9053
7879
2705
10478
6799
2954
8216
4161
7257
820
12133
566
797
9303
6350
6515
10061
6719
12660
10082
4181
98
11743
5381
1107
12904
7294
11415
2787
7838
12971
2010
1365
8547
3294
1303
11351
11807
7770
3463
6572
9399
9570
6009
11298
7753
8428
5813
2246
12547
2632
8780
97
2813
858
6279
3436
3826
9274
2412
6556
2395
12145
7668
9701
7295
9717
10447
4191
7464
10624
280
4903
170
6025
9614
8550
1757
4258
7424
4252
1116
8154
12544
1901
10559
6099
9741
9119
11674
10783
3141
11574
1743
5841
5781
1513
5462
9710
773
10206
6159
230
8308
5834
9525
10380
5820
12696
11140
747
10543
6293
8264
4186
11147
8867
2765
12062
11707
1418
1904
3917
8739
4949
9471
11427
1750
1663
4235
1713
1802
7565
7571
7125
1112
4787
8511
6241
117
8510
425
11257
12652
8901
5583
4357
12046
8372
3984
8914
9005
12002
11000
2058
10561
6367
9878
3072
12950
766
936
11691
2697
10724
7135
3107
3517
320
3816
10413
3625
4343
12973
3575
11758
5064
2158
9446
478
11314
2366
5395
12020
4545
11800
4403
6473
2353
523
4926
3657
7706
7671
11458
3873
11993
10825
5533
4463
287
7626
8186
9854
4396
9971
6220
2550
4265
3951
3546
5946
6253
9483
8518
8051
4200
7653
8650
7984
9389
9098
10709
10901
4537
1110
3898
7385
3704
5113
8158
3667
12339
1954
4430
11487
6536
879
7776
8882
7474
6245
7692
1748
5558
439
10404
3847
10608
4780
778
2076
1984
1552
11174
6997
3310
6969
10792
843
10030
4125
12065
4454
8517
3979
8620
7399
842
5141
5276
9208
9410
1834
3829
5283
4206
11307
1370
8863
4482
2242
1723
10664
442
8925
8775
10885
7831
12159
12820
5438
1938
1652
9898
4431
10477
5002
1536
3373
11346
791
5513
9478
3015
537
48
10512
9065
5957
12557
1842
12867
8388
11679
9943
8934
3491
12116
1379
11844
4776
1656
6666
7021
1460
1138
2665
11621
1321
1611
548
4306
889
12461
6457
12553
4210
7677
3109
10439
9412
6392
6292
7757
2375
5199
12202
2152
1292
1142
11991
732
2365
7094
11814
10680
541
12554
10053
4612
6258
6243
7040
10511
7440
11440
11826
103
5985
5829
7986
5225
1295
12531
1443
2215
10892
4642
8333
12609
805
4346
6760
12979
7908
11247
3763
3926
10728
12018
1166
6054
8361
1239
10985
3065
9436
8601
5159
7058
4666
2346
10998
8090
10336
7026
11469
6481
3027
9009
5563
2743
441
3486
1311
1749
10274
10793
5437
8
12659
12986
4810
12000
7713
10775
10548
6737
4426
9503
1164
9138
5877
6437
8001
12578
3390
2915
5977
4158
12388
4513
11980
9443
482
11860
10048
6912
5226
7763
6771
12260
11297
2578
8367
8184
5541
1900
2260
9233
1385
10952
342
7608
6126
5765
6465
164
6532
12151
1358
4290
9229
9698
7675
1986
11972
4552
6755
132
707
7517
2969
12751
5289
5723
1833
12608
4244
3803
2680
8492
6885
5700
1279
8403
5674
6644
4070
10584
4146
12685
5526
5962
1162
12040
6476
9100
697
1124
4992
854
2308
1194
2507
7822
12231
8480
66
3866
4389
12839
3095
9304
935
4558
2788
1555
4578
2180
2906
4534
9860
11925
10045
7319
9707
9096
943
1445
11912
5542
2983
5896
11704
1514
12948
8847
8922
6282
12594
12697
7598
5619
503
3104
9963
10179
2002
7373
12910
6026
11892
7310
9888
3132
5702
323
1293
3967
3145
3471
354
989
9779
5457
9092
3596
10497
10260
6886
8854
10451
2201
10347
6271
1170
11420
5878
646
10843
7923
2789
349
11047
10083
5451
11482
737
12715
909
12565
7222
609
3393
11011
4529
13002
5528
2173
1500
10322
9750
5019
9247
4938
939
12054
7054
5640
5792
5111
2454
12498
6020
7940
9514
4280
8956
7941
6423
3863
7828
2595
8566
8613
11036
9843
2187
5222
4449
3099
19
7112
12232
8458
3235
7457
12246
341
7892
1582
11881
6711
3977
5810
10750
999
10883
2599
11524
308
10370
5403
5626
5244
2778
1520
11005
7812
1518
11647
1508
8484
6118
2666
8634
10926
3052
4758
7613
8019
4016
8965
11041
4397
2385
10363
6360
698
6522
10784
11651
9497
10456
10522
7156
11387
3588
883
2711
11323
4398
3568
3964
3271
248
8031
12943
2730
12583
1074
3923
11836
5980
8132
3537
1680
818
7432
3675
5623
10965
12099
11
10738
415
12186
9634
141
3180
151
3565
211
6496
6609
853
6315
12474
8888
11439
4723
10095
11333
3103
4576
3059
395
3063
4975
87
10143
5705
2831
1118
85
8619
815
3023
713
3876
2695
8771
1152
1640
10788
5797
9226
3832
9561
8728
361
3651
2278
4587
11830
2168
10231
1583
11159
3813
8494
6611
9911
6342
9558
4904
180
11534
7622
12179
12280
3915
3739
9021
7518
5154
6614
1494
2521
10605
11733
10766
2344
5885
1058
10338
6030
1048
2182
7449
5425
11401
5033
12376
10051
9173
283
3492
12152
2090
6831
6016
7139
10217
479
12763
1790
6787
11841
11641
605
8777
1940
11852
11953
6749
7951
2877
7425
6619
10872
3441
5530
10483
10943
10213
4299
4341
7905
5182
995
3920
3415
6629
7861
10442
4492
1609
12861
90
5606
6618
11300
7387
11536
4786
9921
7599
8285
3230
7708
5334
5761
5756
5556
4812
7003
4354
7016
6616
10379
9957
8876
3697
12898
8477
4880
5847
1067
10835
7226
5514
10087
2289
8156
9192
161
12680
2745
8070
3687
12743
9988
11766
7566
12610
5190
2857
4732
9227
10597
11526
12475
10692
6845
394
5683
10673
6154
8160
1964
5094
12469
2528
3399
2855
386
10662
5591
7511
10354
5511
3859
1283
10586
6539
12083
12964
11927
6038
9536
6948
8951
6872
10939
9058
3885
2865
10263
6697
10103
1934
1529
7519
7525
2338
12705
7224
2572
61
4753
8498
9592
6516
11123
7299
1055
4069
11286
10015
1359
12340
11522
1441
1530
1947
10993
12071
7275
11926
11776
9853
8258
7786
3710
12356
12367
39
12141
2549
10166
2861
3744
8000
5482
2964
8468
2019
529
10758
5233
574
11079
398
1327
12693
5098
7394
6986
11062
10157
12890
5865
3884
9206
933
5490
2801
6139
5783
12516
6673
803
9094
8491
10340
915
3413
13006
10688
136
7447
4322
3199
1149
12488
10614
4577
7333
10751
10080
2986
8846
3794
6527
836
6537
9822
12017
3056
3376
2824
1217
8300
4774
10864
575
551
808
8758
5407
5028
99
10167
2144
10999
5250
12987
8522
12596
8345
3350
10192
3357
10916
378
11459
8850
10578
1564
884
5110
1567
3879
5992
10791
644
5724
7330
7436
11789
7729
11559
6066
261
2627
8222
10729
11919
3755
1085
10829
3040
12411
282
5314
4996
4835
2244
12107
3585
8054
6352
10827
9348
2020
5357
8012
7740
1548
8731
12239
7738
6274
11502
3278
412
784
8201
3888
581
2218
7082
12919
10165
3111
1420
1800
4255
814
12915
2908
2279
11395
12136
2678
7634
174
11112
2008
4383
3258
594
10250
1927
1819
2501
1607
7305
10981
6538
7289
8766
88
4483
6285
9555
31
3846
12977
6334
10592
10287
10600
817
11614
3834
5707
3150
7302
4013
8138
5679
832
4428
8893
3569
12877
3867
8211
2339
9821
12542
12261
12825
3587
12588
9236
7748
5402
12926
1355
11045
567
9440
5259
11421
11535
8446
10529
4614
6419
3247
5358
8794
11616
11032
9159
4406
4807
10630
10531
1147
7482
1101
12471
12068
1958
9061
9299
9948
11228
11285
6913
10395
2674
10186
360
12185
1062
6124
11739
1920
550
2913
5194
4871
11009
8357
10836
5323
742
5662
4077
1624
5095
6601
2535
9280
389
3570
848
11198
5595
3768
586
5116
7780
604
9811
4823
5166
6281
10183
1260
313
11760
10398
8198
840
4193
10325
10770
8466
2943
4726
8137
12807
2984
12407
3554
1535
12481
458
5510
3260
11515
10468
7657
10147
6664
2934
5777
7343
11118
2240
11280
2051
6121
8111
9938
12940
11354
6230
7977
4773
2155
12571
1424
897
1736
6225
738
9539
12605
1333
9746
6218
484
11338
2034
3424
8821
3897
11948
6693
5926
8754
798
6440
2932
12226
6483
5236
11525
215
7698
8826
12377
4873
11494
3392
7280
454
7785
3886
4715
11990
2816
4294
9655
12180
6167
446
3469
2985
10490
5280
1835
1199
5137
7089
1732
5240
5092
12832
10001
2111
664
9817
8568
5448
8961
10402
4511
12853
8094
1533
12899
12392
12391
6284
7595
5984
355
10526
2227
3395
6211
12293
4595
3905
6637
4117
7933
11922
4901
4182
1600
4911
1449
2660
11345
3642
7476
2301
9468
3211
3488
11834
9461
10774
5706
8788
8011
2061
1115
7936
1532
4472
3912
8687
3504
3434
10144
10914
6892
5245
1581
3605
1634
8957
861
11142
2176
10415
9981
8686
9469
64
10929
12909
11543
5431
8438
11773
7774
10810
8912
383
1338
12865
9187
2292
3476
4417
9249
3401
12721
834
1592
2492
12624
6259
5001
6421
11188
12572
11376
6634
2383
457
992
10204
8452
288
12375
1400
7808
9156
6506
10496
11071
12360
2042
11712
5215
5320
576
6019
3421
600
9691
4064
10403
2489
10345
687
9289
8358
9612
9429
12514
10269
10146
4527
111
11608
11774
4900
8394
4583
3573
1028
3101
591
12551
5950
10228
6106
8744
6861
6698
561
931
8520
7358
12465
8291
5839
593
3017
160
6659
6949
5545
11553
11012
6397
7119
10140
10113
7665
5701
8193
6766
8878
11819
3402
4801
12752
5897
8161
3174
6705
3044
9615
1845
3817
1753
8427
11571
2214
12537
1540
1671
7632
3158
1
7451
8917
7628
10983
555
12309
10588
5415
3125
2717
7899
12131
4254
10178
7755
10
432
10177
3589
7638
162
6215
7427
2677
3340
6240
7576
12947
6554
2784
10019
3769
2511
8326
4629
5794
11130
11725
11685
11817
5124
382
1596
7481
827
6436
7200
1487
7538
12628
3411
12047
6170
11648
12727
7497
4588
3381
1433
5959
9043
2113
5503
2980
11928
5133
12604
7577
6844
10388
9488
6741
528
1997
6568
7418
6161
2685
6329
1531
3968
10585
4286
5766
462
7896
1357
4116
7973
2728
6102
63
9747
2667
12321
3126
8127
978
9515
4700
5223
4581
7032
1689
3665
4021
12038
2126
4698
3363
10902
1387
7644
8215
12195
10105
10069
11216
10378
12255
7331
8719
545
1537
371
12942
10264
10432
1266
9537
10702
921
11944
11564
8099
3790
1388
4538
5919
1740
7926
10358
11450
9075
666
9869
10084
2100
2234
8278
10992
12213
8767
7880
5933
3378
10066
3371
8254
5090
7069
10863
5564
12527
7964
1037
2304
9185
6251
7458
9704
4987
10314
5494
10961
5417
4733
12369
12005
11343
2231
9177
5145
1665
4301
12466
3939
962
8852
1029
1185
6164
7434
9925
8274
6549
11915
7388
11019
8380
7728
8841
5163
9039
10824
6597
5975
6410
4743
8796
4892
116
4655
11690
672
3455
9405
6979
11116
9987
11239
5446
7629
1543
1521
3527
11862
11624
12630
3576
3110
10861
7866
6451
1926
1507
7414
1465
11539
11969
8279
8320
6570
510
8469
10508
642
11091
8321
8204
1577
8456
6877
2495
1099
9646
9765
5097
6638
3322
3458
5069
332
11368
4704
7584
9424
12935
4105
3273
7754
8075
11825
6114
1026
12560
3140
4429
9117
5931
1881
4242
5646
2438
9825
2302
181
8126
5970
11810
4303
6729
3646
12936
9014
4993
6784
1207
4170
6526
9112
4656
5277
1519
12699
4600
6162
1200
1140
4091
3013
4924
9800
3785
4521
1270
3005
4392
4504
10266
7169
4251
4554
7536
3772
1896
7778
4145
504
1021
3337
12895
10141
10909
5608
8941
7531
4541
4802
3003
12135
3560
3223
3669
316
2393
12276
5974
6008
5534
1980
6894
8150
2354
5917
5463
12720
10946
3654
7077
987
6873
8507
3548
2653
3626
8177
12978
8061
7193
12229
5178
11964
9267
7363
11532
1875
2424
6919
971
1181
7300
8667
10214
6524
12980
4848
3684
3243
9720
11676
5147
8880
1989
10589
11803
2811
9312
5303
7018
705
4528
11805
7442
5413
4923
11537
429
8900
4896
7705
7369
5203
10858
668
3988
3114
4314
318
12427
4640
6474
3708
9371
6036
6547
11903
2074
12528
2066
2170
11714
11309
5104
6731
4761
11184
1018
5311
7842
8476
10033
5893
474
9805
8162
9257
8413
11932
9819
5362
7859
9744
7707
4716
169
3112
8817
10319
10604
8688
11097
620
10595
3443
12855
9310
785
9847
12975
2614
12797
8580
2940
11792
10740
12665
5879
2410
10110
10854
2848
2718
9383
8654
7179
1395
5235
7542
6748
8545
5404
219
11347
2777
745
2608
3204
4567
3445
5876
4376
5132
10479
1977
10900
10907
4375
2990
1278
2102
2306
6950
2024
2232
5894
387
1023
8318
6442
2475
3487
7871
2037
5945
4748
8514
9629
3609
9439
6996
10816
5853
10317
5058
811
11136
2455
9325
5015
608
1368
930
2255
7766
10303
3512
12227
10349
11212
8555
10534
12308
701
1319
2108
10703
4729
9764
5373
3823
3595
12454
33
7696
8095
2262
3996
11660
7658
11391
3520
8495
6946
8709
11291
8640
3493
5179
12637
296
799
1347
12768
6100
12013
2334
2370
4697
10120
7949
1510
5170
3374
538
2716
4720
5072
3332
2911
4382
6581
10932
4149
11780
5734
6302
7520
2394
8557
1069
5369
12348
8208
2298
10596
7886
9392
251
1061
12189
1472
4970
2009
7103
9835
6113
2325
8334
1840
1145
11146
100
2892
5554
9363
3239
2927
1758
12674
2670
11572
2441
12070
7470
12860
4630
6316
11352
4754
11457
3805
12952
10577
1953
5740
5508
3408
7963
4142
11504
4019
8529
7143
6952
9964
735
4090
4035
9886
6578
7177
10853
3094
12654
8175
3299
11326
4644
1356
4852
406
8762
1450
2411
1852
1653
4850
12228
5469
8362
8988
2992
6060
6429
10210
1038
11114
1442
5458
9314
1943
11389
1446
4418
8983
278
10160
2989
5477
5068
11480
12724
6914
11906
10519
2994
10187
213
1903
2147
7944
2497
4517
6777
3597
5549
3622
6408
5232
1888
4298
8081
9066
3046
3117
12561
4745
1626
5629
3855
5284
5874
1459
2562
7557
10971
7616
8451
7733
2821
7383
2029
8597
6739
645
10823
171
12274
8068
8592
1838
7893
5079
11419
11100
8489
1401
988
4673
12902
7614
9871
8065
12053
3351
5815
5727
4679
5253
4838
535
5290
6916
3547
965
5262
8092
12313
4635
5394
10078
4281
8275
12187
6683
6155
514
1089
9475
12349
11509
3777
5696
8338
7485
7341
1763
6151
8442
7461
10648
902
6934
11587
9346
7966
11156
7096
8472
8565
807
8668
5915
9969
12124
6382
8366
5341
9552
11770
9283
3219
3978
1670
1427
3499
5467
5795
2825
10279
5086
12503
242
3636
6576
3474
890
10145
9491
1693
2132
461
12212
9281
10234
6310
1233
9331
3878
3552
6171
2972
12163
11615
12218
4114
397
10795
262
11578
12266
4485
4694
4058
11987
2440
8074
1641
5631
4855
1887
7635
8864
1673
2702
11133
3482
10876
2510
1393
729
5730
11735
3457
2444
777
11632
867
8544
10294
5288
9998
476
5006
9867
3525
12540
9605
3703
155
12533
2609
10350
1751
1767
3281
4861
9580
9351
10005
8977
226
8908
3496
6542
8005
11983
11968
9355
7709
10405
4878
4457
3159
11989
6460
2860
8503
3736
6280
4619
12257
6059
8443
1019
12526
9594
3809
1553
9103
11779
12634
1902
12748
12982
3464
12328
6574
372
9910
2267
2014
6758
12197
5887
12892
6744
7948
597
6558
6339
11148
3472
11306
4470
12438
6951
11995
7604
368
2208
12597
7293
6341
4433
1340
4865
10253
3591
12816
12359
3791
12244
198
5102
4998
3031
334
746
9912
12478
5183
6472
5422
11165
3000
9442
1645
11380
10501
12732
9275
7884
8506
894
10970
5713
11189
6233
4768
1827
8690
5862
1206
12458
5546
1448
6564
10426
2482
786
990
12934
10339
11497
249
7276
6964
3579
6849
3051
4030
2970
78
8481
5443
1623
10880
4236
3352
8450
4029
3802
11127
9656
11027
7272
2527
8570
10074
8354
5999
6263
677
684
12381
8559
5748
12550
4124
5468
819
11962
8997
9433
4285
5318
12671
10073
12941
12723
9409
11446
10075
7864
11630
5784
10198
10390
6591
4826
8327
11259
7023
2712
1353
4157
4143
6166
2508
8416
6776
5432
2714
4176
8872
8760
3617
2566
12087
346
7237
9772
8813
2038
12993
1008
1397
1122
2309
12518
1360
2401
7217
635
4323
2190
12795
1681
7600
4672
2458
1241
5052
6695
12500
1604
8894
11234
1932
4591
8120
2305
6256
11838
102
10656
7752
3652
1784
11394
5569
7062
12711
10761
3516
3426
6217
1477
345
2600
8591
2900
7253
5731
835
6158
9428
7411
8574
10431
3163
628
11546
168
9207
9581
8918
2275
11177
8349
12404
9078
8122
7075
197
10220
9313
11975
813
2930
4274
466
8513
485
3120
6897
3320
11529
2011
11350
4152
5198
11087
5843
6692
5632
9696
8973
11788
11785
8669
9182
12664
3663
11149
9360
10101
9012
3531
1739
218
12452
10196
7141
2518
12581
7916
12813
9476
6937
11213
3545
12906
8034
7352
11890
9681
3599
490
486
10310
10112
10886
7318
7285
2807
4977
10539
252
3891
1265
5428
4839
12535
8993
8886
7779
7784
1915
12512
34
8496
10884
10870
2041
4654
802
1215
9768
6995
5
2421
8735
3712
1154
6254
2118
10038
5905
6349
459
9320
8502
11161
481
12921
7113
9384
12606
1343
7545
11992
9019
2117
2525
6679
3916
7092
8590
9380
1272
8579
3018
10513
4162
899
3757
11498
11622
1662
294
3730
8457
5319
3648
7647
4434
5347
4653
11902
8564
7453
8984
12408
6647
6992
8524
11677
11755
4980
9162
1236
4150
7607
5744
11734
7078
7372
6736
9624
12703
12706
9877
11799
10097
10695
1080
12188
8136
9029
9564
9930
10840
3298
12076
9601
2583
4669
11033
2635
6330
5470
8706
3732
10285
6401
652
8474
12709
9714
8845
12582
1639
3890
6836
2886
2529
7368
631
8604
12766
12636
12538
2722
445
10582
1095
3830
9796
12384
2890
6712
11002
4272
8309
5850
2067
480
2764
12051
6792
4597
3745
10049
11328
3848
7735
8870
1651
1818
2988
2553
9251
1025
3068
583
5450
5650
5895
2271
5691
4361
11317
11138
5941
3039
6311
11854
3593
7711
1010
8642
9074
9952
8954
6905
9241
9997
3151
5522
12081
10634
8301
6058
4972
12460
10139
348
7483
5452
7167
2013
4141
9198
201
4696
7035
1039
7259
9003
11584
1114
10452
12430
11737
9760
4582
12336
2734
5610
7564
11973
1575
11176
12252
4451
11094
9167
2436
6248
1291
1812
1590
5889
10376
7747
3956
1661
9113
5498
7422
3345
6412
6090
9480
7269
3782
3449
4006
465
614
12066
1776
4803
4752
3489
587
8567
9889
11818
12712
9248
2726
2891
12956
5830
11871
12786
4580
6459
5644
6770
10219
4925
11845
6529
6381
7982
9294
11859
12237
266
2488
3864
6983
5965
7597
624
539
9190
2966
2584
1421
11115
3050
5355
5717
1975
9273
11349
1325
4954
8717
6123
2914
80
8632
8441
11120
10537
12924
1877
1331
3694
8932
8164
4005
12063
12511
8330
6814
3577
8685
10934
8995
8027
2593
12617
9341
5139
10930
8605
1163
6810
8714
9849
9401
2760
11806
4278
79
8751
11573
5168
8172
9406
5345
28
8055
202
3289
5274
10746
12448
3147
6193
2459
5310
10043
8352
10223
7086
10368
9711
2216
12161
4725
837
3264
8084
8483
12175
588
8799
10489
2062
1527
681
7478
1182
9097
6505
9829
7781
9297
10599
9083
1691
3249
7761
1246
423
10328
133
6489
7404
5767
6209
7594
10377
2850
5811
2853
8600
542
10652
6362
8602
1367
7920
7209
10293
11702
8702
9375
10820
685
8284
7028
9194
12374
10492
9708
1978
385
9254
8942
24
2565
3974
12001
9934
12765
4023
2662
12836
9730
6880
4118
6053
7061
2081
10676
11853
9647
1968
4884
7917
7122
8399
2582
940
2686
5532
12333
6143
322
10520
6417
3326
9650
8316
522
4626
12998
5952
1244
9947
9851
3461
2917
5651
11600
5969
1857
6889
4092
4676
1103
4846
12651
4313
1922
8658
284
5709
1186
7022
10202
11484
4651
9269
5833
12263
6227
3965
7746
9426
8340
10995
9186
11744
339
11594
9116
7968
11827
10372
7556
3775
757
12464
5269
4247
5107
1366
6297
3539
4420
675
6336
10465
2400
6007
8346
8133
5900
4305
12529
5636
5964
10927
6097
4631
2569
5778
2838
5882
10549
4415
6399
11465
8447
10635
10086
10778
9361
1950
1714
13012
9228
10616
11274
12501
2239
11720
11982
1933
12436
7214
1306
8639
52
3960
12718
9010
6562
2087
11016
1223
1522
5805
6270
10199
8958
12028
11628
1541
3681
9739
1249
10718
3645
1836
7739
5238
12830
9673
2866
626
10925
2103
2725
5842
351
12204
1227
4508
5378
6797
12450
10948
2669
3808
104
1193
3705
8528
12955
4416
5191
12992
1702
2624
2793
7238
7515
9679
7513
912
6223
8707
12994
5205
1342
8365
6565
12138
11311
250
6046
12302
2895
4735
5045
5903
5454
7136
11488
1172
922
10838
1868
9222
6037
1326
30
6582
2658
7159
7532
3088
1190
1174
11219
985
7596
3206
11711
8306
13000
3359
3723
8541
4564
5570
6074
4617
4488
5426
4084
9526
12112
6183
937
5523
6228
871
12873
9700
9914
5649
6922
1554
9743
7150
11518
1428
12300
4781
2044
7234
12199
10364
3305
3058
25
4218
2104
10979
5129
7799
11569
10361
2299
5504
8645
5782
10041
11724
7580
11385
12857
8916
11255
3741
9841
5899
5680
7645
1879
12150
2474
4002
11095
5881
9924
10295
11106
11253
5487
3086
7475
12522
3495
5220
12021
7546
6583
7359
771
2735
6930
7712
6788
11296
12912
7271
10422
8097
4950
1788
4586
8018
2229
9069
1635
9337
5949
7676
7492
12951
275
11694
3130
10976
10571
9974
9775
9900
5261
12755
4062
10301
12344
10753
8016
12364
5819
12616
4922
40
191
9593
6519
475
4674
12295
2858
4370
8806
10701
6485
3412
400
9815
12125
5427
6550
9782
11282
5617
4059
1712
1816
4359
533
11894
6684
948
8743
7648
3854
7710
6575
3613
384
10785
11398
2328
11275
8836
7530
10077
5918
9161
12549
8748
392
1485
3959
12497
11654
1109
1377
8791
8025
12781
2844
217
4734
11160
11320
3200
4424
5789
6928
6860
12096
5718
8281
12123
6599
11866
12477
5562
7400
1569
7171
3572
5827
11043
5635
6085
9486
4659
7601
1509
7408
5007
12114
9300
2589
5480
10796
4466
3563
10257
8596
6462
3214
10238
5601
6372
6119
3954
2337
6975
7216
8029
3903
8701
9134
8599
8617
6514
3093
11015
330
2327
12299
3398
10309
4795
4976
8417
12903
2736
7034
10212
5604
10096
6247
8475
3793
10629
4076
11378
6116
847
12515
910
11832
6533
10920
10963
886
5260
1930
8280
12972
7835
2785
8121
6468
6203
317
3550
5597
1951
7870
3780
194
3945
7472
10802
6130
32
6863
801
9577
727
6896
1201
8582
6379
8173
11579
3688
10618
4046
3154
5295
6989
11747
2022
5762
3797
3466
10355
2876
5062
8142
1317
4808
12729
2543
11461
9559
6249
12158
3097
6374
1935
6110
9402
6366
4205
3671
12949
10094
3295
10973
768
7611
5898
5937
4585
3904
11869
10851
8672
680
11252
10416
8230
4053
2415
12426
11967
720
1676
984
1810
1431
2503
7946
4330
1132
8178
4381
2457
1871
2251
1390
8134
2202
7549
3328
8342
6764
10560
4889
4443
165
3203
663
5605
12800
12104
5518
6389
6273
12881
11545
2592
3946
9609
5087
5647
11006
2356
2532
7049
12962
11593
2618
5743
5010
10906
5529
12403
1275
2078
11468
12358
8398
4556
5655
3523
12733
8982
1137
6432
621
2881
10579
2253
11406
10261
2631
5449
3367
12700
8881
8205
2028
10601
9983
11270
2523
11761
10879
7775
5796
1921
140
12495
9128
7921
1787
975
11321
10102
1337
4276
3767
4727
3484
4243
13005
11092
9107
9329
11513
1197
9574
6846
5342
10273
3
12192
12362
10565
10313
11842
6999
7219
6584
1883
8355
55
7500
10945
12713
2514
9521
5536
6065
9372
5142
11596
7512
1504
582
2502
10862
11078
506
10111
11957
12850
11816
298
12287
1822
3185
7661
6900
8037
5331
3970
10079
10509
5828
1497
5018
3314
12796
1196
4633
43
9936
10280
7218
4542
9077
2445
1175
1188
9463
779
9737
5500
227
5752
3414
6180
10194
4049
4809
6657
12091
10877
238
10764
9505
1083
3148
3510
5299
1461
11397
5485
11994
500
4353
2398
640
9979
9470
7441
8247
2075
8088
1133
7431
7837
927
12035
2089
11218
5704
11795
12543
8381
2573
9340
8787
11662
8271
5559
10904
1088
9686
7991
3963
5675
3420
1910
7524
5912
4115
1436
7338
4512
12354
783
11719
9724
7830
10716
7395
10446
153
10524
2671
10409
9216
11549
3918
12137
2710
9000
4883
4510
6157
3707
336
1479
4008
1315
1378
10008
1405
577
3524
5544
2820
12253
5332
11998
3759
12586
9693
10076
1556
12811
4885
10421
10193
5243
488
4121
9985
12024
11610
1674
7059
7236
1349
11341
12846
6041
8293
6117
9585
10733
6970
11316
6229
11258
10068
9890
12330
12036
11797
6523
715
6747
3186
10982
10661
1924
11175
11396
2079
9151
8432
2071
1469
6267
1678
4840
8393
2033
5231
11717
9145
2780
10450
6049
8862
9716
5908
5117
12996
9956
2804
8329
12576
4410
7307
9419
9635
7067
12504
2937
6013
2378
10132
9498
2473
8243
11208
1119
2426
10532
7349
6269
1221
8588
1336
5309
1814
10494
8967
11723
10389
3368
7439
9875
10469
5652
8811
7031
5061
5733
724
12778
969
3995
970
12847
431
5380
1009
3747
12927
3036
1254
12385
12929
8229
9416
6415
1474
1036
6205
2057
9040
9568
5024
2228
598
6314
1298
9449
1310
1666
10289
10348
9791
9080
11821
736
7643
10938
6470
6805
2638
659
2000
8829
9326
1073
5296
3821
7347
1041
1059
9680
393
4442
1057
9684
10150
8131
3284
1974
964
1613
2752
4596
1957
9218
3291
1872
12928
4627
8324
4611
5382
723
11519
12059
6299
1003
11828
11907
7353
5531
6932
340
4958
8979
10722
2826
563
1931
2887
9776
1525
2143
1277
5515
324
9803
10525
10359
3435
12683
5257
3685
8224
12517
2333
5044
8163
10171
7856
5715
7558
135
10933
6681
10123
2829
12258
9939
809
1792
5294
10808
11200
6927
748
6206
1229
5075
12762
10471
11778
692
12642
2416
12519
9872
3216
11753
8538
6651
4025
6943
12419
4134
9669
12933
4930
7507
7151
7445
10755
6990
8461
1794
12157
8530
11463
5567
2668
8684
10631
11905
8757
3246
10715
11145
4623
5119
5555
12990
578
2885
8504
6133
5800
5737
7996
4071
12211
3875
9859
1667
4009
7750
6277
270
4621
11687
11745
8209
2689
6757
9915
7587
10819
2256
4312
6796
10383
8282
1998
2472
9481
11873
12113
12101
5729
2193
7053
3034
3655
2634
10331
12434
2605
5745
1747
5444
427
5639
6918
10875
9332
5005
2574
5816
6416
3319
186
6479
5527
3899
9276
507
3598
11977
9199
6403
7149
3831
6488
11665
1573
9214
4081
3193
6131
12679
9221
12184
5699
56
5557
9523
12491
5588
4778
8784
7337
12866
11342
75
1125
2862
3779
11061
8761
5901
3942
1252
1409
10573
11313
1916
1158
5379
5175
2435
1711
1856
10107
11978
12016
3135
7852
5566
6942
6178
1945
9590
3536
1486
4349
885
5859
12222
963
6129
3108
7787
1054
1329
10563
3138
11693
142
1414
8199
6906
7883
11050
4065
1302
7144
5302
9212
8079
11705
12441
12098
5953
9250
8711
149
5499
5391
6323
2145
3391
12110
11886
6153
8921
12783
10710
5109
7654
8060
4007
5676
11496
1481
7323
11722
8269
9755
2741
12032
12785
8046
5359
725
5923
9887
10237
1444
7505
11580
10290
6867
1475
192
2955
8860
8548
381
11682
1078
6865
2050
1435
4763
2175
188
12913
10117
4088
6300
896
2465
3518
11896
7417
11885
5316
11556
2588
2121
3729
10905
11541
3818
11680
1462
4369
1622
6213
7142
5412
1829
4385
826
2729
92
12034
2817
2313
2194
662
5472
6204
10420
8928
907
5112
3962
10645
1679
7027
12663
11603
8501
6260
8500
676
4405
7124
3167
4337
2863
2557
2903
11601
10591
9644
10229
4436
2373
12380
12953
10039
11700
3754
5864
7102
4657
3416
5460
7660
12552
2962
3910
8593
12999
6981
10917
7930
8855
679
5576
627
633
413
5987
641
3837
5263
3896
8553
9977
8253
917
4788
4770
11966
9489
9404
7055
1173
6015
4638
7550
422
321
8363
10551
8078
5574
71
9033
5053
2919
4489
4336
51
3205
3541
9347
10265
10593
612
11882
9695
4525
12772
10866
6640
2409
9516
3262
6945
2248
7105
9453
8630
3087
9369
8842
12644
3538
3841
8792
9211
5520
9919
1820
10401
4503
1209
10423
12306
12353
11726
4221
526
4462
8437
9448
11194
5266
8897
5211
12331
6620
8750
1155
8800
10230
5845
7639
3614
12672
5618
7158
4559
6871
11084
6804
6427
3362
8990
1515
4648
2542
7606
9306
4888
11182
7407
7817
11675
7465
3182
9110
8453
2604
10950
3751
246
1703
9880
4380
109
9255
11864
12923
12181
5169
5327
1128
1528
12640
10091
8533
127
8535
8242
7182
2676
12698
12794
12304
11669
2316
5326
10991
6622
8104
12789
10771
4860
4241
9553
3882
6607
9298
2171
11949
8742
9855
2434
9883
2580
7108
6661
8038
637
6987
12251
5032
10417
862
5420
9541
8871
6626
9881
3558
6856
6707
10297
7020
4646
12804
4358
5594
4618
1746
8414
4188
6639
4372
4175
12809
9364
10129
1970
2467
7351
10342
6551
4566
8633
1151
1825
4986
12788
2963
1976
9999
11659
7670
5009
1675
12122
9164
2496
11462
683
8635
4037
12650
1669
8277
11141
5071
10470
9692
13003
9884
9512
11663
9931
704
6142
10935
5393
1615
2936
740
2602
11203
10806
3682
12217
6289
6699
9797
10085
12744
4530
12402
5088
9445
2419
5688
8904
841
12
3592
8631
699
7540
2958
6790
2803
10654
10476
12056
4951
11236
3781
7718
2987
8657
10919
3693
12193
9856
6956
2382
3076
6138
8237
10714
8139
12530
10275
12143
2362
7922
8022
4391
1419
6641
9513
2355
4721
5838
2297
10826
4267
2245
10089
5712
10155
6632
1226
3301
4522
12701
4220
8543
10609
4422
3726
9769
4547
2727
10485
234
4707
10772
9643
6070
5012
2500
7783
5106
3746
11412
1538
12365
7093
8779
1499
7073
10058
5890
12506
10859
4708
821
3981
12669
2403
3976
11955
11796
3810
3453
9042
10268
5693
8907
10789
9533
2243
10351
8991
5188
12420
8992
6958
11264
10218
409
9794
1002
8769
4765
9690
7586
7552
8915
7978
8317
5465
7496
10437
2594
580
1783
6003
3048
11727
9709
8179
9902
4590
138
11293
2579
10944
4402
5200
1647
8101
8610
11443
6463
4328
6569
9676
3033
3880
12730
7743
12523
7516
846
4289
11804
6841
12507
8314
5076
4747
8727
7914
314
9736
12758
11080
8831
4054
5888
11793
5034
5817
7800
9496
8182
4899
10424
4584
8032
5484
3407
4501
10367
4190
6296
1956
5507
9928
7959
2707
10700
3129
10003
5300
1017
11279
4693
6743
1786
4423
11742
6108
8827
1632
8083
7117
11899
10955
3024
3272
4890
12567
7501
4067
11970
12048
8103
8966
5091
12728
2151
11689
7621
4907
9046
2376
9735
11230
11849
518
2379
9494
6985
7249
11237
1410
7393
3442
4165
9761
11813
3354
8159
6510
8994
2420
11289
7298
9922
568
5248
1701
5759
7699
9170
2546
10024
10705
5835
12415
7992
6780
11772
187
7903
12429
2315
7443
9697
2537
4183
2332
6087
3664
4204
1084
4475
4136
11405
3209
3529
2357
1906
5282
1250
391
4202
8007
7198
11034
787
8339
12573
8857
12591
9252
1339
9063
5716
8323
7700
2310
10888
11514
8883
7192
8423
10327
8663
1082
11204
6246
1948
967
8071
1463
10723
205
10610
8086
6017
6376
4981
5185
10868
2350
8693
1184
11284
2047
3419
3590
11952
1893
5057
10503
4075
4364
10438
9645
8149
519
10590
12173
1574
10320
5930
3955
12641
6648
3936
3615
11066
5832
6388
2290
11473
9001
440
4271
9511
12453
2331
4886
12880
1725
5584
855
1826
9920
772
9595
11374
2223
12006
3331
89
11653
5654
12115
4399
8313
8265
7469
6283
7988
8206
3162
4806
2186
12323
2585
12019
2796
3515
1440
4688
9932
7560
6163
1917
3077
5162
12726
1123
95
9309
10867
6541
6438
4589
10106
12283
603
3672
2935
6076
11754
3172
11945
8223
5228
12335
5298
9437
5445
2127
8174
12049
12418
3551
5868
6365
1963
112
4822
6652
1231
1561
2852
2330
6677
8987
1547
1253
2814
7962
10399
1616
9550
3919
7433
2263
5242
12736
4184
10134
8802
9370
7943
3187
404
1234
12931
11245
9464
6793
5371
8689
20
7251
2874
1965
8603
2146
1705
4360
6378
4111
5972
4063
4499
3437
2384
7811
257
1760
11453
5230
1287
4068
9926
1403
1862
5927
1290
7256
10428
8868
10603
1031
3256
650
1470
1992
12589
8050
5360
9628
7435
12269
11426
7715
11934
12423
7044
9517
11786
7335
9929
1889
12462
10650
1939
3852
2681
10742
10304
7244
5067
2773
9790
6649
1012
8430
4209
3784
7953
5645
3323
4229
12108
3503
6067
8348
8189
268
3582
10530
7897
12626
12896
4905
6733
10142
11590
7312
9682
12888
2083
10357
9279
11131
7071
5524
6405
11585
3827
3133
3061
495
4749
3361
12055
1455
2823
12444
8716
10686
7807
4178
6210
2979
5184
11956
1090
8371
1371
2772
11930
1213
1695
4647
2031
11224
7402
8066
1979
1220
3280
6653
7403
6938
9668
8250
11028
5120
6390
1294
629
5751
2347
8459
3607
8774
5286
12793
1598
11823
6061
7900
8268
4129
12396
10007
7874
2093
5337
2687
11124
11947
8073
1498
11920
845
12757
4961
1423
10653
448
166
7184
6891
3799
10787
1473
1937
12057
10918
5193
12592
5152
10346
9967
8471
9573
2759
2868
11319
2224
6368
4895
9104
76
2091
11445
12670
8573
11979
265
8191
8307
11399
9771
4469
719
8112
47
12851
6304
12446
1565
9944
12740
4164
2836
10506
1364
1985
9474
1468
6257
3679
8710
6557
6795
1778
8433
1805
11750
8375
1335
182
7727
2139
10242
722
10410
7199
8843
12279
8013
6127
5293
2178
5059
9885
8049
12792
11516
3383
8869
11888
286
7303
7452
632
4730
12749
6669
1972
2555
2130
7559
749
4215
6063
3480
11611
2654
1425
5660
12677
1438
9209
9451
2369
1214
3507
5126
8741
12968
12307
9955
2698
5339
11186
3462
6357
11843
11456
6702
11303
4533
6177
3306
2822
420
3720
9376
11787
2533
951
5624
3329
6466
10994
2386
3966
1211
10153
4144
9099
9081
8286
2619
2942
11235
9323
4965
6590
6525
5628
709
4789
6691
3404
3136
7084
7887
6418
9146
10299
4014
11746
8793
11336
6266
9342
4108
10374
1734
8231
11710
782
10672
4491
7637
3883
6024
263
3992
923
4461
956
6331
4931
5770
3900
12119
4320
2742
185
7127
11229
11646
12177
11370
3860
5031
10964
12422
8505
10804
10271
11891
2612
12221
2101
8572
9694
12864
918
6504
10857
11437
5822
6346
5405
11187
8943
4138
4487
829
1136
199
8542
7000
7685
5143
4080
57
2808
7918
2647
945
6829
7820
3237
12787
7952
4421
3277
10675
6535
12639
2341
4790
5000
3047
3344
6650
2556
11812
1831
8115
3553
11877
10407
10133
1407
6589
6272
10869
4594
7371
8849
11965
7741
3049
10443
7499
5424
1991
5066
7967
11552
3290
3822
4779
9466
10125
12043
10780
8343
3149
2700
9149
4710
10572
3218
2447
1994
9022
8272
8488
4719
908
74
2849
2617
2225
3004
402
5722
11640
1389
3661
7993
12837
10663
8344
6573
2675
6261
10553
3409
9989
9086
8816
8128
8718
9996
3610
3431
9338
9020
9916
8252
6222
7716
11178
9683
7737
9834
12326
196
206
4859
8290
11101
9742
3895
10475
3070
9838
6598
860
1490
2519
9377
4318
6278
6075
2739
12325
10574
8091
12166
12233
12802
4535
1801
8944
10581
12294
11425
10065
7181
6303
10647
6668
9551
2329
2661
2106
8168
1697
10149
7367
6199
4982
10542
12106
7334
4569
8804
6553
2487
4509
7937
3870
7375
329
9608
122
9576
6531
11876
8999
5944
10713
1171
10546
11511
3806
9672
5694
2659
1892
463
12346
657
8606
6854
353
696
6901
6587
1578
9017
6044
433
8621
10071
893
1396
2642
300
3228
10427
8379
7563
8764
1330
11215
77
7664
3113
3985
3336
5401
365
2762
10846
4079
11166
4879
8096
7703
6623
9618
3877
8147
700
6823
4317
8927
1983
3874
1202
8033
5735
11477
1013
4194
12025
4300
70
9687
8785
6993
8703
9572
6502
3721
9220
11014
3465
6876
11909
4245
10249
11191
4915
4645
5732
7995
5307
2006
1312
9090
2586
11199
7674
3168
1043
12716
12655
8157
9808
10044
7340
11051
6835
4540
6631
5573
6710
9502
8166
7954
2541
12559
7038
3644
2025
2636
9084
2672
1612
8036
7627
2272
5157
1625
2097
11168
11684
2713
11022
11555
1092
10720
6613
9961
12649
1259
1422
2136
10954
2177
3869
5343
1595
10362
7160
7308
10613
11251
207
7919
9518
7292
12120
658
3534
10458
9659
11997
11283
134
10677
2318
12938
10786
1886
9490
1584
4935
11190
2012
3924
143
7631
9560
9163
1839
517
12015
3861
9378
5020
2406
674
8858
7381
5521
2336
7860
4295
9013
3982
12885
2545
4563
10324
3026
10974
3975
7491
10400
121
1066
6665
10392
2032
7857
12981
11736
5148
5177
7581
661
6344
5641
5135
10124
12974
12937
1797
8167
6275
8840
2469
5960
1707
12985
12082
3601
9441
10555
2896
11085
8087
10768
8385
12270
5164
4579
5763
1710
3002
6146
8350
4560
8861
3947
276
82
8953
1105
10175
8232
12603
12433
12621
285
1796
10682
7462
5993
5221
8576
8165
3722
1000
9718
8834
1683
9460
3454
4288
6751
4425
7248
3217
8803
10282
5746
3175
1566
7178
6012
4
9658
8874
9414
12970
795
1570
46
1863
2015
946
11207
131
6312
4047
7572
3611
4794
93
3922
2626
4139
2776
6923
7390
1156
8608
437
5078
11738
2701
5023
5264
12009
9154
954
5968
5442
11822
10666
10541
2052
12334
7939
7079
10158
8891
6624
5921
496
4610
3075
12097
10321
12170
6031
3743
2439
139
5671
863
957
5913
9343
10626
9169
7088
9487
10984
11260
7534
3366
12410
8473
665
12412
8328
7721
11672
10162
8595
6212
5939
11407
5837
3308
225
235
8763
8856
7999
4746
7726
2063
434
17
7068
11042
4875
4557
9044
8116
12735
9181
4989
11069
6043
10594
4393
2247
11570
5726
3989
6903
10491
6779
4151
3559
11664
1729
4033
5661
7554
6069
8336
6662
3594
3022
2859
12918
7039
6682
4663
6726
5860
774
3814
6957
3811
4331
3257
12731
1097
11362
10235
9132
11713
11024
9927
5151
2160
9786
2815
12849
8220
2539
11505
9356
7147
8729
7502
5682
8509
12075
7231
1549
2948
10878
9557
2389
2581
4495
6812
8801
4709
6396
3188
9381
2540
2847
6917
6454
11383
9945
5489
4546
12774
838
5986
9450
2504
4574
12319
1191
1392
6083
12908
5356
9271
8248
2828
7014
6560
9751
9749
6428
524
7260
8724
9548
10921
3380
718
12472
2153
11731
10288
403
11959
547
6095
10799
4764
1516
8926
763
2116
8383
7410
220
9109
2477
12599
8562
6356
12593
4362
2909
9623
6047
2226
10182
9324
4712
273
11935
4332
3603
3198
9421
11940
6580
9031
5140
9278
4699
5195
2591
9368
5161
5105
1572
3189
7942
8063
3176
407
11423
12109
7091
1949
6035
4844
3640
8351
5313
3349
1563
1274
1006
258
1282
4953
4304
10698
2367
3081
1668
4843
9140
12457
3840
3220
1434
2096
7263
11921
12601
1167
11638
4400
8902
9118
7246
7619
12510
10707
8395
491
4447
5051
3041
4355
4607
12103
11790
11249
6306
9588
9321
3500
5907
9520
7927
2023
10510
9477
2273
2587
5204
6674
3385
7882
7168
7030
9891
4414
5278
11197
6221
9616
4706
4250
9292
11661
3555
2809
12914
9158
2610
3229
536
7970
11563
11759
11554
5180
2323
3335
5787
12342
7894
8768
6750
1381
7688
3838
8187
3699
4750
8118
2405
7471
2486
12779
5388
9524
9057
5857
11431
8353
8647
4174
1304
12265
8008
2679
806
10093
11671
12884
3479
7405
8056
7547
9702
8249
6678
9071
7109
6655
7911
2692
7998
467
11057
11261
12317
9322
4876
11904
868
10936
7314
12164
2819
10760
7191
183
6308
9660
6933
11384
3084
8360
8235
5681
5219
11276
4159
959
1880
7423
11880
592
1542
10425
788
10830
856
11442
562
12939
5287
10913
12483
6924
2945
2656
11356
4173
5439
11492
10881
2222
11683
4223
13009
9846
12052
6815
6169
8002
5739
11302
4561
10790
3248
8267
2810
10849
5084
451
369
7316
12247
4104
2007
3737
12085
4515
905
8810
5757
3160
8460
7691
12044
9671
8210
8241
6708
1030
2449
5976
12678
9387
200
9545
8020
5329
1779
5543
9966
453
29
11695
2925
10154
2833
374
12675
416
11837
4327
4319
2179
2747
2531
2623
4967
12667
8627
9290
911
5149
8039
651
11315
12607
703
7736
357
8532
2250
10966
5750
11035
5785
7669
208
4841
2560
1035
4500
3901
2184
9457
4864
2561
5224
3234
8256
2732
8625
2916
2616
6585
947
4156
4836
12871
5330
3236
12627
8622
10016
2889
10353
6050
1238
10813
2140
3696
7588
5258
9422
8015
8733
1027
3240
5125
2311
833
8485
12243
1848
8527
4078
10337
7630
4837
328
12343
1240
5958
6338
10665
12562
6191
11429
10887
12841
6724
11059
4955
11242
11884
9949
8359
9152
1380
7290
10527
4909
5603
10685
5495
12568
12852
1258
11377
7790
11137
12080
10128
9705
1960
9941
6208
12566
5029
4819
9122
1580
5436
11206
4897
5687
9395
10545
9136
12041
6778
11193
2971
12872
2221
11681
5218
9423
1491
447
2317
3839
10848
10406
2156
5333
6830
8738
3562
5016
775
3521
11538
3689
10731
12513
3608
7609
1323
4502
3717
5271
1065
10706
2203
10488
4599
2294
2268
5714
1129
11900
5774
4388
10833
7801
12443
9813
5209
45
7488
1717
4147
4851
3683
8976
4692
7281
1242
4260
10138
1264
1995
5160
8114
8825
8662
8283
7392
4051
10697
414
796
10668
4275
11782
5440
730
3060
11086
6742
3201
9678
3678
12292
9467
1919
11917
9894
4695
10445
1648
3783
8759
2471
9795
3425
10502
4263
9756
12200
12722
4497
10745
5153
743
7456
5858
11874
6244
7732
8786
375
7938
1629
5808
1262
1654
12245
5538
5328
6068
2959
4667
11273
10375
9677
11010
3196
6295
10436
7719
8377
9899
6709
2085
8699
9049
770
4032
5506
2137
11113
502
552
468
10396
309
16
2918
12250
3194
2043
5479
1228
2737
5848
4870
8302
4371
7553
11281
8297
9801
5474
7901
4507
4012
2628
3526
2021
464
9062
6604
6819
3042
6480
953
10717
11044
6596
7745
11996
4226
10895
4339
8879
7762
3066
1447
11110
7583
9427
9105
362
3557
12753
10659
10190
10017
9719
7066
10890
11185
6603
12431
3937
717
11575
8141
8296
579
9362
9045
5315
10040
10011
4767
4386
1545
11363
10118
10205
3475
7945
5249
12425
9223
7523
511
11225
754
12900
1143
12045
5602
5433
11981
1161
6045
3616
3825
9728
10326
710
1362
4269
9492
8962
5003
8598
1208
12541
993
1322
5414
2468
27
6394
2380
10844
4132
2960
1659
7187
326
5910
53
223
2947
5902
5447
8188
7180
3857
6010
7025
11438
10556
12316
4703
12094
11769
8887
9874
1560
10201
4887
10996
8245
245
7788
8454
5353
7591
1456
2893
3213
3787
8516
5349
11938
9501
2259
9991
5790
7106
721
2607
11520
6883
1502
4427
1585
996
12954
6977
123
11076
9102
2319
7265
3333
241
7544
6617
5725
2196
11801
6826
4310
5239
10352
9417
8219
11238
12397
2030
12249
12577
2981
5217
6109
12168
3238
3275
5063
1644
1952
350
7504
10254
1004
11740
8409
8583
4179
6305
4307
4891
253
6098
2798
9139
6672
10277
3156
259
421
7768
3287
4637
12361
12695
9535
3612
2119
5593
6226
6925
499
6447
11848
2568
8885
3842
6670
3293
11500
7528
7845
1314
2340
1150
4227
4711
3477
8614
9626
1165
8765
4367
11697
1034
10004
10564
7317
3428
5346
7227
12064
7357
12144
239
3624
9008
6011
5803
10743
5801
6328
5755
472
10018
2902
8170
9367
12206
15
12666
12600
428
1179
557
8920
12219
6667
12288
9454
734
4797
10225
2950
7261
7734
10281
4798
5172
11914
4284
2576
10088
2961
5464
11748
11901
6448
1837
3316
5852
12887
12771
5208
2490
9752
1869
4609
9876
4620
2694
12399
1127
8753
6144
11591
4315
7590
1216
6940
6173
4137
11379
12619
7473
6610
6103
10670
9510
9937
11721
4854
1646
11451
11054
5017
4287
11768
8347
2982
158
1316
7931
11489
682
7215
4979
6518
9538
12625
4689
4321
6232
9982
6132
3266
11065
3556
4446
7526
7891
11056
2476
8835
10989
8964
7225
12643
9133
9528
12868
12613
6540
2786
6491
3804
12290
2649
11798
9642
7085
1961
3456
1086
5171
12658
7111
3089
2682
4240
7128
8795
11561
1982
7273
5870
11941
469
3494
8384
6857
73
2611
4066
1715
5686
4834
11887
3152
6806
3379
3850
8422
8234
7641
204
6646
1245
3124
12815
3662
4459
3713
5963
8406
3843
12012
8026
9495
3001
1803
5642
9918
8778
874
4820
5434
11339
10942
5212
9317
10557
8148
281
2910
5947
12092
396
9047
4350
9413
1642
2123
11809
5192
6680
8436
10050
6520
5237
12241
1113
1601
12502
1534
10637
9396
9799
2691
1432
6089
4031
11699
1638
952
12767
1685
401
9723
3321
9992
11589
9729
9604
7345
2575
4608
4717
11764
2345
8594
36
5270
4197
11728
11388
3155
12548
1284
7955
2640
11667
9667
8618
9131
11325
6642
3389
3417
9845
11716
9091
1273
128
6887
10473
8089
10493
10098
7477
974
8665
4603
1437
10639
9231
379
10641
4297
4474
1899
5807
4036
3628
3719
5121
9032
3674
2526
4440
2520
1866
2720
2296
8298
10148
2975
7311
11064
