11403
4325
10671
10386
6180
12090
1007
4680
11209
8440
9204
8794
11111
9529
2185
12995
3387
7865
4334
4657
11475
1180
2004
1627
4514
8780
6846
8062
6238
3062
3281
7956
2818
12096
6685
8486
9111
8855
7554
8263
10704
2663
6805
7426
12627
11266
3288
10725
10395
4658
7342
8473
8479
11411
540
5375
2090
9633
8273
9213
12238
527
7326
7888
7548
12618
1385
2062
10858
7124
2997
968
983
6602
337
10643
12810
8211
6453
10308
5894
7195
2536
7687
11169
516
11693
11923
6325
6867
11472
5071
1553
11767
12683
7805
1561
8875
11225
9905
5085
8790
4771
4787
8236
11414
4788
8861
10622
9002
143
12356
564
4357
4380
6414
2809
8751
8391
3119
3136
7679
10722
9315
10912
1748
515
4401
11277
8659
5186
10897
10330
8935
7971
12802
3041
6702
1686
7794
1254
10721
8010
98
5997
9707
9458
9602
8839
6543
8713
7008
8148
4484
1551
11878
9262
11021
2841
5989
5117
1307
12121
7076
8873
8259
7639
3781
12182
4625
2392
856
160
6200
2478
2747
7296
2202
6555
4739
4824
2157
12908
7242
7595
2620
303
2222
8709
12976
12738
10487
7018
4853
124
3715
12644
12790
11725
8137
9266
12596
3400
8311
6404
6395
11476
9186
4200
6066
9449
11521
2734
9837
7283
12816
6855
851
9784
4520
2564
8335
3427
1669
4900
7586
9527
2959
6101
12739
1672
12
5535
3622
8910
8449
1315
9013
6308
5135
8801
4794
6675
6149
12643
214
83
1936
4195
5667
7982
11753
7509
11804
4266
8105
2027
2040
1650
5435
593
2713
7642
6289
3308
10270
8549
3396
7758
11002
4032
5709
6505
12864
10015
5098
7898
11180
11044
9095
6621
7374
9043
6896
11500
7892
11446
9916
12494
4758
12897
5497
4617
9320
1297
3693
1124
1301
8542
7015
1284
5123
5896
1728
81
1349
1247
5332
6705
8237
2365
9136
7932
10817
3765
6828
8516
2846
254
4888
3695
6847
7788
12295
4323
1750
9349
7466
4184
5254
4318
12264
11135
9206
4789
8907
6502
5960
6508
7872
12589
2425
4057
8853
12318
8770
10030
9271
6168
10334
9037
4634
6756
5816
607
11412
7742
11699
8474
10928
11824
3724
3674
4565
10468
2011
10324
1935
2195
5095
12338
6108
1021
2785
5208
6793
10009
9644
7173
11489
4731
1288
11043
11602
11032
3067
3831
10798
11566
594
10504
1384
1860
11643
9907
11013
7336
2730
7867
424
2921
9089
9456
12564
6571
11605
1328
7630
2343
739
7344
5789
12421
7243
9277
5077
3846
3514
12280
2247
13
3024
5203
805
12403
9264
2554
3154
6412
9247
11421
825
6939
11443
11208
11399
3872
6887
1218
8257
12749
8083
8042
6802
10266
3465
10955
6051
11724
2252
8610
4000
12214
3992
9447
673
12530
2125
10183
2236
9334
6570
11039
7697
11915
9962
12263
8852
1939
3026
920
6138
8253
6134
10957
9989
7792
3851
10719
4148
12143
7686
11910
12569
6519
10199
1018
9807
657
3090
2319
10549
487
352
4755
12226
4131
10231
11365
9346
3712
651
12568
901
8598
1242
1789
12767
5153
11869
5202
6523
12139
4772
818
5658
9108
7232
11082
7091
1428
450
10048
4065
110
9743
11822
12216
5618
5494
10902
7573
5646
544
5134
2760
3660
7929
1085
7986
10194
7975
12369
6953
10559
1858
3964
10517
6387
9596
5837
11866
7823
2534
6127
1861
3477
7646
3008
11617
26
5028
9060
12362
7674
747
10078
11025
8338
2147
6320
10778
4967
6004
1130
8771
9357
7972
3792
1170
12948
6579
11568
11932
6707
9768
2510
8444
7213
5867
1677
6832
31
5647
3488
9212
656
12468
6107
1908
140
10346
10122
5698
3892
12827
5766
12812
3962
5802
1047
12484
7843
2059
8059
5944
7460
8199
1154
6514
6082
11311
6782
4525
5795
7946
4192
6454
6853
2354
862
8969
8023
8017
57
3705
9826
2799
117
8290
9721
8226
5536
7684
10662
9418
5523
7148
2277
12272
12442
11113
7368
11211
3093
180
6760
6455
3879
8561
5682
4906
7924
9738
3222
8805
10599
1449
11183
7291
10327
86
7578
11792
3958
12007
6250
1510
2092
4686
10389
4
438
4333
11592
4342
6239
4563
8333
8903
10890
131
10089
9816
5931
7567
8866
11436
3345
1001
9220
12955
10256
6403
9848
11272
4646
1965
2881
1287
4587
6488
5163
8106
6700
3807
589
12395
1069
6788
8537
10731
4383
908
3210
588
5456
8904
8179
12824
10055
9763
10208
7546
6921
11511
11700
7223
3309
8732
9548
6214
8945
10283
4413
12476
2433
3130
6941
7653
3483
12511
8779
4929
4874
12979
10718
6419
8909
1692
9101
9539
7129
10842
2283
2508
6737
10059
9482
216
9576
842
7812
7993
4950
10682
2129
2201
2607
6231
2750
7847
9084
1370
11886
5509
10240
3380
326
12554
5451
358
2729
6927
1685
10571
10755
2800
10317
1160
6057
10040
5562
9328
6170
9338
11140
6241
12954
9071
6900
8531
9656
12840
7965
7776
859
5722
2326
10926
8053
9578
4123
9197
10800
38
5216
8061
10165
11041
6461
5039
6534
10382
11053
7328
3449
7371
11478
11857
11607
3780
4277
11151
8884
12082
5292
5990
10087
4997
10509
8375
9070
5921
10198
2128
4118
12141
9703
4861
6719
9022
7267
3590
12878
7702
7728
1605
12387
8677
5458
6909
12945
4896
1131
992
11147
8301
8461
6299
5840
11638
11739
3507
6207
12345
2638
5788
3769
4857
5474
2192
11129
6706
7534
9642
2744
12846
1071
3307
10302
7996
4752
12895
10910
5279
3070
12536
7937
6746
5727
8710
12967
1870
779
5635
8012
8517
12417
9806
8050
2076
12440
7240
11046
12671
637
8591
4659
11033
5049
5793
1790
10706
9715
3194
12740
1599
640
6437
3710
7317
3491
2019
2105
5256
9804
10163
10809
10960
5961
8401
2505
2194
10117
9660
3412
4532
9415
12632
11987
7108
12219
1653
122
11900
11083
2093
9998
8418
7100
1405
6904
449
9209
3265
3102
7520
7889
2761
3054
5913
4882
11672
9932
10054
8595
9758
5023
5553
398
113
4807
306
7266
10436
2254
3368
7961
12120
5748
10889
10458
10433
1300
3582
2860
344
6606
7673
9408
12127
11832
3972
9782
2120
6843
5554
1545
5130
12537
4407
5345
9480
3620
9460
1687
9600
8971
547
11939
5779
7459
12288
2986
2389
8691
8129
10064
6826
5708
12452
3713
5653
10211
6048
9772
2012
2409
12000
2767
10224
12527
8138
9369
3470
3587
7861
10097
10065
9924
5150
3221
12971
1580
4044
5686
6765
5902
1395
4042
10564
7516
12114
5845
7208
6203
7156
12281
2231
5297
12342
3979
8421
12396
6287
12142
7416
10155
11400
5241
5841
3991
5309
7057
3906
7885
5868
9296
9183
687
1654
10636
4543
11917
7560
9429
8700
8785
12776
7401
6474
4121
10646
2591
1243
6627
10924
1219
1771
1053
11118
12832
11333
1048
4425
5764
10658
8908
12778
9567
5916
6716
972
4989
12651
5838
7791
10123
6467
5072
3935
11537
6754
1995
4433
9077
4488
4741
5465
7838
5907
11098
5025
12620
646
3321
4519
1434
5828
5908
8597
5240
9403
4264
4679
4239
8282
7744
1898
12529
3330
6930
3126
6862
8619
11544
9142
1866
6667
10625
4321
12451
7470
2051
6965
9126
6210
914
6014
900
10988
4271
7136
1592
1168
8759
8576
5483
23
8987
655
7784
1642
5037
11598
8024
5844
10619
1507
2924
6791
6964
12839
8136
11081
909
921
1061
12155
980
10124
5493
91
404
4934
9479
10650
8222
7115
338
475
10638
1711
6039
1401
4597
5874
4577
12355
10990
11645
1342
4385
11929
1916
2596
12191
6547
8715
661
11926
6839
1656
3133
2491
1118
5147
7795
8502
7387
9050
11308
6695
12711
8291
11993
6531
10779
12890
6271
2306
9796
5362
10146
8932
12126
2650
11000
11190
10501
7284
3484
8736
7737
1156
10481
3166
5080
9974
9001
2546
10885
6792
4364
9689
5166
4570
7149
11847
7434
10465
1490
7261
5922
9688
4159
385
10096
6665
443
12973
10413
12645
4098
7858
3227
5199
2316
8130
7014
3773
9459
7250
9176
3959
1586
12074
5564
4689
690
7928
12282
9075
11997
11451
1648
3762
5936
7
12197
9544
6008
3860
9755
10425
1932
2035
4155
1725
2189
8503
9076
9098
11655
8562
9251
11418
1334
3285
7486
4395
8811
6406
1415
4504
9554
11158
1941
7713
878
8807
2443
6164
8826
7887
789
11143
1002
11703
10057
11156
12017
2705
5804
7157
10815
11898
8674
5881
8247
9110
6565
1576
8775
11034
1177
205
834
3398
2756
11986
10169
4710
5321
12157
4452
675
5561
12011
1634
1885
10837
3598
10970
7768
1258
8951
9138
410
7799
12629
4329
3261
11756
10873
11648
1613
598
11484
8540
1614
2486
3094
7585
2193
11055
7600
1969
4473
10060
11480
6104
2016
9558
4355
2511
9506
4056
1060
1139
11627
3659
756
7187
1809
7498
11316
1398
8974
12588
11757
6708
6375
824
3433
7111
10277
7391
4206
9295
3757
12785
12060
4326
4183
12667
3089
3083
3393
6366
452
5107
6718
8604
4902
4423
3734
1417
8815
11600
1957
12365
9327
9316
1684
1643
558
9485
3624
11144
8643
193
3015
8973
8356
1204
8930
10470
9453
2624
6790
6378
12180
101
226
4228
10269
5818
5084
8573
3313
3691
6073
3531
11406
9314
7179
9825
7030
1444
4278
1034
7570
12242
2996
5054
7813
263
2927
6425
659
3867
2088
12978
2299
11
11851
9959
9455
10616
4252
12809
1293
5434
7158
1394
5752
3703
4985
4135
10500
12756
9005
10239
5900
12175
5975
2479
6245
11565
1097
2190
11121
1925
11325
3986
3917
1706
12582
10430
4647
11839
12544
9507
4793
11072
8943
2782
5419
7424
5511
7275
11921
7408
4583
9838
22
2763
12147
5972
4632
10379
5873
5547
6834
11664
6739
60
12149
102
11914
11483
9011
1187
9655
7901
10686
3802
906
6424
6812
3276
5592
10245
7345
2507
7860
9124
1476
2198
9286
10115
376
10537
7566
10694
10338
3077
6352
272
2884
8055
4188
412
1056
7806
7210
4916
6355
210
265
8181
9347
11015
11375
379
4768
6611
8669
11174
7292
6468
685
9534
7171
3975
11763
6063
4346
4026
9437
10630
12927
3927
2531
7851
9014
8698
6770
887
9129
8216
10696
7343
9490
5909
2738
4412
6067
4887
7764
11490
10325
3837
2397
2957
3828
12169
6914
9800
12604
7233
4869
7065
1376
11157
2938
12379
6585
6958
446
6883
6604
9386
6798
1281
6643
7669
11583
1664
12863
5381
6630
5898
10351
1262
8848
738
172
7445
8989
7726
12037
554
1837
1058
10304
9343
10246
6817
2145
3179
12731
2906
3971
12038
6280
7048
810
9205
8455
7532
12906
11532
248
4451
9867
1513
2500
4662
9607
5075
6929
9930
5348
9434
11106
12499
4770
5444
406
7457
2563
7475
5200
1726
11761
1468
11771
8571
9423
11983
1612
12496
9363
8152
10674
139
9711
2905
5925
993
8937
9790
11164
298
3320
9168
12975
7270
10535
8615
11777
8865
2576
8187
10427
3537
1372
10726
6679
11513
6088
4078
11420
7779
4757
7535
10424
8287
11591
4293
10172
9243
2892
4296
3776
1818
2588
11073
931
12152
11581
3709
4116
5121
195
4020
13012
5586
4099
9640
10961
4694
7017
10349
4203
1418
12068
7849
8716
6321
10608
11632
6850
11095
7620
11919
4221
9934
9395
12958
127
5986
716
4316
4052
6568
3808
5827
12213
5657
2064
4220
12524
7454
165
264
8733
7019
7373
8949
8611
8728
121
566
2436
1327
10369
5277
4884
1373
6647
1257
5695
849
7977
10716
7704
2474
7770
4765
1640
1346
6851
12669
6392
7230
4189
7163
6140
635
9598
4905
8718
11678
5685
2848
8529
9530
3159
2340
9217
11117
10929
4498
7514
2866
10756
9815
2439
11220
10081
9259
1717
3924
8168
10290
9586
3677
6784
9488
520
5013
942
6915
1245
1897
7031
6305
11167
9153
7372
6601
1943
10046
12447
3004
8155
5654
4651
11350
897
2934
4850
8558
2894
8009
2787
3456
10764
3342
11789
3595
5323
1773
11712
7672
11861
2844
8633
3639
4530
1100
7676
10536
10792
12367
10741
6185
9287
12715
1537
6849
5664
3793
8221
11853
7797
5405
3080
3898
8890
11237
8180
10476
9900
10090
8679
11524
1074
4636
5798
2461
4705
1812
11331
4103
8555
6089
8617
3637
3752
11488
8151
7916
3045
10414
11023
12919
9902
11088
4881
9827
6450
12723
1387
3162
7448
1133
6694
9454
8274
9028
373
6646
6244
7774
5477
4948
3675
12206
6870
9041
4440
3384
3268
7821
6179
5548
3200
3635
9737
11256
6726
3193
12788
2079
1928
5211
5633
5638
6698
6137
7239
11024
11938
5927
4012
7423
2833
11631
10794
11913
4820
12153
4259
9504
7271
5508
1579
11660
7508
5703
9895
8032
9680
4235
10857
4963
4031
5033
8113
12586
2754
12394
785
9389
12728
1583
12680
2981
7165
3487
11885
4338
2086
9984
1763
6229
1208
310
10058
2489
682
11704
2726
215
3096
162
1668
1409
9550
3833
12107
12666
12406
5861
12684
781
3046
4852
3737
7447
5366
11252
10586
8554
10864
1986
1762
1192
4571
9505
12574
929
9917
9844
6512
12899
9972
4969
2880
7164
8322
10708
4556
10791
5872
12091
7735
7608
5747
12903
4356
8546
3826
2768
8936
10635
2680
10503
2887
1766
2132
1849
1220
436
12994
5584
12119
4534
539
11134
12401
5255
9525
362
7352
8603
10665
5521
8490
309
5507
8877
3381
11799
5439
2949
4105
6866
860
3791
255
1701
8029
224
10560
10337
7640
8742
9157
3494
2876
9032
11291
2973
10252
3141
11783
2233
11107
9371
6629
4238
10803
5693
11298
6121
9565
1808
395
4633
8092
11444
12545
8295
6874
5977
1735
11049
13011
10363
1347
3350
1065
1329
3611
12308
4115
7338
11974
8072
9939
3895
3506
12708
10127
1406
12083
11137
6767
7732
833
1355
570
524
503
11749
11148
11743
7941
3739
1392
4069
4324
10159
5563
4147
8791
11623
2462
10878
12150
3566
3340
4528
4289
7555
11984
4908
3850
5609
4940
5475
3056
3343
4455
7745
6948
4818
1755
9555
12792
2671
11823
2675
2520
4048
2746
4068
3310
2055
6804
3584
10244
3073
5460
3385
6485
7026
6341
4426
7738
2589
2550
1439
7793
12485
7859
2839
4603
456
11322
11830
12508
12633
9128
10594
1453
8331
2072
9762
10449
11735
4729
12936
12931
10262
811
2557
2698
9192
10367
6253
6569
1066
7998
8850
7131
11328
377
2886
8996
5525
11636
6693
7663
5124
11193
9708
6704
9622
3740
3332
1718
8743
5543
10237
1441
1239
9561
11058
3029
5027
4779
8552
7589
9956
8986
12378
11299
2864
2633
4224
3883
5512
5786
11630
2669
11130
2598
7536
12638
11086
6830
765
8721
2645
1859
5763
1857
6483
6920
4953
9657
386
6027
7012
2677
7248
941
1193
565
8680
5769
6876
6001
11612
3391
9897
1702
11413
1705
285
12807
7011
1158
3711
4738
10490
2440
10218
1277
9979
11159
1793
1555
8270
2719
761
11971
11222
1109
776
774
7222
11185
10592
12915
1019
5700
11445
5171
10234
12867
10098
6677
11906
6615
1509
4267
11554
9632
5363
11769
6882
8294
4566
6391
1378
12730
866
118
9960
7084
4994
9874
2548
9348
3420
2377
7192
1922
7521
1000
12963
1709
9276
1590
9667
3414
2984
3987
12220
3669
9249
5281
8587
1331
11454
9472
7482
11201
1462
9876
6093
1722
1798
1275
10508
7960
899
8400
5772
2496
10230
1498
4014
357
11463
7451
12254
694
6820
11182
8825
179
6339
6235
1784
7593
5488
572
1313
6891
10129
350
1107
8195
4213
10305
7528
567
7403
10774
11457
9332
4468
10286
10176
7699
3234
9820
10154
2963
5173
2947
6589
5369
7089
11931
2764
4109
12710
11559
9545
7610
10482
7890
2586
9045
709
9164
5759
5045
4606
10923
10836
11165
10049
10445
7749
3681
11882
11097
10362
4414
3670
10192
4312
12184
2373
9641
5662
4367
11469
4491
7323
11738
10856
4718
7939
9301
380
6153
9563
5454
6789
11641
864
11020
4804
1264
1775
4470
8285
10519
8456
3446
5346
2154
6893
10784
343
2134
652
9502
11170
8060
7078
12411
3165
8043
1178
11187
12109
11790
8572
8465
3274
1270
2242
1848
7590
5940
6633
7161
4733
7313
10217
11585
12426
8976
3678
8139
6393
1080
3142
8602
12205
9801
175
12676
4141
5370
10927
1720
6058
10767
12794
10647
1828
2442
5102
2181
8530
9618
8551
8630
4408
82
7689
1886
11346
6176
8387
7227
8395
44
5734
8412
5595
12296
8653
7617
10515
6267
4177
2745
9201
740
9850
297
2428
7763
9026
2069
2450
8858
6152
6446
2978
1815
3799
4715
4759
8816
12473
7550
9584
1955
7777
10069
9163
8054
4359
3707
11087
11376
809
1215
8707
1020
10793
2464
3689
1344
9066
2197
10854
5313
9094
8435
6122
3565
8703
11555
9851
8478
9547
9589
3049
9887
1237
3606
5053
10973
4153
7512
1558
7249
4931
6970
4526
4174
4833
939
100
8745
5232
12131
11596
5259
7724
12244
667
978
4928
5300
3390
378
10128
7875
1045
9741
6720
11867
6249
6597
10440
8501
8276
8411
12870
11359
6762
8574
4983
5205
4487
364
2445
5590
4835
11385
8968
12340
6344
9786
6566
2538
6031
1550
7005
2282
6442
3868
9631
6298
12062
2054
12848
10005
10401
6409
6861
11618
8934
12614
4315
345
1057
2856
8583
9938
5651
365
2991
5057
12036
9244
7238
3855
6322
1051
4907
4644
6949
4903
479
268
6264
9354
12385
3663
3900
5767
9846
11809
10939
493
12520
5790
9852
6071
10668
3144
9734
12034
1079
2376
12765
7001
946
7134
2104
5149
12764
2840
1115
12681
9728
2637
6806
1752
9261
4035
11768
11320
8841
8638
8553
12944
2460
9122
10894
5639
718
5376
12685
236
10323
6184
12625
10416
3651
11459
6875
5756
8206
11321
5656
6541
7966
320
6938
232
8773
2790
8469
6270
8078
12235
9748
577
11304
1628
10193
4247
11903
25
4516
11344
7641
12668
5589
4073
11213
3233
7992
1454
11673
2693
910
10945
1493
4150
3648
2140
6626
2314
4186
3563
12193
4462
5406
6962
3899
10510
12539
8559
10612
11210
9091
633
1514
3893
1655
680
5820
10462
8644
12793
6202
1691
1946
413
7648
5814
8488
6012
10518
64
11486
9462
10841
11656
5983
712
1703
7657
937
11515
3187
9949
3667
7715
5504
2891
1146
2482
12251
401
4152
5172
2673
790
12737
845
10540
8862
11092
2597
4122
7500
7404
1469
2908
1228
4492
9305
6407
8550
595
1993
6038
10859
1182
2832
3135
10148
12970
11059
3263
1964
4055
12229
11154
11437
10109
10149
6556
1338
63
6384
7301
11362
9958
11429
3618
2651
6515
10852
4668
940
676
4843
1850
12084
4611
8950
3632
3181
1800
12542
5008
12548
10685
5514
6890
6809
11257
11030
12278
12129
2502
5946
2390
6119
11855
10634
1544
12148
11278
7069
11067
797
2108
1213
4030
3331
5385
4132
7936
10850
3918
7138
9159
1779
1974
5073
10387
7906
3082
2717
12383
2353
4518
11509
3091
6963
575
11849
10766
8368
11550
11758
3608
2890
5214
5484
3081
5771
8215
12752
828
5229
9496
10247
8693
8442
1624
10126
4798
9885
2032
3834
3267
10871
3434
6989
10620
6724
3425
6940
7707
5399
7970
10083
445
970
11797
9543
12319
3273
1433
12891
1042
12962
9282
10443
10448
8740
8702
3355
5901
5304
12471
5253
2533
613
1792
10085
8844
9154
7066
12983
2556
11122
12464
10603
9019
8147
1938
8385
6885
8336
1485
5177
8278
7306
1734
12443
12533
1430
2716
7609
10471
3359
2015
3708
12996
7643
11064
8924
7474
6923
9771
6595
11661
459
9740
5464
12405
8655
4960
6072
5041
10813
9189
2849
2453
10215
114
574
1633
2822
9978
1635
3830
3613
4290
4769
526
8107
12105
8620
6955
8203
7503
7183
6669
51
6500
1588
7356
10642
8175
1464
5663
11233
5243
3673
3103
4043
3109
10735
5891
9146
12661
3873
11387
6771
596
5391
5120
1266
3178
5948
1125
3018
616
1871
2099
9918
11810
9636
12782
10971
8020
1229
1942
8832
6892
10828
4009
10526
12713
10197
10769
870
159
9747
11694
3526
8475
1040
3122
3941
11973
11877
6982
4690
2710
137
4332
4319
11217
4507
597
10315
10520
6240
2348
3581
2585
2628
5404
12999
5284
7481
684
1450
12873
5227
11531
9634
4669
3961
3140
12221
2466
4362
8362
8153
4593
9783
7632
10343
7357
4481
5823
12813
11962
325
8417
2379
10371
6208
7096
8584
8471
7094
5373
9976
2358
1137
2122
10569
4521
10876
1907
1337
512
4421
8798
10376
8133
9246
271
11163
8281
1541
10688
3376
2629
199
283
7189
7114
12112
7363
4074
3171
2559
9795
3735
5272
340
2999
10236
7680
7743
7346
5112
3431
5579
4797
4621
2161
3019
6478
6255
10339
6710
7383
10201
4311
5082
695
2339
4736
2712
4795
6262
1231
12602
11273
2067
12584
7844
8509
2336
10783
1795
2139
296
8161
3121
12137
6612
11056
4245
3796
689
12353
6659
7895
7953
12766
237
3007
3476
10405
5808
10505
12523
6182
7330
1393
8339
12359
7396
12672
8661
6343
2555
8684
4812
1299
10879
11452
9284
431
7694
1950
496
2034
3369
11377
12871
3719
11498
5581
12486
3838
8612
11312
1471
5503
1014
7236
1164
12192
8870
8299
8162
812
6550
152
10473
8654
5184
11587
639
12687
12253
7710
4964
5911
5843
12303
7700
9317
11203
823
9911
11718
9487
9946
1689
1501
8342
7506
7655
6983
764
7607
9882
6967
9107
12130
7127
8197
12880
12419
4119
3358
5865
6977
2290
3593
11614
3694
292
5490
12933
3493
10050
11481
4227
7211
2325
11644
5895
382
3485
9428
1865
2039
11625
3269
10652
10959
2096
1366
6189
9923
8360
12607
9358
163
12015
2115
10384
5097
788
501
3151
12350
5099
5306
2627
11657
6002
6794
1568
6416
5386
4088
8882
8784
12503
839
9170
397
1676
12393
2002
5291
2211
10550
8984
3016
3301
4922
4927
6652
6768
10275
7062
2718
11930
2821
453
4225
12922
4354
8416
8652
9727
7358
12543
5421
2467
7802
1420
7446
492
6673
8632
7141
5534
4127
9149
4120
2313
3023
11946
12075
4901
6435
7880
11497
1232
12546
4483
7782
11746
1980
10119
2286
10673
1515
5440
853
3976
9234
7399
11035
4590
8864
7133
12695
5500
6763
9765
3177
4060
10307
821
8415
5910
12380
2089
2793
4549
1280
3341
11161
11109
1988
7228
10164
99
10776
12806
2005
8872
1564
12285
8232
1881
3517
2789
3554
6990
4308
4527
4973
5167
10958
6751
267
3454
3521
5711
8364
1447
497
4292
8087
7000
1874
5739
1027
2777
12573
8337
11294
9483
5614
2514
4596
10411
12228
11050
12630
74
7052
1472
9435
10651
8314
3923
3551
7199
7645
7825
3569
1875
1820
4774
6856
9143
3782
5855
4508
9004
5410
3246
8902
8
4754
8566
2535
12049
6445
7954
9463
2431
551
2842
5648
9202
1727
4251
2979
3926
7225
12172
8067
5034
4879
1181
4609
9339
11108
8705
11085
3291
1721
11419
12847
4489
2444
6769
3729
2630
3774
2366
8880
5189
2068
12424
12917
9722
6972
9733
6906
5231
12849
6091
2837
8483
10695
9674
12252
924
7727
10406
967
11309
9692
12330
11263
3295
9210
6035
1249
3505
8150
468
10291
535
8225
2762
6033
12218
7386
9193
6266
3283
5059
12211
9274
9104
10714
4891
5296
7656
10697
12990
1094
10733
8894
2226
12412
3609
6577
8266
5697
12515
6342
9083
10202
8262
1460
12103
11764
6727
9719
10964
8319
8668
6549
1862
433
11230
956
219
985
1358
2517
753
9184
9079
6377
11534
11745
1429
6582
9742
10008
4373
9225
5344
212
4830
3835
9385
9055
7881
11890
7614
28
10937
12195
2577
9291
5312
5851
3134
3460
7097
2714
8238
3351
9847
6952
9582
8518
7660
7212
11561
2617
1520
3466
13001
6247
7207
2303
9166
12044
12259
3525
16
952
6065
6728
9585
12332
2106
1741
6347
3604
2355
9787
1504
8422
10983
8831
9227
7631
2911
9044
5720
8722
8706
11908
3968
8636
10949
9230
8560
2942
7760
11286
327
6466
2943
1731
2469
6545
4678
505
5318
10101
2929
9442
10300
3057
10940
8434
10131
7025
171
6029
11613
4552
885
10717
890
1292
5295
12837
12337
2182
6160
1930
11186
12746
11089
7409
6147
6188
6649
6024
7449
8834
7288
414
9256
11094
7029
11102
3053
34
302
2083
3422
11619
819
12434
4899
87
8849
8524
5829
12696
7256
10041
5093
1323
961
12952
9793
129
6494
3696
6205
10168
10527
8963
12176
6504
9568
9119
4053
3995
7421
8380
4265
12022
857
2422
9199
3352
10825
5302
12900
11262
3286
10997
6215
8683
768
2457
12924
9073
9898
2227
4240
1216
1593
7492
3989
6499
826
11192
5842
3124
8972
8892
3196
9945
5943
4828
2412
2570
2549
9551
8066
12938
207
4682
6261
12133
8318
75
11998
1432
11189
8946
6237
321
7045
8484
7329
11589
6886
10082
6334
7194
10969
4352
1759
8021
9195
12321
4732
8070
913
6524
9007
12595
11416
12276
6232
2305
11494
5282
9368
10342
10899
3315
500
4822
6367
1931
11395
10394
2317
8657
1112
4921
12430
1159
5545
3827
1646
11232
3788
8835
7822
2084
10677
3418
585
4004
341
12605
7568
10161
12052
286
9761
2272
9982
3051
1523
6660
8753
11901
3541
12408
3894
10010
11314
2728
11287
7263
4629
231
2560
2342
8766
6985
7935
660
6683
11894
32
5552
9100
7671
8174
10558
2309
528
8800
1345
5368
1589
8183
11342
3117
5856
2164
814
3293
10006
6786
1699
670
12399
10222
9074
8895
7253
6709
11468
4175
2421
9174
9512
6956
7428
5993
1824
5209
11948
10457
3664
8208
3701
4856
106
6873
12655
12968
6319
7439
1768
12907
2753
8556
4871
5042
10297
7933
76
4424
6257
5043
10543
10657
627
4282
11518
2180
6729
12557
4778
9401
1749
2334
11390
4581
10455
5869
6076
6279
10810
10576
10484
2156
5207
6513
7120
991
9439
6496
2601
631
6052
8491
6036
12073
4049
10819
9465
1675
2060
7458
1304
8671
8019
683
4170
9222
9803
2752
10976
8688
11658
4691
3558
8081
6436
9948
2350
8734
11685
4045
568
6371
8242
10415
8563
8396
4608
3549
5565
2639
11688
5985
9658
4178
11805
702
10595
3175
973
6317
11808
10303
7729
5132
6144
9359
4358
3490
10167
945
8649
4353
8403
3824
5926
7807
11795
3856
9839
4471
8382
12984
7053
4726
3853
6064
11319
6772
5310
2613
5676
5128
11958
11176
2221
648
7561
5472
409
12918
7143
12705
3338
3149
2797
8891
8144
8093
12942
8752
9699
6283
2686
4773
916
7140
2741
7808
10577
5978
10314
1183
3079
8543
8004
11244
8377
9237
2813
11245
1878
5721
6041
6594
8260
5322
8897
4149
10590
2852
2640
11293
509
11114
6183
1005
11005
10953
7564
7080
7334
7810
3548
9950
8570
9088
11076
6047
84
6986
8723
12610
2952
8101
905
2187
9139
10851
3596
1400
7121
3417
10655
6025
2857
1682
5457
2223
6475
8261
5717
12165
4737
6113
12325
1134
4984
7385
4341
3009
5640
12030
4796
4125
4918
6221
12077
3474
936
2333
7855
9878
10284
2672
10072
8600
4675
1733
9626
8381
11398
8545
9702
12701
2498
10892
12088
383
5431
10171
5932
10248
1737
4381
4829
2621
1129
12773
5783
7864
9169
2249
10528
6497
3665
6951
3928
7507
4996
7272
10422
1317
3229
3909
1745
6607
10563
4588
3699
10626
7659
8359
12479
7587
1475
11051
4569
5486
9383
12483
7293
12637
6838
7753
1663
7963
1096
2581
12135
12289
10359
9892
8272
9063
8521
3242
11552
4345
7987
10838
454
3339
4783
5349
3623
9484
1987
3064
7259
2828
9500
7926
815
5702
9947
5476
11726
12841
2280
7160
2288
7276
883
8757
6421
3806
9746
2654
6246
9102
289
9609
2988
2626
1844
1742
1710
4306
2455
4639
10748
1891
11936
5275
3498
4933
10263
65
5905
6338
6402
12032
1681
5665
7075
8921
9326
9302
8470
9913
846
9039
8176
6961
1290
2946
608
9427
5887
10749
12339
8448
184
2345
8666
2951
7206
9051
5612
402
6471
8658
11806
9187
8564
3145
11527
5139
7209
1678
12108
2569
11427
8394
4971
10544
3736
11717
6713
5365
7778
12830
2494
6613
10788
2480
3185
2130
1391
9322
10751
12599
1621
5643
4512
7868
3039
6219
5781
4704
5848
8588
9613
7654
7117
8672
1023
6044
2682
5056
10353
5213
3865
873
5237
9
10847
11485
6926
3335
12171
9451
11384
12047
11482
4146
2579
6776
9289
6554
5192
5957
2523
9970
1238
2772
9969
6993
12833
11899
10637
389
5723
2246
11992
3347
12391
7557
8177
6400
319
7747
10771
1954
6777
3287
6617
11553
1540
5052
2074
8428
11236
3905
12414
1869
6227
2552
3373
9281
2360
7579
4217
5329
8240
11874
1312
4536
7419
6674
11674
6730
10260
5893
2368
9792
8165
7430
4280
4262
8796
11884
13004
12560
2363
11748
5516
12231
5530
10007
6408
1063
3346
8091
2648
3383
2634
8874
6349
1383
5351
758
10373
4497
3690
185
9579
1887
8737
4197
7215
9879
12183
8166
8389
419
4237
10150
4327
7303
3304
3375
9773
10221
8939
10746
6479
6206
2278
1267
7431
3952
11438
6498
4915
5116
6598
12889
8371
12344
2519
8198
8402
1407
8049
8997
12603
9340
12761
3756
9720
6032
8829
9219
8363
2805
882
6431
330
10348
12435
3965
3503
9906
4893
12489
11689
5729
2255
11681
8628
12377
11084
884
11966
8913
4763
1567
12310
1736
4397
2033
9182
9214
1171
3097
5968
4162
2893
6662
6537
6639
5958
6117
8980
10934
777
7312
6434
239
11953
7197
10453
3956
4340
9798
3938
7353
11854
4706
8629
7314
5645
7379
153
10043
9023
3920
1625
7716
4077
10341
7504
8614
201
7856
7145
1151
1810
5327
6775
9868
677
8127
6506
5519
3880
9379
10785
1217
2388
8239
8123
5624
3768
6699
5862
6061
6094
3536
871
3129
5453
6482
6711
4232
10472
11911
2660
5884
9232
6037
8990
276
7718
4805
3836
8981
4560
5136
3683
9235
9257
4257
1511
168
10703
902
7440
400
6558
11442
915
6605
10801
8431
9194
8494
1438
8186
11807
7651
3040
2665
1608
5672
8758
5125
11833
9407
2273
5652
11417
0
12504
7761
8173
3202
1538
3817
11533
4713
5491
1623
719
9808
10516
8420
7493
3904
9604
11567
9299
868
2112
8248
9215
5550
10209
8581
12072
463
315
4236
5806
9859
3244
6976
9925
477
11229
4243
12480
6124
5791
5683
1845
5178
6688
3021
1291
10597
10730
246
250
103
536
1276
1101
11077
4047
11447
5305
5515
1598
4652
4320
8836
799
999
11355
3993
9769
2684
1781
11149
9360
7767
1565
5131
11902
10812
1333
736
888
9877
5353
11231
11741
6447
1667
3748
7530
3495
9054
3805
2382
12817
1516
3098
12762
7398
228
3907
1088
9967
2391
4559
2504
11668
9518
9997
7487
12232
9123
5138
387
8485
11012
2031
3849
11462
6313
9830
9610
11977
12268
2731
6803
1636
3111
529
9646
7558
8202
1713
4600
7139
11303
6678
11778
1696
6877
6026
6190
11540
8234
8623
5892
5251
2765
7497
9337
4584
2863
11079
1926
2937
1039
4301
2513
11734
8993
12189
11811
6304
8978
12240
238
6161
4071
10775
8662
12916
6841
6934
7422
9384
5019
10732
2328
444
4499
5325
11785
11172
2567
2773
6433
12116
9700
5810
4539
4399
11512
166
12043
8952
8942
3206
9653
11166
1015
460
5361
10736
11318
1440
12002
7519
2766
1233
8975
10768
2970
4700
6837
8404
6311
4618
10100
243
10388
5058
9744
7397
3557
4535
1488
8425
6950
4250
2037
8582
8210
8300
724
10271
8398
1831
8370
11317
7319
2853
2940
10948
8036
784
5831
6055
3869
10047
9035
1497
7985
4834
9651
7364
654
12301
2124
46
569
9431
10451
847
12093
8460
6522
4988
4299
8158
855
8035
3379
2271
5505
11744
9172
6732
2838
1777
1906
7469
5889
1325
9638
1532
12097
9127
4322
893
12057
4735
12561
2711
9361
94
3257
3862
85
3550
12783
1666
5165
4392
1959
6276
10396
9683
9822
9464
244
11621
3532
11551
1971
4568
3998
11624
10438
6186
8212
7912
9481
1076
10220
12519
4083
11493
4626
11752
9313
5556
12771
8227
7978
2135
5283
3226
12364
8057
7562
7443
2582
3857
895
6364
11428
10344
12334
783
3682
7395
8557
12010
3501
5400
9270
8622
4655
5185
7969
12361
2830
4936
9059
642
1363
11074
7477
7565
8140
10282
2459
1470
5402
10572
440
3633
11628
2364
3034
3829
9853
11382
9396
7098
12328
9856
8204
12893
2743
1563
2399
6946
12826
714
3467
288
10581
592
5015
4912
2047
384
9901
4898
3772
4981
4991
3577
3522
9414
6054
1761
5382
12459
3763
5432
10547
9380
11112
10805
12748
9375
9963
3680
11078
2419
2205
6236
10601
10611
10734
1412
1062
8548
2667
2694
4978
1403
5268
3426
10624
861
3459
8905
11265
5197
12505
9109
2695
5937
7772
3192
872
8594
8073
427
2186
11519
12170
4537
5863
10832
11202
13007
881
8022
4210
1802
1250
4614
7104
8504
12502
12154
2610
7711
12018
6723
9404
2260
5063
10037
759
332
3361
1224
4920
2057
3402
4021
8964
8627
2184
5111
12474
6645
3576
8725
56
5951
11290
8808
1603
5468
12136
649
10627
6260
8334
149
12227
3397
6263
12156
9863
4158
1973
7247
9233
9717
7866
6326
11637
10979
7360
3463
9399
2258
2218
2082
6458
9319
7871
691
10488
12700
5761
8030
10144
7995
281
1836
4117
7842
3157
12514
181
10141
9068
4168
10409
8097
11504
874
7879
9831
6973
1776
7798
6358
6736
10816
2206
6576
8979
10003
11731
7415
11574
9444
4449
7305
4866
10018
1202
227
8750
1421
5799
4938
10162
10700
10347
636
11798
5677
1927
9682
12425
7840
4064
4464
273
8233
9628
10661
8741
1679
11091
8143
1105
2387
2010
7286
7144
1413
10474
8476
10223
11683
4386
8163
8878
7522
6640
12985
4209
11249
6546
6383
7991
11662
7349
3912
7664
2168
2811
242
11705
838
9467
5542
9086
9678
10545
7059
11380
6230
2923
1673
280
7425
3753
9670
2655
5518
12360
12805
5319
11640
3760
9388
7527
1518
8915
8118
6486
8038
2484
1491
1210
854
1888
11782
617
3139
8606
6657
5088
12930
8142
7846
7919
10609
5611
6631
10916
12689
4248
2914
3919
4143
5220
1199
1526
11301
12324
4179
5606
11099
12208
105
9132
8015
7169
4698
2229
10818
11115
1212
1442
12712
10729
7042
4254
13000
12041
2166
11834
1227
8433
12581
1271
3378
10679
2781
5880
12404
6259
11075
2625
4627
8867
4616
2413
630
7549
8787
1350
10978
1645
7041
8235
11529
12161
4160
8689
4746
1822
11825
2043
5158
7591
10294
6374
2251
2038
8369
7698
7759
611
10967
11800
12760
3486
3110
4024
9899
8414
8441
142
467
6865
10016
3389
5870
519
7369
2967
9006
7576
415
2046
11264
1716
8304
123
11508
4574
6903
1595
8451
10257
10866
11780
4943
10598
6551
977
935
9364
6224
1499
9420
751
1496
7580
734
11862
4836
591
12234
12981
2329
9448
6692
9751
6464
7177
12343
10454
15
9497
1092
11103
3621
5316
2955
5710
4126
3258
5811
4594
1842
9263
10143
1010
11864
9753
12322
6336
8965
6030
3138
7254
6664
2722
11609
7082
4831
9759
4456
11716
89
12478
3945
5675
5038
4309
7581
6440
9167
6753
10689
12777
5377
3312
4430
8120
11238
5743
6020
6813
3248
6329
2077
7107
987
12115
11324
66
3720
4685
7988
3318
679
2356
1582
8960
6863
3150
8001
2204
2877
1854
10099
8423
4979
11928
6095
9779
9776
5258
5684
4878
4721
7202
986
7873
12071
52
3231
1149
10011
11831
7830
4134
12652
9616
6823
491
6603
6884
10905
7869
2817
1747
12080
3238
8498
11586
2058
7432
1011
12033
1461
4551
183
12363
7781
11397
2736
11722
11014
4058
12580
6945
5963
11011
12682
1226
12400
4725
2681
5883
11300
12415
5429
3416
8886
750
11848
6492
644
5438
6130
11393
1772
8735
11241
775
10922
361
12305
4154
3819
832
4001
10654
9438
5427
12911
5886
7300
5787
2183
8799
381
2635
8696
2361
1694
6996
2755
5724
11239
12185
8008
1184
11905
9990
4756
7627
5668
3519
10383
5718
8593
11440
5699
8310
550
2244
7035
4761
1966
10786
12694
5538
2605
1126
4895
3033
1190
1604
3000
912
4469
12989
8580
12857
8430
5610
10091
2138
11916
8146
9573
6233
1805
11575
2599
2475
5571
6596
6731
2275
434
4457
6194
880
8429
7219
3944
9010
10596
10796
12463
12433
8920
5437
8170
4223
9452
743
10494
4977
6470
4171
10861
5442
7605
177
6625
2101
5286
2977
5299
7274
3910
4335
3698
8056
5176
9914
3407
11979
5850
9709
9283
8288
10233
3099
374
10951
4180
6836
6936
2664
12754
10681
1456
12769
12535
11887
2380
7102
11125
4169
9231
9147
10242
7285
1279
7666
9546
8063
930
11204
10136
6285
10920
2636
3366
8727
9015
5973
12525
480
1825
2174
7444
4302
7308
2426
4612
12039
6292
2770
3482
7455
7167
2904
533
6365
6022
513
2609
5433
11369
5526
8764
4371
9669
11774
11952
11548
12856
10639
6818
1683
12997
2214
12233
4081
10762
2162
7241
11123
1637
11037
2420
6380
291
5506
877
10782
11829
1198
12677
9092
3106
5885
11492
5782
3050
5127
8321
3266
5815
4743
5219
3405
6303
5347
2080
6169
5022
5999
10672
10446
3481
3329
6898
8218
10331
6717
10152
7220
4202
3473
6971
4546
9029
4923
235
6918
12923
6573
6254
9538
5105
2167
3717
988
4601
3794
4942
3241
9501
2956
9857
9810
7090
2279
4404
1596
10591
3750
5217
4145
8967
1024
2972
9514
5308
10675
9824
3538
5981
333
12966
11981
2110
1884
5222
984
329
7155
5407
11538
3615
7644
6905
4591
12904
4699
11562
5857
2606
9038
4802
3562
6588
10196
1990
6228
9528
11502
3671
9027
5032
9866
7297
8667
112
11536
489
7741
11360
12781
11510
2257
4697
4295
6620
5478
9685
5954
4645
311
4097
2807
10602
10485
3783
4826
10745
2446
9802
4054
12106
7647
11608
9417
6265
3520
279
9125
293
1525
10410
8697
1609
5770
1619
7911
1424
7186
6328
405
10930
4548
7942
2100
10204
12174
6574
7765
5267
7783
5443
892
10904
9730
3143
4873
521
12061
4398
11235
3303
3104
8315
7355
8746
11858
2878
12293
4975
11828
3408
4924
3602
1120
4130
7203
2980
12260
7299
1549
4482
10118
701
4790
6480
1481
2245
4369
754
12506
12953
2888
7056
7332
10498
1937
5364
10811
10919
8344
9731
4660
8534
3203
4017
3688
3348
10881
9288
6988
1335
245
9113
5768
8201
9823
3399
7366
1106
9855
12858
5462
2310
7820
4230
9298
7755
4602
2858
4992
7348
11160
6211
4474
4762
4133
10293
7375
7251
5882
7594
8160
2545
1068
7006
4932
6599
2960
5991
10207
12550
10587
7047
3282
3825
2006
891
8797
2909
5389
11031
1302
6593
2670
5890
2859
9951
9419
1427
6420
11351
2647
5140
4351
2492
11487
10254
9513
12549
6133
6592
796
10711
8646
2014
3749
11206
11341
7128
1263
9473
7028
7577
9245
6348
3058
1070
12145
8900
5757
3797
8480
1114
11541
8956
7569
5939
6315
2926
8099
5257
5242
11737
12553
8526
1618
3065
10968
5847
9064
9226
11918
287
4814
11750
8768
7796
5201
9647
12306
4540
11017
3472
2584
12159
7020
9556
12556
12526
9258
5355
6078
3580
388
8922
9575
3929
5947
11691
11941
7994
2529
7626
47
1067
2751
90
4523
5576
8605
1309
9615
8838
6984
6105
3063
4305
5533
9549
1091
12646
9836
9791
8326
1989
40
1283
2834
12886
1868
9062
3435
10102
8823
3314
7841
11432
7815
3279
4842
8763
11003
9809
11633
1522
4007
11904
2823
6525
5623
6879
8432
8365
2346
1435
10032
10898
2330
3167
11259
3843
1641
4650
3692
4417
12565
3801
6050
2611
8379
2375
9735
10185
6193
10903
7850
5822
9891
4075
6323
3294
12283
12959
9894
2163
5311
2001
6218
4067
6310
9718
7650
2381
8966
7193
7480
6000
277
12578
10191
2920
5929
3640
12552
1528
3429
11433
6998
2437
2269
6487
5234
5537
10435
3798
8955
12836
1408
5466
7612
11841
3784
6021
3583
12755
1113
5069
8464
8292
6857
1647
2403
8613
2515
5335
5555
191
8769
3428
12273
11018
80
9096
3901
1318
11629
11844
12567
2447
7311
5832
3300
628
10063
12429
8005
12027
12201
9617
1660
10618
7870
12089
802
2056
8305
11226
10070
4409
3349
6968
2438
4002
2449
6742
2882
8361
7245
2679
5331
6278
12657
10437
2393
3218
6618
958
1948
5701
1758
13003
9992
848
2228
10340
371
9260
5179
9323
2992
4429
4958
7540
3903
399
8088
9294
7221
4799
7501
6081
6337
6495
830
12312
8893
2786
8535
686
9009
5524
976
3859
2230
11062
3271
11124
6109
9372
7021
5388
10480
6969
9942
12606
2935
6780
1620
4595
2678
6432
126
9310
11439
1670
5396
9893
7845
1529
5480
3237
804
3395
3953
12250
9411
4022
3556
6703
403
1949
8814
12465
3597
4982
20
6451
10738
12662
1615
11255
5622
147
7691
3916
6324
2107
4640
8941
807
9597
8585
2177
5821
1157
4076
5982
7751
8817
9519
2066
7137
10354
12333
3559
9221
1880
4930
2774
3356
1581
5210
3164
1103
10670
10705
12113
8840
3424
3875
13002
6125
1610
9537
10797
3069
10575
3504
9292
8565
6735
12509
11381
7736
12913
9461
3747
4084
9732
3219
12287
3684
8618
11773
9239
10391
3871
9919
12631
3306
12035
5830
9056
8711
1402
10853
12045
10574
3010
537
5479
8164
4813
12811
9592
3982
662
2661
5858
9155
11276
12384
11776
1753
11146
2583
5005
1715
6840
933
4817
6852
2779
9025
1098
12040
7878
9666
3728
4037
3250
5007
4185
9767
9760
7693
10557
6860
12601
7032
9034
3451
8169
9397
8590
11982
7478
10826
9180
7918
12005
4980
5778
7613
8729
2293
996
8026
6637
5974
10963
5252
829
4268
4467
12622
1017
10292
3999
12341
3864
4415
10000
12518
12001
2847
7695
9436
9650
11153
432
4039
10761
3199
8103
2964
10868
11131
5024
8167
2022
2808
9870
1423
11069
7950
3127
5145
757
10288
1769
10548
4851
11686
6354
10952
6132
4723
9630
3060
5733
7719
3811
45
173
4368
2052
3878
7787
1531
7505
4555
12416
11268
12648
7465
12699
12641
907
12456
5006
3357
3516
974
7302
4079
7629
1240
1052
5459
8837
1336
6897
7606
6553
733
111
8795
7265
6195
11920
7515
9623
2930
587
1780
4643
136
294
3730
11199
10551
11820
6815
4191
11221
1072
6018
11865
10880
2061
11880
6758
4962
1823
5994
11937
4307
4911
2862
12014
8046
9477
8185
2398
10021
6833
9325
6895
2493
3255
752
1534
6197
6910
5984
1952
4394
3585
4554
10280
11212
4176
11959
208
1883
5223
3579
3599
898
3
9841
4419
10844
11066
1657
11570
10795
4683
12397
869
2547
9268
4124
8037
5593
3586
3727
1690
5669
12163
8209
7827
9293
5040
274
3718
3508
203
12066
6460
6609
1794
2281
12256
4841
1483
5641
11378
10742
10750
1960
12939
9559
7757
2111
5338
10228
5996
4229
11175
876
6749
3697
7800
2289
4431
5876
12670
722
1929
11016
92
1632
1222
10863
10025
11343
3128
9560
10309
2429
4246
4446
9635
3075
9331
10917
5002
6028
12194
6745
7407
8313
339
10459
10702
200
8397
12069
5597
852
530
3882
10431
4034
11052
4040
5307
11701
9869
2470
11970
8308
610
4910
257
7217
7584
5371
12370
7559
7168
5026
5706
8982
5559
10757
3031
4294
7146
11405
5807
10691
2875
1036
9522
240
5544
10521
2732
8601
2524
4703
1186
4575
2994
1367
2234
9469
9382
37
7863
10180
8027
3950
3014
11006
6390
12422
11141
3411
7809
12196
6919
8048
5987
5398
12768
1697
5114
1332
5707
11191
1303
4219
4885
11336
3214
5047
1962
6452
6100
3876
11289
4350
4855
8445
12855
5607
9503
7571
669
1607
407
10093
10024
2351
518
5950
10365
6456
12742
12335
3471
12374
934
12800
3497
469
2041
8992
12883
3168
4808
307
9008
2912
8256
10739
10693
6959
3440
1285
472
5420
4095
2344
7034
9402
6824
5661
4750
2603
2327
6428
182
11450
4954
3076
8112
4479
7351
2256
8407
12493
3789
2941
7073
11214
4864
4945
12865
728
5966
938
10907
2931
4420
7279
7126
4478
5011
12386
8762
148
12929
6201
8522
9668
12691
9671
2296
4138
8567
156
6059
4620
7583
5995
6085
6350
6712
7575
4102
9710
5100
12534
3723
1819
966
6360
7913
10378
206
9706
9053
11054
2137
9137
3818
5003
12818
8316
11593
68
21
6773
2146
729
10656
5965
3921
9983
4505
2405
12665
3816
2219
12138
2961
3603
3461
9406
9890
12654
8341
4976
8608
10660
10130
1437
1804
186
1524
7931
3800
6778
2307
1241
3657
4205
9933
12659
3388
4734
10074
1223
418
10823
10707
3394
2266
4304
3627
2796
9440
9390
9350
6966
12719
2592
8184
4094
12974
1161
120
3189
4496
11976
4791
9333
4444
2113
2053
10985
8724
9929
3208
3410
4128
3254
8792
11786
9562
6102
6099
10322
5473
5630
7450
12522
7907
3163
8045
7964
1425
12101
8367
5846
2784
1265
10989
12020
7604
1055
8348
6622
9400
10846
11424
10835
10212
710
12707
10002
7456
4670
1298
10687
3184
6636
5942
8889
9904
2172
3088
7615
8269
532
2267
2843
4654
2816
8096
2
7152
12551
5923
3524
301
12203
865
5765
671
6872
8467
2740
10321
5195
2171
3249
10513
3172
59
1770
11840
8358
7974
11708
7321
1148
4823
581
10974
10051
9508
7184
7295
6422
1573
11925
8523
12210
11028
2737
6829
7258
9422
5354
7382
8250
7518
6444
4365
1502
2704
178
8196
2212
10534
3842
1626
7130
1791
2543
3360
4622
266
1896
9542
6561
1533
3977
10829
5156
12905
4693
2102
4107
6889
10582
1644
10318
7264
12649
7665
8772
11410
115
7099
3148
1203
408
10839
5337
8255
2240
5600
1834
3761
11639
663
7231
4951
6740
618
1152
4389
1723
3496
10523
9986
3616
794
8515
5020
5716
7910
10914
9324
12775
10017
4204
8378
7771
6216
1923
4211
9441
353
5036
7068
12608
1388
4461
7925
336
3725
4328
7754
8569
12721
5836
5998
11680
12753
11514
5359
10633
11838
9309
8665
119
4998
12611
4707
7132
1569
9424
620
7004
1138
3911
4140
7915
12735
11367
7467
9474
7198
12950
3462
11965
10848
1396
10296
3443
4050
6648
5557
5358
2575
5096
3731
3858
9374
5245
10886
4366
2024
8443
11571
5691
1174
1221
7282
1611
11441
1873
7598
3042
8392
4547
6258
8898
10992
9713
969
2179
11464
8528
12590
9173
10274
5541
12067
9466
9238
5546
9620
6687
9120
8497
7002
9608
2485
6540
1616
12540
6015
10843
10763
4558
3452
1163
5952
8188
2401
11523
7435
6552
7780
3012
8228
4674
9625
5144
3628
1482
5527
1801
8675
6295
9018
10278
11727
10827
5298
8599
2176
8003
9229
9696
9724
4917
2594
9821
12998
4347
8424
10333
2023
4946
8940
8923
3844
6314
1397
9817
9191
9828
4952
392
1712
5854
1348
7473
10984
4849
7973
11425
1259
1909
3997
1108
12255
6533
8575
1838
3327
9175
4361
6916
9679
5532
7122
3152
11370
12619
1194
8859
8487
11989
5594
3877
6584
6517
8888
11374
3841
12635
9927
806
1316
12299
8330
4156
1122
6859
2262
4317
8901
12469
3848
9928
3438
12704
7678
5262
3594
10475
5471
4883
911
11250
4811
2602
8625
927
62
4008
4281
626
6608
9398
4506
5352
4610
3173
5334
7298
12653
3790
2778
6580
2944
11723
4605
9273
1230
12179
8159
9968
308
10045
1846
2224
12128
11843
2528
8828
647
11729
97
4524
5188
5278
6796
4495
5650
7027
1924
10913
9936
6252
10701
12538
12167
3714
8376
1900
12521
7894
11254
12658
7246
3047
1899
10147
9409
1991
11285
6158
1787
10980
10111
7411
10420
6924
11766
9378
1059
10094
10368
1799
1044
3645
5601
8642
11601
12427
2495
7281
334
12323
5413
6363
517
3228
4502
1484
2456
372
420
6697
998
458
10790
10195
1796
6007
10943
3706
12734
7703
323
2658
8076
4402
7668
12326
11949
5964
4688
157
6562
5269
6799
12872
12600
6535
3371
2384
11246
2616
918
11126
6527
5014
5212
3625
4151
8760
4165
538
9580
7036
9106
6785
12428
10999
10489
6281
7412
3932
9775
7537
8833
7016
6864
10418
9931
1562
4349
11065
1119
9112
12162
9971
9774
584
10357
2150
840
8006
2922
5976
11458
4092
2612
2151
10352
11080
7725
6624
1364
11615
11477
12716
8842
8267
3198
9819
7601
947
4494
2349
4231
9698
11684
7384
78
6173
2199
3212
107
4093
7853
5914
7175
2801
9659
5061
5760
3969
10849
8193
10142
9889
4388
11358
896
6448
2759
8200
2662
7803
12457
7525
7547
8813
8283
10759
614
7402
9207
11697
2374
8135
2235
1560
145
5092
919
8806
6307
6327
10891
1135
5000
3052
8539
8082
2622
5919
9069
3933
10206
8970
4968
4258
6942
9393
2239
3652
10998
11525
12245
2291
11679
5426
2965
9030
8427
3044
10086
1371
1757
2402
1274
4511
9587
252
5773
12598
3804
8100
3005
4722
6162
211
11448
6548
5260
1817
11150
11349
514
2372
3511
5159
12859
1195
1095
2659
5569
8827
5081
3775
9985
4010
7495
247
9190
2700
170
1050
5602
4137
8128
11466
3978
5148
5726
1556
3568
11784
2735
4485
1077
6610
11507
11386
2641
2320
2526
11826
732
4727
12720
11426
7433
9908
1940
5834
7618
1982
9134
4695
3925
11071
11909
11104
6518
8332
7269
9881
8983
8393
8500
9161
7370
130
4858
3758
11090
7054
3574
10295
7489
8744
7420
9624
9468
8119
3120
417
7920
9611
11205
4816
12774
7050
531
7185
12964
4260
12063
10095
6356
10033
8824
6204
5992
5753
11895
328
10840
6575
4786
10986
11671
8302
11195
2410
5068
3777
12445
2544
7769
12008
4255
9601
5067
8264
7037
1811
2009
10132
11496
12222
7720
3191
11470
5390
7341
10345
7388
8881
11944
4515
3890
3211
11950
5626
6116
7453
3564
12064
1698
435
4486
11682
6907
9016
4579
5596
189
5877
11335
6641
5825
11709
5489
5423
6333
1268
8357
9599
4531
2872
11954
1629
9267
11659
8887
9177
9033
3946
8039
7046
12059
12349
7553
8466
9307
10076
7677
7857
666
4418
4821
1597
9150
1902
5031
4062
6056
7468
7324
3940
12957
7539
6811
1958
6912
8154
9130
9813
1821
10108
12647
7044
6191
8320
11787
9535
12829
11196
10012
9995
7622
8678
1102
1340
1839
8818
11794
3444
808
546
146
6901
2018
1979
3685
1864
9426
4628
471
11964
11590
7603
12357
3336
1389
3996
8462
8324
10121
4435
1999
1813
4113
6296
11224
6632
12882
6212
9311
6572
8731
5809
12398
2982
6995
11251
10947
8547
261
5800
9373
5671
2048
167
7789
2701
12317
3755
9637
5938
5330
9880
2131
10238
2232
4472
3518
746
11695
3253
696
3292
10781
7079
4839
4784
10972
4803
196
1956
2889
11008
11313
12209
1467
2044
5152
6312
4291
10698
11891
11133
9140
9370
11060
12613
8347
1458
12698
9495
2028
12079
10981
8122
5104
4935
10906
1651
5482
836
1196
2323
9886
346
8650
7214
10683
4781
1189
4730
8157
3512
10267
10350
10514
138
4630
12389
1009
8810
4167
3061
817
8699
10787
4272
2522
12019
11036
125
1003
3530
12292
1917
4503
731
10214
11352
11649
1680
11580
7216
10061
2473
11730
499
3457
11577
9833
10038
2685
2829
6935
7106
1093
10249
700
12787
1116
9412
1399
3980
7502
9884
300
6908
2220
11912
12623
2819
10364
1038
7218
1251
7983
6714
8695
4999
2284
1894
12877
997
1527
10044
2990
7350
2518
4459
3809
9533
12458
563
12673
3539
10461
8954
9040
9285
3275
4375
1652
5878
7417
10648
7252
9777
5796
9255
5578
12854
12797
7921
10258
4947
10950
7705
158
2285
7637
10715
11813
6744
6427
5409
1976
6721
7836
5154
4261
10434
12594
5273
704
5289
12706
8271
12947
6413
10977
822
5785
7436
7103
7294
8217
7662
2608
7310
3990
6110
4172
6980
3572
8016
5064
8899
6251
10107
8098
7496
3100
6415
8933
4370
7205
5751
6297
7852
8213
858
4509
8406
8079
12703
6357
3038
12639
3277
8244
9988
5833
1832
8496
7463
5988
12186
5235
12284
971
12693
5924
2268
9517
6142
12626
10113
9017
10583
12921
3733
11495
3132
11038
1554
7142
249
10663
813
8481
6590
2820
5048
2715
1153
6465
6913
10962
8413
1339
5341
8626
1487
9425
7538
4390
3324
3646
6600
12262
4377
6536
9966
5164
3207
5549
2225
4234
9203
1981
4665
8192
9341
4840
8041
12246
6666
12898
8437
8390
2614
8458
1743
2776
8025
7513
5357
5776
6096
12798
8214
11326
6396
6738
9394
6733
11491
2883
7541
8637
3441
2525
11563
4269
6801
6848
11415
5949
437
2217
5613
10615
4163
1910
1466
1452
11759
1167
12243
9208
5749
10450
9570
7095
2687
8286
6676
3985
9865
5577
6309
6103
619
9835
1361
1410
1577
9594
4284
13008
88
2332
11875
39
605
6217
7400
8681
5745
10084
3668
2851
8080
1443
134
7464
1319
10177
9498
5860
6143
2812
7101
4671
8446
6931
6511
3770
12831
3619
3492
12874
5746
1767
7290
5692
7624
360
5108
12636
6275
10092
7599
7999
4029
5704
12686
2855
11409
11868
12266
313
11985
6115
6743
1205
3156
9690
2674
3302
2127
11802
370
10728
6644
1128
6691
1033
2826
3299
1025
2814
3937
8438
12438
12488
12822
3078
12204
6462
6521
12718
12224
6516
692
8926
3845
12851
6781
11781
2070
11990
9725
12860
5603
11184
8720
7318
6978
1008
3948
93
4672
792
803
8857
943
5463
11578
1090
12436
11467
3745
4926
5342
2775
2868
2950
10867
7917
8117
5383
3205
1975
10893
9612
7876
11327
3936
4110
6126
2723
681
5758
12621
1602
10052
10502
11026
1998
5333
6430
12977
5264
8747
8748
3610
9511
7709
9723
11606
7462
1843
4283
3092
8477
4445
603
7786
8312
6023
2362
1390
1572
5418
1903
5551
5367
4406
7335
11842
8171
1362
6129
2699
4635
11219
917
1765
3759
2692
10477
835
11821
4111
12270
12741
5416
11775
7325
3105
2739
12212
3423
548
7488
10987
11595
7322
4273
391
9532
7257
1904
7708
12092
9510
9081
423
2869
12423
6526
5604
3068
9860
3544
5513
6493
4517
12563
8230
5290
2918
3480
7471
12512
6411
222
5017
9362
11969
10219
7714
6243
8959
10210
7304
1086
543
1150
8985
7681
2468
11889
9024
3074
11139
3020
4023
482
11564
10428
5967
2497
12757
3592
12821
12331
5649
12402
6234
9896
12054
12449
447
6894
5970
3973
1505
8351
1357
11549
3533
7154
2292
2270
1912
12446
9416
2831
6507
12566
1570
1144
5866
10699
9858
12316
5935
1918
11100
12439
11197
735
688
4809
10279
1756
7116
7690
11302
12028
10975
3600
5340
1294
10568
9300
5599
11546
10079
6634
6854
5687
11430
9794
484
9842
2590
601
5583
8512
1295
9085
439
1671
2050
8145
6290
6163
5266
2901
7381
2917
11676
2948
3560
6156
2338
12275
6080
12591
2241
9486
6747
1030
6213
7437
464
12173
9996
10522
5065
725
9392
8931
7320
6145
1665
7529
11223
9252
9754
12347
10944
11801
3363
2133
1584
6345
11960
11063
9065
7957
10355
5191
11935
8410
7785
11061
1321
7712
11803
6010
7024
1877
504
6881
3561
1368
11330
128
441
8761
11897
12070
7756
2472
5792
1083
3240
10865
599
12845
8089
6167
9344
12026
9312
12437
5853
8925
4501
12336
9957
3626
6209
1840
10664
8094
4925
6372
6845
9446
2910
11029
12941
9492
11281
369
2696
4405
2370
10166
11340
2463
7365
2721
4297
995
5498
8640
2788
5190
7706
12853
9681
925
8077
8011
6181
629
7967
6686
5666
4801
1330
3704
2301
5415
3754
8673
9729
6268
11702
5928
11819
6166
9577
3455
1306
1977
5971
2706
1905
12993
269
24
6294
1374
8999
3169
11892
623
12969
5744
12510
4701
11394
4019
11876
5225
116
11332
12004
2454
6242
11338
10877
6472
1674
174
7922
8007
8052
11282
8182
10134
502
5915
6042
8000
11793
11132
3432
3955
12382
8788
6157
7816
5174
7181
10135
8111
6583
9093
4106
7093
4702
6
11096
5678
12920
8350
8685
9832
5315
4747
9491
5852
4604
11732
5379
2709
12158
7652
2274
8241
4775
3650
2975
7837
10831
9133
11947
11883
11556
10613
3591
10226
11599
12925
4970
2666
12346
12122
6668
10298
12571
9922
2794
4480
4800
6070
12803
2448
11736
5143
6074
3666
7180
12495
6491
798
12095
10042
5953
3037
4676
11388
1830
7490
5918
3055
11434
7010
2985
10554
11047
275
2939
7896
2573
12373
8821
12117
11814
6389
3374
3947
12593
5805
10887
4667
4880
8219
6510
7572
3404
2580
2907
1578
6150
3649
10507
12879
11988
7390
3209
7071
11728
7060
8533
11957
11720
4957
2925
2259
11742
2324
863
8991
1807
2264
6690
3963
6623
2263
1022
786
9224
8280
11635
12992
9471
1639
9515
11471
9335
10802
5249
7619
1121
331
12972
4939
7380
12690
5839
1255
7438
12104
4599
6757
8002
7023
9131
11279
11888
3742
1970
3216
4708
11200
3215
643
10649
10073
3419
10883
6369
342
12102
11366
7153
11863
8388
9864
2989
10567
3634
9078
5897
9171
5288
12467
11007
12980
8906
6509
5343
9520
1662
11687
474
7980
3382
4441
8812
43
4751
2835
3994
3552
6009
5774
7235
12118
3934
7038
11934
4681
2036
10525
8252
8121
6017
4136
10555
10659
2646
284
10251
27
1760
8289
653
4542
12801
7273
6316
9278
13006
6046
1026
466
9614
7952
188
1225
7461
11642
10250
9000
8018
9433
1352
2416
10570
4892
2783
9265
2720
875
5408
10579
962
7234
6663
8918
12861
583
11383
1972
3213
7804
11455
6764
2119
2619
4190
6473
11647
5170
7524
7316
4458
10104
11116
6656
9228
1419
1961
12315
2007
4867
4434
4072
394
3908
5522
1073
708
1282
11347
1480
10366
12796
3839
9849
5089
791
3942
10402
1920
9200
1028
4215
12982
12592
6766
11815
8783
8349
3983
7196
10690
11955
8938
12541
10834
9178
11456
5238
4974
10034
11295
1559
10216
1951
462
10145
10447
1214
9915
7255
3578
6148
3035
9432
1901
11145
7886
10824
6957
4476
12910
4904
1704
7582
2595
766
6034
4164
6759
1173
10264
8279
5573
2359
4201
3095
3270
9052
2434
428
6779
5531
8309
5016
5137
12786
4313
11127
2065
1104
7125
7074
11345
3232
10855
10466
10709
10995
3220
6748
95
9279
7510
9883
3108
11772
717
10175
7551
9021
10723
470
10311
12875
7262
10925
10932
6293
9196
488
4226
2029
1377
35
8463
1343
494
7862
1235
169
12835
664
10013
6098
964
12660
8754
3732
8102
5261
2126
2013
5499
12239
2995
5244
8459
3949
1252
12314
586
1867
5101
8293
12674
6655
10884
7766
1730
12164
5378
6273
8819
6503
12409
8275
11261
6654
3072
2207
5835
10467
7533
6821
11215
4360
6477
7762
5625
12046
5644
11528
713
2913
7229
4719
3333
9799
194
12795
12247
5879
4253
324
8495
4422
5634
5050
12725
12991
3247
959
6053
5294
3317
12215
6581
4214
10265
8786
7976
3967
8189
5030
6994
3676
6361
1630
1031
2983
5263
1833
483
841
523
10610
9443
9701
11280
10710
11045
2899
54
928
10692
8116
3316
3647
1013
2378
12388
2331
3115
6277
7874
3112
9829
9250
7914
12475
12081
5629
10035
6658
2874
1455
3101
9162
10370
10629
772
4337
561
4553
5387
9057
6538
4436
782
3289
8513
12241
4244
11168
4862
11243
2297
8265
3243
926
8520
461
6586
11675
1188
6011
12390
4082
58
6006
12789
2396
10632
3001
1984
3259
1933
7479
4598
3125
9521
6696
12547
8386
6481
12431
5009
11755
5215
5540
8690
209
4641
2691
2178
9493
7884
5933
6869
7927
11779
9921
10335
6282
3542
4396
11845
7406
5492
3534
5314
2873
6954
9211
6423
4466
12576
12160
11924
9750
2395
11604
12006
638
3131
522
4919
3884
6992
8577
4573
10600
579
2749
2895
12892
12869
8536
11870
3262
10669
13009
7531
8132
393
2792
1890
6835
11323
5110
11816
9509
2845
6808
12269
355
12320
9694
7083
164
11194
2566
14
12482
351
1983
1547
8507
4453
1708
9664
12125
960
9103
10870
7938
8525
1379
11626
96
12894
1322
6318
5714
2175
9993
12513
11501
7628
3612
4463
6146
11357
2371
10506
8793
3629
10023
3478
2725
11027
12500
9652
3297
8033
4442
1785
10760
104
11597
416
4724
12820
9712
4443
1145
12455
4550
12736
11389
11361
12951
11859
771
4687
10361
11337
975
5871
6386
11216
10
7893
10584
12559
4287
9135
2213
4538
9367
9318
10911
7752
12366
2191
6469
2315
10479
2295
8352
1574
12050
150
5496
1201
6079
3852
2085
6199
600
2488
9686
4387
1341
5917
3840
3256
6084
8399
7359
711
8245
10080
48
4374
12358
10114
7592
4615
693
10036
1506
1852
2656
1591
11503
4578
5608
4624
4085
2149
11057
9789
7377
1622
11179
994
1575
557
1968
9275
11994
9961
2414
3328
8947
12887
2170
5956
1064
10765
2432
9413
6638
3326
8687
6689
10532
2865
8125
4142
12935
5103
53
9695
2896
6650
7979
10062
3409
10358
12784
9181
12477
1006
7087
8692
1600
3305
10966
6274
741
4465
1451
6306
11228
190
8065
9639
7162
9552
6385
5741
12896
7588
10306
11927
3672
8953
455
4819
6684
2407
2587
1411
12501
3043
3954
6220
11422
837
2897
5126
2383
11610
1786
10320
6178
8948
767
7237
3475
7347
11933
2097
1803
11968
7287
9693
12297
2748
3887
2971
4343
7828
4493
9714
6401
154
2238
12223
3118
894
7070
4748
4036
4677
12881
1165
2435
8717
5417
9834
4806
1543
12257
262
2871
742
2136
6332
6661
11402
12304
10676
12190
12248
5487
2160
12770
4166
4987
10578
9160
5449
590
2465
448
4256
12791
510
7543
6616
1075
422
5320
6040
11004
7064
4955
11356
12099
2042
11040
4187
552
4182
2993
9489
10491
1856
8172
61
8845
11579
9781
7200
7061
3614
7337
3464
5157
4847
10456
7923
9141
1826
5632
8944
9148
4348
1278
10895
4051
4780
3421
1369
1847
10066
8708
9943
12418
5636
10426
7201
8251
11980
42
963
7734
5303
10915
1876
4557
5690
5670
8034
801
6135
12558
3528
3638
390
348
7832
6286
3002
12302
4066
5221
3722
7472
7563
3322
6331
10744
4742
3489
12009
634
7835
3188
11651
1296
6672
13010
8809
6987
5182
11258
11334
5628
7526
299
3545
4631
5106
699
879
9954
5715
8869
10140
11218
6947
10188
11873
1431
4139
10604
11271
2795
1422
5411
2697
6222
10996
6005
10954
3236
8631
12267
8068
621
10653
8231
8621
6635
9047
2649
8998
5055
3751
9351
2861
6819
4129
5285
1087
4249
4477
5021
10720
10909
5175
10261
9888
8327
2423
3547
1557
1688
4336
442
4592
363
10380
1914
11354
3535
7268
9940
10232
12021
10780
12087
8454
4339
770
5616
1012
511
5560
2919
9151
3036
965
7949
8492
7494
9805
2512
12838
12692
4400
6418
5903
7367
12368
7839
11283
3786
9020
6362
8131
4112
2974
10156
6373
2094
706
10157
9619
6439
5239
4276
3863
9067
4949
8514
10423
10179
10814
12852
7900
1132
4194
7170
778
9308
6532
11530
11860
4108
421
10524
11392
7882
1944
295
8803
6256
10268
10068
2932
7733
5441
4767
6810
12407
2142
12003
3147
4714
11373
6997
7067
5674
5133
12868
2757
12432
2458
10497
7135
12217
12177
10460
10408
6933
11353
2653
2798
6944
12745
10229
11827
11227
3914
944
67
5012
4889
4776
10112
7930
9704
12675
7176
5627
948
8961
10412
7661
5777
6928
3260
9843
12732
1351
5575
69
10026
7072
9090
8544
9365
3403
2642
9953
7634
11479
2668
7940
3502
6922
5580
2631
4006
2078
10310
6223
3028
4666
8307
749
6351
7039
5162
12583
5817
5265
1286
5735
11572
4161
1273
5247
5445
9061
7897
5446
11622
10027
4310
11042
2265
6741
11371
12528
9994
11284
12747
230
316
2561
10531
9739
12025
844
11449
10189
7309
317
10678
4937
9676
5470
9648
8804
10872
10820
5447
1381
6187
3529
225
5339
12937
1016
5941
8246
77
6844
7739
12351
8095
4868
4766
7511
9981
8868
658
6131
8074
2540
3543
3915
11616
11588
9080
3224
5450
1945
12772
7667
7740
867
10565
1110
1305
2209
1714
396
2298
1382
8028
11453
5425
12862
6653
9673
12987
12372
10684
10556
1289
2335
5271
6559
234
3447
11594
6831
426
4490
213
10641
8014
1359
1658
5696
8268
9975
8755
3820
4091
12187
1985
4837
12307
5301
11001
674
11719
5637
1788
3107
9764
4562
10019
9665
5655
6463
12053
11837
9756
5083
12311
8277
5018
11818
8472
7773
11714
5087
2427
763
4274
10182
9588
10139
3025
3716
12823
1207
11669
7824
2386
5750
11667
10562
12943
4003
6291
5246
10546
3679
9499
12450
5742
8756
12914
6288
12843
8223
1326
10862
7908
2109
8109
3437
5794
5819
10392
3630
3197
1882
2969
6614
7625
8911
12100
3746
8830
9873
6628
5079
3641
5198
1143
4460
10442
6086
8510
11677
7877
2026
8134
10585
3458
2903
2408
4439
5920
9269
1162
4993
2311
7962
12055
4572
5168
8871
3913
7113
8374
4376
2073
11907
11603
508
4275
6587
12392
7945
6083
10860
5694
8405
9862
2758
1041
132
3071
6783
10375
9788
5955
9198
7405
8958
7077
4041
1084
10403
3891
12110
5010
2075
4764
10645
8489
6398
730
6045
12291
1123
10227
4096
549
5728
3847
258
41
9046
425
19
9121
6112
10372
9387
9697
8651
5066
12750
12123
7118
5824
1354
3951
3821
12258
3365
4886
5274
11692
2287
7621
8663
11460
12531
8436
7688
2304
12609
10918
2158
11465
204
1478
8306
2791
10120
1253
1732
922
2415
5276
495
5520
7191
5615
2898
8149
9297
3059
6139
6484
5740
7883
4314
3575
4582
12381
2541
559
9118
12265
1380
12151
12249
9980
12124
10566
2690
9603
7105
4196
9941
10213
10053
10393
12779
923
4619
8802
151
5572
3377
12188
9745
12956
10753
7022
12679
2418
5605
2676
3442
11267
5384
2250
4216
13005
12329
10464
2276
282
2071
144
5754
5233
5113
1594
10982
12453
10617
7545
4378
4580
10713
2558
9072
1521
9355
2509
11573
1978
11142
4080
12751
8115
4589
2008
7063
5414
12441
11535
2867
12298
375
5356
9536
12729
950
10022
816
8071
3957
12029
9116
606
11713
12825
3235
2476
6520
4087
726
3662
2114
7943
1310
6490
10621
9595
5568
7389
2683
4241
2527
8047
954
7278
10804
3886
9716
582
5784
2915
1889
11391
9031
10077
5230
7944
11368
5115
2451
8511
4114
70
12024
11611
10432
1246
10542
1947
2321
5631
1035
5228
4298
6825
1606
6300
12051
3344
889
270
9572
202
7811
6858
2144
10429
3230
7112
9593
8694
197
6120
2836
793
5945
5713
12597
2337
1934
10439
2155
1256
2123
4416
11871
12178
2173
3656
7903
11499
12058
1236
5826
8648
8863
12454
4198
6476
6457
9087
9280
10200
4510
2708
4642
1782
3190
4966
11242
12532
10631
12111
2562
3353
10946
8457
11275
7174
6154
3201
12901
553
11584
9526
12168
12448
10512
6171
1426
7040
9875
473
3601
5738
10187
241
2308
6284
5187
7354
6671
4541
715
12842
10821
7552
3006
485
10106
8141
6272
4545
3974
843
12420
4740
2551
2400
1913
6750
1719
3436
7891
9606
11634
5194
11690
12815
3605
6410
8929
7848
4663
9861
10743
11363
8738
5731
6642
10754
11557
11698
12717
1176
12279
6981
6651
2203
1261
12277
1919
11093
7616
1707
10933
9012
8634
1740
2188
8323
6917
10088
8220
11791
9973
4089
10056
12444
4894
2049
7182
11260
3866
1500
12934
10469
850
7392
12134
1457
5899
3778
2885
727
7633
6974
9778
2727
10822
542
4279
5109
3153
5803
10151
5078
9605
10483
8329
4207
3832
12961
7452
4870
9926
703
12313
3264
7260
10777
9421
1248
4607
3161
5849
11940
4990
5122
8914
4212
4792
7623
11812
12799
3290
2879
8624
11253
2572
4018
9042
8355
1465
161
7007
10328
11364
10539
721
8851
9991
6682
555
1099
12902
11978
8258
12714
9165
11119
6680
4961
11582
11762
3003
4090
9236
11747
5485
3027
11461
9475
5617
2902
2501
1445
2118
10529
6902
8190
6441
9223
5558
8328
2490
507
10133
5812
6619
8730
11760
5224
10712
12023
10235
30
10727
1320
8254
10259
10799
6087
1166
2300
8726
3280
218
9216
8207
3546
12612
5336
11665
12909
7696
4028
12555
6542
12814
5467
9342
11545
5004
7058
12733
6880
9675
9999
1386
4263
6141
2116
5412
1032
3766
8641
5566
1915
9241
411
8408
9590
9097
5730
4285
5906
9356
135
4403
12327
11292
12664
10160
10029
1911
5780
11666
10031
1436
8701
9494
5801
6911
755
176
3087
4717
5620
2216
5350
3174
8493
4300
1967
7984
1206
3553
12634
7721
4437
2976
5755
6868
6043
7638
9672
9871
1474
2237
6417
3116
8995
11188
7997
7204
2021
2825
12236
5218
7483
10253
8085
10874
1169
7775
2017
1473
8579
6567
12844
5969
8607
10991
9391
9524
8297
8856
10186
7597
10956
347
4877
1
1142
3500
3204
5226
3123
8243
10511
3939
6301
4157
641
260
3048
2318
4838
1659
2900
10243
5689
3239
2030
3137
133
11009
10605
8468
12642
4576
7178
4144
1356
7394
4344
6544
10178
8084
3146
624
2169
5046
8296
1700
6225
1893
602
5570
9242
8058
12016
3741
2452
10737
2916
7517
5428
1552
8586
11663
12709
2532
9912
10421
7110
8419
12960
9581
2471
12572
3372
354
1744
12487
981
7244
11396
9329
2341
11652
8660
2477
11407
827
8912
5567
3687
3406
3011
10747
8860
2707
4844
10900
4233
10623
12230
1535
7902
12300
6118
7675
12885
10001
9003
1494
4218
10888
10385
10538
8682
7649
609
3617
155
8879
12722
3223
11770
11474
5679
12577
8044
10316
1043
6681
7818
9663
1649
4199
1486
71
6528
3022
9752
10203
9910
2780
3889
2347
6925
486
3523
7277
7685
5324
7544
55
2962
7692
7362
4379
6394
5588
12048
8482
11198
7682
451
4653
356
5642
11152
4785
430
8040
5587
7523
2081
11240
1996
6814
9811
8656
1037
5196
4086
780
3319
5193
7854
9058
9304
3085
11516
6123
4104
5250
6501
10067
576
3902
9115
11569
253
10419
3182
10319
5326
10289
2196
8383
4914
4561
2095
7049
7085
2539
11881
12348
12888
7542
11019
1147
12562
2802
8191
4972
12615
187
3870
10875
7393
6359
7491
560
8178
12225
3823
556
7746
1463
3225
760
12884
7410
6755
8686
2215
1141
12516
6578
9405
4288
5502
1244
1136
2870
9381
12507
10400
7574
3726
1508
955
1029
5181
12758
9105
5574
6991
4825
12375
7289
10965
11711
7378
8527
1479
478
4673
10580
5394
12371
2369
9353
9272
6557
10272
6192
7280
1185
2499
672
5719
8962
7801
10377
1448
12042
366
10541
4411
8589
745
220
7596
2367
6591
3114
2553
6368
795
8532
11247
5160
1585
7226
7981
8373
7361
8781
7188
10028
707
990
9661
571
5495
8927
1895
8647
9114
2652
1234
4846
3738
7602
1519
9627
11765
3354
705
2253
11740
6068
5934
6443
2404
7190
11520
2688
4382
3607
4015
2604
4038
3176
11022
6405
1260
6979
2600
10499
1724
3785
7948
8767
12804
4845
6937
3540
904
36
12094
223
11972
3195
7484
11539
3943
8847
1617
4986
615
3367
12472
3386
7003
12181
9629
4363
17
2503
141
3988
4303
9048
8452
2394
5206
11274
11306
9445
7340
6196
3631
1414
2200
12808
6370
7081
1797
12624
5392
9541
7904
5980
1081
4059
1851
6381
2210
2771
12946
3984
12744
6172
5436
6429
10935
8609
5001
10125
11817
2117
5360
5659
1571
1211
1814
7013
8303
7088
1503
5732
10397
3661
8578
5161
4533
2357
6827
11181
3284
49
4832
12078
11991
3370
6175
9144
3180
7701
4544
4995
3364
108
12986
2578
1601
2385
8739
11956
2025
10153
2966
5510
7333
5930
11288
9240
6960
12460
698
1404
12628
11372
7166
109
8596
11506
11751
6136
3311
5813
10404
10417
2936
723
7730
10407
5044
314
7224
1155
11872
7331
8064
9248
9797
10680
5086
11835
6725
3795
4753
3960
9218
2411
1140
11879
6878
3970
7947
349
2506
8340
10896
5035
5455
3658
6438
11068
4649
10573
11560
9145
2294
6530
8345
10174
2953
1175
7556
5775
12354
8928
8896
6888
11348
8426
9770
4782
1054
5155
11896
3881
6560
10942
7814
720
481
8568
12763
3084
2565
10807
10285
12724
3981
3401
5070
4913
9306
6715
11788
7033
10071
7092
6128
10312
10606
12940
3822
10075
4438
3278
12065
3573
2703
6151
12492
6155
1269
10495
1953
5328
2312
11120
2742
4410
3813
3815
2487
8843
221
10493
2824
305
2618
11162
1495
10994
3527
6670
5051
11961
9531
1879
6489
5183
7315
6399
7427
11315
9726
3555
10241
10184
1536
10724
831
3897
7717
10882
9977
1661
9649
11401
4863
8919
8749
3086
12663
335
8988
6752
3468
5380
9430
5236
10845
8639
7172
3245
5621
11138
4567
3298
8645
2063
6003
7955
10628
5091
9645
8883
8541
7829
8506
957
1512
9818
10553
12166
11178
5888
12274
12098
11408
1695
3183
989
820
7376
800
9591
5962
9049
2987
7670
10486
8343
2733
4661
1539
9569
2702
1783
2045
12743
4860
1360
3861
4810
8789
1548
12759
6226
4391
9840
668
9987
12132
7968
8616
9082
7151
5062
545
3643
1872
11177
10908
3017
8110
4623
12140
12650
4777
6376
1046
8499
29
4173
2352
578
10607
3217
11305
10808
8224
6800
3362
1375
7159
12462
7989
1111
7731
9909
10931
5875
3787
12678
10329
6346
3413
8090
10921
5528
11542
259
4664
4222
1477
7635
4500
4854
12819
3764
10390
12481
8774
4454
2571
5118
4638
5712
645
3272
9117
979
11576
3803
9179
2827
12876
7831
1530
11128
10170
748
12965
562
3588
3700
2121
4876
4648
11547
4728
4450
3686
2516
8051
4025
622
3334
9476
4100
6302
12587
11155
6382
9643
10772
8765
2417
4712
3439
2248
9964
11852
665
6060
11796
11505
1489
233
1892
4656
12585
6975
5146
4432
11339
4684
11754
11048
12144
490
1446
6092
697
11234
10225
11435
9540
198
573
4585
12702
2623
3160
8284
11296
8592
5736
5737
6822
10326
72
12866
7958
5681
7899
6999
11473
4027
5151
2159
10869
9152
1517
2954
9937
12013
6564
8712
7009
4070
6106
7043
10478
5142
5762
4061
251
8229
6077
4745
3812
10336
1191
2141
9185
10667
2020
4613
2481
9845
10287
1764
8353
10938
12780
8409
192
2098
2530
2810
9872
4427
10941
12517
10492
8505
7905
3510
3653
11379
3509
3654
12410
5705
2537
8453
8156
2424
498
8298
3888
2243
9757
10356
5270
3170
10110
12850
2261
8013
7951
10441
11706
1272
4063
7441
6353
2322
33
9478
11248
4959
11715
951
6529
3810
4513
12688
1992
12498
9944
12640
3296
11270
11010
4827
7485
11733
580
1806
8876
11329
10644
3721
3744
12697
12207
9566
8069
3013
3325
4529
1827
4013
9814
1082
12376
2165
1542
11526
1638
304
3479
7442
8664
6816
5660
604
6062
10173
11517
7051
8447
8714
4286
9903
1353
12086
5959
3515
7658
7150
982
7819
6090
3966
3030
6097
11850
11653
12309
10138
2945
3589
678
12926
2632
1921
3644
1089
953
6069
1841
9321
9780
541
4744
7413
3155
8126
8957
3767
3323
2406
10533
5598
10205
2643
6388
10752
367
1997
4815
11670
11945
12198
10158
9557
11171
2000
12579
4046
9410
1365
5374
3469
8325
11951
9156
4956
4016
2657
10640
476
2148
4564
9785
1459
7790
2998
7476
8670
11207
8822
4331
1587
1855
5397
9377
1324
8439
1853
9574
11943
9366
5094
9662
10666
4005
3448
7119
9253
11999
11975
1314
9457
11310
9705
6177
1829
12988
744
10452
5280
8384
7123
6198
1200
7826
9749
10830
6248
10399
4716
7722
5287
1127
5591
10020
10313
11404
8635
11070
12286
9654
12949
8194
8885
8346
3779
9188
12199
12617
9564
5582
11558
8124
10588
7499
10374
278
3771
7909
312
9352
4897
9158
2087
5469
2803
12834
8917
12570
4011
5797
1739
1816
1693
8777
10993
6013
2689
11136
6019
359
11620
11995
11967
3499
6165
1746
9523
11654
9516
318
12271
10332
3337
9854
8450
8778
5461
5904
8704
9290
12727
12237
12012
10137
1308
3113
8820
12352
2521
4872
10593
9920
4101
2850
10103
7418
6335
2769
6340
4372
10444
2152
8719
7750
9450
5529
8104
5725
3513
2153
10181
6426
932
5673
7636
737
5293
7327
2003
3874
2483
11522
9099
4848
2724
12575
5090
10833
3854
7723
3636
12413
11297
7429
10496
3885
4586
6330
2302
8846
12202
1835
3931
5169
2568
3814
12470
12932
9691
10901
2091
4448
11269
2615
2804
4696
3743
506
3158
11101
11893
12616
6899
10381
5619
6943
457
5680
12490
6701
5317
2430
10281
7934
11543
5481
2806
6795
6539
3655
6114
1004
2103
8519
12497
5501
3032
12491
6049
10936
6111
8994
12200
1754
11431
5688
2958
12031
7611
6761
6787
11721
3445
4944
12656
6075
3702
9621
8977
11942
12912
8031
9571
11110
10770
6871
4709
9935
9955
4965
7834
5074
1546
18
10561
903
9254
10301
6016
5141
4393
3430
10398
7307
2208
4637
1566
4475
632
1179
5422
7086
1994
2933
6379
12056
3252
2441
8508
290
5029
4909
7147
7683
5539
1117
5
6563
4033
8108
10530
10614
429
5517
10740
4859
9303
9470
3896
1751
8372
4208
9330
10360
3567
5372
217
9965
612
5076
9345
7990
2928
7055
10276
650
11423
9376
12085
886
10190
6842
4692
8249
4890
6797
762
10789
3392
256
4384
6459
10589
10758
5119
534
1631
6774
10255
4941
1738
5393
9677
2644
11856
12828
8676
1492
769
10773
2574
3642
1197
11646
5180
8317
4330
7339
1049
787
11707
12928
1863
7748
11307
6159
11963
4760
2815
79
3066
5248
4428
7833
7109
5859
4711
5430
465
2854
5401
11650
4522
625
2542
8354
5395
10105
4749
949
4720
4875
3570
322
4181
1311
6449
7959
5979
1774
5452
9583
4447
73
50
12261
6397
2593
4242
1778
4865
6807
5912
9684
11846
3930
12466
3571
6722
4270
1729
7414
8782
11996
8366
12726
3251
6174
12294
10014
10273
8916
6269
9553
1078
10463
3450
12461
11710
8538
5403
3453
10116
5060
368
5448
8086
10806
229
8776
11173
8205
10552
1416
9812
7817
9036
1209
5864
9736
5129
9952
8075
10004
11696
5204
525
12290
10039
1172
5585
3415
1963
12076
11922
3922
6932
9336
2143
6734
2968
3186
773
8114
10299
5424
11836
11105
9766
12146
4193
9687
8854
