12368
4679
1238
8439
12204
8252
11846
9528
8641
6234
3832
3082
2039
2626
7132
6601
10185
4921
98
10959
6684
9110
11654
12090
2996
6184
3761
1626
12973
5719
298
566
11106
7694
9832
10913
5084
1175
1660
10635
4337
3893
11453
4401
1747
7286
10155
11993
10717
8430
2168
4321
1857
4377
11276
203
1124
12706
7319
10056
6298
10483
1394
4791
2003
10938
6391
12388
6179
10720
7804
10650
949
1357
9356
8369
214
11204
5751
425
4380
3620
344
6866
12492
8254
2776
10776
1134
5705
5093
8752
6087
1687
1550
3362
7253
10063
8975
3541
6954
6380
1954
3211
11420
11148
6106
12579
5229
11352
2128
10236
4736
5036
314
7576
1334
6758
2173
4079
12809
4882
8950
747
1727
12004
3642
1257
10705
3612
6272
8300
6254
7242
6745
7772
1160
11212
4524
1214
1205
12807
11646
12919
10182
3676
10223
8200
12853
10059
10211
12230
9028
8272
7446
4770
1705
2256
5511
8009
8269
3764
5009
9455
7555
12352
13
9180
10525
2362
5354
10254
7068
8712
11262
4324
9464
2032
1121
6507
616
10762
7425
9588
7257
8191
11677
232
11878
170
11914
11516
6429
2013
10965
5298
7227
11246
9564
3924
5041
4603
2061
11856
977
10515
11118
4263
10818
830
2224
11681
6729
4034
1056
487
8482
12206
564
8325
10351
10701
4447
3490
41
9458
785
10748
7588
10889
12745
6338
1847
1247
11611
12260
10733
6369
10779
23
10150
8704
5851
1300
5829
7230
5239
148
6497
9055
60
4201
9465
3895
12857
4562
1740
12392
4721
4145
7553
7884
8263
8574
10598
2160
1404
9018
4118
11355
35
8613
1468
2201
7494
669
2763
1222
4892
6786
10494
8273
4560
6371
11168
7105
4398
12954
3418
11962
6138
6451
1685
7390
9222
10941
2469
6618
12382
10005
3002
9457
8581
3814
12915
2174
11472
452
1397
9582
9377
3156
7014
5428
8313
9421
8605
10216
11095
3424
4323
1930
11048
9246
1825
12362
1749
7473
11803
11743
7116
8496
10168
761
4474
11932
8005
10
7413
7195
11002
4701
10442
6966
9471
347
6454
4533
10987
8934
12340
7547
9604
7522
8722
1200
9616
2817
3651
7531
8017
8539
3345
1873
1917
8805
1415
3056
7907
3008
6620
7085
2184
7288
9343
4957
539
6810
10068
8440
9581
12789
1803
4138
7118
9215
11321
375
8898
5040
4616
10735
10322
1826
9533
818
1089
9602
8128
7224
107
435
2647
10331
10541
8084
4188
1540
2245
5959
9199
10470
5709
10251
5457
8747
7290
12951
1555
948
11323
10891
10384
2572
7248
5703
4542
6492
10841
4796
4658
2350
5997
8054
6974
10472
5439
2096
12761
1049
3057
6946
7464
5037
6575
11195
6879
4959
1273
3585
4227
11905
9481
7320
5067
1585
1167
76
5587
5000
9596
3036
6249
2063
493
5419
7284
11134
6779
2185
10114
8196
2373
2269
9549
9838
10549
860
1663
11342
9116
1107
9979
6107
989
2015
7492
5038
4513
5424
366
8914
11637
2138
7577
1874
5931
597
11751
12515
6489
356
7607
5322
8473
10207
3954
6090
6251
12334
9261
7395
10152
11606
8599
12821
4488
7258
9015
10173
3369
5451
4501
2993
10698
3871
4837
4251
2507
8318
9378
10293
10737
5262
11876
6086
6805
11862
5162
4836
12751
10423
1830
8979
13008
10214
3030
10538
4313
6510
1129
10754
4360
4252
9765
5237
3985
4828
8922
10822
4431
5011
3679
3426
3880
6884
12540
10121
2461
5527
10586
12764
12944
2822
8611
3112
7521
10102
11850
11289
10449
3138
10038
6379
5675
12483
6060
6119
10475
1981
6977
2619
12829
8224
4275
12704
6174
11872
9182
9543
288
3669
451
2687
10241
8689
10896
5014
1807
10629
4429
4561
5667
10077
5620
1929
6394
6950
10278
10996
11317
2932
10774
12528
11410
1897
259
1927
12842
11386
5131
11947
6868
2377
7316
2196
12926
6134
4059
2967
6568
9570
10341
10274
6924
7735
10508
8959
5864
6912
2830
11848
10627
10280
3280
6577
9810
12766
7980
1880
11502
6175
8616
431
8285
12357
6514
11842
2906
3922
1511
1969
3310
11208
6397
10935
9952
9629
10797
2343
12450
12416
4203
8292
11261
8182
5096
8858
5034
9535
587
12969
2166
11097
7179
1829
8460
12396
8238
12544
4150
11080
10645
3141
10725
10035
4004
698
5952
9364
2820
5456
8743
2348
12325
656
5482
6983
2866
3192
8985
10191
7361
4478
9424
3844
7678
1323
2300
11495
8622
9711
6038
12261
6376
5613
7890
1452
12086
10265
10255
10670
4415
4368
1455
11940
10504
5720
6403
11350
140
3635
3270
9993
11533
10156
9617
3543
9779
11632
3534
5872
7508
3111
10123
4381
11838
9973
11556
12138
2019
8178
817
11120
12364
3278
6194
721
5426
317
6023
12432
7011
9799
6714
4301
12256
5463
1681
9271
1301
11032
5989
7616
401
9250
9061
11452
502
4292
10369
972
4285
1473
906
2671
2789
8977
9312
8464
8332
5500
6258
11161
10464
1148
12516
9740
7852
7027
4469
5993
3654
11972
1220
9157
5967
11941
10758
8607
2263
6682
270
8018
9755
9830
10644
5146
3869
3623
11015
484
12070
5933
3053
10918
5619
12353
5605
4520
12644
9664
11408
2162
4529
7827
10030
6516
4043
11867
8721
305
6948
12221
8125
4155
3191
9371
9137
8550
4797
1155
12675
1172
6908
1299
8336
341
2397
5768
7973
10327
1691
10385
6608
6701
4241
3033
9851
11918
10661
5076
4555
2033
1466
1772
6471
6447
11564
4371
12583
2832
9266
9956
9771
9125
12190
1283
12043
5248
7057
46
2336
12634
3645
6050
10845
12653
1109
9601
5136
8940
8453
3371
950
5380
3126
3160
12271
7569
10339
8782
400
4318
2942
6065
5523
10606
2740
5820
6840
3287
11579
8258
12010
278
12235
3414
5615
7638
7918
1047
8320
4086
10186
11779
8714
5711
3306
12803
1372
4583
2563
7197
2326
6798
3375
11690
3208
10170
5774
2179
1588
12867
8502
11557
5039
1630
8956
10292
6076
11365
2004
9649
12611
2948
2328
1587
5493
8390
12376
12210
2733
5348
3207
6761
4743
946
8410
8020
3790
9434
980
7032
2321
2978
3737
5081
3464
10275
10087
6360
735
2293
10842
1651
8860
2895
8043
2987
6056
4084
9836
4673
10406
2036
9525
8614
6522
3153
2827
655
1371
8998
2088
828
4657
7479
5386
8411
10149
11875
11043
9887
10567
5232
1403
7526
1100
10910
11100
660
6697
6209
12479
11280
2892
8840
965
12469
11126
1479
8803
739
7101
7978
4385
1190
5026
3037
12452
12254
5060
2296
3962
7076
3100
8676
6949
6667
5347
6405
10921
2145
12202
4346
8113
3146
12617
10053
2022
4014
10838
10713
4396
5166
9586
11711
6315
5830
3382
12128
3177
628
7093
8716
5712
5314
11405
7722
11238
8549
1388
12920
6699
11752
3867
6085
6933
691
8420
9292
11013
8918
8529
9057
10454
1052
4824
6351
1285
7343
12784
10282
6212
5302
7798
2084
1007
6929
8649
1153
2141
9680
10539
11392
8695
6821
6527
588
7175
12355
10808
567
1141
10200
4779
12802
7641
4523
11181
10233
8984
8962
3835
4752
2637
1057
12405
6372
7480
6054
8450
11037
1097
7509
8814
3465
7856
5943
4351
9695
1232
9151
11736
9420
5847
2790
4200
4569
993
4143
8600
9141
1805
9096
12279
10353
4315
1380
2659
7534
11601
10534
878
12122
4399
5141
7584
5891
6183
7153
2852
3143
11605
3774
9156
11706
10002
7867
9353
12630
10961
8901
6797
7967
9415
11025
5342
1168
10273
11419
12441
12373
11169
2519
4363
3258
4928
12393
10828
11958
7510
1514
2194
6108
2230
2505
7636
1465
8046
7676
12826
11583
8519
574
6173
2076
11722
9514
2187
4976
4258
11046
9115
8
5489
11942
7113
3255
1207
12985
6819
5888
1934
10238
3650
3220
11851
1212
4891
8711
9067
1080
3368
10854
8149
11531
12402
5713
5138
9542
13007
7803
11268
6782
2972
5071
1060
8371
12726
6286
8833
10481
8588
10394
1221
7437
12049
10225
1753
6389
2535
593
856
7799
12243
7340
3928
9045
3393
4427
10484
119
190
4073
5290
6399
6965
1551
12856
9008
5765
11682
696
9059
9724
2557
11815
10315
4265
10392
970
11478
2894
10973
7878
7528
5145
8702
12852
3230
2694
302
10263
12283
10741
7660
8944
10707
594
355
4109
12605
4798
9071
8417
10769
12894
6167
10362
8794
4795
10812
971
11267
1218
6459
3746
8598
4465
1391
9639
211
9817
4899
8485
7181
8953
10610
2947
3641
5095
1946
4567
7725
7634
3680
9988
898
2520
5264
1410
3665
9715
9402
12131
8398
11705
200
1297
11822
2034
6000
7858
7178
5496
11691
3046
1469
10134
9509
3762
12026
10630
6484
8929
10234
1720
6511
867
10303
10524
8102
132
8625
274
4132
5885
11145
6750
885
1484
4245
8710
7972
10367
8444
4191
6354
9078
10697
4893
473
72
7813
9716
4167
12227
1125
9656
3850
4139
7992
1725
3472
702
6125
10893
8683
6145
2703
2901
5714
8490
3636
9333
4467
9225
7008
11359
3476
433
523
6243
2937
12550
11400
1182
2846
12223
7622
8051
4568
9480
12165
7887
2303
568
7632
1012
4901
10306
10898
8221
3471
11230
6724
11136
12123
3805
353
6148
197
3377
11566
3144
8395
7567
569
6094
7109
4515
2059
3176
2334
2235
10685
11266
7468
6541
10304
10953
5528
12797
6792
12667
7106
9580
5742
9643
2165
7581
2990
8640
7306
6963
10892
10831
6816
3314
7098
1589
12532
11464
6268
4641
11049
2565
62
7310
4026
5928
10151
4912
7656
4675
2060
4974
10548
9454
4839
10349
11975
3463
1034
11121
3876
10960
7864
1358
5422
8736
3802
2644
6711
10052
5206
8139
9938
12952
6831
9068
2598
12738
10126
3069
3567
11971
8475
1353
2100
9508
7880
768
11299
12878
9187
1434
6406
8708
11147
8027
2963
11950
442
8472
11554
10301
3316
5994
4140
8185
8129
5583
11653
2298
2268
295
3703
1828
4232
7378
3355
8788
10398
5250
2302
8104
12495
9547
7894
2041
1483
9707
2559
3712
3605
5818
6825
13005
6110
4436
9161
12087
11787
12099
12451
12377
6007
11955
11364
12811
92
12380
12104
11165
3750
7096
3081
7970
7317
11719
9713
188
10250
12572
8779
6689
2320
9806
3556
9497
2547
4990
12381
12435
5464
7400
6452
941
3341
10691
5942
3075
4202
3318
3222
2798
11624
2478
8426
6256
1600
8609
9033
1985
5757
7289
11575
12307
10492
10740
311
4087
5057
6043
6947
5471
5115
4674
9949
6742
5760
10595
5129
8476
7499
1327
957
7731
9044
12988
99
10573
2905
12993
7267
1778
12674
2752
4789
13002
11937
11790
7055
11088
11153
6109
2628
7673
8304
1204
9632
2169
1732
10064
11376
6039
9301
12620
6955
8459
6401
322
9426
6416
9598
8652
2444
11976
10334
11209
10414
12976
462
11633
553
1601
912
3077
5313
5423
10295
4495
12503
3732
485
12602
12097
1938
137
2274
4621
5479
8690
1546
9998
3411
9394
4942
4918
9864
10436
8206
8810
11759
5069
2243
12408
228
5639
294
5052
1474
12652
1614
630
4704
8832
12296
8751
6428
5854
875
7458
7986
10159
5230
10694
2030
4157
3903
193
8039
7558
11417
845
10649
11496
3150
6501
11072
9579
8536
9442
12549
11244
11110
688
5676
6919
10137
2248
9515
9297
11747
2149
2660
4794
2630
8608
3266
10451
4367
5969
11907
4910
12470
2855
5249
4680
12640
258
9566
4408
7957
873
4586
1177
6674
2087
5417
7958
10553
6089
1680
11644
673
11504
289
12098
6569
11054
5622
4540
833
9953
9712
3753
1330
4062
12507
10145
7892
12225
8469
9283
3646
3592
1909
11117
9107
3694
12500
1590
5945
890
9189
12522
11560
2474
6938
7614
991
5530
10459
2403
6833
2112
11192
12679
5299
6781
12397
958
9734
2393
6846
6867
6716
9352
3248
2082
4872
9801
6313
5217
6418
2380
3301
1374
6628
6195
2148
7142
7234
3616
7680
3771
12577
8647
6520
2824
5204
2053
3297
5339
8738
5367
3647
1776
5292
5940
168
5253
11946
8658
9546
10939
1266
680
3429
5850
12619
110
7271
10799
11739
11827
9896
11821
3810
1158
9441
12755
6790
424
3277
11756
9409
7520
4141
8850
1234
2120
7709
7246
8839
4949
10397
11507
6680
9314
9372
9618
5855
2292
12162
8825
5446
10015
10493
6095
6705
11056
7729
8007
7568
1336
7137
8606
11672
10703
2212
9555
820
8558
7945
10045
10208
2688
7172
5710
581
5154
36
10609
3811
10600
3272
209
9720
9150
3806
3384
8122
8965
2638
1260
5213
12891
213
11858
6284
12422
8355
4773
4600
7955
7549
2523
10480
2858
3022
2484
4737
10577
5459
3308
2206
2054
6368
12569
8248
5869
3202
8567
4177
3549
880
283
9640
2497
5740
7805
2891
2545
12493
307
3023
6887
4053
4350
3010
2594
4759
6677
8407
5524
888
3198
2155
6070
3065
7800
1008
1307
12181
12282
11612
12185
9260
8003
9122
4162
6616
7991
12462
2574
2312
10837
12142
7953
3804
5210
5584
2182
6803
2016
481
6986
5960
6666
12127
1313
236
8827
11922
8100
8692
1131
1541
5350
12042
2553
2558
9155
8707
6453
6440
6091
7668
12582
12423
5196
7966
8314
3442
2158
11399
6430
6365
9100
5442
3110
7236
12047
2897
4181
10884
4133
9576
8980
1058
1352
541
12676
5082
11798
8491
12775
738
8911
1365
1539
5012
6410
4509
3941
1798
575
2578
9393
7134
5963
7374
683
9958
9966
5796
6025
3565
3470
2651
8746
1140
5617
10025
10736
10530
8391
2750
9883
3083
5334
6287
2981
5838
2261
12793
6439
12804
2782
11792
8362
10447
4530
9886
1454
945
7472
1625
10604
6970
4242
11582
7611
12980
10859
4664
3491
2941
6623
12508
4477
4129
12316
8570
3386
2074
5143
7231
2103
1102
11492
6807
5003
6346
10861
2802
10375
2086
210
10283
7017
2686
9247
4002
12169
780
11939
704
2017
3706
1198
6687
2562
12698
9145
4874
271
5300
10194
4962
4387
5978
11489
4814
4934
10565
7004
10839
12957
1549
12160
6339
2850
2877
8654
525
7111
803
9663
3568
3249
5984
12911
2240
11551
4610
12220
9558
9121
9021
12407
10658
10718
4979
5191
12637
6490
3851
441
7947
2532
6990
5596
3187
9615
12861
4217
6150
363
2198
2310
1960
67
6988
8823
12531
4425
8188
6330
5155
505
1389
9112
10376
4888
10340
12932
5197
2441
7275
6466
2743
812
3084
5388
8960
3437
7126
3677
7624
3955
12537
7225
2785
8356
10381
4718
402
2935
4271
10203
7666
1149
4714
189
2879
7069
1006
1764
10605
5072
1412
4413
2139
2216
1185
11904
10389
2239
2732
7640
3917
2483
11697
12394
5867
2859
8757
5487
4310
8066
9258
1730
4602
2412
11021
903
11897
3133
1774
8077
12592
2494
5935
5102
8249
4459
2748
9778
5200
5834
1084
3698
1781
2480
3374
9131
5618
255
12101
759
7825
9968
9539
6230
757
11855
7974
11440
1794
7007
3435
10462
6217
12849
12946
12739
7781
6079
9560
6100
4614
7671
12272
5282
7585
517
5803
10378
324
10744
4581
159
11524
2522
2046
5922
936
7829
3936
2452
642
11017
9506
6886
3586
12344
10814
7862
7983
7663
4699
4466
7734
11725
2252
4835
9840
10434
4564
2090
1319
6262
1735
9099
10873
2357
11116
1767
944
4915
8601
4730
1490
5725
4866
8725
1937
4749
10594
9839
12410
1491
10090
1997
2161
5112
5243
2071
5545
5666
7291
715
2037
275
9029
3691
6136
8636
2324
507
4487
12875
12258
7200
3892
1898
2975
11404
7650
4702
2279
12646
810
9861
6048
3264
10438
6834
9348
5541
8161
12292
3379
1226
315
5627
6962
4793
1373
771
2038
3524
10478
7751
242
7833
7423
5860
3483
12654
6244
4615
150
8106
4395
6465
6811
1581
12037
11935
978
9334
5655
10639
5567
4050
10791
1384
130
5835
5762
5484
12326
9517
3327
397
4356
8672
11952
5321
12044
4009
3918
376
6872
11140
12805
7070
12213
4439
10071
2131
10853
2281
223
11667
68
2073
12412
2808
7301
12975
340
7514
986
5414
3461
5955
5529
12175
10219
9559
357
6316
3291
6875
9726
3336
9846
5906
6027
6181
4134
6686
5184
6336
6754
7647
4955
7989
5480
10074
3466
4895
3865
12137
1975
8267
2479
22
9892
7332
3460
3779
1814
8109
9906
8877
3335
11274
2805
1318
8377
659
2025
7961
349
2363
6228
3076
9809
4711
12174
10512
12899
5793
9820
1423
11311
15
3195
1762
3421
10046
11931
7276
4806
11668
11200
1964
12424
6042
5912
8723
7232
11316
3563
9769
5680
11219
7785
4666
6361
468
12019
774
9418
10966
9797
9245
5715
4966
4400
4008
4707
5919
7213
5079
5651
12929
8085
10079
3390
9645
2868
1635
11023
428
12869
2080
3299
4491
3852
7350
4978
10352
1146
9627
10875
146
11895
5538
7748
1126
11959
11622
2601
12863
10016
10982
9655
7270
7936
4801
8737
12427
9027
11144
5254
11527
8791
2040
12036
4171
8988
2238
12053
5140
11585
11179
3251
7782
9383
3300
5687
6323
9705
4044
1054
8741
9024
4386
5261
2918
1396
7904
1338
12497
2375
9594
8537
2135
11330
5053
10596
9263
10500
12212
5297
12018
5981
9088
1050
12845
11793
3312
10679
10141
1051
6895
160
7560
3863
391
12889
11078
3154
9427
3383
11866
825
6358
9600
10943
11765
12523
11990
3940
7376
2258
7155
9583
3095
351
2950
11286
668
1445
8210
12839
8709
12009
713
6760
6146
8509
8521
3432
9330
10244
2661
12895
2838
12433
10212
7749
12655
7100
8732
6442
1035
5242
8498
1864
10692
1768
5126
12742
650
3687
3907
8534
7597
3666
12096
10912
8554
1472
8756
1191
3245
7322
2339
379
9244
12600
2586
8522
9265
10400
2464
1653
4638
4352
2856
472
9113
3949
11546
6337
9904
11198
7587
10647
4663
4930
2075
11104
2105
6093
3011
4484
9874
267
3508
1868
7176
577
12638
124
5378
7612
6829
6882
1272
11781
2988
1501
7919
1128
4379
6331
1392
9854
4517
6080
7498
11750
8229
4455
4578
8132
11608
6207
11402
615
2466
12445
6605
8079
4226
4823
12718
11076
12454
8793
9270
12699
8826
9207
4023
3721
10098
12536
900
9326
11543
3055
11704
7107
3555
11062
491
9824
3864
11604
10642
11515
11090
5568
8796
5050
8619
3611
9996
1963
2255
7043
10027
8603
8824
3452
1014
4074
6873
5450
629
769
7563
3325
286
7445
3705
5492
3990
4390
1619
7262
5301
83
9694
2107
8261
7115
6521
11428
12005
12872
10974
7753
7279
6387
2784
4527
7162
8091
6693
4269
9287
9685
4039
3725
3923
1809
6715
1560
10496
10922
6367
2567
458
3772
12073
4995
11442
3979
4456
2627
8023
10372
2944
2199
5277
10979
1760
5949
386
11129
9259
10178
1966
9499
1215
3020
4419
835
11829
2275
3484
6861
342
2386
7339
5948
1757
11338
12871
10581
10946
851
10271
6137
2569
4341
8366
11315
9923
8216
4525
10857
12782
4858
9763
12570
11641
1502
9218
5317
12631
3617
12796
910
4277
9396
9628
4848
8380
2213
10571
10320
11068
700
10276
6006
2205
5840
12823
12358
5756
12599
12345
1020
8330
2392
12310
2734
3333
12626
9666
5274
10821
354
2766
6169
10678
7946
4233
7689
8831
12303
809
2485
12453
7193
69
4276
5387
7299
2005
7930
11436
4623
9803
1104
3885
12618
9541
8415
5518
9463
5379
4729
12281
4813
3302
6153
2591
5491
9040
10444
131
9751
12548
2181
8280
1765
8562
11951
4865
1649
3699
1622
4068
4267
8105
12383
410
7239
4173
87
11086
12113
10784
6679
7875
10308
11014
3070
6151
2621
12666
5842
3905
10004
10089
7783
4338
10109
1405
6610
9192
4881
1383
2341
4937
6615
5554
7658
3367
5458
1119
9863
216
7822
8551
5215
10503
1615
2841
8701
4330
6055
11154
6176
12888
10844
6725
1524
11631
2106
4939
7154
6606
1203
9521
9054
494
4861
1607
5839
32
8659
2482
3063
508
3789
6804
7791
3307
12370
8866
1567
2315
7937
1095
12085
4559
7059
6685
11362
7723
6572
3944
1887
11146
985
2983
7778
12107
11965
6719
1739
10689
11836
926
7404
7921
2716
10520
1674
8042
12526
12361
8632
7713
1449
7997
11435
11059
897
2125
11177
1021
6763
3634
11476
7987
10672
3731
3317
1385
6664
6186
7818
11189
3681
9829
34
8731
3908
12482
7861
7621
10807
2146
33
10781
7557
8055
12172
230
11874
13011
3090
1859
4552
10245
9289
2335
4689
6737
4089
3260
9389
3966
11889
13010
1672
1520
3350
1593
5535
7774
8412
4531
3525
4211
2381
3279
12266
12513
7414
5946
9637
10096
3853
12622
7051
10501
10952
5296
6250
9160
4790
1604
12496
11969
5883
2575
3632
9704
8265
6619
4611
4476
8243
3528
4443
516
9002
9565
5918
9702
8143
7968
10485
9447
7683
5890
10886
3395
11760
5059
7701
4152
855
8423
6586
5852
905
5745
614
8786
56
6769
11702
12198
11938
3087
11987
5319
9169
10026
8548
8350
10936
420
7863
5870
9661
4103
3225
10764
9644
7935
2432
3097
8000
9759
3354
4441
10257
7854
8205
3405
11494
7659
10869
6824
2735
1348
7888
1754
4584
8989
10253
6294
5625
489
10133
12308
162
10311
754
5904
12991
6057
9400
6096
4887
6777
12339
2378
9871
11728
1488
2684
5776
12759
2773
1495
4831
2465
12224
796
8419
5160
6390
12120
11647
8775
64
5346
10107
8931
726
4820
6690
11050
4095
12360
3473
10734
12302
9531
5399
9926
11983
12286
12643
4046
7518
7758
4683
12629
12903
2449
8260
9794
2095
11801
11098
6402
5958
889
12970
6953
1998
12542
4851
9106
3929
3346
11133
7902
10727
6509
5329
5251
11243
11385
6135
6197
9398
10197
2445
12051
7228
5693
2172
1117
11919
9478
2319
5340
11863
921
12170
8809
8970
2010
10559
153
5465
6349
9847
9468
6205
2175
9032
1135
8764
5447
11700
737
7909
5117
4894
9693
8120
6282
6972
6203
9329
12375
10724
1023
404
7031
12318
11509
11763
9631
6388
824
2272
8910
6740
6818
6649
11806
6973
8842
10360
2209
8888
4686
1194
2062
2486
1463
6470
3203
8816
3228
1123
6595
9039
5982
11925
3419
4717
4777
6312
6547
4158
11190
975
1219
7283
7365
1000
3402
10190
6767
9081
6279
10671
10228
6523
9142
6252
12678
10350
7388
935
3595
8026
206
6028
10728
3818
651
1419
9982
3215
10328
9191
10361
5478
2602
7802
4633
6021
3294
6757
7035
4392
9791
9047
121
8961
7385
9611
427
154
693
687
2246
7985
4532
6844
11242
1306
8470
2222
2849
6202
9891
3102
748
11890
4753
4374
854
2903
5512
8873
6937
11680
6727
12746
5304
8645
9173
6663
2266
1393
12790
2718
4224
5452
4114
7738
7787
4528
2923
689
5108
7037
9875
2992
8997
974
1082
1535
12501
11004
5132
4652
8040
10287
10316
6248
879
127
5005
3512
6513
1245
10607
4878
7489
3459
11629
8795
10677
3071
9077
3223
2723
5284
10786
7959
10511
1199
7001
8315
8748
9114
7582
2157
4417
6123
6877
5623
9885
8568
4342
6956
9878
4922
6290
4308
1240
2101
11873
4876
11830
4264
415
2124
7040
12558
4088
6670
12002
10937
10616
9674
3664
9948
8693
7166
11325
1459
3479
12760
12597
664
4746
10800
7925
1950
4566
10810
9385
156
1376
5988
6424
2556
5908
2957
7263
18
7469
6300
5004
6865
1251
1795
10154
4975
6031
2714
2420
4860
2835
8275
5570
8512
4648
1485
3792
9306
6897
3200
5165
12983
5564
1333
10354
2462
2170
10104
7073
12400
1369
8222
263
7136
3906
12877
3673
10468
7308
7029
10969
251
3998
8861
4703
1282
12683
3825
4807
4575
10355
9094
3387
7732
10227
658
6425
3298
722
11844
10871
10761
8486
8874
778
3630
1699
10048
3776
9626
12001
5995
3564
6813
10995
10911
339
11085
2286
5775
4653
10452
6370
9919
7487
2803
2961
8076
4885
6957
12054
10793
1487
7908
10643
3130
1093
2270
5153
8533
10554
287
8347
11302
8324
12211
10888
1714
6802
6187
4618
8886
6081
4112
6502
5025
9179
4505
8718
1806
7645
10106
4739
6567
6982
6832
12982
10108
4293
2864
8889
7662
334
4198
9388
3485
407
2409
11591
7124
4544
2153
9507
10659
1605
11397
12883
1311
4389
2079
3515
9216
7377
6889
10103
7326
5309
9814
6117
6102
2706
7165
8871
10010
4011
4237
2436
9530
8406
2410
7704
5985
11569
6692
11518
9992
3399
9064
2727
7041
1298
8019
2475
2265
2511
6515
3988
7812
9774
7769
421
7409
10450
12832
3984
8375
7573
10721
405
9414
7905
2167
10890
8799
12750
6703
1770
3048
4016
3537
10076
12467
8399
1505
821
5156
6799
4136
2900
12439
12409
5608
7926
4410
3723
858
6794
8317
11699
2680
11960
5029
5032
1627
9978
1262
2564
269
2512
5819
9689
7515
6668
4149
3629
9237
9063
6381
5128
3860
804
12200
11211
1715
4412
2922
6483
4731
8465
2726
8409
9303
6808
6506
12008
9338
4106
9669
6789
9730
3244
3044
9490
7366
9857
1922
11368
10760
6691
8480
1328
6487
12020
7214
7280
7610
932
9302
1534
12052
3224
10641
1378
1169
3439
10927
8013
929
11775
3175
12232
9489
6801
6071
313
12349
6636
5825
5987
5468
846
4688
7601
7496
10051
5369
11734
7995
8569
2882
9651
12616
4297
10557
10517
532
12709
10198
12178
12214
8173
12108
9933
6752
10467
8754
304
6407
3015
8478
6069
10009
1178
2667
1239
12546
5042
10978
12476
3544
2792
5874
11031
8124
9641
919
6517
5318
6333
453
9816
5683
8094
11686
5044
4902
12767
6967
12547
6896
7321
12778
12731
1197
2355
5552
5316
5767
11879
4468
1748
7064
1823
3733
5889
12022
380
8448
5837
1751
12992
1277
8070
5362
11354
12681
9310
7938
6553
6860
5853
1411
10477
6700
9484
1329
3766
7422
7009
4984
9749
3358
674
4479
12269
12329
2632
2958
3388
4197
2775
2962
7544
4451
2887
11253
2620
3283
9080
3994
10666
2537
1184
4646
6278
9834
6460
3768
149
3826
1878
1030
6188
5030
11149
12663
12635
3032
4904
2622
5244
9819
678
11973
5954
3993
9884
9589
1617
10441
9742
11943
749
8463
8268
8321
10984
10419
6624
1734
6599
6809
7062
5658
5638
12193
8642
1616
7467
5702
11648
1099
2625
7149
8137
4279
5475
12702
470
109
6917
9186
6052
7407
5240
10188
8894
3273
3271
4973
10326
598
6431
10827
10640
4327
9849
6584
8983
12132
11535
10931
896
10523
8671
6417
8098
4070
497
9349
1015
12234
5028
2234
7219
9725
676
5270
10157
6762
755
2190
393
10785
11599
9162
5075
5104
6455
12798
7736
11482
7485
5573
5660
12834
2454
5972
7183
4656
7672
11183
1062
8382
5808
11511
10347
8140
5010
12791
5996
2613
7436
6542
779
5927
4961
10550
6678
12277
1523
2624
2048
6488
6814
7131
5054
8236
9823
6414
6519
3572
8394
5896
12752
9158
1532
2349
1075
6732
12854
9118
7117
11892
4480
1461
10231
11678
3662
7910
3670
3896
11040
3086
4135
7338
8142
10342
1464
5951
2869
11164
1448
11638
7637
10474
5103
7406
582
3038
11407
6660
1893
12473
3943
6721
12527
10852
8857
2253
9775
10409
4170
11201
12831
6049
3815
513
10318
1493
11514
1881
1476
11537
11070
3093
2068
770
12215
12555
233
8862
1916
9183
9248
8072
6870
6002
2612
5905
5656
12289
4229
3829
2028
1542
1242
10049
10365
8461
10343
3958
2796
1602
11909
6835
4521
8012
6491
3983
7482
9516
5865
12391
12144
1553
543
12062
10900
6850
930
6944
8138
4792
6551
437
6653
7364
8087
5410
11650
2550
7620
1888
4722
5359
1621
9016
10574
12781
7559
7507
1254
5576
12671
2513
12280
4322
4092
6683
10410
6785
2710
641
6898
4096
6928
5588
171
11748
6474
1716
7058
12184
6738
518
3365
5640
2177
4298
3441
5799
11328
7028
2878
6480
6836
2695
7418
5307
11210
2860
6878
5063
11103
10798
690
12152
7536
279
11327
5813
3344
3786
11684
3570
4247
9007
9856
323
12966
3496
7303
7097
9800
3342
11796
264
2299
10175
3516
9359
465
9346
3671
2640
5787
2938
3478
180
8053
12474
4161
12124
9653
4933
10990
1440
10229
7158
11542
5394
8481
8289
7036
3007
5569
11860
9652
7654
834
2451
7345
12386
11577
4072
343
11294
8032
3436
9911
3058
4854
11437
4005
2143
11022
5773
7285
6182
3376
7022
9924
2611
10176
446
7145
5194
3506
10618
9853
3522
25
12404
11339
10448
1650
8226
6587
2414
4483
9548
4841
6525
5832
10980
8323
9780
8170
7996
5227
8802
4444
3425
10743
10759
7334
7883
2712
923
12977
10879
4153
1069
3275
4590
11657
2758
9934
8034
8717
5914
3259
10476
2
3888
11462
10902
7171
11809
11715
5332
9562
2027
9900
4935
11035
2188
12041
12590
2406
12743
6163
11187
1106
45
3689
10669
2541
2570
256
1817
4272
6408
6004
2643
4655
11717
12293
2552
1210
9119
2289
12485
2707
11344
1072
8638
1046
5168
3094
5504
2472
7820
2774
3178
11448
8489
4782
5731
5303
12158
7644
2977
9453
4588
6987
9043
11415
6363
11664
7572
8290
1700
11411
306
12164
7939
11979
8195
8387
4502
11312
10307
11063
11196
7977
5944
1122
11589
10775
12150
4336
5437
4288
11188
4908
11980
5708
4726
10948
1201
247
9792
4234
3148
4751
5218
8880
6219
4766
6324
12455
310
10177
6396
10281
6344
3953
2898
6717
1598
10469
7084
5694
3606
6326
12468
5794
11251
9321
3729
7619
1499
5495
4545
7129
12906
1743
8595
6945
11740
7237
6827
1425
8201
260
4507
12692
12136
5654
11371
7727
8345
3607
9812
717
7252
9257
4182
7140
9872
12909
495
10903
600
4982
9001
4844
8907
6546
11833
12613
1132
9428
12825
8694
6923
3510
12568
2426
5400
63
10088
37
11819
9970
2777
4745
10210
9510
11433
10506
7984
6622
12491
8703
920
11284
6900
10377
10830
562
9575
1758
1342
3800
9757
9133
6113
4774
10338
6756
202
2939
12100
12167
1349
7627
2989
12660
8617
7393
11184
2500
8199
9379
10502
11776
11555
756
7196
4916
3334
6392
7416
5418
999
6231
11010
2836
9485
3152
11934
12717
882
12239
695
2588
382
8561
11226
10803
4788
6285
5224
790
2091
3976
5534
6126
12614
1407
2273
26
9284
1433
11731
476
3578
4369
7072
2899
11101
5222
8514
179
522
3533
6849
2722
6634
7023
8164
7712
6141
3653
8103
5046
9432
3389
6617
10612
5384
1871
4195
9360
429
10439
2521
5233
309
2305
7965
922
8069
10488
6869
3433
8837
3856
1654
5281
7643
7881
3702
5783
10919
10757
4497
11438
11414
703
4936
4944
7642
10479
7517
6058
10440
5144
5002
7700
6327
5991
9195
2806
10619
3883
1771
2592
3250
10309
6304
4326
13006
8397
10259
4547
8163
10453
3504
6112
1675
2681
2915
2151
3709
4246
5817
1661
6478
2423
12687
8531
8720
8844
7920
1437
4817
7048
3035
5157
8579
6961
9204
902
5631
12240
5341
10509
5180
11818
12945
2442
2853
4601
1849
5018
9236
2154
2467
8830
12426
10580
3079
6839
9511
5878
378
3357
9908
7649
6008
196
6132
9634
11548
1965
7013
5976
1040
11227
10536
3109
4847
10535
7914
3780
297
8340
12000
7539
5033
8349
6812
608
3113
2896
2150
789
10031
5289
6456
11573
2662
8067
11676
5716
9955
11713
5122
938
11645
11613
12183
530
12947
8153
10073
4280
3972
3241
1591
1498
6260
2055
318
7868
12596
10463
12442
8065
8540
981
3040
12559
7839
5481
9196
9962
2551
417
11523
2829
2490
8180
2664
583
4863
2251
12135
7830
9444
9291
1103
7665
7293
6199
9845
4378
8126
12059
9784
7571
1367
7711
753
5652
2757
2488
4832
8715
572
4137
573
1731
1702
2979
10834
908
9410
11306
12720
3406
10915
11269
7148
7347
7639
6906
4983
8367
5097
10699
11541
548
6190
12459
8234
1065
2186
11709
9209
6
12648
11797
6845
3378
5174
3809
1496
2431
9835
4945
4989
5015
6549
10205
5089
12177
5433
7256
9912
10633
7202
11245
9013
2926
7506
8544
3142
7708
1482
234
8121
7661
91
6555
2826
4810
113
4097
7788
12736
10270
6155
6639
2495
2804
5679
745
8029
4719
12069
11840
9687
12574
1816
11928
2765
3559
11303
11698
7752
3816
1943
10299
5980
8834
12672
808
2448
7204
11008
11807
1422
7398
1710
9767
12881
8801
3558
8991
3391
4260
1953
5686
9690
2931
12728
11780
6061
4709
1144
9961
11264
11603
2907
12406
11298
8219
10147
2171
4358
2916
7369
6247
9613
7169
5275
1159
8684
4833
8848
6899
9825
12356
7218
3582
1848
4667
4206
7435
10113
3161
2123
4230
1115
3980
10368
6529
11258
5628
12754
7677
7599
12518
7911
285
10675
12264
6771
10192
4549
6236
1900
12780
8853
7580
6074
1230
760
8015
12413
8187
1173
5193
12621
3172
4424
6353
4365
1066
3238
9049
9750
4924
6427
9397
12713
5048
3714
7561
195
7474
8804
11057
11418
5331
5187
11225
1921
5257
3921
1525
12545
7600
9382
10446
7806
1655
6063
7810
11735
11105
5273
12149
2603
138
1024
4853
9147
10526
3874
3319
10706
11247
3289
4499
11256
79
12061
4956
93
12016
7975
11260
9858
11443
8331
12645
1634
12769
10738
5578
12333
557
9710
11248
5474
933
7529
627
12241
292
2304
4577
3545
2649
2719
7903
12703
1202
3204
11124
5326
12913
3190
8001
5629
12658
11395
5427
2642
6901
8646
9328
1949
2370
4541
8908
6932
9540
11331
2634
10215
8184
7315
10082
9227
4526
3591
7207
9876
7767
6130
4080
2446
486
2018
4022
11616
6640
2919
9406
10332
12627
8968
12021
11175
1679
1290
7592
12677
8360
9698
6289
2691
2396
4550
613
9984
12539
12134
5520
3614
4461
5606
54
4151
3401
9242
5514
5351
8798
10904
6787
8813
8045
7447
377
7860
3206
335
9935
8002
4595
9038
1428
7840
4842
10382
12689
10335
11989
955
12874
49
12838
10684
5310
12076
10242
9518
488
12917
9770
5190
3226
4035
8374
6092
11899
10075
9828
2730
6881
9572
1004
2934
11701
8917
979
5425
10364
10291
7457
12722
2911
1174
2655
9012
10795
3859
8727
10428
3535
12563
1270
12693
10513
7777
198
5498
7208
10179
11099
8912
3982
2330
9046
4938
8506
5848
7505
6161
9235
4591
2596
12083
8719
199
12031
12529
1688
10094
6444
212
2353
11789
301
7046
1295
490
6773
6995
9903
1471
4012
11992
10868
11087
243
8287
11221
6500
8575
6894
10768
8742
8351
7602
8789
9997
8441
12716
2872
4421
7463
8978
5572
9336
9609
1644
11224
8697
12762
9753
12930
9660
4254
881
3743
4775
6952
4849
8073
657
3488
141
2751
8819
9965
11332
1804
11483
4339
4624
7411
239
10047
3759
2398
1561
7307
6573
8653
3165
467
3594
11870
4671
1016
11249
11571
565
6859
5236
7108
4289
1822
8686
12188
12029
2881
12941
4452
5375
2415
8428
8627
8044
3398
4720
1316
5035
8208
4030
813
7952
6531
1518
2799
4913
9358
10673
6166
1237
4812
730
3140
7099
8650
11967
3216
7866
3861
7705
12936
2215
2595
2870
7264
10765
8655
647
12659
4565
7776
6871
4122
1225
20
10060
3968
4295
3749
10387
7954
12931
6625
8047
4489
746
9178
5566
3696
8049
3573
5279
10344
2267
2811
3686
2593
3059
50
547
2560
7049
8310
6415
684
6815
3527
6420
7542
8836
8597
11512
2980
11308
6319
7630
4917
2144
3715
8021
580
2883
2314
8277
7681
8865
406
9439
12111
1390
5964
3777
6550
10766
6099
8812
2834
3236
1217
9762
9894
3089
11042
6746
7917
299
9905
10851
3101
3601
11345
1744
6722
1164
12
10532
3587
42
3675
8503
6731
6018
1667
8259
2652
10664
4596
4808
1094
4637
12833
5999
8454
4458
5866
12082
4361
7927
5006
9573
12246
6084
3945
1090
12813
1331
9731
3326
7160
3785
5824
12050
6413
12517
84
8527
5764
6994
8542
10432
372
5579
4475
10058
10710
561
8311
8402
3186
2203
7426
1662
12203
2566
3881
6270
7459
12981
8688
3752
2783
8427
2728
8307
2867
7420
7720
2542
7826
8080
11825
4340
8296
4678
6157
11508
12148
5221
8761
8455
2668
123
7850
4375
12556
10636
3456
12253
3103
10527
2294
9281
7341
5469
12686
11929
9488
4740
5358
9567
2646
8434
8969
9451
3727
12305
1955
7065
249
2549
10578
6204
10083
5293
3385
11381
3221
12480
12199
11159
3926
1418
11250
7714
6658
10522
9221
6115
6216
8905
12236
8587
12565
10632
9466
7598
3577
5801
12180
6473
7460
5752
5916
891
9476
9365
536
8909
9504
8344
5661
8620
3039
10750
422
3027
4243
1839
308
6011
11588
8237
9184
1481
11239
4754
10809
3996
720
12858
12960
10044
371
4307
5505
8443
12964
6382
2543
4081
9981
2995
3243
10487
9262
1742
2810
12415
11799
11295
8089
2711
3939
4800
12091
6046
12444
1067
7391
10239
8863
12625
11615
282
10169
11574
10201
7168
11567
114
12205
1818
798
8312
9492
7982
5328
9422
7501
5732
6791
9154
4947
12372
5092
12844
11067
8924
6347
8780
6144
9205
3486
1970
9211
6826
7328
1105
12421
1837
5431
12756
8507
1113
1162
8740
254
12735
2959
1071
1228
4859
10823
8133
4951
1933
11109
8283
7844
2704
12950
1596
1565
6576
11074
1879
12033
5882
631
10013
7651
2745
8075
2011
10621
10665
3891
4897
10402
2739
361
3009
6856
11835
8851
9285
3964
12827
1361
8209
1796
11547
12940
2587
3031
4190
9058
7889
6318
9553
7824
11027
12962
952
3252
3006
10246
9621
7715
988
12916
11984
4948
2473
12670
82
10587
3231
7562
7298
5909
9335
12350
5697
6744
12987
6718
7703
6073
7309
235
1379
9848
5594
2287
2871
11390
10711
2529
12812
9140
12604
12898
9929
8589
11877
1527
6533
8592
9401
4825
7743
4335
6730
6672
6820
1548
4148
10767
12585
9610
9867
8930
7223
9941
639
8879
8576
11988
4024
7740
5445
12208
5671
2851
1842
9714
8949
499
12195
5109
8088
11800
603
6240
8948
12566
8071
1033
12876
3609
9252
667
9940
7471
6098
11982
9135
6743
1719
1450
6223
12810
7486
1252
2369
7891
29
12937
7834
3551
5798
11061
7090
1055
892
2050
3948
2250
2696
3257
10070
10127
10202
10329
11039
9662
2374
10174
4248
8484
7381
531
8947
9171
8999
11534
5706
2142
7664
8060
319
5177
5220
10171
8136
345
12429
2797
4622
2645
10864
12651
12862
1547
4067
10491
6942
7392
509
4898
8413
10756
11916
1112
5
9305
10041
11968
11519
12885
9990
10683
5049
649
8338
7272
3718
7191
6778
4397
9642
5858
6499
10695
5974
2226
10324
2384
10796
3234
4054
9017
12814
3078
5805
827
6122
6971
2865
10132
2496
6041
2214
11186
12740
9977
227
576
5020
2518
10418
3174
8869
362
2514
9304
74
8943
11733
2129
257
4698
9037
5550
4420
3580
4815
10866
1196
423
1163
5590
12893
12231
2769
2042
9293
9194
1350
7794
2819
5360
8913
2531
59
7916
1790
646
1061
7877
115
5678
3347
7150
5073
1529
9387
2237
11871
11596
7691
8882
997
8319
11389
12591
6322
8378
7586
3624
1858
8207
5408
528
2857
2863
10499
2677
7550
7513
12510
7198
2840
2781
1665
7235
3848
5078
8499
11006
11532
11427
3210
6225
24
10967
7249
1883
440
7823
11549
1683
7074
7371
7127
10696
10062
5600
1613
1643
5349
2960
11102
3467
10222
7438
6120
11687
9066
844
714
5396
10495
9323
1563
11394
5591
12843
7220
11804
12265
8571
3229
8681
3253
5017
9505
7243
12179
10537
4179
1746
3127
3171
3877
6309
11634
6384
7481
5205
7648
1291
11314
1011
2807
3004
800
4741
6227
3072
1992
5473
590
12363
586
9513
12504
4768
731
2236
413
7475
4306
4958
12197
1110
10116
4684
3518
5179
6493
12060
3404
5986
5966
7699
1657
6426
7088
4166
11614
5612
1192
2434
5199
8264
12801
11216
7336
2492
11936
2388
12163
3422
1447
12130
3239
5173
7241
7128
12892
8097
7429
6753
6862
8016
5733
9493
3197
11235
12828
1843
387
12774
3819
4193
10985
4706
5574
12028
1400
9837
2793
9208
11777
8559
4102
4914
5502
10017
5163
11572
10128
12694
9217
4911
5443
3787
3951
10305
2419
9772
6088
11065
8241
250
3682
2417
5466
928
3897
11401
5728
1206
2117
4078
3060
7080
129
7870
7773
4216
392
832
12154
11441
1537
11009
3828
12979
8967
12584
2729
7603
0
8284
744
5758
10608
12524
7897
8624
7490
3719
4696
7094
11157
3397
3904
9536
4175
3840
12328
1763
1231
12995
9430
1558
1286
3751
5788
7596
8954
3169
2658
2427
5910
2818
843
5892
5753
2786
8557
9595
8425
1775
4490
280
8668
7779
1059
9307
7394
3604
694
5007
7277
10885
7454
7015
8253
1869
8981
12768
9069
12921
2241
5887
5137
11685
1862
8939
5019
11923
2768
11559
3602
8050
3781
4593
6910
6040
12958
10542
9606
3793
7147
5938
2376
6739
10662
7330
9796
4972
2407
1609
6607
4843
10986
5903
11726
3085
9752
4760
8048
6766
5970
10615
10105
10700
2933
12715
11139
10874
8932
3857
8800
7707
11001
7807
6993
6395
6524
2607
9185
10139
7079
6544
4708
4343
6476
8348
4437
2778
1741
3096
10069
12935
12347
2217
12808
5822
4780
3882
12986
9805
4862
4672
10544
894
9322
6643
8383
27
12712
4180
3315
10164
5698
4510
8504
686
1408
10663
418
5769
5192
4855
12691
8168
3453
8270
1289
4535
2288
9269
3950
4644
5259
10042
982
1932
1678
7817
9355
2548
5754
2741
8257
10660
5336
7848
5668
1166
7590
10359
5911
8974
5549
8462
10115
8497
7300
9902
8247
6239
4607
8172
7835
2650
6644
4692
4907
4906
9399
10545
654
706
104
9498
11864
3025
2889
559
12733
11138
9461
5947
8442
9010
6281
2604
4116
9897
12168
5186
767
7949
7215
10568
10043
8086
11903
3218
3163
1962
3067
6911
3894
2450
8078
3182
5717
8670
5485
632
1116
10901
10688
5087
3332
1575
8582
7497
5649
9538
4920
8755
4493
12971
2955
226
3765
3995
57
3064
1690
381
10180
6706
4558
1360
2342
7511
11580
4405
2089
12038
4213
967
3927
8618
7786
2147
797
1027
10742
4370
3481
8334
9036
4274
11115
53
5828
7846
5634
10028
995
9520
3521
10356
8661
5438
10951
8179
7419
3500
4693
4121
836
10379
1085
2232
1886
4205
7187
12623
998
398
6964
11432
8458
10876
5344
1833
10715
4492
1413
12306
2347
815
5311
2422
358
1130
3838
4850
9212
1855
1958
11340
6129
8154
1990
12601
2029
1287
2306
8903
4040
475
9354
9986
3256
1594
1891
5814
8766
6590
4015
1244
4021
10787
2742
7692
9362
5335
4996
10160
4422
10631
12533
8729
7018
5936
6611
128
1706
1009
3870
5363
5807
4713
7211
1453
7044
9214
5268
9678
4830
2471
12025
11727
12753
6116
8663
11422
8303
8305
3041
7556
3128
6213
10146
10006
852
2921
12196
1118
9425
2385
7484
8274
1800
3162
8982
11234
12166
12046
3451
10773
6206
10505
10924
5844
8964
10802
638
11887
5234
3657
5674
10302
6708
718
7574
12298
5133
12928
11291
8733
9126
12068
2400
1250
11272
8566
12836
12737
12194
5216
3366
12657
1320
3501
4223
11406
7405
6482
10209
10583
1603
8116
2843
10788
9728
8772
12274
6696
4485
9703
6307
8630
6103
12734
12077
9744
11287
5267
9758
85
9148
3690
4625
8403
2787
4101
9203
9534
11425
10972
9918
8946
11143
11689
7669
2280
1729
7524
10992
4303
11584
8667
9143
12923
4064
579
5088
7453
535
4107
3438
4442
1544
11791
8546
2888
3494
9913
11565
2244
751
11996
8146
3394
8343
12093
3475
7535
8294
12126
2333
11093
987
5975
12384
12182
4047
9232
5961
795
3240
70
5681
734
10422
4025
10964
5602
1656
619
11486
8052
9760
1676
10039
4551
12186
2821
6582
1977
3547
6341
9134
9230
4192
9950
2912
3622
3155
11782
1595
3574
799
12514
2997
8093
2072
5604
2815
2260
1831
1443
3321
7849
2540
4728
221
5900
9980
9587
7710
11366
1381
2164
4334
7186
3122
9909
916
13009
11137
9084
8535
5477
12997
6233
3361
1583
4965
8357
10930
165
5723
3615
3957
11948
10425
8242
412
10297
10628
12141
4384
12192
183
3931
7899
1043
6913
1416
8422
12608
11669
10374
4929
9917
3808
157
10929
1028
8175
1375
925
8218
4677
2291
9325
11275
7956
5880
12262
1773
4196
4940
8057
4299
11869
1576
776
9474
8028
3412
9239
8955
9344
14
2024
9411
5659
1659
3444
3296
5325
786
2554
2669
329
8295
966
8928
1827
19
2842
5188
11391
6436
4923
5164
7589
1154
12939
848
4382
7871
6931
4846
886
847
7993
3445
6612
8523
2132
4967
9920
10224
6883
10370
6588
12998
5330
9577
12901
9895
11692
7091
1335
11536
5593
7964
9136
3981
5581
7427
6261
3663
10395
143
8758
934
4896
11538
5241
1041
3626
9079
10521
3121
653
3520
12304
6704
11270
10117
1382
4060
6723
11000
9274
11403
178
692
12724
1366
12639
8990
7071
8726
9086
7533
9170
7885
2823
11888
12463
7075
8468
7764
133
994
3965
6434
788
4228
4042
6003
10158
7768
5167
4290
4445
3899
10237
2285
12837
1568
9844
10849
6566
1444
291
6776
11033
3446
4635
2749
9650
7233
9473
12430
4058
8906
1351
7836
1646
4829
5312
7318
10840
6958
1001
5100
3858
2058
2394
3588
8388
6458
2110
1073
671
11228
6940
12173
8240
4362
8680
7962
10204
2329
9238
7102
9748
1213
11688
38
122
4302
11994
9089
6592
10708
9241
2713
2031
4332
2498
12673
4111
8061
12110
8565
2159
8687
5516
11375
205
3373
6308
8525
9638
5047
7060
9766
11240
5305
11348
5509
11356
12632
6765
4506
5663
9052
5238
4119
8615
3359
7944
1606
9479
805
4723
5171
6121
1797
10148
5761
12035
3505
2925
6237
4402
9578
1098
3492
8074
11587
8212
8096
9391
5621
5665
11784
10084
8278
8698
12521
2208
1566
11710
11071
4826
5255
16
4416
4639
8202
5657
5172
3013
5555
9889
5950
5741
3581
12967
8370
4946
9062
5645
12870
7045
4534
6214
1703
10415
293
6936
6545
2504
9384
5734
346
10989
11229
12887
11075
2717
332
9197
2656
2416
1179
9025
11463
6909
12685
12094
3628
4931
2525
3139
10932
10870
7696
3889
6111
1111
10712
2991
9042
12449
1181
11642
10416
1208
12552
2724
4642
9964
2756
12146
9296
10284
7259
960
3
8227
328
12949
7120
265
5467
2653
482
12017
3738
1978
8483
12520
11883
4993
12346
1840
7260
9633
11028
6421
10040
7896
246
9172
724
10998
10260
11755
8141
12788
1064
529
7923
12729
11881
6296
10249
11655
11586
1138
8083
1875
8773
12191
7415
1426
11475
9193
8329
1143
5750
8895
6688
9954
1671
3274
3381
7488
4366
325
10037
9446
7141
390
10235
4691
801
2568
4406
5116
7352
11278
5929
6720
2760
11283
5809
6472
7951
5370
8346
4463
705
6423
12297
6201
11570
5664
7156
1597
12794
5586
7019
10172
152
9087
11176
5413
7845
8358
6581
8167
838
11817
5027
9754
8160
6494
8771
7745
13001
10657
3925
10252
5441
3947
5390
12534
2225
7667
7268
3801
177
1147
12711
1939
6180
2920
6630
6823
7138
7216
1512
11845
9368
7439
10266
10783
2093
5644
61
1470
11786
8634
7424
7016
1497
1545
4889
385
7653
8112
8937
5643
1340
6154
1863
11026
12081
5611
3812
1339
7104
8171
6637
4204
1785
11501
12948
11900
9369
8288
11471
4250
9733
10954
5522
9787
10933
9149
611
5454
11745
7020
12820
10514
8035
4184
2648
11382
9936
10667
5517
3668
3106
8674
3003
5934
1216
2930
3552
2331
11343
5068
2580
187
609
9290
8392
5875
9739
5859
12506
3132
3311
11324
12564
3767
8666
94
443
10431
3991
8432
11369
12910
1584
2130
4432
3114
8626
12938
1967
2368
4589
12777
12300
1810
7575
5377
1952
105
2924
5815
12395
77
10907
2526
11454
3898
5077
8580
601
3708
11409
7157
6009
10445
4508
12589
7081
11259
3487
10792
6400
3511
6548
1152
4440
2538
2639
6969
8925
4238
7329
352
9569
962
5170
7312
1682
11529
728
951
10589
1341
5101
5398
6598
3448
8753
12330
6939
439
5246
6614
2964
8107
2709
2715
7670
9945
4281
1504
11477
3509
9688
2809
12121
7652
1784
853
1722
7698
7209
5461
252
11493
7034
10189
11380
9164
1013
8228
10036
7323
7629
3756
3701
992
4619
1438
5826
9332
10325
7808
8700
4867
10817
8662
9623
5771
5616
4428
6479
12851
12708
5635
8099
8555
12440
7254
904
6269
7617
7551
777
4319
4883
7719
4261
5971
1559
7434
3640
11882
4320
3977
5957
2943
7210
8266
3396
9529
10714
11158
10835
6927
12233
5098
2323
12484
3159
4981
5123
3235
167
8785
10330
3890
3839
2221
4697
9373
8198
2561
1296
6172
983
596
3855
7087
12594
5519
5630
240
8038
2227
4108
5749
12846
480
3542
7432
7296
3014
3868
11597
7367
2463
7981
8843
959
2283
4164
2738
1592
12217
6446
9117
1387
11908
4500
784
6301
4845
11060
772
9672
1165
464
10863
8385
11902
12114
11656
2193
12783
6062
5159
7222
12209
10848
11505
12664
6504
11341
9519
1356
534
3120
3309
492
7979
2579
12040
12933
12156
7304
9932
4010
12963
7375
11766
5921
5091
6242
11446
430
1195
12015
4472
7882
5373
6891
12795
5066
9298
6445
7167
4964
11297
9076
11038
6775
6077
2402
12465
5306
3973
10576
11671
6893
4270
1261
5247
1517
5557
8513
1044
12065
5841
973
436
5920
4125
8308
1658
12747
1421
917
7801
725
9561
11203
9866
2771
1752
1756
12859
6935
1315
3775
6317
2885
8530
2839
1618
11499
3049
3201
8144
5276
3734
8552
10183
9381
7566
5707
6215
3576
5804
12285
3024
4066
5747
9390
8025
8815
3124
8118
6156
8545
12125
750
4221
3415
12438
2929
8436
7706
10940
8328
9699
8363
2290
8762
7500
6149
9392
1641
8590
9636
7397
2968
793
11695
2635
8685
11981
4253
963
10908
9188
1263
2365
11429
766
11460
7545
2876
4755
9865
3909
6375
1271
5823
1709
10014
7548
11450
1913
6989
95
6171
1031
8326
4126
6984
12301
4985
2746
10648
3900
5178
3131
7144
8856
9654
5786
12238
2502
3744
9438
9927
12341
7893
12665
4579
6325
5692
4968
4225
7869
8151
248
11066
6373
12218
11421
12908
8904
5672
4932
4048
7929
5759
10558
1786
3105
1399
3180
10021
10755
12457
4662
6340
8553
3608
3052
1276
8996
9684
5770
8451
2692
8115
5614
10950
5956
1170
12573
9315
12365
4969
6838
4262
913
8986
9005
9350
4355
3820
9815
12557
5404
3468
984
8835
5372
2001
10862
5476
2985
10723
2590
5772
12912
842
11643
4724
1157
7346
3205
8213
5792
4169
1991
9795
5440
7448
2408
9994
6295
661
5147
1305
4160
11434
8123
6713
10018
12012
450
3613
11162
10357
1187
9279
5871
4612
5735
1326
8024
12034
6876
9671
1885
116
6646
6530
348
9243
7948
11581
11214
2767
9682
10095
4482
5337
2401
8111
12817
7039
3887
7841
1956
773
3807
9967
3557
7092
8926
4877
144
9620
8494
5763
10264
4426
7379
605
9165
7623
5897
7842
10993
3108
11191
6733
6393
8342
12317
496
9163
7847
861
10232
9082
6020
7816
6128
290
1698
4331
4071
12816
4676
4994
12084
4668
9327
3450
6914
12650
10652
11349
1101
11155
7943
8584
2721
5797
2693
12309
8183
11279
1925
58
1791
9416
10024
4553
11886
5695
10405
5821
11199
8134
2447
2137
10247
11788
11513
869
2391
6661
7337
4822
12312
8309
6925
840
5080
11662
11957
2372
7504
849
7838
634
11456
8511
5252
3672
7760
5624
8936
3170
4941
10801
8176
3261
4802
12509
8963
7122
1973
1811
12447
6915
8022
2837
6998
9599
9234
9785
360
4890
2534
3282
389
6001
4414
9737
4214
10782
3637
8899
1852
11127
11351
364
2399
7038
7054
6589
12965
519
47
11335
12472
11141
3135
6631
8058
8386
3502
9743
9813
454
5515
637
10731
1045
11773
11841
3946
640
5411
5058
5849
276
10465
11310
7570
6518
11296
8384
9437
533
11016
6795
11383
2946
9745
2854
11754
3233
6314
2812
10994
6907
10101
7793
6941
2489
2470
1322
5181
8418
12263
4376
11393
1652
1515
12961
11847
4864
10991
9735
8152
4998
10674
1310
11602
2056
9719
4776
4403
6152
5161
11029
4875
8090
9060
8298
2584
5701
7724
12242
3823
3196
11288
3901
7898
1819
8119
6143
5998
10034
2180
7789
12207
6310
893
9783
12511
2404
3183
740
1761
2204
3348
2121
2468
3590
5449
90
6158
4519
558
5607
719
2114
3978
550
6657
1265
11852
5543
710
6189
8847
8301
12129
9747
3303
914
1989
4085
9692
2697
11724
448
7349
9971
5526
4632
11999
12943
7685
8435
4494
527
1477
3514
9128
11832
524
5953
7047
5105
4434
6053
388
12284
9220
829
12705
3356
10290
4557
4210
4013
6072
1670
2956
7747
12690
12458
8679
8092
7941
5195
5589
542
2600
9300
1432
7674
89
12633
4219
6564
11651
5225
12055
5973
7756
5537
5894
3188
4582
5198
4239
11503
12773
7516
2880
8682
498
11237
2383
12259
6162
8921
6355
5899
4498
1427
9568
4783
9985
12758
10778
4001
1745
7527
2035
2195
4778
12864
11318
8244
2012
10656
9503
10081
134
8612
8186
12696
9459
1275
8446
12792
11930
2026
6880
10269
1304
9494
9167
7837
3353
5691
5700
592
4168
2609
1664
7682
2233
10751
4905
2429
7362
12502
12850
2115
2428
3530
11073
11926
3797
3575
3410
7900
1892
2754
733
8438
11721
9341
12748
9608
6535
11379
7335
2477
12787
6438
10956
12847
7269
5508
11458
10569
4176
10243
5432
2000
9419
8768
12414
7050
2338
2795
6275
12968
9946
5781
816
4650
1281
5873
2623
7780
2890
3561
7895
7356
6274
9551
3760
5483
12490
6918
6734
11423
1156
5285
7005
8339
8724
7278
3290
5992
5831
4093
1439
9495
10093
9152
7759
1769
3599
8203
8790
7686
6064
6841
4110
8379
862
5868
7771
10676
284
8250
3788
7130
3364
909
11675
7164
11683
1003
1777
8101
2043
10681
6047
11785
6671
1792
9717
1279
11215
471
3151
9375
9020
10519
7173
4630
11255
7461
10806
4163
968
8828
10611
320
8424
3042
901
11660
11293
7865
11142
11530
10794
5106
3304
8190
11679
5338
244
11974
11771
5684
3841
8759
2759
7449
11718
4357
5737
4418
7477
10920
6888
6751
477
2861
12336
1780
857
9229
1910
12348
3189
7646
11281
11166
4649
5343
7125
2705
2517
3137
11794
4156
4988
3722
8159
12045
6503
7450
9614
10310
6441
3836
1820
5031
7244
5930
8271
5926
12228
5460
2530
11915
8876
11053
6164
7003
4240
8838
10167
11618
3674
8156
12772
7348
11206
10746
602
222
8765
2951
11083
7143
7628
28
4879
7217
1543
7408
5278
11167
10457
645
6481
10066
6033
7373
2491
3658
1995
7417
6676
5219
4594
12446
8376
7372
80
6800
6496
6142
1636
11232
5119
11426
3284
7
742
1610
4573
11292
5739
4266
9340
7733
5599
4208
5107
12117
7988
5125
7170
7770
4758
5648
3427
11108
12615
3693
10323
2047
9345
9405
3707
10772
474
3960
8675
5497
3050
2744
5295
12071
1039
8518
7762
5501
1733
10267
10957
120
9174
5043
9144
11455
1813
163
7184
11077
48
3380
8505
4311
11163
11252
2675
9319
2633
663
8811
3625
10313
4909
12571
11610
7755
6034
3748
10551
10709
10279
8915
6311
9831
10363
6253
1586
9176
2969
5595
12290
5407
4178
9821
10597
9295
9019
10789
3639
8577
6934
9764
10739
9552
9802
1906
10138
12255
9843
11816
10668
12649
8604
2699
6238
2297
6185
4504
7790
10187
5800
3773
8887
12078
3560
434
7112
11358
1628
9591
7876
8846
6863
1362
6059
4903
12525
12418
6512
6981
5802
3440
5110
2218
11064
3331
1936
5845
86
5902
1180
5536
2064
5420
5827
4765
7274
8818
4449
11673
3074
6647
12884
996
1284
4538
3232
11449
3158
626
3068
1516
3831
6283
5315
8745
2318
11694
7152
3884
11749
10122
11666
5653
12252
5320
5877
7189
12848
11469
2910
12727
10196
3407
11921
758
2583
8749
7368
4036
4627
10184
12598
10136
1737
9756
5065
2282
3217
6890
3431
8364
1666
3104
9200
2974
4609
10118
9198
8302
9868
1530
5444
8063
7815
4926
5789
9065
1280
111
7462
12434
5506
7370
12636
8713
3584
11849
11963
3910
4037
9910
9782
9788
12023
8591
6992
1580
7583
6104
3730
6419
5633
8769
6196
2435
17
1151
6596
4608
4187
12066
2108
10443
9584
6462
12401
4857
5748
12934
10346
9101
2359
11470
11944
466
8560
6211
4154
4742
814
1793
4987
6655
2424
1359
1086
9922
7690
783
12171
11024
7399
4435
6051
2657
1010
12226
4712
10829
9030
11178
4634
6747
10646
6702
3147
954
4871
3061
9440
3329
5646
1460
6398
12335
2527
9009
1017
10749
3001
6277
2982
4304
10564
504
173
4805
8706
8971
3498
7185
11808
1599
6593
8223
4314
3631
2708
10626
10561
7851
6030
11361
8660
4592
4992
463
1127
5642
11309
9777
12032
11388
11459
10770
4727
2755
4576
10153
10008
8282
4041
1993
6920
7792
5324
8365
4886
5383
2395
11737
10923
9807
3720
3499
3562
841
2008
12311
8279
5755
11859
1905
1249
1386
12996
7716
13004
9460
11277
2109
8933
11396
12896
1395
11712
624
9224
540
6457
618
12079
337
5436
6467
5744
6255
3553
1183
2126
1243
461
3268
10897
5064
3872
1026
701
10288
5421
9976
11814
3305
9003
3495
4094
4033
10386
6784
8297
1976
164
4273
10393
9254
8657
9166
316
9729
7605
7523
3824
5577
9523
3795
1640
552
8784
9683
6374
648
3323
11831
11795
7543
4694
9574
9619
7083
4257
6642
6245
11913
7538
7795
4462
8867
10490
1002
1570
7119
11170
1346
6830
5582
5366
8730
11089
2481
10001
1354
11465
7784
4347
12669
6437
5791
2065
11451
6321
7086
2927
8214
7428
1368
11484
6005
10426
1903
6293
2066
11467
1538
9255
4131
11479
10206
859
6498
6755
5962
3938
4518
3489
6632
7950
8204
4344
11885
4953
266
3550
9893
556
10181
8148
5209
1486
4514
7737
11744
2044
4761
3477
11720
5266
12189
9448
12007
3129
1186
11485
12953
3029
8699
8239
3185
10881
2770
8449
3173
9585
3879
915
10584
3285
2136
6226
12763
1087
9483
12730
456
560
2455
7396
4448
9223
2295
1944
9501
5609
5024
1246
11578
10217
1942
10832
12744
6627
3932
5721
6892
2673
8251
3118
1406
12824
3914
5816
604
571
331
5090
3021
7314
4244
12927
5397
9253
7702
4388
4660
11457
11741
3913
11468
3000
1355
6232
10124
1572
5861
11813
7297
11811
11265
5670
11635
10540
8623
3237
1401
11431
8884
9995
5391
10977
9123
9351
9286
4685
215
10455
3115
7872
1068
6602
7906
10125
5189
10687
9313
7325
1856
6170
2437
2309
3830
9004
3915
10390
11837
1507
3834
5923
12229
4496
9738
5553
3643
9412
2382
1957
9869
5409
11135
1832
7546
11207
4884
8400
6159
12925
5472
3571
6078
2629
1951
6796
5393
2794
1620
2761
4647
12436
9374
2913
5381
11500
11770
8064
11497
9146
10420
9776
5448
2456
3034
350
2747
6665
6543
11347
3337
2327
5879
1317
3416
10617
3986
7613
10878
947
6709
11626
1188
7688
8664
10061
7998
4174
12291
2097
1931
8594
2118
8927
11764
373
11639
12331
6302
4259
4172
11912
9670
5385
12904
8401
9826
3517
2458
5055
7796
9251
2701
3080
1924
8783
416
1882
3136
11326
681
6864
7174
1759
11768
5203
1414
1235
782
3783
8941
9888
10655
6556
4710
3934
4785
7797
10546
8628
10872
9901
9890
9093
5486
12841
3469
839
5932
607
12027
9944
1079
2284
9921
11174
2813
8881
3736
8095
5226
13003
303
9367
5051
8189
12155
4574
9841
11236
2965
1509
4880
10590
8361
9342
11112
12800
1308
4640
4354
5022
537
2228
10240
6271
7265
8341
11220
11738
2379
11185
5636
6926
7103
12139
9219
5580
2354
3862
11868
1343
12822
5099
8316
4764
7924
6075
11223
12244
7466
10437
7135
2788
2617
158
8108
4006
1223
11011
4977
142
1808
166
6448
2083
1961
3370
4235
5743
9648
599
9109
6035
2672
4287
11730
3757
12700
6996
11506
5785
3644
3123
8596
10601
12487
3413
2387
12710
9075
1145
11092
3293
11757
2259
8821
11273
11823
100
11111
7855
4100
11122
9522
4446
10836
765
1325
7353
6539
10131
12628
12417
11625
2249
225
8864
8510
11128
2202
4051
6848
4207
7177
1193
11623
4744
5790
7679
479
11263
1611
10486
4563
5898
2085
8822
8373
9882
11553
8878
9675
3449
6563
2862
2874
4450
964
6554
5429
11893
4003
11213
12956
10824
10855
8177
1736
9727
12576
1048
5260
1783
927
204
6659
8337
8787
9051
9557
108
12989
4670
3678
12959
10593
2094
10826
2725
12063
612
11986
9403
709
802
1536
11927
2356
10811
3975
7495
11884
12003
672
1726
10958
8031
9202
2573
811
6140
3295
9249
9974
4065
8429
11924
7631
2902
8359
6528
4556
9983
10358
11906
5263
8431
6768
8408
9472
7821
11377
5114
4183
10032
12776
1836
4682
7355
4803
11387
11658
9423
1999
5846
5056
2845
2102
12999
9804
12662
370
864
554
192
7295
7832
6362
5286
6638
12006
2352
606
11202
2700
5214
1865
1508
8852
8920
6139
4045
5833
8854
9103
591
9603
9031
2006
7354
11130
9706
2615
8621
6469
9686
469
3012
3018
7444
526
1255
961
12554
9957
3827
11416
2577
5402
3739
12907
1860
2753
10401
12595
10745
662
4007
8987
10337
7151
5085
4597
899
457
10680
7456
2501
7163
11595
3409
10543
2210
5008
11707
7061
31
6357
2425
4734
9022
8739
10312
3710
8322
5416
4481
4613
1912
1872
9206
7386
9053
327
12024
4784
10029
5540
3028
10846
5389
6852
11670
7684
7021
1896
272
866
3292
4077
11313
7387
10110
3403
10914
5353
10899
1854
5280
9050
10144
3846
8059
169
145
9380
8256
2886
6662
5086
8935
11594
11526
6082
10763
8169
4471
3017
4503
12868
2229
1968
11621
1799
8763
10747
12437
4147
2332
1711
8631
1824
9931
500
3598
4787
2308
6561
11160
6571
6303
11525
5556
12481
10388
3447
445
4
39
12048
5548
2020
563
102
6012
2156
4809
2460
11778
1
3443
12990
8381
5736
201
5941
5886
181
8255
4473
1673
5269
12322
1901
1209
7030
11820
5688
1686
6264
2127
4061
12575
11218
5494
2070
9496
7697
11920
4827
11761
8806
9526
11810
6014
1022
12067
3098
12607
118
6449
4038
8760
12494
4309
6537
6218
8114
4090
3569
2009
1492
483
1935
1631
10230
12749
8966
7819
4952
752
10955
555
1070
8232
8306
8528
9681
12580
368
12354
12157
12299
7161
10193
6495
5585
2585
12273
12398
9722
9590
1347
6224
685
4063
545
5182
10473
11290
11491
3179
10780
4052
743
384
10833
12390
8541
432
9657
9741
11193
238
11498
9011
9014
6342
55
12661
9153
10460
2698
6633
2067
5990
7146
10404
10429
326
5669
4404
2676
161
943
112
9435
8452
5968
10435
12719
12387
11222
7766
4383
1612
7360
5152
4769
4393
1108
6463
5415
12695
10119
4537
1417
3791
10981
1971
12151
7042
10625
12505
5016
12343
10805
5895
8145
6026
2092
4296
12902
9433
9928
10860
9127
5542
4212
11319
8573
1608
1642
10928
6127
6959
66
732
9311
4124
11173
5726
3343
895
6921
584
281
10880
7440
12886
11991
2453
11729
8157
2493
2848
6675
6557
4643
729
12668
11540
2971
5287
7931
6257
4651
5352
931
7123
1920
7380
11152
10421
2515
7327
5662
4460
7273
8797
2264
3349
7000
4117
117
2737
4146
8845
2313
8639
8648
1029
5345
3045
10603
7182
8333
6485
1377
3916
1884
9880
5228
12732
10533
10011
136
1274
6980
411
8135
8011
241
2908
918
8547
2411
8437
8233
8583
9723
6016
4900
9718
4665
5857
1788
3597
7718
8593
11772
4870
5863
3548
6067
3621
9035
9527
333
2605
6726
5151
11304
10466
6979
1142
6165
11769
2098
12109
976
5778
6292
8433
10407
4123
10528
7433
1821
5434
8923
51
10221
9811
3695
2116
4000
9667
11447
5521
7255
11649
1923
2608
9593
11674
2099
1870
3784
3847
10638
7606
3116
10588
3971
4767
2413
8691
2994
459
4255
2002
7990
9691
1693
4605
5601
5283
11119
9605
2119
403
2430
5532
12642
296
1526
1701
9429
1838
11521
4960
12770
2122
2970
12140
8081
12922
2189
6603
103
3778
5333
3952
3822
3313
12039
10816
10510
570
1721
11917
7969
4394
9545
1398
11020
6626
682
3999
10883
6359
7305
12581
6558
10286
10529
3697
1941
11096
2682
5546
5650
8335
9842
8855
9852
5531
3638
12890
8150
8492
3513
3920
8466
4919
787
7194
2772
8820
3942
367
3726
7282
5690
7331
8807
8734
10599
907
1573
10547
2952
4991
6654
217
9090
2503
3685
7857
7455
8327
12323
1256
7229
1948
10336
764
4284
75
8705
9443
5062
6015
10654
1500
9132
7934
10057
9309
8629
11620
711
2936
622
8872
10592
3434
5876
2057
6694
5893
1787
8633
10507
4457
11156
4029
3566
7502
2670
9456
5983
10135
12879
4834
7281
1211
12089
12551
3554
7886
4438
2610
7744
3579
10433
578
12115
8276
9000
12815
6600
11041
6613
4018
11107
409
1258
11652
5592
300
7342
10704
2986
1982
5913
822
2663
2340
6570
11217
3989
6280
623
1841
2720
4325
7742
8992
990
6411
9130
4486
12840
11714
253
3600
7675
12488
1815
12106
11172
8792
11007
8902
1889
10623
4925
12707
589
9554
10099
11413
73
6855
6960
11378
3043
12248
4733
1063
7765
3408
9790
11018
11562
6985
224
3821
1802
2242
1038
8563
8155
11998
3799
2351
7994
6192
6267
11069
1467
2476
12338
1877
1984
4409
7095
1233
11880
10865
3728
7056
9942
3164
7693
3987
7351
12741
9477
12461
11005
6635
10078
7287
3199
12609
4516
9701
10427
9881
12374
1834
1441
369
9288
7928
3428
7410
6422
4113
7389
207
8508
11322
3845
4256
12541
9074
4454
5139
2618
10391
7633
30
101
10396
10894
11857
6010
9177
7384
2528
10716
9708
11636
8774
9822
151
10424
218
11307
6352
708
7879
11084
5811
9630
6585
2360
6178
9073
9959
1294
6235
11693
8447
6629
7470
10926
4695
3873
6013
6265
7525
9512
12389
9544
10790
9930
8004
9445
10456
9294
10905
97
2597
321
4249
12498
5559
10963
8414
11696
4105
7203
2904
10054
10942
4028
7451
2508
3619
10261
8520
6710
4838
9231
1632
10000
7082
396
12900
4781
2909
7853
4645
11894
11716
1171
1696
12830
8456
3529
10566
8445
4316
3963
12477
6378
5094
6024
8829
10333
1364
11933
3066
10906
6241
10690
6842
419
5795
11444
6464
9413
6210
2433
1582
4804
7726
1236
7933
12187
9647
12332
7010
10218
8479
1312
2307
11898
3507
2780
2277
12786
6177
6273
11114
9267
1531
1344
712
7578
11617
11593
1708
9487
10285
1972
625
12324
4329
1983
3339
2178
823
11488
5533
6736
1321
10213
4165
551
11598
7251
2665
2183
10719
4629
6306
2439
1994
8556
2999
7942
9659
1092
7635
10970
2949
3745
1513
868
6540
10620
5135
5271
12606
9607
806
3167
3724
6817
10380
9105
8976
8578
7121
3740
10317
865
2524
2928
2499
7537
478
6695
4328
2679
10019
10345
11353
2438
4669
5111
12030
4750
10825
5779
11241
9937
12757
6999
8217
6299
4738
12250
3758
6468
4349
4464
9175
1577
3166
12714
2976
2081
3659
6160
12779
330
5211
6147
9097
1018
182
506
1812
10072
12701
12294
1429
8030
12267
3794
11539
4283
3145
1161
10417
5023
12268
5403
10819
12201
9124
6597
9700
11171
3596
268
1133
3400
9181
10112
12914
7595
8778
12074
10867
5685
4083
8082
9041
449
1574
10003
12064
4954
10682
11466
4209
444
6772
546
12586
5862
8651
8286
11367
1324
4681
3267
6409
8197
2702
5499
6133
8665
8192
9975
872
942
6066
8532
1895
8572
7226
4194
10579
4716
3683
6532
8896
81
7552
11954
7915
4631
7139
4626
7721
10771
4364
2509
3667
1637
9213
9462
3372
8891
11490
10887
4700
11285
1707
6930
2111
850
11301
7063
10012
8293
8585
4772
1503
9280
7442
12153
9808
10300
8517
10722
9502
11231
10120
3798
438
6712
3119
12420
5368
9859
1928
10023
11337
5395
11911
10847
2254
9773
2487
5142
12603
9697
5551
261
9108
8875
11723
3457
11091
7292
208
1647
11762
9277
4512
1081
1462
8353
2207
2418
460
5405
5327
10411
4091
12647
4312
11853
11346
10482
3688
12133
6536
9951
4950
6609
8404
12369
3073
11233
4980
4725
2371
11257
12270
9622
3281
7266
4971
3536
884
775
2220
5724
5977
12119
9916
1717
9925
8696
7311
4333
1176
3854
5729
10256
11445
10471
11430
11746
12721
8166
8526
7532
1189
6036
3970
1314
10399
3227
12176
10971
3420
4816
2847
12011
10371
8354
9449
11703
12855
4049
1036
9467
7430
12342
7359
5525
7809
1996
12538
4687
5208
11590
9721
2966
3660
3956
10516
5150
1528
9226
8008
940
3610
5784
1264
1835
8916
5507
10314
374
7403
4411
1624
1926
12771
12145
7066
5013
9408
11665
8897
9969
11081
3717
4821
10572
4628
5965
8231
5371
2364
10165
12399
3583
9524
11487
11561
4115
5563
1552
6131
9855
11812
11949
10624
4185
7026
6168
4715
10997
11552
6435
7431
8211
4705
6377
11113
10065
3813
10007
10097
3967
9571
3519
12088
1629
4305
10055
10080
5746
670
2346
1867
4570
7626
5806
6770
6229
1718
924
4587
191
3099
863
12684
220
8352
7190
2801
3328
12116
7078
11197
4082
2731
3320
6022
7963
5435
12561
7412
10856
11609
10575
3692
2023
7618
8951
6297
3493
7739
8181
12806
10403
10413
395
12385
4943
7761
5231
1904
9786
1269
633
2582
147
7077
5374
8006
5939
6847
12880
11461
1506
2133
5001
1890
9407
12680
7811
2631
6651
3937
12431
9228
1918
11522
7110
5223
5323
2973
4231
1554
3546
6735
12688
510
9877
8421
10092
12056
2674
10531
7025
1337
139
2192
697
12288
9034
10111
1332
1914
8117
9048
3933
9646
12313
1915
10140
5812
1902
4186
11480
7133
4585
2367
2344
8994
11953
3661
7491
1669
1074
2200
12320
4511
3181
11753
3363
9870
6350
5503
6645
3763
10277
7971
4130
11854
6364
10289
1562
3930
11861
9026
12984
1695
837
9386
1088
4852
2816
9233
10614
1302
12216
11661
6669
5357
8471
2953
4963
10050
1139
6951
6681
8477
7554
4856
7493
9098
4756
5673
620
2278
911
1694
7814
5603
1979
8885
1096
5113
8972
4571
9898
2219
10258
2917
12866
6191
12974
9768
1370
231
10199
6198
1894
11520
8405
11828
2539
7324
10729
1876
11300
12818
6698
4294
3088
6037
6291
5490
3062
12249
7655
2405
5382
11865
1638
1899
9827
1801
4554
4144
11055
4020
2211
6843
6594
6328
12860
12972
12319
6650
4927
1288
3589
12499
3214
11329
12612
10129
10163
3330
10934
9625
826
9550
7357
3796
10489
6044
10858
2814
10552
4215
11607
12587
9104
6991
4120
1986
5201
887
1845
3935
1697
3338
3213
4069
1850
3340
5777
8538
2516
11517
10022
3091
2893
4222
11732
2873
9597
6997
4997
9120
8893
5682
5547
3246
11374
11045
3959
5258
969
3263
12471
6366
7465
12641
727
2683
1571
8393
10804
2571
9943
8938
4970
8500
10622
12553
9072
10730
9592
7828
2140
807
12105
9761
11079
8750
6114
3538
675
9363
7053
5571
2506
408
4317
9873
8973
4218
174
237
1137
6741
5722
4659
8952
10726
2831
10248
2833
3902
2581
12080
741
7205
8776
12578
10820
9709
273
6404
10732
7302
9
11550
617
1456
5169
6461
8041
7530
399
9862
5021
6828
6583
6029
4536
1424
7922
11663
12143
7441
871
10383
11384
10976
4286
5539
5856
1241
1259
3770
5558
5376
4372
2546
7565
7192
4373
8493
11254
9960
10166
8220
4786
11767
7294
7402
6263
4453
11964
1457
5364
8262
2317
4799
4433
11901
7754
1578
5045
10130
11839
12367
3593
4189
8770
3747
1005
43
1844
11357
9991
3209
9989
11896
277
3016
9210
5183
8246
10949
3523
12245
7443
10916
3134
6332
792
1083
8919
3875
9914
11372
1684
9278
10458
11630
10556
11563
937
7476
10909
10947
549
9264
8389
3700
6748
4031
1442
8735
9102
5453
9987
8230
1789
3168
3455
2614
1533
1689
3969
9491
7250
2459
2045
4539
8942
4128
11271
10162
2104
5272
7201
12819
11036
3286
2163
9317
3656
11997
9850
3878
6857
312
11094
3974
11600
9470
2457
12425
6656
1987
9320
4159
3454
245
4359
10613
8957
12593
6749
11123
8669
2345
2077
414
7247
503
5915
11019
2616
9095
707
12519
6386
610
5907
1420
11824
8457
8995
6383
71
12624
6728
8281
1435
8245
3482
3755
1522
12237
12994
3842
6505
12567
8130
3866
262
9676
10268
3019
12147
1724
6477
1959
6591
11373
3423
12697
6534
10142
5843
11568
538
11826
4606
9138
7859
10815
6854
5256
11802
4819
6443
9532
9469
7717
6916
5134
426
7478
12942
6851
11891
5175
3193
643
11052
5265
5561
12610
1713
12725
8892
10570
8033
3526
2322
10944
8610
3532
9963
7775
10408
12799
4747
2536
10373
4353
2152
10296
11473
5718
11619
9789
9736
3462
4548
4598
12562
10518
5917
3242
12486
5158
2021
7358
12222
9272
3741
10925
11970
11012
1309
1293
11125
1475
7901
8515
2599
6788
1430
8678
12013
6673
1846
12656
6604
11398
176
4098
3157
2945
3247
4019
6101
3704
1227
2262
716
665
5361
6246
11659
11334
5118
6200
11131
12543
3716
12257
10777
9431
9201
9168
11742
8193
3417
9947
4522
11333
6320
9023
5365
8158
8841
1409
8781
12379
1510
11044
3849
5470
5355
6976
4543
10560
6356
12251
9275
7657
1861
5704
9276
2069
2361
699
12321
5070
8637
8777
3288
953
10091
5626
12103
8890
12765
4868
5121
9361
7579
12403
876
4056
3837
1431
9781
1078
9939
2443
3633
4099
11194
2311
12247
3184
6922
6288
9665
10752
8564
6874
8368
3194
10962
11034
125
3360
8396
3782
7999
3735
78
4762
8215
7344
1911
1446
3833
4636
9006
7512
9500
11424
2389
9972
7746
4735
6305
3265
106
2014
7114
3324
9798
12835
9696
2606
4661
186
5127
7757
8643
5677
8817
10430
365
10702
7503
9450
2544
6707
11843
762
5562
4617
2825
12057
12882
5212
3276
11205
4236
7564
7401
10693
1077
1569
10582
7913
10497
4282
5513
10686
12478
4075
781
5235
2257
6822
5597
6648
9273
1738
10412
7831
3054
3655
7002
2191
8068
5130
172
2231
874
12448
7006
3992
544
9316
2666
6124
7874
8501
8056
7763
1136
12278
9732
8488
7452
12955
6433
956
3754
6538
8235
9907
9818
12371
3262
1521
2678
9299
11282
3843
11360
8162
6853
5288
10753
6578
1677
7609
11
4278
8868
5462
11995
5881
10591
10653
8586
6905
621
4430
9376
512
8194
7687
2828
9324
5979
8958
2791
7313
11151
338
9070
9833
7483
2685
10882
5148
6083
7363
6652
6574
12219
7382
1363
12428
8883
2636
5294
6220
9537
514
3649
11977
6017
520
6975
2271
12978
3711
2940
5610
4220
126
7206
10100
6343
1451
11592
6222
7604
10085
9793
7873
3392
1723
8744
11132
11182
4604
12489
819
12443
2223
9366
1042
12785
7180
6562
5185
5061
2690
1668
4407
2358
336
2078
1025
3269
9318
4345
1853
12118
1564
5924
12095
2998
12460
8416
585
12682
9091
5406
8147
12873
12924
4055
2051
7730
5696
1712
12723
2689
8110
7245
10983
8131
1519
4690
11047
4199
6266
9347
6068
1229
5560
3212
455
736
7261
7067
12337
4580
9624
4027
6412
9370
8014
2052
6943
6526
1278
652
194
2984
11412
12159
12366
763
3322
6902
6345
1303
9339
1648
2337
8543
8767
501
12275
8225
12075
2440
8174
11510
5782
21
12161
5207
6837
3092
11305
10975
6432
10917
11180
3351
2764
4599
2247
3919
9308
1053
11030
1639
1091
12530
5455
6621
1458
4127
6560
1037
11945
10319
7012
5925
229
3125
7976
679
8495
4032
9475
6019
5291
1150
9417
11961
666
5689
9486
10321
4873
2510
1292
4348
8945
9256
8037
3107
7960
11627
2301
11370
185
5901
4620
1980
1782
4423
11985
12092
9668
1692
7089
7238
6335
4470
2316
8870
6885
10033
10348
219
1779
1076
5083
7932
7333
5356
2762
9240
2884
8299
12464
7593
5149
8474
12378
6334
10143
6193
9679
1645
9658
11774
12419
7024
1940
10843
5810
8728
4391
11058
447
9139
12475
10563
6783
4268
1114
1345
5412
9556
10298
2197
9282
7383
10562
8849
11363
9190
2276
6221
12276
9395
7695
3254
6097
4986
7912
9999
794
6348
4076
6858
1633
6329
3503
8524
6806
11640
9159
3618
4869
3497
1623
6259
6032
5699
10634
6475
5884
8372
6904
3117
7188
9860
7519
11528
6759
8673
10366
9268
9635
2576
8516
5202
1120
12072
5176
8602
5632
12112
8036
12897
10294
4572
11051
9085
10877
6780
12535
1224
3648
383
11805
6774
2844
10020
11576
12905
12014
8635
11910
4840
11439
52
883
6903
12411
9746
4546
96
2779
11956
5124
4763
5766
6565
3652
6978
12315
12351
1494
1908
3713
9452
8165
5544
6118
10637
11545
7741
6450
2589
7240
3886
5637
1866
7843
7608
4811
3458
9337
9482
1945
3531
11558
11966
1019
1750
7591
3817
8127
44
3603
2800
3219
12327
9404
791
11628
4300
2914
8900
4654
5245
6559
9436
10067
8993
11336
7615
6508
1557
9563
1755
9129
4999
5074
10555
6276
3742
2366
636
7625
2176
1480
6641
5430
3051
2049
1947
10585
5836
11544
6208
12102
65
5488
6580
635
11481
11708
8677
10813
9111
10461
1402
1032
10999
9056
1974
1436
9879
12560
9915
1253
4142
6385
5738
3961
5392
7940
1728
3684
2113
2390
3540
831
10161
10220
10195
4291
7594
4748
8467
8487
5730
1988
2641
10895
9357
4771
521
3149
175
8291
1919
11978
9673
10968
5780
1907
8644
3769
11150
9899
939
6793
10602
2421
394
3997
8062
4104
677
10498
12314
3803
9331
6045
5647
3539
511
9677
7540
7221
10272
12512
2954
7212
5401
2654
10262
3480
6764
10651
12865
3474
11783
1478
2736
5120
5565
1556
8859
10988
12588
12456
515
135
644
1579
11758
2555
6579
184
11834
1851
2007
10086
1248
3026
11474
5598
7052
8808
40
1704
1267
13000
12287
723
6968
6105
595
8010
88
2134
12058
9092
12359
12918
12295
12466
6552
2533
9083
5575
5641
7033
3005
870
3912
7199
4057
7421
4732
155
10226
3627
359
8656
4017
3047
11003
11082
5308
11320
5727
1489
3911
2325
3430
3352
9612
10945
10850
6486
7750
1268
4757
2875
4818
7728
877
5510
7541
5937
1766
7159
