4338
7133
2040
10548
2846
11402
12368
12089
12181
2921
1124
6255
8253
9203
6685
3940
6746
6250
8975
7589
8440
1160
3755
10056
12364
6318
9872
6846
7865
11262
4020
8934
6768
2907
2254
10392
9885
6347
11073
4702
4073
5254
7702
8044
11782
6850
4922
9577
10274
5851
9528
2844
6455
3310
10718
10727
380
3762
12311
9188
5861
7532
6698
10691
11139
10167
3862
7019
7284
10275
12258
851
2418
785
3265
10063
9110
12155
7583
7336
2704
2627
1094
11276
4838
2856
2200
7127
10434
7474
1328
12655
11002
7742
12204
3925
6977
4425
10650
7867
11916
4853
2115
12349
3734
9431
2536
1245
6441
11162
7362
7460
11208
12483
7578
7956
6675
6982
3141
3387
11751
11134
2699
6861
3131
7641
7548
9757
10384
10386
12573
8895
7771
3035
1300
12240
11846
9218
9576
3491
9794
3380
12825
10818
11654
7243
10532
527
734
2029
6508
9055
5351
1205
6065
12161
11912
7080
7211
9587
4085
6890
7386
11477
8644
5804
6326
4397
9731
1551
9013
6782
569
2666
12809
10776
11493
1829
5299
3667
2060
8535
12583
11697
9583
10601
8649
10367
4525
12734
11474
1418
4262
1885
4804
548
10661
2462
3670
9102
10859
11386
9333
2374
9006
11106
8764
11738
9841
9478
12123
1791
5085
5711
7108
10938
12959
6955
12546
1898
12896
6739
1686
12171
11914
585
831
8370
11453
7372
8642
9600
12660
7568
9482
10824
12736
8263
51
6315
9588
4396
4967
2265
11471
6299
6179
6988
12738
4713
2185
11405
11692
8540
12260
5251
9536
12381
9900
270
12416
7582
4815
2613
8059
10197
2579
9135
11232
9455
11260
12995
1370
6108
11116
2159
4028
5721
10299
1589
2106
10057
3715
12037
9688
4148
2066
2354
993
1867
8305
10637
1817
1761
8745
7132
3621
2015
10730
162
5174
2131
7142
2628
4771
10674
82
10421
1411
12175
9005
1766
12534
4498
5466
12630
6784
12242
4818
3771
1179
6180
1396
10557
2842
1372
9732
2277
6978
9204
9069
10705
667
9008
0
6565
3598
12838
2417
3795
1134
8473
855
9078
12982
1405
1780
502
8703
3701
12818
12993
2062
5891
160
9457
4308
67
8712
211
2892
6148
4484
10350
3868
3126
2382
11871
958
9741
11956
1154
989
10408
9613
3724
1063
7840
12042
12854
370
761
9392
6350
7924
26
11524
5990
6431
3918
11926
7866
10385
4747
2953
9707
4981
6305
8776
3870
11649
8061
7975
217
12408
669
9196
4923
10813
1961
471
2363
9212
9827
11880
11255
397
7174
4755
745
4743
8188
4958
10265
8146
79
9387
10922
1438
11702
10838
9761
12221
5855
12992
3008
1908
12114
1131
12543
3540
10329
6453
9501
10053
11342
11097
6273
8659
4705
6450
3606
8838
8041
59
6712
4918
6057
1789
8765
1617
12106
2264
5189
8818
10269
10327
9791
4836
8728
11631
9979
4468
9409
10453
1382
4496
11497
9788
10653
4892
10799
7686
9643
9291
8639
507
9140
9876
5819
3573
7238
6750
9997
3810
8909
4848
2911
10303
5077
9417
3869
621
1414
11877
12337
5054
12944
9057
2197
992
1085
11881
1419
8050
12878
5001
7853
11968
8896
9805
10806
9598
7408
8537
2814
2433
12532
11283
4501
3049
7673
11854
1591
6623
6101
1970
7352
1698
947
4003
10822
10401
12382
9458
2470
2156
2988
8354
9010
10198
91
7291
3485
4358
6245
12614
11628
12731
2523
588
7024
6701
10717
2662
5521
11248
5042
8595
9596
3737
3346
6483
10409
4886
12011
5291
4044
6602
574
1194
2499
7037
11368
12962
4658
4147
4102
8861
6506
3922
7154
5305
11061
110
8903
12210
3861
479
9602
2252
1410
1611
4440
4874
3605
462
3742
5956
11450
11717
6414
5586
3792
5873
9637
689
1779
1750
9706
10108
11057
702
2399
5130
3419
8677
2257
1828
1335
4213
7389
9348
5178
144
10429
11179
10126
10045
8988
10118
5241
9700
11077
4824
9562
9142
6352
1385
9944
2111
9891
10921
492
2850
9806
7012
1219
6621
7296
5203
1366
6096
2134
7522
7123
2083
11643
7345
4381
5553
8029
7989
1290
9729
2283
9850
1304
1074
8377
10457
11550
2033
1489
5917
3637
6080
130
6879
2480
9737
997
10620
1072
1804
10736
5734
5928
698
10288
2434
4228
3710
2397
1816
2072
10500
8034
2207
9176
5381
8255
11763
6629
9388
5539
3202
2538
3986
11017
7423
2969
9581
2673
7756
6511
8259
2089
7782
11371
3103
11410
6888
1265
12716
274
3689
7760
2293
12576
8770
2348
7566
10808
1260
7021
3144
4279
12264
1456
2537
3342
11759
2612
3254
7326
7784
7065
10232
11129
8165
2862
9453
4399
11413
12919
12405
9356
7960
6518
2534
7613
6342
8194
9115
7849
4514
7798
5726
10591
5200
11942
8237
4457
12438
9651
2747
8792
2122
1841
3866
10240
2760
8962
5307
1017
10191
8421
4841
7847
319
9301
11510
11221
5176
5039
3989
4583
4387
8568
11901
1633
2955
7165
1048
8261
9633
4606
2807
483
867
9631
2729
12737
9967
8586
2730
8802
2993
12361
5659
10801
10112
12516
7361
9542
7353
1059
7759
1517
6058
7459
8163
6176
4572
1745
2306
5494
1603
7117
7051
12395
11765
6880
4324
461
1171
5265
12571
3090
6229
11152
12212
265
2210
10707
6294
12863
2902
12185
1109
7300
6056
9572
4126
12146
6745
194
12684
4172
12585
6969
12219
10952
4264
9664
10150
1149
7893
3534
12581
2266
8195
9705
9910
1401
4611
10467
11271
11940
11364
2997
9141
7290
10008
6496
517
8854
10562
8876
3436
4839
5795
10163
2168
10395
6420
108
3011
7359
7499
11168
10672
6263
3928
6909
4632
10594
2571
7289
11104
7829
4524
4093
4395
6033
1918
2296
7469
7764
12394
7461
470
180
10566
240
2484
4408
6951
5590
5199
3831
1838
8156
7656
6853
10233
8222
12763
4430
7438
6372
7008
4731
9197
10703
2049
11304
10991
1610
11514
10995
11487
7858
3720
8965
1733
9626
2005
10753
1852
3743
1648
386
11226
3480
12293
6963
12523
2253
2365
3524
9677
8316
5838
8561
10123
11979
5798
12632
9012
2679
7509
7873
3181
12301
11728
3047
11659
2016
10568
6313
7066
255
12454
6169
3040
12866
6275
12021
4365
8968
4191
6601
9040
7063
5880
11044
9279
12102
10306
6579
6082
9223
77
555
3080
12883
1190
9765
3849
2189
8889
2408
4477
4402
9525
1741
141
4282
12484
11443
2286
1033
4959
6702
11268
11062
2566
4926
7164
9630
9736
3489
8590
1421
7577
4398
9783
7595
8293
5370
3923
4325
5317
9484
9470
4711
10853
12388
1267
2204
8432
2549
3407
8721
7535
5898
12564
487
2425
10364
7147
2741
1682
1946
2065
12397
4407
9338
519
8705
11856
1093
914
4192
8654
11626
7917
4975
862
5567
7982
1649
11154
11236
7973
2304
11642
4642
4042
7939
9427
11303
3643
10635
7889
1664
3616
5275
13
3044
157
8130
4689
6645
973
10483
4717
5435
11803
1162
8136
9049
4683
3761
12417
244
2847
5034
11644
663
11312
2762
6903
12192
7805
10549
5504
762
8842
356
11423
7850
9947
5388
8607
2860
9015
5306
8883
4758
5960
8614
4991
2125
5859
9906
12753
10121
11347
12796
9174
5831
11607
11683
12380
10883
12748
10869
2510
9064
8679
1146
267
6927
12316
7286
5933
657
4700
232
9269
5971
1165
12678
7471
11390
4419
1904
8527
8872
11601
8077
6555
9189
11494
4621
7406
10014
9182
8409
4309
9442
1795
10668
819
6470
520
4355
2898
3622
7576
11646
6633
313
7006
980
11588
6236
6048
1889
6037
1588
125
7629
8552
2108
258
11094
6452
2054
4787
9949
879
9733
4137
1556
1088
12225
2404
8955
2564
11947
4345
9694
5775
2481
10569
12213
4539
11285
12340
7546
1252
10415
4526
8737
9571
10878
310
497
748
6509
5685
10948
6074
7266
8633
11764
6869
6237
6059
1432
4080
3426
2817
1983
9368
9137
546
7751
4861
2889
10999
2026
5246
1060
1593
2110
4905
12053
2004
554
6703
10094
10989
1412
6705
6716
1075
6592
10454
7208
5512
12972
1856
9605
1863
6384
5082
1221
166
12893
12518
6355
1465
2453
1851
7655
8860
6792
8805
1823
10715
11981
3427
898
705
11150
6345
7733
8005
5350
8884
1976
5440
12279
7482
6303
9820
4999
9848
2068
5238
11395
7993
7906
9871
4916
4241
670
9507
1742
4311
7716
3162
8572
11456
8989
930
3490
3860
3120
11634
5375
1000
5930
9053
6079
12090
8944
12467
1687
2116
6221
1592
5008
66
2361
1309
3071
11736
4561
2563
22
2593
10636
12718
10563
9762
1734
9647
2104
11866
9327
6333
2567
10596
4224
12187
9946
7642
12624
11724
5914
6462
1045
5057
12120
954
2553
5920
6787
7261
7015
4078
6528
5907
5216
9232
8341
4779
6485
8011
757
5911
12898
6490
11082
4897
11743
8416
9803
9880
3167
12666
12351
5528
8750
12735
4960
4868
8127
12148
7465
8754
11883
11531
5361
6288
6287
7570
7726
9195
9877
9393
10721
2330
933
4879
9825
12318
5656
6987
5874
1334
12902
5997
4653
2494
13000
1429
273
8273
7409
11220
3929
10841
3607
10943
3484
9306
4286
6570
9134
214
752
5451
7350
7101
5331
2663
4227
8401
5991
9181
2114
6054
3145
6603
60
12306
12040
509
8812
7885
2205
11374
5860
8197
7029
10054
2107
2233
6578
7926
7163
5447
11804
1167
10479
9402
9915
8577
9469
11212
12786
8870
3107
9219
6948
8174
7626
1859
7697
10196
5585
1656
12578
7791
12647
8483
5126
1857
95
5760
4800
12400
4201
2184
11820
12442
12535
2929
3072
12824
8474
8198
11011
4964
11574
716
7786
3703
8055
3454
586
1579
9263
5150
8262
9584
5913
6168
1721
6422
6790
9180
11773
362
12500
9275
6206
9597
3292
7292
9136
5355
117
2734
7391
8804
10761
6442
8048
5035
5128
2226
11280
4061
7206
11430
10378
1884
615
572
5846
11799
9740
11490
10077
6638
1663
3438
12224
8824
126
4935
8602
8228
2248
8888
3811
9854
3046
626
5431
11915
4098
9022
11314
10750
4914
424
9907
2901
3365
6510
2439
961
821
8078
12099
9771
9559
10418
48
11246
3228
3062
5916
278
9566
3758
12673
10138
8451
10983
6836
1373
6335
5827
6751
9463
8454
6265
10066
1014
2596
8491
12634
1447
8380
8462
5154
8373
9645
3837
12268
10777
3139
6480
9101
4578
4130
10160
12675
5171
1024
4929
6112
11464
5888
8455
3215
10573
9786
11615
4593
8863
5882
8641
9186
6348
10751
11306
5395
4333
2334
7579
11335
3894
6107
12978
10552
5938
10946
2583
8475
8769
9665
1986
552
5198
4322
9443
8476
6325
6764
1699
9896
3274
5172
12980
2473
9624
10007
5116
9921
7060
11376
1731
7580
5186
10676
7187
2740
5385
8104
7965
6690
9568
7231
12324
8360
3536
3077
7014
8974
8928
4217
8960
3289
8359
6892
5040
3664
7107
12017
11851
8270
2024
903
4997
5883
12815
5142
9354
9943
1536
1180
5502
12973
3036
12250
7819
9901
9395
5027
189
4000
1993
2154
12206
7908
10954
7136
8791
1955
2343
5904
3113
5163
3190
10583
11708
9858
3032
10825
10268
12492
5618
10716
254
9663
7894
10447
6404
146
7882
3941
10214
6394
8959
4094
1177
11022
1466
2819
2986
8575
607
6064
9421
2079
12081
1001
10051
1635
6862
11381
6298
11277
919
934
3257
5970
285
8449
12341
5073
11597
8086
1740
2831
11334
10963
8464
52
5507
5070
10095
11253
8258
9376
9817
7955
9300
9358
7723
5083
5240
8626
7775
6786
11052
10442
3906
2939
7899
1755
8096
12739
6760
2809
7701
5612
4634
5545
11131
1574
4803
2217
10462
7011
5812
7776
1630
812
4661
10238
10931
11189
9526
964
8331
9165
3683
122
4659
11107
3197
7855
12843
4259
6276
2546
6078
3302
11142
3984
11699
1759
5863
9138
12163
7404
2520
8618
11823
10334
298
1445
5738
1905
10475
5551
12595
977
8339
9090
10695
1651
7633
2981
163
12375
9461
1118
10712
2513
10185
3569
8332
625
10570
12231
7694
8268
1912
4541
11512
2812
4655
1826
9171
5814
6960
8333
4746
7475
8137
9956
6754
4784
10369
2077
7446
2524
12162
5460
10152
11557
10245
11191
12059
11952
5049
3259
8768
4575
1215
7364
12540
12423
11726
8991
11801
11706
5018
6828
11780
946
8987
7913
4471
10845
5344
8874
12923
4334
9451
3010
4233
7530
4380
4570
11028
9345
11911
11114
179
2251
5362
3079
10326
4849
10992
9317
3020
11138
7490
6600
11173
8829
8555
9721
2675
2249
1772
9242
9193
5779
9169
2413
275
2437
1701
9801
1831
11959
9800
7156
11148
4802
11515
4759
7857
383
4598
6308
7476
12524
4936
4919
6635
8441
38
1056
8726
6974
12819
448
10072
5923
11839
2255
1505
174
943
6300
3244
9111
5225
9515
1388
6873
12769
6133
800
4730
5674
7869
5988
2147
9711
6381
3953
4312
6914
12152
1688
1360
1836
5103
7073
9625
12135
12755
10683
10488
4623
11619
7748
8890
6947
10865
1158
2193
6613
516
10183
1040
2035
8630
9616
5977
8010
1843
9925
11365
12095
2698
8597
4722
272
8100
11511
10192
230
7324
11693
104
3192
2285
11428
1270
6421
10923
12461
7395
9251
8716
6973
2838
4015
399
11950
9853
3802
12568
8122
10864
4370
7833
10665
1596
7887
1169
12309
8301
6337
9829
7222
2643
10052
5934
5009
8847
2237
4026
10927
5409
8869
2928
347
6672
7953
5579
5303
2019
280
6068
8845
6841
4596
5580
10832
5940
4071
10406
932
1621
5536
9473
6585
5815
778
7176
1894
11327
11565
11296
12402
8176
630
2912
10389
10638
3549
3007
11533
10987
9211
9270
11935
924
686
9319
11151
12658
3343
11599
9849
6379
12096
11941
2474
3252
7823
12020
2789
5479
11328
5919
1861
3106
1712
12579
3538
12656
11029
9701
3716
2712
8215
9227
4272
2655
10541
2042
7710
1969
12830
11293
5780
1307
6700
12894
4196
372
3749
906
1301
12626
10440
2270
4132
8232
11703
4328
5392
8832
8109
11863
4837
4938
8315
11272
11582
3059
2416
6061
7457
2190
1092
32
8719
11015
2466
1277
7743
9369
3505
12574
9086
8902
4409
6052
1672
2326
5506
1188
10745
6210
1732
9635
4827
10849
7911
8692
3299
7558
10701
2211
7496
5117
6361
400
9051
5910
11099
12721
1389
10158
5424
21
1580
4744
2532
4955
1715
7202
5029
5871
1800
5140
245
10960
7346
7276
2919
11878
629
1225
2230
12575
9617
603
8221
12970
302
9034
3108
12141
3200
4089
202
11909
12550
5706
8120
4752
457
5353
10930
12617
970
8499
1193
1071
9050
2012
5641
7480
1459
5876
2032
10380
5896
3280
11824
5438
6564
4629
8372
2515
3326
9061
4057
5325
3320
12557
10867
6819
12620
7884
1806
2446
842
5000
12014
5635
195
1168
76
9152
10811
12928
1652
3832
1855
4674
8103
544
2693
10929
11447
3451
1730
2400
9084
10942
1932
9167
4467
12958
10394
11273
12890
5597
176
4732
11064
12183
10481
1801
10379
2851
6922
5791
12111
4586
676
5905
2689
2096
3652
10221
4315
1246
2030
1655
6783
4584
2063
5219
11069
8574
969
553
10975
10187
1172
6552
11092
11265
7393
4194
2720
1719
12670
5541
11889
2607
11842
8831
12038
9539
5422
12563
10
9183
7224
5369
385
6791
6958
7699
2551
7007
8920
6554
10243
5366
3781
6091
9114
12552
16
12511
9428
5413
10626
2457
2349
1846
11684
11625
11529
935
1966
9974
5644
7617
9267
7669
7317
2811
6063
12852
3642
1398
4367
9586
4932
4293
10505
10889
8313
730
10333
813
8559
7240
12822
10839
10103
10001
2427
2097
1984
7536
7436
7377
4295
5865
390
12031
7980
7634
6929
3473
6502
7774
7113
6395
11962
4033
12247
929
9917
9505
10649
7944
4394
2858
2873
2117
2479
12266
5373
10624
9912
10460
5063
3058
10526
3412
9225
9123
1782
12140
8184
2118
4157
7319
11640
6332
10022
1046
10304
5887
8828
1614
4512
3747
955
3070
7794
504
11752
7561
368
12144
3115
9693
1799
1886
349
12646
1865
1542
4823
5288
8183
1209
5588
8892
10816
2590
1031
12520
9296
6883
10271
6942
677
1498
7026
7197
3815
2620
3713
10965
4382
12068
1568
3331
188
4035
5017
8594
2352
2773
5376
12194
3739
6887
10523
436
7797
2043
12118
5183
9540
864
8427
4966
6606
6860
11567
8211
6763
4242
5805
12385
10145
1860
7255
6572
5228
12572
1279
2572
4878
11441
12848
5510
10681
425
8648
10724
7599
7145
8611
565
7573
4195
4857
5384
2669
480
1964
8345
10292
7184
6377
11409
12322
6747
11897
2157
4290
12652
8528
6304
6046
8729
4729
6824
999
12712
692
10102
8486
11463
2055
7616
3658
3708
10555
3565
10837
510
9666
8439
11598
3468
2785
7859
9178
10836
7958
3452
12332
5080
6715
6051
2390
1760
5490
4662
12237
11781
8320
4741
11238
899
392
6805
11175
12166
5935
2301
9992
12580
567
895
3118
6896
8718
1492
6663
9241
1136
7168
4351
10688
9908
12895
11027
847
10855
10643
12377
10827
11469
6346
3666
3873
7914
11568
1762
1009
7647
7447
8024
9166
4762
3396
11222
12961
7172
12765
9237
12458
5311
3114
9415
9215
7935
4087
8000
3146
6227
2056
9822
1023
12692
6519
6921
5709
2584
11102
8177
598
12036
9658
12474
543
432
7332
1336
12555
7700
7121
2990
1901
8753
3127
12406
9690
4209
11357
1771
15
5197
753
4248
148
6126
7134
5055
10957
9504
3883
2087
10870
5999
1343
11810
3349
2672
7997
10581
10025
281
4652
8123
7816
720
6950
12241
11234
10897
11373
817
3736
4277
5520
12536
9352
8072
9029
3513
6380
2274
3087
3819
9510
8810
3255
4150
9148
6201
7371
768
88
12679
1975
12101
1876
320
949
10035
3318
2558
9224
2463
3901
1436
467
9929
8169
10470
1561
7766
8479
3903
801
1913
1881
2202
2183
1998
12057
10176
8356
371
12868
250
853
11580
7373
1949
10393
5439
2766
11980
6732
3498
5673
5056
4651
12049
1562
7630
11925
3361
31
972
7430
10539
155
5853
8243
11547
10469
10544
62
5617
7269
2826
5756
6136
5386
7563
152
713
2508
4852
1667
10967
10249
12259
7799
12305
10559
1341
1900
10504
11398
366
4413
4903
1078
5316
9911
6409
8216
9288
1185
207
4503
2318
10420
12757
11203
6178
5744
12953
6594
959
11581
2483
11913
8707
931
8793
12199
9230
3537
5152
1533
4799
7835
3902
3706
9502
10754
9177
5501
3014
2668
6995
7381
7150
3218
8170
10788
4393
5679
4243
12333
7249
2284
4518
8282
9097
2140
3445
6259
5609
3069
3529
3992
6035
8973
12611
4537
10941
7948
3493
4686
12104
11289
820
8031
5771
2834
11111
12615
8134
976
72
7421
6399
11436
10733
4504
5115
3508
10630
7901
4894
11766
11185
5159
6127
11048
7484
9754
12811
7703
12933
6722
8986
10069
11695
7470
12261
2113
4947
2849
3091
11484
6637
4183
10220
10184
3955
8757
5660
12882
12001
3293
12495
4591
6339
9671
8727
6363
10604
4174
11165
11194
3487
2924
12886
9716
2701
11424
8447
5028
2926
6459
8530
8443
4590
10493
9810
1567
27
10567
11996
12971
2164
12853
2904
8400
9396
11483
11210
7368
722
7618
158
3140
5773
2398
4900
1819
12941
11875
1812
297
3516
521
7860
11167
6071
4453
9517
1340
9315
7426
4692
2486
3097
11038
5048
6816
966
1070
11421
6439
2683
6845
5627
5952
12908
12767
2440
2653
2387
8321
12321
11360
11362
11343
5777
4893
9618
12071
2081
4712
900
11648
6935
5968
5192
9323
1824
3704
4053
3477
7250
6291
8390
5267
8837
5998
7660
869
5995
6158
12295
10770
7306
1280
1299
8821
11199
1387
2187
978
3367
3157
4568
6067
12542
7755
4257
4685
3295
10675
1692
3471
5483
9537
8337
3288
9636
8036
12158
1653
2706
4509
1727
9678
10846
4511
10402
1815
9254
6904
858
8472
5337
3650
9991
12110
8688
2552
936
5587
11323
1164
2624
2112
5474
5047
7091
10436
10515
11723
5102
8162
11309
11710
8171
9686
542
3814
3245
8671
10216
2753
4532
12567
5657
5304
2935
2007
2451
2678
6465
10769
1181
6917
4754
12851
9606
6230
5449
1548
12403
7193
8701
12389
5667
3341
3151
1585
1018
9492
8661
4294
2502
74
4120
11399
5912
5293
3048
6833
2403
2044
8185
3191
3159
1503
2694
5434
1539
6193
4638
8374
1122
11195
12591
5205
3025
5900
4064
5407
674
835
5107
12129
3769
97
1110
2182
9548
9149
7601
11617
3285
5574
9294
12223
9993
6952
4603
1623
9509
2037
3195
3696
9474
10781
4384
7356
9870
9311
9532
6984
12415
12802
11060
4993
10433
5690
11927
4099
4375
3372
11235
5568
8155
1707
896
5511
8288
3082
6426
11713
5493
10863
11112
8057
6292
7467
9673
7598
12298
2346
10494
2478
8363
587
10696
12562
12362
5785
7052
10728
10033
8636
5297
872
5443
1006
4427
8208
6171
1226
9940
6401
7942
338
7149
11393
10690
2825
1488
2082
9892
9926
8762
11188
6319
11924
2565
5033
404
8365
6134
11696
6306
12439
11507
11505
10403
10981
5253
8498
5603
11867
3924
12904
1700
4520
8571
1166
472
3223
1922
3773
7139
10804
7639
11668
11939
5137
4431
11442
2385
11021
9310
2750
5458
10961
3676
8673
9639
8153
2651
9773
1228
8827
7084
12493
4446
2281
11829
4646
10287
4742
11603
8191
2464
4559
1892
4332
3693
10161
9628
5300
4863
5473
8143
7062
9522
6024
1257
3323
1767
5736
11036
2557
10146
222
12480
12988
282
3196
937
8404
1972
4877
100
9601
7712
6520
7412
413
10679
6468
9867
94
6124
3847
342
5427
9083
12558
795
11434
4577
7282
2090
5877
11778
193
4040
824
2708
7281
5108
2839
3864
12497
8280
5445
11308
6219
721
5803
7822
387
9118
5989
10758
8790
2396
1543
1883
3807
3381
9000
9401
7385
6595
11074
9913
2792
3261
3775
3378
10872
7898
11209
6086
10208
5478
73
12847
402
10656
183
11024
7718
4318
7067
4628
7590
5343
12376
12462
5693
2454
6500
5444
1778
3746
7974
11087
3850
7235
1152
1866
1720
4535
5929
1216
9659
4536
857
8731
4153
7155
8311
9155
9043
3315
4856
9343
2933
3247
6547
10124
12356
2381
1374
12871
2759
5211
7452
9459
10018
11417
226
1449
10387
8534
4124
1446
5485
11814
8009
6804
7689
3677
1566
12125
7343
7200
8278
8866
8212
3856
7812
4018
5849
5106
2048
6829
5410
4887
2903
1834
7018
10122
218
9382
5417
11113
3154
4432
7545
7553
1684
3234
8378
10958
10211
9681
9103
8761
5517
6041
12082
3083
3395
12510
6159
5453
4014
1047
3665
1991
10174
8386
8522
12094
3286
2487
12164
2943
9144
1544
5650
6549
12577
12253
11319
8358
2074
12263
12653
4390
3189
6598
9512
1628
6002
2412
3557
9793
5696
3777
3971
8471
1736
6412
849
12596
10893
6930
3478
10259
14
4876
7241
2099
12554
6104
11870
1576
6996
10404
8587
5290
6463
4796
10803
12460
5065
12149
3633
8488
12491
9521
11614
10654
1107
12028
3682
8418
5925
8257
5643
2685
3709
10896
4644
12608
1139
4438
288
8650
4521
10737
9120
9508
3675
8342
501
685
769
6538
6906
4663
4631
9184
5593
12602
4105
5670
12965
6001
1769
11620
4136
5339
10517
9862
2931
482
4884
11998
11783
1864
6976
10283
5654
4696
9342
3267
7690
8070
522
1295
3662
11137
9661
5523
11383
5878
12777
1244
6025
9246
4776
10686
9381
12331
12733
5942
2635
12243
5563
12450
9916
5542
8
11326
9024
10773
7002
7151
6189
10148
10115
2022
1971
5596
12410
4202
2923
2351
11080
2350
6957
6336
4669
4830
3804
7216
3858
10441
11379
9782
7875
10698
2188
8652
11902
3980
7813
11039
4608
7547
5264
135
10332
803
10760
5651
9824
474
4449
9077
1541
6706
4998
1025
238
5577
3024
9486
7692
1915
557
10363
5136
10305
5418
10036
11476
6154
9264
364
8609
7153
3065
12790
7731
12625
3597
8628
5964
11018
4896
2855
9336
10689
9831
12355
8497
9614
5646
6043
8567
6239
5742
459
12456
5526
10886
11552
12338
8340
1055
10928
1519
5428
4990
8138
1735
7854
4297
10343
8513
11898
8599
12657
582
1184
747
12695
12833
2691
9698
7871
6726
12754
3177
3983
3045
7663
10039
8506
2671
11605
10452
6000
7874
4230
6415
10848
10809
912
5005
1199
991
9952
1352
7792
11345
1974
4167
12874
4086
4013
10634
9485
7711
1642
4401
6132
2468
6407
10914
590
6182
640
1222
6923
6228
8349
11754
11170
11544
7749
3027
6827
11920
3921
6251
3311
4462
11562
431
11966
3692
11767
9082
3246
7769
1509
7251
4986
5695
7315
3843
12197
10663
12005
12084
9986
1204
4695
5731
5194
2930
86
10374
983
9881
12682
5391
9918
6495
12813
4340
1354
1101
810
12531
1558
3834
11140
3905
4667
7183
13005
9859
10901
4529
9236
687
8865
3003
11005
13003
2761
11661
12841
2727
3845
8481
4556
2749
938
2435
2936
1189
7217
9441
6802
4097
7125
5289
201
12808
8913
8214
12717
1073
9541
2895
10664
3684
4542
10270
1010
10212
545
8431
5489
12889
12399
893
9749
1754
1114
350
901
3695
9471
12407
7288
11472
9007
7338
3579
5332
3511
7050
5491
4376
5180
12840
11275
1091
1426
10087
4726
5982
12128
6983
10352
6274
4867
11772
198
3063
10772
1476
10471
11583
4450
10458
9145
887
9099
2342
3541
837
3544
10578
12280
9109
4187
5915
6137
4963
6487
1361
3548
10004
8836
4017
4391
7768
11819
12804
29
12207
4371
7357
7279
11286
12226
10316
2206
8529
12131
7963
1748
10842
9755
12387
9228
1827
8668
3719
2948
5572
1906
7094
1212
1813
3030
7649
10926
12781
7527
10081
2664
12869
7040
7515
10317
2879
9843
10580
4547
2181
12470
12299
2093
4928
10345
12159
1973
2922
1087
7643
2909
6820
307
6351
500
5364
8002
3595
6203
8698
1935
5562
1407
1887
7648
5884
12797
7077
5109
12929
1129
6640
4807
5214
8980
639
10437
10970
6920
12271
6542
5727
2067
2991
3400
12437
10085
4792
5975
6807
8871
2501
4423
9875
6536
7520
10012
9555
10911
6388
2150
8503
6378
11762
11156
6135
92
9758
5348
11425
6367
11455
12302
3369
11349
843
1268
8781
11931
10810
7730
910
8739
1796
12932
4737
3656
7919
5576
6727
2240
894
4303
9695
1679
5209
616
1425
7762
4624
2160
5809
11419
6859
6328
8060
11896
418
2659
476
12215
12465
3238
2890
6118
8107
5352
11218
10313
12885
723
771
12569
10741
6365
12476
3568
11685
1271
8335
6360
10314
12256
11093
4288
7783
5406
6875
5561
11776
8202
8782
1629
10125
2836
12289
8453
9271
11338
3005
5090
10005
12138
9063
12913
3213
7886
11755
12927
830
8125
7674
7161
3520
4495
9719
11662
6773
5456
7263
12918
12821
3933
10040
9932
12565
12749
11391
5153
11161
5858
8186
4675
2867
1781
9557
9493
419
6290
11219
7680
2415
541
6253
4979
10609
12750
7041
6934
469
608
139
8052
7632
2261
7486
10239
8046
7950
8686
9710
10584
7657
7725
6900
3308
6205
5284
7268
883
10873
2023
885
985
8407
7418
12420
11284
11356
11525
6020
9100
5213
4576
12708
9375
8389
11321
10398
6172
233
1015
7221
8019
11590
7407
6232
220
12588
8667
10627
10731
5610
10667
20
10558
9866
4469
4769
7856
4751
460
5796
348
9281
6072
11873
1196
8327
1839
6053
9734
10534
9045
6835
2222
647
1988
4772
3435
2262
12629
6445
11369
2615
2815
7523
6461
5030
5895
11945
2940
3592
5694
303
6967
2674
3627
2568
8097
11830
5943
8921
6260
5429
4161
10830
5787
2638
12132
3506
12648
1854
10338
12685
3470
1315
8658
2716
7981
9995
6472
7614
3553
4079
301
10041
9213
6481
1217
11934
12200
2987
10553
3174
6302
5754
12503
9423
5834
4421
7416
3920
7337
6503
4833
8444
10531
6018
5697
2443
4433
9128
6654
839
7745
4790
3828
4709
8794
3136
3402
6843
6908
10940
10227
11163
12672
10527
11817
580
3085
1469
8550
5133
5127
8291
7952
2950
12371
8090
11604
9096
11051
1632
1306
6985
2599
8487
9335
7130
6416
6147
921
5708
9725
11316
11849
4510
6090
12997
7608
12706
1128
11864
5470
2046
1379
7455
1144
12188
4971
11126
11802
7957
3822
5270
5869
10774
8651
7209
5201
6272
5841
1002
6312
7199
3164
10588
12835
12639
11825
560
4645
10796
1430
645
11666
11298
10456
7392
10206
83
4920
6616
9477
11251
5356
212
5250
549
5554
10391
2008
5663
12013
1992
12343
9108
10891
101
618
12916
4851
12900
9511
6109
6040
12930
8422
7258
11330
3050
8848
9371
9274
10614
8582
12814
1460
10204
11539
12907
3429
11158
11718
5864
12601
6007
6406
8056
10953
8885
17
5963
11449
12391
3212
2456
1643
433
12113
10862
503
4127
6309
6692
4458
8576
550
10646
1
4339
6991
9386
9837
708
12117
3449
12151
3678
12597
9364
5190
7888
10064
8124
438
8734
2984
3165
8045
114
6756
4553
8152
311
4571
4424
12637
12806
262
7003
9038
7059
1943
7100
6718
8891
1349
3100
4128
5357
6430
8544
7028
12715
1919
8415
6793
4921
4231
2994
606
10757
1135
11548
9026
10906
10560
3486
6173
2944
9845
5037
605
1739
11900
10857
5390
4933
9988
536
8616
4189
11750
1930
223
2109
3800
11317
11228
5848
5143
12707
9347
12509
12283
9080
12236
7977
1439
3647
6247
1127
209
11206
6925
6145
7959
11982
7260
12533
4472
11040
9936
9790
12823
12032
4008
9685
12016
6626
1431
10180
1525
6076
4585
2774
9922
10416
10071
4239
8154
3857
12566
11468
8504
2917
10713
4527
293
200
6088
5899
1535
2781
12991
9607
6392
5782
11454
2610
8274
9565
10747
12330
876
2670
11313
9047
9018
9546
11394
9675
4383
3740
5273
4965
8145
7658
1907
7481
1627
8937
8992
11504
3392
10807
7053
12319
10348
8364
9662
4251
3260
7704
3745
8260
5432
12003
323
9648
6953
1350
11963
321
99
7322
5688
12034
4478
11198
10939
3846
11564
6026
1348
2829
988
5036
3711
9533
2069
8456
12891
7232
3262
12631
4404
7897
7945
325
3358
12039
4580
11486
12986
7622
8047
7204
6214
185
2238
4782
8142
7277
6055
5278
11978
10376
5430
3067
11388
11149
1368
6371
2897
797
8324
7810
12336
9075
568
7556
6788
6177
3827
8234
11687
4443
12043
1042
8697
6545
11457
11732
4313
175
7807
8399
1615
1261
9483
2951
7148
11747
11500
8621
578
5157
4983
5104
3483
9909
1550
5792
12202
12603
4978
10734
6584
1785
10577
7435
8608
6160
8397
3991
8049
11905
2614
11467
493
12877
8963
1497
2
376
613
3972
12172
336
1601
571
10244
2225
4135
2080
2455
4447
3964
1273
3241
9153
9650
1681
2658
1902
3641
9260
815
2896
10273
8452
8532
3442
8969
7177
5318
2135
12482
2941
12234
9753
5322
6009
2775
11346
6993
6780
12065
8178
2726
9629
2121
1191
8531
4820
3064
2379
10640
11135
2370
2307
12816
4162
318
9085
10141
10229
287
3878
6183
4544
4739
3575
2823
4719
12488
12122
54
2431
7020
659
10222
1108
9769
18
5992
5046
6044
2422
6092
2968
1899
12967
4847
393
8385
12427
11072
4275
2051
9400
7892
5996
10110
259
11322
5957
4186
305
12669
3185
6261
5552
9340
643
3248
11103
3558
1302
4075
5931
9764
9905
9042
12834
118
2958
8834
2787
2841
3459
9179
4001
1259
10595
4748
7143
6749
1891
12457
10971
12088
8995
12668
6036
10725
5740
655
9739
2816
11214
3039
8985
10106
9360
1068
6066
6669
9838
1952
447
6398
8004
5906
7304
10840
7256
12687
2165
12066
10318
6280
681
3375
3054
6877
3930
1182
373
5259
10764
8822
5094
2707
5481
6998
4107
65
12251
12621
5252
12850
12315
11392
427
3204
4499
7092
12026
8917
1691
4940
7135
981
6775
1702
11354
9941
4005
7137
9627
3101
8003
8897
8631
9231
7349
6644
464
7666
12463
827
3636
6436
10535
1794
12690
11556
2133
7242
3566
369
12561
3898
6625
10414
11196
8303
8033
10210
12720
6695
10253
2303
290
3824
6340
11264
165
4647
9883
1951
3624
8076
235
7513
12681
6551
4216
5558
12528
5164
11586
3772
777
4032
575
9779
9273
7585
6825
6301
3186
1666
6560
5761
4906
328
9314
4911
11719
4112
6798
5328
1878
11735
5158
5668
4138
10024
2260
671
11558
12277
12590
2893
1448
6666
7397
10659
6354
4805
10301
5064
875
9091
8218
5909
421
7318
12759
11669
6437
9468
8126
9564
6479
7785
525
11712
11370
9192
9975
11784
2448
1587
7998
12727
7896
4062
8102
10514
8786
2338
7179
7473
9657
1019
6093
12723
8043
12464
11848
12170
4854
10985
5195
3501
10427
4160
5380
1624
7940
8610
3985
1286
4785
3366
1292
5924
12742
4
950
6129
7846
540
12845
4912
742
7083
3309
3935
11892
1634
718
9030
12671
7111
8411
8229
4125
10565
1792
1308
1284
4844
7109
2891
4816
5146
4980
4973
8022
171
11656
9076
12357
4953
3016
8741
6019
2395
12525
8788
5450
2703
11026
12613
12451
7650
12230
661
7095
5025
4269
6561
1797
6707
434
12310
10228
3608
2272
9416
6933
1153
3651
6186
11653
5229
8352
1820
354
4244
599
733
11788
5767
12820
264
10082
4693
12359
5724
8286
1622
11400
2126
151
2535
760
10128
4119
10996
1157
6526
3634
6146
12837
9553
1126
10612
2757
1752
2843
10545
2980
10680
2580
6881
10131
1480
9599
601
1888
10177
5529
8231
651
6
7533
6548
7194
3199
680
6161
11204
11593
3377
7185
12154
10484
6208
2559
12703
7986
3614
6449
3560
6779
2445
8412
10693
1757
627
1137
11918
451
5599
6105
9715
5095
7180
10852
5053
798
4300
9054
4350
1377
10670
10477
12817
11894
7862
2493
9464
951
2241
1297
1293
9299
7992
6113
9337
331
888
5076
12996
71
9404
11501
2881
9832
10633
4283
396
5237
2616
9121
11088
5393
5687
7528
2875
1646
9781
9312
2236
9163
5272
4976
3303
8916
9738
2560
5487
10702
2528
9980
3576
2965
984
3712
2938
9722
10016
1832
6174
11416
10791
12436
7824
3612
9151
6270
1416
5747
9132
8501
10844
1613
11975
5722
4361
4619
8133
5402
10645
10285
10430
3546
4304
3284
4485
617
2956
3390
11868
12861
4043
4025
712
939
10909
1455
10099
6659
841
711
12855
3528
2506
706
2808
5514
10606
5737
1175
6990
11638
619
10593
1709
8469
1197
10027
8066
1239
1210
4627
6863
11055
1793
4573
6152
9384
1494
12
7551
12810
5681
12334
11887
3763
12006
1365
5368
6249
1347
6736
339
2795
9747
8853
6100
12432
6141
1641
7365
12252
10068
6918
10179
3472
10502
7064
1948
10966
5748
11241
11223
10898
7323
4915
10632
5292
1563
7274
3405
12147
2597
11009
4185
829
9113
3956
925
9524
8406
10028
25
11470
9363
11128
4377
5441
10740
6231
6060
7842
5468
11972
9608
8091
5285
3976
12051
9938
6657
365
11831
5533
2822
5987
9864
3564
1577
6185
10993
10669
4326
3394
12789
12674
6956
5606
12288
4266
10917
9240
7739
9322
2256
3279
7388
5560
2581
10739
357
12469
9133
10530
7734
9334
5179
2790
2618
2371
5279
9904
8180
1936
5378
486
1704
257
735
5557
12858
2268
7226
8643
8279
10119
765
7302
8032
5012
8748
7713
2498
7517
9127
2869
6664
2665
11958
2619
6799
3034
7055
6498
12062
12393
3702
8362
45
276
2780
2913
5675
10390
12248
12864
11795
9744
9807
5703
3287
9170
7976
2059
2278
8982
9168
3623
2438
11761
4664
9222
6870
170
4872
7458
12035
8512
12983
8334
4415
1433
2360
2621
3778
6874
11461
12698
7800
6997
11225
8756
7610
35
11124
2489
9634
9697
7539
12449
7287
10194
9466
2305
12373
12643
12080
7310
7115
6383
11957
11339
4180
11721
8912
5922
8458
12607
1464
87
1242
6709
5283
8093
2767
2467
8434
247
7778
7984
11563
10582
7485
322
1457
8108
11121
6277
941
4825
335
9567
8423
1636
7366
10916
506
3172
11288
5480
10950
7949
12935
12905
6814
12505
11791
1890
7076
8067
1141
12627
12694
8970
7043
5546
4223
12270
3625
8857
5918
6385
7560
6731
1726
11025
10615
9106
5324
5217
4531
8140
11292
7678
2129
3492
1518
10413
2648
982
463
12365
5419
1026
9547
11836
5811
9092
1463
8159
5263
3655
11256
6486
11577
4198
3408
6539
2428
5611
11105
10017
11815
1106
2358
6567
12689
5365
2830
8918
6257
12008
12326
4463
6382
6708
5808
4143
6390
1768
8111
2820
5207
12023
3563
10445
10600
8296
1967
11101
1869
10450
1235
1676
1251
8307
4101
7411
11910
9433
727
7031
1661
4455
9293
11086
4156
3305
8015
10073
12216
3201
5816
6926
513
5547
4476
530
10936
5099
662
12787
8825
6087
2282
416
3552
2717
4944
3211
7961
3668
3559
5415
7114
6478
5628
11385
10098
7102
8923
12475
9357
9365
4587
11756
4181
1808
11095
11546
7271
11445
4768
252
11822
3937
10519
12392
3029
7552
4858
6492
12649
7079
3600
1569
12515
1119
5749
2602
6694
9422
6359
7880
10538
5309
8553
10748
8878
6393
8843
9277
1940
3074
8468
10281
4612
9440
8292
5519
2696
9389
11231
11579
4203
3707
5653
8375
10546
1606
5371
1208
5401
2801
3399
3587
783
2522
6389
6776
10498
8326
9560
1510
12296
7449
12606
1962
2178
5010
3013
10422
5475
1486
5210
422
2177
8899
12691
7445
7303
3660
12156
880
9780
7995
3514
3960
10193
2810
5135
154
11698
5789
11785
8877
832
8783
6222
3203
12119
3283
7593
2630
9424
7152
3088
10396
774
4582
3456
7227
168
5564
8817
12157
4550
8779
9874
781
8299
4118
12409
11657
5513
3111
11258
4235
11014
7619
2688
9207
2321
5632
6094
9724
1380
5268
2910
9579
7186
1513
8946
8272
12348
7928
4828
11353
2406
10590
11186
8037
4617
9570
10358
8192
3170
3193
9361
3535
10597
9226
9257
9869
8347
4563
1923
6015
4271
4301
4716
4065
2570
1728
9159
12097
11976
2447
7985
10264
806
12985
508
11928
10021
8517
5469
5244
8996
1931
7651
12489
10882
3913
4562
4246
9378
10912
6200
9407
1351
8309
10129
132
668
417
3907
5399
11329
11187
7259
11190
9642
12514
11397
3628
892
2947
10798
3076
8702
9971
8470
8013
11554
6589
3791
12522
6202
10446
5822
5124
12430
3281
566
1605
907
1395
308
5835
7506
10355
8580
3060
2325
8514
2148
12640
3432
3388
4639
8742
12651
11988
12610
109
10874
5026
12914
9839
8110
8665
2070
204
10130
3205
358
12007
4177
3638
1339
6556
9095
9549
1840
4749
7983
3884
6752
11742
10666
3919
11555
8392
7182
10894
10461
5753
9591
9727
3425
3350
1844
12974
3620
4429
8437
11711
10473
10246
2276
11211
8457
4984
12434
3830
10998
5206
11020
8252
10218
2695
11230
1187
5762
1565
9487
8181
6456
28
5239
7765
5021
11462
12273
12191
11682
8160
11967
5222
8852
2402
12745
12772
6119
184
9067
10078
8780
11358
9450
11120
10619
12350
2319
296
426
11465
7637
9655
10237
4601
4417
2401
11987
8949
12203
9107
3978
8382
1599
4250
12521
1143
1202
11748
12776
1283
12160
2804
7916
1578
8445
8144
11034
9813
2095
12079
1403
11351
3110
3851
5257
5139
8851
11491
2458
10616
10685
4566
754
4305
6770
1671
12906
4801
12628
8494
9073
10023
4875
1249
9708
9713
11473
2142
8238
8518
7770
1743
1637
11475
9684
732
2011
3728
5145
11083
957
12782
2047
4721
1582
6062
7285
10651
12444
1130
3911
12109
6872
3446
6610
4859
12479
9723
2738
3659
1647
8674
2320
8489
7564
818
7118
2426
1909
7554
8814
10706
6777
866
5844
515
3184
10495
6473
1155
9696
4210
826
10038
2312
11660
7245
5202
7581
1263
10767
4412
1872
11949
8042
7166
2297
6241
3892
6515
9878
9398
361
9117
2562
5818
5079
873
7104
6338
3051
11481
10528
1747
12278
7531
10048
2034
4763
7903
4569
5776
7752
5011
10662
4289
2718
133
9316
8670
12976
11667
8672
8622
6741
2025
12791
7562
2550
1400
3243
12801
1968
11245
9420
8808
6446
2201
187
4697
2245
6964
1176
2649
10164
11534
7679
7609
3990
11986
11793
2102
1145
10506
2469
23
11731
9041
2975
3023
4950
5764
8132
10918
5616
11130
7061
4022
5052
1987
11670
8369
7384
1415
3687
3881
1213
11832
1529
5707
2038
3741
4545
12849
3522
10933
3251
6140
6772
9670
1442
10819
3411
1746
12353
9320
782
10383
9158
5839
9380
10231
7572
3517
654
1357
3784
61
12369
1680
9429
12360
4270
7891
10607
9070
4050
5944
8993
12317
10536
7192
7594
3368
11075
5100
12547
1925
10432
3833
3231
1310
3147
6573
12108
10140
10444
9531
5850
859
8931
8732
4519
2569
6286
2888
8075
1294
3970
6972
5162
1236
7428
3588
9589
11890
5790
11123
3017
3351
7339
440
7405
6938
3353
6868
12105
8435
2364
11503
11777
5398
11536
11969
2788
7654
11117
3134
4842
3321
2654
6150
9960
4115
8578
9826
10463
10203
10135
9297
749
9816
2751
9243
8115
8584
12560
5334
974
7342
10466
3095
3022
2405
6683
10105
2952
816
7434
10908
329
5266
1547
2167
3994
4403
192
11740
2086
8295
3125
2832
12642
2690
1364
11716
9229
2542
7543
4549
570
9999
3078
8018
6370
11541
4039
8972
12091
2335
1064
8080
5856
5634
11340
12027
11600
916
12272
6936
6166
8898
7093
5885
3379
11401
12544
12622
6191
5181
10709
10851
5728
12168
767
1381
11439
2531
1515
5022
1080
6962
11722
5625
9201
1546
4179
8566
7205
7068
2884
8460
1214
9977
7038
1496
4961
10289
9569
4113
8766
9933
6271
3161
7933
11229
9154
5221
8129
10876
4362
4673
5806
8547
2645
1774
2199
11127
5908
6262
9480
10230
50
8217
1751
7210
518
3096
12697
6123
5901
3948
11639
8428
4337
3572
3068
2877
5220
8028
870
3561
2793
7905
8675
6618
12196
398
11921
11964
10550
3865
7512
6464
12145
5089
3397
5582
6617
8706
6945
12744
8384
2769
12072
6762
7662
7414
5342
6699
3601
10142
4728
7396
6242
7831
1693
1369
8612
1722
4908
10826
11530
3942
2393
9313
5739
8395
4059
8720
2864
9951
8310
5151
2992
11790
12633
11965
4680
11891
4548
5710
9308
1344
4481
5187
8304
2003
4760
9970
3721
8543
5750
5712
2209
2366
5308
9797
9261
11403
920
10880
1725
10959
346
1999
12052
2092
11679
4095
788
5075
9887
5007
10472
5962
7636
3183
10974
1990
10147
12507
3908
4551
1670
8367
10775
6254
811
12529
12078
917
12045
8539
415
5857
2806
5165
10735
7344
12150
4422
11109
5050
1625
854
19
1428
3460
1818
2652
2876
1870
8640
9341
12659
11448
9098
12968
12701
840
4734
9033
1233
8266
5508
11688
8979
30
10486
5496
10900
4024
12265
6733
1710
7119
7198
10489
5497
7870
11840
5274
11995
3297
2626
7735
7379
8509
5495
9519
814
11997
10704
4995
9194
5833
9543
12915
7920
4049
8062
3173
12136
596
9499
11538
2139
4038
6717
9367
4436
1786
4342
5072
11989
6497
1537
600
191
11
8646
12367
153
8541
12589
8007
12775
10850
6720
47
8206
5692
8182
7017
8683
7744
7709
8738
7779
714
7146
102
5261
1423
8402
8662
12686
6803
3545
2018
6353
7821
5286
690
1572
3768
3466
2779
9554
1090
5829
12999
3533
4168
3974
10913
3999
10377
11270
10337
6197
2239
10629
1873
5051
7383
10978
9321
2232
7360
6723
5484
9902
2045
6167
7283
4219
8254
1028
11895
834
7708
3954
1619
8656
10787
2866
1247
8116
12297
10361
441
190
6248
12693
1337
9836
5212
9592
11973
9994
7830
9865
675
169
890
6667
12165
1963
1116
6373
9088
10947
3052
5886
12126
12663
6710
9604
6785
1595
5825
2996
3995
11655
2244
1218
4740
1939
5379
1007
9001
5621
430
4822
8915
4703
81
181
911
8796
3180
8209
7832
12696
7087
5191
3806
3296
1737
3383
10252
11951
4788
4131
12396
2637
3075
526
2870
7049
6624
12551
7495
703
4609
9623
3968
4558
9763
7178
10189
11438
11182
7507
5648
1012
7848
12881
6569
12404
9823
5620
6735
2736
429
1272
10956
9683
9574
729
1677
3547
2920
5723
5296
4261
1397
1417
4331
12942
3958
9958
24
4019
12190
10058
12153
7802
8448
5234
12002
7233
6840
2061
3291
5854
12352
10910
7456
10729
8545
3467
2985
2723
2521
11686
4952
12300
11279
8624
2686
2772
1675
12425
11466
3997
5161
12245
766
5400
10598
3391
5575
2120
3275
177
7549
5515
10438
7181
12443
9863
650
6662
8730
850
10202
10032
6432
136
3673
7116
6216
11760
11983
9746
12064
6797
2517
4508
9884
7645
5282
8051
3094
4385
1862
7069
9262
5949
261
9703
6627
309
9068
3515
10682
10234
4347
9244
6632
8417
10499
9789
12167
2732
10155
5852
11145
4607
8775
2377
4808
6466
11426
1921
4320
124
3697
4066
3389
3229
1229
9272
2908
10815
11444
1034
860
10324
4733
4406
9619
3002
6725
6517
9199
3825
10697
6138
561
5118
4888
359
3871
5471
7879
5867
2932
4826
7033
6489
7009
355
9603
1942
3895
6045
9622
3148
10307
4343
8932
7714
4426
1473
11387
7419
9802
8893
10075
3996
7737
10779
4359
2258
4640
12124
4735
7604
4738
3413
8704
6311
10443
6647
1521
6073
12779
10455
7571
11031
9930
11294
12227
8958
11673
2076
1076
12740
861
7327
8964
9460
9957
10037
12785
12054
3582
5411
3455
10162
4287
12478
5778
2797
4492
9238
12803
8557
6374
11249
5098
9523
5581
1659
12453
8940
868
8638
4352
2309
1583
11396
591
5461
3757
1853
4594
3277
6006
3510
6192
7309
4360
12506
9004
987
5837
300
7265
8226
2746
4416
9498
4083
3987
11067
3977
7120
7140
241
11572
10412
9295
2194
3518
2242
3453
8264
12058
8562
4725
6454
5894
3119
6527
6932
7544
2725
3700
11985
10903
7098
6876
3591
9767
9923
5985
443
10542
12711
7777
420
12328
1493
2482
3602
11775
4656
9349
2213
2216
5323
5983
8919
2853
7399
547
2719
9799
10988
5705
666
1911
1287
11730
5188
5892
4164
10485
11559
10574
7954
4253
2227
6155
12683
695
7790
8085
3465
9961
4756
10170
9256
5476
2768
2488
5313
3042
2424
3469
1044
7927
2409
7488
6293
7675
4917
2594
1612
237
7767
6111
2650
9621
2020
4281
260
2813
10899
1192
1440
6475
1266
6028
12366
2410
1645
5955
923
10673
3464
3726
11458
3944
755
3360
10742
42
11865
3362
11032
1282
11451
6721
5598
9122
3760
1607
7938
7432
10875
3629
4258
971
9214
5652
1929
12214
1581
2246
2595
12004
12856
7681
1903
2755
197
10224
10371
740
12979
56
12839
182
9544
12030
2872
304
2174
9448
12446
9660
2925
10871
8329
10335
3609
11808
4869
9987
8875
8952
9534
3409
7036
2721
1875
10111
7653
2979
4158
7367
1441
7676
10419
11324
7230
5640
2982
4368
8351
2491
4208
12969
279
577
3855
5717
12650
3571
1842
11929
3705
9561
7918
8117
10579
4319
7492
4302
12955
8485
13011
9021
2848
8763
11527
10144
2124
8224
8787
5363
2459
3653
9861
6864
9611
8420
3431
3355
9
3782
5961
11071
11691
6106
7341
12641
8035
4357
1062
1893
3877
8689
7620
3102
9208
8564
9074
562
7670
11377
4555
3733
1069
6758
9374
2376
7422
9580
5247
315
7809
3150
9964
8020
11380
4074
3867
11247
3098
12724
2587
9760
6766
12421
3821
85
11263
4056
6252
4817
7071
7464
1103
7316
7433
4618
11239
6597
12987
4284
4316
531
12857
4650
4199
889
11954
7937
2208
12897
4068
11300
2300
673
7761
7591
1937
2505
1298
12901
11609
6891
2885
1173
3698
1950
750
9221
3414
4671
3149
3504
8350
6131
11495
6011
6971
10060
6297
7685
6005
4766
8353
6774
12956
8657
6559
2052
3403
6341
1717
3963
3590
4970
6769
3750
2386
679
9882
6857
2886
2119
8579
6660
11551
2833
10949
5149
3776
498
8505
8236
8801
5061
11573
4307
1325
9072
7440
2050
5672
7808
111
9981
6238
9978
5783
7504
4781
10904
8722
3322
3521
2802
9059
9255
12661
7298
11585
4945
11023
2794
8914
10373
8251
3347
998
8881
11176
11297
9772
8413
12379
8199
9812
3104
9332
8207
6656
8591
4688
684
3026
10877
6507
7738
12046
8398
10261
5578
10465
7054
7638
1452
7729
612
7540
4564
2084
12829
6499
4184
9699
2414
1105
7173
8283
4687
8789
2840
2145
10097
129
4173
10310
4761
6744
6095
7717
7565
3345
7215
1914
12598
902
2492
719
9430
4845
1877
9185
4369
4523
12291
6405
11859
5843
6671
3336
5994
9968
790
5527
8941
10321
12290
10020
11433
11506
1163
11645
10719
5144
2539
10030
3523
9160
2959
6801
9919
4589
1729
10492
98
2697
6083
8990
8172
1316
11523
11301
8605
5921
3688
12609
897
4864
8021
4962
633
12699
10866
1253
6823
3224
11035
7493
11172
11325
2900
334
7625
1471
10322
9491
2899
12050
4171
9411
333
2311
8379
12530
1534
8084
4724
9720
8371
3539
8267
289
7248
6630
12844
7567
6915
4193
6674
2786
9954
5595
8523
2606
7550
2713
12784
1790
5897
715
10459
7305
5639
6477
7501
1979
7382
8220
7990
277
6980
5442
10800
9019
8040
5232
11715
9982
10743
5236
12940
6899
11948
6474
3441
4489
10080
3680
4698
12887
4676
10652
10639
11907
8012
7257
10979
4972
8873
1575
1526
7542
4714
5367
5974
3886
4349
4883
6196
4004
3324
8496
9640
5184
8463
4904
5532
7910
7780
5714
9023
775
6278
4956
435
1230
12981
8281
4448
11923
1811
2339
1608
9751
10346
10341
4077
2611
10092
7034
11108
6789
776
5185
4109
1243
1848
4155
11613
4152
1501
2576
5503
2927
12077
3334
5341
6387
10792
9503
8835
12936
4459
7741
6614
10347
2715
1928
1850
2974
12664
6778
5751
7086
2452
5091
11827
10513
12009
6619
823
490
2219
10755
6211
10482
11663
2259
9346
1409
5074
1626
10074
11540
7138
7890
2383
4410
1329
563
2214
6557
3373
12182
8714
3610
8227
4677
11200
1161
4750
6537
3649
3450
8376
4006
2617
1020
10641
3099
64
8250
3043
10104
1644
10890
7521
5243
4637
6558
6125
6187
7820
11794
96
6634
9104
6858
3330
4139
637
11420
11100
9437
12888
9093
9846
8723
10173
11446
5658
149
6151
979
4473
3237
7236
3294
12093
8006
10496
4291
4021
10925
10086
9116
8905
2287
5031
7575
9475
12019
4031
4280
9920
11058
4292
8106
106
12665
3767
12537
7162
1029
12662
11953
12764
9031
8519
4454
4206
7219
1200
4149
2554
12208
2770
6329
2859
8240
11690
1468
11936
12612
9339
11177
7677
10088
6714
5405
2465
8073
3214
2702
9286
12793
4948
2441
8777
4977
8653
3585
2541
9535
635
7437
7994
1393
3967
6264
5759
6566
4616
12846
11741
8204
11043
1250
9513
3135
6434
4159
6209
3278
12433
4348
12414
6217
4682
11019
7843
3239
3386
960
12943
6433
624
9157
6968
710
9447
9558
9778
3423
6822
4076
9927
7479
4329
6440
11858
6317
8604
10136
3171
4140
1375
2010
1803
1552
4141
7398
7032
8953
9200
5472
4736
3909
12545
7841
12487
8685
2013
10480
8193
3640
1490
805
4643
701
6324
2378
2158
10302
1847
4108
9766
3788
8588
952
5134
6425
4252
7837
4379
12086
10744
2865
12276
10997
12115
2472
5141
909
2632
2247
539
6110
11608
9303
12314
1303
6491
12794
7818
12323
10789
10428
9654
12313
6673
5004
11482
8901
9955
3210
466
2071
10375
4546
8465
8323
8054
1788
5741
2250
4363
6017
4211
5463
6419
1326
7815
294
11460
3444
5745
6838
7329
5467
2162
3363
4069
6164
6830
3519
884
11758
4388
1089
4276
5573
5516
10599
4625
3766
9329
10847
10554
12728
12826
10533
10700
2756
8751
6924
11250
2179
488
3765
11042
12960
1125
2001
12700
9692
3502
4346
9497
7753
6246
11930
6215
8233
10468
1640
3714
7378
9405
3975
9668
5068
9298
9220
2791
1944
10319
10835
10011
7597
12556
468
2960
145
159
7239
5310
7429
11521
4840
2914
12254
11729
3672
8666
9009
12344
10790
7624
2308
8461
1238
11389
12792
249
9017
12107
7979
5847
9432
5784
1814
6646
384
7124
2336
7922
12873
2771
11355
4378
8713
10793
3482
12667
7861
4232
6901
10694
8393
10168
8355
11305
4517
2656
6184
4597
12130
4528
6811
9496
8336
11746
8803
12725
6831
2964
7207
3594
9266
3338
8247
9500
1363
4234
7082
1392
1278
3570
7229
10905
9351
7311
2972
1504
5218
1744
7826
1406
7804
5423
8338
11566
11378
6022
4707
2641
4306
9893
2196
4474
10047
4493
2525
4055
6898
6423
8493
7505
10621
5208
8581
11944
653
12468
458
8478
8248
11016
6562
2098
8168
4389
10284
6628
2316
7128
9253
6689
10260
3730
9247
12401
1723
8230
10362
10945
3567
9809
9798
8030
5245
3729
11779
1148
4104
1570
9126
5548
9785
8308
12800
7627
7763
6307
12832
2600
537
5665
3404
10785
5758
1096
12056
11049
3219
12719
10710
10622
4488
2291
7932
3774
11480
3028
8806
12807
11404
12490
5408
4012
6153
10977
9377
7806
2692
6149
423
5824
8691
8069
1005
9996
11535
2894
967
2778
8542
5946
4665
11125
693
1880
11671
11797
799
12179
12761
3593
11837
7588
7518
609
12372
3786
9652
8699
8900
8095
2430
7081
4054
8438
5757
8081
4704
12496
4070
7078
10973
2737
2317
7971
7754
9939
8950
2290
12582
10547
2871
11133
12329
10300
7758
12917
248
4622
3681
7902
2601
9249
2709
12486
11010
3631
10510
1240
11502
10349
2031
7781
5071
4486
7431
10478
1201
10752
11070
3813
10315
3282
8647
2647
11707
4626
10828
10381
428
3888
6847
5262
8613
3965
7089
2375
7427
7876
12075
6848
10540
3142
564
7972
11705
2442
10044
9976
4843
3038
123
11085
11946
611
10353
8759
3430
8554
5801
4943
5950
6296
4813
6540
1520
11658
10242
4543
9530
6207
11237
5732
10046
6522
9759
10955
3841
11843
3160
7355
5167
1224
4373
367
2684
10255
5948
3300
455
6981
7039
2735
1359
12984
11812
9216
137
4694
2782
10778
360
2603
3993
4588
10031
3555
8725
9819
3398
9527
5335
12103
7555
825
46
9573
1057
1564
10487
965
4335
6954
6817
2224
9150
2103
11611
6357
7881
12201
5433
9324
4207
3717
11437
442
4600
5227
10860
11651
1978
5359
2384
838
4063
5715
9811
672
11589
4502
5060
10610
12925
7340
8589
10366
7330
7497
7448
2373
9131
3527
7321
11090
4175
3525
8815
6871
78
11429
2347
10382
5607
7234
2280
10400
8388
7793
656
11592
11215
1995
523
6661
4873
6937
8573
8629
5604
205
1342
7477
2880
2229
2186
3001
6471
4679
4285
2724
9456
7157
3801
10797
3370
3175
2292
1472
3635
10209
3589
1571
7160
2589
1065
6607
9467
6852
3194
863
10765
6568
7900
7931
6144
7191
5583
9444
7612
8947
8563
2742
5702
11629
6410
9669
6734
5786
2868
9610
12342
8942
11174
2748
5531
344
12645
6902
3216
4934
3155
408
4516
3089
8425
877
403
4437
10587
11727
758
2622
6012
4798
196
4084
12501
6194
6719
7072
8510
1016
12909
11811
9704
6577
5314
6115
1602
9730
9653
8945
2728
11331
6591
5677
7374
7308
10091
10972
330
8118
8128
10029
2356
6513
8925
11132
2995
7046
4765
10043
2392
7444
4106
1054
7047
12964
7988
10207
11992
2198
3812
5676
7687
8935
2743
4968
3926
3619
5671
2999
332
8269
4522
836
1478
9756
8627
2978
2608
3753
9147
7466
11961
10410
5602
4829
1276
8290
10323
11336
5346
2294
11522
3061
8922
10267
5347
1458
10986
6266
597
299
6839
11408
6534
8746
7623
7472
8957
4490
8936
6358
8910
11141
9545
11876
9538
12229
11745
2957
11432
9494
4483
11517
2640
11652
1694
4176
4460
5358
6842
2518
7299
12048
12729
12862
341
12209
2745
5537
2477
12383
1917
7088
4770
6032
246
2136
8623
5866
5826
10223
6320
3176
4891
3019
1773
3754
12339
5698
1008
9039
12778
1289
12584
12070
12067
1763
8381
3509
12730
6117
5058
6944
11332
3329
7696
11602
11012
9462
5763
1956
699
4016
6447
2028
6476
3417
5622
1288
9518
7851
12238
3494
1947
8348
726
10856
8715
10278
2763
8536
7863
5788
2357
12599
3474
1027
8948
9787
55
592
8495
3112
9506
7715
10887
11542
1461
11537
1378
12600
7225
3988
6810
3927
8319
6188
3227
6680
219
11518
4909
7943
6368
1868
1254
12112
4773
3842
9551
5321
3896
6235
11013
4778
7328
9173
559
2288
6225
1013
231
12922
11311
115
3316
8799
11675
4614
6327
12418
12083
11382
10250
2053
2529
6279
1115
9768
12758
1474
4791
9676
1079
6631
7044
7801
4715
1220
8087
3133
7275
1997
6808
2163
7058
9898
12875
10507
6832
8414
584
1206
9048
10509
10117
2527
5499
12780
13001
11007
8598
2223
314
3844
1586
6097
7188
12275
7363
8446
874
5954
3916
8585
5566
2661
8696
4500
6571
1770
10476
9124
5802
5043
12884
5879
2764
3904
7413
11244
3945
9550
524
12548
1082
3882
928
3654
5062
739
3015
5765
6116
10013
1756
2874
5173
10254
3751
8933
324
638
9129
533
4336
7264
8592
2094
9162
57
9282
11960
5271
7223
3875
5345
4534
6505
5794
10309
5605
8772
12055
10294
9818
8785
5735
3890
4649
12636
3384
1231
10166
5446
11240
5016
9318
8508
8943
8014
1050
6424
9796
6604
3253
4030
4783
2585
2146
5686
7096
7603
5799
11063
6771
7923
10175
5589
8357
11422
953
11084
3854
8660
11202
7772
164
8924
1450
10157
5277
3354
9620
4317
11056
5396
3836
9745
8298
2700
6761
1095
2411
9276
8113
11520
12087
7331
11406
2299
11816
6204
10592
10786
10572
6609
9435
2009
12121
7707
2234
4902
5087
8151
1314
4989
10132
9408
2471
11412
119
8747
2818
3335
11350
11299
12931
4121
3420
8625
11879
8515
2407
8312
11591
9998
9011
11485
8664
10618
691
7468
1269
9373
3611
10083
8682
11789
4267
6866
6417
6099
3738
905
2006
9795
7247
865
12422
1685
8601
10868
1170
678
4323
10525
915
5691
7171
5936
6331
4134
6408
852
13002
2548
3779
3969
10153
10107
8167
4435
6142
10812
9667
2799
2345
10215
11616
5360
3410
1383
7390
11242
7586
6939
3129
7270
10749
2744
5972
10143
12424
215
4727
12398
9079
11737
556
6070
6586
1211
4554
10328
660
6429
12549
6910
6256
10756
7004
2130
7996
5875
6928
2722
4602
2295
10617
11427
10424
4100
8886
7491
345
3998
2161
2623
3206
529
9304
11153
4648
2105
5019
5088
12173
9963
3168
80
12312
12951
8241
2500
10200
1022
8026
12195
6856
10311
8101
1508
11307
8676
5630
4082
6334
10771
12741
266
12378
5123
4274
6460
4405
8213
4775
10648
5382
12859
4937
10113
9873
2436
9419
4247
8619
11201
7930
5242
1502
7016
8114
1413
1495
4681
5110
8678
3264
12502
10503
8094
6946
10015
11595
1594
2540
11769
10854
737
12746
3439
1530
12018
7895
8971
4506
7394
4599
3669
6488
535
6576
5614
8294
9890
8908
9860
12255
558
551
12386
4777
8166
12354
3876
1394
6583
11904
450
2511
2014
4913
12217
6349
12184
1507
8249
8771
7557
3437
5482
3556
7218
6190
7683
6729
3269
11852
1003
2172
7559
8868
4630
9290
5828
9056
11701
8500
12428
5302
11680
2733
5020
4540
10518
34
822
1035
9750
6418
2800
1674
6535
6042
3006
116
9438
9855
3137
4592
10732
1133
6504
9284
6413
3543
7646
5655
2323
6679
11899
3256
12709
11281
9046
5294
9326
1689
10213
8139
700
3613
12865
9403
6582
12831
11828
10258
11498
5231
6994
11786
4927
1485
1234
8271
9672
7915
9449
9575
306
4466
2267
1333
9287
12448
12952
3209
10508
1532
8459
6103
9585
8882
10623
6755
6089
7750
3744
10277
478
7301
4515
628
9529
10762
8856
12714
6691
11884
6553
4046
5813
8778
6521
4860
6081
140
7719
3532
5932
11180
11700
7661
8830
1338
5320
1683
4552
7293
12139
4615
9903
10937
4767
3207
7295
5967
3364
3648
1822
3416
10474
11375
4610
1657
4690
1058
1032
7175
4129
11596
942
9436
12426
731
1981
793
5666
1957
2633
12244
4557
7688
4834
10537
12327
10625
10009
9479
6753
1086
2021
5951
3639
5543
2091
7075
7110
2388
2064
12635
7097
1764
10589
8119
6653
7320
7278
3348
53
4949
8978
227
8997
10065
3298
12029
1356
12752
9172
3337
3880
725
6940
489
11160
1150
9488
7877
10920
833
11144
2490
4200
4538
5383
779
1784
5059
340
9383
7936
11146
12920
7195
1111
9130
5530
11971
11184
12235
9119
962
1285
3328
2495
7682
8064
11906
9489
9687
11635
12069
5281
856
3312
2085
5459
1833
7652
1953
886
378
3117
6234
8538
11001
1256
4023
10529
7534
1156
7684
3829
6757
2966
1081
1989
9454
2605
12485
10365
12085
12455
1835
208
12347
8302
12618
10109
8749
2574
6047
3580
10449
12619
10605
10919
5044
2915
12041
9003
9830
6781
6580
3679
6467
10962
6620
9481
11618
11753
8711
3000
7698
8318
12169
3333
1690
3232
105
5509
4220
10660
631
5403
3021
2221
8387
8025
12294
728
10169
5937
2905
4987
576
12246
12100
528
4881
7904
10256
3617
6765
5462
7644
3805
1660
9984
538
6493
5973
12876
1102
11874
3889
5486
7045
12704
10186
3273
2337
1858
1183
3626
4835
8693
4341
3531
2609
5105
3105
11587
8887
6285
1924
2777
12481
7410
4494
3130
3314
9945
11630
11632
11984
4678
10272
7803
2169
4924
5976
7574
10576
2657
10151
3086
2000
12638
10603
4832
2171
12440
12539
6532
5716
2100
8256
11407
9278
9210
2582
7845
881
4260
7334
12411
1174
3583
5881
5255
7267
10006
11259
199
7280
3270
9412
6894
11768
6893
3859
1207
2629
1061
2705
8245
10423
11157
10296
3785
4753
12903
4491
8846
11041
8344
6704
5642
11796
10165
6391
7112
3809
1708
1386
216
5032
5125
3041
10631
11704
11800
6949
11610
9234
3225
6075
11459
9852
5647
291
5349
409
2512
10171
5549
9847
780
5540
11519
9439
12412
9775
2803
4846
1954
6687
7354
8954
8098
8929
1151
6670
6650
5387
5550
5752
12116
8930
5743
11516
10907
263
5097
7213
4666
10780
945
1077
6648
3143
10821
741
3934
1104
12346
3359
8669
3887
12092
8840
3462
5249
9914
9344
11136
3236
1330
2739
6682
12604
4581
8135
5120
9856
10195
649
10932
11576
697
7720
4353
9777
4060
4635
11943
12899
8158
1120
4151
10127
2263
4197
2989
6122
3481
11341
12228
12473
11333
4774
5719
7203
6913
1703
6886
6992
604
986
12431
7747
1467
6737
2970
12732
10738
1049
7167
8907
3463
7358
5015
12413
11933
3723
9239
12957
5132
375
1198
7489
1004
4442
4298
10431
2269
5329
1099
5939
9752
12233
9187
581
6427
3304
12948
1039
11091
2507
3959
9931
10357
3917
6038
8148
11224
6849
6030
388
3376
3418
5326
3434
401
5421
12756
10657
5766
7736
10969
9774
6284
374
6031
3258
7541
6931
8841
5770
11000
2191
4114
6796
10280
6979
4789
10344
1775
3646
7297
352
3037
9434
12335
8717
763
11862
8150
10512
8149
1895
75
8246
4237
5269
4225
3718
12508
12892
7519
2575
2220
33
9020
1186
10888
1926
4451
9680
9062
2827
37
8695
5941
1291
10182
4154
11315
6611
4144
1117
8219
5730
8244
3
1527
8484
5119
491
6684
11509
5700
10312
11119
7964
5455
12174
1553
1390
1312
12282
11492
8615
496
12012
10061
8466
7852
5522
4190
1067
12795
10586
4133
7273
3584
1435
3979
8855
658
379
7074
12287
7228
3393
2526
8864
5295
10521
8911
4034
7400
7693
2824
2369
2711
845
11065
251
8325
5182
1434
7811
10055
9060
8265
7244
12770
8287
6693
12189
11290
787
1711
6143
142
4116
1345
7106
11633
3220
10263
8926
2973
9175
9235
3542
7415
8984
8774
8276
11575
5830
8983
3179
1437
2758
4400
12345
1573
3661
12947
7838
4218
2962
6587
6501
5840
8634
2333
499
11254
5535
694
6120
9937
6013
1620
12494
2228
11872
8690
7503
6867
6941
2170
1658
3123
8065
6098
2176
44
1916
1678
7254
465
3109
11479
12211
6642
41
3276
1203
2344
4996
9726
11096
11993
4633
138
39
3797
2961
4169
7335
11886
2976
8565
473
1598
8906
1920
2509
6834
12304
9844
2639
1036
5330
12842
10034
3794
7090
5175
2123
3457
8490
10248
2101
7487
1358
3240
11674
5947
4925
7929
12193
3424
7494
11030
573
922
9280
3931
10026
4372
316
6590
4672
7375
5223
2215
12447
7246
8849
3817
12773
1097
6244
5233
10295
7478
8105
8516
4780
7
7839
6027
9190
8819
1275
7380
6375
11079
6543
5669
1696
3973
3962
2380
10178
3586
4439
9044
4236
10286
9814
7967
4931
6812
2798
6986
8179
11499
1499
10331
9425
8366
10490
3938
9139
11938
6010
121
6697
1849
4982
8203
8967
143
68
410
8556
3512
2882
2680
8429
9983
948
9265
11178
10611
2977
7403
8079
5701
4411
6029
10325
4480
1051
3018
12472
807
1749
2547
10895
8008
8424
11159
8894
3230
8396
8752
3352
7987
11076
7443
12946
9743
6523
6806
9934
10137
5464
10360
4072
594
381
5258
6039
7325
7968
8346
213
5524
1783
12836
128
3317
445
4821
5713
3674
7010
4684
2143
3599
12459
6364
3808
2449
3663
2302
12320
353
1524
2861
2175
6800
10411
5226
10356
683
5235
3499
3722
9552
5793
7668
9065
11833
4814
1178
9990
2837
11282
5354
4810
7706
9886
1584
3526
394
1327
7789
10794
9191
2328
10671
9674
8442
10133
3630
3897
36
12910
2127
2765
7451
5755
1938
6444
10399
8239
2235
1845
1753
2631
7196
12586
2151
173
225
2041
772
6966
1255
11569
11418
2963
8017
802
4797
12142
4910
620
7757
11714
8740
9302
5820
8205
11720
1695
7387
9476
3495
8121
4374
10834
6641
10647
2644
11059
12274
10417
2128
5868
11677
12325
2341
13006
4941
12570
1331
406
11694
2078
3644
9379
8694
2432
5769
9385
3479
5013
11193
9268
6563
3440
3226
6114
5437
3156
2625
632
2942
2543
5746
6482
3550
269
7272
9593
2132
12358
3690
8147
11233
7312
6175
11922
5160
3332
4047
4344
10543
1311
6330
6411
3848
3874
4386
1718
2039
12239
1958
5534
6034
12762
395
2367
10372
10990
7584
8755
2138
5725
3796
3793
9897
1528
10677
1159
9037
11749
11302
10628
1705
6366
11440
6905
6639
5729
7569
12269
3084
9815
2057
3577
4434
534
12541
6884
6213
6212
7664
3872
3158
5613
5260
8596
12445
6818
8558
505
4464
8800
2634
5684
6343
4579
7883
5807
7454
7085
3448
11621
5872
11774
9305
6397
6224
12966
10096
10561
11089
5111
5377
6289
1616
3780
10070
2275
6615
1482
2058
10784
5720
439
10783
4444
11838
7788
1147
6269
10114
12938
5638
6316
2682
5457
7592
1776
5626
3691
11885
1353
11033
9410
11888
5689
10980
9391
11771
1491
9834
8467
12074
2298
10524
8858
8700
11414
3554
11050
10079
3735
12705
2983
4889
6655
4214
1516
7189
2863
4036
7439
12303
1237
5096
2359
11672
9495
3725
3009
10571
89
11627
3415
3313
1960
3789
12722
8403
2421
2073
652
5045
9646
12292
4321
5319
7740
3951
3382
4604
7524
3250
11549
9712
2731
7126
10388
7602
10076
2660
12527
4850
3057
4256
6295
4470
1313
8956
512
10159
4092
11367
5280
10722
12429
5069
7313
3823
5002
10266
2496
3686
7347
2152
5
8859
4420
10217
8099
3443
10241
6530
9594
10497
12370
5122
9894
11560
1555
2776
7999
8190
2324
326
3301
7498
7056
11990
2340
10339
3476
1897
11908
9959
2784
11882
2203
8074
995
4229
5425
4985
1668
9292
12374
11624
9125
10763
9446
6795
3188
4710
3138
11207
11166
2394
5958
11053
6003
10172
12594
3694
9563
9966
1453
918
7872
9950
3943
5862
2353
7607
6362
6711
12949
8053
4045
707
6469
11826
10699
3178
8141
446
12073
11734
236
8724
4809
1934
11078
1512
8904
4530
4757
8082
3263
11606
704
9328
4865
6541
11744
12798
11543
5870
4163
10059
3581
3385
5903
4182
9028
7022
6021
8850
9595
1323
5965
5014
4533
4088
5823
12176
3562
6282
3835
8795
5340
2642
12471
1100
1098
4706
8767
12994
5649
12044
8560
8632
1965
6128
10336
11650
7170
12783
7817
5893
6605
7450
63
12559
7237
8570
1830
11641
9828
5114
10093
10915
1112
8507
7671
6069
6686
5166
12232
3578
11216
337
6283
10843
12015
1549
2710
243
6163
4254
3503
12452
1030
1324
12924
664
4567
12768
8773
3981
9784
5006
242
9452
891
1787
9709
10678
5454
2577
1264
10116
2878
2556
10782
11561
3406
4880
3632
9804
12143
10944
9590
1910
13004
2949
6529
6484
7212
12870
6668
2036
792
9490
7667
3217
10608
644
7402
9857
11834
10149
9252
12771
3371
8289
3899
7158
8430
5023
11637
7511
9851
5781
6809
1475
12063
642
6516
9868
1487
4166
178
11452
4245
4221
4870
1654
1559
10511
724
12022
9399
6878
11622
1522
1319
363
6912
1511
3947
8994
7042
3461
848
2002
11513
3182
5631
9164
7483
10139
407
773
6512
1896
12134
10516
5544
11318
9025
11739
134
5177
11994
7611
1982
4058
3012
3604
3645
1738
10564
5608
2331
186
878
2967
8275
167
12060
2591
5078
10795
2687
6622
4364
583
1484
8603
12654
8743
6267
11243
7525
7417
4901
3447
10219
43
6240
4007
9770
8322
7695
8939
6400
6220
10293
6575
2315
1084
4513
9821
3507
2845
4701
11066
4456
156
12384
8977
4418
5093
5412
6652
4111
12222
295
8708
968
6438
2906
9202
7502
3863
2075
9066
2835
7978
7035
5926
12061
11122
9087
5333
12587
3374
1332
6959
4487
8524
6821
648
7057
10655
7070
9370
8300
5374
1391
11932
5774
9948
7691
3153
10951
6016
7103
11291
10298
9390
1274
5498
11809
10010
5571
6323
8314
3853
10000
10984
10354
6581
7605
6742
8709
1355
756
9808
4117
12047
3268
3340
12281
7834
3914
4081
7442
9035
6897
6815
5959
6130
8201
11903
10090
9899
10968
11999
8809
11171
6678
11845
11181
5768
4657
1043
2218
7099
12880
11431
6665
4222
4505
7514
377
3885
2192
10885
12827
12990
12939
2444
6524
2332
5633
11798
11855
7621
206
11415
7425
2916
8023
3233
10308
3122
9962
8242
5301
84
3879
10359
717
10814
5500
5121
1296
10934
8548
5986
2419
5662
4497
10425
7500
3574
2153
5624
4708
4812
4010
3936
3820
4957
6396
8862
6448
1554
10276
10902
11143
485
10342
58
256
5066
4278
7537
9985
7827
2017
389
11274
1604
12937
1540
3307
6321
10766
2497
7376
1618
1322
6907
9426
1996
4265
6889
7526
1650
10225
1941
4445
4296
11970
8343
5984
6268
3732
8951
12249
6085
5979
9058
5518
6970
636
7001
11348
8635
7934
107
5404
8593
7705
3121
8361
744
1802
3497
161
5420
12186
8744
3838
147
4002
8187
11974
5129
6258
4507
11081
9285
3915
6612
2918
4890
9250
2450
7220
688
11320
7370
8710
7190
6428
286
9071
5664
6226
7796
4146
9198
11532
9105
8405
9748
9835
3946
11004
12766
9445
5287
8655
9972
10101
5426
7814
2857
1600
5312
11821
2243
10188
5890
7907
3306
6855
12435
8826
4992
7721
12198
4037
6322
1500
3939
10711
7262
4041
1470
682
7201
11192
475
6218
623
2362
2137
4091
495
8816
12805
10935
9259
5414
6743
11665
5112
3093
5836
12220
8981
5800
8368
7640
2676
2461
8520
9888
12743
12911
3339
11110
927
10089
4641
2519
11553
3066
12133
9632
1697
8088
12498
10190
4366
2545
9842
10003
13010
6050
120
3671
11257
5276
12262
5155
5981
327
8502
8306
7159
12593
11869
5492
9325
3952
4670
9206
8477
6636
11844
9161
1545
4668
6677
514
1384
3163
2852
4882
10644
12177
2391
11570
5041
6696
5953
228
1037
453
11496
11770
4067
5397
2485
3603
2476
12879
10881
12512
456
2173
10181
2937
3458
5699
10994
9156
595
6826
11361
12218
11098
10924
12285
5797
10351
3208
5372
963
7027
2368
4895
8112
7587
2714
4939
5570
5927
8039
12137
4620
11725
2821
5084
9283
7424
11269
12025
5327
10602
3891
3932
8976
1281
9742
8433
12419
131
9209
10247
4204
8089
11813
8820
12538
11861
8027
3004
5637
1638
1765
9840
9942
3073
9052
5315
3500
6281
4249
7141
1041
610
8600
8813
2027
8157
1123
9735
3401
3290
4240
11681
224
944
11526
8637
5169
11689
1673
5086
9027
11977
4795
12912
8063
2420
738
9879
3551
8016
11363
12989
1724
1444
11054
7732
12945
3169
11578
444
5682
5889
4273
6443
3912
6181
12390
11261
12623
3116
3803
4831
6310
4226
975
1052
5038
10156
634
10439
5230
11337
3818
1994
10134
9353
6713
7000
1053
5416
7921
11267
1825
2783
268
6895
9112
3422
6077
4029
10746
7868
10340
1538
11850
5147
5436
8391
8436
1506
8546
7631
10448
9036
1241
7724
9691
789
1821
11411
9953
10042
6157
11937
93
1258
11037
1523
12553
5067
10407
11757
1318
6156
11733
5661
10720
6403
10687
8620
2514
8998
6794
4482
10861
1021
1195
1142
8784
5636
5645
11197
12788
1038
3731
956
5336
4123
9578
5704
5978
1706
8533
751
2681
6681
5538
7529
10884
828
4122
1367
11955
5629
2273
11678
10805
8549
3615
6596
11169
794
2329
8511
1810
12702
10062
8966
10435
10320
8189
7023
7596
6170
1083
10370
2805
2503
12867
746
7665
7825
4428
9330
1399
11488
6223
1631
9973
5772
10291
484
4327
6574
6593
6008
7727
449
1362
12975
8068
6767
10426
8583
11612
4096
172
9609
10879
12127
253
11164
4764
4090
10820
4048
4215
8844
1404
5138
12828
1121
11853
7348
9205
12616
9649
12812
9520
13007
3770
3756
8569
4414
5465
5525
40
11213
759
10049
10964
6865
12747
234
2141
7516
8328
7600
2667
10708
1882
292
2946
12517
5569
846
3325
10802
3826
1639
112
7463
4188
11991
8092
1714
5448
6965
12676
9717
4811
1590
8083
5683
6975
7722
10330
7962
1320
8927
2088
3900
6494
3840
11805
11266
3752
11310
8330
1713
1959
4310
3235
1874
11664
6550
6531
12713
5204
12098
4951
12076
12477
11478
10829
5024
9679
11489
6854
1140
8961
764
9702
3657
5131
7462
3081
203
8450
9307
7970
9641
9644
2530
12954
8684
12592
3092
5092
9656
6916
9366
454
4974
12363
2355
2588
4268
7013
8410
11183
641
8999
7252
8408
11008
1514
4574
6738
3982
4794
1227
1305
4954
1758
10556
11806
7048
6999
9465
8823
4969
9094
6084
1138
3132
3356
4720
6943
6544
784
1871
4930
4565
7966
4793
12284
10199
12926
10019
6676
4560
844
2544
10642
5113
2180
7005
6730
2460
2475
4392
11205
1422
709
3957
8807
10714
2327
6386
11893
5591
5338
1980
4052
5196
9556
127
405
3685
10201
5619
6458
786
990
11860
8551
2231
11118
11792
4330
1346
11623
2796
6376
743
210
10982
6844
11571
11847
11155
8297
9032
8419
6356
4885
391
3344
1317
8645
8880
10501
4605
271
6961
8687
2212
6748
602
9928
11857
9406
9143
3053
7369
5559
2883
1427
6525
4314
1132
908
4899
1424
8663
4103
7441
4855
12180
12519
12499
5832
6369
12205
9418
7131
5248
7122
6402
11278
1454
11435
6658
7615
4205
11917
2573
1531
4165
5601
9612
2998
8521
12963
4636
3618
8001
1879
4356
1933
5555
904
1376
2887
11508
5594
589
1420
7025
9714
5170
4263
6023
646
1248
8131
10726
9582
5505
7746
12751
3187
9002
3166
3428
5966
10154
1321
593
9355
665
8235
11068
2271
8277
12441
12934
11709
8175
1977
871
3787
10613
3530
1479
8867
69
7401
9689
6195
411
5845
2195
3055
2149
12644
8164
4654
1669
1477
6457
5969
9989
3152
4871
9718
5678
5101
12860
5389
1262
996
8200
6724
7538
10823
3790
9248
10236
7672
8394
3783
12526
2828
4465
343
9924
414
9362
312
6121
7878
1066
9833
11647
9245
8038
1402
3488
10723
4479
3198
7941
12710
11147
8492
8833
5842
1481
8173
4178
4862
4051
2372
5902
10397
2586
6546
1807
11807
1462
9776
12921
6435
10520
8735
11676
10279
10831
4994
7333
6198
9638
3266
5817
8736
13009
940
382
2754
9682
3128
5718
7314
4354
1223
11384
2313
11366
3496
7991
6199
7969
532
3893
12677
10464
7728
12010
11344
1443
4942
10976
12024
3056
6344
11818
2516
10120
1805
6451
9965
8798
8680
10759
4745
2934
11528
3357
7510
4110
3798
7795
5980
1927
8482
11352
9331
11359
12872
2279
437
7909
10251
9289
4819
7351
3910
4660
8071
4595
4145
7508
7606
7844
4009
4452
804
2592
11045
6740
6533
6989
1232
9969
2322
7253
4806
481
8223
9309
10002
7828
113
6233
3759
8225
2155
11003
9889
1665
5556
2954
2971
11545
4299
622
10575
5821
8317
6514
6728
4723
3699
11227
3799
11372
10768
2598
10692
1662
8811
12688
9895
5168
10833
12033
11841
4786
7294
5394
3221
3033
2646
3124
12308
10368
11594
10257
10290
8938
614
4170
12998
5193
13008
9081
8284
11047
12307
6588
9413
770
6919
11636
8196
2752
6837
1560
8839
12000
477
1798
3433
6882
2636
8681
49
9258
9146
7864
12513
5680
3852
494
3421
10067
10585
7787
2854
4613
1837
4866
994
6049
283
6651
5081
11252
12726
8058
6599
6851
8797
10658
10205
5810
1371
9359
3272
10892
3327
3950
7925
3961
3319
5993
7628
796
9472
5733
511
452
3727
10405
10684
10100
9397
1777
11287
5148
4907
6688
6643
10522
7659
9089
579
6759
8426
12466
882
6139
10226
2504
696
317
809
5156
9792
1609
11006
1557
12257
8161
3475
11046
5945
12760
5565
5488
284
103
8606
6608
5224
9414
4027
2144
926
11787
7635
4011
3839
12680
9233
1408
7144
5298
9372
5623
7836
9350
6004
221
913
2533
2578
4441
8383
4691
1483
7214
90
12178
9615
6243
10491
4142
2555
12799
3816
11919
6885
10297
2289
1945
12605
2677
6162
8526
5452
8210
12977
5477
7773
4475
5615
6911
11217
9516
5003
1597
2166
7169
9016
2423
70
7307
239
7420
9014
12950
5592
2389
10282
791
3949
9514
3764
412
10262
10084
351
3596
3249
8758
6314
8617
4718
8525
3271
1985
8733
7946
7129
8760
10235
10050
4699
3748
9728
4898
5584
4255
3242
1716
4212
6102
11115
11835
8285
2429
1113
8480
229
1011
12267
2561
4988
3222
5215
3966
10858
9217
2310
3031
11584
7947
2945
6813
808
1451
7030
4946
10451
7105
9394
4461
7453
1809
7912
12286
736
8879
5256
12774
6014
5600
12504
11295
7951
4238
6165
10817
2604
10551
9935
150
2314
6649
