11403
3387
11655
4680
7867
1124
8391
7702
10549
6685
3677
2016
12089
2921
10057
5254
6579
6702
4512
12155
11751
6867
11111
9644
4511
11082
2433
5383
2846
12944
8705
10957
1761
9598
397
214
6899
5438
10671
356
1551
6962
1779
4702
12221
6961
11263
8875
12452
4947
2949
2799
12240
7123
9339
9758
12037
6404
2842
11340
12549
10393
8935
2704
4771
10622
12106
11404
1094
168
12368
2548
12816
9586
11481
10960
12824
6508
2427
980
4568
3083
12822
7243
11155
6846
11321
8273
7296
8441
2457
4374
1546
12181
2183
12995
11728
8455
9456
10064
1160
3927
1599
4921
8909
2422
8757
7560
6604
6180
12448
11690
9599
11012
9262
108
7898
11487
7252
9459
12569
7695
12349
6569
5374
8903
12150
5960
4712
9330
6104
7336
10540
2054
10758
12720
11863
10270
6467
10702
11488
8595
3606
4894
7033
8044
2040
12634
11025
10975
3880
2426
2791
12021
8486
10335
12020
2431
10189
5543
8989
6276
3195
8649
2439
11257
3093
7105
6306
12279
7662
781
12133
1955
6029
9905
10119
2832
8574
11566
6698
3065
6695
4127
2428
2062
1576
4322
10186
7548
3828
8716
8949
994
9462
9429
3489
4967
10331
6391
2718
10034
3442
7562
8884
12361
2321
8787
7149
4035
5265
9189
11453
3652
38
2129
4264
12646
1321
1313
3311
3131
12381
11122
12626
7897
4073
1205
6340
6971
6511
2418
2572
4179
4289
11180
7742
7589
7909
1776
2383
9073
12599
3898
12376
4829
5838
9327
3058
7555
5482
8794
1970
5786
1617
1703
11539
1784
10192
8570
7192
2382
9833
8253
10722
4378
10330
6978
9916
2083
12980
6036
4372
10651
1446
10571
6663
9416
2971
11875
6450
188
9601
6984
11660
11196
5037
8867
7309
3278
1480
8257
217
843
240
6635
11575
7332
11098
11200
10470
6311
2157
6890
10180
7530
1898
10481
10455
2092
12375
9710
7647
11857
3692
4477
4484
12311
6360
10156
5018
7474
11053
7328
6911
5677
135
1817
5851
12333
4682
6973
10283
3057
10288
4412
2579
12834
400
2536
4868
10879
11735
2281
655
2264
12483
8259
7956
12170
10159
4657
11625
5230
7133
5500
4953
10636
1158
5513
11113
2914
11475
4525
12550
2239
8262
2988
10032
11094
12322
1655
2695
668
3541
10247
11905
10435
7845
8712
997
5931
7663
9563
8799
3590
9178
10030
9373
12585
10567
12416
3263
7522
7741
10238
10011
11467
1716
4377
1207
11110
7536
6067
5939
9357
7360
3762
11572
3688
8871
7927
4598
12821
2037
4260
8449
3162
1395
6976
1684
8264
7540
6970
12885
4759
7686
7711
11702
2034
10278
3991
4396
8095
5182
4324
4658
8421
8047
6668
7086
577
4395
9832
7374
4233
12128
7230
8948
3807
12818
1273
5363
2721
9529
11912
10531
9564
9789
651
2546
3141
5460
12867
12973
2277
8236
7670
4676
3658
10809
5788
9648
7869
12558
10908
11313
2068
12617
1421
6969
4965
9721
5075
7722
11435
3396
4531
10662
7211
3241
3338
6445
12408
5686
3941
516
5130
11473
6988
3394
1756
6701
10351
12220
4122
8368
9984
3084
6565
10891
9766
2351
10402
9443
6800
12812
5752
8549
5140
5626
6673
8644
1439
6833
4416
12313
2292
3506
11459
2212
10688
2920
9236
1245
325
5381
1070
9184
12013
1140
12649
5811
10692
8190
12364
2659
4486
2038
6084
4075
731
10956
2973
2048
8290
4393
8390
11881
1588
1262
8616
1290
5277
7311
3490
785
10638
4882
4003
320
6982
10904
7135
2895
11084
9537
12863
11424
7232
10913
5889
11907
12415
1666
11791
12850
9804
2085
4132
10646
6441
6900
7774
12801
8186
8852
11128
9169
3449
2425
8832
10168
10843
1215
12761
10992
8753
9886
891
9556
1627
8726
12396
6315
2442
1499
3712
8815
11778
10815
11115
1328
9828
2831
10800
7486
11976
2358
12316
8564
8701
4366
7158
1449
7131
3439
1741
5526
12958
7402
9990
11952
6310
7477
11230
6448
2072
3001
10326
9108
5747
8910
8241
10777
2818
11940
2880
7973
8614
10018
9271
1072
4102
2981
2035
1603
4000
2905
10990
5685
6549
7130
4039
9516
12782
9934
8183
3170
7004
12553
2715
10151
12557
2575
4301
12476
9624
983
10854
10520
8316
5795
7892
11356
2354
3540
2180
11634
903
12057
5876
3339
12577
1976
3179
10872
10476
10334
878
11231
4537
5312
8589
2200
4867
10553
9765
9551
1294
9584
1591
2056
12666
4526
9058
12224
6975
4115
2365
11314
12101
7195
11347
12165
10294
10254
645
5826
12583
12046
7179
1533
4817
8242
10150
6853
5729
6049
9062
6670
9842
12658
6487
10255
3079
3029
4853
2390
6350
3144
3045
11676
4938
12619
5656
12546
9783
12523
6774
8971
4822
8559
7811
4147
11691
1715
7504
12590
1195
11147
7984
7815
2088
2046
278
9855
385
8643
8438
12102
9782
10496
11546
4503
12525
7597
7351
343
8176
9336
4518
10229
794
7965
3367
2189
334
1721
2816
1248
20
10675
11088
9437
12324
8714
5987
2684
1805
3242
10391
10193
12650
10942
10042
11246
11483
2293
9955
9829
3136
9453
4210
8571
2821
7599
10665
1193
2902
9513
8682
12779
2421
6779
7937
8638
2975
12828
8111
1426
12676
1462
11679
1733
12451
8967
8777
11846
2348
2997
11107
3020
925
6995
8569
12715
8374
9284
11549
319
11159
9577
2927
5314
11645
7375
2423
7975
9110
2777
11737
11414
12458
189
8972
11422
9931
11358
656
1507
6131
8291
6190
8389
7284
3704
10067
8448
6898
2511
11552
8060
11822
7045
8597
472
3139
4865
11717
10739
12488
7500
2265
11684
6860
5844
11755
6274
6690
9321
11581
10443
8146
12469
3713
1485
8656
12755
12554
2284
10697
5539
5603
9111
8771
8163
2363
6358
3787
462
12210
12732
7037
9702
9956
12482
4291
8334
3513
7659
12460
4076
1539
1380
6512
12719
12343
9639
9031
9116
8059
8685
12918
3689
1667
125
1945
8497
2679
10812
1378
10208
11612
1514
6228
12283
6078
58
3052
4498
1013
12263
2756
435
8581
915
11067
10395
9844
8462
3363
2317
4584
5636
6681
2087
6239
1545
256
1812
8004
7981
2193
2898
5337
8706
7949
5215
6291
6303
2790
9007
10874
12264
11765
1764
12250
11929
2985
8698
7324
10919
8916
2516
10437
11382
1241
9699
2912
4228
2255
8554
6621
669
12739
6161
7372
4532
5174
4504
2437
3415
6421
2387
5776
9079
12618
7164
3046
3636
11970
7174
12647
589
467
9138
5538
11962
6594
12354
4647
9365
7955
10054
872
9803
5577
6953
5706
7532
4061
9023
3492
12009
2493
6965
6325
4713
2869
7905
10389
2729
12628
11871
10706
8302
2907
1986
2252
3619
8544
4201
9089
2206
8861
9755
11409
12035
4544
9998
933
115
6717
274
2089
12104
6185
6727
2470
630
12073
7299
11766
7908
1131
11723
2109
4590
6025
2241
4939
12146
2986
11933
8293
9088
2033
747
8531
9608
3366
7272
1306
5162
4227
9839
9447
3448
11513
5063
2573
1002
10719
10014
5434
4399
12366
8587
2523
3986
2577
1357
3375
9961
11738
5843
12726
12926
4356
9911
1946
7844
160
7539
2097
4004
9868
687
9979
11295
1582
5094
917
3385
6554
12184
10203
11837
2833
1034
9455
7521
4937
10066
3157
3002
4591
12699
10580
4621
11715
2096
1766
1388
11130
6197
8048
4040
193
5476
3997
8453
7723
10366
2004
8061
8659
11210
2789
101
6149
718
5054
2081
3070
1628
9560
8982
11515
4997
9338
8351
5929
5403
2430
8467
301
11787
6597
11172
5141
2653
5580
4334
407
6352
8975
7327
8725
11597
4271
3573
9370
2810
8780
2585
4884
12157
6709
11000
5192
380
7509
3896
1187
12896
4902
7117
1615
4099
2917
9037
9039
10010
9908
2003
6290
4433
10564
1740
4821
5508
2323
11541
4370
9445
7822
5989
12036
6805
5338
7819
11419
5085
9615
1632
1987
3468
2042
358
2953
689
39
9596
11138
2251
3868
2047
12541
7859
7319
7107
8579
4911
6782
9405
6818
3008
7831
12464
7007
8854
12797
2749
12589
5191
5011
2734
8611
10300
10127
6101
9332
7770
7096
6255
6743
2299
8272
8184
12432
4560
6845
10738
10513
5698
4382
9734
7024
691
1503
8296
4062
8626
6551
10852
11918
570
2464
10382
1859
98
12914
6775
7657
6547
5558
3341
12876
8352
6287
12983
10807
7013
6700
5339
1814
11930
7320
3183
4990
5672
7694
964
10258
11916
2468
7389
2074
2044
6236
12811
7947
10339
9600
11163
11018
1517
5159
12237
8699
1103
8199
4053
4917
1134
7294
6014
9872
9717
5396
3749
9003
1404
2552
5999
7264
10538
4245
8399
10876
7330
8103
8032
4403
9926
11674
11466
459
1405
9438
5333
10700
11101
2593
12746
2115
8612
2254
2943
3335
2031
11931
11164
5103
9822
9703
12232
11663
12866
10211
1993
8011
4050
5196
7760
8615
11137
10731
2258
6618
1490
6288
8056
756
2275
7656
9885
3497
8889
1860
3765
2135
7870
9263
11982
1107
10923
12372
9361
8961
4138
3126
4325
12271
1785
3908
2871
10619
12223
10762
5760
5364
9294
8633
6548
12351
9946
8416
3563
9090
607
8240
10291
6044
1337
11602
11500
1505
11853
1372
3776
10699
12741
7904
1132
1961
3650
5305
5925
7173
5945
9525
6437
9216
3795
302
6490
715
3155
3080
4625
3971
5233
275
1665
840
6305
9015
9634
3555
11316
177
1642
4691
10123
11015
6414
10797
5861
7261
1466
12536
5731
9233
11695
2055
8677
9143
4259
8843
8404
5034
889
10065
2452
2781
4964
6578
11047
12201
12498
11245
4090
4958
8310
1453
7726
260
7355
6991
2645
3710
10840
12868
7391
7595
628
9611
10353
5064
952
1416
10138
6370
1774
845
344
1912
3925
9502
5115
7459
10140
8198
434
64
12163
3344
7021
10040
12022
9401
854
11707
12185
6902
6027
11033
12916
1846
4895
5307
2303
2892
12121
9874
12243
3137
8093
7944
12450
2404
2053
7180
8557
8880
7291
8547
5525
11326
11671
9013
10176
7171
10016
6163
4586
12575
3947
9117
8572
5618
641
5933
8372
9722
5369
8258
1687
10360
8858
9867
1366
5030
6351
1060
391
6068
6220
4086
9823
9676
6210
3295
372
9827
8610
527
1547
11341
10276
9219
7613
5666
1803
6835
12340
7148
11950
3
1082
913
5853
3968
615
5250
6917
9597
3013
5176
6347
1847
3973
11072
2248
1867
6586
9040
12740
10804
4804
5276
8424
3624
4319
9160
8573
341
8711
2996
12712
9737
9566
487
1271
9806
32
3163
6010
12874
10519
4956
11104
3735
1126
9602
11895
12286
7673
10630
2999
7790
9126
4238
4877
2063
11774
6096
9410
10631
276
2099
4714
9692
9422
1308
10282
9386
1496
44
8586
1830
238
6609
9335
4597
4743
5137
251
10421
4664
12540
8946
1826
7573
11044
5144
4623
9282
7287
2699
8222
4471
9730
948
11790
4380
12852
9226
409
6719
8154
6406
3799
6856
5052
6826
11108
1
2165
3097
11622
2603
2026
10954
11346
8653
10008
12290
5904
3269
7496
7804
8470
7445
3549
11569
2607
12817
6286
2843
12738
4074
4923
8733
8696
7092
3897
7386
3909
1063
10338
2434
4976
1018
3664
9242
4397
1595
9016
11131
451
6562
265
10038
12062
7759
3247
8347
7085
2614
3565
6872
5586
5168
8054
8469
8702
4720
6152
12302
856
10340
10017
12994
1855
6585
3637
9356
7495
8695
11410
271
5550
9892
9863
16
971
6968
3356
7655
5737
11525
12344
2855
12838
10164
4737
10643
5347
12937
9957
357
5090
7712
4980
12996
4959
1583
10820
12940
1156
9686
12054
6676
7574
11641
9815
12900
4730
10894
6817
12027
180
5587
2520
12255
1471
12780
12257
2604
2931
7147
4468
8275
11480
9960
1820
4451
10905
10525
12959
3924
7936
4619
1799
8034
4400
11132
6318
9818
901
12262
11121
10410
3854
4986
8067
1679
10606
585
12356
7537
7906
4662
9906
2867
4869
9292
4130
11343
492
7217
3493
9156
457
10781
5546
4678
8036
6065
7830
4172
3726
4618
11307
6981
6963
1406
3473
8218
11069
12229
7791
3836
6313
9168
2655
5315
603
5067
5466
2461
12620
539
10399
7642
7097
8535
1381
9913
1808
5631
955
1791
8628
2414
4185
9075
8829
8414
4614
6431
475
9065
11945
8461
4587
10136
2462
2029
12886
6914
4830
8012
3797
9747
2102
6139
6506
10645
1742
9431
12468
7260
5245
7592
5744
9099
5249
2646
1601
7258
7612
5762
10130
8005
8708
2965
7839
12934
8679
10773
12360
812
5033
8980
10566
1524
8315
8454
12943
8069
4983
5035
6523
452
2502
6808
9359
11980
1584
686
6877
7953
995
12120
6118
616
10174
7580
8754
1339
5713
9752
8282
1139
9449
5209
8130
855
5255
12084
11844
4919
9882
5906
4523
10599
8520
8333
4288
5559
11523
1983
2028
9640
9490
1277
11743
8119
1128
5356
6919
3271
465
12183
703
12969
4994
10472
6614
6637
147
6788
1068
8140
3598
5362
2974
10099
11418
9696
3401
1600
5964
11819
1272
6875
6019
11361
5981
12941
10958
12485
7213
6048
10704
7440
6238
12282
12766
2104
1361
2398
10171
10714
12840
1260
7482
473
974
4262
12545
8339
3323
2194
12993
9873
5710
3003
7162
11900
204
11833
6544
9548
2158
12019
2774
9377
12126
55
9559
3121
6032
5285
1677
3921
11364
10860
7853
3552
11429
5534
5807
2809
10818
2429
12891
9723
9948
8074
2377
2919
4520
1171
10967
2648
11632
10173
11259
11769
10515
10939
2469
5146
2918
4553
5930
10668
7884
2865
12663
8136
2896
141
9230
9034
4204
6339
2331
8270
4977
10897
5468
11433
1659
6227
4686
12826
4121
5139
7899
6756
9715
12659
4671
7934
6071
12560
2652
6831
1614
6675
10260
12175
3101
7513
4051
7437
10013
6734
10050
3232
4430
3044
5197
7730
1317
3292
5026
8585
10488
2519
10430
10039
4991
3272
2991
11013
1133
9323
4519
7763
6996
6195
2190
2494
7109
9423
5568
12772
13008
4610
5099
3780
11540
3146
2227
9993
442
10044
5200
5681
10883
10201
7885
10169
1230
142
9978
9181
5895
6909
5985
6105
11332
6120
366
5917
5147
11124
1340
2856
6680
8153
2449
4836
8008
2888
10348
10900
12734
5372
2489
12472
10637
9688
11139
5970
861
12190
3119
8367
8881
4266
900
5019
11468
10414
6493
6005
7026
9605
4020
4663
5975
10292
11653
2051
9843
6367
6386
12186
5047
2664
9201
6275
9394
6929
5928
493
5029
6385
11211
8823
9251
2935
8234
8670
4741
9675
9102
6752
2288
5696
1333
7529
11170
12965
12268
5056
4566
5188
6827
1177
9547
10077
5000
9340
7533
12244
12652
7907
2694
2992
501
6338
6102
3273
11060
3686
8249
1135
625
1467
12205
3651
1636
5638
9187
3663
9800
9772
9701
2061
2685
10506
11975
11560
2204
7303
10616
10457
5239
1880
45
3768
1377
12582
5650
8681
11369
11606
8377
4622
11066
6718
683
12070
12459
6598
3173
450
12454
8370
8477
10791
11620
10554
2260
2628
11439
7000
8228
4677
3324
4495
12495
2884
3560
7400
2043
12512
5071
10428
1385
3321
500
1831
9249
12880
7499
12711
9266
806
11486
392
7998
5127
3559
7978
3082
12122
2608
8878
9853
6555
8077
12640
7356
7210
5048
270
5216
2481
9744
2181
7583
4851
5768
6123
1748
7637
9474
6408
10873
10009
3742
805
11885
4292
3763
10362
11657
2173
11767
5790
1181
8746
4551
10234
11585
148
10100
2795
9572
4746
4307
1873
5481
11644
1940
6348
5652
4806
8801
9147
3465
6075
8990
3612
2654
3519
11826
3016
7246
5402
8101
888
11856
4221
8527
2876
1634
159
2588
7576
5915
2451
4818
9807
8484
5382
12846
3219
6242
5108
3748
4791
9038
795
5857
11623
8607
8443
6138
10181
3802
11456
7175
2582
6533
4250
12724
2448
3009
11494
5824
12682
4308
5435
11102
10752
12970
2966
12380
12933
10157
6494
2272
7872
4290
6603
2344
7207
12405
5719
4944
10858
12729
3670
3024
10378
11103
12370
9032
9820
7751
1266
6553
9731
6411
6443
4726
12252
2116
12839
9362
5701
8772
12775
4470
4274
1996
7151
7852
2112
4826
1044
3371
12935
10746
4655
9114
12006
9010
5252
548
4407
2663
5464
4017
4815
9458
6834
2800
5424
7235
9199
7921
673
7935
5548
1445
1457
11303
9154
2371
8984
12505
767
11896
10756
7469
5562
6691
9574
4842
12017
5771
8038
6432
1537
9664
2131
109
10754
579
11431
9594
7399
3275
8411
6561
3940
2397
7017
6922
5837
10951
9414
8806
2661
2036
4347
541
4888
12438
12196
8635
9469
8483
5427
7765
711
5720
10995
12005
1605
4929
5275
10321
3872
5527
7858
1773
6956
7757
1062
3309
12514
6655
3336
1973
474
6485
8561
10766
3585
3515
300
9813
6357
3041
4946
11961
12837
3608
8689
10209
7806
7290
4028
1647
11186
8460
10047
9935
3875
2562
12260
10023
2058
11052
8216
8495
11979
4914
10986
658
710
509
588
9733
12414
10149
7591
4839
12785
1555
8819
4494
12334
6612
2209
860
4547
3696
3656
6209
9005
12673
2737
2289
10884
5645
8342
2944
10001
8476
3873
9500
12664
10898
8364
7456
3482
11956
6724
8918
12671
4705
4240
3440
17
2853
3006
3682
3622
1995
2827
8131
5313
505
6166
6620
8255
5918
8171
7564
12697
8324
7878
2378
8463
11692
7710
11729
7071
7622
1906
2983
9810
1413
523
4087
5410
3944
4906
7747
4725
5830
7467
11851
4133
5324
12417
7480
4244
6600
9567
2161
12907
5247
550
7708
5077
1848
5179
8776
31
10219
6082
12799
8680
7333
7605
5759
10177
4230
1577
3054
4123
2310
9109
7048
8683
205
9050
7812
11781
7596
3953
1311
9179
8992
9066
4509
137
10851
2057
6392
6193
11897
6496
8605
6854
1430
9808
1419
11611
8623
6574
8493
8313
7674
3374
659
9211
8502
699
10124
6634
678
9727
7924
7414
7633
677
626
2474
3197
10922
2561
12386
3829
4636
3252
6722
6901
12164
3154
3382
4402
1349
7584
5518
7677
12572
4012
2417
12624
21
11570
2788
5619
5296
8330
4849
303
5784
11002
914
10103
2233
8346
9517
6767
1309
7202
12668
11944
7428
4723
11300
12598
2960
6803
1698
4009
852
2484
7629
1049
12016
4920
9450
7427
5962
3856
10618
11747
10961
8759
9392
8618
9127
9076
4740
11244
4984
8331
7914
4487
3673
7115
9708
5679
2682
4643
3990
9272
8041
7289
1650
8822
4282
4856
3824
3716
4857
911
3147
5530
1907
9060
7630
8375
3417
9198
5971
8043
9238
8427
1005
11750
117
6527
10148
3355
10204
3607
1968
3761
4342
11248
3597
6110
12076
12692
4510
12809
5632
2592
2162
5791
10003
9841
6142
12975
11301
10988
4311
10794
1778
9663
3806
5122
8898
9918
6851
4933
342
11890
2010
1054
8763
5149
8993
9740
10537
716
7640
9607
7664
12105
9105
6591
2257
4801
5565
631
12615
1508
8717
7590
2188
761
7611
10279
5227
7292
5675
8654
11233
438
12882
8260
5640
8410
5455
9754
2024
9606
9704
7457
649
201
1951
12245
4626
5910
6000
9614
9636
12353
12584
4358
8084
6046
9017
11753
1129
5881
83
10232
1040
6948
10113
706
12783
10676
11829
8473
12998
3676
10152
1510
7411
10669
3643
4418
5116
2868
8850
4390
8326
11075
3100
1536
1816
9033
2510
4450
7986
1710
5955
140
5444
2
3393
11828
9963
12778
8866
4401
8137
841
9578
3849
929
9183
556
2990
4709
5783
9603
3617
10328
6759
3835
844
1263
5850
2864
10244
2392
4592
896
11479
3851
5219
12786
4490
8715
6148
6883
11176
10608
7127
1749
1862
5835
6950
1295
12607
6645
3035
7772
10459
7276
5195
6913
2505
12111
5757
7865
9296
6394
2049
1125
5961
12648
7789
3134
12422
11860
648
4034
10817
8431
11190
2315
1136
9136
286
2139
10212
3090
6362
1933
12991
9528
2098
6542
897
10163
10406
4711
12813
744
6099
5753
3554
1461
11120
9428
10903
8664
5721
12919
11491
4787
8425
298
8609
9840
1921
10317
11254
10600
5855
2669
3327
6545
12888
11266
8888
11389
10418
11056
5487
9046
11991
6588
463
1828
598
9063
6415
1624
12280
6416
3455
5817
9436
7497
9070
11839
3933
5073
9784
8995
8551
4928
1664
10694
11452
2093
7145
10890
10051
6115
10686
143
6832
3842
12023
1654
863
4041
6726
1014
8200
8178
12261
6008
754
5058
2964
12215
12787
6309
4848
1352
1170
7968
7193
8951
8030
5470
7112
1184
5624
8214
3422
9725
1692
11127
412
6398
10798
7421
10805
7454
12305
3529
7247
3334
1663
10081
7170
7512
170
7367
2707
2815
4710
801
6345
1417
7697
11251
8464
10024
4091
7224
712
6317
7429
11142
11909
3284
6323
6828
11925
11411
7140
3593
8673
7006
3231
2600
508
12109
11241
4491
12285
6886
9267
11116
8338
12300
157
8037
6560
6990
10615
4467
10745
11442
8594
5528
1278
7271
10383
7634
9161
11474
2725
9281
977
542
12242
3234
533
9925
12292
4295
12031
3142
12680
3423
2667
709
11185
7100
7734
6952
7919
8274
8928
11963
8862
283
681
7602
8864
10899
10237
8713
11235
5688
753
12981
5214
9318
9825
8072
6250
2222
12346
1975
3814
8637
5856
6944
5691
6768
2140
7
2274
3809
3127
9303
9629
9751
8876
4481
4207
9514
7226
2903
1007
3307
1918
5187
7971
734
2714
10419
1567
2460
7621
97
2885
7279
5414
6179
12611
12562
368
7838
6170
8660
5049
12931
4119
8006
12112
3218
2217
4783
10020
5609
2767
9604
3629
5607
3447
2596
2713
10427
5674
6824
12145
640
7029
11349
12113
9930
2994
8598
2830
5642
12423
6206
6294
4631
12208
9693
10277
10384
1037
6130
2938
8599
3115
8204
7338
9786
1914
6528
8475
12161
11306
12695
978
12718
11714
12873
3478
6026
12869
10775
6371
8978
5273
1724
7452
2405
1658
12187
11498
12403
657
10464
7379
9716
674
11664
1289
6262
6449
10827
10836
378
11619
7561
10535
10546
9480
4768
9009
3377
11423
8781
423
4337
1081
11405
3411
9767
11889
9967
9880
11477
4425
3282
3435
7182
11618
7484
7938
4313
4151
10552
11396
3288
12950
1645
11112
6885
3574
6679
5385
6144
3343
9403
5111
6282
6925
2741
5606
3038
7347
4097
728
8157
3420
9343
3164
2402
5203
11628
11616
10390
6430
2022
3140
8065
2110
213
6584
1242
3769
7229
10728
9503
2301
1967
9035
3414
11977
8568
524
7925
4485
4724
2167
10968
8718
4355
1532
9247
2064
11239
502
6802
4042
1581
4739
1291
1772
11434
5104
9590
11920
10634
9989
5488
10494
7689
2379
2416
5261
7766
3403
7758
7106
7871
2235
624
5515
12136
6072
11847
6334
6009
4502
9894
7060
8452
3345
6531
12038
7285
8355
375
6651
11942
3192
6003
382
2900
11156
3595
12088
9446
4202
3021
3210
7331
8413
614
222
8311
9344
12494
2647
488
10811
11932
7687
10456
8741
12156
8778
5494
4764
3108
6278
6397
3572
8179
9393
3050
6162
12258
12487
9588
2032
8999
11359
6829
169
4134
1163
10275
6477
6539
12989
12784
12345
10562
9617
11938
8312
7082
11280
822
111
3051
4582
9622
6497
9315
4807
4604
10442
7341
7132
7616
12367
5756
12401
2660
0
8225
11085
12767
43
4338
4602
10893
11213
9185
4336
6476
506
748
11146
403
11160
6040
4493
3018
11387
9576
3488
11629
2525
9192
4235
3881
11631
11054
417
11571
1237
10501
7046
484
2658
10705
11584
272
3687
6446
5614
12008
10056
11526
2916
7288
9579
12843
2897
732
4069
4875
576
3098
12426
779
10316
5995
10053
11375
1625
4176
8173
9838
809
12978
112
3728
2125
9515
10661
11869
12890
4165
78
4579
5458
12800
6001
10955
12773
11708
8548
5718
4315
918
2155
6062
3485
4932
9907
5483
12490
4460
1305
4254
8226
1673
871
12030
536
12510
10825
9194
10231
621
7868
5004
2328
12759
7248
6516
10977
1829
416
2619
9372
12716
2273
11437
1797
8807
10547
2368
10043
6480
8010
12492
11672
12047
5977
7460
2923
3754
12289
10005
10436
310
11076
1807
9585
3274
8954
2762
3972
4718
12010
5828
7724
7877
5804
4340
10996
12915
4628
12129
12744
6881
9071
11407
424
8847
8959
3266
1338
11795
10736
12465
690
6874
5723
5013
7646
9814
834
10726
6960
946
10465
6764
10097
5676
6697
604
7945
7396
559
9170
1865
2240
9965
5848
7238
3798
12522
206
5118
7249
130
12033
12961
4329
4136
11100
652
7143
10802
3883
9347
4357
4068
6390
9649
8855
7348
3189
2727
174
4167
2202
8924
8398
4935
7582
5053
2375
6567
8305
9399
10106
4803
9061
12645
10266
5702
131
8582
5533
8745
9695
874
7415
7843
2084
9095
749
12674
7736
12999
1155
3025
8362
8827
8278
182
2238
4979
6420
3700
12670
4373
2521
5578
1110
1941
3030
3026
12288
10060
11724
9661
8263
1954
9836
9738
11917
886
6052
6677
1815
5625
3964
12520
6716
6330
2584
8436
11046
7163
9011
5617
3567
1032
6172
3364
12026
5597
11798
3034
3907
5991
10544
4447
2946
11444
5588
361
12213
7507
10592
751
3359
5368
6661
4717
12677
7231
1767
2698
6316
2432
3118
11947
12574
5046
9507
7588
437
1226
9538
2079
12864
12768
8393
1179
5670
10717
11505
3614
2753
15
2106
4055
10681
12434
11782
5475
2928
12406
12489
6897
11506
2550
5909
7408
1697
12306
8280
12769
7781
7340
9768
727
6097
5748
12580
5716
670
1568
7349
203
12138
7963
10498
1747
12328
4108
10998
7144
9363
8465
9209
7876
1120
836
10487
4516
2513
5780
10195
1530
1382
3438
10779
11806
9174
8904
4951
10450
959
212
6705
6731
3568
12413
5349
725
12693
186
2553
10154
786
2220
10917
11643
2403
3402
8384
1616
4581
584
10875
5690
10889
6557
1734
1402
5412
9468
4912
9328
1891
3904
4423
3653
91
10885
6308
5902
10828
2630
5300
11315
11576
10141
12430
11511
8120
323
2508
4835
3882
11438
12216
12443
5413
4841
9313
892
6034
237
79
10927
1175
1223
2318
7889
2540
1682
2090
2201
2271
2534
6368
11370
11308
4449
3128
3934
7209
6341
1036
12176
4825
3865
2634
3227
197
12096
11662
12179
9501
6208
6173
2287
10545
5657
552
1573
6633
8755
2675
1511
6207
7406
11937
10901
4704
5965
178
3747
10503
3349
6343
5789
2479
2333
9809
3967
5523
4183
4886
1927
6855
11716
6215
4474
704
12954
4482
5916
398
10559
5665
5821
4754
2483
1570
6535
11842
9683
2444
1896
7274
6934
8592
6770
7748
11243
10816
10267
3993
6582
7514
9543
1736
284
7300
6296
1327
3818
1122
11177
5553
5234
2844
8102
10596
1633
9533
12172
3467
1343
5806
11986
4809
7306
4298
2178
154
3491
1048
8840
11114
698
6741
12003
12625
7464
12751
3604
12307
3365
5331
406
10324
6712
11292
12049
11594
7432
1003
9119
8165
6153
9851
1811
5499
554
1398
2617
10022
10953
2530
9866
4030
3791
2566
6218
425
7183
3419
12561
1469
7417
4483
5660
11680
5027
4816
9891
10087
3304
920
4066
919
5574
11638
234
3330
593
267
10572
4462
3522
5418
5376
11651
11598
3778
8536
7559
9008
12750
9025
9647
12737
7531
730
5096
9277
2726
8277
5682
4353
7996
5278
549
12473
7705
2766
3902
1396
1744
4910
10660
1639
69
10565
10175
10471
4767
10925
7974
4864
6786
4840
6237
4197
2446
9753
3095
6933
7263
3786
5210
7857
1586
3457
5426
10342
7090
11501
6212
4898
5080
11759
6541
10475
12790
100
7926
1849
5980
3711
1566
5648
8134
5153
932
10298
9302
6870
9876
3837
9093
3705
9375
8123
396
1890
8979
6393
4216
12651
5755
8997
12629
2261
7502
10663
8732
11390
7733
3863
2070
9091
4887
3984
3358
7900
714
6623
9626
3172
10729
10941
773
12930
6924
9589
4252
8378
2751
8116
5370
4972
12542
7431
9125
10783
7091
8303
4113
2680
7054
9732
3538
340
842
3384
9273
2400
10734
985
12603
3308
10534
991
8865
9650
10466
7618
3315
11428
12731
2700
8796
8109
7052
9165
6322
7344
1515
6187
553
3588
6979
1681
8842
11136
11462
6359
9697
12806
2030
6054
161
12604
11884
9433
3605
6736
8697
7883
11637
12331
5453
5148
9879
8018
12227
9972
10359
12507
6076
1878
4758
10381
3679
9259
3102
11406
3289
11656
4294
11591
4089
7983
2120
5167
12301
5445
6171
2951
8769
7796
3428
12753
2285
3536
7240
5449
2023
5778
8996
2208
1836
11624
12217
1079
1455
9904
11040
2478
12986
66
1844
5124
11250
2860
650
1564
5477
8826
4549
7122
9300
2740
3671
5212
3521
132
8369
1472
9592
12976
1782
4079
11173
4637
664
12835
11188
10376
9203
6257
1080
5005
4612
419
1418
10070
9345
10205
7049
12199
3827
7206
5818
3000
1578
3474
2879
12293
10502
4459
5839
12497
377
2537
3739
1529
7023
483
11296
2672
7073
9718
4665
4432
11420
11363
8082
719
5489
12856
418
12713
10784
2598
7547
414
3499
5749
939
7675
6407
6268
3133
1866
1709
11503
12725
2972
266
12963
6299
7070
12805
11565
10388
10137
5284
3376
3528
2406
11271
5226
4415
2268
3621
4564
4128
5065
8950
11478
9980
8177
12222
10751
1795
5726
231
4082
4025
1004
9795
11704
4674
12509
386
8750
7390
4033
9812
4215
12236
5754
2350
6259
3298
5841
11461
4217
5145
6505
6284
5133
1750
5105
6977
10997
10268
370
3582
1974
12295
6986
2420
5825
12895
9256
7902
8233
5816
7684
4054
1468
2641
4845
4828
3758
6642
7069
2316
8765
10921
12051
8630
4367
9322
4117
7840
5447
4891
7703
5066
9854
11802
2554
4284
9244
4985
13005
12581
1351
6739
4603
1958
2234
2702
5323
9763
759
12238
8025
8546
9472
8870
6791
12059
6766
7980
6721
2813
4043
10121
290
4861
7196
936
4063
833
4098
3638
9369
3923
4838
9115
18
12131
3239
9520
12893
1033
12115
6921
11520
3160
12079
1023
11699
12892
6955
2940
4029
10959
953
887
6401
6503
7270
7286
328
1609
3830
9620
9084
11603
4045
120
8648
11362
3445
7203
11352
4258
9382
11534
1494
1431
229
6641
5695
1931
10412
2705
736
4327
11697
10896
1707
5990
5440
6444
1902
5801
12391
4613
7088
8647
4110
1825
257
2839
12567
680
2077
7654
10888
3301
6425
10759
10641
4057
940
3285
2386
1211
2059
1542
5986
12571
3917
10865
7969
10589
2542
7534
3300
2710
6966
571
11169
7593
10458
5443
4634
1087
3955
1622
12394
11141
8164
4556
74
11135
9519
11831
3715
12374
4184
824
12593
9148
6159
1516
1783
1608
8868
8444
7318
1486
1843
2385
7430
10867
8560
34
8353
5274
9552
3951
3764
4813
6380
12990
3222
617
10365
8767
2339
1712
2690
9959
9954
4339
11289
8792
4599
2370
1729
7450
5288
10367
5180
5121
3296
287
6219
6216
11563
4837
10831
11157
8891
9286
11762
10505
5267
10281
2850
8812
1489
6958
10648
4150
1341
846
2498
90
10839
4309
3450
6729
8358
2191
5863
6201
3279
5238
1216
5326
2922
1853
1930
7987
1822
11816
694
12123
8062
6462
9409
2941
9632
7982
9270
12977
5664
11988
1387
12116
9707
3320
6213
6094
10215
4312
9166
297
3831
8790
803
431
3207
5166
6484
9652
126
11848
7126
6073
6086
8735
6103
10617
427
4182
12875
2374
12043
11036
562
11586
5704
4878
2576
5873
5643
1596
6124
7929
893
2984
11599
1167
6454
9205
8063
5317
6992
10311
8580
777
3820
11711
11683
1851
3819
2312
3832
1484
5560
6176
4788
4465
2391
9724
5301
602
9976
2692
10640
8613
6667
7161
8433
3092
3869
9775
7820
12621
5493
9002
3015
7310
737
7326
12099
9424
9132
11838
1367
12444
3166
1000
5870
10444
5976
9897
10518
3312
6217
7802
5694
3418
8033
7769
8466
4248
2136
3581
6235
12411
3221
308
2945
7992
8068
9539
1391
8028
10991
9324
2754
10767
7322
5557
6483
10742
6455
573
520
8325
11284
9475
3812
7961
429
5244
2182
8211
5246
2732
5069
1112
11236
4125
6387
10678
6967
7994
11451
2052
7793
3777
5920
10561
9237
1011
5765
818
9014
11042
12820
9291
3674
1990
6789
2086
4149
6117
1926
6232
9391
643
7603
9000
3615
6140
3255
8097
5932
8143
7976
9522
6107
1694
6746
11355
6784
11893
7557
5968
2071
10569
7874
5286
1022
1210
7794
440
4174
968
5206
2228
12377
10584
10095
4755
12052
7191
9862
8197
11291
4242
1800
5556
10723
12355
2324
11604
6175
8994
12547
5517
2205
2424
804
8583
9107
4808
8504
2221
3250
6356
4488
930
9097
9914
3276
3153
2389
5890
5042
700
7866
1827
10597
6732
5813
12630
5661
8155
2723
173
9950
8830
4811
7528
3527
2122
2337
11532
1329
2784
10680
5564
2166
211
6941
6355
12071
4751
10768
12644
4500
7719
9411
7190
7627
10102
6730
7861
12516
12125
4281
11426
5353
5152
4605
10611
11324
526
9092
8987
1086
10347
7572
10511
8669
4310
3340
12506
927
11736
12486
4414
6267
6424
5503
10981
4243
9197
11118
1438
956
3111
7653
962
4007
5231
9975
11934
12420
4359
10078
11760
8001
2979
6412
12904
3988
1017
9824
2887
12579
4314
6761
1235
9045
5251
7756
5207
1790
4843
10404
1916
3919
1722
12591
176
1444
11443
6383
1121
9325
2322
12962
4286
11878
4330
2013
8014
7378
9508
3470
2101
3817
4561
5745
9651
10625
10142
3635
11870
11519
11372
6880
9523
10842
6196
1227
5862
9936
1888
10108
4492
3891
4650
10116
4688
5271
2465
11850
3171
12000
7435
6133
8182
6529
245
10101
8309
9104
9471
8740
8365
10792
2851
6402
3103
10107
6113
986
5022
9860
7594
7393
7125
2119
12946
4890
10386
1678
1606
10911
2216
10803
3412
696
5842
7216
12814
633
11615
10223
10971
3122
11182
5293
642
6619
6671
2410
4014
9463
564
12524
5109
10126
8087
9902
10045
1168
2545
9534
1144
1392
2806
8432
6610
565
3270
5007
789
774
4536
4318
10172
2801
282
11416
1270
335
145
9081
5068
2199
158
2882
8640
4031
6481
5185
757
6997
4094
1217
1138
11336
6438
11345
11484
2650
5497
12501
150
7701
10920
10730
4302
4206
8096
2000
11240
10887
9388
5143
7377
9218
1638
9850
9368
347
3599
2835
5263
2134
10657
7237
4559
11154
2764
2237
7317
9694
8429
4863
5877
4595
6943
850
8838
12048
7370
11489
4749
1923
2541
8541
11626
5120
72
2045
12137
4056
10526
2989
11269
8308
3477
9942
1904
7089
230
10314
10558
2870
5739
3233
7601
12500
11639
12467
499
9532
8376
2453
2506
8963
248
1915
7535
11073
9346
2114
3987
2278
11650
1597
5822
9848
1243
885
9700
4661
5683
10844
6537
11803
3039
8774
2770
413
10595
7239
1250
7225
7201
5891
6419
11748
3938
4408
2286
6060
42
4668
1030
2622
5242
11886
3475
7617
7918
11689
9404
3937
12706
7058
9246
4922
10133
1069
1563
949
6211
5914
6699
4562
5727
8250
8458
12727
9951
2763
6643
10185
6602
2298
6158
944
10425
9535
10071
9974
4426
2747
2123
4341
2590
5295
6703
8760
10449
10757
5131
232
10312
4156
8408
7678
10207
7716
3469
9583
2587
1314
3007
1093
4018
3942
8002
3262
9932
9558
5495
12330
12730
7800
5812
864
5919
12287
12971
5074
8534
1342
8139
1108
6959
904
11
9491
3042
3143
1279
2529
3905
10493
9376
8851
5827
6280
12132
8127
6312
9470
10848
2759
6682
11119
5093
10306
11385
9287
9417
3036
12949
250
8784
8882
2881
5186
1118
1174
11579
9899
4545
606
10397
1699
12363
10257
6822
498
11272
8299
3230
835
9945
3531
4897
1835
9659
1870
9139
979
4387
5178
11936
10307
436
10720
2643
10413
6954
3844
10760
9054
5465
12736
8294
11455
10574
3257
3825
5388
5040
4088
4766
7062
4109
12979
5345
12083
12352
6011
9400
2435
8158
9348
1641
1345
6379
12675
8215
11311
671
1988
11184
9856
9043
859
9128
8825
7312
9299
10385
8665
1943
12359
1249
4601
2330
7714
11779
5599
12974
7446
517
7011
258
9342
12114
8128
8833
2362
2283
11448
14
7483
12511
93
11202
6156
1169
3249
622
3957
10937
11901
7681
11195
9646
597
5629
11214
3427
395
619
9545
7165
4096
7108
2840
8690
6057
5220
5415
1559
1045
2636
3961
10591
3625
8017
4733
1319
5348
3970
11673
4436
3684
3534
12092
3303
2787
6907
9947
637
3570
3265
7051
5023
7463
9019
12687
12266
4145
11432
12544
8113
2929
3400
5957
5950
2829
2105
5032
12964
3342
644
5673
5198
851
1285
12320
6606
10344
2485
4092
5484
2743
5949
7698
2445
665
11843
1491
11038
3936
12251
3416
5669
10409
3930
1763
3246
9565
3244
4448
4343
9757
8911
12685
5662
9790
6658
9505
2776
5506
2687
6478
9464
5384
449
5692
10251
11167
8434
92
9175
6433
102
2472
4899
8420
7803
4752
3730
470
5279
1363
7652
12537
5125
5102
12810
11928
3575
8323
7810
6949
1433
7342
11051
6714
3047
6980
5864
11726
104
3165
5741
8622
7121
4800
12348
6664
608
11946
11517
7181
12484
5190
7942
9308
7999
12504
119
5083
2307
12463
11016
8821
10829
5982
4394
7886
8896
3319
11992
446
8439
6841
4654
7472
6869
4896
1837
11048
1244
12173
153
9489
3714
285
6372
1792
6558
8019
2076
5893
2111
9521
862
1701
4873
4095
6258
12395
8602
10373
6253
466
10866
4391
10548
8481
7882
530
5448
8024
4738
4630
2002
3283
9191
10585
293
4832
5510
11470
8811
9898
666
6088
4083
12576
12069
1360
7250
1143
2459
8537
6780
11807
7842
5164
9510
5163
2211
10325
313
2441
3846
1322
1117
171
4173
5693
4786
1919
5379
4748
4375
489
9864
4824
9465
12275
5802
11550
4464
11754
11710
10305
11855
5061
3224
10679
2147
7619
13011
11030
82
1771
7895
6090
9736
8357
12082
19
990
11861
12436
5431
11393
10313
26
10194
7442
5161
646
6453
8337
8485
3611
10322
1942
11258
5594
3206
89
10936
713
6223
11752
1905
7669
10272
1562
9250
9837
3550
12191
1220
5298
2156
12920
5017
5934
10440
10563
9944
2755
10880
7074
1561
6260
7222
1966
3072
11222
2890
11617
4267
11899
10972
2170
3511
1598
6261
2811
1531
12836
10479
813
9162
6224
8894
8013
8345
2597
4048
1527
1751
11441
12912
745
9163
296
7116
12207
7690
5743
3425
129
1553
11567
7685
8112
4936
4191
12425
12067
6482
87
3644
7321
8450
9858
6498
7879
12110
5892
4539
9849
11149
10740
10683
1213
11357
7931
3426
6728
11987
4208
7849
7350
11027
6530
3104
819
11658
2544
4473
4554
11378
10069
9056
6273
5297
8317
11020
12061
2623
6112
8039
9243
8100
4833
8837
4398
11430
8907
1222
5751
369
10516
8845
4211
11208
8114
11654
1845
3759
3587
8657
11158
1676
7278
10810
5854
12188
1218
6061
7638
3433
28
5651
4195
4143
4106
1281
6184
6160
9180
3048
6751
8437
791
11215
899
6252
8031
12383
8988
9991
1630
1407
4080
6374
638
348
7468
7234
9966
461
780
8859
11764
12063
7511
3410
1523
10315
3069
1109
3352
5575
11756
2060
4534
1448
12749
10863
3738
11319
1652
2691
11902
236
12445
4386
972
11490
8947
4652
10109
3862
8676
8015
6840
2854
12529
11260
4239
9367
8494
6141
8692
2487
11891
10527
10647
13006
2342
10357
4214
3545
5787
830
12748
4596
8707
10602
684
1386
11095
3562
1981
6683
3256
784
7397
12503
10074
4777
422
10235
12230
10245
11786
1938
6669
9900
9777
331
12194
2196
4588
1725
2976
5045
9426
6711
8202
7352
723
2364
13009
5735
12338
12127
10685
9305
3732
1356
9274
12831
3505
3494
12234
11780
9826
12064
8426
7693
12735
1274
3360
8983
3893
12241
6807
478
11055
3979
8545
2683
5544
3196
5044
581
7268
7385
12606
2399
7063
7079
10230
9290
9144
1101
1173
468
1657
11582
11304
879
11297
2082
5309
9100
10541
11698
3708
12066
5117
7997
4879
5357
10507
7363
7236
6285
10853
7487
12879
8394
3372
1232
155
6041
755
12698
8075
8603
8
8921
7362
10510
9761
9207
1408
2232
12642
623
10834
12310
6199
6332
11496
6095
4952
11081
11694
2785
3516
5031
1925
10392
5592
4750
858
7863
4633
5184
4846
5092
6575
4963
11034
6301
3326
5555
12107
7527
9762
1401
10372
11024
11564
6337
453
3062
829
1882
5430
8406
6993
8151
6518
3800
7443
10445
3216
7788
7575
5151
10398
3483
10964
8687
6873
5898
8944
1425
2812
3779
586
349
8556
8965
7156
6066
75
6893
10629
6471
2962
494
3471
9788
2730
3697
5367
1528
7110
1452
5407
1088
12480
4881
8926
5420
6423
1956
8051
12233
4420
8081
10183
11941
2185
12431
12762
8530
7262
3114
7346
3616
7337
10221
3864
7134
2532
2803
3530
5193
9802
11045
12758
11542
364
1255
10289
6622
12267
4930
2334
7743
3733
8385
3116
4583
9483
11203
12002
1047
12281
11888
405
11017
4778
4388
175
4170
5397
8417
4774
352
11709
4379
5941
1738
114
2744
2911
8642
9943
5764
2950
10037
9371
7970
11294
9364
4303
1621
11189
9910
12471
9527
8731
4735
540
4781
672
10667
10871
1202
9078
4969
1901
8126
10139
9690
7439
12298
4987
10982
10512
9279
9164
4070
2153
9213
10733
7586
11614
7873
7933
5545
10319
6593
5289
1754
6059
12378
2107
5391
4909
11562
12614
3920
5059
11262
10909
9444
1247
10118
10261
2557
2858
5406
3727
4144
12389
12638
6240
2480
11518
5327
1149
6648
10302
1206
5601
8456
9412
94
10420
6405
6910
8606
7649
2569
164
1104
10750
2195
262
9374
2121
8349
207
4794
3063
2039
6526
6605
8810
11086
10500
1992
9657
7010
11264
721
11865
8265
4241
4615
6918
2793
8588
5623
12539
10855
12857
8529
3959
2838
10963
5240
9937
1949
807
10301
10772
1153
1026
5794
7297
12992
2012
8361
10710
12303
12335
10915
960
6920
7373
7015
7881
7295
13010
6194
5883
11008
10422
9630
399
10813
2133
3258
6595
2078
4428
6502
1475
10857
1985
9861
4609
3027
7569
10182
12347
12108
3855
10073
3994
10473
10594
11386
3049
8268
8742
10416
1854
11749
11371
1280
7323
2497
12756
9581
9210
3667
2095
3138
3486
1544
8703
7517
5171
10542
7359
11445
4819
9922
11373
10345
10021
5472
5012
6198
3962
8620
618
4364
11187
1252
10644
3731
3916
8514
6254
4154
7848
9571
3672
503
5540
4351
831
5900
6307
47
4617
3978
2716
2160
11742
11063
11984
3409
10165
5016
5025
10837
10508
8945
6806
11969
8512
11074
10198
4696
2845
11593
8174
36
11492
10006
1099
33
5978
9398
8147
8906
12555
9613
3351
9204
5734
4876
4331
2825
9711
3040
219
6409
3481
8991
1746
3740
1166
243
3548
3888
11162
3431
12193
4001
6573
5567
7538
11299
52
6750
7964
8256
11983
9278
10048
3132
1089
1359
10035
935
4513
4256
127
5425
7301
3698
2326
246
12117
10924
2436
2518
9834
810
12747
4049
6150
10658
11226
8055
6050
12587
8834
1759
10753
11718
244
3436
5541
9171
2670
6905
3509
5082
6174
2993
9582
3120
9353
7546
318
12635
4457
12631
4299
2970
10799
6053
4521
814
5496
3532
5354
2207
3985
6647
8968
6540
11106
6525
2731
4611
4756
8831
825
5616
11062
3267
1629
7422
12656
7137
12007
12683
1264
7807
3193
9172
12988
1501
8243
2708
9631
5078
2266
6754
1172
12877
12819
2184
10015
11446
2538
11078
11265
6466
10080
11397
5832
6085
2961
5845
1307
5797
393
7542
10293
547
1435
5398
11447
663
3753
1834
7064
4159
9787
11609
7731
11939
1123
6678
12169
4229
6501
8641
8788
3404
9627
8844
5028
5072
10085
6013
11587
5340
7028
3297
1116
2144
11117
1852
8773
480
8298
11823
2177
4406
7682
8964
68
2305
9869
10474
9878
3939
1881
2899
2335
8791
4578
11143
10943
4212
11005
5770
7489
4529
3557
7493
6079
8079
1623
5015
12957
10246
8169
6074
7636
6793
11219
3788
976
5392
456
11814
574
1478
73
2752
7027
8601
460
9027
10112
8397
4507
13000
4945
11471
9153
7887
5450
10396
35
4300
7198
1488
390
2901
5866
1188
11268
1085
8521
9555
8525
3932
8440
6653
2067
5112
11383
7556
7543
828
8629
12410
3533
1957
2738
11677
7631
9258
9004
7836
10690
5225
10220
7776
4441
12447
5773
8132
8528
11209
5905
2311
9149
821
12911
7625
2651
2213
1587
5043
4196
441
4361
5708
7281
6064
1021
8743
4904
1589
10984
5750
7626
10524
3892
10708
8471
6783
9971
11247
1336
8723
9992
8447
9570
10586
6794
3389
9051
5055
4689
338
2657
3370
8756
4344
1789
3929
8728
5605
10441
9349
7220
8435
2419
1098
8915
6192
9573
376
2724
1146
8209
2676
7178
2819
10033
12478
360
679
5516
1214
11731
5979
8511
10926
7585
1495
11788
8828
10484
8721
7141
5596
5659
6797
8998
10117
10104
5129
12679
10224
2861
6418
7516
9550
6927
4205
12365
3059
4249
1504
5201
12091
7416
6878
8672
8284
4639
12636
11278
10264
4563
3542
6882
7779
4721
1145
5611
3756
7384
8251
1074
6926
12632
4820
11789
5507
12449
12387
5576
332
610
11608
4362
5869
12315
2192
8118
2859
3168
12705
10521
3302
1794
9311
10206
2915
1832
4385
12803
4181
6850
12400
1971
4453
11867
9729
555
10447
2313
5730
5865
2080
5001
9801
8652
6801
943
471
8955
3110
11003
2798
4469
1019
4580
3466
4452
4475
6638
165
4736
11971
769
11793
9970
8224
8663
6091
5181
8142
10985
4950
1936
11874
4699
2947
7364
4287
1027
11665
11646
6876
4810
4232
5310
5992
9719
676
2568
2458
4589
7862
8245
7030
1269
11630
9674
1119
12535
5820
8841
8189
7316
11220
1690
4163
4317
4530
7977
8974
5772
12922
4772
8966
10916
11329
12559
6028
1229
107
4690
504
6787
7462
1410
518
2629
263
4600
8248
1304
5779
5087
12832
3215
6126
7784
10870
5377
11688
11333
1038
9131
8617
12130
10744
5570
2649
4255
10656
9048
7111
3329
10931
1154
8492
5983
8779
10417
10160
543
7412
10912
4779
2746
10027
11824
10929
7699
12256
9973
5637
10082
10590
3630
10789
2595
1389
8892
6353
1818
3408
11813
12461
268
8402
9350
778
11353
1347
8085
6324
11293
10155
3850
7828
9304
2665
3261
8795
3167
3544
5480
96
3512
3580
6151
4908
3767
269
11649
30
10375
2215
7398
5
5205
4363
10826
12357
8820
13003
1723
4306
9506
6231
7002
9962
12588
7598
11967
942
5582
10864
11331
288
12764
1894
12703
3328
1980
4673
1910
4479
1498
4700
9413
10557
6327
3675
800
5668
4345
12997
4557
5469
6815
10
10454
4524
6007
1823
4924
3462
10379
4333
3669
9638
6974
7894
289
9055
10469
605
1861
10041
3386
2355
3347
7958
1437
12898
9656
9996
5292
6320
11366
10999
11849
4793
6016
5328
12968
1091
12269
10522
12757
9756
7568
8057
7890
5401
11647
6186
12407
599
8513
6266
10216
6031
11701
9057
7266
8064
6486
3011
3895
4437
4476
9044
2393
3229
988
3995
5463
4538
9481
11706
11635
12691
1760
12596
4247
11809
582
1137
3178
10621
4
5259
5341
906
4715
9628
10778
12195
359
6636
5511
5998
12669
8625
1142
3594
8691
8371
4742
10670
5519
2159
9641
7444
1344
6686
3766
7941
10290
6500
5947
10429
3918
149
9568
1299
2242
2773
10129
8185
11792
3877
1400
3649
4146
8879
7357
511
6862
2514
8678
3245
11469
5135
7549
6587
7031
9285
9595
8356
11109
9540
11001
1084
2500
7825
5885
7901
11282
12159
13
12397
3996
7473
9536
4648
5060
6887
6205
1780
1051
12508
5110
5647
9713
4606
4732
2904
7047
3421
11636
10468
3578
4683
2998
10239
12446
2908
11253
6559
2666
5803
7426
3397
9553
8281
9557
10934
10627
7401
9941
5355
6270
1558
11995
9155
8267
3182
6023
811
1411
1727
9488
2108
6659
9852
7388
5954
4659
9541
8748
4957
2637
9220
8160
5948
6297
4996
7551
8320
11588
7404
6364
5264
10145
5697
7614
2411
5809
12855
4785
10801
9492
10859
5972
5880
1726
6660
12093
9512
12198
3176
2041
11797
8162
3510
9222
3064
909
2995
3460
10184
4925
11274
3840
3701
8523
3350
6038
4660
5627
2373
10906
11739
3707
8279
1594
8953
4421
8360
11290
10528
826
9069
4684
12966
11376
3793
8576
9103
10055
12399
5051
12339
228
4010
3019
5536
7817
11493
3177
987
10948
7745
1374
12249
1649
11990
8519
5451
7275
4285
5583
350
8662
11399
2128
1042
2797
5997
12192
10478
11758
9749
5290
99
10090
4072
12499
329
4889
8105
1443
10252
5457
8023
12945
1728
1008
7476
3949
12014
9030
445
9953
5717
12427
2736
8046
3043
10361
7792
5272
9451
9264
41
1297
11834
6177
4670
12825
6745
8744
6017
8306
10588
9831
10356
3332
764
5081
8382
950
11935
7762
5561
5461
9341
12466
6708
1885
12042
3794
12847
1991
4569
448
5253
8446
8022
12807
7257
8899
2771
8538
11207
6127
7967
583
3770
4021
8129
333
6864
3290
2837
12777
4892
6737
11035
2473
12189
10613
3566
12939
9135
8223
1012
9759
11298
5655
8121
12721
6563
122
11685
782
5746
7259
12829
11125
11722
7888
7055
2671
8986
3703
7962
4346
12938
4632
4026
9331
7989
3610
5262
12952
1287
7410
1960
5573
3890
7993
5365
6413
2142
9793
11023
12168
1073
4077
7387
6021
12884
12849
9152
2172
4463
10795
9587
10114
3678
6248
11021
4981
6045
5502
4058
3579
2978
11224
10743
6607
4085
11537
8621
9006
4827
9319
4304
6178
2719
7732
6765
11927
5924
5491
12178
12152
5610
11255
566
4727
12608
7797
9358
2570
7146
788
11049
6837
4161
6684
6256
7661
4913
3646
7805
1619
110
11880
2828
1373
12690
12723
10709
10286
970
4847
261
6938
6249
10061
195
9421
5039
9232
7771
11818
3591
7571
10664
6798
2407
2476
1714
9173
365
4546
7255
1083
2711
10233
5243
6895
6243
6098
7420
1969
7494
5709
6395
1602
281
567
6422
12086
11898
1325
5590
3151
3694
1165
6376
11879
12318
6125
12218
5742
9440
6725
1998
1550
10448
11882
7314
682
8925
5169
9921
2599
4160
12342
8768
7541
7368
5974
6688
8078
5628
8213
7951
10771
12700
3089
5258
12754
5441
86
8094
5446
9496
116
9988
999
5800
12072
9022
3736
6469
12513
4027
2349
11192
5106
5840
3454
4855
1839
9924
1470
1383
10135
1055
7153
5266
1078
7939
7072
6866
5101
8106
2939
3066
8089
11578
4734
9889
5956
6812
1705
317
11402
12906
8793
693
9280
12470
7433
10620
9124
2454
3260
7875
11965
2021
8552
3943
695
738
7405
6147
4728
1267
3005
3879
12815
10593
2262
1713
4065
7785
5024
8709
10530
6649
11772
3071
4354
7066
5041
56
12162
2555
10236
1456
9352
11279
12548
8927
5537
7607
6264
8423
6377
10343
6459
1246
10284
162
9434
10555
10673
10841
3023
6923
3773
1959
2735
6904
3148
12317
2792
4893
8276
1637
6319
998
6704
9531
12502
3067
1704
3077
10689
12708
2624
4999
11129
8341
209
7523
4175
2015
6143
8506
7124
12491
5344
7335
817
4763
6436
3429
967
3186
947
4489
6747
3109
1350
4576
7920
9637
9068
12326
596
8734
6792
8920
12733
1876
11152
6566
224
3887
5951
9670
7578
9366
3293
3405
8508
12842
6989
11669
7448
10560
1371
5777
4093
10068
6836
3316
10167
6080
7515
1420
7550
10031
12742
1180
1368
8403
3982
8478
2267
9987
3424
4593
8152
12085
8940
4570
7667
10134
6843
12641
1318
4263
6283
9141
883
532
4365
8289
8533
2862
6452
5911
7729
3577
7354
2210
9893
6475
4008
12160
4137
3175
1543
6532
8474
363
10483
8383
4120
1016
2936
8802
8080
4005
10639
11510
4466
1178
4272
7506
9439
11151
6580
9912
2490
7755
2499
12350
3935
8300
10049
531
6522
3214
4900
8518
2535
10269
10408
10477
10862
4348
5150
11134
832
7438
4104
12124
3796
3833
4871
2524
12518
9750
4177
1058
1332
5020
5936
11194
688
2073
7864
8668
9448
6763
3159
12717
1113
10994
9726
8110
6251
3848
9742
23
6135
9012
7928
9419
12845
5913
2957
3709
2198
10274
3200
11199
5303
9593
1292
7199
6868
5613
6464
12202
46
12823
12098
4989
12924
3790
10217
12143
1077
11476
7913
11057
10983
7078
4528
9140
10962
2930
12226
6226
1303
4142
12388
2807
2219
5593
2367
2226
6271
5498
12657
1320
10684
7042
5442
330
3369
3373
8144
5358
1937
1454
12211
12308
1984
6942
3602
8058
9379
1028
11771
895
4974
5325
7267
2361
1777
6813
10782
4107
1810
7855
10823
11277
7503
6378
10659
8335
938
10332
10250
9310
4478
163
1806
12903
9968
4231
4422
6326
4383
2408
4435
1574
3150
1548
8584
11545
7932
4567
8639
11039
5763
2742
1626
12235
8261
6111
758
1875
11179
11607
9293
739
10187
447
7526
4517
9887
3801
8608
7394
984
3626
9021
8651
1204
557
9884
1324
3977
7518
5846
1031
10533
49
7169
4535
793
5973
8730
9785
7552
6474
3381
10132
8009
12180
847
7650
3434
10188
2644
5128
3306
9888
705
2980
7824
3498
868
1288
11261
12710
10682
8180
6694
8619
2560
2778
12853
128
7508
2504
8666
7988
10480
8167
8722
11028
7990
12493
5366
10029
9681
9024
2176
6757
12770
2567
1065
6735
6631
1950
5342
10256
1913
8887
11529
12044
1908
7979
3816
8922
5113
2118
10453
1212
11009
9760
2304
12830
10423
10612
6596
327
6810
4649
7672
4540
314
1473
10517
11812
6879
10467
8035
6657
3952
10918
8636
11964
371
4753
4624
7032
7808
9653
11923
10262
11573
2369
4870
4392
873
4761
11915
2543
6998
10213
11864
8567
1186
5490
1201
12910
2384
12551
379
12053
3886
9895
6157
7119
9130
430
1893
2169
11126
7648
6674
12972
4444
4434
1450
1743
4371
12274
4685
11344
8929
2551
8897
88
10907
5416
10352
1369
5395
937
291
183
7960
3407
8555
7016
6625
1348
2848
3033
8860
1593
1095
4703
2174
867
10452
12393
3286
8895
4169
48
1335
7080
9260
9337
1152
963
10497
8524
8789
5937
4297
9997
9158
106
4016
25
2250
10765
3180
1102
5202
9435
1185
7265
9985
1731
10578
7208
11310
12781
3743
7305
5456
10280
1675
2602
2635
12722
113
3725
9195
7380
12214
8206
10780
4905
12792
223
2440
2325
12441
2849
7683
10374
2583
9485
8229
5722
8969
9633
227
10075
5346
8292
7856
752
12871
12273
11285
12429
8232
11642
5836
3760
11794
1668
5070
10225
12633
3088
3724
6388
2780
10770
10355
5241
5010
12798
4458
11197
3537
8877
578
12392
8066
12953
3357
3561
4461
4978
515
3657
11398
10486
11557
5805
2760
5589
10431
5189
1236
4335
11252
4866
10028
8936
837
3225
2618
1312
3876
4719
802
9770
5467
1465
5649
9981
7706
481
1256
12743
4404
10895
7851
3524
1190
2245
216
7419
2786
4114
4620
3741
9452
4548
10485
6479
11499
11026
10691
12653
7095
8671
4413
11994
6089
1111
6572
4948
1541
4594
8359
8479
9476
5766
10529
3073
11368
2346
3966
6277
10438
2589
4442
5006
2091
76
4320
139
9137
9028
4565
8016
8491
629
6168
1765
6626
7343
12987
11577
6896
2750
8161
9623
10882
383
6777
12203
1620
4455
1056
7167
4440
4731
9917
11903
4084
9544
5417
4695
5389
4998
1757
6842
12068
2366
12424
7136
5222
7184
3314
5554
9896
9720
6109
10877
6590
9748
3228
3852
7185
9498
6328
5598
67
8803
10191
2381
311
1284
5725
12418
1035
2017
10285
12382
11734
7606
10575
11287
9306
10514
11544
1076
3514
3117
12794
10610
783
10341
12844
8932
11237
9276
3484
4697
11868
12655
1052
4405
9239
7841
9940
9530
8874
798
11700
3388
8405
4269
2236
10976
6435
5926
7102
9214
3723
3096
6520
2467
11727
3858
9487
4834
12956
12566
3277
8099
7056
2621
5260
5405
3322
10012
1147
6749
2486
6608
4209
2137
3075
1268
2924
8104
6720
8442
11554
865
6384
8646
4541
10713
10536
8729
11954
741
10131
3156
1057
4158
3254
3502
8269
11497
10944
1879
1929
5156
9619
8516
1182
3661
11323
1802
857
4024
6314
4064
4638
7409
6972
367
9268
7777
7361
10158
5569
11926
10249
2018
9167
6043
10079
708
5714
4780
6964
12050
1781
8027
10446
7103
11999
9212
11275
12034
8430
8219
3184
12341
8627
10632
9746
6155
7453
6844
8159
6769
4103
3680
11514
2963
3188
5563
11320
7510
11388
6811
10652
8205
1868
11089
5281
8970
7834
10806
1346
1838
7579
11050
3866
12684
7329
6154
8231
6063
5879
6396
9712
12927
10711
10147
3965
5707
5732
8007
1194
10120
5492
9225
1293
7713
1607
9546
4032
11553
6546
3081
12570
4305
839
3107
12565
2357
9816
5859
1683
7985
1643
3495
7786
12278
3125
10969
11777
10495
639
4411
9196
9265
12134
9511
3380
9182
9939
4698
2438
6202
3834
1732
4480
9705
7065
982
7441
6733
2642
6762
2834
8141
9977
5089
9933
12080
4943
12442
3123
3571
717
569
2501
3803
1819
10701
6051
5218
3699
6018
1899
11911
7485
5689
11472
6723
7565
9142
3354
11600
7382
6349
12270
1257
6222
4885
4454
7471
10814
4942
1680
3558
12246
592
6012
6136
10092
11659
2891
6292
8761
8981
9569
5532
9202
3620
1856
6581
10227
6857
3734
796
898
973
10327
11613
775
8501
7241
11949
6373
3706
3022
6381
2290
2606
4037
4369
4790
4527
5878
12771
10089
10370
11401
60
2025
11559
4940
12897
11507
351
7455
10892
8422
5834
6666
3600
7358
4982
922
1804
8244
9689
12421
12078
9420
8817
8839
6336
381
5658
8515
2141
1549
1331
3458
9354
4190
5882
1720
2627
1889
10491
9518
2686
4384
7752
9333
9190
9494
12151
4438
3592
3906
8283
11574
5858
4268
7641
6002
3068
3648
3205
11092
1689
12661
252
3681
5486
2145
560
5671
7696
7087
1399
5622
1611
993
9106
12955
10539
5138
3584
8148
10363
12851
2610
4246
1947
5437
3774
7850
295
2291
9176
12688
9360
702
12612
7298
10462
5633
9819
3010
912
11031
9001
8407
6935
11150
8392
6047
7059
5008
11528
11413
10819
6426
1025
12254
12793
12532
11465
8886
3503
12029
8340
1479
11058
8631
3152
11191
4508
591
10940
632
8934
5224
9645
12206
5505
3693
10424
750
12543
5703
8295
8254
572
221
11745
981
9049
9245
768
8115
1653
11953
353
10624
6495
6646
2547
10190
9791
3032
11217
11242
924
6145
185
6369
9235
882
3055
259
8590
4296
2959
2496
12594
8220
771
388
11858
6884
8797
51
9064
133
8939
12870
1298
8893
11621
10111
11966
10755
7036
11181
6272
8191
9312
5393
525
12158
1282
1672
4543
6221
12094
3406
9678
6513
12385
8381
9460
6121
961
662
2563
1310
1238
2765
7721
11854
54
2591
8285
6169
6428
8912
1476
1535
2512
476
4651
9074
5454
9542
7832
3437
6809
595
11757
53
9484
11380
11093
7256
11425
3583
3368
3989
3860
6611
522
11531
6821
9432
12081
9909
12248
4189
7587
3223
9662
7946
10587
7020
5736
7749
11227
11029
10902
2758
305
8836
7034
146
2958
2805
11801
6230
7860
8480
1580
5728
6488
8863
12942
11761
11365
10821
6056
3911
3028
3662
11256
9805
8510
3659
12609
11610
12763
11866
11960
12321
12231
10240
729
8170
1436
5654
7407
7176
4975
11007
1997
5299
3291
6570
5581
3551
4200
7707
7492
12457
8328
2488
3325
10058
3639
5782
11832
12028
1979
7345
485
9877
5943
1886
2656
2893
4968
514
11678
5984
8596
11968
1460
1737
10788
11216
4280
10763
7040
3487
6639
790
3950
9680
4219
4257
5953
7233
1432
4226
1552
3717
11153
8314
5119
916
1520
373
10724
8632
8873
10718
10838
2151
10761
9821
9741
9289
4577
4901
11681
1059
10002
7645
1231
558
8287
8758
4797
2253
1857
11808
8809
12597
11148
384
1706
6713
11633
11815
9776
8348
7104
2528
7155
5699
12060
10786
2006
7304
1892
8401
1952
3804
10407
3238
7915
12247
5653
2877
2674
4862
7823
7142
3633
2822
12760
7197
9120
5687
12219
9295
4323
9113
3211
9389
2179
9283
10146
9915
3199
3395
11666
5132
4926
2132
9096
121
12409
9430
2413
7632
2872
7950
6037
3634
11547
3719
4608
12369
9098
4973
3808
10105
11670
8145
2783
415
8227
8301
12135
11205
4776
675
3954
10932
7099
254
1221
10635
1015
5173
1796
8297
7172
9193
12568
9969
5221
512
9923
5378
7447
866
7003
6656
9561
4419
1200
3815
7923
6571
5994
4278
3391
5126
11374
2580
4747
477
7720
10581
5269
8500
2336
3660
3472
8931
4135
923
8049
10110
9385
5316
8247
10492
11530
11454
2014
11922
9684
2769
2768
6650
4993
611
5641
6615
1502
7903
2482
7577
208
10403
11408
2100
11464
2149
6200
7680
7912
7739
4270
3268
1519
11097
8344
3721
6552
12479
3313
1403
6687
12701
12140
5774
215
1159
12901
996
9129
8201
1768
5280
3654
7940
11892
881
2626
763
2246
2376
1409
6410
11592
12312
9871
11090
6302
4918
10846
11773
6403
5940
10833
3094
11221
10200
6400
11354
4431
11872
8327
7826
10354
12531
6804
1100
2954
1384
9151
2847
6778
12119
10426
5439
2075
11504
6468
9334
9145
941
11174
8428
9794
7608
10623
7101
6839
9223
8848
4194
4046
11463
5408
5158
10989
12433
6524
1296
6534
3253
880
482
1353
3596
4060
3208
3086
322
264
7728
10115
9982
2640
4417
10712
10707
5501
1631
720
12667
6295
4277
337
4131
2739
11305
11335
5775
8856
2203
7313
8210
1651
7044
9241
5547
7715
4153
11648
9085
7478
7434
8237
2796
5462
10308
2027
6785
8532
5421
8720
4261
2571
5155
7628
12428
2492
9215
7094
3235
4514
10628
9798
8930
12024
2259
5700
8543
4708
12039
151
3346
7775
10930
12928
299
2808
6354
12686
1671
2779
11077
5359
3668
6957
10125
12951
1660
12808
3613
2113
2276
5429
3361
11768
5875
8318
9846
8770
1585
10570
6183
1061
5098
7218
8487
7061
12004
3998
1096
12212
2103
2722
10725
6298
12329
10550
5479
11212
8088
6492
3922
1286
9427
1824
12011
2247
2883
11232
8409
1039
507
7120
5208
5535
8221
1903
6100
5520
2372
787
3647
3194
6246
3187
9026
10698
5165
10243
11276
4941
8395
9743
7381
10654
7166
12765
9666
9691
3204
6847
1917
7991
6134
1064
408
7896
2968
8814
2873
3826
5409
2269
6146
11668
7570
8917
12752
6838
4679
6382
4795
9425
808
3737
9999
6640
8045
5009
7005
9326
218
2477
3744
1745
10974
11978
4585
10432
2826
11908
1518
9177
6389
5375
5852
9083
4729
12660
8482
12908
5630
815
3443
4276
3894
5602
3476
7837
2164
2703
11536
11140
5459
609
3535
6616
13004
4496
9486
11338
11919
8156
7189
8798
10952
10727
4907
12148
1477
965
1203
6858
4013
6859
7639
5136
908
1323
8539
12929
3317
1275
5114
10337
5229
7635
10732
7424
12390
5571
304
11198
3520
3060
827
4716
1872
9355
9610
7957
11161
8125
12154
11377
3810
6229
6132
8203
2748
2243
3861
2447
6617
3202
7177
2701
5663
8883
660
9493
10609
6939
1877
7676
1565
8913
5585
3546
1071
3161
8468
8363
10532
7339
6507
12616
11070
8700
4015
8503
22
921
8457
3981
8869
8941
5644
11516
4669
4962
8749
3618
6137
3248
3867
7727
6106
8902
5411
5923
10226
3665
869
7479
486
10845
6119
10153
5419
1793
3251
8575
5478
2282
8752
198
11589
7475
11551
10796
3237
12694
9870
196
9402
11460
11720
1379
1758
7519
11732
5815
2693
10000
5386
11661
2689
5334
7948
3398
7798
5330
11921
1393
1010
5966
6519
1711
10835
8885
11796
722
9830
9467
989
6333
7643
11583
12001
7219
6894
12095
2909
1315
5521
5963
8952
3782
3378
6335
8195
10411
3543
6470
10674
6543
1989
3781
10490
3926
8604
5967
9020
7118
3392
166
156
11283
2218
29
894
6233
10747
3294
3236
11719
8727
1674
11175
4675
1897
8322
426
2894
634
6245
5248
1635
1196
6447
12696
12100
12681
9792
4850
3745
9461
11740
4775
1105
12228
9387
5903
8499
2065
7491
2549
12622
6116
1656
2632
5512
8166
432
11412
5160
2270
9466
2360
10062
2341
6692
7966
5952
2733
2913
4903
823
5183
3201
10333
12272
6225
6122
4279
9672
7200
6758
1414
7567
7018
6753
5684
12075
10886
2329
8976
4961
315
746
1964
11317
7738
9616
7700
8029
6689
9554
2343
3004
1840
8076
9682
123
11087
7098
3129
1953
1041
5318
10202
1944
4446
12913
5170
4424
6182
5380
1512
9087
77
7893
9254
4472
4762
1691
5899
5938
6740
6799
1150
12439
10653
7505
11421
10368
3783
10928
6070
1934
2011
11993
4443
12985
820
5724
10568
9415
4328
1208
1662
421
3280
7624
2673
4019
428
5095
9
12578
10439
9408
1850
6781
8040
1696
12440
12398
10179
10509
12056
3014
11099
118
7520
70
1939
7053
2836
10309
2340
1219
6715
495
2094
8719
2295
6599
7223
1481
6499
5680
7671
9418
8217
12789
7214
11873
2942
7880
3446
10166
8181
3213
6662
1254
2889
8042
7365
1009
10949
1493
5062
1483
12925
11997
10323
3185
2409
6004
7688
4164
2066
9635
8785
4141
2146
1688
2347
9580
1301
85
6849
4607
253
1370
7012
4693
9673
8684
799
4802
9077
5758
10737
11325
5471
11348
8117
10063
3564
9685
4812
11555
5887
11302
10946
4126
242
5867
12521
3430
11123
1730
12209
772
7039
3145
71
2280
8667
4178
7150
7740
11019
40
199
1787
9134
2745
12936
1887
4644
7525
4166
563
1497
11763
2967
6244
8783
5833
8107
5329
6776
612
9454
10677
7009
10199
11166
11675
2150
12077
8675
8872
3623
6081
9255
1753
11741
12605
1560
5287
12174
3853
8507
5452
8445
6601
7623
10577
6375
5678
1161
2197
1251
7554
11877
3569
8451
2507
5767
6087
1972
8246
6550
12862
2224
8343
12960
11312
7604
7750
3299
1556
7746
1001
3642
6300
11981
5282
172
3379
9618
11457
5236
4186
12623
8098
2625
3012
3945
8415
4883
740
192
6458
3969
12018
12854
12225
4011
1739
3453
179
4044
2863
6465
4858
7704
3822
1719
5336
6589
7814
697
7818
6819
3353
11440
6577
4765
8092
2352
5988
10776
3931
10785
10787
9224
1428
4220
9309
8890
1482
7050
10703
7212
5635
853
3305
2639
3645
10076
12643
3523
1702
12323
958
6289
7891
6429
95
636
9677
1646
12090
5223
6006
10434
5304
3281
13007
3451
9714
7795
3444
1506
12894
9679
9928
11334
4627
12526
2662
1801
6654
1029
12848
9958
6627
7764
5311
5050
345
6321
12932
3632
8526
1770
7067
11394
1228
11687
11204
255
10401
3910
1189
6871
3337
7038
8658
12902
3348
1487
10741
4213
9938
11959
9499
7325
12610
1176
5014
374
2925
6204
8108
8908
1397
9495
3212
5361
3752
6707
4642
7665
9890
4152
10856
6538
3631
2300
3603
4139
8737
6331
6823
12672
5901
9706
8813
3031
9146
6744
6024
12714
5935
6069
2581
9390
5584
6951
6816
4522
8235
1948
6892
355
2509
11218
11820
5572
8624
4052
7458
4162
7138
4515
1590
4409
6440
5646
11351
6628
6265
3158
5399
8288
8957
3775
10583
8655
1522
9781
10482
2020
2696
12921
1841
1066
7922
6693
10394
8090
12865
7253
2531
3899
6510
8578
10400
1375
3845
2338
11775
5927
3843
11721
2956
11010
12309
4645
10579
12883
743
10824
324
8003
3456
4687
4022
760
10965
11427
11096
10349
9157
5086
12602
7854
4253
5814
7544
9384
12437
5705
905
11367
7801
7139
11580
6504
8956
7501
2678
1786
11524
8804
3589
2466
6906
9964
6030
7782
4694
8900
12552
9314
7610
10052
3310
10253
6472
6461
1141
12296
2574
6083
2187
8577
11225
627
5232
12379
4931
1686
11059
2558
4792
4782
1234
4949
1191
6077
9122
5871
8591
2388
3983
11535
1769
9228
10649
3813
5996
9316
945
2533
7767
12177
5076
11350
11288
765
12887
8782
5531
12058
10259
6644
8091
6742
2225
5343
8271
3220
1833
3690
5213
10642
7615
1612
4653
11014
3900
4971
12827
3960
7481
5615
9698
2638
4852
62
8071
5433
1509
7651
9562
8943
9123
3441
7371
8808
3857
5634
3640
491
7449
601
9771
4574
4187
4744
8050
10793
766
9591
9072
1006
7084
8542
12704
3838
10287
138
10716
3691
8239
11852
8386
9188
11400
6987
5371
13002
10576
6092
8488
12253
966
11145
910
3518
10094
11910
9859
5084
11725
3501
9186
10966
12984
7691
5808
11449
8985
11339
3479
4118
3805
9217
11924
8562
8786
8304
2866
10749
249
1526
9478
9380
11817
6460
2475
11830
545
12200
11904
8550
11521
1604
3928
8960
444
4757
4283
9479
2148
7717
4006
8634
2559
6234
12564
7251
7581
11509
12153
12373
11948
7366
8070
4641
6058
8905
11693
1464
12141
4955
1613
7157
3751
3105
6912
2556
8266
3169
4360
225
8489
4222
1261
6556
7418
12294
4707
11379
5319
12881
4552
11784
8724
9473
7159
11309
5922
7244
1534
7001
4814
6999
11951
1648
10299
7160
613
37
1302
11776
4616
5237
6629
2117
2565
1871
11168
3784
6665
12573
12097
1197
306
4368
5884
464
312
9208
6363
528
975
4934
1463
5194
848
5604
5332
12025
8558
12878
11495
7835
776
4101
5360
2450
12947
8472
7129
9668
3901
3432
1700
2817
8650
9112
1858
6613
7152
5733
12967
4157
10764
8175
9655
7725
11887
6189
12412
80
2775
3841
4180
7308
12481
6247
6181
12665
11596
3992
1962
1695
3539
389
3074
5908
7461
7660
10271
5509
11821
7846
6055
6517
10222
8459
6937
1046
6940
50
9200
7787
9526
10295
1869
9865
187
11384
4293
3718
6576
1429
8923
10607
5320
5514
5283
2709
10914
11533
8073
513
2601
8020
12475
1424
12530
10004
8083
190
9735
12600
1813
4275
8937
3099
1451
1922
10696
9875
10938
4916
11548
7668
10170
4773
3792
10945
8846
2824
9643
455
10336
10869
3264
5639
10263
6039
10415
11957
2852
1842
6696
2296
2802
7488
4439
10947
7282
2564
12319
3975
1053
5504
3695
4332
10987
9919
2616
11436
10310
4992
9609
1427
8661
926
2613
5352
735
6773
7423
11746
3811
2681
9383
2412
10387
7952
9903
5291
12709
12707
2878
1554
9159
11989
9881
5199
220
10748
7025
65
1330
7553
11800
11804
10433
2143
4188
307
5474
10861
105
3609
9086
8958
4237
4389
2757
907
11827
10769
6748
10655
2229
8332
8824
4667
4501
11543
9482
537
5217
9297
1900
4701
11958
7780
12259
1540
1978
3259
12639
8319
3135
6509
9150
3130
6936
12404
12528
5959
8194
7154
1935
2214
7022
5228
10091
10025
3871
8736
10822
5057
5621
9728
1492
10601
7113
1183
12402
4960
9442
11105
8396
1920
9041
7753
7283
7093
8379
11328
3017
3948
1412
9257
3459
6344
6983
8230
4859
3859
9901
12103
5831
8933
9018
10556
6931
11825
12041
2394
8674
1224
3076
2820
10241
11841
2327
6434
1423
9994
3757
2223
11032
7280
387
1569
7188
6771
3390
1661
6361
3452
3785
12533
10320
10346
667
9621
12841
6915
9240
2932
6760
969
5608
11281
3980
568
9407
5134
11601
1259
8645
7076
6903
12239
1239
12923
12858
59
8387
8187
8086
6820
1114
11640
1459
7019
12297
3240
346
890
11508
2297
2594
10790
9395
12358
12804
9121
5849
742
9497
1376
12527
2677
4059
2001
5350
11906
6624
9036
11273
6755
6463
544
5373
9780
11996
8329
6930
3037
992
12435
5566
9549
12982
3685
12519
8122
600
3413
1253
7353
7545
5620
3627
6583
1415
5157
3884
4129
6304
479
9275
1708
10350
11193
443
6908
5897
9118
7186
12662
10369
10973
9477
816
1669
7566
8857
4823
12592
7666
10721
6738
11538
7043
5422
7466
11178
9206
3914
6473
5107
620
2455
12065
11785
3771
4692
11595
4635
5711
10978
12332
902
11799
6932
7470
12362
8172
6946
3750
7168
7972
5432
3287
2631
8977
10128
2977
9642
8496
12948
692
2933
3203
5912
6042
3722
2987
12336
661
2934
321
12595
5175
10715
7242
9406
454
1909
1928
6564
12144
9252
2586
57
6652
6128
1434
1225
4874
4572
3878
10304
12337
12015
11590
7558
2050
10878
7383
10543
12040
11144
12197
3507
2937
9269
2712
12299
2522
7315
3976
8498
6945
1283
1130
1258
4799
9457
7114
12182
5529
10297
8053
7194
4872
4349
8193
12032
402
4047
2526
7735
12601
8775
4706
9397
6861
12613
6427
433
9797
10371
3198
11696
724
8021
8052
5810
4575
11381
1192
404
3191
4789
10210
3720
1199
8835
4927
11558
12314
7754
1592
4629
7813
12167
3525
1151
7917
12788
5177
12384
12171
1977
2517
2256
3496
7077
10523
3915
8938
3821
2306
2605
529
12166
6015
6279
12149
3913
10086
11395
11682
11318
5002
5874
10582
1441
11512
1874
4860
1994
4831
792
1442
2244
11037
7245
326
9307
9229
3946
11458
9625
1157
1198
1924
5036
9067
9261
4155
9952
2794
11836
1447
11712
5792
3085
9658
1300
2319
928
11883
2926
6417
4456
7490
8419
233
1316
1610
458
5123
9053
12276
3463
3056
3553
10059
11667
6108
3209
2126
10242
1762
2130
3190
8566
587
9133
8138
8336
194
12802
152
4111
8600
6592
4100
11713
3091
884
9052
797
12917
12477
6129
11974
6188
12654
439
3331
2249
5829
5335
6035
7744
7293
7302
9329
9317
6772
5235
4236
11083
1755
61
10248
11744
9671
1693
1354
7227
336
7498
870
575
2396
12689
8124
10303
1579
9929
8388
11065
3106
12304
12534
5436
10329
7057
5308
12055
3885
8688
4966
5270
3655
134
3149
7369
4796
7187
4124
2019
685
2728
12859
4168
2171
2515
1365
12371
2503
8400
538
12796
11270
7307
9612
84
8762
3576
2154
10499
6947
957
8207
2578
11914
12074
12325
12474
6293
11972
9227
2697
7799
1090
10007
10093
4555
7778
4316
7916
1644
226
9669
9059
11859
2231
10605
2804
496
5738
10650
4784
11943
1358
5819
6456
8133
3124
2320
5781
11862
10849
3399
469
11783
10122
1963
12012
5600
11485
6439
8553
9320
2314
10019
11327
3174
6241
5847
6167
5088
8739
770
2609
10695
11998
5769
11845
2952
9949
8418
4078
11605
10868
12327
3729
9660
5172
9983
3847
9396
12833
4571
5798
4224
7035
11894
7008
7425
8517
3628
9779
5302
9986
1474
6114
9381
10935
8901
13001
8212
8000
4770
1067
7943
1240
309
10774
144
647
1355
7816
5306
11337
4666
3078
11267
1775
490
12774
10162
2948
4321
1362
4681
247
1043
9665
2356
3362
3464
1525
6863
4112
10405
5944
5591
1334
2415
4218
6093
11068
519
1097
12496
184
12462
4223
1127
11876
3903
9047
2456
7436
2527
12586
4225
4769
5761
8816
167
9883
4002
6346
8764
10036
410
5204
3547
8354
9101
10265
11415
707
2982
9796
7413
5785
2761
3746
8593
6830
11342
580
6203
11835
1538
6630
11322
5400
7821
12889
12728
294
2152
877
200
3789
8849
292
9094
11913
7083
2495
10881
11079
635
931
1394
12456
8962
1050
2168
7773
6164
2906
9764
4844
6342
9288
9231
6916
590
726
1572
2823
7014
9811
2463
8704
2706
1883
5154
8192
10380
10551
10693
7075
7620
5907
8196
838
5524
12872
11360
2279
11006
1575
12795
5003
4234
11733
10489
5886
5799
9504
4273
7205
8149
10358
8942
7930
6489
762
2308
11165
11840
10950
2539
5552
5896
7809
12678
2345
2910
701
4429
1932
6269
6214
9773
3181
1276
1422
1571
10228
2186
4533
9817
1798
12860
6442
9709
12087
3500
8563
8238
510
11022
12909
2814
9799
6536
5549
12538
497
4192
3113
316
9920
4656
12204
10451
2969
4880
7829
11703
63
8747
4760
6514
7911
6852
5712
2857
11652
8366
733
12277
9080
11223
5257
2401
10318
11330
2471
10364
535
4542
11286
1458
5969
2127
6515
10144
10808
5942
11502
6796
4410
6491
1364
8026
10098
6889
5921
11985
1106
8321
10218
7737
9441
10084
11561
4038
6891
81
8522
2138
2717
11391
7847
1752
6985
9927
9248
4722
1982
7954
5390
9082
7563
3889
10461
8710
6191
11011
8188
11061
3956
3517
4326
11229
1618
9234
12791
1265
4148
3243
6329
2263
420
9845
5322
11805
10096
7833
9378
10979
10463
3586
5793
5100
12147
2009
3772
11004
9298
1884
4265
3526
12556
11206
1115
5542
3912
2720
11091
6033
7910
7269
10046
10735
12453
2395
9253
10847
12515
9301
653
10083
2163
1092
10633
1162
3958
5894
7658
3702
1895
4646
3683
6
11705
654
3480
239
9745
11201
8686
4171
5021
7709
6825
10197
561
10573
849
8505
4445
7995
5079
8919
1965
5595
3601
11417
4023
11041
5993
8800
1521
12139
4499
7783
1440
1075
11686
2124
10273
2886
11811
12045
4988
1809
2309
4745
11171
3226
3217
11522
5958
1999
534
9667
1863
1500
12776
5868
1164
11228
2875
11810
1670
11730
5394
1911
6632
1390
4550
3556
11527
6022
10460
2782
4199
7221
7334
9524
1209
1020
2612
2620
103
6865
4203
8168
2688
4071
5091
5256
12899
12702
191
273
12861
4573
7254
5522
8805
5142
2611
8373
3999
5485
3963
7600
12745
6451
3839
6814
5473
8150
2175
5823
10143
4067
6399
4854
5038
5946
12905
1513
7761
11183
11133
4805
8738
1024
235
876
411
12291
6706
2841
551
3461
6790
1326
1821
10993
7376
8694
8565
10687
9575
1557
24
5294
12284
5667
5351
6928
4081
10088
594
1864
4497
11043
4798
4116
7768
4558
8307
9029
6457
10910
8286
5860
8412
9739
5387
4506
4198
1788
5612
3874
124
2633
11450
12118
2772
12637
11392
9509
11627
8751
10504
9835
2353
11234
11556
11071
7392
4193
7679
2443
10626
10072
3974
2302
2359
1717
6795
12517
7395
2955
5872
12265
4640
11238
12142
202
6366
6365
6848
136
3053
10604
951
10832
4376
3504
4505
210
6020
7128
12627
4352
4995
2332
8380
10161
3112
1718
875
2615
4350
11064
7644
7827
6263
9687
7718
4140
3087
7524
12
5097
362
9774
3870
3666
8252
8853
9654
1685
11955
5428
279
2069
2874
3383
2380
5423
6994
10666
10672
5404
354
10603
7609
11080
3333
5796
8766
3318
10214
8693
7068
7465
277
7959
7277
5211
7204
521
9769
8914
10598
2005
394
10296
7403
280
6672
5321
8818
9221
1148
12563
11568
7228
4970
9857
4381
7215
2007
4036
2008
6888
9778
339
8973
3641
8208
7273
3755
3508
11249
5715
11973
7081
10933
10970
12419
11770
4251
9995
1640
3061
8509
9042
27
401
10830
4954
8490
5888
4427
8540
2491
7692
7451
10850
5268
5740
1233
7041
10614
8135
181
9847
11482
10178
6710
954
4672
10377
2230
6165
9351
4105
4915
241
8350
5551
2668
5579
1735
10026
12455
10980
3823
6568
6521
546
2294
10196
934
6281
