3386
6179
588
8908
6962
9906
2202
6845
10624
12959
10897
11110
10053
4337
6804
4679
10621
11276
9052
2392
5010
6769
6249
4966
8673
9915
6352
1777
11912
11118
10806
4657
4946
5984
52
8641
10811
1496
11604
2040
5719
6967
4155
2705
3924
8043
1817
8130
6578
3464
5492
1203
9554
5784
3893
7955
11575
1499
6107
11208
898
1578
11210
12405
13005
895
9631
2997
10401
10670
9515
3092
10459
3287
5423
10546
686
7146
10185
356
9643
7741
4324
11402
1484
397
11878
9391
7318
5003
5185
6480
133
8450
4942
1243
9576
8017
12364
4925
12589
5353
5084
670
10440
9539
9136
11024
11706
6601
11442
11287
1761
12666
11071
221
10066
1665
5939
12849
6106
2433
705
4673
9347
9549
8727
3091
3417
11641
12221
1688
8260
10275
655
1337
20
5774
8068
7965
11420
5173
3484
9917
11860
7560
596
4285
7037
9955
731
6916
11932
10948
3297
1162
11279
9415
8582
7041
47
4893
1920
11031
2627
9501
6184
11971
8221
10807
9522
10774
4339
2448
10251
8332
7837
10935
222
9721
9959
553
3306
10046
5334
4336
7331
4842
10757
5253
7693
9738
4949
13002
3666
4561
12660
615
12131
3053
9167
10755
12142
10896
7907
11655
162
12085
7884
11070
12463
11608
4482
3529
6004
6360
8985
9601
10616
10354
9814
3883
10888
12111
487
8956
8713
23
8902
1007
2363
6540
10196
6898
516
12584
5622
1348
12587
5051
10087
12095
4441
12430
11942
7317
7619
6202
3972
2457
7445
3621
1806
12531
6466
11386
2790
9214
5289
9561
456
6632
11077
5836
3458
9383
8377
121
12591
12800
6504
1766
2047
4490
9640
9512
4524
10961
10966
12695
6451
11853
10249
8269
4150
8430
11296
8844
3832
10207
11914
6016
12769
4828
11373
7273
2115
4562
7214
12892
9242
8779
4226
8463
8273
10048
1659
10816
10378
10776
2747
9353
1667
9888
1627
12595
8346
12374
1567
1853
8290
7285
3362
6957
718
12793
1447
12650
3065
1093
4052
5688
10585
7066
6165
7790
9664
3210
8067
2630
7425
2509
6101
1355
6390
2064
11496
9464
10028
108
698
11615
2484
9792
11970
9599
6805
11126
6254
10901
11198
2616
8390
10369
4518
10699
713
12476
11340
6965
11114
1573
12437
3856
6616
4362
6454
1370
10679
7084
12825
7589
4274
6904
1908
112
2808
7943
9271
5544
10413
8358
4993
11412
12090
6665
8823
997
7242
4152
2248
11656
8060
7207
1441
4296
7526
4027
9666
2704
5044
10718
10298
7196
3905
3180
10907
352
6558
72
4779
9277
4972
9567
8766
12558
12968
544
337
4196
1905
12202
10317
11842
3042
10873
4429
7422
7925
11352
12796
11975
5046
12889
1378
1445
1895
845
11188
3784
7731
9788
6420
1116
13009
7124
8914
8936
1443
10969
2006
1219
9804
12524
5874
5543
7115
6924
10982
6256
5685
11875
7182
10890
11885
6858
8835
3830
2106
10808
1396
7341
4434
2329
2520
11211
6043
6714
463
11257
10325
2685
3673
10469
2538
2208
2934
8155
4780
8854
11465
2333
10396
7151
2007
12534
2055
1457
10673
4119
12878
1099
5017
4059
4370
1440
11876
5463
9929
10506
6391
11303
7610
1948
4574
926
12420
4624
5883
10671
7211
7381
11300
5207
357
1593
3138
9434
6365
8324
3463
11443
12725
5849
12180
2114
12294
10426
7597
7234
9393
9368
11152
2321
110
9414
11245
10748
5346
7334
8137
7059
9519
3649
290
6753
8445
2533
11514
9314
6591
8262
1952
5282
5859
158
12277
7021
45
6680
3487
2655
7805
344
5718
4567
12308
4211
9094
302
9667
8704
7788
10177
3526
12966
1796
9444
303
10434
7202
205
8118
4325
7934
1937
4701
4497
4513
9272
6421
11225
6595
4041
5965
2859
8232
12042
5682
9575
304
9733
994
10063
12642
4720
2273
5847
10496
3153
7971
10180
4631
2744
6394
7215
1140
11907
5098
11261
1624
2933
6717
7685
10070
8298
9318
4615
8874
5749
12183
4132
3551
4001
4288
4369
2927
1207
8629
1033
6682
3061
11956
5162
2183
4245
2228
10972
10605
772
9878
9447
7379
5009
8934
12853
4719
4973
11068
12768
2559
12300
10418
10202
11043
12943
12254
10791
12056
3154
4333
12885
12887
9186
5666
9191
10959
6685
10941
12513
2643
12703
5570
4360
9869
8881
10276
11731
8314
3110
1008
5373
5951
4725
2544
6626
12898
11008
9794
3516
12181
912
2553
8337
5670
1595
11865
5339
12307
8829
1014
10408
9400
2867
7350
8573
4922
647
3456
2374
2572
6624
123
9193
9538
3879
11583
6521
5586
8657
1898
3676
2189
4851
9646
4486
10231
7089
5245
4867
11767
5352
4457
678
11770
501
9660
10796
10463
6581
3249
7476
9042
9051
4598
9178
12292
4401
3786
12066
12241
3214
2292
559
10974
9688
11268
8196
2330
3439
6260
2440
10635
7409
3808
8416
2921
5045
5903
1881
4127
4834
1723
1617
6530
4088
6412
7183
12830
7596
2766
11403
12210
2608
6755
8996
12326
9822
3089
4569
12104
8230
1490
4885
2811
2503
4736
7583
8075
10497
10280
2794
3078
4880
7480
597
173
10500
10494
7657
4163
12824
5842
12397
7691
6605
11561
6852
8020
2874
4275
4947
6375
3819
870
825
7028
8653
12857
7553
12726
442
6147
9110
8891
4218
7513
1168
2373
6825
8756
4265
5810
6455
1823
12847
6634
569
497
2775
4568
1870
12896
7031
12682
4970
11779
5039
11345
1605
6238
12919
12525
3450
10357
7380
1939
8618
7945
3534
683
11980
10059
1305
3714
12808
3860
2446
2919
12676
5384
8368
11039
8053
10073
11841
11265
5240
1497
636
2021
12167
9300
3536
4899
2969
4447
8944
6871
4014
11364
8021
7085
6724
3510
71
10642
5309
3878
10809
11216
11684
11557
11934
11745
10149
6382
4315
3465
8439
7058
2198
4375
12552
9377
6742
11763
9629
5460
12756
1022
9126
6346
4919
520
12204
1306
7335
12637
3594
12089
10700
12322
3329
7338
10114
6324
12791
11984
10389
2335
8079
3568
1485
2026
6018
6850
10237
10244
11075
5071
3346
10312
3201
10690
8675
12731
6492
2017
3876
519
1220
3200
1541
3794
10572
12112
9106
11424
12319
4489
3886
3299
9041
9004
7423
9223
12870
6785
4007
9115
4649
4297
3678
524
9211
9552
5816
5308
3564
2347
3264
11951
4756
550
11154
12302
11252
3270
1341
5878
7038
7459
10640
6322
8457
2256
6140
6949
4582
8977
6405
10583
9647
10232
5448
9236
4754
6778
12627
7386
8560
4758
2543
6295
8834
12983
9550
8211
6620
4361
7554
7628
4210
983
5389
1474
12522
148
8280
2528
11072
8389
7531
1124
5126
4608
253
10675
2681
4747
9899
402
12380
7231
1467
4633
7561
4335
9281
1260
12720
552
4300
4626
4525
6041
4762
1263
1666
3624
4507
5674
5159
9358
1738
3566
4690
6332
8961
3688
9569
9035
9568
12263
2846
4435
7935
10400
2010
8922
6298
2236
6275
1727
12301
7213
10815
591
862
9986
4496
1135
9241
11038
8244
9691
6587
2565
1416
12863
4618
8852
5770
6030
4476
2738
10051
8294
5660
6628
8974
10363
6280
537
1045
1748
11680
5618
7974
11645
3020
3161
8720
6874
10007
8723
6895
184
11437
4997
6300
11904
8311
6404
5004
1334
4219
568
4659
10733
6359
11577
514
10444
2667
11837
10219
5434
1669
12908
10034
1361
7759
4848
9401
7205
5312
12928
12883
2301
9084
9527
10510
5715
2094
10729
12318
9499
10724
676
3026
8307
8085
4950
11304
9024
6070
6673
4154
11321
673
8373
3549
4772
7400
9309
4656
6653
10855
6912
3733
12814
2588
4183
8420
10383
10364
6668
4904
3764
12296
9805
8533
12091
3259
7259
7869
7769
34
11728
10335
2240
7412
2607
7252
9010
2907
9881
8254
98
4479
3913
10486
257
7079
2785
3810
7823
8988
1199
5755
3469
11466
2445
12477
146
9716
1787
5161
12930
9838
1987
7436
5082
11288
6906
10561
952
7547
11877
3662
5115
7014
4318
1879
10246
12902
1650
11713
7944
8731
3700
12452
4542
9981
3908
13003
5264
3124
5931
6372
10742
1421
11427
12964
6080
3713
2591
11121
2600
12526
10525
12630
11908
5493
9605
4477
2692
12146
10216
7985
4907
3288
3323
4254
5226
10229
268
7411
12136
11964
4125
4625
721
9221
7567
6718
12333
9807
6385
5088
2254
10826
1188
7641
4748
12661
1392
4242
1566
9438
4234
3741
4223
11923
4002
11666
7416
6208
3134
1758
6008
5630
1621
7915
7040
6518
11689
10071
11580
11168
2890
609
6459
1056
8793
6427
4176
12664
6039
9916
3175
7164
6269
11131
5324
3853
10963
6698
5311
2362
7181
12248
1087
8249
2316
1540
7878
12445
1147
7472
5844
2714
6617
2949
7932
5224
6088
2408
5550
8094
7899
9083
10956
1121
11982
1397
11660
611
7778
5090
12387
1179
3960
9339
1586
4426
9791
5217
9378
8490
1559
8851
12974
12284
2090
7950
11551
5095
3698
265
11080
1608
5409
2080
5908
5279
5519
5160
8015
11097
6929
6796
11922
9531
10518
2163
2573
8139
2054
2449
6720
5141
2963
5383
7453
1230
2091
7122
5270
2781
6214
2526
6703
8964
8476
4180
1366
10698
8052
2206
8146
10953
10580
2159
10659
8272
5007
11928
2994
193
9594
7852
5112
831
7082
1671
7296
9849
9655
11633
12527
4812
8464
4913
2751
2480
65
11644
5867
11297
403
10512
4392
6946
877
10541
5026
1277
12807
1058
12960
901
12631
11910
2060
9730
7710
11744
6870
2412
1539
9892
2904
3728
12724
7284
8752
6157
9122
3711
1307
81
11445
4459
12820
8789
4710
6349
8459
1562
5184
9494
10853
8415
3489
11231
10705
1589
7168
9978
12763
9680
8722
1692
12699
3080
11486
9235
4319
10088
6817
5886
3055
11845
6285
7602
7163
1489
6706
8064
9535
1114
6519
7668
12083
11179
6072
3155
5528
11897
2568
5403
3372
1414
664
2962
9433
8357
3653
12550
3783
4430
9533
8202
7848
3990
7705
6603
5837
4062
12826
4715
12240
10404
9797
2458
3703
8302
11833
1779
3671
211
127
10834
3357
7156
7148
386
2547
861
9217
10594
7690
3345
10245
118
2911
2761
855
4888
10869
8355
9376
3309
7020
11040
6237
8776
7888
12160
6872
3754
4531
12213
10878
3654
11809
5387
12668
5000
8634
7746
10633
7638
4817
10290
1909
32
2595
3391
10726
4986
4532
980
693
5230
5571
9372
9827
5580
8103
10210
3807
4404
3729
2810
8125
8547
1847
12057
8428
11965
9847
1251
355
10291
2652
7123
5199
4112
10182
3262
6231
12502
12575
11683
3275
444
6443
5426
7625
8197
12260
12759
3569
3169
1658
10579
10950
10885
3280
6243
262
5616
8044
7351
10632
5802
5968
8141
5235
11987
275
7188
3073
4712
10119
11490
42
7019
7590
9953
6194
7770
7895
5929
11886
11627
6764
7099
12138
6345
8494
6096
9407
5743
5108
1877
8236
10284
11532
8714
11649
10526
540
9693
12253
12569
8100
12978
4151
6701
10737
10442
5172
12734
168
11750
10300
12572
12139
2589
2586
5959
9948
6167
8553
2420
11130
10765
3936
5695
11017
2285
4391
1254
9365
9465
628
7829
4271
12215
3401
277
2695
6465
10612
5869
3720
3901
7217
2483
10728
2852
10715
1310
3339
1726
4773
12152
7276
10618
5398
4407
405
8152
9596
1237
7221
2664
8440
2864
4914
8168
719
5047
4323
9179
4552
1526
10179
5100
6348
418
6529
3344
4672
9742
11711
12396
1063
9659
2941
9651
12472
8651
1964
113
974
7679
8786
2563
11428
12486
11919
1382
40
9078
12470
8000
7003
7508
12582
12564
6356
12148
12020
11952
8807
6150
185
7072
6744
12269
10821
10447
1430
8331
12639
3198
1848
12422
1551
7799
10153
3833
12350
9949
11447
11822
5504
852
4603
6914
1805
8051
3684
1749
4550
3768
8952
3668
510
3217
1015
4076
2797
9363
11817
11505
5603
12199
10922
11646
10645
1739
3074
7227
3019
999
9120
7719
1888
7624
3598
11426
4510
7688
10833
1328
9291
3090
9836
7833
8472
11434
6938
8119
10818
3539
8228
12573
5620
8805
12852
12434
6141
8538
6604
10887
10065
2313
7673
10225
11066
4873
11251
8596
7498
2234
5940
8915
8585
12064
12232
9333
12574
12625
11562
5123
11874
11944
6315
1461
4589
897
2365
3505
471
3917
10656
9097
583
12988
8097
3704
3355
12082
10825
4809
1004
364
7571
2964
7825
2092
6063
10756
5366
10839
12233
6438
1899
11994
10615
3384
12051
2671
11535
1164
631
12854
3959
6065
8611
1438
3230
2603
703
2498
163
11160
12944
9870
2593
10706
2925
12933
11401
9403
10372
6163
6992
6614
10166
11275
11263
3383
8172
2463
10214
571
7415
5689
10380
12331
10454
12837
3177
7120
8095
61
12888
9941
3667
1882
2444
7075
11958
5803
3597
3156
6568
75
2343
8252
8945
8632
6690
8773
577
4896
9138
10681
8764
8076
7376
9410
11267
9474
11867
6216
11541
11468
12125
930
2174
11862
4146
7044
2116
8865
1788
9145
8739
3857
12916
2582
9334
12649
3278
7787
11533
7748
3158
4182
11738
4840
8755
9811
482
196
7461
4136
8989
58
241
1399
8374
12182
1030
2210
2095
10406
5699
6994
2604
1673
7361
5380
12566
11578
10921
4175
3562
11213
6258
4940
8775
2968
8282
4677
10414
9392
10553
6154
8309
12339
12093
4765
2641
9989
9760
7300
5595
906
6908
8234
12563
4307
10105
12010
7240
6643
5535
10511
12546
10988
6220
11620
1343
7851
11836
9432
508
6786
7
5035
5203
7598
12315
8493
6498
6868
9656
3930
11342
923
6642
11395
10148
1700
9482
12760
4687
12947
7818
3821
4632
1308
12368
12765
1790
9386
3368
9222
11812
9176
12859
92
6613
12667
10147
10307
10488
2943
3896
11194
7640
7675
8349
4349
12510
10781
7973
1980
5033
6822
7512
669
10451
6803
10942
3985
11359
2662
12357
7777
6650
8240
8134
11277
8584
12659
2793
7250
11746
8404
2741
2102
6293
2575
9632
11898
8861
12399
1524
11624
6861
12404
10264
3052
4405
7189
7426
5930
12045
2617
2264
4520
12078
7222
821
7841
3509
1536
10788
2216
325
1974
9225
8589
754
4114
8054
11461
8039
11999
4092
7987
5111
11006
9276
3208
11286
11054
10173
1011
7660
4628
8178
11787
9728
3656
9985
12511
11511
594
11938
4954
3679
9678
6669
9307
2724
5830
11794
2967
778
12871
10199
2089
11221
7152
7312
8207
5520
7889
9950
1674
3311
7137
7557
9771
3962
2871
6953
9428
4193
10662
10002
6479
5246
4583
6288
324
7958
8685
4190
2605
8546
10936
11634
2268
10254
10241
10647
8814
11687
7830
5948
9293
4652
5907
9234
7906
944
5788
5608
10891
5350
3825
5840
8557
6234
11111
9543
12786
10272
11723
6044
11543
2496
612
12516
3095
3846
8513
2429
9540
11662
9652
11628
2674
7323
2193
2686
10303
2768
9351
6719
6821
2579
2965
8016
2180
10095
2840
212
9824
4408
5338
10077
1276
9286
1182
8057
6806
5766
7894
11722
9248
10743
5276
7395
4090
5322
3187
8966
6392
1073
5417
6522
12162
8863
3868
2823
6058
8047
11174
2505
1919
12272
9091
533
8980
6114
1729
12657
11061
11425
558
10929
9493
9229
11035
4895
2672
6532
4909
11483
12211
11552
3209
12288
3441
3070
11933
6686
9875
2465
5680
5598
6606
12299
11498
12858
4959
11564
5166
10150
10089
5167
9700
11895
3317
1205
3205
10927
5171
9668
499
6177
12458
617
9074
1643
10593
9455
2286
12641
3574
5513
11671
7879
10379
674
11170
3906
6974
2746
4251
9785
8381
6741
11804
5232
6812
10005
8292
1832
9940
9443
8594
11727
9766
9977
6192
10622
2294
4669
7518
12951
3996
2398
3130
7670
1818
3194
7548
662
4996
6198
11290
378
6297
826
4443
11815
10997
5358
5210
956
7843
7225
4378
6128
10989
1707
3213
1861
12746
8182
7839
10830
11416
9128
5024
7875
11317
12712
7871
7210
2730
1543
6081
1501
3815
7680
12330
5531
11489
12398
667
11529
12073
546
10527
12735
6923
4263
12761
291
2419
11129
6040
4894
9123
1760
4129
1880
12140
9452
4503
377
2225
3253
12266
2233
3665
6100
7129
7766
5131
5441
523
4945
3319
4833
9627
9461
4941
2954
4108
2999
3467
9774
1778
11101
4556
3690
3635
1214
2858
10392
12939
12677
9830
11140
6527
111
11479
5132
908
10309
8692
803
907
8353
12915
12740
3422
11199
2748
12617
12336
7052
2076
5192
10186
7947
5720
7274
11930
8588
12711
12341
9782
5261
231
5606
3172
11855
336
7868
1023
3603
7500
8721
1473
6577
1169
8096
8320
8726
10589
1742
12545
12474
5242
10031
6572
11315
1106
11048
7980
10120
12118
99
8949
11972
9868
11640
11103
10983
2549
6995
11139
10727
968
10783
3674
7514
12153
12465
11186
2889
6630
7664
6305
3446
1139
8570
618
9203
11777
1827
6160
2311
9852
7493
939
8760
11484
12356
12076
7982
6469
2215
2688
10049
10611
4465
4397
9671
10107
2472
8127
3926
3283
2719
2516
454
1470
1128
2567
586
10951
3058
651
6590
5910
1926
10455
5669
3373
8892
12936
660
7095
10655
465
4085
478
682
4868
11487
11887
1759
3620
8185
10013
2908
11161
366
2219
12314
2349
11084
3984
9500
2186
498
6655
5291
3375
12409
3015
995
9018
8425
11409
3455
8487
4839
5382
9825
1598
12092
4688
7324
8937
7662
5364
11032
5970
5193
2711
4371
10485
12425
10099
5597
3623
4644
9275
5922
3916
5396
6633
1519
12249
7732
12373
7437
11253
2782
11322
2620
6434
106
8041
6069
4691
3967
11545
4148
12492
11703
11497
3979
12766
884
9017
4186
11351
6499
1117
11714
4877
2961
6474
6911
11082
9053
6215
11499
11589
9079
764
2300
909
3931
12349
1238
2271
1031
477
2416
11269
12886
1946
11864
3918
11872
10052
4383
619
7674
10703
8812
5730
8658
5671
8808
11125
2834
6979
7599
7711
10370
2945
6393
5040
4790
5785
12038
3002
12416
9473
10146
11051
4952
9252
4418
1098
11846
10411
3252
436
3546
11151
5709
5612
7933
2004
3583
8074
6452
3135
2611
7538
11888
9205
8630
7775
2438
1821
11398
9008
5708
2105
8198
12257
11718
1900
2255
3376
2812
9762
10128
12937
3486
12934
3331
12612
6891
11587
7431
10599
11059
4410
4643
8229
7064
4948
2118
12991
3609
10895
11329
12008
5014
2331
12862
3265
7779
4543
7387
5065
12000
1357
1241
1730
8080
6602
9011
5407
10903
11909
7241
1185
625
10837
12467
1892
4422
1676
178
7237
8131
10495
1824
3993
539
11234
2324
4680
7968
4247
2756
12987
4860
12391
3106
2
9420
11675
10097
9638
1173
2915
1259
8648
2024
1364
175
9437
10213
6507
9962
8998
2296
5584
7892
4801
8175
5055
5500
6048
11003
8082
556
12507
11776
2400
1315
3271
2489
2639
8828
341
599
3587
3706
4231
11918
11132
687
3899
7308
9259
5873
6172
5034
10973
12354
2548
8289
4585
3525
10470
10904
3335
2978
8848
6658
5150
6662
12823
12723
4709
5547
9685
3212
4272
2223
9992
62
5181
2360
3938
3842
6989
8451
430
3498
5529
5895
12529
9254
12777
4246
3056
4181
8520
10792
4086
1476
5914
11010
1389
3664
10252
531
339
384
179
4878
4463
4444
3629
8566
12615
6592
7111
11143
8680
4769
4287
10590
563
11695
11260
6036
3165
5221
3939
9597
818
5061
5969
6799
8352
11962
3702
11387
2355
11457
12503
11162
2003
8903
613
10423
8932
11492
3046
3443
7394
6458
12457
12540
12406
6660
9641
1089
10195
8700
8984
11478
10091
3611
12596
2131
8817
1677
1347
4546
11105
5482
9070
2482
7243
7141
11164
6801
9746
4767
5496
1732
5958
5120
11775
11664
3394
1801
3237
3777
5005
12126
10460
6848
3910
165
9498
7707
12961
10955
128
9865
9340
10417
5128
1165
1027
2231
1668
9818
6579
12692
10801
3630
11966
3012
4142
6814
3929
7045
6759
5943
2404
8042
652
9904
12448
3163
11607
6506
3241
11936
8136
5006
6242
3396
9029
5884
10769
12407
789
3064
9793
10952
3840
2466
8509
941
11343
4207
11307
11805
5260
11619
11446
11515
4270
3820
11785
12129
6461
606
3235
5243
11989
5317
10678
12332
6006
5487
5962
1398
11574
6927
11800
3233
11193
9373
10544
5924
11354
2613
1614
7960
5440
635
4161
5591
6284
4804
7421
11901
4120
6790
12544
10243
1745
9065
3882
7556
11202
3024
515
2702
3118
1783
3480
7866
10985
7580
10954
7100
2937
6341
7626
11988
4124
2295
12367
1504
12021
9755
10221
7727
9048
690
929
6569
2164
8587
5475
10026
2170
2530
5694
905
2733
4711
11616
1500
9159
2731
12297
4095
1959
8402
2246
7378
5502
7063
9799
12103
4785
2030
4883
2601
7582
7490
3225
7686
4918
4824
9969
4932
1661
7177
427
4984
3291
11421
2552
9350
2356
5222
582
5710
3143
5716
9215
12969
745
5262
7551
7410
7723
706
2151
3277
11632
7414
11062
1965
12728
12461
7966
10784
5149
5027
10587
5455
8180
6710
3631
8684
7391
407
1180
6907
8504
7591
10449
4926
7918
8177
11544
9612
6104
6877
10132
12994
2406
3824
11594
689
9810
1527
4971
8384
1250
401
9789
6510
12794
4328
6337
8242
5286
9184
2682
6531
8871
9201
7912
7581
8350
6810
7383
10814
1763
12980
816
1503
2052
8369
460
7419
931
1330
6943
2274
11452
4548
811
11404
7517
8019
4093
4605
6363
12072
12647
8319
3347
9694
7492
8987
12588
9183
4469
12484
70
12921
9622
11415
10117
0
1799
3615
12829
12620
9856
10716
8475
4013
6515
12658
8894
12108
79
10638
12869
3059
9045
4478
2691
7704
8501
7736
12123
8751
5872
12054
8461
9315
6368
10685
11323
206
10042
3048
12006
7967
5365
12547
4504
10820
6437
11905
10439
11185
2632
2493
7633
5495
3861
5481
8969
8208
12030
7576
6475
7811
1322
650
9844
9090
9175
7303
11967
2401
6425
5368
3371
2537
12121
7468
11381
3223
6917
7272
3466
11449
13008
5050
2495
637
8606
5271
7605
9389
6113
5275
1159
8898
1619
4916
2158
6312
5821
9759
6547
8530
7522
7101
3637
8864
7204
12029
2800
7277
1691
4699
8946
8818
12737
232
9036
3954
5134
5549
7563
643
7810
9618
12530
3973
11438
6103
5227
1655
6533
4890
12683
5631
280
10260
3313
9850
6726
5545
12609
1285
8474
12360
9371
6155
3017
3318
5863
2275
7199
8696
6560
8184
886
6500
6314
8656
4821
4538
4908
9903
9503
735
2727
4206
4516
561
7397
7776
11782
8437
942
11338
9689
4068
9751
223
4810
9436
4985
9695
12533
10556
4892
657
4530
6185
808
11375
8301
11527
7546
4704
227
753
2108
6663
11652
9753
11719
572
5754
7814
7706
5257
13000
9102
10371
7931
12043
5882
7735
9468
1332
5933
3765
12385
4638
3723
8697
5587
11491
2144
8111
12483
5168
6751
4302
7794
8333
8423
11050
3231
7131
12400
6271
8523
11399
9780
9274
12276
11149
2628
7489
12178
10215
10256
2336
4377
8395
12094
6610
9623
5698
5119
927
3254
7864
5741
1065
11519
5862
9396
7730
1080
8013
5146
5488
9919
10575
9098
3332
3997
11709
5038
4006
1374
5593
3353
2788
2494
3419
12688
9714
10759
9880
3036
3232
806
2729
8380
1697
1560
5096
9775
12309
12485
1060
55
11693
2897
7896
9648
11765
3268
4737
12376
1626
4853
843
1386
903
2660
8276
10819
5076
4512
4354
12751
3286
6865
2265
4727
1038
12115
5960
8640
1288
2762
417
8480
4721
12184
5538
5825
12868
8628
12228
1145
8737
4572
526
4189
2354
8841
2697
2405
3880
12893
7316
1846
5130
5764
8110
10515
3619
9177
415
2718
6548
5080
6684
2022
6774
4874
12170
4322
5388
1685
7698
3570
6836
910
6635
12601
8559
9591
5163
5325
4807
6763
717
1849
9583
11001
3041
10102
1997
2261
8694
6009
2250
3218
12653
3618
4100
10786
12822
82
2936
9963
4412
1390
60
973
67
9047
2922
39
44
9717
5745
10039
12464
458
1556
10038
4897
8686
8997
1855
4653
11405
8712
4557
1672
10060
6453
9198
2717
5733
2740
1528
9463
8398
7724
5465
1857
844
5707
4610
6099
960
3424
3022
838
6762
3948
5425
1625
1339
12046
4594
12629
226
4920
7820
5183
12469
11460
6302
3547
12365
4165
3709
6509
9556
5416
6142
9023
3670
7795
11201
7718
4470
9525
1945
7621
5909
9233
12815
7831
847
4317
11085
2191
7185
182
7703
4953
3897
2993
1336
1494
10009
9706
3512
3537
5744
747
4857
8782
8778
4029
12965
11708
7097
11244
6239
659
5067
11391
6800
7544
11248
3746
3378
6290
8798
8128
11623
10637
2880
1057
12488
9997
9819
1240
12608
2154
3507
10555
6014
598
1822
6963
8636
9149
3351
10373
1710
11226
9602
12770
10385
2958
12778
3133
9033
1256
9288
8736
267
5043
3164
10068
8351
12037
6207
5394
6357
8872
9243
4766
5876
4083
2013
9663
9727
440
8233
11088
8745
6564
3776
8999
10217
8959
8483
5092
12135
7629
9947
6200
9253
6797
12742
12450
2009
10412
4230
9639
7327
282
11586
4117
1750
1803
12708
875
11665
6414
8071
10521
7358
9737
732
5833
8551
6593
4601
12290
6222
12016
9140
7701
9107
6193
9043
4836
1469
2269
4038
1529
6135
6094
6657
9344
4541
5220
8092
4968
3719
411
3349
12866
9269
6486
9219
3040
4554
10643
7293
7130
59
8056
2809
7418
4787
1313
10740
10861
10947
4654
549
1498
5871
2722
7408
11873
3951
3404
7881
5824
4115
80
3315
6310
12348
8623
17
10730
5913
11976
967
2073
9735
4260
6835
882
8866
4676
9729
11348
7090
608
7175
7176
2247
2863
10871
5125
2791
6329
10017
10578
2995
9260
2512
9548
5941
8888
5503
5254
8670
7228
7812
8591
11422
3612
10220
5557
9506
9031
799
2609
6981
4216
6512
10136
8868
7119
11183
8967
8498
3614
10911
2417
8376
6683
6097
4667
2905
8360
323
6257
7261
6381
6964
264
7502
11761
8126
7134
9329
10752
658
4863
2976
10204
3263
7092
8084
4771
479
2037
7088
11588
2341
5775
6320
3431
1592
8976
11098
9049
8613
7086
8784
1287
7763
6621
12655
12536
6201
4289
1192
1059
300
1170
7448
10198
10033
7786
2929
12
9348
10489
2276
12375
6306
9080
4805
750
5471
3980
4886
7607
9264
4858
9905
10265
1218
1434
6834
6119
3721
5461
10865
2517
12975
7903
12304
3147
3827
5414
9530
225
2698
7462
2258
5658
12818
9930
8359
12606
7024
8698
4262
12755
1630
9355
9517
4205
1789
2923
8102
4473
4044
2366
4881
7295
885
1864
259
342
4197
4957
11435
3705
8895
3573
6153
2065
4693
6136
7246
10674
349
5326
4992
249
11648
5063
2706
11200
12013
2875
6213
11993
4368
5060
2310
4214
2113
4000
2020
7083
6397
8170
5048
11997
2421
12209
7200
7282
5632
3054
6761
12805
1294
9296
7930
10287
7289
7267
8086
8919
9308
12874
8643
7484
2615
1451
4340
1531
9492
1183
1365
6901
5760
2989
8836
11045
2924
11475
12033
8194
7396
9635
5320
9511
7900
6124
3795
453
8768
12244
10840
4171
9731
7734
7652
541
12710
6145
2326
10262
5049
812
4445
6449
11360
5288
6990
12338
7138
8507
2038
9848
12283
10570
8512
3831
3779
3411
4726
7566
11902
2308
1009
12549
3382
2133
8316
6545
1292
8801
4774
7035
8992
4091
1843
7893
9510
12741
3503
11014
5972
4728
4802
8173
7542
12119
9370
6439
11959
12535
981
2828
365
5521
11041
1816
5363
12962
7750
5139
8448
3433
11943
3009
7201
4743
7689
2531
2777
6278
1064
7533
1956
7654
3160
11698
3802
4573
12287
4259
10230
30
7371
2522
5945
3867
2795
7133
7738
7049
8526
11408
2893
464
4576
2385
11521
11678
333
3296
12011
12577
5233
8431
1967
846
5725
12701
5059
245
5058
2833
6856
5897
3845
12113
3885
5277
1351
12884
12523
3565
4135
1449
5916
8724
7190
11606
6379
10266
11824
2029
8741
4005
6472
2069
2229
2985
6978
7477
131
119
3496
12654
991
11508
6173
11524
1427
4515
7570
9249
5444
3693
12707
1773
6705
1858
6671
9933
3364
8510
2033
6318
4202
7491
4160
8819
3932
11155
7977
2689
2391
4032
11301
2266
4213
10864
2071
5491
9427
1641
5935
4064
8375
1024
8750
4981
9889
12009
1802
10684
12321
8759
9683
11295
8995
1369
11992
8906
7504
1535
6501
6024
12012
7039
11022
48
1508
5070
1784
4675
1649
567
1286
11828
8607
6283
10086
12806
7444
11159
6528
8105
6939
9244
12973
12282
5978
8701
5834
1100
4074
387
2536
794
3005
1217
6625
1391
396
4174
6661
5559
4854
10294
854
2168
5633
1609
6525
12499
8860
12311
984
9761
3085
3887
684
7920
3858
2263
10477
5534
4587
11778
1290
8231
1388
12421
2226
10427
8491
7658
1356
5421
4501
271
4276
1309
7527
3560
11720
12196
330
993
7265
8545
2534
10736
7144
12744
3093
12610
3532
9879
11707
4989
6253
6905
2763
7102
3655
6514
1652
9026
12918
11058
6266
4278
260
3423
8983
11390
8009
3348
10079
1224
6057
7388
4956
4227
671
10394
9670
10008
5848
8492
2497
11293
4239
6996
7373
6462
9528
5154
2259
4483
5560
6930
2424
3865
10498
9228
2474
4658
2928
5918
9604
6012
8785
1096
5947
6873
12779
6482
4843
5949
7904
5438
3255
10509
7543
3734
5901
6067
10402
10124
7927
3035
11320
313
1446
10382
12551
3572
5927
11146
1637
91
7601
2633
1131
6999
9146
3148
7140
6983
9305
4332
12489
3739
2736
7322
7897
12538
2104
1912
29
2657
8323
11219
5866
7969
3310
10913
8625
7507
11076
3838
5827
10175
3245
9067
12096
675
12802
10879
11509
3826
6960
1137
8418
6410
11501
1572
3575
6092
6535
7761
6319
4388
5789
12382
10188
7359
2488
9442
11335
11156
1178
5626
4651
4977
3544
3651
1411
797
11625
5736
9366
10883
8120
406
1279
607
1585
4640
8160
1702
10326
11141
7796
7865
7326
12843
12715
4564
292
6127
6885
10813
9283
2551
8781
3555
8058
4238
547
10255
8515
12784
3243
5102
950
10222
10914
5649
9421
10282
6267
6428
7319
8291
8098
1444
10131
394
3497
7169
11700
11349
11829
8867
11673
11013
1918
1917
8438
2081
12053
3242
3988
3843
8912
2222
10764
6857
3123
4273
1770
6232
6677
4553
6228
7157
829
9747
1284
12389
6968
3316
6138
6972
10240
6419
8537
8564
1647
2302
473
1206
3521
10110
4428
10011
6325
3248
10268
8619
11734
2157
5737
7913
2492
9895
4498
3051
63
6991
11843
3769
12460
955
4454
8303
9630
12214
4280
2708
1989
6178
11954
7649
4492
1097
5107
8599
10664
1829
8856
3236
9529
4820
9912
4630
3276
8166
5343
12424
3071
1991
6888
5077
5712
6920
7647
12753
11690
7873
5347
1583
6111
12459
10205
166
4310
10918
9143
7816
2778
9255
2267
5742
11783
10429
12757
2913
6071
947
10154
9665
9502
12201
8502
10144
12273
5706
1841
8900
5546
11949
1282
8455
385
4233
4602
11830
370
5912
8753
8917
769
2564
6186
4898
11591
10315
3730
12340
5542
7929
10609
2580
3452
8193
1736
9095
5020
12730
2513
8638
4334
4811
9085
6444
2218
10836
7785
4777
4830
3937
2177
4975
11729
4173
3483
10263
7612
1872
744
3775
8896
8340
11605
9483
5814
4593
1992
8162
9890
10397
10634
6756
11356
2902
587
1546
7503
4681
7281
9610
1321
4678
12903
584
2315
11144
10910
12679
88
3685
5701
11470
209
940
6471
9210
8810
1079
10138
3400
1350
10614
2570
2201
9642
11292
9125
1248
9595
2645
2097
8295
802
6675
2507
4990
77
2119
8859
4147
6571
10115
8562
11116
3324
8728
4522
4861
483
12370
6502
7336
3136
4039
509
2525
11681
4655
6120
4900
195
7198
2146
388
6932
796
11177
9581
9160
143
7401
2439
9509
3102
3895
279
10224
766
9857
10368
11397
12831
11963
83
3356
9021
5244
7027
7160
7986
3112
1115
9846
6292
11522
1410
2043
12846
3697
4385
3681
12366
10613
4759
11630
2068
8733
3273
10476
911
12124
9832
6700
1874
11136
5002
6737
9644
5734
2787
7135
5573
4869
2578
12619
727
1981
5553
7519
5522
5292
1615
3983
8327
9445
8183
3034
10306
2327
7562
10047
9101
4279
11122
1301
12191
9330
9173
5738
4241
157
1155
1809
6757
3167
7229
11396
1579
285
3725
5604
12052
468
8422
9265
5753
11553
7620
50
12864
7572
2111
10123
5936
296
8025
11893
4327
3168
562
2832
5966
8485
10295
7179
6784
10824
10552
9767
10155
12393
11748
7473
4446
9343
1352
2951
5451
1810
3650
2690
12996
11979
9587
274
11701
7683
6513
5524
7154
626
6795
6615
1076
11310
1329
5928
8616
1433
8661
12729
7793
777
11115
8795
7772
3578
9005
374
134
12154
9516
12899
451
3866
928
7286
7608
10407
11751
5319
10320
3
9726
6789
11099
2129
2524
10311
1973
4906
1107
8405
2594
6725
8048
1363
2031
4829
887
5727
12412
8822
2074
5514
4597
4381
172
7768
3444
2125
1969
4012
10101
4731
4157
5219
8397
7193
6402
11019
3966
7230
12403
6362
1754
3542
13006
9741
1842
6496
8580
4856
11764
6503
11067
11732
3747
4079
1212
9480
3471
12087
2581
11554
1538
7126
6783
11839
240
9207
2190
6781
10653
4424
1376
3523
2772
4539
3944
6389
1157
8730
1194
11096
5989
12344
5556
8951
1126
11915
12949
5091
12114
10491
9040
10227
6945
4586
2847
4770
8433
5410
11506
6869
7594
8486
8014
858
5415
2378
3365
11353
11106
1187
4353
8758
1523
9012
1936
7033
8300
2510
12700
10339
12622
10600
11567
7087
3251
3579
12537
8407
9772
3778
8832
3222
7438
5116
11786
3798
4290
4927
7172
7979
12050
6883
8921
9812
6596
11796
1961
7636
10355
9394
7753
771
12441
1953
9169
8927
12418
10330
11207
4826
2841
4051
5042
1061
7362
2760
7838
604
10744
7725
4411
11026
3470
11871
11947
12275
8511
4329
10415
9855
5157
6032
4982
725
2334
3763
5354
9882
10259
170
6344
9734
6423
2836
8135
9598
7368
2677
5041
8210
10753
5078
7406
12956
5944
2380
4818
7022
11005
6511
1289
5025
737
6674
11507
581
12917
527
4494
2780
1302
7835
1776
5405
7029
4113
4016
12067
12607
5923
8245
5305
724
49
4345
4466
11025
3436
7268
8027
11064
4350
3847
7048
3712
10109
4487
8035
2136
5592
10473
11704
9001
5436
2935
10308
1293
760
1317
7118
7007
9227
7001
9802
5639
3862
3367
6446
5263
6079
6286
7587
6116
11204
8154
4043
10710
12517
10267
7315
1226
4505
8063
9611
8219
7456
8293
4037
3982
1184
11477
2909
8825
8341
5647
7938
7532
11752
8108
2694
9003
3915
5786
11584
3418
10112
5449
8496
6831
7847
3322
9058
878
5967
10845
12175
160
9999
8163
10938
2644
1425
9781
4705
8444
2442
4244
2835
2155
3076
5186
5773
8213
5748
5395
6085
4023
525
2792
4170
5196
850
7962
1675
8489
9521
2008
1269
8904
5021
11485
9993
5993
3625
10438
1068
9833
4167
11471
7127
7797
4639
1755
8837
12727
4694
6864
126
136
10178
12252
8284
5133
2461
5469
25
11661
1454
8049
2460
7106
4057
1828
1227
6647
1865
10332
7166
5776
5266
9637
9724
10169
7569
4793
10823
6566
11677
6022
12583
12762
839
2036
2279
6695
2375
3774
1419
153
51
11618
10850
5458
13010
11108
2684
3294
2755
3027
9784
9282
3448
12645
5332
535
6731
2752
2187
757
11123
6246
1600
4600
11400
4983
12019
3803
2192
6077
9190
3699
4009
6918
10390
102
16
10608
11081
8124
7096
10931
12673
12674
9379
6607
4815
5337
2876
9609
12289
12041
4048
1751
4623
7882
8070
12017
1610
2203
3128
9927
10649
5299
3907
8113
8454
814
4019
3732
7988
4751
114
1808
1300
10111
1167
6294
5893
4480
8278
12795
7117
7320
2648
10793
708
4413
6046
1483
2984
7178
8214
10104
11569
12063
4364
5942
4351
368
1798
1273
10321
2713
11459
11639
7747
6933
7819
8824
3965
10135
5552
6969
8620
4742
8899
7463
2658
12003
1604
4427
8258
10431
7774
1158
4003
3695
3642
8400
7765
2019
10161
3176
7337
7963
10445
12190
2966
6622
12205
1051
11579
1887
11659
1596
8091
177
1648
9960
11990
4201
5700
5904
5348
9030
5476
2156
6542
7880
4634
6623
1718
1020
890
2061
8452
10508
343
10212
5499
965
2014
8624
7858
605
8481
10797
5205
3358
1362
12636
8165
2287
685
5798
8601
627
1815
10322
1041
4493
6693
5879
10822
1149
953
6089
4414
2142
7887
1118
1092
10701
10012
2199
4078
5614
6713
6659
3416
4372
10666
10639
11326
183
785
4144
5533
4911
7306
11581
11184
979
1565
181
10532
5198
9374
7432
9826
6183
7749
3098
4745
5085
8558
755
7233
12222
11868
9298
10847
5165
4267
11500
11027
7844
7057
1450
1978
2499
9087
8543
4502
3216
6483
9362
9168
1683
7343
461
9564
6291
11668
12747
11899
9133
10419
6791
1152
8506
5860
8140
1871
11250
11503
9114
793
9119
4641
4506
2873
7877
11614
2914
2361
9828
6091
9966
5589
2388
3557
2629
9900
11091
5650
6019
6611
8941
5066
12781
12835
6255
9129
3479
1340
7832
10340
10660
8270
9776
3457
2478
5427
186
11339
9504
3640
7515
3898
1119
3228
9181
4199
3661
12557
1417
2130
8925
4734
486
9532
972
15
137
494
1154
8804
1611
8879
5581
1481
6252
5351
6722
9332
2771
9858
5015
5516
6477
6156
12663
1001
5750
4648
12571
11472
4612
10027
9171
7485
10209
3086
3850
7886
12337
11086
8583
10968
12971
9871
10475
10712
6121
8045
10898
5964
7153
1511
8521
714
9913
462
9360
8886
4781
12097
4827
10697
1295
11806
4103
11920
10069
5187
12105
2849
1312
5443
4791
3981
2817
1510
10184
1108
6860
3522
8500
10920
11056
5478
3094
5497
229
7114
7375
7030
9093
2654
8646
1071
8161
9909
3307
1568
9478
9998
10352
8939
6441
5345
10964
7631
8732
5362
3613
5179
5894
570
518
7012
3864
10641
2728
12062
8239
12068
9479
1412
6837
9141
6270
8769
1725
10122
1594
10720
2739
6792
12993
10568
11127
2107
6688
7162
6900
5778
5663
8059
8783
9705
1074
5016
3363
8122
3975
7487
8224
6418
5335
1960
3766
506
12394
6843
12018
8147
4974
4235
7128
7018
11735
6649
7398
1699
4425
4752
8631
3559
7523
695
7389
7855
1042
2979
10731
11273
2562
12501
11171
8855
5137
5891
1190
10296
1616
3186
9970
7435
644
2829
9336
2101
4299
12395
10523
9422
9342
9413
140
12913
8973
269
1216
8671
86
7901
5190
12258
1834
9423
8935
6133
9086
3626
7827
12024
11266
12490
7743
915
11789
3126
19
6687
11840
8649
7174
11834
7650
8907
5607
4440
12207
9072
614
12789
11158
1862
12938
2479
3293
10424
5273
2774
1521
780
3813
11924
9247
1947
9059
3576
10297
5877
12305
2938
3184
7091
210
3302
3849
8037
3453
3627
8598
10024
12238
3409
2305
11827
8344
1512
3304
9577
7226
3514
2843
7288
8435
10916
3499
2390
11214
1866
11215
5268
8806
10106
6229
9722
2096
3438
10884
3541
3772
6031
4792
11385
4517
7721
4045
5468
3166
10492
10658
11157
11180
8469
3639
7483
11798
7611
12454
8499
11414
1548
775
6723
12719
7872
4753
7465
12633
492
41
5054
9268
11495
7953
4320
12141
7632
10694
7238
8151
3761
5174
8734
6897
1708
10934
11537
10422
4395
3805
2452
10912
2901
11549
1228
1807
11308
5654
7708
7424
12188
11826
4760
6468
2783
1734
8329
3935
363
4682
4609
1670
255
6750
3240
12386
12060
11305
8237
8192
4158
11892
1424
8484
1706
6470
10560
3447
7239
752
9338
5231
9524
4400
1372
12912
10484
11417
11771
2646
1582
9345
9100
9585
5975
7715
5977
12614
9057
6223
11566
7071
6878
6867
10986
9809
7013
12833
4096
12838
5892
12611
1385
4944
11691
3527
7926
9534
6350
4195
8699
1052
8522
199
7951
2042
6395
8238
8633
1831
10481
10970
1229
6820
10866
3567
10421
11011
3911
7558
12702
11747
8529
9843
8190
10139
3986
4965
4442
10975
8271
2075
7739
3943
12953
1542
2490
2337
7764
6733
10211
203
8150
12075
2987
12618
9294
10078
9873
8761
7613
3958
5490
4491
5820
4664
4994
2839
8958
10965
8762
4963
7530
5293
11374
12251
2098
4024
12151
12567
10564
9758
5498
1602
8575
9815
4131
986
6308
6037
435
3914
798
8268
11166
3884
4141
1383
5568
10597
12905
10844
10722
6219
11636
4311
2123
12528
10520
2471
7025
6863
2998
5114
434
3588
11009
6666
645
9957
7634
6952
9669
1740
959
1037
11831
12685
3044
3888
9486
12402
8621
12678
6988
8308
3476
11313
10832
10349
8421
3870
1940
11629
270
8104
5018
1786
5746
6538
9975
8574
11568
10085
12813
3328
4072
6152
12313
5831
12721
9404
12278
2807
4406
9409
2892
6694
12189
1741
5579
7056
8212
306
4943
11991
8548
8204
358
12548
466
12217
1591
7846
5360
7574
3680
12163
3303
7957
6730
6770
10835
6567
8813
10557
10367
9105
6051
12495
2554
9820
1163
238
1141
10738
770
6374
723
10620
9562
12518
2491
9424
7452
3474
11182
12775
1413
3336
9839
6026
2571
3793
10126
10338
9841
1515
12797
11572
9202
3834
9672
6263
12200
6436
2245
11740
28
10971
6494
5686
2318
5484
9459
1208
11808
8142
4958
3068
2473
5651
10157
5151
5420
96
5408
2903
2179
12001
11733
7549
9212
2802
379
8478
4627
10889
3326
9388
2891
12733
938
9326
5480
7055
6073
38
12381
5902
2194
3818
12632
12920
7403
2678
7433
5997
2566
1035
2670
1101
11324
4269
10545
115
53
8615
12602
8800
1132
6787
10668
7535
3030
10448
4282
11073
10116
2253
2182
12451
733
12788
11365
7645
8718
2134
3759
11548
8689
12684
7586
2769
11573
11092
6062
6139
511
5064
12237
10203
6
10946
8802
12976
8335
2032
6490
2653
3215
9164
7908
4831
5979
11124
8413
9397
3114
6841
4293
790
1657
595
2862
6084
2396
5152
283
4398
2577
11510
448
1109
7842
888
348
3141
7076
7440
6301
174
6676
9994
12480
4519
8321
10909
2663
5858
507
4256
2842
7203
5751
10194
11755
12955
11314
5662
3894
9382
8012
10347
2320
6174
10499
8201
7486
3426
9607
12561
666
8403
10328
3604
2232
6028
4622
9019
1744
8911
12494
4933
3554
12431
2587
12675
12100
8256
7192
634
7145
977
1869
12186
1431
3257
3634
10054
6600
10158
9240
9430
4571
11756
1495
2143
1534
1549
8446
11851
12378
9218
4540
4451
9130
11145
3517
1587
6552
4284
8978
3189
3922
2558
3600
12954
2868
4162
1359
5391
5815
6648
4960
10025
1768
9574
4187
315
9615
1477
1716
6819
9925
1083
2926
12335
8383
4799
6941
12827
10174
5554
10999
9155
3647
3755
12716
2018
6758
12443
11739
4837
12298
9096
11384
1737
6915
4850
9763
11318
11556
11835
11559
3204
1711
8225
5717
10676
4087
9261
3399
6639
125
1972
433
8174
6776
10187
6068
12303
779
8089
5099
6652
921
6274
876
11894
37
8181
1487
5399
11229
9910
971
11585
10582
7070
7669
5239
9588
9132
3511
2443
6748
7060
9006
800
12379
2983
8315
3716
6143
12206
4661
4420
1172
2397
7528
3912
925
10592
9352
1545
2053
9837
1581
5379
3170
3179
982
2779
8209
10539
2432
11366
5212
12133
380
4343
9619
10462
10228
1774
9677
10683
7784
6467
10410
8274
945
8023
5306
9934
8288
1048
4292
8005
1459
4341
10258
11015
6481
6886
3854
2185
3953
7340
8524
5676
12236
12665
10353
10331
8149
7573
2160
4022
742
11052
10536
12681
11247
661
8703
7270
10987
7352
6636
3084
6131
9661
7694
602
10164
9250
7792
4917
8257
2121
2178
309
4822
9246
9470
1196
11797
7254
12061
12986
11520
2260
1275
3437
1488
2866
12117
3736
4588
4248
12229
11392
10937
1110
9924
1368
3389
6400
6807
8772
8325
10785
3738
12411
7642
5687
4555
11820
12803
2137
6526
9306
2309
914
5881
576
4783
7080
8101
10103
665
9770
6303
10192
919
12946
7940
5661
11637
1620
10994
2262
4145
3607
11306
11638
11238
6881
2291
307
6227
8857
4523
1209
5781
10905
8286
10006
3398
12752
6384
12999
10081
5657
4637
4621
10058
7991
2058
1934
4184
7712
12713
716
10696
639
5101
10732
10490
3429
3029
4461
5031
4823
3320
7068
7280
8850
3139
12882
2120
6681
3871
12840
2249
10289
2188
11074
8777
9163
6005
12261
2900
12593
9113
10121
7427
3991
335
1105
13001
4536
9720
4419
6534
9967
4058
5310
1825
5274
10163
3852
896
7036
5068
622
3801
9626
6351
10493
10672
7107
6398
12783
10358
6565
6426
2197
2135
1261
12059
2883
10902
5072
1933
5956
12137
3388
6497
11513
10502
1910
2117
10334
8708
1537
936
9768
8339
3648
1422
6083
3558
3028
8072
2743
481
11002
6678
6333
2299
1577
7845
5702
3379
11692
10623
2974
3101
11795
10206
5667
2758
8361
7469
3119
1225
2283
11669
11021
10292
2339
3767
734
9551
3790
5769
8528
8157
10318
1297
3377
2149
6118
1753
1418
12709
2844
3961
12334
1563
1072
3066
2532
9439
1047
7803
3282
3580
1833
7010
3632
8569
10943
12904
6553
2056
9319
4660
176
10746
10113
12227
2350
7481
12439
6588
7482
12792
7949
4200
10398
5511
74
12594
7366
11369
12739
5169
11931
9034
2307
8794
11925
7292
4683
1316
1204
10190
12922
8955
916
3338
5001
7999
10829
12329
7828
2243
12264
8990
763
1518
10721
7434
12690
5450
11150
810
12718
924
3120
1929
6691
12758
8749
5202
4730
4806
2612
2813
11249
2430
11469
815
10360
7191
4188
8386
10092
3113
1049
11191
9787
8913
11325
10257
9073
12879
2171
12597
4436
6236
9974
6524
2621
480
298
5690
10859
360
2377
824
574
4264
5030
7511
10125
3851
8167
12705
1480
6117
1951
5228
2824
8336
10798
10551
4168
9460
10567
299
4591
8593
10984
3552
3582
2947
2637
9187
2624
10996
1603
11467
9032
7446
7623
3190
12481
12981
9702
10827
2470
11482
6181
8297
6406
677
7781
3137
7374
6947
2152
7898
8830
4475
180
1319
7054
10457
3083
2303
3100
3057
5835
9495
6052
5376
1631
12440
1327
8436
873
5609
8310
12328
338
5986
9170
8665
1791
1564
9380
239
11512
10725
8004
11347
7885
2642
8918
8788
600
4258
11455
6563
4718
1642
12157
3333
2970
917
6517
996
954
10693
9302
1177
5865
7646
2888
6702
11148
1353
10145
10919
11969
12801
2487
5991
6086
9431
4614
2822
1985
3638
9299
4365
8577
9154
6922
7516
2016
5269
6463
1896
4301
7464
3605
12327
11429
1455
7047
1703
7471
12134
10391
7592
1651
2789
3122
3472
575
4348
1085
5390
5768
9263
1756
10478
5846
5656
2773
7692
414
8676
4462
6830
513
5823
3485
963
4825
6641
2150
3060
10143
1311
2383
5
4471
8947
6608
3617
7407
12543
8410
5158
1160
9725
7857
5369
8187
4969
1133
1597
10467
551
12519
10663
3193
6241
11060
11462
12672
758
3361
3449
1420
12169
5790
8024
6880
7392
5578
6921
7347
6013
8365
580
9897
6126
3577
9580
8362
8205
6931
2282
3998
281
5429
696
5838
6487
202
9335
8414
3855
864
11371
620
10928
7789
3238
4249
8586
9773
8719
5955
11440
848
6354
3039
9926
6765
5494
11861
6823
11419
7550
7714
10337
3822
1884
392
9290
1851
2257
5435
4665
4042
11558
6364
3107
5934
11230
4133
11079
5153
8073
5957
9316
9578
10734
7616
2732
8568
7644
8171
36
9744
1772
3550
6760
2576
2709
8261
1762
12070
4203
7393
9002
10242
1323
6847
4021
1242
7232
6416
3013
10450
5083
1367
9089
12984
4099
700
9152
8889
11957
9736
2477
9570
9209
3104
3995
8393
1995
10239
12977
6144
6210
3610
2317
6562
11274
2818
7496
297
9341
12646
3279
3675
9526
9932
295
10851
7015
1384
56
12570
10704
9046
2402
10531
8563
6734
10548
7470
1257
11454
354
9813
6334
12116
9593
10695
4118
7534
284
6899
3946
3145
9965
9121
3111
11890
11379
12623
6645
5713
8008
12259
3295
10036
10799
8077
663
8926
4394
2659
12262
2590
3816
2986
9195
7298
4046
11285
8565
2515
10191
6656
6115
1693
6752
10762
3116
6862
11929
9740
12036
1247
3919
5555
11850
7073
12279
2235
11940
1335
447
9636
152
2410
7700
12764
5300
4303
2742
4431
9142
389
1963
10524
5723
5796
7856
6125
10003
11863
3970
10547
9851
11222
3691
5194
12255
11363
8318
9757
2656
11536
1957
6926
8132
10758
5113
4674
217
1070
5548
412
11258
5721
2592
4071
10021
12592
4098
7428
5457
948
6516
3749
4393
1428
10436
11866
12836
12478
1436
10680
4097
4004
10860
3440
4708
5103
7651
765
10540
8791
715
3312
4599
11945
5188
9454
12945
7329
4692
5572
1253
5375
12323
11037
3445
573
2045
1236
3224
11328
12652
10709
425
6020
741
1078
3608
11090
4008
951
946
1728
7752
11879
6369
8443
1213
1983
2869
2431
2435
1465
2434
10846
5691
7726
1645
12585
10377
10702
12295
11667
12890
10250
263
1606
6849
3717
2145
3743
3731
5758
6431
5806
10630
6574
11504
4902
792
6403
5229
12565
590
10661
6934
10770
5937
11309
12856
10915
7859
12651
9039
7905
6287
2539
6304
7417
1721
5777
10218
1400
4228
7253
12491
702
6809
12369
8669
1561
4209
904
4910
8281
8121
668
6889
12780
1781
5464
6699
11012
6854
8550
1502
773
11135
9416
10376
5889
6879
9980
1246
3350
4607
11793
2278
9951
3950
12782
1764
11823
10777
522
11526
2153
3132
5739
7278
10763
10848
3183
12985
7142
1954
1245
4903
12931
4082
171
2860
10778
11613
4338
8449
2952
12941
8322
7737
899
1215
4111
10760
7948
8259
3149
5164
476
7147
1506
11109
10505
7751
3692
5645
5996
1678
12732
9435
9938
11790
7695
8458
8199
12479
8754
200
9112
450
1075
5995
5127
566
7826
2415
12132
4560
7108
12542
11380
4084
6692
4101
2501
4558
1553
2701
2139
8683
2270
393
4415
889
8554
301
3616
10610
2861
1654
3003
10271
10995
6476
1324
12624
9054
9861
6011
8002
4723
8838
3269
1200
2437
2426
5462
10651
1404
3415
10648
7109
1174
11480
2093
1925
2214
293
2213
7139
11173
1635
4684
12462
1198
633
9845
2803
5523
6940
11884
10466
9547
404
7824
5615
5880
10507
7603
961
5541
3533
4105
6715
4070
9943
6637
9069
10646
7110
10458
4257
2079
6387
7849
4455
10550
7579
5109
4054
10279
9418
7780
11235
5740
699
376
8610
12415
9267
6327
1264
10739
12967
6766
6218
5197
8609
3750
7167
3162
8356
12235
141
10316
7666
2749
3964
10537
4060
7287
12923
4417
3602
228
3206
12358
1320
5138
12447
5797
1189
3234
3395
9877
621
9795
11814
6064
707
8470
3956
10882
672
8880
4551
3099
12007
398
9806
6123
5191
5265
2975
654
8062
10172
3140
1913
8497
8406
9280
813
4757
2878
11355
3530
11227
5056
4939
3601
7661
3495
2635
5799
10472
22
10193
3659
10435
2057
6936
7659
1103
4153
2023
12427
7928
7521
3219
7023
6919
6892
12101
9369
8088
7995
6435
3927
8626
1050
6015
7390
7773
5525
12048
10790
11821
3352
849
10841
1146
7067
8592
2297
9954
10978
1265
7209
3188
2853
5201
12498
3171
4357
8815
10584
1222
9322
244
11528
5566
4666
2750
517
4164
9285
12832
2423
10168
12924
3032
7924
6262
3247
5316
1769
12039
8910
11410
756
9117
9709
11458
9331
3281
5241
3947
8099
11430
4978
5143
1281
7474
8033
12598
9907
3434
12034
10538
6840
4316
10305
11028
8884
12817
346
164
8933
2932
2166
8022
4549
6027
1191
12098
11601
6882
9704
8637
4749
3284
12077
7212
371
10750
9166
2242
9357
1780
6935
11896
11289
7325
1123
7990
8948
10345
9860
12634
12310
10208
6631
95
2128
1153
9134
3528
4081
3482
1903
8090
6299
11203
8561
6250
2723
4955
601
5323
4122
2535
4547
978
11961
7264
4458
5258
12514
12876
3735
521
9375
9964
6903
12312
5652
1709
326
4733
8010
5225
2857
1025
2346
5673
2289
3244
585
3334
12212
2227
11799
331
9887
8644
9009
9796
207
6599
1690
10165
768
642
1837
6171
5505
1684
820
1104
11716
9458
8266
11917
1466
8604
9075
8334
6307
11870
1902
8965
1514
10133
8849
2767
3593
6109
4764
8556
9027
2241
710
8627
8740
9918
2212
493
2200
9821
8032
7220
8251
555
8843
1613
632
4423
5200
2323
6166
6159
10127
5634
1342
9606
8642
10430
6484
6582
10283
6371
11852
5627
2344
8503
11819
12599
9687
11240
6188
9613
4437
6282
9505
5142
6767
8679
2451
10874
4243
3014
12177
5898
9896
1462
9696
11456
6066
1491
5861
4596
4250
5617
10530
5075
10625
6328
11431
10957
391
4511
9942
7997
12185
12015
1211
12372
3800
9472
6347
12910
1379
1464
1272
8424
6598
2959
4220
10771
8993
2205
3689
1689
2899
197
10342
4915
5854
5297
5817
12044
7353
11758
12351
5216
12635
865
12914
11688
5371
10057
819
5281
1558
8396
1575
9936
2196
4930
12600
3207
11078
2953
7290
1181
11377
2910
2819
4484
7439
592
8338
6711
9061
8066
8666
5459
6323
7678
7344
4055
2059
10867
11810
7822
6993
9842
6556
5136
3220
467
12691
5565
9174
10930
7248
11788
4703
7989
10876
4889
4620
7595
3584
2870
8235
5679
9127
9752
5801
8923
7994
9650
7834
5530
6445
3955
9748
6335
11255
1522
10723
2848
1066
9617
2931
5518
5437
1280
3999
9886
529
1942
5206
1793
78
4698
6855
7307
4236
26
11224
3633
3941
7413
11986
9920
9712
504
11590
5430
1878
6082
2364
5073
3863
11937
1296
1507
9701
3300
11209
13011
1415
7584
12161
3724
11361
12696
5722
5236
7034
1144
1278
54
4529
7046
10998
12079
1304
332
5097
6667
7081
10082
6233
10794
9192
2957
7304
2084
12998
8962
776
8909
24
11602
11825
9038
6230
10465
11167
8972
7016
9037
2651
2209
4066
2148
3037
13
9356
11047
93
3710
10233
5681
10607
2753
648
1813
8717
3301
3330
8348
8842
4724
7332
5576
10747
2304
9778
7451
4938
9558
2996
4872
5853
11283
5537
7159
4964
8571
9662
8203
1043
7593
288
251
9180
11598
491
107
2881
11284
6884
4266
6745
8305
1555
6409
7074
10875
10628
10775
2436
8826
11018
12198
2877
7656
4521
109
5582
8612
958
10341
3079
7740
6148
11725
2368
7279
144
5980
6775
4670
3097
10094
4352
3788
1943
2288
10562
3904
3753
11596
990
1986
4706
7349
4217
2447
10795
6132
9007
6370
830
8858
1039
3791
8468
12473
2693
6619
7756
10714
9062
7801
130
8392
1804
12790
12158
2147
11571
3682
5637
8114
5110
8206
8544
4224
5641
5280
10719
10001
7672
3460
6984
11432
9603
9710
484
6893
5372
10323
9520
6158
2806
4979
10707
726
5467
7069
12767
8028
287
4330
10577
8479
2826
7800
10549
9361
2734
12860
4611
1005
6273
5623
3909
2230
10480
2675
3340
6376
8317
4961
6190
2005
7614
116
5214
11220
7757
9620
1102
5805
5294
5983
4449
9692
9537
6740
9996
9481
6182
242
9769
1966
3007
5401
3859
9894
362
4845
5011
9144
8169
9475
3115
6061
3473
2087
3538
8957
7577
6887
9523
1927
9831
12736
3504
880
8218
8226
7618
11117
6248
2636
7457
12419
4075
3556
1371
6457
7609
9732
8742
11087
1029
7959
4067
5411
1845
12080
7026
12195
5590
258
8659
9081
11560
12979
156
8462
3646
7441
3182
10606
8873
3806
10064
5447
5247
2764
310
4537
4761
4738
1704
5195
10522
2939
1148
7954
320
1017
7283
2665
3535
10534
8378
12383
1889
6844
11016
10603
289
9301
4934
11172
69
7310
84
1930
1886
4998
5954
7369
1492
12555
3683
4295
12532
8821
10084
9013
12539
11772
3199
2527
12638
7699
3261
8916
5843
4803
6816
254
10142
5787
4399
4739
327
10514
147
4575
6520
2039
784
6149
5029
3211
1086
1028
3502
9786
9257
11107
9563
3811
4366
3757
3797
11163
5822
10870
2450
11699
692
5532
9304
7094
5298
5367
1694
10395
6053
230
3590
12475
4859
11334
3828
2455
5675
6851
12875
6768
6679
3490
5336
12867
12738
4662
5857
6780
8578
12144
2411
11883
12413
9565
4036
2920
3031
9220
10023
5987
9071
3016
3742
1435
3088
4010
3173
424
4905
7993
1765
3451
9490
4795
2086
5318
3920
1255
2815
6129
12320
1752
9676
7804
4534
8707
6909
11769
11696
11801
7961
3839
8243
11362
5250
5992
5392
347
9984
10588
3949
12621
5176
564
3622
7936
334
3001
11411
5342
8345
9346
1636
9025
11597
9137
11657
9488
1112
12224
8929
8833
9359
3246
9270
5994
4798
5121
3226
832
6829
12671
2162
5145
139
1077
6488
8943
10253
9099
4421
11259
10362
11302
4080
10779
2831
3369
266
2067
2358
18
10591
9743
10586
8471
5938
6489
2942
7311
4514
8743
8774
12799
5677
10828
410
5793
5655
10278
5290
5147
3836
4321
12948
9147
7275
11749
6054
12071
5148
9484
100
4389
11262
1232
5952
10100
11555
8960
9487
10872
7180
4891
7249
9297
8283
3298
5424
2837
7716
12754
9684
1403
2610
11316
9135
5069
2393
3442
4304
5386
5512
4126
6388
7244
3006
5285
2850
11337
219
4931
1223
7815
9088
1046
1471
3360
12603
649
5304
4544
3508
4109
9673
4849
12106
5640
9303
10270
7771
3641
7112
5023
1405
1486
2099
4646
2239
7978
1911
12950
8839
4819
2319
11049
7257
192
138
5517
7742
6112
6997
11100
6377
7364
12957
1458
7911
10949
7585
12005
3043
104
372
9188
11
5302
7256
5284
5189
6743
382
2944
7555
9208
7314
2176
1088
6235
10037
8034
6732
8678
11331
5104
10979
3652
8608
10631
6151
10386
6839
10356
7861
12927
345
1747
11643
4988
9885
8691
3185
9990
11631
9204
4453
5359
9715
8796
2585
12031
5079
5315
7346
1544
7363
11095
10083
5485
7964
7917
1722
7883
9893
9457
7478
9287
8541
1517
3644
1082
9614
3405
117
9697
11807
505
9182
8247
6716
9713
5888
8040
1820
4468
1267
1036
7676
9324
7709
3103
8647
273
10766
3491
10517
8875
4432
807
3229
3272
2459
542
12704
11212
5251
5361
4390
12223
11854
9901
6541
3501
2805
1681
12506
3519
12388
10894
10076
5177
12556
949
2700
8279
5259
7998
5053
4179
2167
5272
2514
4689
12578
12002
9884
12698
6422
4533
1442
9256
6245
21
538
1318
8549
1262
369
2599
12390
10004
12174
4433
10636
5510
5925
4976
616
12250
6589
9616
12032
11181
12942
3385
7223
7600
10569
8532
12004
105
4225
4221
3787
6087
4011
10843
5795
12147
4159
2972
641
4291
1814
3687
7524
12099
2110
9764
11609
12408
2175
1634
6495
188
6098
7173
1373
7813
12743
7728
76
4590
10980
4077
842
11394
3387
5140
7184
500
10917
12353
11474
12471
1095
6432
5780
2982
2352
10692
12670
11906
2049
1338
198
1588
12819
8655
10713
7798
3902
1901
4106
11705
7224
6042
4808
8667
9406
6651
1406
11762
6508
8176
5845
6162
489
3321
5636
6197
8069
6411
8001
1715
7919
9582
9425
234
7635
8645
7970
10197
6955
11239
11816
3072
9197
2508
4729
10314
12058
11939
11811
12952
7941
8263
1394
5906
2486
9914
8399
5295
4034
416
11978
12880
10446
759
4306
5646
2506
10535
9387
2647
3596
4782
4094
12925
6261
8517
236
1407
3408
1863
11582
3796
7817
4616
2204
2971
10626
12844
2041
2715
694
7042
3343
353
5506
12935
8738
8660
10805
11889
7867
256
9931
2560
4308
12845
247
7262
12496
1968
9874
6038
11178
6034
9156
1331
11576
10868
3987
5057
8765
10387
8222
736
3976
9016
12342
11190
6570
3696
8164
9707
10908
7762
4137
6689
6958
5267
5052
3782
10405
7891
7450
8265
5672
8330
4416
5489
12245
5013
2314
5696
8664
8156
8248
992
964
10906
2409
3872
2224
8747
6644
5442
361
2710
10167
2801
7713
1662
9364
4786
2895
7643
1175
1233
4595
11523
6110
5563
6583
12828
6696
12423
7606
8950
6966
3835
6429
9883
4937
11651
12590
4879
8419
957
7149
11133
11448
3892
6951
305
190
3393
10044
10170
10261
6025
6944
3889
12281
9251
9866
10159
2523
8144
1639
7996
2103
3971
3150
6575
804
1150
2277
12926
7017
7509
11880
7806
7321
3151
8744
3370
10838
833
4499
2372
1838
688
5032
11232
5850
2126
840
3903
5911
8026
8465
7510
638
11195
66
12442
11974
8223
5613
12164
2181
7266
3144
10319
9390
9921
2550
11007
9507
7011
317
12176
4313
10409
7454
1516
10223
6464
2956
12049
5619
3773
5982
31
4636
11112
5418
1757
9923
9295
5515
9311
8890
5575
1034
1569
1018
2422
4314
9000
11030
68
1819
3050
3038
4089
1735
12521
11175
5757
5594
3515
5562
7429
9961
5509
7497
1971
5642
2556
3285
902
4050
10162
11176
8453
3067
10393
3945
10711
3227
12776
7186
12680
4875
9014
841
1130
9586
1530
9571
12345
4033
10817
11372
933
12128
1127
9699
5209
709
823
8179
1771
2369
8129
4185
7008
6896
4732
987
712
9908
11757
1996
7733
10962
422
1571
12554
7236
8133
4776
11802
859
10981
11647
11189
4865
1679
7116
2467
9196
9022
5381
10062
8304
1623
5855
2716
2557
9
8687
8299
8605
9082
2035
11153
9440
12662
4191
4647
12851
9496
4735
308
3380
653
9491
6551
11679
11891
6925
4344
5374
2872
11205
1868
1044
8326
3891
12456
1576
5998
7078
751
11953
7758
6146
5204
7615
922
543
860
1021
8417
8447
10336
159
5800
4286
8050
9545
7495
534
2298
11724
1883
8845
9354
2453
9367
8385
548
9044
4838
6035
3789
2638
6875
2413
6050
6832
623
8036
11236
7501
5705
6378
1782
10542
5791
3925
10344
6187
12084
319
10285
7447
1695
1660
8514
6559
10596
11128
4134
2172
10939
3726
5144
443
3289
142
6709
6998
1303
246
5278
8968
4177
2217
4448
6199
12580
1463
6712
2619
10041
2000
1731
6555
12268
10152
11950
532
1003
9935
390
7578
6913
1984
11294
2252
4240
9864
9262
3314
3581
2504
11781
1090
12798
12932
6747
856
969
6980
7170
10754
11378
6447
827
2796
4991
4367
413
12286
5118
149
7665
11196
12040
4015
4592
10629
5094
1860
1062
10780
3266
10160
8241
9320
11773
9398
12172
6090
8709
4778
11542
12035
470
11539
4578
1928
749
8246
2399
439
10893
2077
9108
2542
2827
3658
2272
1176
4305
976
12433
1724
9765
4789
7355
4671
6728
10576
1299
214
9779
1142
10644
5990
316
5610
5397
3459
1885
9891
11847
1746
1053
11941
1854
8705
11272
11686
4229
11946
8688
7687
2916
10375
12446
10852
7939
3341
6033
8971
10669
10075
4788
7630
7121
5370
2640
12055
5344
3146
73
9411
10183
3250
4717
2389
9426
1532
6828
3994
3592
169
3553
12785
11147
1482
787
528
1875
6833
11065
2281
4847
12325
9579
10657
12022
738
1478
9446
261
2894
10388
3715
237
11995
8255
11298
5761
2912
9157
4700
4439
11813
5329
4347
90
252
4063
11439
7420
9226
5973
12065
11903
12804
9633
1326
1197
12644
12256
12165
135
7494
408
1644
7802
11044
11754
6180
8711
3977
3780
1094
9816
5731
5501
1360
1010
12231
9971
1632
10854
4143
8394
10691
5819
11676
6424
4169
11730
3010
7568
11517
9542
5393
2425
9854
3595
395
1019
5920
12306
9834
12482
5704
10130
8432
449
12787
5087
6105
8981
4695
11034
1979
2673
3829
11083
12911
3548
679
9867
11694
4921
5684
438
8379
5446
7103
101
1797
10857
3817
681
8411
2132
9944
9922
9060
6505
7357
12271
12970
2838
8518
11256
11441
10863
9803
10010
9608
9077
9216
10483
6010
3366
4962
5981
7617
3900
7430
12047
276
8639
5628
7194
6771
8975
5917
8189
8029
132
7720
8250
6493
985
6007
1682
7098
10029
10880
2332
6612
10529
2917
9477
3414
322
2485
7890
11741
565
12280
9835
10945
12512
7909
4887
837
2050
11312
3142
9840
6729
6380
6948
1210
11650
2946
151
155
8401
6442
5507
7821
9991
8006
8347
3599
740
7309
10351
7455
8840
12992
11119
12626
10604
12855
1129
7975
3109
4460
12246
10543
7313
10773
6203
12410
3239
7405
934
12234
437
9429
426
12220
2680
3727
3804
10686
1505
7132
294
2290
1733
4800
6060
8650
5852
12515
11134
1921
10277
11046
5558
6440
2370
12293
12193
5946
6576
3869
2687
9536
11246
5256
4049
3108
8702
248
1835
5551
12520
11023
1941
892
6195
9064
7921
943
4744
4140
6866
12714
8031
3475
5752
329
729
6646
10324
6554
5036
189
9937
12821
3478
9862
7782
8897
10558
7251
9200
4936
8938
12359
9584
6343
8799
5868
10425
1977
10749
475
932
12417
457
6549
2992
6321
10958
6225
1358
2428
4775
8267
12562
2960
6448
8112
10789
129
496
10080
8342
12891
5540
2754
94
10433
4995
5536
3745
10443
12267
11488
8516
10456
5208
4794
4326
1944
3586
5875
6842
3756
5762
1590
9508
3751
1138
5313
1976
8527
1914
7158
7565
6721
7219
5182
5818
11674
12686
4252
6618
11611
7677
7195
124
10072
6161
12466
966
1656
10595
2930
4741
5008
14
6859
7354
10189
5668
446
9405
8953
10573
10677
1271
10236
8931
10016
3968
2887
10381
8542
3707
11658
5577
10032
1993
9109
6727
782
6928
11768
4862
6537
6950
11960
12865
7367
359
6543
9161
7541
2085
7755
4755
9417
9679
4686
3292
7328
8277
8018
2066
5248
43
485
9817
8473
5357
4232
8725
4467
5249
12444
5839
1346
12861
12324
11654
10990
8536
9634
12958
10273
1633
2165
12810
7161
12816
5711
8083
12697
2124
4222
3969
1268
9020
3082
8186
9323
191
8191
12508
3203
5028
9783
12809
10432
4617
11859
10944
11563
5156
9471
4355
1377
10812
5950
5664
853
12107
12504
373
6788
4999
9245
2561
4846
5215
1156
218
167
3125
2980
12559
9453
4784
6902
7539
7291
720
2284
11433
6353
3952
6059
3420
2886
10074
5919
6316
8456
2981
1429
4261
11550
2070
1234
7976
6224
7981
8763
1915
12487
9349
3823
1867
3493
12748
3545
12774
6317
7840
8771
10416
6417
5596
9589
962
8107
12848
6986
9749
704
3494
220
2062
3004
4707
12171
7696
9092
998
7245
7065
7545
1932
6433
9258
9681
11780
5659
1998
6478
12689
11792
9555
10976
3974
1143
4495
4924
3403
8217
5314
6894
801
11233
1852
10627
4386
7263
7681
4580
872
5693
7032
12347
3488
4485
2855
1381
5321
10886
8893
11911
7443
312
10329
9674
6268
2845
2500
743
10226
10437
4535
3402
3792
11444
12230
350
11642
3325
8531
2379
5074
6383
9675
9682
589
9162
3069
7330
2127
8115
8635
5683
7009
10503
11547
9124
2384
9557
12995
2342
2027
1520
7258
2244
8367
12428
10687
7104
5255
4722
2712
10108
6093
11278
5413
11463
2626
9939
4198
9185
11000
5624
10171
4951
7729
8078
6413
10055
2034
10856
1456
4107
9956
788
6550
6355
6975
8757
11223
2367
8477
3096
9232
8617
12894
11282
6654
6023
5735
5601
6704
9649
10156
894
4852
9104
10967
4456
12842
8853
6485
2765
10361
4545
4604
4139
7093
1395
1836
9518
3701
10343
2830
5135
900
4277
5828
6021
2885
5729
7302
10235
2387
3428
8695
3178
7862
431
2464
4697
4356
6853
4577
918
321
12722
12429
10346
11436
6961
4373
7005
7984
3308
10688
1387
235
6746
12811
5638
8296
5340
10014
11534
3025
11743
6777
122
11593
7809
2884
7467
11516
11900
5472
7247
12192
10602
11481
2012
7466
2454
3513
4035
8220
8602
11955
10767
5561
11672
1653
11621
278
4642
2238
11237
4685
6876
2821
2699
3928
5433
1924
3197
6672
12628
4073
9590
1125
3942
9399
7783
11538
1161
8883
3740
5900
11464
748
3305
10654
1113
3221
7062
3481
419
5807
2623
9412
2650
311
1701
12643
6029
11057
7458
4382
11881
9385
3844
10201
1475
3722
12963
2955
722
9756
9800
11004
3008
9139
893
2649
10
4268
4204
8991
2051
2948
5022
10020
5037
2063
8970
7922
6056
12771
12468
5089
3075
7050
6326
5404
7663
10299
783
1013
5599
46
9853
640
3748
12243
12909
351
10804
883
4208
4855
9876
9973
216
3077
6205
5283
5012
9624
12069
2540
3589
11882
5600
2634
5808
7475
2322
10831
7002
11502
6017
4526
5122
8065
441
12455
3159
7077
6735
9698
10286
4841
2161
4409
2394
11327
9750
97
536
8827
10359
420
3033
5019
12316
10650
11774
1460
27
1525
4309
9514
9116
8924
5648
5985
11094
6640
2015
9449
5976
1743
4102
2666
4298
9469
10745
2988
2011
9790
1186
9111
3492
9628
10035
8081
6122
12343
11856
8693
8552
2546
2395
12436
10288
4363
3412
5175
7520
5456
8188
5539
6338
2359
1344
204
1550
11592
3410
1151
2173
11712
8138
4358
2371
6407
7255
3890
5477
9337
2676
3427
1244
5238
7197
7301
9194
4871
3752
11948
314
2683
7946
8153
455
6164
4629
970
4488
8087
9321
6361
11742
1016
1923
11036
2918
10735
6078
1171
12197
6838
1423
5470
3152
7449
8145
6047
2669
12377
1922
445
12839
2469
9719
5287
697
8870
10566
6586
4020
7655
4450
1618
7053
6055
3760
9230
10849
10118
12203
6000
2325
10772
7061
10528
11540
2088
8371
11376
8466
4438
1982
12772
1856
6638
5453
1298
8508
12156
12127
3374
10810
5851
6539
6189
8215
13004
2048
11570
318
8539
10248
11242
3934
11476
9317
5756
1472
429
7402
8940
11981
4870
6206
6204
9911
9028
4312
7143
2100
5772
11525
11102
11104
6134
3672
9284
8787
4813
6450
3563
2696
4816
5726
154
871
656
11702
8003
4832
4215
8158
12509
5826
4581
10452
3628
12453
9224
5621
7808
11916
10090
4901
8467
9050
12687
1000
9658
7744
12187
11228
9150
3359
4814
12881
7754
5635
8603
1962
7648
10992
10302
7653
8677
8735
4387
809
10137
6002
5653
920
10977
3957
6342
1584
452
6108
8887
6491
12895
12438
7537
1785
1134
10399
12435
3524
1811
610
7377
6168
1663
6137
8567
9739
5961
10842
11344
1990
35
2403
2306
10301
10281
11367
10881
6782
1720
1719
12346
11717
6890
9328
3663
11311
5809
8030
103
3989
4884
6330
7269
5574
1612
4069
9872
11838
7916
3591
6279
8820
10862
6276
11685
2044
3686
11857
3258
4065
7540
9441
1040
12122
4026
2776
9553
9165
866
11612
7536
10022
3011
2720
6956
12285
2614
64
5439
2991
11451
6546
8862
5921
4650
7000
11784
11493
2078
1201
2280
2418
1859
4613
12745
8555
5932
6815
6773
10464
2028
4342
3477
3660
9402
8264
4606
7105
1084
12150
6251
12432
10933
3047
10468
7382
11968
11165
9273
1607
12414
11330
8901
7529
328
5086
3081
5602
1266
4579
3290
9066
9199
3337
6561
4716
5454
4935
12616
1166
746
6366
4123
545
9395
2169
10601
5296
11217
1844
701
9972
10200
11565
9982
9686
913
1931
8143
6102
12026
5665
7972
739
490
5117
3877
1437
7399
12613
5223
12694
9063
7682
5301
4750
11341
5782
7870
10134
8495
7717
1687
5527
7297
560
7863
5349
2046
3392
1409
7208
3256
10803
6130
7216
3873
5330
5885
2001
4376
7952
6793
9266
6594
3500
7479
3645
2784
12560
8595
2786
4559
11759
9131
1345
6309
1975
4110
5341
8535
7165
8540
8441
1354
400
1552
5567
5234
12656
975
1775
3049
12371
2745
9976
12872
8388
1235
7460
5732
9384
7836
2351
646
1012
10689
12850
10461
9148
4053
1193
9928
10098
2251
9467
7171
8581
145
2521
6456
3196
6076
12982
5999
12145
4882
4040
8746
10030
12166
4796
11849
4746
9172
5400
3781
6697
6970
1916
8729
8662
2083
6264
1897
12216
5327
2990
4031
7218
3677
9952
10313
9657
767
4192
3181
7552
9902
1698
7702
578
3461
6973
7854
8109
8253
10141
4635
8767
7499
6367
12841
4121
9946
10787
1055
6396
6212
1349
11142
9859
5829
8869
4472
8797
10384
5724
2025
2462
7992
9600
7637
9238
12576
10140
1994
1840
10096
10513
8427
6415
5479
2896
3561
6331
9979
7385
11546
6045
3397
11169
12579
7639
7588
2726
6811
1839
10782
3940
9592
3192
1493
5062
2950
2804
375
1792
11406
4528
12706
10056
1894
11710
8579
4374
10598
2376
7937
8046
5611
5081
10479
4864
5583
8816
9151
3506
5406
9278
6670
2631
11206
11622
7564
5794
3543
2569
12088
2386
7983
5813
11985
11393
3342
9466
10441
8123
11350
8364
8982
4509
8652
9703
12274
1032
4763
33
5445
5385
8803
11518
8313
11357
12362
6196
7923
2312
1628
6401
835
12773
557
6982
12640
6209
10923
2661
7342
3881
1
3435
3354
4696
9987
8663
7942
1393
3021
10932
10043
12194
6340
8328
213
4797
2468
4980
12749
2545
5328
7370
603
2602
730
8343
5564
11726
7043
6749
4379
5486
6536
2707
9448
10554
9572
10761
10768
10559
12028
7004
11358
12179
3606
2340
5356
9559
12155
10751
4149
11617
8
12081
11844
5333
8994
5093
2574
5856
224
1314
6247
4178
9513
1283
6244
3921
6311
10327
5569
1580
6629
11697
2328
9327
4
1081
6985
1026
11600
8811
5692
5422
7333
9312
3737
3669
7206
2220
5870
10474
9708
1826
6265
7525
12023
1452
2737
2825
10176
6296
2407
1054
9541
10571
834
11389
6399
8905
10420
9945
12906
12497
11530
11869
8534
12929
6259
8011
4714
11595
4212
1453
2770
11832
1432
9754
5763
5585
9560
5419
11682
11280
11926
5431
5307
12877
1873
12159
9451
630
1274
1270
495
4331
5953
1547
12149
12553
6544
8682
2112
530
3131
1408
8306
9645
8148
10482
9189
383
10045
11192
6584
11927
8409
2138
10015
5213
3875
1570
8159
10310
6959
8748
1794
8285
867
9983
7745
12355
3518
11291
9711
2441
5629
12907
3744
3157
1239
6281
1935
2381
3127
7360
10487
120
7155
10708
2759
11333
1533
5644
8716
5890
12247
2518
8038
11418
6739
9863
1067
8525
8590
1380
1646
10900
10000
11423
5428
879
3770
3260
3087
10181
6557
5106
1006
6977
11120
7125
6910
8434
5697
12500
9566
11346
5178
11281
89
4130
7575
851
5792
6169
5759
421
2511
6580
817
12173
3837
2977
9408
7294
12242
2475
6738
5170
10403
11494
4104
7345
8007
2072
6221
7113
10061
8366
10565
1938
5783
6846
1221
8597
9654
201
5432
12401
10940
4396
11382
7559
9958
9381
11033
4876
11020
6176
12143
11063
10926
7187
6339
869
5452
7860
10504
12363
6971
9239
9625
5765
11053
11383
8275
7235
4028
12605
4713
5378
5483
9206
3195
10665
5412
9056
8920
12392
3531
4380
7874
12352
1876
891
11848
7902
8227
87
1091
3407
1680
1136
8876
9310
11736
5963
8482
3468
10093
10617
2476
187
8363
1448
4116
11721
8882
5377
4645
1468
5105
10050
12384
10274
5124
423
2529
711
4194
10877
2679
1955
4018
11413
2622
8877
12693
10892
10800
8426
8412
161
1557
4128
12086
6736
2555
12109
11670
2606
8930
8576
1812
12812
1122
11055
12110
5832
8312
9289
150
6240
3585
2757
472
4253
6942
381
4928
8668
9995
3267
3771
12317
8986
3694
8878
12586
10293
469
8116
9497
7150
791
4017
10652
12120
6277
10991
11635
2082
208
10581
6976
1231
9823
3758
5887
6217
1509
2583
10019
1252
9103
6460
7372
3191
2195
272
5804
11336
1638
5811
8979
9015
5218
428
2002
5508
3018
3718
12940
11029
2348
6826
233
7305
3933
4768
3799
4346
868
9068
11453
8954
6794
474
1629
5779
1402
1830
11935
2584
10348
1850
12989
2820
4255
11138
12074
7488
5355
11450
6827
9279
1195
6824
5402
286
459
3062
1906
5864
8408
7348
2596
9450
12750
10471
6373
7136
12102
8928
1111
9118
4030
12717
3045
9621
8792
9745
2519
8681
3643
10350
11113
57
2338
12997
2414
9419
680
2856
6226
1002
10304
8885
11791
3708
5747
11319
11197
6408
9829
5971
5678
8654
3381
10151
10366
1893
4566
1907
3432
5237
12449
1904
1333
2382
11187
11858
795
6707
11983
12014
5915
10247
4056
6987
194
12972
2799
12505
10563
10993
11626
3520
5605
4359
8809
10924
432
4237
409
5466
9476
10501
11042
3454
2353
10374
1120
7791
12990
2940
11370
3327
4047
4844
3978
4668
12218
629
3117
6191
4452
5899
7506
5714
9456
11388
7697
1202
4967
11531
2906
9777
4166
4464
8061
7914
1439
2725
9055
6336
4281
2184
1291
5180
8790
6802
250
2973
935
11407
10533
1513
4138
6937
5588
1069
3785
3963
4923
5129
4912
2456
1622
1375
503
11270
11241
5625
5812
8770
6808
6954
7271
3202
8429
2816
12897
4283
11760
2597
8780
7505
9544
786
1717
9325
3874
11603
1664
3421
11653
11243
1800
3121
9690
9153
8370
6170
10018
8942
2598
9801
8519
12648
2814
7853
6001
8706
502
4619
11137
6708
5771
691
6813
8391
7956
9313
3063
3023
2703
7622
8963
488
11473
761
2481
10516
4025
4527
11977
10129
9462
9723
5155
4987
4294
8372
9292
9485
12239
10365
11737
340
6074
4866
857
5926
6175
9213
1705
5728
10925
12541
1686
2357
12669
2221
11973
3657
9237
6818
7760
6289
8847
1554
11913
3848
10333
5905
2293
8200
367
5473
12581
1574
8354
8674
7365
3274
6430
8460
6095
6358
5474
12168
6798
4384
3430
863
9988
10960
12361
10667
7671
4156
6609
1890
8715
8505
2541
1970
10899
6779
8117
2898
10234
12834
10238
828
822
8216
8387
3540
6573
8382
1712
12025
5252
12873
6313
3571
7006
12225
11332
4570
1601
85
2141
937
8690
12291
6049
5988
11218
1696
6075
12219
10858
2625
3923
9546
10428
881
1958
4929
12568
7384
7684
1401
8600
3413
4061
6272
1599
11089
2854
2211
1325
3841
1795
7667
7876
1713
10574
9653
12900
11998
6772
7910
2618
215
12604
1767
6473
989
8106
8093
3000
10453
2207
11818
9489
11715
6627
11803
12208
8287
3425
12901
9231
2345
11271
4402
593
624
8831
10519
5896
2882
4172
3129
4702
4508
11610
4563
9158
874
5767
2237
10619
243
12027
3812
4663
5211
11753
3390
6585
8622
6523
728
5303
5331
6754
4403
3992
3462
1249
9898
12270
7604
2122
2851
6597
1988
4500
10269
6386
9573
3105
9718
7051
3814
7722
1479
7442
5643
4474
6003
3406
4835
1714
5703
1258
7356
9808
8614
2427
1891
11599
10682
11069
2109
11254
5526
2798
7260
9968
7627
7339
3636
11996
762
8055
1950
781
836
2721
2668
5841
7404
7767
2735
11299
12130
579
4481
7850
10741
2502
11663
12426
10717
3174
4565
988
7807
1999
8710
9076
12493
774
512
12265
4584
2140
1426
8195
10067
11368
3762
4740
805
6211
2865
8442
10802
7299
9798
5974
13007
1949
8572
8846
2879
12226
554
11766
10040
399
11921
1640
11264
11093
3809
6664
8488
8672
