6804
356
2817
2432
12057
6237
8021
1026
544
7935
10759
8043
12089
3024
10419
7509
2427
11402
1178
6627
4966
303
3628
3027
7420
2884
2391
4324
11110
6454
5825
6459
12842
12159
1238
6103
11655
481
1472
4467
359
7302
5715
10319
7458
12959
7721
1913
11751
8241
6290
2977
9249
7685
569
1391
10076
5546
5774
5492
11832
1440
10907
795
6
2398
2747
12593
6006
1205
5263
12119
11426
8902
9539
177
10002
5253
6179
1369
11262
10621
6390
7762
11410
8908
12824
12323
5612
9906
8648
7425
2128
6254
8113
3391
10207
3620
10385
6598
7295
814
7236
9406
7864
4946
11997
5396
4337
4679
7534
7936
452
10959
10185
12430
2052
3223
2622
6866
308
5594
148
1007
831
10701
3282
2845
1986
12155
6041
12670
12210
6452
2611
5245
8749
4657
2433
8763
9834
3009
7773
2733
6369
3543
11428
12823
8520
12167
2738
8410
6684
2222
2133
9110
564
10967
487
8102
6812
8673
203
6148
1354
7342
12535
10691
9836
5719
3828
4301
605
639
12506
5752
3112
3651
11638
6069
3051
6460
1285
9516
4765
4711
2197
1699
9613
11159
6578
11514
3362
4365
4366
8407
9496
12637
6157
6694
7181
1857
7637
10670
10178
5691
3061
4967
12176
10868
3386
5146
9299
983
5743
8492
9289
7103
9300
11072
8574
3657
995
7266
12095
10775
6846
4042
6138
4400
1616
9184
8793
6703
8120
3268
2407
5589
10135
2380
732
402
7146
4043
686
3804
8132
2914
7096
2605
202
4993
6825
8373
6417
8301
4248
10762
10547
10832
8862
1795
108
5929
3674
4733
12762
2636
11179
705
11024
3234
1651
9515
4752
6904
6359
1246
5782
9745
4560
8332
8409
700
2603
9502
9832
11386
7561
9827
10228
1747
6938
8390
12046
12932
7871
11029
10771
2843
6928
7694
11370
6234
7472
2944
6563
3007
2157
6840
4714
2426
4305
730
1834
6302
12271
12212
1242
5723
5205
12148
2910
2436
11267
337
848
3846
6814
6177
540
8844
5405
11732
6247
4407
5204
8697
11838
5534
6236
5592
1116
9548
12863
31
5543
1053
11208
2193
12024
1561
3233
11353
7377
5873
12311
4259
11128
12353
4333
9368
6615
12956
6625
8641
1432
7695
9933
2635
10307
12364
1024
12145
12354
1084
4814
8754
9643
4563
2152
3365
5970
8172
7557
8028
4974
3687
9683
3459
895
3847
11582
8685
4904
8249
10014
6742
11580
2104
10947
10056
7980
2531
8735
11059
6609
925
4125
7479
1889
8148
8428
9501
10021
9354
9939
4437
2119
11776
7075
106
588
6188
3371
10093
8284
12204
3985
10180
4562
9402
8989
5874
8871
12858
11901
11916
12396
7397
2898
9463
9842
8978
8267
2872
3773
9588
68
12386
7019
3789
2015
11992
2216
6252
79
3793
4178
6242
9246
7673
7560
4352
8823
9841
6310
8857
12990
10881
8151
7706
8057
9986
9052
11335
8611
5095
5673
1696
6500
6863
5522
7741
10652
11212
557
656
6346
21
346
9576
6602
12334
7296
5114
12813
10323
8193
1520
617
8359
7231
10231
11843
6184
9921
11399
6074
9028
6620
6423
5552
6522
3056
334
3166
3200
11925
4029
11604
4813
5850
3772
11878
5317
857
11342
6255
6637
3530
10731
1325
11990
5185
8663
7750
10162
665
8306
7827
5069
3226
4314
5913
2755
1661
10818
424
10322
8157
2803
5724
8826
9864
4297
11981
6614
5508
8293
11747
1256
5583
3617
9543
12587
6939
3915
1372
9983
7897
3871
4575
3052
10598
7508
4261
12930
5598
11779
11023
11173
11909
10338
12594
4918
8143
12657
3771
3229
3831
6741
4479
3498
11265
4040
11032
1709
7510
12759
10421
4315
12663
8553
682
7226
12441
2003
7204
2941
6376
10389
8647
1579
1940
10320
3741
5280
7977
2429
9523
3827
12601
8893
56
1132
11403
2230
5849
2528
5274
4384
3458
4986
8074
7533
5369
5938
6990
3862
744
7744
12847
3160
785
2138
11471
9035
32
2364
8089
5690
11384
3745
11073
12006
2292
4645
12816
7771
12892
12157
7426
5914
10841
6434
9755
7967
3926
6440
10960
8166
1175
6010
4656
2601
6219
12410
1454
10150
2318
1435
7129
12773
2165
4016
12973
4715
10232
8247
4035
6370
8272
4755
9757
3616
2175
7955
8005
7309
633
5686
2973
12264
11118
2882
12804
4302
5595
7023
7989
10268
791
4163
10460
3288
747
6372
9328
9993
5184
6568
1297
9801
11317
6738
5381
12253
6780
8097
4200
9897
11897
1954
11737
3621
12933
3350
12243
9655
7930
2626
2231
8460
8922
6624
8777
12651
2789
6260
7535
7602
3257
2612
12822
3289
2687
6610
11770
6461
7319
11392
3973
6433
2688
9528
8991
2480
6723
11264
8374
12484
2600
3092
5201
10500
12628
2141
2362
4159
5502
5999
3344
5445
5647
1195
4838
11551
6301
12851
7846
1154
7825
3677
9360
12520
4604
4524
3899
7539
2130
6285
5510
4530
9407
3999
10896
127
1094
12122
1675
38
7906
12658
5537
1404
2198
5590
6080
4152
7661
12175
6505
3275
3762
4299
2039
12241
11449
2926
2192
6182
9766
1522
77
6330
9596
472
2315
1160
2235
5233
11731
5239
12798
6340
6477
585
2438
980
7182
948
10897
10280
10571
2166
7162
9390
3060
8060
5755
7915
6322
4041
4944
6619
10726
2160
11753
4554
2053
7874
4764
3143
4802
3859
6708
11713
3931
2013
3249
489
4948
1952
4822
3924
9431
8042
8887
9690
4779
8242
11539
2728
706
8379
7418
903
12634
6651
845
10458
1613
12910
11704
10226
10148
4156
7132
10684
5022
6382
8303
1284
167
2430
9088
12565
1649
7751
357
12098
2014
5657
3638
9101
7446
5438
2628
5666
6725
8566
9992
7294
5450
9753
6106
5604
9190
9234
689
12867
7821
329
3306
9840
5939
8865
9691
3607
3045
12580
144
5104
3408
67
11519
8197
8307
10334
4827
11499
5230
573
5366
1942
2467
8658
11791
11014
737
11263
8620
6530
7120
6238
619
2275
12674
6693
1106
7441
7542
1312
8692
4636
12676
7641
7415
9031
11385
9127
11823
5909
523
7330
7838
15
12577
9775
8387
10253
10481
10090
3527
9353
2604
5560
5497
309
9601
11985
5896
11021
5035
565
1960
7544
4581
2833
12202
4466
9837
12344
3801
7115
6823
1201
12926
9665
5648
5656
9808
1442
7580
8467
4842
11433
477
86
11229
12209
3315
4062
7640
1286
9838
7985
7848
7866
4725
9989
9411
5823
2321
12026
6984
12852
4661
2350
9750
9002
9089
10870
6206
9301
24
5421
12356
9334
2784
5348
10938
12127
8752
5478
6228
9858
3855
216
11570
11320
1143
10252
5443
3631
11597
11438
7203
10359
6114
9471
7246
10658
8088
1293
6575
11904
7879
11846
2798
8179
11647
6724
8839
6256
10259
4169
6026
9744
2990
9203
7070
12735
10121
3349
729
10604
11429
1127
11967
8703
9651
9574
6196
9612
10927
9871
655
9192
7020
5965
5524
397
2579
10237
7893
7517
8149
5128
4174
4840
9285
10504
4655
9563
12666
8437
9818
6912
9252
5194
6969
3942
7907
9915
10326
1726
8565
12142
11744
6282
5838
26
7399
6760
9856
193
11224
7665
11530
9173
9979
6943
11912
8252
4985
10696
1081
8804
12307
7354
4999
4568
12301
11465
3955
5993
4964
4199
4401
5895
1562
10550
1439
12684
10837
11017
602
6031
4480
2965
4218
9901
7622
6217
5038
8356
12215
9927
8417
4189
10214
6527
4547
3997
788
11558
5665
2153
9642
11958
11951
11056
9669
12918
7119
748
6084
5036
4362
2763
4520
902
3863
71
7107
2044
7247
74
3927
12591
9862
6153
12106
3364
12642
2440
9746
3766
11339
2182
6948
8665
12426
4191
586
2116
5675
6663
7818
5616
7908
8427
10779
5495
12158
11695
3341
12727
391
8292
1634
8595
7735
2950
12361
3376
11923
9969
8748
12705
2448
4721
5462
11442
6605
138
12207
12578
2441
5406
8846
11662
12408
6230
6666
9116
3719
4264
2970
11045
8361
12332
6436
10667
7725
9432
10534
9765
5006
1630
4213
11855
10161
3115
7311
8515
1230
2298
7201
252
12945
9761
10379
3883
552
10061
3659
4229
10062
10651
5190
7478
9179
49
3381
2121
4448
4798
7331
5046
11027
1905
1324
1422
2220
2349
10144
313
8212
2753
1213
8111
2194
9695
11644
10289
3733
12512
10010
12994
6161
12184
6641
5216
7461
11976
12362
9685
11091
1011
1721
12387
1102
6448
5267
5810
9633
511
7197
12181
11767
2881
10618
4066
7668
12031
2410
11706
6374
8942
9041
4677
11067
5467
5136
10198
10563
411
6688
12172
415
2708
4956
2382
4790
8422
11358
10060
2834
7620
12857
3383
1615
12189
8964
10900
8262
12681
1371
3906
2675
8195
9275
8585
4692
7188
9880
5762
396
8214
1856
7010
6499
11849
12302
5303
11516
1331
877
3956
3053
9677
3558
2423
6835
3194
8568
302
10953
8273
5603
11538
4070
12219
1670
10828
11082
7043
6158
8969
2074
2268
8296
7158
7759
3311
6915
10681
11177
12033
12550
2510
3945
5165
2585
1879
2495
5693
2096
6959
6601
9719
2619
5757
6022
8047
10982
11683
547
3726
11274
5800
12546
10119
11162
378
8063
1039
3879
3323
9269
3970
11307
6185
12503
5447
12603
6711
1181
571
12675
10328
3629
10708
10584
7960
11993
6361
1056
7335
403
5779
5631
3618
5092
5358
8800
11420
4491
9219
4033
10705
10961
7976
421
11000
1614
9604
7198
5830
7691
7232
5055
719
8056
5130
12021
3941
12882
5223
8073
10934
9692
11637
3986
12638
3604
6574
9667
10778
2327
12370
12434
2100
6086
6902
5158
5525
9282
12749
2647
7366
7536
4883
2287
12073
6807
9682
10536
6623
12108
9527
666
2224
8341
11255
8616
11417
2766
7452
8934
6689
39
58
8921
9956
1876
3326
6548
11547
5669
11537
8905
10108
6729
12288
10740
9874
1462
294
210
10305
10565
11572
5801
5827
9237
6020
10956
1216
5535
8605
7578
5789
4247
7531
2312
8916
8297
9160
8314
7343
4973
5910
2779
10138
12180
3474
6773
10533
12495
3243
8845
11456
8459
13005
8661
5994
12260
6718
8714
12166
3126
10349
11813
955
4629
11280
3149
2787
10044
11250
6795
9954
5872
10869
5264
1535
7823
6442
3546
44
7934
4739
12459
12034
3002
2670
9423
10134
2329
3696
7026
9955
6962
8822
171
8832
663
869
5967
9877
12188
12646
11891
2513
1776
3778
7451
6453
2087
9552
7359
10965
6437
8535
4527
7192
5401
6525
4332
11165
3152
692
2006
11288
11837
4607
12231
1149
6335
6721
8985
3779
7101
6828
3457
8485
1272
11562
10766
8482
5150
6586
11921
6801
1606
1808
11785
3209
4972
11803
3601
3739
10314
9213
3736
12191
3088
8642
942
12045
165
4102
981
3119
11938
1765
8094
10895
11914
12252
1401
6221
12336
8539
12654
9443
5588
10624
5922
3472
11060
3884
4267
9395
12124
498
12350
1672
181
6536
9894
11101
3342
12576
2765
12948
2076
2416
11601
9572
2241
12133
10480
5044
6713
12183
4483
3142
5377
6621
4287
3887
1126
3274
7179
10082
11709
10551
2642
12154
5389
12650
12905
12957
959
11460
7892
8376
420
4003
3550
9583
6408
10439
11545
7187
9095
9541
835
7863
10375
3450
8952
1035
9853
8121
6105
3281
6151
23
1245
6223
12854
11106
7008
9270
11348
10918
5943
576
8624
3901
2188
10478
2876
7689
2975
12412
12317
6558
10830
8083
8474
2725
11564
12516
5099
1427
5567
2711
8584
972
9093
3273
4153
12492
7037
2010
3645
5458
3987
1604
2417
7901
9796
5047
7758
7228
10884
858
7143
8731
3284
5969
1479
3319
8782
4533
8331
3324
9952
6191
11812
2663
4279
3462
7944
5441
4712
12567
1754
928
5370
7136
8377
1058
2420
2361
6913
5473
1955
4410
11421
10420
9773
3698
300
3508
10631
3565
4083
2301
10388
310
9378
513
8579
5247
4353
6538
7333
6520
5232
392
9486
11115
601
12381
9508
1719
13004
1096
4349
9721
4945
9614
2958
6111
2478
11692
11088
12214
811
1573
8718
2750
11616
11857
659
6299
12902
259
1566
4794
2058
11015
11062
5172
11926
6090
3866
731
4059
12138
92
828
5023
10017
11435
7591
9458
10871
11863
5852
11414
5169
11698
8336
9815
935
5945
1755
9999
11560
12280
9284
891
6579
9456
12544
429
4096
6176
4026
6480
5684
6312
11395
1556
9298
2505
5620
11527
10301
7438
11498
5518
9885
2217
7815
400
2062
10519
3995
9551
7145
8710
6334
2508
5347
8035
9556
4797
12458
8108
2305
10889
8317
8464
10732
12799
11591
2589
6510
7829
6490
4307
1018
1749
5071
9294
7206
366
8254
4543
1311
5102
6911
5519
9784
10852
5705
3299
12349
5553
12087
6273
7282
2537
5706
1382
8144
10103
9430
5425
12947
10215
11968
12096
7604
10255
12996
10919
3967
9549
11009
5
4104
2012
5696
4902
5511
10489
12864
8917
5866
3277
4376
4637
11398
9833
6509
8290
354
2947
5249
10910
4038
5225
6281
1103
669
4872
2980
6313
7314
4801
10055
8689
11405
1488
5529
1937
7448
6332
852
339
8358
8527
10152
1334
2907
7410
11474
9143
12415
8140
10236
958
8745
6404
11845
12285
11573
7916
2544
1364
9272
6940
1524
2648
8075
6479
6420
6287
12035
11756
5004
8614
5436
9772
4212
3050
9469
4372
7678
7541
7664
2472
4834
798
2774
3990
3489
6513
11086
12002
1456
6717
111
11347
6933
9813
7453
12602
6110
11759
5920
5278
2237
1265
10822
2411
9890
1062
6289
4289
6941
3575
6371
2712
9318
7502
8864
11448
1813
7318
9124
1287
8452
10892
3225
3690
9412
12596
4823
12368
4
1732
5292
9835
6295
7552
10340
2184
3035
916
4052
1665
10507
6261
5361
8092
8577
4884
11963
8251
4603
6304
1842
9762
7287
8651
382
2051
4222
10098
6831
9014
2481
2953
12928
8582
6047
2694
12562
703
1012
6200
2565
1423
5676
10332
3308
7369
9000
8104
9346
5298
2443
6974
2621
8751
5286
11431
12282
5828
2504
4341
11218
3146
2959
3497
4121
5689
10438
11679
8610
1809
8286
9831
11964
10089
414
12682
4223
3258
6087
12522
2559
6714
5805
9405
7412
6018
11721
7045
5557
4481
9461
4701
6981
2545
1534
3626
2155
4317
5288
6476
3920
3624
976
7325
887
7288
2331
7229
7195
9445
5091
5491
562
8659
5831
4194
341
5539
8653
12395
141
5734
7588
7272
2760
927
6936
9480
12790
9204
7385
9689
11596
5802
3026
10649
7814
8031
2306
12849
7469
7606
8054
11956
11355
457
11083
8637
12352
11472
7356
8721
12463
7616
6612
7484
1051
6109
4991
10447
12534
3102
3076
11323
6113
10567
12092
2740
10929
3894
11715
6826
7569
4899
11557
10104
8221
1585
6399
12179
7322
6324
2176
12808
1968
11371
7701
673
1254
9178
9340
11948
9189
10943
2897
2115
7521
11319
462
1557
4148
2314
1261
6919
11276
3685
2030
11211
5173
7216
5306
5633
905
6050
11376
11303
799
9884
894
1678
2111
12662
11895
11858
6403
10958
917
3636
154
2325
1631
1642
11350
7953
1059
3271
3761
117
6543
5625
2609
10205
6083
1476
5858
12706
4358
10254
8640
64
8676
8592
787
6309
2573
7680
10601
9639
1463
8567
1530
12738
1359
10136
293
2434
6896
11905
12230
5439
9726
11783
3900
10923
1030
5075
6243
3322
9444
9846
7894
631
6799
10941
33
10851
10281
5663
7887
212
2
1111
4703
4789
7543
5845
6531
6316
9628
7253
1720
5582
12123
8404
6949
4700
5766
6813
4097
7949
12541
2067
6394
8333
10188
2400
8801
4582
7999
3412
7696
5629
10437
12121
9781
10113
8230
6757
7337
2424
4081
778
7709
10579
3917
5012
678
12004
11685
8559
1600
8268
268
4397
8313
12417
8672
9644
10599
6321
298
668
6146
5548
817
4382
7595
7089
2952
1332
11614
11856
8312
582
8811
6503
12038
1251
8053
6951
10725
577
2140
12393
5183
11344
1362
2144
9632
1008
9455
6766
12978
6193
5367
11672
6573
561
2225
1533
2568
3918
11504
11623
991
1157
5448
224
11991
9196
599
5133
5777
4485
822
1752
11117
3579
1123
1880
7358
9845
4513
4037
3241
9878
5049
5859
3743
11001
12185
5007
2873
10453
11480
746
12340
10756
7249
11490
7746
1901
10964
6921
11005
8046
8315
9658
7995
4934
5470
5009
1065
864
7304
8550
10244
8980
12970
1484
3612
9587
11076
5017
12566
3972
6811
10046
12915
12501
8555
5237
11571
3829
6975
8932
8052
8082
7971
7344
5111
10366
10692
9900
11814
1686
1843
10653
10284
4707
484
6060
5344
2233
4716
4897
4731
4232
10068
12850
1480
3938
4334
264
3603
12785
1504
10713
2484
2781
962
10508
5902
4987
3006
12942
4772
5486
9575
11761
6541
9209
3572
9503
993
11681
65
8548
1608
11052
9829
3147
2667
4304
9005
3153
12599
4330
8753
5107
1424
1048
4542
7504
10906
4867
3536
11788
8181
9938
5489
2818
5643
739
11119
1425
6664
7790
10187
9159
12295
12708
8176
4600
9403
4641
1017
3279
1333
10474
5816
10099
3777
1577
9419
1828
12474
8971
11784
8080
4874
5224
3932
7653
11962
6107
4909
442
5039
2994
9155
12989
8371
9805
5716
5974
6023
6024
2117
9163
4882
1467
12246
6850
292
8709
3298
3661
4351
11946
11375
12199
10886
6318
11660
7455
3729
5821
8229
1623
9995
2983
9489
3718
3164
8712
5893
10859
9085
1737
12704
9231
4346
7260
1831
9863
253
12659
11748
9232
3354
5132
11134
6344
5797
1753
1687
2392
12929
11995
8891
4962
456
10750
10876
12283
3709
6571
4355
9940
11509
830
8766
3067
740
7064
3466
10026
11461
12229
9361
8099
3113
6788
938
5520
12964
5018
7817
7952
9362
7447
8564
9315
9589
6600
2551
9122
7345
8551
10297
8580
9876
9916
11900
1725
1434
10325
4759
3439
11295
4505
12049
5153
9169
2234
11574
11184
8497
3484
1878
1416
9440
9261
12466
11114
4545
886
8378
3222
11423
10040
1403
275
7183
1212
10418
6257
9686
9518
11170
8755
9399
4412
3795
4648
12319
4478
4373
3366
4601
4965
12510
9384
11103
10795
5010
1299
9091
3384
4393
10763
11147
3048
4546
3378
10168
11268
8744
10192
1949
10522
1219
10753
10386
11673
12656
10737
4913
6249
834
1736
11735
5420
4323
9167
3260
5619
10299
3505
8049
8349
11271
5042
5417
4006
12571
10116
9713
10574
9634
11183
9793
7550
4749
4854
2261
8970
875
9875
12406
12508
11810
5137
604
1511
4088
3093
10348
3533
1013
4784
2374
8087
3949
3810
5991
4504
4949
8704
6732
8002
9157
5853
8821
2343
4114
10635
4523
1527
4449
6662
6613
427
8138
9391
6244
5256
2402
1397
2458
4847
8117
5792
8225
597
12872
640
4921
1485
4145
6860
9465
9943
7307
4837
11786
11022
11381
10632
11668
3321
897
3198
6411
4256
7109
5549
3936
10177
3057
11411
6122
2071
331
6914
3922
9139
11864
8872
12898
9662
7880
12755
6360
3989
8355
4263
11316
10378
3524
11111
9348
6715
9869
9017
10654
11556
1067
3212
12173
3121
11427
4379
2038
12833
5393
6240
434
3382
4228
7660
5372
12515
10131
7150
5428
10392
2204
10589
12643
5268
5919
9654
4650
9898
7777
2735
10887
8563
5516
12316
1926
125
10527
5621
7172
5990
11554
1139
8808
3911
2572
5065
9047
12719
8662
10853
7662
11641
12869
8127
8787
5109
8265
352
10235
1257
3597
4069
7113
2979
8434
8216
1744
7946
6162
923
4091
155
9807
2558
9428
6611
566
4525
10129
10034
9426
9058
5176
3747
6859
12767
5314
2026
1468
3047
8360
1983
12703
727
1739
745
5717
4938
6169
7250
7244
1306
2341
542
3336
5418
7303
1296
1079
11569
6156
1746
6680
9022
2651
12056
5655
7440
6208
11121
2613
7811
1501
11249
10488
3578
3434
10000
1565
6633
10893
5883
9945
2777
5410
9385
11631
1552
12943
10794
1693
7553
7308
5374
4577
8414
4511
702
8385
10007
2933
10697
11657
10861
10200
7121
9599
1669
3340
4561
12338
1072
3517
5129
2201
4073
6093
5151
10433
3387
6893
1872
1037
12496
25
867
6845
10373
2588
6582
3411
8134
6134
11484
6752
12366
6049
11304
10290
10274
2348
1478
124
12679
4100
11139
1260
12853
7505
11444
9702
12800
12414
11840
10694
2527
2114
1780
361
2927
1826
7238
12941
1038
12473
1330
9482
5998
3699
4503
2387
5464
10858
10210
6778
130
5283
5957
8725
1576
3039
832
10524
9941
7326
6521
4328
6029
2496
10930
107
11932
4363
10720
6783
7482
7618
10903
11750
3480
3593
11677
9039
12739
12523
8444
9742
4584
1846
3723
12502
10450
8208
12094
10497
3716
11285
9201
10330
11201
1295
8851
6997
2863
9027
301
1542
11041
10101
3683
9021
2145
8681
964
11772
6695
8783
9586
8798
2710
5052
10669
5726
10227
2764
78
11952
2695
10271
9217
7566
2890
9826
11364
10978
5505
12102
453
9003
824
11536
2756
9931
4433
1
8135
2736
8657
8326
12597
3058
8807
9383
8591
3521
11630
9451
6036
12810
2506
8139
5748
8727
10540
8511
8329
6739
5446
11362
7178
546
30
4094
2354
9281
9102
3738
5607
2288
3759
3888
4318
1352
4820
11873
1142
10616
6853
690
2519
6646
5064
11108
6972
8761
9140
1626
3292
11559
2751
4402
8979
5559
3197
6966
2892
4791
5056
6993
12080
2250
1342
7997
6603
9860
8439
10145
7406
6758
8728
12039
2060
1728
7380
6474
7959
5299
4824
11133
10288
8256
2212
2593
12041
4474
12922
5387
2752
11464
2856
8438
1357
11406
9266
11080
10606
7663
1689
4983
9197
12992
8164
9917
6082
1647
10925
3199
743
589
10295
4668
3419
1386
5646
10583
5251
3768
6095
2001
7016
7364
4506
1469
11959
5916
12536
4124
2000
11096
10313
1481
1076
12695
8538
11240
12270
9535
3096
4745
5101
196
10331
2075
10711
1559
572
7006
174
2899
3776
10085
4778
11458
10554
11885
10800
10071
3676
7486
2291
8014
1034
3727
1091
5093
512
8926
10035
3609
6357
1568
9684
10901
10184
11081
5304
10004
7847
6701
6836
5517
1276
4211
9887
8886
1351
8116
4411
1252
9236
3206
9212
6747
4860
12819
2456
7950
10721
5698
7417
12740
10477
8571
8173
10539
4625
8829
8863
8639
10650
8380
4925
1500
10498
3728
9283
4063
11913
541
2065
7255
5384
3116
11548
3262
4844
1666
7124
6944
3947
12906
10777
10727
7156
2345
11020
1971
2668
10140
2107
5026
12082
4002
8018
7996
1668
12590
2005
6926
11315
7332
4131
8612
10772
1360
5155
2974
12954
2285
2996
7011
12178
5257
8711
10972
999
8465
10891
3796
11982
11298
2018
9791
2425
3832
12382
2629
7401
11178
6298
6669
5688
219
2151
9288
10464
3792
7568
8004
6653
3653
722
7018
9256
12975
5721
4269
5332
4036
5475
3135
1199
1516
9481
5750
12977
9780
5241
5593
2199
9382
7305
7194
10793
9355
3090
10128
7234
12728
2503
5191
12952
2812
2363
7384
5197
10748
10637
2215
2091
9790
8455
3091
7740
12456
10112
12309
11674
1183
4141
8388
2284
4894
11247
10179
2553
12355
2875
12228
2072
11054
2367
6286
8309
166
5147
1341
2445
10975
6890
9375
9712
12890
754
5596
10312
6629
75
5481
4829
408
5739
8466
6686
4613
4858
12880
10110
2919
2313
1853
882
7784
5785
8909
8421
2759
7270
2488
11
695
9074
1064
1938
5851
12630
7885
5924
2967
1740
1243
335
63
7645
6917
8007
8838
4175
11799
8319
2468
9096
7293
1777
4458
3385
952
1015
1410
1993
7316
7336
4997
10440
10917
9930
12830
10880
9069
11780
2123
11955
10682
10302
5160
7153
10190
3608
5842
12419
3662
2960
80
4675
3622
1136
2388
11593
3748
10387
7590
5301
12213
11714
6988
4751
9447
12525
11227
2092
6405
9240
2108
9487
7962
12579
762
7903
7211
9756
407
4493
3720
4736
8935
2394
6104
3204
5891
4517
8929
5493
4550
7559
10591
4012
1851
7449
934
11270
11129
6293
3811
8912
2745
12896
10123
5778
4262
10394
1337
11528
1555
11787
5221
4210
3130
2418
7271
840
1961
12324
2809
821
5660
4553
9358
645
482
12754
2303
8
1574
7585
4632
7243
7633
8155
6388
4754
7090
2236
853
5045
8187
2127
4971
6731
2023
4122
9899
6053
3735
11283
8471
1275
3803
7135
4519
1429
3613
8536
5627
7993
12059
11500
10647
11189
4876
11563
7767
1448
4928
2827
11819
9205
7279
3018
761
267
9055
9870
3278
12318
9008
12093
9359
4771
9380
4855
7503
6994
466
3265
10211
11771
8118
9891
4183
4685
829
12266
4931
10782
274
3697
3858
6383
3370
10206
1760
11629
8100
11583
9618
59
1196
4465
7526
10636
11702
2439
7605
2915
12273
784
8625
10423
4775
12552
8560
8269
12920
10059
1829
10212
9598
2683
9290
1363
351
7715
9452
11930
9305
126
6683
1263
9084
2768
12613
11645
11762
169
11639
7034
1100
7765
11040
8554
1374
10073
8095
140
5032
5576
12584
7659
2541
7574
1999
611
5220
1844
8512
538
6597
2337
9949
11682
7289
11473
1624
9319
7677
5500
6924
2550
6348
8556
12374
6518
10203
10933
7450
2730
1153
12208
5931
7012
6879
9042
8330
4166
9297
2524
7890
1023
2206
10369
2998
11680
2617
10675
7761
12221
200
9229
1625
8628
11422
12279
10219
4138
1486
10427
11223
12874
5903
12530
9547
8347
8115
2131
7329
10352
112
1268
11544
3708
7858
4415
6743
4644
11034
10351
4623
2739
9597
12326
8675
10486
7386
900
2378
5917
8696
10350
7245
6021
6422
11517
7102
9057
5334
12402
12919
2796
8357
11196
2442
6326
4322
8796
5474
4863
1226
4942
11746
5949
4422
7975
6508
7904
8561
10672
3944
1211
5266
9263
3062
973
12713
12325
10463
9415
1120
11482
4630
12609
3962
2782
6391
528
93
11729
7285
4924
2607
11233
753
6171
9673
5174
12794
5608
5798
9946
491
7516
474
11624
11848
5312
3072
7634
3784
4371
664
6523
2452
11765
3195
9777
8959
2653
9806
1499
1759
455
2685
4208
7883
12775
10216
9015
2823
3157
10937
2836
12054
1168
10316
1900
3904
4559
3966
8277
9647
6884
4810
12965
543
11649
7961
8792
7454
807
6124
10931
9103
7485
9984
6085
2453
9778
5707
10037
9873
5972
9341
5966
8016
9754
2282
9962
4017
1419
8894
3001
7466
9571
12969
5454
12130
1918
6175
8690
5558
9592
10913
3481
6250
7123
10066
8645
11922
9816
8431
6588
12812
12064
11243
11806
7937
12514
6108
1066
793
10267
4914
937
1850
12043
7214
2874
228
10360
4421
1510
10827
7649
11950
6498
6258
8923
4719
1052
3740
10612
2891
2300
516
7473
4879
12385
1420
12164
10898
7822
2126
7476
11719
8114
11266
9250
2995
2719
12078
3788
5915
8636
1355
10468
1156
3880
10143
11496
2810
6554
3574
989
1538
10979
8048
5482
8827
9542
96
8994
7690
10156
688
3373
2530
12198
6414
471
10095
170
1184
5212
6952
9317
9049
2431
3422
12766
9582
7047
5480
11918
4321
2792
3437
10568
7013
5008
12845
6957
10505
1627
5290
328
11550
8785
841
7812
5995
3107
330
2162
1962
1107
11635
6908
10882
7792
8587
6150
7480
2226
3401
157
8944
6526
7684
2901
4852
7217
8617
9802
3993
794
11954
10043
7068
2109
12879
2262
4392
1835
5476
9971
11327
3325
922
6584
9760
4179
12277
1513
3346
8381
896
12422
7669
10409
4539
4937
12297
4608
8188
9510
6763
7610
4622
12222
2669
2399
11446
11493
6595
9568
229
609
8055
1985
12886
12697
12268
4774
6728
7785
5422
3493
1904
3080
4885
7801
8981
1346
8602
11291
7763
6628
12702
8324
2567
12433
12770
3074
5959
3415
5863
3369
6144
2627
4404
11654
9421
4113
5667
12467
6481
95
12407
6065
1130
4282
10009
2352
12526
2968
13006
8493
10710
3673
5275
11107
6834
156
12923
1560
738
445
5471
3267
3842
12371
10912
1453
1338
5746
3581
5911
12783
8825
4573
8899
8026
1656
9758
10838
1629
12232
2036
6555
7982
11078
10452
7924
11738
5206
7033
4998
88
1572
2084
10309
8600
3089
2477
12347
7711
10644
9104
7757
11477
1376
3296
8687
790
8416
10479
6211
7489
478
11234
7112
2957
10224
7837
3082
8907
2637
5765
221
2598
9610
8199
3136
5540
10639
5240
3704
12086
7141
8570
7745
3017
6131
7163
11256
5767
1916
6821
10336
10372
9590
11400
2080
3098
5259
6875
12276
6178
5139
12182
954
4770
1466
7116
6802
3994
2009
5383
9424
10011
12389
8771
5758
4982
6467
7395
10813
10139
1074
1841
1169
3898
12563
9907
11397
12327
2397
4010
2497
7240
12348
2097
590
6698
6832
5073
8366
1563
4254
2473
4880
7900
2713
5248
6504
3711
5235
189
1931
12163
10797
11763
4057
7286
4181
6827
5809
2491
7857
10570
10811
1236
1055
6325
8819
10357
12795
9476
1054
1289
10147
8941
11068
11047
8654
134
8698
11974
11699
3566
3360
7674
5674
12881
9187
11531
10860
11166
161
4541
11352
4220
1594
9258
7972
7363
4440
11279
9012
11888
947
4706
142
3138
4112
1298
2302
431
890
3948
7717
9433
9769
3567
500
316
608
1691
6973
3864
893
12626
2758
3964
11012
6478
2826
11658
11483
11388
3428
8240
10296
1273
6712
10633
5573
615
7862
5934
2679
3562
4905
8528
1027
5459
2037
12924
1977
990
12498
4288
12829
3388
10023
9974
8619
8998
6901
6283
5262
12404
7512
6077
3569
2095
2548
6996
10824
9006
936
1632
8078
12937
1383
5272
12375
4443
9997
7724
12488
12832
7492
8191
5824
10983
6429
1229
6343
9409
5277
1498
2686
9525
11261
1839
8895
12826
4598
9065
12617
10465
9466
2807
10970
87
4098
10848
7004
5507
311
9060
9337
3441
1402
4430
2902
10741
8514
4890
10615
1408
11008
9394
12753
8975
11075
7176
801
1584
12014
9912
3751
9697
9705
2246
8147
9324
10842
3310
11825
7994
7265
1783
2462
6762
12645
3124
2334
539
8589
5229
10724
7854
9624
914
4920
5118
1802
548
8965
3916
5514
11851
102
5080
10270
5188
6441
2666
7869
5252
3087
2727
8983
6685
10370
8913
10111
1733
5028
8999
4348
11416
7139
6275
8174
12726
2734
1611
515
6565
8384
1589
12939
11535
3203
3086
2479
6815
5419
12743
1722
9908
3069
4020
6303
5791
12761
11311
4157
11070
10033
554
11518
4537
2211
3688
8308
4957
9013
213
4186
8382
6797
12988
1069
12299
6502
6537
10424
6444
772
3134
8756
4690
344
7642
9488
12801
1170
2297
5106
3703
9532
11046
6876
8029
2466
12444
4526
4722
12870
2840
2867
10410
2887
1237
7347
956
1653
3710
7782
3156
5066
3848
11299
10456
718
11902
12542
1515
12139
9718
1418
4873
12053
10520
9608
11396
4828
4177
5054
468
176
3491
6874
10415
2125
4981
4386
8847
9817
9164
2762
6643
9177
1318
7259
643
1605
6967
5362
6512
7193
8186
2090
6393
11359
12572
11853
8064
8168
9001
10529
5937
5951
12781
5672
11391
5861
11394
10506
10780
7152
5837
2421
5979
9070
3049
3867
3351
7464
2196
7929
6387
1941
5088
7233
1421
1290
3502
103
12196
3030
9255
5736
1860
6837
11646
3692
3368
1353
9076
11019
9188
7546
8780
8928
7764
968
3337
12369
3965
1994
2893
7898
12342
9732
2718
5403
1441
2249
12206
5295
9888
3476
2577
5687
8788
3781
5737
11155
4875
12010
6648
215
5353
9045
7137
6030
12621
1159
5963
7457
5503
2916
3841
7357
9663
11650
8165
7582
6311
9966
2689
9286
11515
10261
7413
8878
5323
1597
3722
7009
10942
757
3008
1586
10816
8608
9717
6239
612
3799
3418
2839
8573
2842
3817
12731
7261
11716
5231
7852
11297
3606
349
9814
919
12480
11050
10279
5618
3585
3881
9729
6329
5148
9238
3913
12838
12244
9345
8974
8629
5670
9264
11795
1113
1948
3464
11090
9198
12411
94
8873
10114
11160
808
10849
10050
10015
8050
8224
9291
12103
7055
4980
1185
5487
11284
410
1657
5935
10362
7573
10530
10496
6945
10383
11206
4940
8958
11135
10600
12018
4649
11720
5060
12742
3586
12860
6451
518
4065
2802
12600
3025
1745
4409
4099
8898
9150
8707
5024
11929
1591
11708
10164
9928
2455
109
7775
12397
5355
9739
9162
9019
8162
11796
7572
10810
12635
6320
5213
4557
10245
12921
430
11332
11903
6377
7646
1692
5513
11566
7276
9312
5025
3424
5097
12661
3891
12083
7729
2200
6970
6644
3868
8402
1405
11463
6046
10560
6617
12837
9678
5708
5072
12136
2714
12447
1757
7445
1433
9823
10058
6507
9068
5121
6954
10781
1837
2007
1735
4516
4923
1703
12718
4150
6045
3196
3576
4699
2043
3821
3573
5771
4841
8463
4698
6749
3671
2168
3963
4413
1816
7041
4468
1021
2247
4031
9053
8635
910
12779
3785
9623
2838
9004
12162
9964
10384
3496
1302
9043
3873
4306
12935
1794
7079
230
9398
2945
12901
2129
10434
12367
5013
7186
8786
412
406
11408
6842
6855
53
4669
5591
12143
1489
2659
2253
10843
3081
2149
7932
8655
803
7877
4626
12998
1882
10251
12481
4399
11459
9121
8995
492
82
3309
12971
227
5677
4737
5424
1540
11636
4120
12118
9464
12497
12070
12885
5394
8830
3642
1998
7392
8795
7027
3591
11152
8219
10602
3815
9467
5084
12454
809
4266
4932
12292
1224
8403
6980
11308
496
1866
2829
11613
9724
12564
4835
10225
10503
183
6163
10948
6978
6557
9056
11640
10690
724
12238
7254
7470
6139
3255
12377
6706
1208
7958
3414
6667
2034
11313
4008
10396
11988
7054
3691
5947
258
3041
1417
12107
10238
10368
2520
1019
40
5679
11043
8093
9730
880
9540
5887
9736
12170
10470
9738
8260
195
12071
4060
4769
4617
6942
9327
11881
8271
10674
3897
519
8027
3420
11957
10617
9646
6593
4280
5310
9493
3823
7111
12683
10738
11163
5988
7312
9785
3171
1951
131
12017
5941
3844
11302
4658
8716
8101
10416
5953
5918
3787
4058
11661
12533
11861
7189
3161
6805
12436
7196
5653
6349
11907
240
4780
3951
1724
2289
10546
7378
6355
3507
6342
4943
4952
9567
11793
2459
7405
11136
11892
4590
2358
2794
11622
5989
12792
9978
1131
9485
12104
2463
3587
1063
1057
9166
1896
783
6463
422
1912
11754
10833
5566
9149
5210
27
4488
10911
3654
10016
1395
2205
5848
8369
1734
11917
2207
8546
9343
11495
10628
1235
2283
1075
5426
3011
8724
12062
11707
11870
6438
9044
1155
7834
3619
5865
12003
9996
1225
8719
868
8558
6039
1385
2232
2853
256
12961
5678
4671
6497
1973
11326
8824
3807
2533
10963
5074
8419
13001
8789
5571
10454
9396
3656
6930
6352
607
12581
4133
5413
3444
2786
5606
9224
4549
11808
11928
7398
9828
6424
11058
4689
4492
5380
3083
11758
12820
5702
11048
2805
10413
3707
5879
2056
1887
1128
4396
6878
530
8810
7168
2785
11924
7313
5427
133
5309
73
4406
4621
283
7496
8747
1358
5971
12489
11998
7227
5885
7981
5122
855
943
1621
5626
8446
1071
4878
1227
674
4976
5027
9621
10877
12151
2732
12254
1741
413
5164
8343
4486
4877
4215
8119
1761
7865
2984
11382
9079
7698
10045
2320
6882
5682
10146
6300
458
12668
6674
593
1041
10950
223
475
10728
10629
7957
5131
11659
12413
12314
10609
353
6764
521
7084
2623
12416
658
12709
1762
3269
1836
854
6964
4308
11694
2317
4182
115
9603
11236
10053
1927
7317
2063
12618
3227
5926
2866
10799
6847
6923
4628
12256
6604
12429
1862
2644
3953
11318
906
2546
8990
7402
12084
11816
10275
11594
10566
290
11727
3658
1300
10764
8351
5579
8201
7278
5501
4095
1186
648
7416
7481
4078
909
2357
4804
5542
11055
4776
3852
2486
7030
5742
286
3969
387
5574
0
11818
9936
8779
11979
8477
5296
9855
8889
48
2381
3782
6347
10475
10075
55
5316
1950
2633
12161
7540
3363
6389
7341
3961
9075
9674
12027
2189
2245
10735
4439
5402
11102
10689
6606
12598
2870
1022
9483
5521
7707
6232
8450
6308
6263
6207
11340
12815
5144
9133
8627
646
10311
9569
10482
11466
8215
7672
6999
8045
1270
1662
6319
594
4732
6338
10074
10115
1042
11469
8938
12608
1496
1738
11725
4917
5496
6027
12335
5214
417
10078
4454
7752
7131
90
12513
9314
3870
10709
9316
11277
1592
2911
12399
10278
3046
2830
5814
11331
2048
9710
3182
9051
10283
4535
4313
3332
12315
11510
12537
11774
3230
1707
12649
11575
4694
7493
9703
11292
1743
10217
10189
3220
3103
3818
11151
3070
12734
6350
5123
3780
2716
12557
1654
4501
3876
6412
8008
6556
10702
11468
9530
8918
3104
5968
3503
5219
5817
10723
8901
11701
1209
8953
6692
8436
701
9457
5860
1518
3448
11294
1098
10987
5143
2509
2238
5526
9105
11999
8530
2324
9839
12330
6830
3667
3957
5651
10992
8776
1336
614
10706
2347
2850
12110
4960
9749
7632
3064
6753
12980
4463
6276
7756
2112
11734
7284
10273
5602
12383
9225
10814
7511
1217
9333
6808
8365
350
439
1789
12171
1875
12750
5834
856
10576
12862
7705
9914
5528
7638
6920
8618
7127
12235
10627
10122
4845
6671
5455
9545
12236
11868
4963
9797
8997
2469
953
10248
4027
7483
5960
470
6551
3305
5444
8234
1929
2632
9434
9947
2961
7442
9441
5714
2360
1643
1891
6591
10051
10695
289
5933
10945
1641
8853
10310
1830
3250
13000
4162
12450
11215
1458
10613
9959
9558
5923
10804
6816
5154
7036
4419
1646
10902
6057
11287
2521
1796
3452
2025
7184
2516
1523
8311
3686
5113
5862
10027
2837
11044
6147
6867
8540
9958
4053
8169
9944
9593
9062
5609
7256
11341
11214
11188
12237
76
10718
7374
3914
2280
5329
12796
10939
6180
12615
6965
4160
4356
10634
10166
11219
10036
6181
4762
10904
11036
2814
12065
9410
9090
5342
91
6174
6052
11877
4843
4395
9763
11844
843
8533
2066
4388
8765
12464
5733
1667
10751
2846
3216
9009
978
116
8700
5479
9092
7920
4638
12653
2599
5793
260
5397
8231
8250
5694
12131
10840
10866
2059
3632
7831
2389
11231
11246
549
10230
1907
4434
10630
12934
8936
1944
9534
7978
5978
699
6128
1145
399
11890
1218
249
1922
6702
3991
8947
8406
10080
11942
5623
8679
1575
8433
7439
3129
7942
3436
5376
8291
9292
3403
12068
8352
12322
6681
4576
1898
326
8182
11972
2240
1061
11497
6115
5729
10552
6198
9675
257
11605
780
11595
11419
12494
6775
1492
11807
1455
10395
7810
4805
10879
7058
6675
4808
4274
1112
10469
11193
3054
532
11289
6063
12504
6235
1388
66
876
8562
4574
11866
5581
12554
1595
7938
12373
2507
2698
3478
8764
5541
3835
6607
5504
11239
752
7748
6947
6364
10422
6905
3630
1899
2936
11778
1558
3105
4234
3744
3144
3101
11004
6691
3843
6704
13003
10553
5867
6482
3547
8854
7306
10855
1773
8196
8415
12220
6145
10250
9804
3490
9830
7491
8204
6038
2775
10883
2254
3869
10426
6098
8892
2596
764
9820
3211
12976
4864
4947
7889
50
6790
10611
12019
3256
2450
6566
8519
11691
5196
7052
2474
1822
10679
454
5875
6132
1587
188
2618
10812
961
9130
8924
12612
7248
4364
3251
12828
10176
6900
12809
10921
6016
9522
3252
2590
8276
2187
815
7436
12287
10502
969
6133
7692
5936
4225
1548
2808
7267
3213
2801
8106
9307
12908
12051
6592
5735
12036
715
1310
7895
9709
3552
9100
4830
2172
4383
10417
7710
537
2120
6194
6183
4028
6233
9254
11821
9701
6458
9414
1308
7788
3168
12548
9872
9172
5894
7323
12528
1174
1806
9034
2050
9144
733
12028
1819
3396
10836
10193
9332
12294
12072
7918
4420
11989
10655
6279
4587
6645
8622
7753
3840
488
8171
825
7593
8156
1491
261
8496
10315
7281
1580
975
9183
12388
12729
12029
11607
9325
1869
4428
10648
12715
1148
10003
11220
2414
460
2946
6784
7596
12058
12448
2110
9770
683
5819
1867
8544
8874
5732
5414
6323
8759
12640
9776
11309
2522
8304
3312
4231
5652
9067
6070
6218
8334
12549
5395
8232
10747
5753
10404
11996
2135
7100
9438
5002
2055
1989
4205
10729
4512
12499
3830
10715
6034
9714
13010
4548
693
7087
9086
904
4286
514
4490
1269
8876
9605
12641
11278
2991
1180
6894
12592
7310
3798
2657
5483
6292
4086
11425
10356
7657
7770
6652
12042
606
12475
11437
6189
1473
6514
12531
8325
7518
3000
436
12736
2857
6013
8836
6745
9517
3824
1001
9437
2457
8237
7463
9389
11949
269
6430
5881
11064
1167
9990
870
510
4435
7537
4068
12876
7670
2383
3059
8244
10321
11612
3339
1870
5892
11676
5564
4197
1798
583
6011
2228
7082
7487
7258
4243
6328
979
7832
2405
10105
5050
1193
4992
820
4849
4039
8150
10159
2868
10265
4457
1400
8300
7061
8603
10097
3390
12605
4896
236
375
3800
9565
7570
10510
9372
2581
517
10962
12763
2848
12255
4255
54
8500
12012
4848
7140
8646
7334
12111
1214
5772
5985
1799
9866
9630
3984
9071
9247
45
966
792
1779
12435
8633
3695
5846
3554
1618
10688
1854
2954
9531
839
8717
2336
46
7581
10990
5351
11941
2093
3190
5255
8803
4013
11879
7747
10980
2832
10406
3181
2106
713
2638
12169
10401
1288
6861
3237
5585
8813
8280
7031
12331
2489
5189
211
11306
11241
11057
8136
9494
8067
8668
8806
12090
4709
8885
4241
10077
12418
12112
5650
4050
1493
9843
11257
11618
370
12789
3649
6596
2511
4666
3580
3640
818
2896
263
9707
8033
12312
2878
2525
2877
2547
1457
11711
2969
4536
7391
6142
10260
5659
2346
5494
11478
1409
10377
70
5440
37
8248
3853
4108
191
3123
12777
2773
11742
632
9450
1974
3451
10208
7200
2016
10397
4450
3882
11782
12358
9404
11095
12568
1976
120
4817
360
7495
10070
8488
9064
7268
324
4403
837
11820
4531
10736
5195
8545
8105
4761
6769
11766
10445
5751
12233
2307
2788
8375
10792
194
12194
11705
3334
7589
12400
7324
11836
2501
12574
3725
12346
6809
6658
2564
2419
5434
12724
2641
9919
7683
4303
9789
11910
5349
1769
11300
11886
642
5234
12582
11506
7607
9168
9902
8634
89
9148
9822
4118
4370
10664
8957
8509
2299
10767
7567
775
2532
1953
1335
2265
12672
4250
6166
610
1539
8207
12239
4595
3544
3988
12116
2783
8773
6042
11608
1886
9474
7257
3145
951
2861
7528
11084
8849
6447
4203
6542
246
2403
6989
9146
9825
9310
2413
6297
1603
6274
3188
1702
9309
9788
2904
1928
9722
10414
8019
9392
10620
6599
6730
7474
7615
2574
9581
1781
5033
2454
10784
8870
9112
3470
1304
8129
4201
11273
1398
7394
11552
12304
12835
9767
9393
3737
4795
8288
1723
2847
6212
8206
6271
11462
7881
1367
11143
3402
7467
2054
6553
4143
12265
3946
10429
5061
3595
6119
7731
4654
6791
10645
7028
2482
3479
2328
3167
3912
11238
10239
3486
10233
12272
4861
1801
12914
6955
9296
2494
6068
4978
3896
6660
1320
5081
6927
10521
9998
5930
4022
11149
9195
984
7845
2269
372
4612
4799
11378
7911
9132
9564
6137
12732
9182
3151
4579
2820
6112
6971
9973
11042
10969
12091
1936
9303
10593
11377
12077
4487
4597
2804
6469
6426
10196
5661
5250
11441
8458
4336
1855
11944
250
9145
2089
1470
8122
11079
9672
6051
4377
8939
6401
874
12392
3746
3724
12677
7166
199
8350
1598
6386
5912
5029
6770
7803
3468
2529
6456
11333
5630
4115
12351
2811
7628
6754
11805
11138
1914
12776
12511
278
12482
3165
12803
1537
8401
7092
1197
3588
786
4390
5980
241
10761
10317
5976
4950
12758
4084
3834
11324
2900
3731
2290
6058
849
5563
2935
4968
347
1135
2987
1307
11194
5461
12067
1088
4128
12652
8674
110
8993
760
10787
8011
1528
1786
10564
8973
1319
10132
7130
160
12981
233
2103
209
152
3443
3634
12190
2024
8820
4757
8572
3845
5156
11440
9175
6677
5490
11603
2681
11611
6822
322
3635
4695
2691
7964
11745
10831
624
10928
10213
11860
2146
2556
7175
3040
9165
842
12689
1122
13002
12105
6636
6307
7807
6159
178
4249
767
2988
6580
4551
6934
8890
1085
3217
3933
5664
5718
11251
8664
2561
9844
6130
4678
12177
10175
10806
5600
1628
9723
1070
7046
2625
1756
5613
1378
11893
8278
10459
3560
10451
6224
10952
5901
6700
11089
2937
4281
3409
12900
2210
3313
3849
12831
12451
5315
8281
4741
9698
9852
4787
9893
5215
1464
4508
3952
7992
11254
11743
7723
8013
4106
464
6365
1804
8746
9366
4187
7671
4806
4627
9957
4005
10065
365
3805
4866
3826
8274
11455
2871
2376
1373
7003
3680
10559
3760
12997
3488
10561
288
3675
3133
1343
6367
3140
10805
2040
6857
525
2677
5904
8017
305
6529
2889
584
12883
12524
5382
1258
2295
12424
2257
9740
2858
8931
4452
1925
12690
3570
1864
9257
10595
1222
10337
667
5868
11693
1508
4214
10333
1315
8791
4889
5163
4742
1619
6222
5089
7262
734
3954
1903
9566
6572
1495
6264
4167
12329
8006
10888
570
526
2073
1503
11330
9377
12725
3010
9460
7352
8498
9645
9311
4816
11834
7050
2643
5639
10815
6767
8442
12688
8638
5269
4496
7835
2028
4172
5360
12904
10476
128
1767
10032
4518
7218
4753
1231
9537
10218
3120
618
4730
4939
52
11345
5345
1514
7796
2049
1411
8695
7699
2746
4357
3163
6793
10149
1206
11802
11643
7164
2932
11489
10258
10680
12966
5125
11546
1792
9720
121
6501
6241
2177
4019
8068
10094
9561
9453
8951
12022
2584
1959
4955
11625
4727
8289
1588
6916
1946
3270
6856
8880
11379
1036
3238
4718
5140
626
8693
5695
3042
277
12032
6415
9118
11688
8362
6995
7914
5624
9365
10596
7648
11565
10976
7636
10739
12925
7
11099
9475
7383
8762
506
2597
4856
4361
7039
3974
1935
10444
7065
12007
2660
5900
10549
4233
11039
9803
11356
2498
6037
3750
4258
5855
8457
5368
3244
12052
7826
10986
9135
11919
9752
146
8503
7393
5954
2296
8903
11817
636
7104
1980
1694
8418
10819
5599
9214
11164
12768
11609
4374
11521
2471
9174
9338
5640
4459
7142
11487
11977
6899
7040
6961
5200
6577
6225
9129
12778
1082
8107
4312
10997
4453
11653
10052
3327
9578
2674
7697
8713
12521
10899
2655
10786
129
5416
11634
2835
7529
3330
10382
6534
8632
9011
7867
11334
2375
6291
8643
9323
10698
10282
3532
4555
9706
12240
7382
4975
5986
3878
8353
7138
9648
3417
9526
7650
12025
8521
7556
11035
4720
10344
7122
1727
3528
8160
8261
8051
11896
7057
3614
1698
4188
12320
12479
3518
8817
3109
2386
2821
279
9477
6484
10039
5437
3423
9216
7362
8678
3127
8423
4472
11652
2408
11523
5179
5836
8677
3085
418
9137
10991
1861
4004
9942
4859
11739
11154
8044
12405
10277
10586
1677
3958
2742
10234
4831
2118
5357
11434
2582
6471
3189
389
10155
5759
6443
816
1490
10523
7263
7843
6314
9602
509
4079
11026
5343
12678
768
374
7969
8920
7389
6009
11987
7106
1166
12425
2033
254
5043
385
5254
520
10867
6483
11185
7899
3114
12394
1381
8086
4788
11581
6839
4688
5856
185
3148
7778
11003
9468
4394
6889
9370
7988
9660
8552
11908
3611
450
2624
6583
9048
7774
12321
4146
11383
9631
7547
2939
531
11301
7035
12825
5322
8472
3763
11373
2029
9083
3650
1820
949
4446
9585
1676
2822
280
6165
12461
2706
8283
5244
12337
6333
7927
7739
12247
5955
5034
248
7053
8831
10241
2077
4713
8062
10329
4763
2971
2047
7565
4387
11217
3455
7355
12449
1957
12993
12446
9909
1788
9350
5701
2923
6089
8142
10163
5685
2913
1377
10909
9734
2500
2310
7468
12165
11781
4240
7210
7321
4592
4639
6720
4482
4891
10665
11181
6345
1543
9420
9220
6907
1811
10769
6143
1778
2776
6102
10102
9151
4484
2824
3646
595
859
536
9010
9743
11862
4744
4275
7598
7841
9492
9570
7538
135
4726
3655
8670
2883
1673
12150
8015
10318
11599
5469
2258
10407
8615
2409
5321
5293
3426
7804
10590
11831
8848
4514
10545
3943
1080
9099
9733
3471
1171
9629
647
7555
10988
7456
5243
1390
7558
5287
7549
4056
11809
9725
3919
3177
3539
3178
9126
8702
6419
3425
9186
1202
12390
2099
7813
8706
6886
3343
11777
1793
7623
2174
5832
6078
5432
1020
11210
2616
2493
9980
2035
1046
12384
11199
8440
340
5020
4375
5533
12647
11620
1507
5031
9848
9821
5946
3712
12088
10646
1917
9113
12391
587
9924
12716
9279
12545
4477
4647
2124
930
11066
338
6472
12744
4277
567
12427
6638
8226
7387
860
3263
9408
5019
11824
558
9727
5898
11935
11407
12752
994
3577
4473
4257
865
12248
7772
1764
2031
6172
10940
9538
262
5094
1845
5320
10885
2761
7859
1824
4642
7085
4338
728
9622
10995
6873
12296
9507
657
6528
83
5005
7074
2680
8310
776
6489
1323
9626
8495
12606
596
833
6220
11669
8772
8328
11325
6851
7021
3499
9617
4293
483
12115
12016
6872
6697
1915
4984
11585
8930
9520
12507
5697
871
9700
10678
12699
4316
11481
5015
11290
7749
2705
5168
2046
7614
12216
4534
5744
5096
8025
220
1158
5878
6378
1494
2722
11094
7948
8499
12291
12275
11502
8022
222
6883
10661
2580
4252
4793
11894
158
10989
10495
5952
4235
9191
5807
1232
5337
5884
1990
3320
3806
3154
105
7819
5452
1108
4768
6844
1368
1114
12805
4339
600
5882
4076
6726
8001
7842
4391
3316
10686
1361
12620
6288
7939
12313
11216
6277
3755
3028
6524
12868
12249
7925
4007
7215
12055
982
4951
6734
812
4635
10717
12958
7714
8323
3012
6735
1731
551
8320
11505
9512
3073
1945
2542
6485
7134
3625
11453
7097
4327
8888
7403
898
4023
3264
11157
4782
8794
10286
5218
5784
4571
1897
9649
5498
480
404
2780
8730
2068
12457
3318
6564
9550
763
7839
3663
6679
12786
5294
6135
11827
4032
6120
9741
6699
3375
5572
3291
5217
97
957
6722
11723
12197
5761
12821
2696
1782
5749
3159
2903
9661
4680
9388
1859
9748
11336
3950
3453
8729
5466
10204
163
11960
2178
9786
1016
1602
8177
7414
11168
5285
2543
9951
10492
3435
11670
3522
1612
6776
11665
12780
5077
9029
6152
1815
4572
10276
9273
9883
1987
1943
1040
3394
8085
84
12717
10472
2570
721
9886
6192
9867
1244
2148
3247
5338
8741
9153
11588
2864
7239
3633
8988
6880
4109
5328
4865
10854
11549
9446
3485
11648
5527
12846
12687
9680
1141
6155
11512
7078
12360
2251
4611
10774
2563
6397
9206
12519
7407
4470
12560
6858
9335
8124
12733
2591
2451
11494
3210
1188
6457
3430
7875
5318
9731
5279
8489
11686
3641
9991
22
8943
11792
8167
12814
5554
5297
6785
2931
6819
10730
6294
4953
11074
8502
5227
10944
11615
9847
149
4888
4045
7612
11592
10057
1551
7213
2634
8578
2379
9221
3033
13011
8914
2032
1010
1607
9499
12343
2483
11104
9935
4792
2369
6008
1483
3856
7048
5079
963
9554
4192
1347
7507
6748
7422
7066
4990
5601
5363
6475
8586
6231
5333
4670
11109
2723
7223
6468
10623
4672
12667
6363
8609
4270
5352
6336
7375
6803
5531
9248
9462
9094
11006
4738
10446
5453
11740
9849
1406
8671
9506
5300
2888
6059
12889
9882
12911
5456
5871
5587
184
3865
11424
2221
8606
432
6665
7110
9774
8986
9620
1519
3232
348
6668
12378
2244
3440
3979
578
4748
11144
6385
151
6455
11258
11182
1151
4906
3935
9304
10746
12048
2894
2311
5411
8842
8812
5804
327
4684
5987
6032
7069
9072
5512
5356
2004
9715
10072
9242
11226
314
9265
5996
3302
244
4676
198
11503
4464
7791
1525
7525
2470
10171
6421
8701
7968
9087
10862
1005
3589
4432
9905
685
6214
10821
12491
6487
2264
12129
6849
12379
3977
8462
2082
2743
1526
208
11190
13009
11140
12372
9376
6140
4155
2678
12152
6028
10428
9097
8112
4803
717
10172
9961
332
2209
1972
5605
12843
1803
553
3809
985
9417
12619
153
6956
8189
1449
2649
1892
8868
1179
12995
4300
1444
4001
9397
1881
12539
11829
1271
5578
3752
620
7353
11663
3224
1506
4933
325
6259
5375
5658
371
3454
9123
150
11282
3410
8337
5570
3975
769
1956
9138
9352
9824
10355
3406
8183
7584
10515
10846
1908
6470
2263
996
4723
6149
7032
2631
6014
11451
9416
1482
11687
11584
1848
5806
8860
6186
4528
2279
5515
7437
11666
5942
5956
3184
5622
1590
6931
677
12771
7611
2844
1784
12341
3043
9716
4529
899
9479
8233
6354
1443
8217
12308
7170
7943
3910
2566
12005
2242
873
12223
8253
6380
672
5569
10181
3352
7185
7346
2917
9073
12126
11203
8259
941
11252
10663
9903
10984
4294
2999
6800
5063
11586
3132
1356
11125
4119
8805
6126
4959
1234
12737
11642
850
11100
10499
7583
7627
12532
11237
9141
11374
5409
12873
1785
143
750
1329
8750
9560
10608
3044
3236
1509
5423
4090
2271
6550
12694
4614
3294
12218
12061
10209
12623
11153
3445
3317
12097
7882
2682
1712
4460
11830
10656
5365
373
8613
4471
336
5228
1706
3095
9210
4936
1930
9879
10512
6854
11835
101
4903
8861
3541
5632
10402
7155
12113
4190
12836
4320
8775
7945
1249
11232
2021
10642
12827
2355
11508
9218
988
7720
10526
6976
12234
11700
12186
11736
10441
4260
10699
2791
6493
12848
12477
7609
559
1095
4893
5770
10083
11529
1807
11867
7551
3895
5727
10996
8009
9330
12269
2223
5877
5839
5161
8098
1086
4161
9243
10466
5773
4451
9181
7365
7872
2813
4696
11627
12940
6960
4116
9968
5162
12979
61
7160
5704
4809
3005
4207
11030
8684
6796
2139
10758
660
863
12044
5775
4898
10783
9495
6918
2259
2163
12953
6094
2526
12485
11722
726
11141
12339
3122
4310
6213
4935
10517
998
2535
10535
10807
7349
3767
164
8799
9386
4556
6569
6630
1255
2770
7133
4766
2274
17
997
12622
485
7409
6590
5124
2070
9038
12986
5568
7408
2019
10949
10487
9371
1394
9513
5203
8348
4693
5790
12538
5011
242
2640
5899
7922
10335
2170
1277
11561
7951
9077
8652
7049
7225
4276
6517
5177
12015
5159
2069
5703
10803
4342
9491
10789
7743
8737
9666
9277
2164
7799
12008
2576
1068
8532
5282
9504
12909
2102
7909
1700
7428
12345
5611
10999
3357
10558
12983
10662
5786
3399
5273
6687
7970
13007
5799
7928
10538
10924
2272
355
2137
7524
2880
1553
4089
5973
2465
2942
4916
5400
1125
12000
2150
9859
11947
4498
8383
11124
8694
1316
2800
11098
4427
6657
3020
12013
187
3808
3372
306
1438
9779
5138
8470
9342
8432
556
1581
12547
3960
10221
5078
9170
2464
10442
11401
1210
10363
10125
8000
6262
11065
4988
13
579
1583
8145
9
7868
7687
205
10542
6466
4500
3483
4615
598
4447
12751
4868
12871
8070
2159
1812
379
10704
3286
9963
2993
2061
2608
2905
6197
11724
2319
10808
5975
2862
12365
5386
10556
3389
2639
7651
1452
11534
2359
6820
2252
2664
7147
7338
10578
1772
741
527
3487
123
12962
5068
8835
3108
7299
1920
1810
4074
12527
57
1964
8818
1705
20
10610
5430
2737
1969
3293
749
3555
10666
4345
2308
6117
2412
6756
1014
4941
8877
2078
139
12211
12333
6071
4507
11511
11087
3173
10109
9193
10069
10285
10985
12079
3287
3639
3822
11122
9497
613
696
12081
6670
7850
1146
2771
7630
781
6768
2992
409
6740
7114
9293
12455
4777
6205
1050
6495
2707
8012
9472
522
7676
5499
12156
1101
8399
7348
1975
1121
12644
10643
6210
6519
201
7940
9918
2020
7554
3405
3713
3637
5059
2415
844
1191
12878
12203
7060
7435
11869
10712
6075
8688
5305
447
6552
11883
4591
8575
10905
3477
9326
3367
11191
10749
9577
16
6759
6794
9202
7625
1800
756
709
6435
777
2949
320
11945
7269
11476
2515
1832
12468
9251
5246
8454
7091
4380
4747
5628
7283
7896
6449
12624
6465
8569
12037
10088
2828
7571
3221
2536
3615
9960
6446
6272
2406
3066
11568
10844
11357
7781
11415
1704
2594
2449
10817
11626
6190
6425
9046
7224
5175
4839
10005
10825
10223
9235
3427
11911
5098
3185
3874
11491
4244
4758
12153
8340
9967
7063
2549
9679
7017
2972
3892
8435
11874
12226
6998
3754
10292
4570
2981
5538
6202
12787
508
7532
10455
11811
11839
10408
735
1033
3180
7171
3857
2859
797
1029
4077
5463
7222
1748
12974
5740
10151
5319
9584
12478
12730
463
907
7658
2989
7094
8769
10042
9799
10532
8238
12625
924
1895
449
6413
12693
7230
2956
2703
9794
4708
4147
9656
9227
4000
12685
12125
6409
623
12583
5149
5105
11176
10291
6160
1415
8346
7990
282
9347
4616
12655
8866
12912
7527
2652
2260
12840
1104
8961
8631
12472
451
9147
4915
9241
1682
1475
4354
4785
1947
6154
386
1609
4750
2351
9363
7603
12636
6576
3529
3175
180
11602
11116
3923
5001
5818
4566
8960
19
10994
4158
12575
3679
2701
7361
9591
5388
1465
3356
10981
5373
6375
6356
12128
1992
6635
3421
5680
7712
3280
888
11975
3192
11337
9336
4144
4227
276
3520
9524
1601
6445
4015
6203
3893
9369
2578
8163
4344
4469
10183
12585
3347
4129
712
11367
11204
3540
8781
3460
11920
11994
625
9708
6786
7434
2702
6215
1253
3545
8896
1006
12696
4142
4311
11305
10577
770
4014
247
3494
7888
555
9505
12691
2955
5261
11369
2934
4067
4667
10874
179
3034
3908
7873
2045
3682
7423
12586
1077
3978
11775
10872
1988
4290
6248
11617
940
1140
11755
5668
9514
3627
2340
575
3398
2692
12551
4103
3861
1247
5364
1545
6491
5226
694
10719
7984
9059
8364
10625
2865
11678
1274
7519
11200
12720
5731
4325
2855
7805
8235
12047
6265
428
10342
12303
11970
12403
2195
4168
11717
7300
7051
11684
5754
8339
6464
2008
7290
11467
7592
393
6656
441
7220
9454
4497
7840
10768
10605
5465
1502
2277
4075
5907
8305
986
4445
3838
12290
5710
5090
11621
2523
8883
8507
2475
8192
6650
6054
495
8927
9199
634
725
4271
10791
804
5523
885
5385
7022
2575
12861
8228
1426
4606
3261
8767
1909
5112
878
10304
4072
10955
6587
11667
7500
10380
2304
9970
2161
12802
5547
8516
10012
7515
2620
3526
2171
13008
580
4127
8758
11389
3201
6585
14
5211
10856
2672
12543
10247
9994
1549
627
9185
1902
6789
12195
7933
5870
2816
944
4101
7219
9771
12438
1817
2985
1865
5108
4800
7833
10197
3461
10127
7273
6100
4184
7728
4130
9555
10371
4265
4682
918
6173
9373
6061
5843
3456
6167
11126
10587
5198
1849
1790
9932
486
12023
8940
18
7702
8335
1963
5854
2113
11174
5378
12671
6395
6937
231
2098
11961
8257
7432
11760
443
10722
661
1105
3379
8141
6983
4994
1814
3571
11031
8041
2982
3176
1978
1228
4585
12788
8154
3693
6963
8962
7926
5468
11651
8128
6164
2602
2499
7766
5070
2851
3125
11513
12772
4173
10785
4697
11486
1283
10222
8537
285
12050
3506
11984
7093
6081
11137
11671
1544
1379
6351
8802
2476
9650
11198
3297
3783
4662
11965
1766
10038
7626
6761
3907
9339
5597
7808
1596
1991
11180
1571
6987
11943
7693
9913
6865
3191
10047
6852
11889
3689
10638
3660
7679
1317
99
11205
3592
7431
8490
8683
11522
4786
12401
9640
9896
5134
10412
2583
8534
6774
8501
4176
7727
11507
1910
12505
12769
8243
8424
11328
10516
3469
440
3531
10376
8976
10041
2022
2560
5057
5614
6101
3813
11520
2920
4171
782
1250
12011
4569
7199
3307
6533
773
3259
1321
11553
10890
1636
3465
5637
12985
3174
7400
8841
1345
5119
6488
10361
7371
3700
796
321
10013
8869
3266
5545
1328
4461
7067
9381
5645
6056
5472
9490
433
10345
8397
1327
9911
8946
10485
5067
883
10425
6227
12907
1906
8258
2534
5580
5984
8302
8484
12991
1047
469
9367
4107
11146
1825
3753
12692
3860
8175
9223
419
1259
10
1109
7621
3214
4881
8557
5457
1659
6719
10916
9536
4907
10847
8644
3300
12140
3930
3523
1078
6079
4631
7987
2492
10467
3786
2676
8599
394
12949
2156
8809
4423
8667
11899
10001
405
3242
1348
3542
1593
2673
4204
7297
98
10048
1004
8770
1768
6705
7769
12060
10158
11884
10673
5170
448
8486
12764
4558
6982
12811
10264
11158
6121
4217
2390
10820
4367
6869
7966
10757
6473
708
5041
7849
9609
362
6092
11703
1730
1923
4236
5435
3584
7460
6141
5544
11365
6540
1497
4359
1090
3599
12409
7655
2385
7292
3764
2797
6885
8034
2948
4825
7700
7597
6096
8386
11085
5404
7855
5864
7301
10133
5152
915
10700
10619
10272
12955
1207
10130
12462
6589
1413
6678
3816
2720
1309
10668
7128
10850
10834
2518
8282
3019
7235
377
11741
11828
8079
5180
12817
6170
10607
11939
10776
11875
8110
4588
503
11242
7912
5981
6416
10935
10448
5391
4425
12453
8852
3715
10398
1512
3534
4807
3413
6932
11314
7237
11578
4717
5644
9207
12134
3839
635
6639
4080
827
3937
11690
12174
11120
10081
11797
6922
9200
9158
28
8430
307
680
1412
4979
4929
4398
3968
4245
9050
8526
11587
9024
8797
5783
6891
11841
358
1883
3246
11092
8367
6676
8666
7444
5780
3925
8103
5586
11439
9600
7190
5477
12660
6946
8096
8072
6012
946
10569
2595
2276
9413
12298
9498
2323
862
1701
9619
1477
1715
11532
4137
8906
2017
9637
299
8263
7014
8742
1326
7390
12192
3071
8987
6777
10167
12
6779
9657
10249
9934
9120
2654
12040
4728
11606
12669
8669
2173
8245
2286
7713
9553
1620
6253
3361
8760
1774
5720
9638
11037
12960
4811
3921
1172
7477
10343
11105
12443
1292
2557
7001
6402
9054
10084
911
11696
6515
1873
10246
1868
1451
11293
1981
3889
8588
5086
4922
6841
12205
2183
8834
1791
207
479
6755
9274
380
2243
6305
9278
12490
723
238
9607
4743
5756
4910
5379
3797
2661
1939
697
5339
9245
318
3393
12009
9427
11882
11150
1877
12875
3482
10755
6226
9737
11230
5100
12149
7242
1002
3513
2372
9925
533
7624
4285
7800
11430
11479
6331
4185
1681
9228
3928
8649
3836
12380
1708
118
11132
7755
1635
3003
12834
10263
12439
12698
237
4272
8630
945
12281
1888
7686
10327
10303
2918
3023
7974
10100
2344
3353
10745
2869
9787
11915
10716
4783
11113
2630
10257
4418
1314
5336
4025
3100
190
11418
5833
1144
4209
9509
9636
12927
10580
992
11272
2514
10544
1838
7315
5040
1233
6782
8091
6044
10449
11368
4977
12611
5302
7613
1821
6673
12967
11450
11579
7154
9306
9850
5350
7427
2191
9439
6048
3548
9125
5354
11859
3665
8061
1541
1431
3672
7209
9033
6125
913
12224
8621
3065
8950
10096
218
3077
3598
3509
12712
1521
1282
7828
5412
9627
4253
6076
10354
2754
1176
3802
5847
8449
3395
10242
5407
3117
5141
6280
1384
12066
5258
7594
8884
4886
4030
4064
8897
10367
9260
10541
2081
12760
11718
11927
4618
4927
4117
2322
8123
6737
12420
12559
5948
3666
892
7587
5709
2485
1679
2940
2951
7339
8963
2353
4489
3467
6833
10501
3794
9106
4238
11794
10685
6818
4239
4593
9751
9559
10165
2338
6710
2852
7072
10873
8522
6035
7372
11730
11186
3187
9923
4298
8395
6618
7617
2895
3475
12765
11822
1934
4746
2266
11363
7373
11966
12470
653
12982
12030
425
8479
12818
9066
8010
711
5811
11887
114
6655
9889
8448
11533
1262
1771
398
11906
4870
12421
5242
6004
2665
11002
9401
12797
4085
1028
2885
5725
3338
6535
9215
5712
7208
3903
9699
7954
4851
10022
10391
621
4462
3118
11063
10443
9128
8209
10752
12168
8984
8945
11310
12632
1163
7675
4862
11172
9448
10677
7165
8481
6269
5905
9357
11260
4055
12589
7530
4009
11169
6862
9895
12627
10374
1003
10471
3193
504
7159
4140
4051
1092
3504
7376
3495
11222
8738
8784
4704
3345
5182
9747
11632
10256
6406
12938
8058
3706
3416
2592
4969
3905
10199
9322
1436
3877
11852
8715
6337
6772
10266
4510
846
8967
3084
12257
9142
2562
3442
1414
11028
10531
7514
5506
1110
239
5921
1874
3643
1129
3980
8732
8451
12251
6001
10029
5284
10622
8412
1982
698
4216
1884
4538
10878
8287
2132
423
12555
5003
11312
12553
7816
10173
12639
4640
6072
9792
8443
8003
4502
12261
4278
2428
10760
7076
11127
10743
9795
11978
2806
10169
3652
2377
1459
591
12614
5484
9728
1685
9134
7328
7241
7340
5886
8205
11628
7719
3590
9798
10154
4853
6040
3825
6216
1204
10809
3380
3749
847
6486
6373
5116
11712
4219
12887
1569
9208
7891
1344
9233
872
4567
7429
8699
5551
5208
1430
7931
9759
6418
758
603
8843
6000
11156
7379
7327
11826
6284
4583
5085
7274
2134
10588
10457
2395
11253
3702
1220
3564
9470
7780
4368
7221
6642
10734
7522
1633
3228
7718
9910
12293
838
81
9711
7367
10977
7786
7015
800
8200
4634
1162
11235
4908
12460
1278
4681
965
12946
9892
1060
381
3272
5961
4846
6066
1215
6897
69
6877
2772
9379
9819
810
493
4224
1474
866
172
2180
10182
3253
8881
235
11360
7433
10141
8513
3205
8322
226
6958
1291
3449
9117
2101
2239
7608
3559
6396
3701
11619
5276
8937
6868
714
12648
2365
5281
1729
10195
1805
6251
10770
9851
6427
9449
7161
3328
3511
1718
12746
4135
2709
3014
11351
8023
5126
11457
3678
9418
9136
8211
7860
270
2517
6278
7125
8372
2925
10548
319
266
11871
10120
6616
11167
12711
6362
4134
12085
4335
296
4819
72
8298
10293
12741
2731
7783
297
4438
1239
8133
8445
3971
720
8392
5313
10742
1294
7716
3996
806
9098
7878
5654
3139
255
8159
4110
12147
214
2662
1200
10557
2571
6002
4350
2373
3515
12160
3909
8239
687
12227
5634
8146
12710
1966
8506
6750
3314
7726
8279
4011
5166
6824
2281
2921
1447
8858
1446
11321
4619
7794
51
2333
1640
6871
654
4268
1264
10381
5260
1009
1138
11443
1407
2227
1305
6015
6903
2538
8833
10835
7844
7779
7126
197
7144
1445
5399
9693
291
3141
8593
5787
2002
5958
173
5795
6709
6544
369
7667
912
6991
5051
6246
8398
4284
11798
3959
11018
7737
8170
11656
12201
8264
1711
11542
3886
8185
819
2027
10857
652
802
2943
11148
11764
10687
5615
9267
12570
6910
535
7169
8790
1437
7419
2704
2229
9606
10049
12903
7177
3757
11577
4515
10243
6407
630
8338
9800
8161
9764
8363
5157
1161
502
5550
1713
11432
3557
12359
6864
7913
7117
10926
7029
2586
987
7174
3664
6539
9081
9268
8740
12540
4049
7577
6817
1570
6950
3068
192
2650
12452
12263
8518
147
1637
9484
5561
5325
2273
5768
5021
8227
3714
8508
1189
2202
9320
9262
3431
3833
10473
2079
9977
6381
9351
9329
243
3854
4926
1695
10202
2825
4048
3358
4429
10922
12631
7499
8203
8396
2294
4296
4417
7760
1087
5270
10358
5844
12951
8680
6661
1350
7910
11865
9857
5575
4643
1150
1093
7979
3770
438
10494
11077
9965
2906
62
9635
3553
7086
2487
2335
7704
6306
1797
1089
1203
3055
939
7381
8213
9156
11600
6727
884
333
12616
1690
9681
10137
8607
8032
6631
879
8071
11025
9331
9063
7586
12680
9037
9030
1688
3890
8875
4624
7471
2930
12856
5199
11576
10525
12486
4815
10518
384
3535
11097
5822
159
1697
3872
8504
12465
11013
12841
11940
7251
2270
1550
2569
12723
444
8077
7905
8529
3172
8594
755
2368
206
529
11445
10400
10894
245
1045
7320
2540
4930
12865
4369
7921
6979
1322
8650
390
3885
7798
1532
5236
2769
7523
4082
8036
2831
3623
7902
10028
10693
9180
1240
5906
4151
10491
9881
4734
6432
5532
7652
5460
8069
5371
5115
6622
2083
8604
4826
10603
7005
5982
7732
4589
7639
287
11749
1340
644
6545
4522
12305
9356
676
2085
4821
12774
10008
10287
435
145
3150
7475
8266
6892
11969
12500
3137
11202
7789
7722
5187
8285
759
10461
3940
5813
10823
1389
9594
5171
5555
11880
1648
8517
675
6792
12745
6379
5638
10174
3215
9595
6968
11112
7754
11475
467
9211
736
4331
4292
8583
6358
234
7986
7421
9171
8425
6925
7851
6168
6245
8992
8919
1567
5083
5562
3851
10157
960
2610
6187
3170
11933
7802
1984
5053
4651
6398
4495
4900
8911
426
2741
12469
2795
681
10006
7919
11051
6099
581
10462
6267
2962
7173
1366
7462
10790
2767
364
4044
3982
7202
1083
2158
1664
1164
2214
7275
1266
43
4416
3333
5925
12144
5890
9735
11244
742
5642
10543
12141
11007
7071
2909
9422
4442
8065
2778
7629
7708
8547
8900
11804
9026
1032
11986
5992
3131
2539
2645
3837
12487
11973
12588
2684
2094
9023
6392
3734
10864
8856
10582
7579
6496
7083
8441
11016
6368
12518
1770
4892
9061
2219
823
4414
6640
10514
10399
9937
3235
6296
3669
11526
10974
3397
4047
497
2912
3276
3404
2401
12440
3610
1655
9109
2057
4034
6765
10124
5728
8691
7923
5997
9782
4869
2790
10951
7002
11773
5392
9519
10294
9546
10087
11093
6033
881
437
7497
7742
2167
8882
4673
11213
4202
10683
8342
7520
1531
8236
4652
5431
10863
12673
368
2278
3432
9668
10839
8030
933
383
12099
5584
7730
281
7264
10063
3400
3106
12114
6266
11850
1380
8598
8743
1639
3514
3392
7776
10614
2342
9768
12888
9435
7488
2435
36
5530
4018
10067
2929
6935
3681
2437
1000
12747
11488
8131
9280
9972
2143
6118
6716
41
2011
6626
3295
4735
6798
7734
6204
8218
4767
9119
11131
1680
10054
7575
9976
10106
1660
8955
9861
1847
6353
2717
1750
7563
10170
2699
122
10262
4509
2179
1392
3981
8954
12604
2042
5826
10597
6007
7830
7733
29
175
7941
12561
7095
12877
12306
10403
8933
6746
2555
5760
670
8039
6771
3976
5876
7350
10030
12757
1134
766
1267
3240
2309
7947
7654
8623
3111
6560
12398
4242
5289
11409
7635
6410
6829
12913
6848
3717
10411
3756
12895
8411
505
12963
1536
11953
10390
5000
7965
2815
1758
4602
9694
4347
12274
312
9230
9287
8125
6977
6516
3983
2928
7465
6229
494
8473
10660
12573
6462
3929
4309
12700
545
10240
11413
651
4857
461
9562
3473
1921
1303
11145
7506
4154
2700
6195
3158
12137
1967
1840
12844
8996
1546
5181
8815
7682
12376
8723
11524
459
11898
4139
3303
628
9616
3730
3094
4740
9425
9676
10493
6494
2330
6632
2656
2793
2460
4664
8910
5711
622
10430
2964
11664
6005
8394
649
11346
5683
8413
10160
5649
9111
2396
3939
1775
11726
1281
10079
186
5829
2186
1399
3348
3377
7601
7513
12217
2185
8295
9975
4273
1911
970
7983
5662
12793
3162
10773
4295
4499
11971
251
10796
5014
6546
3644
8081
9176
4221
2997
11296
6511
1165
3446
8180
5681
7853
217
7884
11728
8327
10483
9271
4756
4206
1133
10973
6843
1517
851
2339
6733
1279
2088
5082
5888
7298
7917
684
5222
9478
11833
8972
6647
7042
6594
4646
11142
10511
3022
6043
507
2879
3078
4226
967
4710
1241
11589
1827
1396
9222
6088
10018
8038
10201
136
8531
8541
5635
1610
5238
12721
1582
10573
12972
9459
1187
7956
2461
8736
5636
11245
10594
11187
5815
4021
12509
6127
5346
3186
568
5048
4919
12001
499
6091
4136
10908
4360
5769
9704
6870
11171
1025
3099
8076
2860
104
5788
5127
12258
2690
4170
5857
707
7599
11590
8222
2614
8152
119
6384
9429
8768
2715
7501
5103
8581
6909
9344
8968
1073
9687
5509
1671
6736
10186
12278
11343
2122
1890
5311
1683
5145
1717
4193
10865
2213
8109
3670
9688
10220
4195
10765
12300
5764
12894
7797
1393
4544
2203
9308
2924
8478
2963
7806
4633
861
10555
7212
1182
5117
7738
7736
10107
9114
3063
10117
10346
5186
12701
4961
8660
10798
10703
4230
11769
2326
2293
4444
6073
11876
1097
5488
11470
9253
10126
8400
7080
5781
4024
6201
5730
2404
10914
8020
616
3765
11130
679
8734
10671
100
2757
5202
5794
6492
1190
9529
560
4954
8318
11322
12245
4424
11049
9985
813
7396
1365
11801
10733
8344
4580
5671
4609
5324
4237
8475
4812
3021
182
5442
5087
12428
10968
7167
8739
2154
11710
2356
11228
4343
5192
6055
4521
395
8426
629
4596
11934
12936
7024
11380
4989
5977
4111
2371
7576
1852
1622
10562
10714
7098
8491
9025
5331
1547
6561
5390
3582
12259
9226
8510
1450
4494
2086
6682
2190
11800
1638
5692
3015
11195
3029
6129
8778
3600
12807
4832
3335
8270
3013
9810
671
6838
10020
11259
11815
204
1674
12020
3934
2554
11541
9981
3245
5880
265
7411
9783
10490
3438
11372
4246
8368
4702
4149
4180
5776
710
3492
1147
4683
8354
12445
5908
12748
10484
9313
34
4475
1742
3285
6547
3097
4164
10300
826
2447
2446
3079
1460
5429
7820
9020
11010
4123
1885
12437
5722
12289
12556
5897
6506
12987
225
4665
2490
12250
3283
11011
10954
10875
8542
4653
11069
8596
363
8024
4871
10308
5335
6992
9982
5617
8126
9533
7148
8153
1617
7490
1564
10432
9625
1049
10405
5565
5016
11349
12120
2147
1387
11555
9108
6986
1339
1248
4911
789
4431
650
8708
7038
8722
3705
8705
1833
8597
5803
6634
10932
11281
10153
3814
2552
6062
5745
8626
12633
10592
1787
3525
6315
2316
3407
3594
9929
5326
9161
1997
9671
4326
4385
9948
6341
11789
10365
6806
9442
3016
47
2606
2986
8345
6690
8453
12432
9953
8316
8391
7562
4586
3742
11286
5330
8726
12225
3510
2255
6659
8370
7118
12132
637
401
8915
9544
4686
9374
7861
5271
12665
1924
3721
5058
4895
8040
168
3647
162
7077
7809
11361
3684
1461
7149
3304
3155
490
6439
6097
11053
2697
7870
9809
12884
3169
11329
9194
1554
9865
12859
1933
10298
3037
5451
6649
3551
10626
8904
5927
5964
2512
11501
367
2693
10086
8130
7644
11543
4105
6881
3239
6559
2886
574
5928
2854
6672
6906
12100
2724
4578
12664
8837
716
2218
12423
9387
6450
11598
10993
6898
6003
1823
5944
11689
5835
8246
5763
8982
6985
3812
3501
7007
4705
10092
11842
8686
12595
11675
7291
4054
4610
3902
11436
8476
6209
3208
3429
3769
12686
10191
12286
691
6268
8389
3790
3568
5962
2064
5037
836
5840
6810
11854
4594
3463
4970
1221
5110
7062
3231
4887
7430
3549
2422
7280
1658
2819
5841
751
11071
3556
3563
11061
8202
10025
1223
10744
4046
2267
8543
7252
10957
1919
12899
11525
10194
7351
9007
465
12806
10091
1313
10826
3583
1645
9016
9500
323
9511
12063
10353
9152
7157
8255
4687
10064
10509
6549
12431
9920
2444
2748
2393
1818
3516
638
9988
3110
11567
7424
7619
7836
4441
2169
524
12074
4165
476
7631
11207
9032
315
1117
8816
12262
12968
5178
11633
12267
12756
3775
7647
8210
11192
1970
2136
8828
5359
4833
8720
9670
4901
1031
9107
1650
4476
4674
132
1375
12916
10971
2041
376
10435
8656
4564
4291
9436
1370
6887
9854
1958
12714
1192
8275
6019
1152
8294
10581
779
10829
9950
4724
6570
2332
416
5120
10754
3668
4836
3819
12146
3355
11757
11225
3032
388
8393
2966
2976
10324
1979
12284
10364
10915
12076
10142
4405
10347
8037
7787
9659
1044
137
2799
12607
7998
3602
2726
6017
4071
5398
473
5869
4251
10998
8456
1177
12242
12707
7768
11197
11393
771
7191
11354
1301
343
704
5291
5142
5641
3
12999
12328
6953
5340
3512
10920
7876
641
11485
11248
1644
4456
8867
9400
12117
3075
11452
3605
7564
7991
4319
11936
2849
1995
5062
12944
4958
6787
7073
9904
1714
11221
3694
6888
5889
4565
11338
974
273
12483
2729
8682
1684
11269
7180
4796
7795
7088
7081
5610
8137
9154
4781
12493
971
2744
6025
2938
8774
9473
7793
5030
8178
9521
1428
889
8859
10269
9018
4760
805
10019
10966
9364
6339
534
1471
8429
10513
11790
9036
2841
5812
6199
7856
7600
345
12782
7059
2248
563
12891
3254
4850
7886
9580
5820
7388
4620
7459
7025
8483
4455
7360
12476
6751
5341
6428
5536
6327
2142
11387
9573
4198
10537
4436
12931
12471
11931
10641
8469
8066
3128
3301
3732
9082
3036
6608
5415
8220
6064
12610
2721
8480
1871
317
8299
7151
8966
1043
4126
10640
42
9615
8949
4773
8601
12893
11209
3004
10707
1932
12101
5135
2671
8494
9922
7656
8461
7545
11390
4691
284
1663
10431
10572
4389
10024
6781
6431
5485
2370
7108
5265
1137
12855
8184
12075
9259
11123
12193
5577
4378
12784
12569
8879
12839
4663
8198
4087
12950
4995
1198
232
12357
12069
11610
1863
10229
8524
1194
2105
1652
6123
12529
446
5167
4912
1173
11697
6270
1894
9652
304
926
1710
1893
1529
3331
1124
12791
10659
8505
8420
5796
12310
5327
5209
8158
11872
977
10936
5556
6581
929
3038
10657
8733
6895
7498
1751
8977
35
7688
8487
1099
9302
11540
11412
5983
60
7044
3433
10788
12984
5713
113
7370
10339
12722
4659
6654
3537
5307
6707
7973
7277
8190
7105
9811
5449
501
4605
11447
6567
8925
4061
908
2646
8523
9131
7824
901
85
2615
4552
12135
3820
2749
12517
10118
2256
3519
3329
10528
11492
11038
932
12187
12109
5741
12442
3648
1119
920
7000
3218
4283
11161
10306
11275
2922
7681
765
5738
6696
9040
3992
3374
2502
3998
592
9926
550
9557
3561
3875
8525
6067
8956
3850
10575
5940
3031
3183
12629
774
11175
271
9579
921
10393
8855
8084
272
3538
11980
6317
5408
4196
7963
7368
12200
1578
10946
1716
9812
6116
1280
4408
9664
9080
8059
9641
12866
8321
5076
12363
8405
2658
11033
4818
4540
8468
7205
6532
4532
3596
3447
4426
6744
3290
6929
5932
7404
11733
8408
10031
3248
8447
9611
931
11752
9115
1858
8590
5433
8223
6136
4329
295
1965
2181
662
10341
9321
1115
10801
1996
5207
7494
1505
11983
8814
9239
4599
11404
12558
7099
3758
950
9295
4660
8549
5700
9244
11366
342
11454
1763
3791
3359
12917
2384
10436
4093
8576
8948
4729
2366
4092
5950
4340
5308
2587
8757
4381
3774
4996
10845
9078
12897
2908
6400
8840
9276
9868
11847
4132
9653
2978
6562
3179
7056
5699
3202
11768
1118
11937
10802
6366
7703
7207
9696
5747
1487
9987
5193
7666
1599
2208
3219
3500
8850
3207
1349
10585
8090
5808
9349
10676
8194
7548
7643
7443
