4679
983
3387
5785
6684
10670
4324
2040
12994
1238
2616
12311
7864
9501
5084
11279
8272
6390
1205
1551
7182
11276
3724
5988
10642
12959
6568
5253
6845
10385
9643
3062
9832
4737
4790
7445
456
12631
356
8459
12944
10836
10245
3288
423
7955
8944
5129
11838
6852
5226
2675
2334
10645
7871
7194
7211
789
9630
2648
6024
10210
2464
6941
11262
6249
9078
2536
607
7934
7547
12089
11243
10548
1014
5036
1057
8252
11453
5511
5380
10582
5710
12146
3762
5232
8262
7954
5264
10063
8793
7273
9203
8657
8261
3651
9124
3049
8655
12595
11410
6785
10681
6701
214
380
11208
5959
9878
12483
3652
7290
9437
2326
6290
9196
12396
9896
5441
2933
12651
5826
10959
12282
8844
11604
9701
10720
12838
6773
4597
3308
2857
1652
8727
7759
1699
7609
6489
7758
1328
6632
11168
9013
6804
8018
1348
1808
5634
9576
5613
3833
12309
12224
7915
9031
6317
4417
6194
9188
4839
2534
7420
12818
4401
9454
9107
9717
9393
12995
7458
10718
12485
6254
2449
3940
4432
6861
10635
5172
4155
6650
8020
12789
9400
5173
2564
5361
4530
7741
5215
2422
6601
11975
3491
5552
91
10056
11455
9830
9931
11959
1063
10255
616
5013
1750
2577
368
10624
5513
7163
3485
10811
1804
7390
8526
424
4281
5701
9826
6218
605
7778
9110
4291
593
9242
1779
6966
11889
6715
689
2254
3670
2747
11066
12416
10493
11909
6807
6752
10715
10185
4761
9596
8794
1599
6866
10816
1218
5407
2699
8538
11002
6100
9706
9455
4915
11162
2702
3856
7210
4654
8989
8852
2494
5162
4072
997
8652
8419
8874
5567
5801
10423
10668
11654
5242
9464
5239
242
12260
8443
2060
8330
8696
10587
8485
11210
11914
7925
463
11936
2428
7003
6957
2763
4917
11212
11597
862
1898
3621
7852
7678
6452
1780
2978
10690
7531
3127
12966
3040
1300
3677
12644
10661
152
2257
9375
12394
9702
11062
6244
9347
8676
2729
8995
6703
9052
8310
10830
60
12381
12727
370
6230
3043
11877
7521
2406
2466
11846
349
528
1219
11221
12264
5921
12341
2181
9688
5421
11017
8704
6250
7296
4310
12725
11157
10712
4043
10611
11875
6079
1190
12885
4712
10753
8236
10674
7928
5860
9544
5357
527
11474
125
2027
9838
6973
8582
1177
859
12650
10167
7459
11134
9091
6952
2104
4937
9484
5890
1719
9226
2415
4454
10249
11916
2344
8182
673
7008
8975
11601
6394
7484
4916
1117
10953
8648
851
3880
9482
761
11450
2921
10096
8846
6074
6510
12021
10419
9949
12450
12331
9682
2433
6919
8883
11477
11364
11152
11724
568
12975
10350
11368
2810
4876
5854
7888
8697
11766
11697
2864
7654
12629
872
6680
10211
11864
9370
1614
5755
11788
11722
1297
3067
6325
5943
7814
8641
5188
4323
11382
10921
6639
5170
6148
3144
11110
10170
7327
10048
3492
452
1766
12737
4386
2068
8987
10449
11642
5046
10989
8254
7269
2101
10541
484
8974
9231
7173
8860
12167
7343
6745
5442
10844
6106
8047
6178
1635
4019
7341
1996
5924
5542
564
8361
2892
11374
2164
7029
12057
5271
12349
7215
4524
11898
2528
5356
3320
4445
2134
6665
11565
1748
10237
1094
12543
5438
6921
9825
12513
4575
5740
776
11878
4437
7477
11616
12781
2265
1447
10413
30
2548
7299
1904
1878
12825
830
4199
12243
11672
1569
1906
1216
12258
2233
11365
11992
5538
4513
4191
12589
5687
9850
45
4542
1072
10776
1257
10672
8934
3505
2133
10748
1093
4966
4817
1851
10014
8292
10781
5720
2617
3352
2979
6806
9588
8194
7822
3578
7579
7964
11352
8736
5268
4834
7866
10036
12683
11479
7323
9123
5603
8639
9322
606
5715
12915
6563
669
9358
11480
2491
11511
1721
2751
4574
12851
7748
5213
7972
3269
12782
2026
1370
1886
4206
2448
2843
10853
11777
11154
7408
4034
3069
11680
6803
12538
2185
1469
7518
3215
12564
9690
11704
1884
6453
6490
1907
82
195
2278
2425
12763
4477
6032
1525
4466
3562
10991
11968
7153
4223
3849
2928
6846
2340
7950
5803
11985
12861
10299
2445
2774
8454
6707
9120
12852
11508
8971
9014
4959
3126
83
1727
1336
7221
11415
11709
1862
8808
5374
1199
9827
1369
10108
2790
1085
9286
6272
2872
1905
2506
12337
4467
3265
9948
2381
1970
7559
7848
8672
11189
9109
5970
1874
11710
5674
10871
6479
3587
8751
10429
1868
4873
1588
9348
3115
8100
3854
10273
11949
11278
7760
8910
10326
10454
731
8796
12101
9428
12962
4216
12136
12043
6749
2478
9626
11024
10392
11435
6949
1051
3637
1847
357
9739
9559
4569
5156
12112
12501
9451
431
3932
11153
10462
1380
10496
5382
1307
3106
11781
6438
3667
6928
7407
11945
12642
9606
11554
331
10179
206
7714
12049
5193
11845
11111
6697
10819
1762
7075
7017
3079
11137
13003
1187
768
130
12854
11624
10328
6420
7641
9907
11048
3971
12896
7553
3811
3302
901
1733
8519
2024
2343
3783
3809
6406
7923
5772
1722
4398
2998
11420
7415
12214
7616
12195
9803
10922
10760
9140
12578
655
5724
6987
4770
5472
10500
8030
4633
6889
1667
11443
3080
5331
9771
6047
12410
5304
7580
3026
12400
11097
1476
12503
5276
11475
2132
1976
7746
10128
9600
10084
11308
3946
11148
487
8687
12110
1490
7099
11383
3092
6967
8336
5586
3742
12066
7288
7479
3939
6403
8130
12474
544
9805
5842
4344
2766
9212
11133
925
9431
12279
5907
10310
5912
1106
5666
3855
10751
9516
160
11413
5833
1577
7577
6744
11496
2003
9582
5026
8297
2408
7905
2902
6495
2734
6165
777
8439
3033
3535
7186
1124
189
11032
1841
5099
11833
7747
1168
10950
10477
2084
4021
8069
10301
8889
8545
11756
8393
7751
8417
11577
5076
2832
8174
6095
4586
9970
3524
6507
3451
10703
7436
5369
6147
8258
2756
12527
10892
1299
6199
7023
9312
9167
6702
11690
8631
1913
3738
12587
1517
6344
5278
3776
3483
8750
9133
8929
1619
12365
3690
11349
3648
6781
10568
3740
5500
12122
9885
1653
686
8216
10215
9083
831
3615
2885
5589
9507
2639
9660
10447
3991
2113
12630
11293
1690
3941
492
5813
2217
8135
3792
11947
8105
10400
12679
12755
10849
7701
1643
7291
8475
5850
12230
8814
12322
3736
9895
8843
2211
7174
8826
5837
4125
11430
3656
6562
11442
3002
9627
12980
1823
12621
9458
9106
7913
2129
7674
7238
8951
3829
12458
3682
1151
6599
4610
11300
725
10938
7034
5196
10543
12126
12111
12405
4325
935
4311
9141
10495
1855
1795
11436
11331
9182
11185
9515
438
3893
2167
1321
3689
1687
3963
4176
8128
10626
4828
534
6050
12863
9841
3194
10998
12602
1760
5984
8211
11950
12734
3118
3054
7560
481
1289
5149
5522
10434
1180
10410
6209
12581
12585
11076
11919
1901
1688
11611
5650
8232
9633
5891
9338
3703
9872
8467
11231
6663
2896
10696
11264
11594
6451
3139
10343
11178
3046
11580
1891
265
9102
4200
7978
993
1621
11408
6613
11942
2086
4780
11897
5879
9100
11533
1344
5697
3498
12226
5883
11371
9296
12221
8058
270
10239
8175
2025
8818
8900
4758
3922
11167
1230
8711
6041
12991
10168
7431
9049
3549
4753
835
9605
6435
12318
11628
149
1456
8136
4395
2939
4365
6021
703
6784
11389
3884
1627
7557
5164
7744
5915
9740
3452
12887
3606
9125
4
1548
7786
1645
3990
6430
4379
3755
467
8756
6629
11226
3958
8653
10846
12343
10421
6308
6825
9892
801
5986
9842
7696
5068
205
4927
3659
6757
11902
3980
2042
391
8399
3901
12294
6026
11856
989
12649
5207
12815
3044
2029
8778
11312
6725
2004
11798
10721
8021
11751
1251
5906
7046
3622
4488
4486
11245
1836
11441
9442
11907
9528
2
6939
10636
4071
6659
457
8566
1223
10949
3765
4182
450
2839
2252
10466
1951
8534
10972
10329
5584
4374
910
7132
11761
8359
7446
10207
11793
2479
3036
8700
7055
4520
3573
12185
6777
1858
6535
2750
931
5743
853
10175
2761
133
4305
12801
11962
1791
2059
1661
10180
284
690
5372
110
1672
9693
4056
3850
11409
3658
4883
1043
7745
10820
10656
8257
4536
8264
8034
3165
1684
11669
10530
3851
8455
1483
8782
5130
5064
6073
6868
9363
7198
9174
6006
12425
2016
5839
2418
1080
10094
2201
9662
11740
11660
12364
12117
1526
11684
6172
7175
3499
10259
7275
3807
274
8952
10191
9353
2865
8223
6751
11678
4731
9983
9329
4422
11077
9190
4962
6885
12463
2470
6642
7070
4007
10637
663
4823
3931
8728
1095
12603
4000
8789
10082
5000
12351
10362
1576
4280
3734
8400
7909
8447
3830
5316
3434
3035
9452
12476
11286
241
1624
2671
6286
8613
12121
6880
7910
10667
2897
12181
4922
1711
9186
8422
12667
2876
960
210
10018
11925
8256
7935
6305
6958
10359
4886
5416
9088
873
6077
3426
4358
7861
7363
6076
637
4675
7351
878
9232
6789
3047
1060
10494
7437
10354
10987
3897
12433
12206
5570
7024
5034
5810
7766
56
11045
7870
4470
9225
4002
3324
1617
4852
87
5752
7283
4549
12465
6449
1509
9094
4656
7649
2856
10147
9077
5352
4690
5475
8872
4772
4864
10729
3926
1993
4918
7495
10386
2707
879
8415
12848
11115
5662
9555
8394
9388
3664
2284
9080
11447
10309
7112
2941
12811
8050
4726
9325
2846
995
3234
11665
2462
6499
12192
12809
8367
3400
8821
11534
3025
10555
4767
1861
3580
2219
3464
7965
3999
7588
1109
10345
6412
9142
6405
9173
2855
3458
9197
10761
2524
7985
6321
5146
12288
7429
5836
11236
9156
11869
785
7039
11969
8986
9593
9963
11803
2102
6146
8767
11826
7677
1245
7156
12491
9025
12030
1334
7144
12774
12777
5092
7532
11091
7035
3292
6704
4376
3796
2508
2463
2743
2237
39
1650
3828
6708
4063
9214
3954
11631
1351
4746
7483
2481
12869
5133
12624
13010
4906
3055
10868
4239
6158
7722
7409
2270
2900
11512
3257
2229
4076
4661
11561
8673
10579
65
5653
6698
5760
10121
2320
1606
11242
11471
2833
11614
765
9075
8775
10566
9941
12961
5665
8003
5345
12176
11732
5175
1017
10371
12593
6347
1279
6398
1609
3623
3912
6700
6456
12656
11750
6313
10304
4826
1659
7974
4047
8424
12611
11886
11699
11952
3093
5317
10387
220
1903
6571
7507
2374
9533
9218
11585
4181
11765
4558
9351
5524
3798
5894
5607
7335
813
11332
6324
4400
2005
6307
3345
7667
3103
4704
9553
145
7455
3981
6291
12601
1720
7386
9270
3375
923
4275
3526
3832
4854
10295
100
5939
8150
2276
8090
5997
2097
1052
11901
5307
7036
12768
3457
2990
9958
7812
131
7231
11182
7740
6414
11770
659
6502
10768
4555
1793
6169
10217
4685
10252
3039
5535
5579
676
4725
1843
1895
8482
10743
8836
209
10872
11591
7252
3726
7244
98
5314
10020
10649
11228
9085
4026
2432
8958
5694
12338
4589
1131
4938
3211
824
11387
7952
1663
3563
1123
10150
2967
5679
4341
4403
4702
7388
4538
11135
11905
2301
3243
7142
7141
8461
2158
1860
7243
10552
9176
12828
8397
4933
10236
4366
2047
4952
3520
5360
8051
6318
8169
2867
13
10701
1700
2959
8725
9925
6801
6421
11001
7663
8420
3510
2509
12888
359
2973
117
7729
6219
3207
9003
146
10460
8017
10268
1562
9939
12530
8658
5390
12232
12378
7628
310
5112
1356
12467
6874
5117
12612
7938
399
11881
4256
11109
3148
1573
9874
9339
1198
2911
5054
594
6961
10118
6053
8237
11173
6783
7704
8089
3909
3266
10253
7367
7791
8114
7307
6883
4277
3141
4613
3979
8314
1108
1260
5157
12283
12909
7947
11632
10404
4431
2775
8260
4415
877
2218
9417
11731
8042
8356
5652
9291
12721
1401
6440
2348
7970
5824
9486
500
9835
10053
11026
4333
11203
8495
10373
5806
4375
12
6644
1388
10502
12161
11719
7962
4998
12605
5667
1806
11452
12548
11974
3687
921
5399
9697
11915
4135
10730
11659
8943
9807
112
4919
8674
2090
1807
276
7237
2461
12596
702
6536
2759
11619
3959
3500
6768
739
12926
2951
297
9213
9262
2943
12684
7957
9904
7058
5300
4528
5089
3105
5489
9866
8173
1608
2392
1568
11129
8518
7997
12143
7114
11454
8788
8183
12571
653
250
8684
12114
7574
1656
2204
7644
6534
9336
5961
7924
5746
6109
7981
11694
4276
3436
2035
9601
10436
7020
9604
9762
4825
9199
8369
3279
10281
2226
3032
3467
1563
667
8625
11526
4433
10190
3608
545
12208
1809
12182
9273
10157
1716
12500
8304
2399
12819
4976
565
9384
11849
12120
11535
7522
575
12916
9268
803
7206
2153
7011
12493
10639
275
12739
2330
10126
8596
4380
986
6134
8895
11749
2173
9645
8744
11854
3861
11752
894
7679
11386
12218
8289
5809
6444
6015
7874
5909
613
6710
6658
11083
12375
1374
6300
2476
2043
2368
3629
7286
11929
10067
11847
6132
4312
12646
2971
1812
1262
2468
9378
9980
8520
10804
11087
11011
3363
10303
6068
2131
12445
4292
11630
4700
6969
516
6587
2394
10695
10967
6367
3821
2120
10143
10662
1759
1800
1680
31
9813
12488
5474
3336
1181
571
8978
2127
6301
2277
1335
2012
8556
938
5298
1266
10192
305
7638
10389
7164
11376
9239
5430
2022
7110
12685
12506
286
12647
2898
11834
10705
7659
9714
12956
1002
7005
9917
7992
12748
871
293
9101
12735
4148
9334
672
8147
12128
574
9285
9746
2121
5976
7530
271
8640
9033
12934
3087
9402
3187
8149
990
8619
3706
211
4847
7795
8712
7151
2794
5069
9185
6594
251
2668
8979
9143
10767
3842
8720
12147
7827
10896
290
11107
10277
8412
9586
7044
3530
1633
4408
5952
7101
12529
23
1009
12292
12658
2728
3237
141
9711
9972
7411
4925
10041
10323
5199
8163
1309
11220
1389
11855
1528
712
9089
2098
11366
828
477
12745
7668
7242
6372
11851
4051
5287
9103
10412
2658
11053
8643
11852
3834
10699
7131
4946
11174
9108
3967
640
5122
7123
8198
12982
7535
6959
6240
7936
10655
10522
5927
7561
11330
11317
8575
9994
7504
10885
4948
19
5834
12654
7797
8946
12519
7691
10907
10072
11156
535
8847
1433
9687
12133
1864
2094
591
8061
11510
12800
1418
12897
4540
956
3793
1882
10873
12597
2342
4860
10065
1828
4910
8388
193
6674
9943
6796
4890
11487
4083
4012
2062
10353
4425
6593
6525
6091
7534
470
3599
2200
734
12550
9860
9705
4673
4944
6167
1648
8807
12535
4769
3089
5774
12525
9741
413
9198
6033
10367
524
5604
1561
6206
4939
8450
4126
12823
4397
8752
11842
1859
6754
12455
9549
10605
8747
11939
8922
2227
9548
2390
11456
3481
475
7769
8758
5056
3256
10802
10800
2582
6837
9537
8348
8577
12990
3584
5585
10791
3862
668
6460
9752
12637
12901
9345
7214
5457
5362
5583
9663
5404
2504
10512
11305
909
12627
8735
2719
6354
5536
6392
6358
6572
4032
996
2376
7779
3177
8549
5115
11403
7536
2232
2402
3865
7585
1618
4732
5571
8713
9306
5498
1087
11160
6505
7846
8806
3416
6388
7396
6739
3745
4750
836
3367
12997
699
9823
12266
1012
10863
11059
12736
10927
11703
6141
11071
12408
11859
5847
2875
558
11713
9852
10203
5083
12003
2315
11022
7672
3889
9298
2813
9742
2431
3065
11622
7053
6570
1116
5185
11385
5465
8320
12016
5161
12081
9903
7143
5893
6160
10971
4383
9419
12473
4014
2643
3786
3157
8001
2250
11404
2140
1507
12384
5154
8202
9505
6225
4566
6494
12787
4786
9116
4132
4219
10187
11736
2467
1939
3212
1160
341
3373
8498
9397
7045
11542
8325
1821
6065
7520
7201
8318
6393
1892
9071
7526
1664
12314
3486
303
2223
6264
7914
157
5048
8675
8754
11532
8076
1496
2490
8060
7702
4301
6019
9617
2206
8220
5765
3030
6459
11265
961
2938
12459
10223
9377
11696
11463
9784
6238
158
7217
5525
5227
953
8376
9566
3022
12628
5045
8764
9023
6860
12515
3975
10778
4484
12723
8087
11470
8170
8387
9829
11514
12159
5006
9067
7100
11291
6809
5145
5990
8831
9005
10777
890
5492
7347
9379
10099
386
1944
2931
6791
2944
8366
7498
2309
3490
1728
3763
1801
3817
3727
7883
6793
9113
298
4178
12797
5982
12022
1893
11161
972
10312
6432
9386
12795
4602
7783
12907
10080
9394
8774
3559
5998
10070
8792
7562
11199
9238
1350
7995
8909
11339
978
5234
7858
4652
525
1432
6455
11213
11235
11227
10584
5284
8338
11486
12175
10030
10854
4242
1361
912
3227
4636
11277
12843
9229
3107
4554
5482
4294
6711
4739
9592
1538
12129
10090
8196
1683
5349
4407
12080
2238
7541
2690
10833
1723
3538
5953
11668
2635
12454
6103
8815
6350
3540
7698
4867
3098
313
55
12620
3852
8646
11381
10822
6480
9707
12374
6737
6214
10006
3928
11853
1765
6827
1397
10506
2258
7653
3628
1441
1761
8469
9801
10963
5933
12577
1007
10969
10926
10351
11499
2645
9034
11848
5035
8970
53
2251
7604
376
7683
414
7432
1451
12576
6255
9234
4326
10054
2297
2404
12094
5177
2602
1045
12786
11839
2435
9642
3616
1482
10857
4226
4170
8635
3826
10755
6816
11417
4628
886
4795
5160
9398
8649
3735
2412
7787
9656
6564
5580
4743
10975
7584
3565
11546
11866
11692
7661
12385
4543
7137
6413
8757
7405
1519
2397
10135
937
10198
12846
346
11995
4183
7392
11817
8110
8116
8532
12557
11392
857
1955
11757
7059
11268
466
3455
12249
10619
3816
1050
5263
9019
1485
1826
8228
7031
74
1114
7007
610
784
572
9859
4599
1539
7108
11786
9791
6982
5624
7790
3883
1159
8515
11980
11187
3777
1531
4511
8787
12741
3012
7830
1623
11568
9862
2920
8561
8470
7624
12992
10488
7573
8280
1598
478
3273
8077
6723
4065
1773
4318
4142
8104
8988
10468
2125
9149
5849
9700
6929
2782
4874
7350
3567
4027
11993
11927
10664
868
7625
2619
8547
4452
12298
12918
3116
7703
2292
4831
1580
4016
10859
4891
9396
8468
962
8599
9264
1295
7730
5086
788
5781
3011
2055
8019
8111
12462
4354
5434
5917
6013
12048
1615
12277
3475
7149
5286
2056
7289
959
2383
7781
6081
2248
8121
3764
3019
11867
12262
5671
3890
8607
6734
3384
7428
864
6498
5439
6876
482
9598
1296
10248
1783
5337
10704
838
11139
12711
6023
3433
1840
12481
9265
11540
596
8838
9252
7018
651
6416
8771
12983
10467
4717
10029
729
3293
1852
12632
818
12451
7332
12434
12873
2953
4449
12263
10606
3005
2474
383
4257
3662
7533
6800
4194
12466
11102
6285
9166
7849
1414
373
3985
3377
4180
6586
2087
9541
11320
10810
11164
12130
12172
64
8627
12653
7583
8892
3195
2483
3923
264
2924
11671
2072
3291
6843
11325
1301
12344
3162
7622
4491
4706
10403
8600
8453
6131
5166
12376
1556
37
4711
7780
281
4081
3778
1302
9450
5960
12504
8680
11214
6386
46
9556
10263
2767
2572
9406
8296
10557
4096
11503
11354
10659
6797
10144
4193
10475
2501
8865
2198
238
3327
7523
11725
10867
2785
5167
5450
6981
5493
8560
1241
2988
9652
5578
12443
20
2692
6823
1247
5807
11224
9000
1655
2168
7084
3078
4665
4776
5219
2332
560
8769
4031
10786
2997
4651
1753
9744
7118
9757
11469
4211
1930
1402
6464
604
2663
3747
4465
4315
6881
8427
6822
8152
9360
9057
10908
12428
5455
8151
5598
9050
3082
3554
5181
12516
9590
9044
4439
10043
7233
4483
1457
10455
2106
10796
10199
10759
4872
12495
10122
6769
6463
2705
4434
9096
7006
5222
2303
2007
12583
5065
10806
6008
4971
3140
5688
4244
567
9416
10948
722
3325
10534
12051
12404
12457
9751
5123
136
2013
4373
2777
3544
5581
5620
4303
8043
3843
9195
2186
5669
10818
12026
3057
260
12542
6450
3812
9730
12511
8432
2242
8552
12847
5805
3494
7357
3900
7145
4410
5696
4117
3969
798
12370
3978
2456
4849
2701
9160
5937
2387
9786
11653
12153
6302
4587
9015
1914
8227
11805
11130
1796
10427
4729
6331
9361
8555
6895
12171
6550
4441
1502
3863
7454
6383
5721
12233
11485
10233
11394
11328
2946
9969
5198
10694
8221
10363
10671
634
10997
9818
1686
3699
12523
7685
2795
5079
6349
4102
9236
3894
10754
6359
5778
8283
5735
11505
7433
4682
6289
8026
2139
10057
3771
1391
11790
1832
4064
3516
12606
2405
9901
1553
9766
5496
6865
1305
9245
12275
5830
10650
218
10189
9770
4658
2895
1250
2281
2189
7226
6655
1193
8668
267
5913
5444
5292
49
1866
6192
6933
4896
8537
4394
1973
4806
6425
9981
9385
7047
9309
2926
11052
11723
7135
3358
10033
6767
2842
9754
7854
4097
12418
5625
6524
4201
7806
4229
11138
11090
9569
8772
5962
1909
11896
1789
4494
8391
8618
3961
11181
9340
9136
11880
5569
5397
6607
4025
5254
10918
5875
12618
7863
3349
5437
9480
7568
10744
6198
6005
6608
6975
4664
8154
826
518
1767
10728
6886
7629
552
2871
2244
10609
10283
9204
7188
6917
5499
5825
2239
6999
4337
5608
1540
9459
7001
7048
224
12930
9333
521
4950
5294
9474
11256
747
9054
7960
4572
10231
6315
6996
1932
9849
3646
11787
1952
8210
8539
3285
10308
1881
12436
11666
8373
5968
2030
5923
1926
2439
8763
10884
240
12044
5143
9093
11495
1965
5794
7613
6532
4885
2659
2272
2816
10325
6938
1662
12676
5477
710
905
6905
4759
8199
7105
8378
10504
5520
5077
7772
200
5243
4360
2986
3937
9193
6500
8862
2523
9986
12536
9430
8139
18
5707
12229
4983
6443
6188
1458
7872
5022
11559
7382
1446
10086
11818
3258
8685
2264
8795
3624
6686
3274
3478
7481
1912
8303
9802
1586
12036
10414
7167
3590
1215
8568
9698
10314
12028
11745
2958
8576
12778
3879
3031
9794
11717
11808
11323
8505
369
8523
7586
1758
3547
2932
11292
7430
5637
6637
2879
10632
7489
8406
1838
2484
1377
11459
8284
11131
3911
401
11780
3350
11681
6802
2079
10481
9540
7128
827
2881
5324
3876
10602
5699
9355
2666
4300
9219
3641
1533
6565
5852
5376
365
5070
4127
2632
5090
3300
11753
12441
11395
1673
1129
11541
166
3754
3688
2610
6303
6401
11517
6304
2630
816
1010
12924
581
4920
6529
2037
10288
8389
6294
7892
12931
3976
6519
3655
4188
11930
656
12422
5655
4190
1737
1936
671
7389
6101
235
10956
3281
11923
9152
9599
11598
3905
2903
7325
9833
12623
9462
9710
1409
7651
9964
10723
900
7977
222
7285
445
12765
2712
9256
5989
9476
9962
2288
8904
3715
1315
11552
7968
188
11564
1196
2760
7000
6514
5015
2021
7040
936
8785
9654
6693
6954
7715
6942
10194
2915
1282
1917
10197
9032
285
11219
9317
1015
9246
6353
7709
7219
3214
601
4785
8241
10719
930
4033
11036
514
8602
3702
3964
2011
3145
9647
6157
254
2302
7570
10124
2947
6112
6373
817
2347
140
7298
1281
6914
54
7898
6182
2480
9525
12876
11429
6057
2682
12107
10374
12255
80
7539
11664
5527
4171
4845
4435
12184
1771
4835
12640
8242
2388
12675
6022
7021
6799
577
6273
2678
4591
12388
8410
10358
10209
522
10112
9968
6558
9477
1435
9382
1966
10453
12242
3017
5387
4090
12377
1277
3983
1192
2321
5339
4406
9460
8200
1183
1794
5050
2096
2147
4152
8269
4346
4087
10267
11772
7161
6518
1265
3396
11938
11080
5428
7793
8848
6627
2553
4716
6052
1112
8245
12705
10050
10383
4782
7895
8265
1575
10183
6220
10388
3607
1523
1508
9359
5288
822
3344
11663
378
11733
4404
9022
6742
6983
5633
3989
3154
4541
3696
7918
7010
12261
58
4476
5601
740
10913
7804
9699
5951
8027
6466
9538
9562
3627
2441
2028
10013
6176
8567
2452
2642
11400
12803
6094
6968
12032
4955
657
9045
8502
7868
9328
5334
11493
10218
5098
7230
618
12227
11921
1021
7155
11273
6034
6066
11625
5078
7328
7538
3346
4961
8159
8528
10852
10537
5483
10220
9026
4411
4265
3070
4370
2901
6977
12004
7381
343
1100
3633
4889
1000
8048
6417
3694
6648
9822
5053
10683
2684
11742
10985
10965
4561
70
1118
10038
8902
6376
7213
2679
5459
7202
6472
3910
12580
8329
1691
5747
10994
9668
8473
12196
5174
6576
4881
603
5534
787
3919
5139
7451
5565
8663
7246
7205
11018
1596
5643
2517
8650
6994
9237
3603
11646
5758
8342
6481
11180
2287
1516
611
9616
7660
3176
12460
7833
12299
8940
11057
10141
7771
1163
7019
11407
227
9821
4287
8177
406
1276
4606
9200
7236
1004
5934
696
4605
4196
7317
8884
489
2845
6234
10492
2511
5137
5502
8096
6242
6652
12346
11238
9090
4091
2446
7320
10130
7022
9051
6735
10590
1082
1341
7855
6579
6335
442
6682
12572
3468
9628
9975
1096
5829
5104
7969
11054
5944
11862
869
7086
9946
6840
458
9554
8800
5190
4669
1612
3487
11309
9954
6829
3323
11259
12139
7265
12072
9650
5414
9121
2984
12813
3134
11169
5063
10686
980
362
573
8444
7765
4023
1172
1020
9175
7394
8413
11423
2220
7475
7240
1056
12849
6864
11569
5656
3090
3110
2827
10406
9720
11633
10483
7807
8524
1546
11037
7959
1979
9487
6696
5957
6986
7424
9824
5126
7876
119
5563
3722
10182
4252
1682
5330
3708
1837
12694
1310
4412
10242
11924
2108
6477
7904
4335
3066
59
11284
4718
8313
12357
4563
11831
2841
6909
2300
9899
3042
4173
10482
12520
2746
6717
9244
10900
5266
11069
6904
153
2246
7257
9489
1514
4129
1681
10732
10620
5183
6003
4052
11810
8621
12482
11326
9024
1600
10269
2586
5403
12165
2704
3184
5771
11307
11251
1777
1601
12345
9321
4517
2607
3164
6891
6446
10225
7134
2515
8312
1589
1439
9661
3717
2792
8633
8819
11857
5908
7082
8855
5874
7476
2589
8924
10473
11191
5118
11825
1461
5770
5692
11179
9061
7494
12922
6841
8222
3117
12324
9063
12050
7545
8491
6226
6762
8472
3239
7847
11524
4321
845
12039
3635
3605
5135
948
6340
6671
2159
865
10472
1524
685
10022
9733
3024
12775
17
9006
8954
9792
4414
10271
9640
6124
6410
11773
10016
2724
6738
6174
5892
2145
12177
5795
1872
8231
538
11106
8279
2018
3951
10615
5878
1782
8969
12706
11483
6036
10270
11388
11398
8046
2720
11445
9180
9977
1919
10364
7713
6813
5753
6164
374
2907
9783
2109
10446
12953
2103
2878
8428
2420
2041
742
5480
6186
10644
5085
3748
6342
2436
635
10931
12160
713
1126
128
12234
6096
3008
5120
8688
5217
12240
6471
8536
11446
5658
8351
9272
11685
13002
5786
10928
11433
9918
5302
9066
7552
3785
7612
4371
1557
11523
10243
3354
10756
9269
1464
8665
797
8171
11319
3181
7331
5425
2282
12199
9030
6863
3597
9012
7619
5490
8918
5530
3385
562
9942
6379
5885
7463
9810
2847
2588
6923
10321
1611
4638
9738
11112
6476
7991
1242
3286
8478
97
584
12837
182
1090
3877
7606
6371
6691
7984
3680
10817
11639
12306
11405
4392
6245
3720
2073
10775
10246
1025
1068
6369
2755
327
8235
1110
8716
1210
10151
142
2890
9261
4013
8205
10181
11287
10221
11246
7183
4829
6299
5038
4884
232
3380
9072
649
6944
751
6223
1086
2780
8659
3100
1986
1885
6137
11204
4709
9086
2995
10576
1363
1329
11497
1889
4307
9737
311
11940
52
7844
7074
9064
12435
2351
4069
1998
8368
7998
12518
3576
8827
9546
2256
7933
11303
8580
6035
11638
419
3109
12514
10025
7322
12109
3086
12717
12413
9441
10465
4361
3790
9168
2093
364
5780
11621
12866
5512
10444
8622
6237
10115
10276
7647
8429
6061
9036
10188
12088
10539
202
9557
2929
5202
4811
8040
1571
5905
9438
11656
12746
903
5617
4551
3021
3232
10724
11067
5110
12025
10995
5201
12406
2505
2840
2664
6365
7591
2773
9498
6547
7865
934
9695
5709
4100
3337
2192
12665
1132
8117
255
3625
2341
11467
12880
5256
9814
4957
4209
3970
1654
9342
123
9529
3769
5176
1948
7510
10464
5027
4055
11620
12055
7657
4663
11229
3449
292
1071
8562
681
11981
7334
7371
11035
1756
2688
7712
520
9304
1342
10828
6523
1359
8983
307
461
1358
6484
4562
7073
9563
11809
929
16
12223
5240
7890
8070
4238
12468
1512
11816
4424
9772
12955
1918
7157
7589
6016
10136
1856
11584
10146
10110
3761
7857
4212
3819
6706
4627
6925
3423
10982
10272
4197
12726
2539
8781
5690
12363
5368
11941
5609
5072
3224
4004
5327
12239
915
4722
5094
3482
388
2066
12141
5401
4836
382
6017
9624
42
10691
7725
10785
8383
7850
11581
1593
2105
8326
12906
12134
2482
8321
9223
7652
1178
11587
11991
5846
10105
1395
2427
1166
2628
1150
5815
10320
5245
8614
6457
4788
8634
992
2195
1212
1938
8251
6108
9258
6149
6945
8686
10316
7095
5216
12691
7993
5582
7776
10508
3671
2308
2638
10380
2141
2565
9470
12190
7907
8564
9614
9988
7511
3814
10646
12217
5200
7172
4185
11128
9876
9465
12313
6526
2576
5297
5919
4036
12098
2437
11782
4721
2457
9401
1434
8005
7422
10910
1741
2082
8999
6119
471
10524
9560
3146
5681
8636
9253
8448
10463
11150
5281
137
449
3818
6828
6200
6631
5107
12546
6381
12417
2249
5136
4727
1236
5028
8897
12841
8879
6527
9021
12767
5800
794
10226
1853
2991
3957
8357
277
5925
4671
8277
10202
7397
208
9763
9426
3418
2859
8487
3697
10549
5848
1931
12954
12166
6830
10814
12382
1268
2345
102
11390
9736
7376
2074
12361
6950
6932
1961
7078
1222
9074
1668
320
10827
3270
4954
4006
8760
6236
9281
4250
9288
3319
8360
3759
11794
11590
5454
11636
7250
6296
6794
1754
11051
3537
2673
8109
7339
2828
4827
12570
169
3133
12360
10882
8837
3459
7037
8753
3405
11695
12158
7418
10164
7896
4637
4235
10813
10384
5187
2987
8780
10640
6643
5340
5678
5942
3870
2316
5737
5996
6515
5723
12446
3268
4165
5210
9728
48
8044
7958
2831
4070
1738
652
10583
4068
4523
2768
7373
4892
9639
9672
8588
11085
9584
2379
5668
11015
1530
2382
10045
10487
6908
301
10976
11047
6154
4473
3806
8230
9410
8829
4426
219
4177
7502
10866
847
12785
3749
9
12573
5541
6429
632
10621
4837
5405
7567
7353
6180
1529
8876
1935
8578
6038
2450
3095
9767
9526
3704
8115
7
11192
6712
3934
12532
4576
3283
10361
347
12414
4356
6716
5211
177
5021
12155
8810
6727
12065
12380
11038
7293
4804
12554
2551
3317
10765
1867
10448
11811
12330
4149
11648
1602
11946
7506
1254
5680
3143
4531
4150
6179
8856
2910
7971
5274
9685
1916
3343
11370
12447
7542
8416
4880
9349
12070
3525
215
7474
9217
12312
8595
4590
11712
12928
8530
2558
11183
101
2092
4775
2950
7903
8783
6297
2592
9760
1428
1421
2453
11912
11380
2631
1220
11004
6256
12877
5468
2162
397
10093
6153
11615
1474
494
1001
12820
1280
10669
8488
3254
5867
11334
646
9047
1831
12127
1647
2862
4969
7601
5237
3111
10378
104
7571
5238
1146
9915
1942
757
2336
4008
2649
5889
10244
1407
12271
10923
6085
7090
1713
582
8401
6323
6538
4905
12537
10634
3977
4402
3846
4118
6542
6694
6566
4848
6756
6072
5670
5061
8494
3203
10613
7686
486
3371
12692
1920
4289
2651
4104
8710
5621
345
12904
4963
12173
8421
7478
11792
12783
11149
11605
9415
7735
6758
3260
9659
7664
7228
6548
10219
12241
5945
5479
3853
11763
3803
4565
12439
5158
8965
10173
2411
1174
8948
3519
1731
4866
4015
10379
1034
10829
7597
10228
3156
3369
12339
148
7889
7829
9508
6465
1460
11188
7393
12095
12965
8723
10556
3403
3430
10692
5888
4045
12749
5249
278
5596
7945
4595
4263
2765
10570
12470
6683
8647
3548
9201
2771
4497
5857
4518
8516
2398
12062
12942
12821
8137
1499
8587
1322
8964
748
687
9220
4713
6404
11515
6099
10498
3585
12908
12037
2150
4131
1629
2601
2489
2927
10951
9216
7295
11567
3381
5456
870
5247
767
9062
6814
1478
1331
1503
7448
3441
12693
10862
10348
5182
89
207
2680
1449
11104
390
3552
1712
5427
6946
11261
9561
2327
8861
12245
3379
3820
8858
5766
9863
3787
317
12247
4378
10713
11116
5559
10572
9367
3280
11744
4079
6084
4339
9491
7582
4898
1669
4940
6389
1550
2882
11556
8804
178
2360
12919
10445
9128
12151
11734
9381
2805
11850
10008
4080
5642
9748
4268
14
4143
12957
5956
2590
2615
6808
5726
35
7222
9183
9922
2858
9597
12698
10401
8721
3192
10520
3399
6487
2015
8740
9425
6400
12689
3179
4667
4108
9795
7525
3340
10766
9255
10630
9761
11608
908
4506
7885
6916
7051
9665
11755
10088
7025
4453
11828
2912
3513
1817
1139
7127
11937
883
4949
441
9356
5179
9389
5398
2962
10752
5413
12334
10999
10163
5067
919
9930
9831
645
8016
7234
2591
3757
3728
12952
8004
8705
8271
893
5408
10393
7721
12985
1717
12856
12379
628
4500
4221
9145
1381
10046
3804
12565
9680
1036
9779
9764
6185
926
165
8460
7400
5972
9938
10047
9337
10514
1631
3068
9081
904
638
502
12017
10945
387
2210
12963
8859
3891
4273
3223
8248
4460
2883
4999
1967
6699
4929
3013
2762
2611
3845
9509
1016
12505
8355
1031
2044
1405
7723
8761
3442
8080
3678
5303
8300
6763
12613
12407
2434
12397
6117
6408
9966
9864
7546
1521
559
5153
2002
9686
84
4261
8107
3545
4819
8907
9424
8055
12687
5417
10355
11416
2401
2410
4703
12019
72
11288
4631
8155
3509
1558
3407
732
5663
5626
12163
6205
9249
6442
8037
852
5144
12973
2171
2966
9724
7359
10307
2948
4316
4151
3410
12681
4120
9137
3504
230
10795
6724
8666
2078
660
79
11198
12303
6375
951
10327
2693
12707
3443
9224
8092
2772
8102
6838
11196
11473
7129
12563
897
8032
8024
5742
708
1452
2289
8358
1211
3362
7287
2322
9473
9016
3174
4295
7417
5711
1637
6790
7304
8901
1320
416
4741
6239
4748
4584
1726
2298
9235
11209
2634
11964
12569
7602
10260
10461
1162
1646
3602
11550
548
4066
6233
1327
5775
8812
213
7527
10330
6351
6075
1049
8484
3642
7079
7878
10879
8176
12305
6193
7819
3251
1718
4145
10165
5141
11783
5088
7345
3088
11345
6974
677
4049
2222
11667
2426
8868
11267
6618
10200
2640
1984
6926
4285
436
8273
4801
6339
975
7671
3376
10746
4754
9521
6488
3844
2122
5938
6142
10451
5197
5223
7255
8871
9715
609
2493
8896
12758
3638
7271
4495
4286
5423
7558
12013
2721
9625
6374
6622
3153
1491
2935
8734
9257
10850
12935
10469
6212
770
3805
2670
12545
6018
12352
8880
8939
11009
217
10917
11884
12524
6439
5630
10161
12638
4309
5532
1042
2067
7361
8743
7983
12507
5818
1367
9636
621
11347
1214
5673
5965
5553
10149
1332
6069
846
8031
12178
4420
11870
3947
6993
5790
4195
9374
4738
3104
2115
11767
4105
5928
8912
11689
11465
1816
2573
1398
7259
358
917
2667
1130
1842
1290
10334
11521
849
1983
4719
5561
13011
4475
4343
3794
12432
6216
5332
9877
1541
9390
9502
10603
3059
5628
854
4167
11718
8770
10675
12662
10366
2513
3875
9974
1639
9923
5551
5682
4581
7026
10059
1382
11379
1176
1392
10731
1849
4982
1730
3229
11335
1119
2788
7049
833
11748
5473
4442
8012
1365
4698
1069
12250
1041
6543
8028
2112
10205
10958
3760
7462
1134
1581
12960
11304
2361
8662
10206
4903
1607
5235
199
4598
12038
8013
325
8426
7899
2038
12643
12170
7496
698
10762
2333
7794
2626
1415
4416
7767
5645
2560
308
1349
8131
13005
10848
7319
2835
6569
9043
11248
11687
918
12362
4821
4871
11363
6788
5863
6473
3974
10561
586
9880
5097
12871
6948
11989
493
5515
291
6327
10005
5954
6004
6213
6288
6910
106
7824
2992
272
4236
3299
9366
11652
2358
10821
10831
10280
4172
11801
2486
4979
338
10089
8377
12426
10275
984
3034
920
10452
11464
12144
7834
7193
7232
7902
6014
3935
3914
4330
4455
12156
10398
4144
7569
10092
4928
5392
12950
4924
1839
173
3383
8608
8709
8270
3968
7218
2748
5033
9130
4756
6662
8996
809
1945
6678
8866
11295
355
4644
7067
11779
10955
12522
5904
4502
7516
5602
5241
2310
11890
11271
5041
6623
3242
8418
11118
12424
1062
9069
8008
2547
2942
11603
4894
758
7951
3409
8606
1790
5980
5150
10261
10289
10104
8323
6252
2283
344
7204
5797
223
4810
11360
1744
6279
1292
8563
6859
1070
11172
8094
971
7544
9517
7364
9674
94
8714
7122
11215
9073
6482
11799
6328
10651
5597
9392
4980
9653
353
1076
7880
6504
12531
6780
2349
2922
2672
11005
4668
10159
11438
4153
10274
5606
10279
10420
7816
3301
12946
11103
2641
774
2179
9565
9146
7798
644
5969
7301
11012
6001
7720
10658
5091
4681
7260
3364
5342
12798
4245
7126
10880
9648
6293
12300
7669
7383
6628
7595
11934
4838
5592
12020
10881
62
9531
9208
771
43
4440
5272
3063
5495
4058
6332
2889
1098
9139
12123
9916
3712
4734
3561
12870
866
7456
11432
8334
12238
5577
1911
855
3244
1501
2500
10532
3795
12006
9324
2606
5718
778
2838
5588
13000
150
6391
6278
10936
3303
3878
7603
8480
12937
12367
4348
2799
540
6695
8584
8777
8851
2207
6927
12073
10113
12145
10160
12807
12844
5895
12668
12559
9119
5451
2123
3950
4612
7697
9979
2205
10305
6046
6151
9095
536
7033
3955
3681
302
4640
7368
10911
4283
2089
7665
5911
9945
11519
7700
5882
4468
2273
12839
6020
9881
2492
5220
1582
6102
3868
10625
8049
942
11607
1902
12695
8066
9230
8671
12945
10098
6984
1710
5209
2812
396
3521
12186
4745
1272
1314
12222
5114
258
6835
1708
8098
2174
7770
9172
2031
8466
7168
3372
5373
1325
6474
2033
8041
684
1430
1844
2157
8933
12033
5706
8193
988
12259
2354
5993
5537
9028
5433
4230
3074
1527
9357
3217
9745
10390
5395
8609
11099
10418
2521
2722
5055
11222
8681
7369
6049
10575
9534
4629
7565
2216
8346
9731
5964
2262
4911
8124
10003
2263
12938
6243
1364
5550
2512
11074
10516
4533
10897
5377
9694
3534
6894
11807
3029
570
5619
2535
1802
4601
11384
6692
11876
9131
138
7966
2503
8745
2937
7316
10618
5672
8451
2520
11217
5419
8457
9808
3529
5010
6397
2261
1436
2286
12579
1757
3199
10861
5412
12964
306
10874
8816
5277
3414
821
5985
3329
3502
1037
4469
10443
2148
12568
1170
5353
11023
5333
1261
234
8976
1066
1140
10285
8381
3908
3473
9691
11253
10132
6545
539
11965
7467
4800
8890
4578
2945
1591
2711
4413
4290
1298
3453
6426
6765
1513
8656
9837
7940
6995
6478
12137
8197
11086
10592
5827
3672
7103
820
6161
12371
3789
11518
8386
3238
2994
6641
5649
12386
5348
3822
11451
695
11721
642
6187
10622
4293
4815
2764
5381
10914
1709
9692
947
7207
2203
8702
2180
5128
12864
3108
12213
10009
1552
8350
7922
7813
12678
8911
1308
10679
10408
1224
592
8033
5659
7457
3936
4272
6316
12202
5081
6947
762
3775
9411
8229
4710
8973
6872
5436
6399
2989
10788
3122
1324
2161
154
6902
9493
8352
9989
7251
10930
10499
6867
2438
11661
8589
12634
11136
6177
1416
2689
12149
3784
4984
8718
7181
10503
9629
1799
10526
7752
96
10298
11735
11290
6869
6281
11095
843
6666
11202
10600
968
7292
7811
4078
2183
8341
3643
4840
10773
5517
1145
4138
2745
3198
8949
3568
1677
1213
8072
2429
9703
8645
4009
9478
1046
5363
6726
5575
5191
9267
6407
769
6997
8201
10049
1567
12083
71
11882
7488
969
2451
90
6271
11206
4249
12558
10196
201
11778
170
8616
12231
5714
12475
4464
4266
7731
8854
3962
2502
3334
11289
1362
12154
9165
3027
3685
2581
861
625
4809
3124
2417
1910
7548
1605
8307
7891
9536
12203
627
5299
7096
6136
6766
11951
6653
1345
11489
3419
9828
509
3692
12200
4331
7085
9719
11247
9955
888
454
2906
5799
280
4443
8362
2170
724
10176
12278
11488
5082
7113
1323
2530
12103
11922
26
2877
9433
7277
1763
5335
11887
476
9187
7199
2000
5764
5018
2209
4947
11716
5214
9227
2968
7662
289
248
9712
1510
11081
5221
6346
3161
4965
6377
3246
10647
6090
2255
5828
2952
9585
7719
12666
10519
8805
1293
1933
531
5974
2527
5476
10689
10565
1340
12682
162
3676
8642
12084
12440
197
12879
6855
8654
8275
3182
3267
9287
3913
8218
2020
11260
9589
4632
5623
688
3147
5388
6025
7245
10291
8501
5224
4136
6798
11092
12704
12449
12850
12968
5280
5322
2305
1048
4213
9634
7158
192
12730
4705
10801
1384
9307
12796
394
6660
8610
11706
6276
10021
11759
11548
12732
2275
8629
3960
1263
8755
2866
11472
2054
7452
2807
5251
5365
11041
8664
5995
10855
3484
4085
9591
11599
4648
4255
8579
1141
7402
10964
11957
2188
9935
6626
6445
11910
10569
10230
12598
3512
12526
7179
2969
5127
2444
11082
237
7342
11863
3503
9524
666
10024
12444
10282
8690
1273
2609
12534
8776
4385
1704
6113
5100
1772
2913
5007
2703
6636
6150
3619
4114
9445
6645
11566
3921
795
6771
7590
6990
5020
6062
9836
8620
9887
1675
4539
2240
3216
9315
5684
1734
10678
5865
8791
1047
11285
10011
10544
2593
5364
11121
12194
2085
2793
4207
11439
2176
6615
6776
7315
8145
7282
2495
12116
10550
2396
614
10521
5744
2458
3196
5313
3741
2077
8790
6411
9283
9777
2386
9797
1725
6060
12790
81
10394
4128
3131
203
12219
6229
6832
2869
3972
5543
3770
3469
7694
12826
10517
2654
3004
6719
12751
1597
4231
1785
1003
11233
1896
3986
6334
3158
3311
5916
6775
7258
5641
6260
7682
10442
3630
12663
10714
10546
447
5791
1217
4888
3657
4351
11836
9399
9155
12327
3570
12368
3130
8464
3361
185
6156
6135
9775
875
10547
3956
2934
4687
8186
6501
790
10737
7413
10837
6512
4803
485
662
6842
7064
7608
4399
8483
5001
11027
5751
5700
5616
5510
9215
3598
8133
9815
12225
2791
10577
8893
5759
9910
6670
8603
2999
6943
9207
425
4646
7014
4040
488
913
9953
850
12584
2556
6330
4740
3125
1411
1227
9603
2228
4456
11674
4037
2700
4657
8703
5651
418
4396
10916
7267
9769
5675
4147
7980
1194
7921
12383
4747
1871
5930
11007
11815
10870
8828
2808
6743
4544
7908
7054
12508
2691
2165
10023
12987
707
12471
7027
8038
5872
11175
12686
2142
2151
11775
4444
11397
8207
7072
4797
6491
885
8148
3613
9311
1206
3674
8083
3514
2050
4140
9722
3965
6384
4742
3864
6620
5716
10294
8533
7946
288
1660
12816
512
2955
8311
11031
5756
11244
2916
6764
12086
9806
2676
8408
9314
3236
9492
10905
8802
7845
5562
9320
468
11551
11341
10794
12905
1925
5236
9684
3470
1975
7147
1929
5932
3488
4877
1626
76
412
8212
11600
8759
11046
2290
8407
6424
1
11956
2136
10031
9009
7133
874
3902
11961
8522
6980
10614
6878
11255
8638
823
9934
10886
11049
9372
10416
3351
12615
9418
12539
6210
8701
3582
10238
648
469
3330
7690
2608
10369
11643
9456
3669
9111
9040
10657
9781
5464
10129
11558
1102
4697
2017
4001
3085
7693
2454
3071
7862
10779
12972
9689
8928
9326
8078
7839
12712
2974
697
2100
11970
2014
5471
7681
11868
7268
1594
12898
9308
10567
6673
12009
3644
1534
2786
2825
9369
113
400
11151
4878
6517
10501
2061
5851
6461
3493
6441
11802
3015
985
10698
10479
11250
9621
5320
29
1876
8054
5897
554
8817
5445
4812
109
1995
4217
115
12235
7877
10333
5533
3653
2424
12453
3650
2752
8917
7093
4490
118
4824
1824
8287
691
8719
3175
10733
11119
6364
8850
5516
1360
4158
9709
5205
7733
1032
1797
5648
233
11068
7203
11894
6322
2851
2202
6055
730
5293
323
692
5049
2996
5461
8962
11014
6584
6486
8504
1246
10278
5992
12842
126
4988
10545
2065
11340
7426
1899
12124
10808
10944
9785
561
6312
4418
10891
3506
2888
8499
3611
10535
7687
3996
11176
2811
4688
9098
3551
2779
11708
3746
11240
2293
2260
6319
10894
7695
7578
10123
4279
4204
9632
7840
987
12902
10629
2365
5071
5301
11771
6741
1284
5393
4048
7737
5080
7473
6544
9097
9420
3730
6228
12899
4699
9368
597
5310
11688
5622
11427
9721
3700
9115
5418
1764
2567
256
10742
6496
772
7050
5250
7777
407
9041
1030
12390
8298
6625
2578
1088
2296
10251
11824
11073
12673
4818
2126
11657
1467
7377
3321
3264
135
10803
7916
11318
805
11988
10553
10551
974
3507
6779
6732
8246
5032
4050
9161
3799
9631
11302
11006
324
6059
783
2184
4029
2416
4227
9681
7508
599
884
1547
5267
11100
5140
624
3119
7414
11539
7139
3886
11359
1846
4139
5733
2863
10563
11113
11117
6640
5856
13009
6204
9610
6873
9300
2378
8833
664
2559
8409
7894
10682
10002
7815
3392
1634
5248
226
661
8463
7860
8423
10878
8010
12664
5171
5466
515
5059
7764
6605
10974
8820
9957
6922
7061
5644
1396
10533
3555
2130
10942
1372
8990
10235
451
2459
7499
752
6246
1636
5941
3532
12512
427
3871
7262
4736
11626
4039
12657
3072
12071
7263
10933
12104
5481
11249
9782
9928
6007
5783
3440
5415
296
10131
7926
11871
4447
4760
6215
12131
9323
8332
6988
1915
3881
12977
1228
3729
8813
5096
11996
12762
8317
6056
6972
12220
5229
9855
11373
7738
7988
3930
10610
9773
6888
10798
8967
1232
12092
2367
2957
11449
2036
1857
1158
5796
12794
589
4028
7092
9018
5971
9240
8456
8113
5066
2580
907
1440
7818
9513
10954
12207
9099
11358
10017
3716
6937
6224
5973
6433
12891
6574
3341
10377
1229
11593
615
9144
10598
1745
11050
8550
3408
3918
4519
5631
8441
5702
1444
134
3808
4198
1027
8746
7281
10783
3204
4714
10360
723
9432
9138
10458
3581
6546
12913
6685
5009
8845
11186
1184
3172
10214
5228
8288
8724
12600
11543
8945
12677
433
6428
1974
11019
7303
8064
6385
4364
9436
2594
8206
10616
2285
5116
9512
12356
1940
2245
5822
4863
4099
9159
7599
38
12102
3365
8276
12273
3906
8966
12054
10738
4493
6583
10929
8172
2369
12415
11691
12541
11976
10125
3429
1752
10069
7264
922
10184
2519
9151
12281
4842
513
1819
1074
3710
1267
9035
2770
4893
5940
11623
579
1097
4458
4643
9002
3135
6633
8011
1445
5218
10824
8477
3620
8396
7042
4340
6531
7961
8569
1928
8282
7927
4304
10581
2803
580
2230
7041
4991
3186
10984
3263
3191
12910
6589
3733
3446
2736
1651
9846
6130
8661
2313
8925
8651
2716
940
763
4186
11932
11093
5042
5212
3801
7656
5358
11555
4222
7838
11827
1578
3695
3294
392
12893
10673
12237
7564
779
576
7349
4317
8558
10019
11327
312
2894
10332
4474
10174
5446
5305
12648
1943
7692
11583
6821
8914
2414
7088
4503
7421
12228
12808
6448
5784
12100
8598
4730
6669
2409
11536
10680
3550
6930
6314
6485
4649
3051
3743
1026
9383
11537
5820
12743
10264
856
7453
114
3295
1157
10904
10372
4098
5787
8217
9843
1459
6918
11444
12393
8797
4620
4596
5406
9921
9845
3009
8365
2956
11314
5308
9461
8225
8354
4159
11843
7929
1644
602
9723
12323
247
9551
5611
11789
2961
793
6844
8881
4674
9331
3296
10763
12420
10256
6155
4232
1078
183
2465
5121
2964
3767
11837
1153
3982
5757
4141
11346
4600
9947
1999
12469
11072
7768
4993
8853
4054
2231
5557
8581
6409
3788
4038
11490
2221
6030
4205
945
279
10805
10559
27
3731
5814
2318
4724
12566
2400
7434
2163
12168
1972
2744
1164
3522
7191
11029
5554
7379
1006
4936
4234
1703
5612
3404
12442
4930
7611
12333
819
10344
10433
12703
4900
333
253
5560
11402
5252
5295
3255
6378
3583
6171
2364
5231
1408
9037
9932
4525
12005
2781
11933
8957
3018
360
11089
2730
12001
10293
7185
6012
2797
7254
11061
5410
11351
7176
973
1492
3973
2088
10302
266
9873
1285
9940
12047
11353
10346
4241
2514
10222
5435
9092
7897
3593
11126
3945
3539
2852
1698
3802
410
3287
11795
7013
7749
5296
5632
11350
2817
4137
10306
3099
8126
6181
12099
9169
5903
6677
1786
3518
9902
8869
12750
4247
6761
3709
3800
3322
6418
5225
5545
421
7802
4935
194
6268
10012
6638
9778
334
2769
366
4534
9327
4086
5420
7843
11812
10
2753
6309
6248
12002
6261
9284
5931
9793
7196
3155
4512
3640
8398
8590
9995
9251
11592
1355
12671
7171
6936
1142
10186
5776
8446
4175
9292
532
7444
3248
2546
4686
491
10797
12509
11171
7447
10450
9967
906
10597
4482
955
3335
10075
8551
8739
7789
7366
10266
2605
10769
808
2110
2118
9615
4537
11476
8811
11504
3332
3460
4568
7633
12590
1845
5629
982
10340
2525
1818
2274
7775
844
2800
4430
7699
5506
12604
11693
1697
1175
5448
7063
839
3356
4094
9471
7401
9678
11967
8737
9619
2836
11194
3859
5269
5194
12859
1781
3310
9571
7821
7060
8489
330
11650
10747
395
3061
1724
1039
2190
5777
257
9518
4308
11008
8437
8161
11926
10925
6614
6
623
6098
11572
4642
2413
3412
4059
2618
12498
8497
5864
379
8294
8803
2918
2156
1121
11612
7755
11874
12478
1897
5704
8449
2311
12074
5148
6731
10825
1701
92
6221
11254
4319
1927
4264
5519
12244
10439
7621
7853
12680
2010
8977
11064
12659
12661
5886
12998
5102
4313
10726
9520
2419
9079
5443
9905
12920
7710
9997
1472
12257
10240
12270
11158
7239
7835
1079
10117
7572
2621
10740
6189
1792
6287
10623
7256
745
12710
9413
9279
10311
9135
11677
8404
499
3306
9423
9914
3393
3420
12510
6163
4093
8691
7450
12332
6292
10224
1347
3120
2485
10909
6259
6979
4448
11241
12753
5868
5877
8885
7107
9440
792
8624
4501
10875
4968
3737
2138
10319
11829
6434
2455
10889
6598
6423
6197
7614
4902
5636
3572
8243
435
5203
2496
7308
7195
9466
9638
5901
12188
12307
8898
6360
11462
465
12119
11274
5152
2697
5017
8908
8542
10745
2633
5336
11114
6747
7869
4951
10957
12042
5523
4960
4696
11743
11348
7247
3315
1696
3924
4233
262
9861
384
5261
8950
6690
8097
12925
1873
2830
1769
10920
4278
2725
9519
6274
4509
4228
10823
11197
8500
6833
10292
11904
11769
4436
4338
11714
9961
3121
352
1448
10912
7223
6748
10509
10051
7576
3791
8059
3097
715
8864
12267
1987
7439
860
7460
3898
12708
7620
2473
2717
5159
2359
3132
5627
196
11698
12724
6537
3417
8379
1658
7949
9444
4997
1311
2048
7831
6634
1949
5936
6912
10060
3773
385
287
12814
8521
239
3992
4208
10893
5285
2985
2469
11576
8997
3618
3202
11448
2598
2199
12392
4243
10554
6265
11411
1179
5792
6934
1149
8887
6965
8923
6595
8527
4095
2949
6862
7524
3874
12802
9496
4678
9865
7501
6689
11982
6955
7030
8733
6419
5859
12894
11313
1971
3840
5657
881
4990
10204
8601
3241
2058
12077
12733
6713
2460
7549
4559
965
9118
432
6263
2071
3472
5640
2178
2899
12699
8014
7472
12209
4017
5189
6772
12246
375
10201
2046
9539
8612
991
321
342
8445
12366
9181
800
7497
4972
2891
2683
4174
8877
8698
9294
10062
4352
6058
10511
10010
12971
1833
1138
1706
2099
12586
10153
11440
6195
3091
5019
4895
2972
7146
6402
8825
9059
10039
8669
12162
4579
4784
5233
1053
1870
2403
4480
8891
12884
3634
47
7763
7655
7338
3575
5371
2006
8458
2160
8493
5695
5871
1081
7743
354
11375
12477
8801
10342
11078
4796
3247
5526
4451
10395
1239
9241
5370
7412
9453
1941
9380
2975
2804
7356
8425
1657
9439
12912
3222
6577
4082
8511
440
3701
4389
8968
6184
6144
3668
9834
889
11033
2095
10424
12480
12097
7208
10739
4608
12252
9511
5052
3305
10193
10081
5734
8919
1426
3075
9568
11458
1454
2904
7717
5686
1061
7509
4571
426
11702
7805
4614
8025
4357
11918
3326
2665
3837
4995
5654
10437
6363
2196
11785
5595
1259
12164
4934
6447
12502
6202
5458
1465
9574
12592
6730
9179
10241
10391
8120
3076
11003
5155
2662
1671
10735
10858
5719
588
8
569
10484
5169
5947
12556
4024
11016
7406
2599
446
462
11553
8395
10114
6427
12878
6792
11362
6352
10685
11885
12183
2155
12316
5378
5983
12718
10677
3313
11105
3163
4958
11741
760
12625
9577
12793
1956
11986
4347
4498
11644
212
3438
6497
10710
4623
3596
5531
6370
9297
3166
3579
1670
10888
6511
2442
9747
7150
5574
6087
2225
7052
12007
5400
236
1678
12251
348
10158
3014
8630
1954
10799
3721
4755
11999
124
3994
744
261
7038
7375
8644
6454
11428
3006
5204
3160
5291
4695
10943
1747
939
6857
2552
2919
2574
1715
6718
8214
4179
3636
171
11531
11000
8438
10612
7540
12335
10599
7796
5004
4163
1059
6552
3233
11414
1455
2385
5880
7360
294
1136
9263
4107
9530
8510
3594
2477
9812
168
11637
4792
9567
6714
2119
7756
806
6348
5967
4169
389
4909
6000
2814
10589
10142
2694
12347
6468
6664
2355
21
2373
3101
7750
3348
5315
12804
11784
7069
9278
3723
4450
1484
4210
6436
6951
5817
5981
9575
7610
12771
3275
1494
2557
10195
4779
299
6853
10480
3698
1453
1202
3997
9780
6820
7930
9414
9405
9020
6138
4846
6002
1574
2893
1950
928
1694
8085
8605
583
12427
5346
5195
701
9457
12419
12827
2696
8784
6088
9658
3309
2531
7160
7555
5275
3943
4369
9429
3456
11544
4521
11858
11484
3178
3609
3711
415
10254
1055
444
3588
1957
6805
2569
1518
8291
3564
4060
1091
5779
1400
9929
1269
5646
11629
3489
11084
1204
3000
8841
9976
2371
10376
6782
6896
10924
6978
10595
8015
180
3501
1630
7002
11979
1099
12669
9371
6168
6540
5504
7358
12301
2629
2337
1394
3077
12747
10578
8134
12078
7592
12533
8286
1313
9053
12836
1991
6067
8053
898
4749
10527
1963
6251
8122
12193
10497
3719
5599
8187
10216
9889
7062
11338
4832
9998
1981
319
3355
7089
6836
7166
6729
245
12929
1570
8628
2798
11705
11498
9804
7461
6145
186
7083
946
4258
7465
7761
4677
2749
11412
4634
3353
10000
282
8570
11501
2154
11966
7427
6530
4251
8371
12423
12456
10960
1989
1337
4987
1641
5573
9266
2350
8707
10415
9857
4202
11310
10044
11043
9434
9602
9039
12093
5257
10588
8142
10134
2443
2384
12903
4798
5548
9800
11900
10032
10809
12045
3220
4214
246
8071
5861
647
8670
5366
4405
4479
1226
5899
9408
7648
7514
1316
3744
4787
5610
6826
4225
11357
1542
10513
10212
4751
6913
8992
3766
12719
9774
10992
733
4306
2623
3388
2362
1827
443
2993
12125
2487
3942
759
9184
2568
249
1294
8349
2824
12824
1850
8127
8471
8474
12010
4720
103
9937
3096
6139
7519
11315
6031
4583
6093
2541
9310
8185
3427
7485
8337
4282
9888
6630
5763
184
5638
73
1848
9726
7419
9870
3531
5768
6492
5111
5025
4850
405
5738
4830
3966
11257
1604
10074
10078
3477
337
775
5948
9545
144
727
12027
7487
8165
8554
8592
9295
12701
22
263
11983
1412
7284
1497
2561
6709
4349
2970
2280
1443
1075
7200
2923
122
9768
3037
10265
5047
876
12674
10531
5039
10071
3779
12614
6201
4089
4942
5614
510
9475
159
5910
5467
12549
679
8514
4478
12198
4857
12609
11201
3368
8380
11634
12738
2844
812
7799
12996
7294
8073
9944
147
12254
7212
11132
7820
6063
9790
4603
6600
9129
111
12058
1854
6992
1693
7634
5258
11122
1385
2880
3058
67
10648
12205
11958
9552
12754
7975
4463
7352
1258
10898
3333
1740
5375
4813
764
10095
1921
7879
7227
6858
1810
4774
5138
1579
5168
8226
10375
2613
10856
9920
1023
3225
4481
4546
6270
8886
6222
8144
2532
6469
2545
12348
2625
7684
3781
10356
11610
1475
4970
7469
12831
1487
11223
3169
5165
11237
9305
4996
9280
2194
12709
9011
10073
7209
8517
11146
11707
429
8544
5731
743
10815
6890
3813
1628
3915
1742
1197
9729
10772
12652
9277
8878
8138
1477
1997
1366
5732
10663
9755
7365
6092
9867
6812
8434
12939
10665
6578
6295
6831
9319
654
511
3916
3113
1233
2740
979
11686
11596
1152
464
9407
2936
5808
5016
9250
8344
6368
8834
6338
10087
4259
6989
7178
7190
151
4461
5689
5999
10722
11216
7626
6884
6553
12617
7575
6310
11311
10608
11298
2236
4103
9990
12148
1466
9494
8191
619
10106
8299
12297
5108
11422
4427
5590
9275
11070
10601
10851
10107
12981
7948
6116
1498
7220
1787
1470
283
4974
3929
4499
11679
12118
7643
41
1714
8593
5329
9580
9171
12115
11272
12890
3360
6770
5119
10757
7636
9683
3395
6778
12430
6815
895
3649
966
7066
4923
7650
12626
3378
12858
1156
1564
10697
9391
5869
2657
3925
10702
12645
8372
9926
2247
5501
2783
4619
11888
2550
6549
6561
8503
7732
2267
12479
8980
3903
2064
825
2510
1410
7906
10758
11266
10887
7115
4189
1813
8190
10409
9468
5503
1207
9122
12411
3304
8935
8435
8921
11166
12015
7593
10417
2543
1073
50
1035
952
8086
3752
10902
12105
11108
2965
6521
9753
4868
4377
8263
4146
9055
4057
7279
7425
2116
3835
12714
6107
5693
1960
9038
683
11195
8266
7675
7537
6667
2111
5870
9447
3560
1368
4856
5030
6152
858
10883
11602
2821
4133
12872
6646
10162
12636
6721
2963
8863
5922
1373
9210
2829
9879
10986
9194
3895
11830
4368
11730
4945
7503
12409
2339
7646
7623
9664
5487
4912
12660
10727
780
2008
4808
2737
551
2789
12272
1511
34
6619
3691
3357
11820
11040
12085
12633
4457
7689
719
3151
12761
7886
10402
1113
6687
6190
8541
7391
7757
5262
5514
11058
3
9504
7600
4978
927
332
11163
12064
7170
8699
12268
11055
749
4088
5713
7556
7302
10317
3271
12053
5355
8508
10562
1234
3543
402
4428
11344
8112
7348
7742
12917
11025
705
3445
11419
3173
7563
12948
3454
8247
8573
4861
12547
665
1135
6985
10660
9271
4794
3866
11800
2726
9913
6415
2324
9851
12068
6522
1191
11935
2193
5664
5409
9894
1253
643
11729
1357
11460
259
7466
12921
12326
3679
4485
3885
7688
8308
4691
2637
6635
4765
4254
9641
7441
3797
7979
6129
5351
13004
3896
10643
2372
2853
3185
6475
190
105
2144
9844
8129
5991
10792
5966
4302
8156
2329
3391
7893
1803
608
1256
11844
7867
3028
7944
51
1481
863
726
4109
4336
11998
12108
3558
12452
8870
6647
9622
2562
5728
11513
4134
10843
6567
9350
12189
3857
4005
8099
6159
4101
40
12958
12967
8509
543
1584
12728
7754
12169
10596
8476
8095
8157
9114
2566
1278
11337
7138
10604
6509
2039
2235
7068
4388
8632
10137
3447
9299
7043
11728
7480
7009
5843
1333
3219
8849
9854
12978
10370
8167
9178
7154
8057
8985
4215
658
5773
3592
7032
2214
2135
3094
1371
7404
11140
7828
7973
11670
2323
9443
10324
840
6705
9499
7724
10068
12132
6854
1959
1830
1888
11124
33
8604
12582
6580
3827
7266
5328
2540
6326
902
6612
8045
5429
5002
714
11525
1632
3201
5432
11527
9084
7056
1330
5722
3297
336
12865
8932
164
7841
6123
2091
12187
9620
448
12889
4248
1303
6462
11651
9898
1883
4471
700
4299
326
8103
3465
10990
8239
1249
12857
9222
505
28
10750
7312
10229
12295
786
5862
11155
1352
5230
11645
295
6962
10947
10296
3511
6078
3497
5555
7788
8513
7943
12882
6887
4616
848
2873
5866
9735
1536
12594
11232
7081
8553
1879
7851
4862
11579
11294
8465
1018
1318
11205
507
5955
7028
10860
7109
556
5840
12215
10061
999
8081
6901
9303
7125
7337
10431
4793
10996
2977
7330
6196
11571
1486
3041
9105
3123
3081
4882
86
372
10300
3060
3626
1473
3515
12274
2742
4692
4553
8385
8546
1985
10558
216
4607
6269
12075
8963
7581
4162
25
4670
6581
2784
8316
5386
6503
167
11530
631
12398
9708
3466
626
9933
2023
3450
1173
7310
11478
8324
6275
1788
10438
641
24
508
9243
231
1353
5593
437
4166
5819
9409
6592
11425
1613
12487
6654
5178
5518
10845
7159
156
12142
7967
7642
9840
9421
6555
10397
1120
3023
4604
5793
12285
8440
3382
11218
10876
1431
11316
4112
896
12034
9001
3825
12082
12702
3557
5576
10339
10441
10232
8179
2143
8140
12489
735
1749
8278
3424
1429
506
3944
3665
11507
12610
4504
3390
4689
4621
8141
10485
8824
10262
533
11421
8693
3693
2612
10716
9869
3546
11258
3370
10368
409
2555
6551
3750
3003
8927
8960
6810
9951
6082
9147
2080
1038
11509
5497
3253
12976
9387
12833
12561
10736
6306
3064
9488
8162
12941
316
12438
8678
9759
4269
670
11322
12772
4557
9065
7106
867
3462
13007
6740
6121
6483
6516
9635
11336
12822
12052
7313
1422
11239
11393
9765
10510
4805
8637
10540
11917
10915
11682
11701
5093
3815
10432
11207
578
3591
1610
1665
3541
10120
6387
8067
4353
273
3661
7513
4164
8695
8799
7305
12355
3437
9373
2253
2981
10322
11270
3168
2554
11641
1185
9884
6029
5344
8233
3016
12040
2822
550
7842
4329
4931
8305
8583
8119
4662
3213
6083
9506
6675
1743
2819
3276
2488
6267
1616
12061
12350
9532
1225
8540
10177
8882
810
11333
3998
7248
6207
8623
6575
8327
1736
6722
10864
9886
12063
11647
811
11426
9404
3542
11822
11997
3949
4859
10213
12499
1776
4018
12018
6915
3435
4003
11193
3873
2331
11573
781
9206
3758
2930
7442
6111
9587
2579
963
1375
8842
2241
2268
8941
6042
11378
8345
5549
7917
11079
2980
2905
10476
3347
11658
7314
3782
10001
8322
269
8572
9164
1084
3569
5647
1195
6900
10580
3052
5529
4345
3566
7372
2045
2393
10941
1784
4609
12464
5853
5639
2723
5350
1829
10478
9609
2395
2224
4462
2731
1705
12696
1865
175
3142
10258
4967
8832
12715
10641
12023
10119
6611
804
9704
10839
12875
10869
8433
3136
8285
12553
4429
1044
3083
1554
4735
8937
4973
6211
10573
4516
4270
7708
2352
6907
6208
1189
3432
3112
5453
1537
335
5821
5788
2208
4020
1834
4683
4647
2529
3952
8984
6173
9046
11468
12757
5844
9952
4472
2685
954
11747
4342
958
2266
4514
5323
10037
10591
6366
2563
8708
12138
10764
10103
8873
1543
11329
1326
598
2661
198
10490
3860
4707
2776
2063
4297
1188
9301
2212
5003
6431
5725
10066
116
7276
10337
924
6097
1978
3639
5887
9993
1067
1154
10171
7640
5556
11361
7324
12212
814
12276
9495
6283
12011
8956
3869
6672
10471
12993
12256
11021
8301
1493
8000
5463
11306
9117
3272
1167
6051
10877
12437
3647
977
6588
11283
9936
95
2304
1255
4981
12204
11873
6235
12697
5978
12216
682
6337
2650
12773
44
107
11899
5896
9154
2356
7706
453
12056
1143
12607
9318
1666
12496
4075
4271
6795
2191
8611
7810
7882
2823
8717
4570
1028
6284
4807
9248
10790
2019
563
675
7680
5354
4122
181
12779
11806
4438
4904
4733
6849
10456
1376
3751
6070
1442
2213
11557
2806
4161
2708
11617
9991
9535
6759
8730
11522
6528
5902
2549
8492
1751
1161
976
10684
10890
9906
4799
2182
4203
2982
12497
9435
8766
756
3631
1022
1122
6819
12035
11726
529
5618
8209
9058
10426
3995
3252
11529
8913
4723
9732
11944
10940
11840
11165
8068
880
12286
4768
4624
7165
3439
2908
6556
2595
9713
9858
4851
11891
10633
10832
11141
8240
5594
1732
4253
4154
799
9716
9497
496
3318
11768
243
585
7309
8677
7355
1378
736
10145
633
1489
6733
7468
12769
7939
7261
2653
3221
7639
547
6039
13006
9354
4908
9581
967
2656
11369
7645
6971
6649
12461
5749
4708
483
9543
7162
12403
363
12840
2925
1815
3114
8188
5782
5105
5470
93
11466
12000
12395
4964
4985
7318
8972
9346
12310
3707
1555
1165
9890
834
11343
5926
403
5568
3604
892
9068
9485
2544
4752
2357
2660
11406
204
12402
3480
1274
7169
9749
6811
4030
802
8328
9959
5074
9612
7956
12472
1005
6166
4320
2674
7340
11399
10064
6437
163
1013
7707
8335
6679
5798
11700
7630
2299
6127
3666
3933
944
11627
7270
6899
8626
2518
3137
6282
899
6736
10405
3188
8339
2624
1235
439
3824
12008
2695
2335
6009
2516
12135
12076
5131
10297
12672
8106
10347
10208
5505
8615
8571
9542
7274
6048
9467
2710
5012
5311
121
7901
11225
8436
6755
4262
6520
5101
2715
9007
10035
12986
161
2815
6964
9070
4548
2537
3675
12635
6126
1390
9875
12927
3892
7826
8779
2739
4833
12555
9853
6203
351
129
10734
9673
1549
8942
2849
11538
9677
3768
12069
5024
11841
3523
9965
5769
322
2259
4956
5208
7102
4496
8007
4744
5062
4588
11813
420
11500
3007
3836
6940
9481
693
9483
9112
11776
1822
12868
3872
7637
549
12358
8715
10770
5014
2940
10901
455
1101
5705
4508
15
4763
8905
10895
9163
268
6870
8405
9170
9798
9191
8462
1182
3839
9817
4074
7836
2584
10932
9607
6105
5206
1887
2533
11120
12832
4977
2049
1346
5845
11892
10085
10156
1603
5615
7727
8786
5802
3245
2052
7990
3197
1775
12552
8442
526
523
2909
10357
7410
5462
10977
7963
5184
7184
6976
32
5635
5396
7982
5491
6125
10338
430
4560
4041
1248
11683
4992
398
1642
8903
3053
5383
5914
4115
6871
1583
1520
998
4680
7596
6143
1814
1077
9583
11075
3084
717
4762
7016
3413
7087
4515
12812
6541
1900
9313
4123
4327
10026
3401
12308
5484
3193
7941
1092
1770
12895
4409
2421
5486
7344
1463
3226
2644
7658
3422
8281
5394
9799
5767
10838
2976
8331
1535
11457
3102
6037
1406
1386
6064
791
10040
6110
2117
4844
4802
8184
10706
4328
8916
5918
6850
1590
8052
7449
2177
7321
2585
4526
12060
5564
2677
941
5186
3149
9412
6356
1286
11978
10523
1980
1243
8029
8364
8430
8035
2848
1729
9868
11960
8340
9209
12988
7999
10628
10631
6573
12805
3189
10518
12321
9446
11911
10034
8302
5306
1689
3663
5384
10826
8343
10234
4387
12914
10127
12700
5881
5975
10172
9233
3394
5246
4659
9376
12269
11928
7932
8692
2325
5683
2271
4645
1264
1271
8333
7416
3374
4865
2366
6175
2391
1291
2820
5730
5290
2727
5994
7241
12090
2363
10847
5566
12752
2497
2032
12067
10653
11034
4124
10028
2319
9048
3479
1148
9927
9623
12560
7875
7529
11948
10574
4077
6262
9104
8679
6597
10807
4510
3984
8479
9655
6253
10564
5736
5273
750
11063
9503
4487
11547
6688
6935
2034
9522
12401
10349
4564
1201
9158
12756
2009
9254
1387
2861
5838
12421
8431
9162
300
9087
2874
6298
3823
553
6422
11
7280
5539
187
12290
7605
1144
5977
5507
7152
7189
6258
5343
6241
5494
9395
2575
3780
9671
1427
7225
11125
7403
4989
5073
11953
3282
5113
8238
4184
12619
5008
9909
3556
2709
3398
8731
2884
304
408
10717
8319
3389
10627
8259
252
1064
1450
10007
3847
12874
12521
11431
8867
2647
9260
2234
12197
12716
8888
5426
11984
10988
6395
7435
12835
10983
12688
8543
11563
12744
7216
10919
9330
4622
9017
11737
12792
350
8101
1354
3312
9564
8143
1620
11516
8125
9912
537
7801
1089
4771
8022
6362
1977
1029
8768
10399
2522
3200
11977
3020
9594
9302
9893
3988
4901
7249
4260
4592
9611
9651
6557
3948
10055
5979
9027
8722
172
680
5811
7919
1393
3250
9490
11282
7784
2107
2051
10978
3073
4246
1403
8683
12287
9669
10470
957
127
339
5929
10352
6657
738
5431
8181
7987
12951
7311
3574
9950
3495
3517
6045
6554
6774
8982
11424
3858
5309
10257
4676
5452
1437
1423
4322
7253
8056
10083
4061
3316
10688
6533
6609
7111
994
3048
8961
1875
504
10741
12387
2669
12373
10101
5449
741
497
2713
841
1137
8204
5816
1304
8036
7229
2295
10962
9608
6656
10139
11252
108
6257
12544
4593
4130
6054
2353
8006
2886
11355
4053
11804
4391
10097
9126
5
542
4274
4187
3038
6786
2307
4921
2868
9787
6882
8353
11297
12932
5528
4106
8899
4550
2757
7148
2732
1649
8732
9403
11159
8267
5255
11727
5095
7632
6162
12788
12989
4653
12641
1544
6329
7711
5547
5109
4783
221
9789
9332
3406
11595
8512
11342
2430
12180
12900
1958
12369
2471
11367
3772
12764
8208
69
1169
10529
7887
11144
5379
9276
2370
5831
7832
1679
2243
11635
5469
3476
4773
174
3386
6361
3444
3571
964
5265
7071
9897
4011
5691
8830
8486
5762
12319
367
9788
2075
4505
11797
1622
12731
6668
5134
176
8250
3589
5389
2687
2389
8822
7464
8452
9211
4116
5717
4111
8315
4529
530
7739
9956
2735
11606
498
11613
1317
4764
3838
7873
7734
11618
620
501
1107
10939
12492
8363
1479
8234
1702
8742
8375
1953
8123
7136
1209
3899
10780
914
6341
3882
7912
434
12933
12353
3904
8402
9696
9919
4694
1894
7326
6991
12448
8591
10842
1923
4660
10617
10515
11377
11230
4899
7015
2583
12494
4684
3610
5698
12328
4655
3632
9344
9449
8981
3010
474
5900
7587
11013
2175
11190
12087
7486
9510
8894
3528
5142
10906
1515
6834
7121
7130
11492
6086
3508
4113
10004
6027
8667
7716
10749
8597
8998
11211
7297
8694
8565
7091
8959
4545
11324
12722
3938
8557
1545
8857
12984
472
5125
2375
2983
4372
12845
10382
8809
9848
143
6848
4224
4701
11971
8390
9422
11096
5270
361
6396
9675
11823
8660
1417
2570
12302
5341
555
7117
12106
3366
1835
10152
2269
11094
2636
4332
7278
3848
12320
9365
6720
7300
4489
10425
12806
10116
6817
11883
10536
12179
9042
4820
1111
1638
5832
737
2498
4556
11494
10381
12340
5029
10666
7976
12325
381
7594
9987
5546
11065
6661
12157
11711
12391
244
7900
11972
5023
11832
1674
5151
7076
6320
7492
9811
3987
9809
5812
8370
9572
6333
7554
4611
2507
2306
10979
11609
1033
3756
11720
4035
5103
704
11994
2328
12567
328
9847
1058
1468
678
4567
1287
8994
1774
6621
8835
7994
9670
6585
12936
7670
12974
11391
155
12834
3128
10140
9996
6760
3867
9282
12399
891
728
5132
12429
5282
4421
1319
3577
4110
11321
11356
1990
8075
11147
3425
639
1203
11954
10486
11549
12540
11955
1820
3278
12622
12191
7773
2166
2499
8993
3290
11903
1934
10708
12293
6071
9725
11865
3129
9985
6875
2291
3170
10970
11973
5789
4672
11738
1968
9891
2837
10903
422
1992
12315
5661
6906
2187
9352
6343
1625
949
1739
3686
11044
4044
3056
66
2714
12862
7180
6839
12096
9796
11145
2954
7989
8586
10538
4355
8219
7398
10169
5460
11142
12759
9758
4975
12031
7471
6104
10585
10961
6493
3732
6355
12201
2627
4359
8374
3230
1947
7825
600
10899
8293
6277
4237
9573
3645
4552
4393
5950
3159
7192
9514
2279
6728
2057
11649
12091
7817
7272
4156
7140
711
3338
8062
12150
11437
6470
2706
6120
3474
3553
753
12867
11908
11030
12431
9228
7306
1379
11588
4650
4168
4630
7986
9578
5540
5391
5147
2312
8180
7931
10148
1863
12140
1566
517
490
7505
12740
4666
11396
773
2114
7470
8108
10227
7097
7517
11754
4855
5935
4042
9189
10771
6128
12999
11028
7378
7808
8002
12883
4284
3536
1500
12940
11578
12562
629
10946
9290
2137
10286
7856
1695
7065
10586
12296
11913
4218
12713
11662
1011
2338
10247
8915
9734
309
11640
1438
8496
8347
8490
9469
1424
6892
10507
10784
9289
12253
10981
6080
1413
228
5685
12791
11893
2914
5318
12359
3240
9971
11814
4693
1155
3210
3259
12342
3527
8936
9293
12670
9463
8039
2440
10725
3231
1592
10287
1880
4084
12551
12280
11676
3601
8507
6603
12892
4594
1399
8118
2447
6336
2526
10155
541
5058
11774
10042
5478
5488
12860
4350
4363
2152
933
1937
7197
7512
7718
3831
9427
4907
12591
10525
2475
12046
1115
8525
11299
5037
8559
3209
11177
3171
9816
11528
6617
9911
9177
2718
1288
3228
7736
479
5087
9008
1692
1962
2887
5591
11895
7881
4288
8920
8762
4728
6040
1283
1559
9004
9820
1994
1275
9613
8726
1505
10782
8213
1339
5708
2083
721
4062
12760
4296
7551
9157
5347
7493
7550
6345
2818
8689
11796
8529
1585
9221
6559
10435
10058
8384
2850
8594
191
10993
503
7528
9756
10542
3411
4615
179
2787
10700
57
8403
3289
1127
6280
7077
7500
1798
11482
9343
546
832
5748
1480
7012
3045
8748
5729
587
2407
755
2826
8082
2124
1471
12412
12853
11791
8166
4875
1735
5051
8168
11042
612
10474
12113
7116
8585
7782
3810
11184
2802
1065
6847
4943
2069
4913
12766
3235
68
10952
10774
6044
5289
8164
3183
3415
1306
4843
9999
11545
3331
7942
12336
4384
5422
10934
12289
8798
11715
5338
9649
473
1805
5898
6122
3277
1506
8506
2053
4887
8178
10178
9448
6458
5676
3684
11562
3600
5876
12528
11401
9479
11281
6818
11673
3917
2620
782
4897
8938
9908
10793
8249
10331
3714
4853
12655
11098
6604
8023
10789
1982
3307
11990
519
1343
78
2076
4932
8953
7792
5321
11101
10341
5855
9776
4914
12490
229
7380
10315
9750
1252
10638
5192
3328
10459
3180
12236
6357
6266
3402
2597
11920
3205
5750
2081
7354
377
11872
11039
9727
225
4267
6676
4334
11879
6133
6903
9527
4869
10318
3463
11987
12770
5558
12780
4367
3050
6898
4625
12810
9883
5823
12211
6140
7673
5005
7362
6856
2538
9127
7631
10411
5057
12949
9679
10457
12029
3841
716
5385
2614
393
6247
694
12911
2596
8093
6311
10284
1922
11143
9984
10133
7374
3001
1908
6753
4157
8382
12776
8991
2652
2294
2604
8823
10313
6217
5508
2801
8706
9644
9839
4532
950
5600
4585
2646
5841
315
8411
4160
11520
11835
4446
4858
6787
2380
10709
10840
10980
5873
7937
12291
8531
4639
9618
9523
411
1019
1572
796
10935
11088
4789
4580
8947
7953
7635
1147
9992
3342
10966
8189
1964
12943
5677
7618
428
10491
2686
1685
404
1312
754
11301
7803
3614
3448
3206
6920
9978
2860
11434
9743
77
7705
10676
1231
12690
3471
566
11481
6750
1200
815
4777
3431
7859
5367
6043
10407
5521
2741
6506
9924
9341
12855
12720
5946
1054
2542
5739
7607
2600
636
9676
5660
9595
10079
5260
11010
5509
6115
10571
1024
9718
11819
2172
4617
12517
8268
8306
6911
4577
10109
12174
11574
11582
557
3397
7336
1040
7676
674
4994
1105
8009
9900
2870
9148
2169
11491
5044
5858
6596
2571
7884
10027
13001
36
8192
9982
11861
12923
1587
11263
12947
2001
11269
2809
6651
1924
10335
2655
4766
9657
7490
9192
7491
11056
9960
1125
3907
9134
318
4986
6893
2603
9335
3533
6191
5544
12829
132
6746
8065
5605
5031
12372
9010
5741
12024
12304
9202
11821
120
8773
10787
12742
8160
4240
1270
1133
2070
2754
8617
8290
4382
5745
6924
6960
8224
12079
1988
7615
11280
2758
1128
9646
4816
7823
7482
9570
5987
8253
4298
12014
9819
10250
4010
9153
10652
5424
0
4841
3138
1969
12830
2128
7094
7728
3339
8079
5040
1488
8548
10440
9500
9871
7235
3739
6970
6508
9029
4022
5180
7119
8906
5920
6998
11372
10166
706
8255
10077
4778
7785
3167
12317
5703
4390
495
11931
4926
9666
2738
8749
8930
829
8074
7543
8063
7443
9247
8765
1171
8215
5572
7627
8295
2314
63
2834
7996
970
4192
4635
3920
5440
12639
4314
8481
11234
8153
5326
460
9060
10654
2622
11275
5712
5754
3421
5447
6956
6183
1221
1869
8955
7809
7384
7515
11764
11760
837
10396
9205
10489
10607
6851
7124
3612
1825
4527
1595
1420
9364
4459
8682
7395
1778
3249
4953
3586
6382
5075
3753
3654
1083
6513
9362
10835
3359
10111
7566
10594
12799
7333
11170
4573
8729
807
7104
12484
4092
12886
12970
8392
5884
1237
10428
5325
12329
12616
6028
6010
2377
12486
8574
2681
932
3208
3150
11739
7598
7387
10076
4879
7329
882
7187
88
842
5259
9882
1890
12248
12389
10336
2146
1103
11860
10968
12574
7726
12575
2149
5804
9076
10505
7224
11589
8309
1755
5244
7617
4423
1532
4626
2960
2197
5587
8088
8931
11127
746
3314
10711
3993
1676
11963
10290
11746
10100
3496
13008
3218
3683
329
7080
1244
1008
5835
8535
3927
9316
595
4582
7346
12979
8158
3617
6953
10812
3298
3673
11461
7440
11943
6877
1640
10528
75
12265
1104
2423
417
11418
1707
5949
11762
6089
7399
7837
5106
2215
4715
7762
12608
1240
3713
6118
6011
11060
5727
9150
9550
11296
709
7385
2346
10154
8274
9667
9274
6590
371
10865
4073
8146
3261
10593
7753
12784
981
10052
9558
2854
8926
6610
11675
766
6170
4618
4220
314
9579
5402
11200
7438
1768
12152
6602
3953
7370
4067
1522
6681
10693
7004
650
3428
2778
8203
12588
3152
8741
6606
6591
2698
5011
2733
7057
99
10973
6467
3262
5411
61
9472
5283
12729
12817
480
12354
10841
1186
4121
9056
11570
8738
887
5312
6560
5319
2917
630
8132
1425
11123
11906
12969
12041
4419
6582
12210
11758
617
7177
2317
4941
5958
1811
5043
590
4492
8091
5060
459
1877
10365
3660
1462
340
4757
1565
8839
911
11506
9973
10102
6227
11502
5279
9637
10138
7098
10015
12059
916
6231
9547
7423
4535
3718
4814
9082
12012
7911
5485
4507
8195
8244
1383
11575
10707
5963
10834
11560
6624
5124
12284
4781
10687
1404
5761
3705
5163
6879
6824
10091
1208
12881
7774
85
3888
8084
9132
7666
9259
6114
1946
10422
6539
2796
2587
3595
6931
720
622
8875
6380
10560
943
3887
6963
718
10430
7920
4641
11655
4822
3284
4046
4870
6232
1419
6897
6616
4362
4381
3190
139
1338
11020
4547
7120
7800
1560
1746
2472
9856
1504
3461
11586
4522
8840
4791
5359
8414
3774
10937
1495
12599
4119
3725
