10245
11402
3615
8439
12959
7864
12595
8641
11106
1006
9643
11643
12368
8390
7132
11654
5552
1159
5613
5535
2225
582
1123
6249
7446
11942
10635
897
3761
2845
2039
4921
2432
9596
4679
7023
6845
4524
12260
8009
2993
8545
10014
3053
9832
4701
7866
9203
10210
12846
2112
356
10650
6420
12544
8643
3764
3246
9906
12204
7122
2920
10188
7741
9694
10548
241
7817
12089
10808
8454
6460
8838
7547
6043
7906
298
83
11111
6744
1550
12896
12960
3926
9616
2155
7242
8043
3025
3458
11162
1749
6908
2391
2184
4072
11623
9695
4034
6507
8008
8934
8676
8709
423
12322
7390
10965
6081
11002
3082
8496
5434
6307
11441
12405
1795
4976
1900
7299
2684
2253
12893
6590
10723
10941
9269
6072
8262
7585
39
3176
159
6954
5084
8437
2417
911
7694
982
8878
3473
2701
5250
12483
8582
11352
9838
8374
9577
8883
3488
10385
5493
9758
9794
12213
565
6254
6745
11374
760
1017
10200
11568
784
2927
11616
4433
2380
7638
8606
7189
11624
4902
12720
132
4285
11780
12780
12850
9218
11471
3386
4351
4758
11717
6359
4366
6371
12543
11497
12155
2387
3491
6563
4937
12463
7356
8804
2858
8616
1149
7758
5443
1747
5928
8621
3768
11221
1542
7701
5785
10670
3572
1884
9576
8892
5811
10598
2871
9353
6489
8978
7468
1500
7636
10148
5885
12781
8567
9223
9388
1306
4398
2498
3395
1299
11474
4691
10151
11405
7787
2088
292
7051
4324
160
1204
9400
6272
10508
546
5794
2872
4729
8376
7408
9167
10953
10185
4274
274
7493
275
7891
3374
5567
9296
12555
5185
6178
5720
11082
7904
3876
10457
7544
587
10155
11373
10913
2831
7685
10836
8135
1824
7012
2469
5320
11511
12066
10334
1740
12341
4483
137
6352
10442
2552
5213
12173
1758
11110
5054
11076
990
12438
7744
9632
6787
11865
4703
3066
285
1237
6034
10800
9286
7254
4716
9845
2251
636
3733
6620
10818
8485
8096
11510
12199
7202
8391
3861
12944
5705
7290
2698
5454
4087
4530
7265
6095
12106
4589
9925
12364
7323
10649
11386
217
7295
9454
4101
12111
9559
6465
12152
5920
12885
11782
2245
4605
3050
2672
9661
12484
1654
10568
10255
2405
6636
2105
6818
8818
7577
10046
5578
3180
6725
12916
5652
7427
4346
996
1930
10149
6023
12639
767
10108
8460
8954
60
1088
6505
2996
7371
3092
0
11074
7341
10181
3599
10082
5368
6674
3604
10855
11052
528
10393
6852
7085
8356
10462
9570
4325
5497
6424
2461
9981
11636
2780
1369
6701
5482
6511
2719
1632
5007
7093
10394
12995
10982
6349
11871
5667
11738
12485
8182
6379
12642
10838
1456
8252
9396
5791
9547
3201
4704
8769
3418
8207
4917
9782
10797
3046
9720
4125
38
2263
12221
8175
12101
7589
2535
11913
7286
9988
5170
1687
10870
6194
694
6790
12644
5492
9338
2167
3568
10762
4563
7367
8042
9666
6401
1888
7282
1850
4517
1380
6896
10495
6026
12738
12197
11137
179
9859
4746
5853
9455
10022
1372
1805
1272
4602
8642
7241
3233
6136
1732
3942
11660
8258
8861
2460
1683
8325
4542
3061
7114
11649
6522
8847
5912
11538
2733
1103
2806
7842
5455
6286
5138
8679
9038
12905
10760
11061
11001
5732
11342
7507
1174
10307
3490
5872
4002
3605
10126
7182
12495
7954
4770
12849
7871
11062
10274
3537
9056
8533
7291
4354
5860
5361
10059
11788
10081
4038
12325
6148
3481
4148
3714
10125
12941
11680
3340
26
9040
4699
10721
1721
6397
5606
11418
12487
12566
9402
9663
7335
5026
1803
5910
100
1523
2203
4990
870
10183
12821
7857
10954
8448
3940
5537
5076
10475
11246
905
10237
7655
5838
5731
10481
4828
7253
3271
12408
5062
424
11188
4063
7560
10359
12646
1388
537
3343
8752
7856
10738
1794
1822
4207
7975
7774
9358
370
9204
5003
9237
5382
4495
3597
7284
11107
2918
3178
10816
11276
971
11223
3748
12954
1357
10470
10305
12596
11187
5380
12523
7907
2855
11653
9896
8173
9142
6997
2117
10191
131
3755
6184
8129
9392
5803
9103
8441
12863
3106
3998
10246
3069
992
2278
11423
7266
8712
1364
5622
7632
3529
1391
1604
8860
11262
2164
6749
7722
1032
4562
10265
12820
7520
10207
12841
3218
11529
1720
4872
5996
2748
4084
5133
10330
1043
1217
4614
8655
11493
6810
7322
2937
12457
12049
4218
9967
2004
9805
11400
9271
12685
1880
9872
11385
11781
10683
1171
3424
6906
4847
1371
9175
7178
4143
9564
8762
4745
9174
10383
10368
10120
10367
9621
11750
12343
11238
9542
8058
8702
12552
1129
5226
5365
12142
4212
4957
2968
1220
3445
9528
12503
2390
10895
4915
8281
6047
1178
6388
12346
7116
5484
4596
10757
12043
4723
7773
3558
1109
8854
12979
1323
2215
4434
1033
12584
10436
5927
461
3344
2953
2221
727
9733
2316
10343
10553
6806
8803
9289
5988
1919
8658
11940
8708
5194
2588
3084
12460
10423
6139
3985
207
10814
1954
830
5774
11285
4077
497
11129
12825
11227
152
11856
11445
4667
9827
1256
6545
2484
568
11709
12179
4204
1327
4610
9626
11507
770
6972
6335
3143
10386
2747
111
6807
4074
9393
844
11416
4655
11195
8797
1140
3153
4824
10431
2875
7200
9370
10128
2500
10214
8793
6298
6791
3264
359
11350
8640
4906
6283
2264
6121
2292
7984
10674
10725
823
1108
8127
2846
256
4140
12266
2398
7359
11480
1715
9297
3310
11226
3288
6866
11537
10803
10501
9710
10926
12540
11959
4850
1826
10873
1133
8837
4007
6707
9432
8053
10473
1425
1790
11630
2015
1428
8425
6924
2341
3606
1057
4099
4632
3130
8573
12416
9562
12315
12177
2592
12020
7489
11968
5374
8523
1270
7398
787
4817
6096
6369
12011
8444
3505
12748
9135
12237
6938
4136
3203
4003
9841
9314
10221
8483
12587
5861
1827
10948
5587
11713
4586
10761
525
4456
3209
11562
1247
2958
4271
789
9165
9556
11853
12651
9625
1920
3757
10900
8227
11767
11255
7818
6694
8685
12973
11765
9548
3849
10857
10699
12394
10053
6473
3182
12739
1208
8743
4321
11410
3589
250
6933
12664
1994
3725
4407
6449
12070
12579
10374
6525
4919
211
6632
5369
238
2730
4358
11024
9876
531
6872
7971
4508
3564
7350
5849
4061
7949
6697
8251
11447
10799
2558
6064
1727
1835
6209
9505
5137
12811
5961
12165
7960
9698
7821
11914
8089
2759
11368
98
5527
4772
7905
4188
3672
2891
4131
11173
9600
12130
8215
11745
11185
2722
3636
12506
2784
11477
12263
3650
3510
4643
8713
9941
1801
1437
1047
3921
1157
1167
12754
1276
933
3096
10351
9571
11565
4925
6497
9369
6138
10748
4757
5297
5933
12083
3138
6385
12854
2711
487
12242
964
12118
7790
9655
5542
12923
5055
668
9747
2324
8570
12065
1484
1963
3785
1148
13010
5397
7878
8122
7307
7039
12824
10220
891
4068
627
364
6172
7362
8505
1866
11810
7193
5122
11271
4126
11994
11990
11464
3647
1084
10671
10859
12351
9779
9029
1647
10114
540
3329
62
380
10735
375
5421
337
6061
8183
7696
7888
6987
6013
7498
6490
6459
9479
6567
6736
11080
2141
766
362
10056
3079
6171
7344
11941
5840
10033
2728
11602
1883
2514
7400
11230
8551
4470
87
4118
4893
1389
11189
6682
6532
2173
10668
10727
10491
1708
11976
12370
11607
9821
9582
7153
1529
5152
4174
5575
12279
7395
11912
7244
1766
12159
9457
8913
10123
4435
12435
4367
5614
184
6362
11617
9598
5216
11345
4717
3120
1419
3399
9337
2856
5813
7032
3950
10147
7424
11399
9070
11058
5276
7420
4454
3162
8253
6300
5034
12577
3337
516
6860
10077
808
9348
572
8898
12675
2416
6689
4742
8027
1264
1062
5426
6252
9979
7877
8893
5248
5046
7765
3487
5976
1991
12505
8660
45
10057
8339
8210
999
7872
747
12067
5990
4514
1912
7629
4033
10796
11601
12238
12318
6393
10601
12371
7109
4241
5135
4928
1587
5064
5971
1688
3946
11905
11364
9345
1553
11261
10168
3124
11877
11979
900
12462
724
5904
12185
3242
1536
1719
5223
6477
12427
10718
11712
9105
6559
2756
11846
9004
5290
6961
1759
4226
2955
6466
3450
507
9003
9886
4210
5597
1862
2237
6823
1049
1948
5356
11740
2477
3134
7017
8725
12366
12361
4109
1905
4307
319
10661
9734
6299
12993
33
10192
5989
3282
5846
6305
9140
12761
2987
1218
12132
8704
1055
11920
8400
9199
2066
150
7894
47
8455
4304
5740
2271
12030
12290
8047
10063
3851
7799
2538
9991
10544
5432
1189
2910
3540
7725
4518
1992
10946
7657
775
5741
3190
5546
9630
12013
11689
5964
1404
3598
2401
8185
10549
7935
11131
2158
7429
7588
11927
3435
5494
272
4171
6463
6508
1925
3157
6111
6313
4280
5972
8684
5395
5193
690
11312
761
5292
8810
11615
9757
8527
1168
4265
4093
2990
7927
1333
7769
4630
9435
4874
10217
6297
7892
11909
11167
12735
214
12454
12183
9966
4102
12230
9309
11434
860
5854
7557
12039
11747
12028
9354
12121
8170
1139
10132
10204
8528
948
10453
1071
12611
9783
9828
7900
7275
11710
8546
7025
11727
12377
12660
11683
8397
3829
5529
8033
8575
6387
8749
6673
11490
2613
12210
4615
11472
11655
11589
10262
12466
2067
1096
3703
9541
7683
1765
12
2097
1840
11212
10480
7640
10409
477
3806
3814
10430
8369
2023
11044
3217
1346
8289
837
6781
9122
5339
3913
2566
12348
12305
4708
9692
11867
9190
6455
3507
2374
7538
9488
2354
1609
124
2128
9511
3160
11370
3057
8309
2304
5837
12372
4621
3634
6977
10705
2396
9642
2259
3823
4725
6510
11272
4220
12498
8442
35
1455
8960
11501
3691
5191
8601
11086
1347
10884
5941
12148
799
8909
567
11716
976
744
6916
10801
6648
677
7388
12613
9110
3126
3323
12608
3587
10736
2852
11621
574
6414
2942
1087
5316
5579
11659
7076
1770
11214
2281
3679
4334
3523
2456
4191
1361
1308
12930
8574
12839
6816
3667
2282
9954
1791
12992
5154
6040
6088
3989
11270
10713
1817
12800
80
9184
7980
3048
11141
10273
12293
1288
6531
10428
773
9241
12589
7659
4179
969
1328
4263
9515
2025
6399
5538
1728
3173
9791
6693
4209
4938
12769
1339
11265
1061
5456
2614
2531
11744
6519
3912
325
3300
8320
4477
11116
4337
5102
7276
2392
7288
11533
1583
10058
2091
11496
1143
8472
8413
11706
8975
10483
8874
2520
7716
10846
12354
3052
2504
12493
7245
872
2239
7870
6540
9898
5358
8541
6587
12017
11690
8040
10837
148
12630
6891
11908
11047
9069
8321
9109
10652
871
12149
7256
5196
4885
5715
2678
8802
5795
1538
2565
2737
2472
1711
1607
4505
1307
6928
12314
10908
4666
10138
5596
6878
4840
10911
7106
5814
2790
7445
8629
6966
1681
2962
5694
2329
4431
9176
7613
9969
4151
9186
991
1906
8695
934
1788
7285
12190
2897
8138
11183
10637
1010
6467
10412
9739
7594
7248
10176
12568
10737
5045
12969
11886
9519
9529
6773
6216
3907
6448
12684
4440
11598
2726
6675
4658
8845
4910
1699
11631
3230
7957
10364
11057
2553
11071
6256
9675
10228
12084
239
9006
1141
1130
4886
8536
3843
12591
9434
10256
3354
4147
483
4949
222
8825
11305
3794
3194
1668
802
9162
8491
7074
12572
11390
10387
9332
4656
7042
6046
3040
2906
637
5450
9417
4379
12835
269
2436
8256
12326
10106
752
4657
8731
11668
780
10847
12311
11842
8686
564
4625
1092
6450
7707
5279
11697
4905
2347
6079
12909
11801
7848
4780
4424
12554
8711
11764
1969
607
451
12014
9273
6315
6950
9721
3899
5729
12494
8715
1377
6797
1904
10566
11161
863
11678
11263
3864
8132
6730
10493
12192
11134
5040
12264
7728
6219
3118
4904
12653
4429
2849
3197
10361
10664
9549
3813
6147
10013
5393
12542
6356
10543
6447
9729
4918
10404
3947
11786
11404
2000
3770
8126
1623
6542
4731
3545
4711
2010
6644
10206
6197
7801
6989
6389
2887
10934
9188
3960
612
10315
10378
12261
213
7123
3576
1448
1314
10530
5707
10075
827
3973
9456
4032
8781
7364
4753
5755
9194
1636
11264
8829
9478
1527
8196
9915
6603
6953
7931
144
6483
9636
4515
13005
4053
11087
6957
9965
301
2226
8075
10716
2805
1986
2238
4523
9125
4343
5747
9078
909
3338
2013
1834
12452
9470
1325
12635
54
11551
2133
6295
2827
2206
12475
9617
11854
3318
305
8169
5616
1670
8387
9215
8654
5924
5015
7982
11139
2279
11936
12571
5061
9013
10557
10266
7678
425
11762
3919
7337
420
3081
10733
10881
10388
1505
8489
10729
3800
9136
1806
4232
6002
2061
8389
11253
12802
6919
10224
10937
1360
9053
10310
6068
4998
7479
6479
3037
10645
1280
6287
7830
2735
7584
32
381
12914
3531
316
3113
7914
2131
8751
7230
189
4881
6243
4860
7942
2718
1547
9363
6123
7991
12436
6480
2220
10770
877
3145
10241
4848
2717
12940
6870
7438
1052
1875
10763
10960
1516
12531
3357
9221
9795
2373
5252
4743
4291
9277
9785
8269
5507
9523
5331
2750
7223
3312
9270
12856
5249
2320
6692
12120
9476
11939
5231
7167
12096
11564
1138
560
349
11850
6246
9735
8923
7310
8814
8652
3497
11483
1458
9326
5653
7215
9540
4289
1656
6767
9639
4962
1354
6306
7802
3255
2106
12267
2657
1955
7363
7203
11699
878
10743
7373
12093
6250
12991
4449
10306
2078
3641
3840
11163
7365
4662
11421
1816
10629
8647
1858
11248
8608
365
2130
4681
10952
1413
2775
949
9052
2269
10813
7992
8257
11376
1665
3442
7679
10703
8884
12783
7919
885
12755
1008
512
2210
3695
7516
1913
12581
1590
8495
10335
7505
9740
2543
5159
2983
8464
1767
11321
9909
7794
6036
6114
4403
6716
4490
5442
11453
11620
9123
12751
8161
12385
1663
865
10769
82
10958
2638
4332
10263
9433
12172
862
520
11073
10856
4623
11957
4044
9235
4141
3089
3896
804
11245
7415
6471
9980
3479
1342
11302
9599
6413
7621
8756
2126
6235
7287
1545
7681
2022
733
1384
12502
1915
7947
2082
11907
8668
4252
9166
5036
5367
12980
1937
10923
10862
6472
1209
4951
9926
1412
5674
3260
12815
12024
20
5240
11220
8357
1444
506
9851
4142
4908
4000
5751
1594
4160
5166
117
5870
12470
11000
11349
9935
3477
10851
3818
9267
7333
11067
8900
4499
12375
9904
7069
6517
6932
3893
5472
10672
3585
7813
5545
5891
9786
4215
4528
5230
2276
7609
10025
3307
5323
5207
2861
7377
12953
3467
10203
11858
9546
178
8136
7793
7999
3852
6304
6910
7031
3830
756
11275
7751
3951
7088
2028
447
4457
5254
7532
5069
12324
4948
2196
5095
1841
1564
6576
611
10434
2229
750
7262
5627
3715
12899
11256
7220
452
5893
118
517
6751
1514
8946
2192
10479
8916
11094
7979
6440
2306
3353
12962
12801
5693
11154
9262
8675
1787
12004
7968
11329
8969
1854
2782
12162
8526
2911
1335
2714
10621
8977
2451
7893
1626
4994
3583
6433
9368
4079
2127
4501
10260
6840
7826
5496
5465
6042
945
2295
6100
8409
8174
8912
12648
5090
6251
3441
5632
6185
4176
12816
6669
2853
8927
4892
7881
1194
10564
10174
12818
9349
12536
4750
2409
387
6547
8827
398
332
8424
5700
1417
4155
6763
4582
3365
8823
845
8201
6339
5282
3401
3345
1215
3736
9688
11664
5127
9160
11889
11757
4377
6164
12874
8453
5010
2388
11502
5241
4056
6142
11280
9080
2895
12250
9824
11112
12001
3745
10730
1779
11915
5360
10465
9464
10655
2808
2433
2305
3485
8261
1125
11884
1893
11031
10145
11844
7849
5882
4852
391
2578
3723
1466
7003
6492
473
8340
8382
5112
13011
9597
12728
6165
6555
6066
12488
5865
475
2797
688
3348
11869
4374
2224
6967
3114
12585
7755
7792
4572
4355
12965
4713
2663
11331
1753
2054
1982
5673
10076
4178
11413
1518
947
12347
10613
7641
8734
11524
8967
7092
7795
6292
8199
536
2584
11796
6029
5192
2104
3123
9245
10951
10467
618
11104
210
6836
8924
3990
2984
3808
7447
479
6861
9301
1667
4149
9602
5725
1294
9419
4401
1825
10413
10876
6543
7583
3776
5336
12472
3758
279
3845
11026
8
6684
6366
2339
6962
8394
3007
1593
3924
5048
4466
492
8031
7732
6444
12393
6994
1578
11700
6898
5956
6134
8245
6659
5833
12704
9469
12353
9395
12337
12641
6735
11330
9897
729
7612
1778
3796
8959
10170
1429
10740
1003
10643
3144
11250
5766
8143
9742
10474
8782
9637
6854
10029
6115
5718
5970
11792
5580
5658
4764
6410
12448
9512
5524
9117
3195
12272
754
11268
11512
2889
3482
3975
4348
11099
7925
1714
11460
3684
577
5965
12373
11278
4624
9340
3688
3534
331
1742
3628
9874
6887
6899
6334
8955
8911
4705
8323
8733
12967
7173
9431
7289
6381
1212
598
5544
4952
10211
11159
5775
3908
2866
12140
11314
9561
10288
619
4035
8421
12139
12631
4279
1734
10327
1939
5094
10940
5270
218
2554
1614
8035
11931
8701
10532
3741
9566
3369
11661
4730
5181
9083
12897
1094
11017
12658
11103
2569
4256
192
8373
8044
8558
12676
7229
7308
4115
5278
3029
7676
8459
717
7639
5504
5416
431
7791
3735
9687
10864
5866
5028
4620
10100
7061
11241
4419
1462
1436
3780
9514
5199
9814
10627
8584
5044
12671
10456
9243
3987
488
11997
12069
10476
9940
315
9130
2438
3416
1879
7160
6232
1259
1582
6271
2447
10251
12706
3954
2089
10281
1387
4302
3821
11495
3914
3978
7041
10657
9466
8753
12696
3191
11258
2014
12516
5844
1363
9835
4922
12410
7783
7324
9344
11401
4959
8947
8463
2632
10815
10999
10150
11866
5202
10415
10165
9290
519
7622
8190
311
816
5638
8512
4248
9229
10099
3301
10389
1105
11605
12972
6643
4277
5823
6931
11403
3799
9253
11303
5852
3805
6760
9737
10542
5586
9762
3377
2851
9983
12126
3890
591
6318
1629
853
8456
6192
9137
2275
10571
9124
861
11063
6513
4991
12847
12041
6353
10695
5754
2002
9951
1595
5895
7070
2478
3056
7199
3364
1685
12666
12826
12073
12147
1741
3665
7687
2427
3472
5444
7271
9149
8102
5723
5478
1752
8154
3527
4017
10688
5428
346
11165
4062
602
8028
6832
2422
6277
410
2533
6071
5758
3779
6666
3393
11671
11741
8228
10974
9681
372
5035
9993
4654
5585
10039
9847
5157
3705
11561
2547
11783
1373
11937
1085
8208
1549
4934
1662
5908
4359
3252
11934
4397
8824
12573
12934
3107
10806
4157
1828
8080
4230
11178
4474
9959
8703
9907
11926
1839
12141
3726
2837
1196
4540
1784
9978
2704
8739
8669
10157
10156
12932
7110
8490
10720
2462
10777
9767
3381
3495
11514
31
6583
9880
9727
121
5570
5819
4266
12747
2073
9748
12219
3453
6167
237
11069
67
3359
7423
193
6267
7392
10289
10921
10439
2929
12580
10050
9352
9946
8239
1671
2393
3285
943
1287
3002
5427
641
6798
4651
8678
4641
221
9481
12565
915
3071
7471
7952
3008
1443
5471
7018
10943
558
7803
2760
8864
10528
10707
7839
522
1959
9826
9930
2
7459
4192
1435
12810
12182
10395
11873
5245
10827
11135
3006
3853
10997
12256
7014
1170
203
11911
22
3038
3019
4694
3240
7811
7186
3076
9281
11640
3067
12059
10746
8057
4974
3135
4375
1864
5043
10037
11800
8165
8225
7748
2582
1160
12060
10724
11260
5752
6741
3810
6686
377
1842
8531
5676
12541
11983
6011
4561
9780
2787
8506
264
12156
9022
880
8875
11687
5523
8218
4153
8930
12650
2659
12797
12734
5670
2421
12131
6539
9810
3619
5485
12134
5106
3872
1774
5319
12217
113
4595
9059
571
6340
10765
6913
6876
2246
11295
6248
1877
7257
3697
11684
3939
3284
3140
11347
11126
1152
10865
8530
12796
9225
946
4807
11240
10454
8426
11798
12869
12307
4719
5659
4737
6649
6025
10162
8283
174
5500
3784
2952
2353
6831
6645
12737
11675
12628
3681
806
5464
5108
6189
5065
10131
8113
11042
6462
5143
7078
1563
9066
3456
422
12143
994
10596
10488
7033
2583
9589
2783
4800
8295
6027
4357
12196
6871
7650
5929
7511
1312
4394
3268
6482
1566
4493
7117
5984
1402
3577
6484
4443
12606
2349
5354
10000
7457
3198
9141
9172
10005
5871
11626
6970
8983
490
12123
11789
8023
3923
1940
8594
2212
5019
951
9800
8834
6395
10502
10186
3775
9916
7194
10070
3486
9177
11486
115
8921
10967
5375
2817
613
10051
4858
10234
629
9708
2150
8774
8294
6495
8160
3159
4622
9856
2555
2346
530
8502
975
7733
4484
4956
6627
12881
7778
12145
5322
142
5288
12281
12077
1589
9605
5826
9366
5334
10031
5830
11301
9350
5330
7770
10732
9452
9300
7545
746
1808
7932
4803
1544
5352
10045
9622
5401
4350
4556
6556
1958
6173
9703
12258
8368
4793
854
5899
11973
11530
12168
3980
11803
8895
7040
12097
6437
10804
2950
5583
5967
6886
2690
9986
4258
4631
10362
7283
2668
10161
12382
6768
294
8119
11591
866
4138
10178
88
2673
8287
2522
4311
7556
9011
9025
6712
3638
5271
11642
1153
686
919
4360
5310
12832
5163
9615
8030
7221
10345
7156
153
8595
4683
1193
6672
10201
1539
2370
658
9409
10824
776
7300
11320
1266
8045
5266
2059
3174
1921
11011
10883
2628
12592
1358
5534
2898
9974
12447
3689
3379
6628
5388
2132
1185
2902
797
4488
2505
3253
3257
10776
1895
8767
2475
6180
328
4967
2508
9026
5914
2068
5130
10995
8932
10844
8513
1261
11387
3687
1403
6780
1845
6128
12295
4194
3349
8036
1812
10283
7416
12112
4816
11799
11894
9960
5424
5256
9390
1829
10225
10400
1731
11870
1113
6102
169
1116
11658
5371
1755
363
4273
5169
416
2776
6911
1652
8388
9846
4047
6729
10565
9108
1555
1781
12557
6406
11531
2006
8698
935
1738
2515
10227
6946
5677
12478
1018
3543
8863
11772
8410
5229
10925
993
8529
1682
3133
5742
1690
12834
9834
5611
2593
5165
1568
9168
3474
11081
9853
340
12426
4773
5309
1046
9937
10441
10826
12599
5568
8768
11311
3270
476
1150
6834
9347
4395
1528
5274
1091
7198
9317
8742
4652
3341
1606
3308
667
3152
7597
7563
1591
2187
12702
5242
10121
10702
11860
3782
10067
1320
12467
1605
4236
8869
3068
9531
6430
5947
8521
887
4352
3245
12996
8566
10539
10177
4315
4533
2915
7148
5683
3172
297
4866
4081
5052
2154
2536
7614
3592
9840
2366
5689
4714
5547
4740
341
8908
6343
4270
3934
748
6569
2743
5522
3215
10353
4812
12058
12226
9036
9973
8468
6537
7115
12282
4942
669
670
6030
7689
3028
1235
10834
9769
672
232
6119
6948
10124
2702
10015
4973
7277
2378
3791
11863
12079
2350
1
4376
12127
2367
4333
4019
8095
9998
10337
3838
6035
3506
3248
5655
7970
8993
984
1718
9010
7771
8672
4177
732
3213
2103
165
4345
6855
3014
12201
562
12125
11883
1700
5057
11470
6983
11580
335
8457
3532
6218
1117
288
7936
5520
9385
11436
5394
8046
5131
11244
5696
973
8648
4985
12672
11848
4106
2603
6403
2029
4678
8428
433
29
11181
2473
278
11703
4278
8560
8910
986
4339
412
547
7672
6594
12567
3593
8904
130
3663
10366
543
5824
4396
8986
12504
9268
4362
231
12102
3986
9246
12634
2576
615
8242
1068
12958
11832
8876
12620
44
4531
9796
12246
243
8987
4676
1345
6731
12955
2410
12331
2070
10329
1408
2557
2975
5175
2333
8412
6976
9206
8944
6242
10006
8872
6405
622
1050
11020
1089
10780
5463
11389
3419
8429
7378
18
1172
5111
3150
2189
6177
8116
2179
2884
9801
6488
10638
1502
4494
9558
10828
8265
3848
508
9234
1101
6622
11804
4437
417
125
5561
9707
1698
11148
11334
8926
6638
4670
8613
2076
8237
889
4825
5335
8234
7334
10538
1851
5850
1137
7255
8216
12212
7102
9291
6228
12095
7764
10446
6361
3547
8420
1769
10842
245
8302
10303
939
11179
8222
7239
9138
6828
8922
11962
12184
2424
11484
8914
4475
2913
9461
1874
7316
6713
2036
12711
1503
502
9430
7478
6681
3931
8458
6351
6160
2901
650
7002
9699
1468
8092
7654
899
11836
1793
11633
299
9651
8723
3055
10626
95
2816
10561
10002
7951
828
7411
6761
3555
1972
12222
6377
11541
9536
5107
4314
13
2617
12966
322
10975
5239
9377
2824
9236
8988
1931
9115
2991
12746
6990
10523
10098
6723
9798
2283
4385
4661
10580
7047
3281
10701
692
970
1838
1497
3802
23
5995
3867
1865
2440
10956
6685
10023
4051
1313
6979
4154
3009
3047
12697
4257
9999
1571
5938
10438
2695
6926
11415
7259
2136
5784
6190
12292
10259
3244
652
12718
4098
6390
8148
4197
2211
7127
6560
6062
185
12231
7670
9051
12787
3595
10745
3207
9802
1039
9468
9731
3937
12538
4027
9718
478
7090
10991
9033
5018
9102
10559
5817
9144
6646
9442
10380
6727
3396
8364
5398
839
12492
467
12388
212
8992
10558
1081
3910
4983
9224
3151
2284
10061
2944
9555
6515
11190
11267
10369
3630
2527
9219
12678
10440
2018
938
3783
5134
3651
10694
5832
1225
10003
5325
3462
9438
10774
198
2752
11125
6722
11056
2291
7279
580
5206
1255
11691
2139
6116
11039
1807
7461
10577
4702
1013
12309
11715
7441
1579
2758
11768
7710
6140
9373
1249
1509
5445
12273
1195
3524
1633
5197
7010
2185
9673
1072
1079
12913
11118
13009
5477
7383
8765
5337
5618
3982
3425
4710
4801
1060
9865
11508
5474
5376
1211
1836
847
6456
7205
5372
5188
8163
8889
10591
7705
1190
7521
176
10787
9197
3023
194
2597
9618
11975
7933
5038
9705
5173
7829
7384
7068
1804
2660
6658
2314
1075
4021
2518
1182
8259
4781
2099
7921
1488
10332
6215
79
3449
7154
3036
7327
573
63
7301
3004
7236
7407
9985
11952
2311
441
8104
8637
9543
358
12161
59
6407
4114
6124
4335
10261
11236
4122
6154
2654
7226
10068
11814
12357
1396
2080
5363
9891
7974
3886
11702
6544
3111
4522
2860
7567
7920
6687
3677
810
12275
1658
11711
5389
3927
12636
8747
1222
581
8848
8949
3164
5556
10690
318
10642
665
9586
7487
8790
10090
9263
8162
10754
5889
12224
8406
2016
12248
9473
10030
7174
5779
4166
9364
1395
5589
5105
11923
10570
5748
11756
1446
1507
11242
1144
10020
4577
6321
6464
4564
6752
3493
7898
4024
6785
9815
11136
7923
10066
8627
3149
12430
1416
4607
1311
6743
2754
6982
11964
11055
12604
8133
1903
3859
11422
3586
4811
4920
1281
10153
5033
11972
10758
1541
10551
10455
8029
12986
6224
3139
10293
1438
2664
5333
679
5340
9016
6849
11231
3702
11577
4233
3406
7144
6491
10292
9888
6202
6883
7131
4369
10350
2214
7048
7227
4012
8841
7884
4073
9023
12135
1696
1473
12649
4363
7858
4308
1465
5650
4965
11286
7228
4169
489
5797
1635
5621
7572
2232
5551
12827
12652
3875
157
5448
10708
11225
3825
7759
8830
923
6372
544
11743
8850
7617
3422
6600
11060
7419
1980
11536
9629
5264
11843
11411
4015
1278
6516
5068
9751
8066
10894
8414
6585
8223
52
5156
7347
9507
12853
8720
8018
1887
6229
1846
7240
11197
1796
1418
7513
5460
11701
37
10062
12692
1821
7519
4536
2599
3231
3881
12163
4323
6846
2587
12252
5429
4588
8130
10604
5153
9927
11534
8004
7517
12228
7476
2551
5646
3945
12975
6269
4193
12759
7195
11158
12788
1649
10317
8188
6971
5283
3141
8994
1799
8929
1695
2188
2921
12360
8707
4378
11974
5818
9803
7087
2490
8559
57
3011
11467
805
10258
8069
247
7863
3224
2060
3553
445
11298
6391
9446
3653
1697
126
8754
1166
10320
6041
7879
12551
2464
859
3154
7635
4459
5643
5550
9047
4144
6301
11525
5591
2342
4878
7623
9285
10700
4159
11391
702
5719
2008
3644
5304
1889
11900
4861
11028
11075
2364
9458
12119
12994
4513
6057
10755
9508
6762
9745
12683
5405
2152
9302
1651
11072
4234
4439
2077
7746
197
8819
12356
11115
9292
8108
7235
11206
8152
2344
9526
4980
6874
2335
535
2655
1519
6709
2503
11965
5415
3928
9375
5113
10641
2094
10710
2236
9443
4386
12029
7961
6475
11571
9233
12968
7351
12894
11341
4642
11963
12455
1028
1548
5636
1191
3283
3569
2297
12533
7667
1857
11485
9975
7512
3694
12310
4916
11281
4790
10817
4500
4712
1265
5907
10867
2204
5969
6303
8202
8099
7234
8264
1971
5190
988
5651
11232
3541
4839
5581
3387
9545
10644
7953
2572
10939
12479
9170
5041
1332
5787
7294
3815
2465
2181
8386
4939
101
3682
2482
9524
4853
3112
4682
9298
12254
9310
1394
6281
8471
6676
4700
1552
397
2642
824
9293
290
7159
5470
4298
2627
12391
6592
12087
9389
7937
1634
12618
5423
11553
7332
4121
12285
7007
8665
1526
6150
6864
11492
3331
2667
907
10687
6703
8820
9092
9977
11191
6788
6120
6582
110
3828
2005
4496
7704
9849
1470
7187
7729
2896
2509
697
5541
12008
10728
1772
2357
11427
8192
4404
12724
7426
7846
9498
9878
9610
1761
1941
5296
7196
9018
1707
1661
12716
6930
3803
5396
10868
4568
8805
4372
10290
1161
11150
829
2842
10576
9595
4644
12982
1512
9818
10779
12668
8032
6608
3454
7781
2256
11763
7836
6759
3205
4262
12727
11794
5770
8925
4092
10322
11773
6233
3620
5136
3546
11310
1348
7016
7483
4796
6065
7978
4591
1576
12253
12061
4686
7533
12420
7158
6060
8966
196
1989
3033
736
3235
4453
9
4546
4173
8622
4988
4814
12109
9952
3469
7780
11904
8037
3328
588
10513
6421
5481
10526
10852
9509
5790
12349
5661
4123
367
12680
4059
4481
2017
4805
8093
11652
9533
7775
7260
6548
7633
8858
4317
5905
10773
2864
9351
7663
2916
6610
8365
71
10103
12758
12433
6010
7164
12117
9173
6815
9857
8211
5530
2836
11726
4
12019
9294
1286
7955
3885
2637
6742
8618
8550
5566
2729
2026
2466
5285
9057
12188
2345
7210
11375
7593
9357
7602
7315
6063
6618
97
5793
3451
11207
5890
11300
3642
2716
755
4580
6824
230
9355
12287
11354
6943
12297
1179
10340
6317
10897
3811
116
7394
10751
3336
1002
2826
5730
10903
11880
9829
6308
10680
10786
3448
6677
2619
3901
4261
10772
7656
8147
3267
4222
12214
6964
7103
9716
11825
12694
128
8020
12741
2098
12146
6423
1431
10572
6764
5227
1409
12057
931
3208
722
4245
8881
7531
7128
1946
8615
326
10822
1897
11237
10222
4831
10555
1757
7837
11839
892
821
7525
7431
6253
10179
3557
9213
7417
1176
9784
7561
12742
10236
8816
8041
2732
12764
4029
7581
4560
6578
12674
10104
2071
4931
9725
8906
1522
12423
6210
5599
5487
12920
5253
7693
5203
8473
10218
1044
6529
9854
8764
11582
9690
4600
11728
6650
4491
4663
8649
6973
2474
9042
1786
1709
9182
4046
4538
10275
5709
812
12081
1399
7599
9775
2403
2620
12563
4254
6965
3797
595
8299
6101
11209
1491
9764
3905
2744
1330
11925
8055
8284
9584
4722
12464
648
8727
7469
1229
3590
12296
11046
11753
3232
7104
6404
11463
3035
2140
12175
570
12473
6837
3626
5892
7596
6152
3411
6616
4578
99
10198
5994
4267
12597
1792
10698
9306
5903
6176
1331
5479
12114
8515
11336
3115
9825
1655
6626
6367
8139
4119
7180
4293
10537
11862
5516
11599
10216
8795
1352
3083
5900
90
5224
4110
3088
5734
10193
1390
12169
2847
7089
12338
10087
6558
260
5128
1713
2935
11406
6486
7823
7336
4519
8098
1680
7940
8970
2248
630
11516
7901
12907
9583
8469
11478
287
1833
10254
9482
11611
7465
6008
5601
3127
8780
11590
3258
246
12076
2800
7784
5096
6695
644
1398
12291
922
11665
4863
925
4009
10208
981
2399
12617
10354
910
3234
7653
9087
8184
1898
6880
11556
5629
8176
201
10034
4242
8699
9192
7050
5532
404
3444
8714
5559
6157
1421
10810
13007
4855
9020
8100
7317
8445
3999
4415
1454
376
7326
3315
9771
9148
10830
9398
10299
12078
4049
4402
8556
11450
1844
9924
12756
857
8301
10563
1065
6833
11966
8475
5037
10410
1768
1977
11128
7425
5525
831
9522
739
7243
2863
4554
548
11138
5324
5906
1397
635
7767
7860
11522
4575
2111
4120
1613
7985
2116
252
10141
3086
3538
11339
9128
3373
3437
6851
852
2928
3637
10583
11108
12647
8401
9386
5280
4752
4031
10080
7575
2429
3551
9550
1107
8219
7941
7369
9060
8843
12350
6290
6419
8717
1813
11481
103
12099
9376
10615
3891
3533
4502
8316
7997
5847
347
9592
1147
10112
2423
9609
6130
10391
1231
6432
11861
3212
879
1981
7456
180
147
12578
6386
5124
3266
11381
11777
5769
9049
3591
2798
5939
11563
2795
12654
10853
10515
6986
817
5738
8674
6720
3742
12733
4384
12878
8303
296
9462
9670
10835
2979
7170
3656
3561
496
10072
5592
10279
6893
12317
3897
4016
9259
6611
6617
10095
10540
12831
1945
10910
1703
11795
11902
4276
8336
7342
9627
11647
8307
2146
12239
4006
2706
11102
2653
851
2575
1293
8901
11432
3870
2715
9766
8630
5510
7649
674
5958
11924
3125
814
1535
813
5210
1027
9848
10790
6296
5640
2003
8377
11573
5662
5418
2682
12243
10450
10472
4954
4399
10129
6487
11326
2892
430
8137
4680
7529
8151
3297
5100
7896
12392
10969
11737
4982
3045
10325
12052
5451
11459
2194
11891
11532
12167
9760
6696
2375
3709
3528
2334
12871
7754
9416
5412
9996
621
8395
6732
9604
11448
4195
7004
4380
2941
10118
11355
712
3795
6149
12603
5209
3562
4823
9097
11685
11949
6945
6091
4660
6231
12903
7682
468
786
10950
9145
8443
7278
3206
5806
9321
4269
8329
4929
11779
343
9227
7066
76
4784
882
9593
2604
7108
11824
5081
4208
2308
10860
11977
4593
7926
4720
1379
12833
9239
2415
10166
8586
960
9151
9839
9544
833
12105
10458
6848
428
7319
3903
3573
8110
6755
7038
9641
12298
2749
10311
12722
12743
4492
3835
10189
10167
64
9628
3570
5201
2634
141
6205
2488
350
10622
3090
361
9361
5506
12274
11638
2183
2119
5067
7749
778
7083
9578
6087
10887
9071
10272
4511
10573
718
2175
713
8312
8076
6808
11775
6247
7854
112
2529
6357
5265
2262
12380
6365
471
1423
9686
9250
8588
7890
5642
5503
2368
1616
3222
12707
1477
1059
11958
9677
3294
11009
3372
9662
6348
4715
10269
3646
170
8226
7270
9709
6182
4023
10794
8634
8105
12922
4728
10429
3525
1051
188
10556
11736
457
8070
7086
12461
6923
1669
9426
3298
9900
10820
9501
11235
3692
4786
6276
208
1251
5422
2413
352
12124
10397
1876
10419
6858
1979
1302
12469
7135
12240
5379
3676
9156
5353
6054
5765
1819
5702
1602
12602
10405
6086
1567
9923
12848
7385
4797
1439
7059
700
1914
11004
12235
8817
11619
498
3438
8939
7763
10608
2696
9094
1252
4156
8917
5085
2243
8206
11549
6203
2939
11704
10962
3680
7370
7797
5935
8871
12490
5147
2579
7238
5308
5317
1603
6959
5940
7973
1601
7766
4161
12300
5588
12809
6499
2762
10938
1180
4992
3279
4640
5104
6809
11504
12098
11379
639
10333
6344
5873
2445
11384
6613
12489
5079
8433
9895
6426
8452
388
5759
9982
2796
1093
7212
6680
3882
7026
6721
2075
9568
8554
7281
2523
2848
8363
2492
1570
10276
6187
12181
7855
1053
5999
10507
2757
11885
6918
9633
2042
5728
1184
4066
2123
5509
5571
8979
4158
782
2332
7011
10175
940
9565
6778
578
3700
1515
10239
4305
10869
7869
4243
10135
8254
12144
11593
12957
10947
763
190
11612
8049
7269
11210
3565
1457
3311
11930
9044
6262
1997
2725
5842
3309
599
11733
12837
12456
3792
7028
9634
1070
10209
8985
8179
4583
442
6494
8534
11921
5177
5023
1374
1155
4964
4541
3727
8794
220
399
4186
1298
12419
6842
11491
11393
11049
6528
6662
5557
10342
5713
777
3355
6841
86
1596
6174
5679
10133
9220
7708
1861
7756
8297
2360
11581
3059
9158
11006
818
5685
2946
5387
11558
12883
5123
8449
7495
12286
12335
6044
9746
10611
1035
12376
7948
7073
9202
930
2830
11041
4975
8538
8305
12605
7852
456
12855
9997
6804
6536
6835
7777
9284
10344
545
91
10503
10158
2463
7552
3415
6051
12116
9155
6155
3958
12439
11543
585
5565
11515
11546
10035
8232
704
12319
5150
9031
7184
2994
515
6956
2273
12519
7807
7899
9410
123
5883
734
21
1745
6117
9770
6786
6358
8051
8233
3241
3621
6875
42
4799
1820
9581
9063
6107
617
4634
7412
268
5810
633
3117
5273
5092
4968
11970
6754
6378
8474
11259
2585
1890
8375
10471
11409
10449
10791
4765
8963
6323
6800
10252
2888
4594
411
2337
8366
9104
10484
6589
6105
11433
156
4555
5788
4587
7458
106
5563
4675
6660
8243
10584
235
904
12770
5710
2452
4879
8327
3920
10959
1219
8275
6974
9191
942
4724
12963
3858
1612
2966
8115
3010
6370
5576
5093
12534
4535
2199
710
1511
11029
9964
11308
10486
6968
5699
9333
9251
1490
5187
3199
8639
9660
7702
6570
2470
12289
9572
6328
4450
2434
8146
7171
7816
11748
2266
12480
826
10843
2400
2437
5660
12569
9678
6671
6496
5714
8653
7986
9098
5407
2209
12299
6565
5708
12558
3535
4795
12782
3801
3959
6038
2351
8404
9517
5761
3658
7959
10384
10298
8544
9504
8612
3871
6917
2298
395
6941
3922
5635
233
7024
2052
2940
12209
10978
7981
104
6869
661
10603
9242
8072
342
8656
7619
10291
4365
10653
6316
12745
1968
12278
5812
9811
7637
693
12374
5409
6688
11770
9830
9397
11479
8346
7576
9569
4373
5963
8013
6907
6132
4170
1114
8431
7179
9502
11
10065
1406
7474
1000
15
12055
12332
11656
12344
9763
5208
11887
10809
12277
11933
10215
3752
4487
3544
6655
4857
6980
9076
12166
6478
8915
12575
10401
11444
11066
12241
2967
11614
7237
5821
972
2330
7761
5829
10785
9817
8177
6653
9021
4512
11787
5004
8683
10990
8865
10094
5066
7606
874
6839
10656
7768
6581
12174
2841
6873
12726
10744
5383
9439
11293
5736
5370
1586
7111
5234
6325
3291
809
3392
12583
5452
7121
5145
1376
7141
3869
1557
12511
7501
5286
338
980
10060
351
12627
10519
4767
12251
774
9307
7492
8822
5986
2886
4065
7731
7680
1319
7528
11851
8034
12340
2362
9812
205
6518
5825
12662
2544
7134
12514
7697
9449
956
3238
1638
7309
3412
2963
12709
9084
11644
11065
2168
10893
4393
4883
3504
4961
2340
1279
10152
8591
1789
2303
6468
4688
5574
7965
135
10417
12564
3446
5960
3744
10069
1124
7043
2697
7776
1450
11174
5680
10691
9131
4899
1400
10375
651
11340
1481
2299
6284
7554
3988
2138
1531
6862
11899
4235
5305
7832
2369
3051
6897
2919
9000
906
683
12906
6859
2995
836
9112
7939
12918
11224
7822
302
8859
12233
7368
4347
8724
2972
9074
12063
6822
9054
2922
8084
11555
2483
7013
11918
4789
1694
12215
5299
681
3044
5701
9090
7382
265
5957
9475
2807
772
1673
11282
9325
3816
11172
11991
4889
2573
1016
3060
5298
357
11806
12208
2550
3073
12921
9575
2193
5162
4246
7915
4329
4247
9474
12465
9171
1868
9208
2182
7812
9315
226
8671
4626
3027
6704
5531
566
7060
8866
5441
12234
5807
1151
8999
2219
11289
6829
5735
7139
10630
3548
1334
9664
6630
8766
9381
2814
11837
12842
4933
838
764
11667
10685
2675
898
1243
6110
7713
8599
12621
6717
4603
4581
9279
11430
8689
2650
12422
2992
1725
6004
2321
2300
10600
9133
1486
6612
2786
11294
7753
10840
11392
7962
9516
4971
10726
7886
177
6523
1078
1134
10370
7410
11985
3753
8274
9693
9972
11570
11819
3100
503
11085
5604
5348
11566
12387
2839
11229
3842
3366
5855
8077
10021
2100
17
10520
6374
3631
944
3930
9669
4282
4565
6016
1056
5495
1236
1675
10127
6435
675
10435
6738
6885
7453
12178
3280
11426
11859
7643
1192
11291
12717
10676
12884
7249
7053
11597
4999
3699
4322
7571
6109
6028
12891
7895
9754
2931
4162
7409
1712
8849
10616
714
4225
4930
720
11609
8887
2058
1754
11351
5639
3261
4100
1672
625
11233
12622
9303
4128
987
295
10651
5511
10064
9532
2521
5985
12458
3750
5645
3640
8181
11771
689
72
5980
6181
7603
6294
10231
11193
5315
2621
5468
5745
5024
1575
11992
3629
7072
977
11917
7825
6625
3857
6083
8337
2970
1086
4638
9652
7064
2766
9601
5931
11688
10498
5577
10890
6282
8335
6820
4145
3976
164
2240
2062
11673
6553
10511
7972
11152
7273
3322
6889
9085
12851
12753
55
6481
11033
1611
4612
9211
10163
8465
6350
6533
6226
7969
12010
11766
2290
9113
4774
11218
9147
11394
3824
6552
8535
6978
2930
2793
7645
7005
5901
3314
12730
12888
12367
11454
6168
820
6050
1521
8418
10667
730
8408
6890
8342
9154
9258
13006
3220
3737
2801
409
3909
2294
10928
5433
2612
2092
384
10336
8687
10036
4217
5458
5609
2359
3623
4649
6264
10357
6186
803
10872
6641
11032
643
7497
4025
10420
12917
11186
3402
903
5311
1837
966
762
2074
3095
4755
9624
10901
4260
9640
5669
1823
9792
9062
3388
1048
5868
6770
895
8348
2079
171
856
7843
2519
10249
8435
2980
11307
3696
3846
310
12113
2961
7867
12822
7566
9126
9132
9278
3274
12220
5739
9362
6937
9635
482
6179
7883
12999
1762
2865
2755
229
11734
5144
10753
13002
3708
3148
11130
2564
7934
1025
9401
3771
186
8787
10042
6634
2153
8061
3521
2746
7376
11030
2310
2101
10863
6884
2541
2882
7168
3122
3021
1520
9075
6009
2326
1128
5816
680
5060
2567
3738
6631
2542
6550
6782
12771
7714
10675
10360
3078
2629
5364
6031
6052
5012
7272
9329
9726
12576
251
5205
4553
2631
8107
9081
11572
1223
5836
662
8920
2838
1976
5473
10554
12080
7853
4525
8811
306
10606
1483
2586
11879
5049
34
11938
10819
5117
1853
3346
3319
10416
6327
10719
5851
11215
9471
9901
728
9043
348
1230
4726
501
6718
8341
3603
6092
4668
5439
6417
5863
6458
11217
4804
3426
163
8965
596
10802
12926
2244
8798
3655
12491
7162
9058
4185
1933
3729
2322
5263
5267
8189
12508
11892
3559
6960
10287
271
2084
10001
796
7847
11199
6363
1608
4430
2019
3103
4427
7357
12729
6756
1420
2069
11216
6376
10739
11805
173
5301
11299
5466
7201
7738
1947
5911
6792
323
8446
7037
7522
4953
2296
11557
5295
5469
11503
10110
3670
4292
13001
3539
4328
2559
4647
12698
2491
6844
4297
2643
5021
2363
6059
2610
7910
11488
3065
3844
7876
4777
12956
9680
3110
10482
6819
1344
9936
673
7330
345
11465
2636
53
1957
7172
3877
6683
6416
10605
4969
11177
5721
7177
920
4791
12790
8300
3693
10093
8054
1414
8890
2371
7711
66
10592
6789
8277
8221
9948
12665
12151
4318
7742
11120
1811
6211
495
6014
2444
6451
6345
11627
3202
1859
2570
3932
626
5101
12189
11742
6093
1122
12421
5
7499
4687
11948
2205
3223
12669
5110
4152
12191
5869
5027
9266
11719
4463
10319
10300
7001
4871
3094
8853
3121
12510
10277
320
4884
5091
4970
5848
9017
2497
1650
4613
11595
3347
10677
12160
11513
8610
11967
12482
4163
10989
8248
11785
3099
6206
12657
12892
1953
4747
8852
11829
454
9585
4327
3380
1797
8405
5221
10976
12828
12708
7804
11156
3005
1186
2223
4818
819
1644
6098
3955
393
276
6799
266
3452
634
9608
1666
10253
58
11554
11922
6575
6912
12000
1434
11989
7247
9494
1554
8114
563
11469
12682
12938
5760
10547
5030
3210
10242
7442
4356
4223
5161
6454
9427
11526
6329
10377
289
1292
7616
9312
8351
4844
10521
12157
5233
2180
7995
4802
3588
6278
12334
696
3166
4175
2169
5782
10607
12712
11874
12227
4788
8589
12775
8383
7191
6375
2265
10854
8200
10648
11815
5499
4798
12947
3216
4822
9667
8557
2713
12180
11059
455
12497
2450
2159
3941
9919
3622
7918
7143
685
10282
2769
12403
5344
11097
2829
11317
8697
10190
11489
4846
4320
12186
4977
6408
10212
6012
9534
8891
3560
8710
3759
3972
8334
7340
107
699
8235
6915
9659
11323
434
254
3772
8919
3376
8149
9674
4932
6602
11674
11377
7313
5391
1533
4882
7875
7147
4585
7165
379
10012
4469
2999
11010
4876
1026
11588
10614
1041
2476
5610
2739
11646
3662
9717
6236
2120
5258
5287
11050
7452
1136
2435
3072
4639
12974
3625
11414
5321
7745
9330
4537
3967
12857
6579
3822
5533
12050
1831
9493
1445
1985
8063
1689
2973
10579
5743
1560
8292
11343
6293
1156
10304
4776
5198
5047
6724
9319
6485
1882
2936
4388
765
1927
10812
12071
2517
5778
5951
3996
8598
7526
4183
13003
3129
12840
6568
4497
5993
11606
10993
12776
2479
12945
10459
3389
6392
4909
12122
10518
7396
655
4894
1556
10899
10878
7865
2753
11950
12047
11969
527
9689
12987
12836
7052
3713
7851
5261
12269
7044
5952
12205
5744
4943
2524
1112
12876
6135
6355
4972
3718
998
3276
8247
8155
11820
5406
12693
5845
9359
2738
6017
3773
7219
413
12517
6222
5139
7252
9715
6341
1351
9264
7354
7665
551
792
2040
5289
5488
2331
9367
12889
7750
4485
8773
6656
9773
5089
753
6670
701
12369
6584
3062
9702
7437
10793
11166
9095
6501
1274
5148
5259
5172
7661
7503
11382
3439
1146
5195
7462
10749
7559
10966
6920
6595
12400
11629
2250
1074
11036
2481
6073
12539
3041
7718
3734
10418
11928
4832
9816
716
646
4422
9394
11592
6562
3515
10268
12838
3408
369
12721
6074
5539
1365
11587
8417
12187
12762
140
12288
5129
8217
9217
7618
8333
5417
4815
10026
2381
4460
3509
11984
12092
5887
6995
6642
10545
7402
8056
11578
7418
46
1432
4228
50
11822
7169
7343
1640
10929
5072
9415
10880
11380
4043
10711
7537
6514
1504
8249
4237
4244
1956
850
333
8748
12100
4778
27
7548
1730
2779
7530
10092
11708
916
2974
8085
8411
4310
3953
5657
4891
4040
11021
234
7723
3317
3918
3878
2954
1993
11420
3171
12812
7796
11203
4744
1472
11956
6428
3228
5430
5011
7113
7055
11890
10660
1326
5486
3368
8555
9064
7496
642
10097
3391
12725
16
1478
12312
9252
5212
12637
8542
7233
4370
532
2857
4693
9607
11953
11857
6609
7346
4420
6557
4011
9789
4618
1296
3026
2661
4198
3161
2213
12108
11357
9819
2908
6572
7963
11458
3108
5218
8229
5809
11119
6566
2608
2772
4504
7217
8355
8614
3476
7422
9929
745
9844
9537
8288
2499
12870
3335
785
7724
96
11951
3158
9008
12413
9421
7466
4116
12931
4371
5329
5204
6573
12749
6904
3499
10024
706
3664
4129
3888
9676
2693
6311
10932
9152
11078
3360
2932
840
7006
5991
11219
6925
2261
11019
9275
10795
3371
293
3109
1847
8633
7218
10679
1984
9150
6850
5722
1337
12437
6310
8156
1775
11852
1909
2596
2430
6811
10594
2315
3895
1067
2589
4094
10301
11273
6170
5491
11168
7664
5648
2200
6843
8844
11752
3003
291
6942
2443
10849
1275
6740
9050
5776
9019
6145
5116
11324
10510
7737
9379
4196
1506
9179
8083
2734
6564
8270
5856
5737
12333
1679
12793
7430
10811
624
12023
4819
4004
3119
1045
6606
1508
10316
2202
2270
7698
6094
10972
4026
1540
7355
2382
9831
9360
12304
11552
2873
12784
11363
8828
9950
480
236
5902
3633
277
8318
11707
12700
3165
12194
7401
8403
392
6201
11868
8087
9759
2691
6825
9313
10891
330
6739
3657
102
5786
9724
2709
7405
4199
1530
2254
575
7994
1534
7887
698
541
10612
11022
1362
8835
6195
848
3001
10546
2874
12901
6640
12774
6714
12688
10522
9086
10173
11813
10402
9091
8209
8611
8402
4579
8899
793
5594
12094
1916
3607
7261
8562
6777
7451
4509
2095
182
7444
429
2035
1561
4412
7142
3457
691
3295
3991
2867
11309
9178
6288
2811
1618
12689
9976
1102
5518
2044
12939
12964
8964
339
7209
1949
7374
3417
4859
6521
542
8236
12038
7406
1615
8462
526
881
10379
7145
2125
12450
4794
12525
12875
8407
6591
8722
4299
8250
6056
11971
11677
11473
2272
10879
11847
6021
5013
4411
1233
3786
2712
5349
7786
511
5215
10422
4117
154
10219
8650
10009
10924
11686
2773
2170
2736
1452
6922
6163
7695
8328
10696
4749
6006
6000
11476
9885
6342
6018
8846
974
4039
8705
569
10492
12345
3894
5569
6647
5867
10363
10768
12428
10452
1228
4888
6347
1569
84
11682
1367
9961
10117
10712
5573
9563
4653
759
9089
8141
11109
5114
2850
9232
5884
2235
8244
8416
9001
7339
9649
8840
7136
1924
8661
1037
7911
2228
1269
5944
8941
1871
1318
5257
5764
11045
10798
2899
12537
12598
8821
3710
51
10848
9247
6597
4316
3430
7155
4986
9121
549
3866
1036
4368
4616
5386
9943
9323
1471
8012
7752
11122
9567
8006
5692
249
7467
4751
7686
12232
869
757
2528
9654
7859
11517
7595
979
1869
8763
11639
1315
2197
2828
7475
8572
9723
3944
12713
9934
8577
1726
12468
1625
4319
4545
7280
1855
11896
10552
4336
9606
8740
4849
465
2624
448
8180
5633
5343
719
6212
5647
4480
8158
8905
12624
11160
12574
3075
1902
3884
9744
3567
3582
11579
9129
9521
742
11147
8564
9046
1620
3163
11228
7938
2377
3649
1154
10041
12211
4076
4966
5666
10091
1464
929
9648
12431
8896
2609
1310
10807
11995
7036
8204
8980
19
8350
2034
9701
3571
6715
9079
9894
6175
601
8296
10714
5942
8319
12912
8973
4664
10752
3706
2594
6067
9804
8125
2903
10850
4150
9041
366
9274
8430
8578
2818
2997
6679
9378
11882
7312
2813
4036
94
11722
9249
8306
74
8581
10324
167
8691
10089
5075
11023
8101
12791
3278
9890
12710
5767
9371
12355
8343
6415
7311
1284
12868
7472
1706
12477
606
9365
11144
4085
10432
11523
11438
2493
6879
5413
3064
4303
6409
3031
2825
6129
283
1021
10904
4627
6158
9939
6947
1513
3293
6237
1863
5255
3292
7129
5171
2057
6238
105
5056
394
8371
2134
3236
9631
9418
6664
8738
1961
12068
9230
8552
9912
12997
9713
406
8005
7562
2781
11234
1764
11068
2439
12198
11758
2241
9843
11346
12677
5783
2285
3193
11735
11499
1664
1440
10445
886
5981
3704
5109
9153
8345
4482
199
9002
7800
3296
5768
4468
9198
8936
4732
4296
4843
2249
8332
1336
2233
10907
8003
529
11821
8481
438
12247
10909
12823
1510
8266
955
12656
6227
3935
4214
5327
9346
5598
466
5684
4628
4312
8972
3471
8308
5560
8759
7541
7263
10444
9647
604
7720
7057
10930
1710
9520
3627
10955
10468
9414
9855
8778
3200
10888
4037
4685
1401
6275
913
9822
6710
4383
791
1214
3326
3384
3580
6534
9425
8549
11545
1001
10931
1896
7509
3536
4498
11095
6607
1676
12767
10294
1942
4557
10244
4869
1809
2581
8532
9712
3855
418
10447
12808
2516
8736
3012
1966
9665
3501
9497
1886
4042
8626
4010
3175
10582
2242
6453
9212
8692
3098
6324
2879
4520
968
10981
7433
6333
9820
7494
1012
5103
4947
5097
5346
7692
9947
10586
7735
5362
9413
10788
2343
9889
10407
7569
7403
5053
5410
6868
8497
1188
81
2361
11145
11366
2686
6144
12218
5476
3361
5341
8998
894
10469
11371
10525
2741
5490
2723
2007
12740
10390
12690
70
6909
608
9753
1077
10704
3916
2625
427
6549
414
8240
12532
10935
3671
8880
4445
11164
92
7020
12681
3526
6090
631
12193
8271
4146
10673
7662
9120
11876
8094
8399
1181
7046
725
7414
12384
5314
985
5930
3777
10373
10398
1034
4441
6726
8604
4224
1301
12786
504
7314
559
11618
8153
9892
61
8331
8082
1111
7137
2045
10589
7646
12500
3017
9787
5682
143
8398
553
5612
10199
9399
10533
2670
9055
12910
997
11828
936
8231
5403
3455
3668
1562
368
354
3542
1241
10886
1132
3169
11622
8109
7267
12978
9778
11297
10044
2376
3306
386
6425
6241
11751
9444
6624
614
3420
3397
2869
4762
390
9027
286
3839
7944
1240
12638
9334
703
11306
6969
3728
4963
1800
1995
3054
12171
5462
2671
3503
10623
5605
6914
4792
6614
3465
12779
11583
12699
7015
8783
9893
5909
6112
3722
1309
10284
12983
8479
4590
8563
10789
6443
3938
6470
2731
2218
1935
589
952
7912
12138
2666
10411
7868
9697
2639
8771
7626
2740
9119
11960
206
2699
8984
2394
12425
4426
10912
12929
4761
640
6085
9216
5973
9658
8761
56
12018
2489
11348
3181
10647
2287
11005
8344
9722
7551
4592
2338
10927
1631
1493
3247
10839
12206
10717
1040
7989
8142
12998
10296
8726
10052
1599
705
6199
9490
6892
9877
2909
244
2832
8268
3666
1304
449
136
9836
8486
2009
10116
5453
2407
4288
9527
8478
7739
2662
6001
10805
3574
1029
5932
10841
5949
10662
11359
1263
4707
6733
3624
12772
12559
3952
11475
1054
3511
3956
4172
1469
6863
7297
10654
7232
2358
12805
5086
493
4718
11098
3080
963
8362
6268
7360
2788
6322
8195
5017
5753
6320
7502
7966
9499
3350
3578
3971
6598
11759
1135
9139
6436
1782
9335
10027
11093
1480
2965
2822
6049
5919
1885
8857
4464
2441
469
10663
11754
684
10620
638
3724
11254
5029
4673
8214
7542
653
10079
2526
554
9913
5888
437
11982
2260
2471
3070
3979
8440
4486
1637
3287
7809
7325
11113
10624
4601
3994
11007
8019
5553
1378
8447
3440
3460
12530
3635
11170
4275
12943
3611
1267
2496
6069
4636
6905
8553
6398
1024
12512
2142
9411
9265
4935
12513
7703
5404
11834
8121
12170
7231
1830
8750
5997
5898
5186
7157
5178
8097
9068
4862
8776
3185
9864
2216
122
10832
12866
1743
10686
1197
9911
1776
474
11124
2021
8354
7421
3414
12935
6319
10043
4721
1009
11322
8646
1100
446
12615
2411
6776
1722
3313
10083
12451
2651
12352
4113
9222
2645
9183
9573
7428
5475
12819
11325
4697
267
9908
1546
9700
4472
10970
4014
3273
10271
7183
262
11998
1810
3948
7450
4769
7591
11175
9970
4075
8981
8134
9005
12626
7669
10048
11498
462
5009
5182
9971
2408
2669
1165
958
2510
7518
7608
2767
8315
11500
10693
12515
8172
11290
4124
8090
2600
7250
11679
13000
4127
928
1928
11527
6500
10631
8178
4238
7675
676
4543
3788
794
3827
4103
5799
10226
3400
13004
8638
8487
9127
5628
9962
10085
10139
11802
9858
9902
11182
10875
8576
10742
2327
12284
2885
9955
6541
12679
5773
10574
12085
3850
4599
1660
8619
146
11916
2742
6469
8467
9024
8508
7690
11793
9445
1221
1121
3517
11648
5880
4672
9691
4284
5716
2819
7808
9594
7098
321
3609
9157
514
8106
4045
1653
7706
666
3746
5438
4650
10250
3610
5425
4550
6520
2977
6354
10524
11769
4206
8688
3077
4221
873
6936
7666
11676
3192
8962
7118
10517
10019
6963
6289
11360
12223
5155
11657
4213
1848
6702
11335
5698
248
1202
11509
11544
12086
11008
9728
4088
10866
912
1467
10466
5447
11987
149
8870
4827
2252
1213
3136
12444
4008
10341
12925
10599
12703
6442
4465
10427
8791
6867
10914
11755
11211
3237
6137
2945
7983
7146
1565
8565
11760
7988
5436
12294
2677
2160
11604
2118
10122
4405
5831
11446
9372
12633
4013
10460
2924
6999
6940
10505
1076
8894
12034
11284
11955
4981
3613
1987
11431
10992
10280
215
4604
7084
5125
4851
8024
1370
7318
4392
4096
327
7197
4409
2765
3101
5877
3648
1224
3286
10567
586
10285
1645
6605
3854
12401
12528
3917
2448
917
6077
8995
1199
7349
3015
6156
4835
1643
12632
4442
11358
12673
9276
6955
8677
731
5058
12308
4547
7211
7824
4227
10534
2938
2680
1250
11064
8868
4912
12362
4211
1163
3432
8931
3275
6784
9032
8238
6439
5733
4447
5080
10302
2143
5176
1207
3833
1619
7022
8877
11018
10778
3013
5772
8279
7393
7506
6169
1226
3032
1487
10784
4423
6457
12601
7615
12407
2395
1110
5483
10399
7990
12562
6429
1145
6461
11584
11435
5022
5954
12507
4413
3502
8166
2096
4689
5400
1926
9538
9620
2147
2799
48
924
12501
11818
443
6005
7125
4326
481
3022
2810
6502
11192
9506
6191
11594
1600
6024
11184
7366
8477
10328
9383
158
3645
11817
7543
1517
6037
989
6504
10917
1424
11635
12872
3259
5864
3563
3290
4340
6737
9405
9485
12471
6599
2165
6108
11521
12661
7555
1624
3765
5950
4187
1433
7902
9045
9749
10086
5750
8213
3880
12404
4132
5634
6705
3789
7958
1763
11143
12301
3188
4301
1392
9552
10326
4646
6239
1015
5167
3760
11944
671
5457
13008
1479
11849
5014
9382
2049
1011
494
2540
11462
10633
4880
1598
3358
3470
2804
4436
10164
7065
1724
2301
11051
3204
8617
3334
8117
4558
6577
3492
5896
10833
2307
2198
7760
5712
12358
7564
3601
12757
5350
7885
1860
9407
715
6075
12330
6396
68
5805
12053
9953
12527
8855
4875
10074
7448
6992
1739
5219
10146
5595
12021
5862
12937
3837
2876
11961
2174
273
109
11428
1106
10764
4452
9711
2090
918
2568
12989
9899
12306
2646
7712
3767
7524
9193
868
6053
11367
3289
2108
5992
7027
1080
7651
5514
592
5945
4950
9685
937
168
2207
9472
12158
5608
12524
2157
9995
4735
1843
6901
5521
7734
8579
5016
175
12814
3304
4139
11596
11494
11194
4960
9756
8118
4766
8597
2177
7827
1427
4425
5326
3790
2355
1498
8050
7488
708
4083
6801
12418
181
8164
3900
2618
9704
7389
9200
11999
1943
3904
12529
12434
3721
11013
12719
7101
2176
4674
5312
3716
10049
5918
3520
2960
2386
1646
11457
1492
10628
8450
8503
8540
4001
10038
11395
6993
2562
5087
10233
7880
5217
8777
5543
12798
751
4940
4361
7303
7917
10678
3269
5082
2881
3305
11417
3712
4331
7432
314
161
4467
7058
4135
11559
7133
8815
10478
5822
1381
1870
3475
6706
9424
4820
5332
3024
9007
8241
7709
4696
9590
7399
9187
7628
12025
8635
9423
11243
11505
8623
12012
3841
7361
4054
1216
10111
5681
8609
6183
8000
2348
7105
9871
6623
5399
7798
4739
11040
11705
1131
2426
9255
7075
2571
8016
8193
8488
10750
1780
5858
12799
5671
12928
4287
513
4567
8492
6958
3933
1532
4733
5922
3514
5120
1290
3798
10550
12002
1158
6750
10782
1938
12195
2751
5656
2763
6734
10171
10783
2442
9914
5624
2635
6360
9879
2878
3104
5897
1020
8203
11535
3466
12550
7820
1622
11910
9012
9750
7743
3256
119
4300
12499
1610
967
11176
8956
12701
510
843
8548
10494
7264
1244
8741
7455
7329
8907
10709
11841
4576
3889
12474
9463
9513
9755
8918
4216
2549
5982
2486
312
4091
1736
5617
6817
1580
8150
3602
4900
769
11466
9833
950
5726
10771
9503
9100
9374
896
12249
3243
3936
8851
10499
10426
2053
4048
8664
2914
7224
9304
1023
10143
2083
6274
12890
11196
9881
11117
5419
10169
10358
3508
2051
8484
3142
7079
1461
8278
7082
1922
4808
2761
3834
12129
1305
114
3965
10987
4570
11279
876
1499
9169
7592
8079
10352
2414
12723
3743
505
6766
2812
11723
8645
108
12607
8311
5318
8832
9560
4184
3983
6103
2419
4455
5517
8466
1691
1353
2455
10918
822
6821
6402
7943
5384
9772
7611
12005
2595
687
7677
2043
11482
3762
9342
6078
11451
7449
9989
4406
12229
4813
9920
3698
5502
815
8696
1952
12561
9111
4768
5098
6039
12556
8317
6803
374
10506
10619
5435
10998
4923
9958
7045
2859
12736
12133
8144
11251
2964
10625
3227
10018
2563
1449
8260
1936
8052
2124
12927
10437
6106
10979
4020
5593
5179
5878
3929
402
10821
3809
3116
7124
11315
5214
4417
9987
11153
7473
11412
2467
2705
4219
8789
7916
5149
227
9809
8272
11666
6003
12546
4895
5146
8074
3249
7500
2959
5615
2012
12778
1911
10665
2144
1095
8186
6853
1975
4690
6221
4821
3769
1899
6200
9487
11721
1083
11407
216
12048
11027
3226
6400
7631
5118
807
6796
5792
6927
10829
8010
3711
463
9887
8510
3639
5132
12623
1411
10421
5983
2688
10130
11929
10871
3184
1648
1063
1453
5303
12731
3128
2201
12037
11641
11419
4754
6805
6746
1525
8507
11932
6015
10017
788
12773
11200
9061
2267
11539
5237
10562
1175
6830
1482
10194
11613
768
6783
8060
2616
1426
11100
12381
8539
616
8976
8730
1537
4462
3063
10381
7627
12389
9480
6561
3754
5414
10504
2385
10734
798
2458
3519
1316
6667
7380
3836
4539
5115
1628
6629
2055
10823
7063
9283
10715
7841
11761
12446
5247
7573
4521
3847
6826
11980
9429
7873
9316
2257
7304
3378
5558
10229
4503
723
11449
8569
10308
9873
139
12411
11016
1910
9603
9343
6330
133
11083
2293
10230
5160
709
2114
4458
4432
4993
2449
2607
10968
5459
2336
6774
10205
8897
10318
10618
2574
8286
11845
8088
3443
6512
2778
3632
4695
9210
1748
8145
632
5962
12949
1343
1317
6509
6097
6668
12245
1169
4240
2384
4249
3616
6244
5706
1329
7993
12046
11693
3105
2820
10905
9460
682
12040
9014
9797
8276
9921
10945
6635
7190
11088
8807
12082
6527
11014
5001
5603
2286
9579
8744
4353
1489
6217
12873
2976
7062
8888
7642
5675
3717
10008
962
1684
1642
3196
12705
2166
12442
6207
7391
721
3556
8951
867
2389
8482
4418
2854
2602
983
10877
12459
2428
12453
1659
11443
371
7413
166
4510
10160
419
12760
4364
12414
2949
9650
4506
7302
10297
6213
324
8585
3262
2328
9159
12440
9932
4268
5141
7717
8078
3612
9180
5913
1014
3720
5140
5672
2981
10984
10392
6394
7747
2689
1974
8706
4471
9557
9244
36
7607
8191
12032
3997
1894
1118
5515
8509
9882
1737
5168
4005
743
8745
10213
2957
9653
6146
1295
883
2926
8721
2115
9684
5378
4635
2905
5704
6678
6382
10639
8873
12590
11986
11155
7913
7782
656
4771
5377
4097
6080
2823
10182
4189
7120
579
7175
12390
9587
8587
183
11132
28
1543
4549
2313
8197
4479
5649
8187
3581
3484
8378
1234
3155
12936
9679
1852
2770
6280
5420
890
5946
6270
12153
7358
450
12225
7126
12600
12919
12924
10010
10957
2102
5244
2652
11632
5083
10101
12481
12276
3943
6944
8171
7216
41
12625
3410
6802
8784
8799
12441
10184
9260
11079
1410
3549
5843
9295
4783
2843
6665
9869
8603
7514
10756
12323
8940
5268
2534
932
10831
6019
464
5236
1735
9483
8065
8071
4684
8168
1066
6234
5385
9957
2633
7443
4229
9257
8511
253
257
4608
12136
10197
10096
4785
10636
11935
8255
6020
12268
8263
8212
4907
4665
2956
11823
396
8285
4809
11344
11105
8086
8131
8935
7348
9806
1303
8103
11288
1627
7292
12328
6260
4936
7903
10047
5625
6757
1459
12088
8370
8021
4637
2459
3862
69
1082
6161
7715
2402
8198
3239
6728
11003
2835
9852
3459
6022
12415
4941
9134
5088
11133
2560
7568
1704
8220
5000
2789
11746
657
1674
5183
12904
3600
6934
7477
1501
5687
538
4534
7321
9459
3819
7805
4527
6099
12744
14
8353
8298
5686
3330
7845
6601
1588
11077
219
3049
8950
6795
5923
3594
8396
893
2694
9500
11043
4306
10587
7539
5528
521
8480
432
10767
6530
557
7298
7100
1678
1641
6383
4205
9866
603
2894
259
4927
10541
200
8064
8081
4978
11266
12977
8625
3363
10560
6554
5184
5225
1934
12545
12691
10529
11171
9231
7000
7574
2149
10697
7306
3265
11731
8974
7138
11318
3498
2086
11292
11608
3431
3675
12207
11919
9668
5498
10295
6082
2161
8073
12882
9093
5357
11943
9495
941
6663
10920
12715
6007
6380
30
8680
499
5347
5756
2943
10464
7150
3324
10346
9356
6384
3018
10376
7091
8942
10355
914
864
6888
5789
590
7814
4428
4451
9288
6446
11277
12154
9240
7034
695
5402
472
6131
1257
8461
5717
8657
3325
3522
2998
4448
1030
11035
5572
2122
6691
9034
3394
4489
3428
11151
3390
5804
8760
1090
4645
223
5926
421
5437
11881
10424
3898
12026
7161
10137
3332
11681
7844
11645
3873
2277
1253
2319
2710
9530
8039
8498
8788
10889
2708
6814
5955
6538
8516
10597
5828
12262
4569
12886
11586
4598
2665
12553
4090
2302
12006
5099
12852
7463
10109
3263
11585
9781
10490
10187
11696
2982
4958
4058
2615
8937
2815
11812
7862
10497
1262
8524
9072
89
6975
225
7909
5549
3807
5746
3385
7598
1686
10514
9037
4342
11946
8525
8961
3883
978
2605
3685
9903
4877
2468
1621
2048
5564
12948
6506
6302
10247
1760
1849
4996
7435
5979
6998
9619
12424
12302
8048
10054
2178
7625
2580
3731
593
8989
12216
2821
10425
3530
3719
594
8025
6596
8476
4060
2383
12259
12803
1099
77
3211
8067
8291
8620
8836
1422
7151
9554
6084
7379
8605
6309
7208
11888
10243
2425
3147
11048
11996
8796
9143
8943
735
5874
2626
12813
1818
888
6952
4022
2862
2255
8493
3434
1460
1058
4050
1359
11600
10414
7956
3550
6753
6
1944
10487
10144
6208
6314
10105
12386
11424
12586
12265
4841
5284
5381
7094
11383
6476
8568
10321
7096
2877
11304
10349
8600
3251
8372
6661
4111
4833
11672
9486
344
8494
8324
415
7381
5555
12640
1382
5313
9768
7850
1814
3707
1368
539
5158
2978
7214
6048
2904
1729
4619
4476
3
846
7688
7504
12908
9453
3168
5974
7345
7454
6711
8602
12549
8313
1254
1970
7460
3902
5232
10845
5342
3659
12858
8770
11698
3042
8543
2085
6580
965
2418
8757
7840
6902
5277
5508
12950
2087
7181
11993
9990
7897
9719
4529
453
5886
11575
8499
4055
901
5220
9077
7029
9287
270
10986
4659
12316
6984
1385
6122
4387
3787
2985
12582
4309
10309
12395
534
1785
8779
12402
3478
1405
2649
11114
2707
6996
8718
10115
12056
2539
7828
2234
12817
9518
8280
2501
2148
12363
12845
2431
12970
11838
10235
1205
5513
8693
11729
1630
4734
5623
4946
7009
12327
5200
1815
795
1126
3993
12766
2222
1260
10331
9551
8520
8310
5489
1451
9404
5835
2623
7515
408
11092
1771
4313
10248
10896
11714
12383
3000
12789
10028
1572
1597
2191
9441
5620
9073
5408
11442
162
8290
4806
4338
5839
7964
6493
8393
8644
2274
9591
5749
8304
9181
458
3678
5077
4955
10988
2317
12432
953
3826
4584
5042
11070
7785
2727
10372
1322
8785
10257
5119
12496
2530
12829
8518
1577
4089
11037
2883
10692
7222
4760
2506
8862
4272
6118
11725
10312
2685
2093
6633
1559
10535
7274
4067
4108
11628
138
8349
11012
7213
10172
484
3461
11452
6615
2511
6113
7352
7251
3370
9305
6427
10073
11378
8732
7188
11439
12509
7924
11895
4253
7996
11287
5802
9861
12339
4078
10531
3316
12429
12342
9328
8128
4231
1657
3968
12280
10659
2512
8432
5936
4516
1064
4698
790
10741
12412
9484
533
2644
12031
4070
3874
3254
1366
9945
10448
7929
2172
3962
8990
875
8522
8517
1705
280
11692
11864
4410
4532
255
2971
4281
1245
10119
12365
8112
8659
2372
3398
3367
3966
5801
8022
3229
2676
12670
2063
9984
12612
8007
11353
12271
8806
5827
6411
3375
11776
584
3739
11945
12022
49
9761
4633
2947
3250
7107
4838
12860
4137
6127
12900
12946
1585
6949
2577
7097
1717
5626
11978
1783
4571
11096
3382
426
1104
7397
9185
5859
7674
9318
12103
2809
3747
5654
2925
7987
9164
7080
5251
9101
7620
12976
771
5602
11121
12107
5688
9448
6779
1891
4438
10669
11208
9447
6903
647
5345
5189
2031
7570
2870
3030
9496
7486
8017
9850
12236
10195
7439
8728
11101
2591
4391
5777
4200
12861
1300
10666
8014
10313
2561
6503
11247
4095
4341
7652
649
7268
10396
758
12176
707
12522
11038
2771
2893
7372
2513
1447
12399
1277
12655
8124
5959
1203
9201
4573
9799
660
7831
382
2064
9875
8632
4709
6452
78
9248
1701
7644
5031
6708
10936
9696
1574
7434
12785
11146
8470
1832
195
1777
6698
3356
2777
811
1069
7874
8091
5540
7810
8971
749
4389
4706
9196
9035
3183
3225
2622
1038
2880
9146
9574
6939
7727
3483
1693
855
4609
93
3579
5039
4854
4741
1206
11663
4787
7149
9408
436
7660
7440
9738
3480
4202
7833
4727
6524
7353
10078
2038
2379
12044
11506
8948
7882
6929
9672
4629
4239
4283
6273
2989
12110
4203
3468
7587
5998
4349
1932
8140
8755
6604
1496
7099
8958
486
10585
5691
3186
1442
11739
1999
1929
9189
12520
6847
8879
6988
3749
11528
12667
10032
7152
609
3409
10731
10590
2700
224
5025
5050
3817
11201
12988
9933
2024
11283
6812
7691
8667
1004
6881
1019
11198
2217
12768
11468
10102
12115
9938
6593
10238
6827
10915
12303
3074
9403
2774
12864
4856
5876
5293
2156
2137
6765
8590
5600
4868
11634
3661
11567
1495
9683
5762
281
4829
5948
8953
7305
11257
4898
4526
8322
8002
8367
10278
8015
6771
11388
9612
9918
4382
4069
9209
3756
5644
6263
9860
9790
2011
2791
995
3058
12763
4987
6793
10646
12283
8571
3170
1297
10781
9341
4901
9777
4692
5798
5917
7730
6719
8347
5966
7815
10980
240
3970
4810
4018
4864
12952
284
1248
7658
6266
8651
9613
2309
7604
5059
9730
9611
3596
5690
7819
12054
10489
5467
4330
1393
4112
5841
4264
842
8673
10747
10223
10906
11089
11157
1744
3496
597
2687
7081
7008
6032
12867
10706
10933
7928
6981
5800
24
11906
5126
7206
12378
4897
300
10196
2404
6438
4677
1773
8885
1463
2227
3489
10140
781
5238
7163
1802
600
9015
10356
3272
8968
11981
7491
4190
11269
9807
1798
3407
4756
9884
3652
12659
9863
209
500
12072
2840
2601
7861
5879
5501
10593
4836
440
10916
6546
3575
7130
11830
1617
11903
6498
12396
172
1551
11662
4381
8326
2721
5002
3299
11574
2630
8205
8224
4473
8737
11518
4507
3812
523
12009
10371
2162
1901
10658
3214
2803
129
10382
5235
11603
5142
12794
6153
6220
2020
3863
3463
8694
10536
8663
7049
4896
6621
1005
5771
3643
10632
3831
5302
10578
11252
2545
518
10463
11437
4080
11901
11180
4617
4566
11625
726
4845
1162
5881
3751
10949
6257
2507
2948
2890
5808
3554
2606
4830
1873
1965
4408
6240
1183
12379
5008
2454
5584
9706
3413
10602
11461
4989
10477
3087
2323
12616
3974
5548
2692
439
7647
5262
7485
2802
12643
8422
2764
678
12064
10451
12880
9465
550
8062
10512
2648
8670
5431
3552
8120
9765
2683
373
10892
9623
4873
8561
1173
2446
3016
8813
7331
3219
1098
307
1996
7600
6700
2032
10569
834
1494
12902
7481
10159
6265
1917
6431
7762
12526
11015
10575
5641
3879
353
10759
9813
11774
5006
11429
8293
9492
204
75
5630
10588
1702
2525
3429
12042
11084
6474
3995
1127
3984
10
7779
4400
8801
12792
6857
10136
8882
8415
6651
4041
10365
9963
1375
9195
12313
6418
6076
620
9644
2121
8038
1592
8001
12865
9336
407
3321
1584
5373
7601
1677
2208
6259
2365
7610
7166
2537
12200
1242
2480
2674
11025
4671
3403
7546
8624
8026
5668
6877
4057
7207
2720
9931
10971
7293
6291
2325
8537
9510
4738
6838
2037
5820
11202
11878
5562
11807
2548
954
1022
1907
5526
605
4181
9207
11569
6690
8886
470
3277
3701
2231
1187
10858
10270
4133
10994
6574
5663
11425
1878
5815
12090
5780
10180
1356
7523
9942
10595
8856
10882
6204
5921
7908
7977
1639
5665
10684
9067
6775
1291
9645
11831
959
3961
2258
11398
3660
5306
9096
12036
2289
664
7482
4606
9280
1485
1232
4842
9163
2406
11249
6657
12003
5291
2487
4446
8928
11610
4944
5697
8938
10963
2641
12990
11791
8419
10403
11797
841
12687
2110
5727
8434
8792
12588
4105
5953
4759
2844
9437
10985
9823
12449
2900
8157
1042
9048
134
623
10942
10874
7834
7510
2724
10461
4924
7740
8729
11408
6285
10088
12091
2495
4775
7605
9682
8267
8758
40
5987
12075
1441
12329
1119
6586
7508
8775
2065
10286
10055
7056
12518
1097
6882
3911
12521
610
659
5796
2868
5695
3221
9774
12560
6245
1142
6865
5678
1998
2171
1746
7534
12398
6133
10792
5275
9322
4597
4984
3146
2485
5051
6422
9467
12128
3093
12593
2318
8996
6312
2986
12877
11396
12027
5411
2907
6368
7582
10682
8842
8385
2081
6033
6434
5180
2768
1967
25
2912
9614
127
10007
884
9539
961
10722
9039
783
5968
800
6373
3518
3674
3302
7558
2933
3512
2186
11274
11833
10406
7021
11365
1073
7624
4107
11337
2598
5894
385
10581
5300
11222
3179
10408
12645
12984
5032
1349
9406
8519
2969
7671
12985
2679
8681
7580
1355
8746
1756
8833
10996
4052
7535
835
7976
5294
1723
3925
12594
4250
11826
6551
645
4544
3617
11749
2546
12911
12062
5875
10240
6900
1733
10766
3669
3351
1973
4290
9028
9272
2268
4251
4748
7527
12981
5355
12035
1476
1115
801
313
3832
6058
12804
9956
5228
11520
10142
12830
12548
3131
10113
1856
9808
3039
7757
5243
12887
3433
7838
1415
261
8831
4559
8903
7185
858
7019
8839
1198
11053
4779
11239
5925
7054
6654
2072
6985
12915
12336
2352
7586
11651
6162
403
2046
9928
6856
7630
10775
4416
9736
4164
4390
11695
11720
1558
12007
7204
1201
7071
5392
8438
2656
10944
11893
6143
1475
10964
1524
12933
7386
5834
12535
1951
8282
10634
11123
9065
2195
3860
65
9420
5781
5074
1872
389
902
485
3868
4826
12202
8427
10977
7077
3516
10961
12257
1289
2934
11169
145
9638
1120
7699
8592
11333
9741
6441
11730
3673
6588
9837
11140
1383
12695
11328
11724
5934
6412
1321
7736
4086
9646
4165
7565
9842
11296
7579
7375
7436
5554
3683
7789
8826
1960
9992
11142
12898
9106
2135
1238
4837
11372
10264
2056
7258
5351
2151
9968
1177
308
10902
3421
309
4259
9440
6255
4782
8273
9387
9450
926
2658
3303
282
556
8380
825
3804
303
4995
2288
1407
3981
3342
6336
4574
3137
583
738
9114
3020
12971
9451
4890
6951
8812
11054
4834
1324
10609
3383
3887
2453
7806
7590
11204
7967
11547
12610
6198
1210
3778
12397
3187
11784
5857
12859
3436
1867
3091
1258
5073
6337
6526
12895
2833
10610
12663
9380
2532
5480
11361
2412
1239
10885
849
5260
11855
8379
5269
8500
9261
3906
9030
2792
10107
9118
4669
3977
1268
8662
3618
12074
12015
6639
10485
5536
329
8360
151
9910
9436
9491
6331
7719
8607
5338
5246
11988
12777
1200
2030
2145
7700
9922
11732
12752
4168
3957
3339
1031
12033
6699
9917
11487
43
11319
6070
5005
12795
12417
334
4461
10004
7634
9788
7945
7550
5915
11356
11947
3034
3132
9311
12619
3085
11090
9732
6214
3320
3167
1988
5071
10973
5359
10339
8194
7095
1962
6813
3763
9553
3614
628
11650
202
11872
7225
10919
8991
741
11456
120
6894
11362
3865
4255
3097
2681
8596
740
7140
8735
6166
355
7387
3404
12942
2917
10922
7112
7721
9205
9099
10898
2785
11670
360
10617
9308
2041
3327
8359
11808
8690
8451
8352
3766
5590
10154
10527
9489
2050
6126
8436
3447
509
7192
12686
7490
5078
444
11897
4421
4763
8230
12051
7540
12203
10689
6125
9944
6196
11816
4201
1285
3405
6769
7246
7464
5366
7035
4865
12714
5975
3740
7998
8786
5446
4294
4736
10314
11548
8867
6445
9671
4414
6332
435
5020
4082
10496
5070
12016
9949
1273
12609
663
8772
737
5390
10084
2280
5512
8997
9088
401
8809
6571
6772
1923
8700
7536
4945
10232
1350
8059
3856
8167
10338
8583
4286
5505
11542
11576
10861
2556
8068
9656
10443
576
5619
304
5174
11898
11669
5978
11369
7673
9299
5281
8945
12320
9116
11811
11519
6258
8123
8933
11637
9412
8111
3730
6637
2163
8902
9743
5977
7930
3793
11560
12476
1716
8314
12150
4134
5582
12321
8716
1581
1246
12844
832
1282
12614
921
8358
11338
73
11213
5063
9320
6346
4478
11440
5916
12359
8631
9714
2190
2647
8800
1341
2397
7
1978
2988
9214
4887
6223
9428
9256
4552
1227
1573
8952
8392
10347
1164
7553
4913
11550
2109
6193
7328
9580
263
2794
6055
654
460
9588
2502
3177
12104
6141
6230
4028
8501
2001
3494
11091
8011
2129
5703
2590
8338
8384
8580
5164
7922
3423
2047
4180
4295
8666
1908
10825
6895
5440
6921
5449
5151
10516
9082
555
3969
11827
3892
258
4071
7668
2027
400
12806
7480
378
4104
6619
5631
12732
6326
7578
12137
8808
8361
524
2494
4867
7648
12843
6758
2951
7889
8628
1751
12255
6225
12445
2107
2247
1271
7788
3464
1983
1340
11778
11790
6364
3102
9905
7119
3352
3584
8636
3774
3566
8593
11327
10640
5519
10500
11127
4064
6104
7835
2457
7338
10016
10011
11313
2611
9477
9657
8423
10134
3820
1692
3513
9793
405
7176
7726
12629
4030
1950
8719
1474
5937
3189
11149
12045
7470
7946
155
3732
9161
10323
9870
9391
11840
11455
11316
336
10509
8381
552
957
4551
6748
4926
1918
11332
12961
5711
12547
9331
12409
3362
9254
9228
3949
459
1892
10040
11809
2923
9324
191
8682
9238
927
8246
2113
9327
5757
3608
711
5943
4997
6794
4130
4903
9107
4344
1750
5461
4911
6279
3690
7684
2640
9535
10071
2033
10433
85
1007
12862
4182
908
10267
4167
9009
1881
8504
10983
12244
7030
3781
5637
3156
10348
2703
6045
2230
4648
1964
7320
6159
11835
6991
11875
12750
3654
5307
228
5272
9862
4444
7772
12270
7950
4611
11205
561
2420
1338
383
6089
12951
8159
6935
2834
6747
9752
187
12486
7484
5763
10681
3915
9422
12570
7296
6652
9776
5121
6188
9339
1990
11954
3427
12765
7549
12164
8330
7067
6535
9282
11718
1430
242
8547
9226
8982
9867
6151
3043
4870
317
6261
9384
8514
12406
6338
12443
7404
3500
8957
3964
5664
11397
2745
1386
4548
3333
3992
9994
491
3963
9883
779
12879
5607
2312
4979
11540
5724
3686
11034
5211
1283
9525
2356
9868
10202
5222
11694
12807
5328
4914
