8642
2392
12368
1124
4922
8044
1779
6867
6250
8440
4848
1858
3054
2433
193
10896
6238
4680
10548
11402
3364
3485
356
8391
6685
5085
1748
298
10806
12595
2104
10670
4378
7865
7473
10701
5775
2264
10524
4947
12349
10696
10401
9632
4457
1796
11582
6684
7133
10017
7287
9655
10621
9959
241
3093
6753
1238
10059
5614
8255
10087
6360
2500
10056
4374
12196
8431
11497
8996
12425
11562
2938
10730
10650
8713
9039
11751
9402
11654
6461
5607
1987
10525
2846
11097
8531
4324
546
2156
5696
3928
10210
12085
1665
12013
1667
11195
6107
364
6698
10334
11179
7229
11434
9577
11212
221
12433
11648
4157
3606
6391
2997
8875
9241
3755
1358
7180
173
12118
3621
10899
4918
7867
12101
10635
8675
6675
11373
5483
7241
10808
8346
3747
12639
1205
6299
8658
2129
9596
10182
11962
11441
10938
11116
5214
5453
9167
6421
10541
9217
9573
3724
1195
10307
9954
12670
4076
6743
5108
582
10436
2761
7304
3552
11276
1551
11110
12193
8753
9194
3565
3284
3852
1370
564
1056
5270
9742
5587
6401
7650
10385
5896
11643
6273
10168
8061
1273
12152
3607
10955
6041
12797
5267
3762
734
5127
10973
12861
11846
8966
11856
2101
8978
5702
1617
6352
2448
1160
10179
185
6024
1410
12089
7526
12351
8963
11095
7595
9029
3930
4603
2559
9198
8273
11080
9353
8253
4916
12310
10115
11738
11174
10721
2645
7336
7055
8714
5197
3052
7972
3271
11899
11066
3363
6978
12288
12462
6139
11942
2453
1782
8509
12811
5851
487
12364
7255
11163
3309
9036
7305
64
6388
8752
2252
6420
3311
11816
10214
5027
10836
3195
520
1624
12467
3999
2118
7580
1973
3616
9378
4564
749
8650
6151
4850
2969
3108
12112
8690
5230
13005
9454
473
2912
4338
12919
8794
2113
1735
2873
9539
2280
8985
7878
5960
5479
5785
5526
2720
2307
7814
5687
8010
12483
6798
9931
1405
5018
11511
5186
12564
1750
2239
2693
10840
112
12572
7779
7590
1761
3127
11940
10066
8131
9686
11607
1970
9726
9694
6621
3146
46
1257
4219
1385
2368
5240
10183
4478
7410
7573
177
9282
8030
12365
1956
8903
8219
6602
8497
12692
7119
4084
8257
2520
8237
4902
12520
11876
3065
9302
4977
7539
7826
11916
6951
1675
2685
12824
4207
9755
9446
106
6105
9338
9482
10748
5786
8464
4447
1426
9600
909
9027
1121
4368
11453
4563
3339
4275
11052
10530
1441
7971
3670
5590
4035
8136
10150
6019
4072
1860
2005
3693
673
1859
12452
1773
11842
10826
3055
10211
3715
9639
9076
10803
11941
2502
11853
8074
9563
8059
6418
2088
1389
10735
3474
7320
6511
12896
6153
6487
10996
1658
5388
477
11382
5897
9142
9471
9011
5656
3269
11246
2444
2040
3875
10389
9791
6306
6115
4572
4082
3489
7203
9582
3865
1457
12679
4793
1208
6569
4525
11134
9585
11474
8282
861
11271
1290
10729
8449
9225
9050
1475
3400
7610
2553
12318
5279
1837
2973
8090
12782
2491
12660
605
10726
6174
4717
11304
7559
10180
4697
3080
4963
11390
8923
871
21
5792
8019
11076
4818
12492
9449
12311
10423
6802
7658
3365
2272
10854
10207
10019
2919
2097
1478
11949
3538
3921
9787
472
2766
4794
12099
6085
1524
9192
1944
997
1525
5182
11496
6284
12045
9400
7521
96
5597
4201
7454
8259
7771
3128
12295
2536
12592
2267
6754
8183
6484
461
10369
2470
174
6735
4688
980
1438
8463
9247
9060
11697
8378
10819
8537
6131
4139
5831
3483
12504
9478
2464
1688
3808
5246
12380
12816
11637
6838
5793
10378
2606
1185
8654
6235
11510
9409
12719
2788
7679
5733
7189
10796
12769
7986
655
1785
11218
7060
7447
6869
8866
1659
4314
9203
11015
2492
1126
5426
12755
8957
11481
2532
6560
3925
7979
872
11616
2442
3062
7554
12066
9805
7479
5444
12442
7512
1757
12877
2270
12980
10870
6928
1361
11659
9733
12860
7726
2959
1390
6082
8238
3101
4322
1817
1844
7037
2992
6101
3420
9452
10600
10981
5588
9810
5834
5814
6968
10483
6431
8016
9548
6907
11652
11498
7730
4418
8827
11909
10053
4606
4815
8123
13011
6066
10192
5529
3904
859
7051
8970
2789
11471
3880
425
11557
5721
10390
8677
9443
8769
7466
2285
12934
6490
11813
10151
8845
6448
8190
9415
2315
12458
6311
3118
6206
5547
2832
12954
11509
3976
1374
4897
2083
4738
4573
9359
12910
12073
10568
6533
1848
6356
9662
2509
12095
8716
12316
10216
4375
3455
6674
7440
8289
7104
6982
10343
544
4844
1861
12781
3566
12825
3955
12416
12271
1172
3058
12469
8968
9325
2133
11578
1588
10431
10942
4949
9259
2807
7029
419
7908
10713
4073
5289
2799
9576
12160
8723
5302
397
11480
6888
1243
10393
7494
3770
3781
12397
10265
9625
2816
3646
5973
1007
3290
6721
8726
9368
9232
7145
9845
4094
3016
7533
7906
3207
7744
6415
8765
5802
11975
5114
4647
10513
12800
7778
9004
8186
3254
5022
10291
6310
3949
56
423
2188
9465
4543
74
9886
6287
634
8109
6541
5109
7804
4075
5861
6073
8105
5215
6283
12007
6954
319
12642
8138
10240
6179
8208
3508
2721
11766
4399
6934
2625
4923
10612
12461
10974
528
2282
8547
10065
11355
2899
8825
2960
11888
9543
12628
5265
9606
1037
2933
11208
9159
10020
2089
1756
2076
422
8583
11070
10690
1175
8574
9143
11140
6109
10844
3734
9642
5706
5494
7661
3026
2168
5853
4013
3153
3356
12202
6667
5056
12918
8990
9211
2441
257
12584
6455
12821
12454
8790
6786
10178
8270
4607
4556
6163
3234
1420
3906
4858
4471
9393
10664
3713
3981
7668
7818
2201
7563
7722
7678
11354
11719
4132
7266
10224
3021
768
2929
5719
9523
3676
8168
5522
1605
2140
5726
8170
10994
6584
4519
1552
1732
12543
1741
9026
9832
2114
6253
5326
773
3202
9930
5512
2199
2391
6804
7570
12991
1449
8623
6087
5254
8617
9347
8601
10471
256
5764
12701
3187
12708
7794
1866
182
3908
9870
10500
8935
12715
8411
1501
864
686
5796
11339
3823
11301
9698
6472
2382
10755
10776
7179
6248
3877
12815
442
10804
4561
5261
4293
9712
718
2895
9521
211
2994
12418
11780
2051
6120
4490
4099
5820
12195
5617
9549
6692
11314
9042
7109
4633
11074
7845
7045
7940
11463
2910
3166
2630
4336
6309
519
6731
9396
3096
4855
1781
2600
2432
1615
4315
3738
857
1993
2844
8853
8423
10498
7135
11920
12724
6223
1186
7739
5134
11421
3529
12285
11660
7328
6280
4713
271
5361
12423
6308
11515
12447
9291
1784
5575
4548
455
3132
4167
8005
98
6138
8251
3493
5452
4119
2791
5030
10188
8291
4789
577
11137
7702
2779
4363
3212
6911
5603
7248
12973
6784
5185
12324
12731
5050
10641
8659
6604
404
11997
2174
4974
2572
12487
11966
9188
4196
4814
9673
7513
9531
1703
7643
8327
4903
10744
10094
5906
10501
12445
6145
8220
12738
1459
10138
12587
2020
9794
3648
2215
845
11182
4098
628
4436
5381
9051
8468
3384
10890
3204
1653
5131
4999
6225
10068
3048
10771
10018
12503
950
530
10546
10466
2756
3331
3266
3849
4598
8572
10283
6830
5213
7695
754
12617
579
8711
4130
11090
8184
5613
12191
9237
1995
6466
6097
8527
12680
1421
7395
9386
9827
9937
11287
7362
2029
463
1711
8334
8004
8171
7751
4822
10987
5447
12083
12739
940
8111
10198
215
4681
11572
6546
9424
5335
12542
8397
2998
7858
12833
8568
11487
9522
6281
9345
8357
2818
2310
4997
6135
8691
107
4408
10859
7086
3178
9175
8838
4123
4253
9923
9838
12474
8051
11300
2090
6720
705
6851
11753
1881
12463
10888
4272
8211
12410
3022
5149
2558
1000
7030
1771
8620
615
8871
5930
9598
11985
5041
11135
6404
9927
4535
3396
11253
11716
6518
6724
691
7558
5876
578
10169
385
4090
10561
8669
10760
6892
4063
6454
6313
9631
5668
4110
11031
1303
6860
5034
4467
12822
9872
10490
9559
7345
8893
7760
8506
11604
5732
4730
12524
436
10572
6503
10948
4952
8508
11071
8715
3036
83
4330
828
3722
7625
756
2132
4416
7607
9019
4920
10280
10944
4524
4000
5387
9414
2644
5579
6962
867
10228
1263
2833
11486
7766
5355
3394
12682
12064
4107
7421
1759
2703
938
1754
2539
7396
2263
9950
3704
1685
9488
6422
2198
11892
914
4715
9155
3203
4116
5162
10807
11680
7105
6929
2664
3466
1990
716
5290
10918
137
6815
8444
4702
2730
5713
1546
9581
2085
4788
8316
8585
7963
12591
2629
2251
13006
599
1469
5475
4632
8881
7380
6531
11346
9568
3219
884
10254
11348
12004
5556
5422
6491
10260
2729
8043
10486
9307
2479
3368
10733
10553
9435
9265
9765
5889
7425
1630
2284
12490
5864
130
4438
11260
1381
9406
11328
1906
1937
12472
8084
6013
2461
1652
7099
8855
1505
5216
12516
9883
7872
7047
12733
2897
3728
8725
264
7896
7283
10120
3247
335
11868
10727
1169
277
6540
5761
4619
656
12537
5929
1046
6086
5476
11419
8475
111
10330
3216
8847
7855
5925
4515
11112
7073
10387
8031
2443
7593
6826
144
589
8438
3044
6429
3778
8287
1766
8776
6203
7535
203
5069
7629
12847
4560
5421
8049
10155
7351
5717
7204
9693
4809
3435
3047
7801
1122
2915
2102
5666
12830
9258
12049
5370
11145
553
8910
6395
414
6118
10474
2259
6939
4105
6032
9110
2326
12544
5542
4310
6820
9012
4984
11210
9946
9115
7097
1050
10703
2579
542
4028
11525
4652
1907
149
2991
6390
6218
10493
3288
9080
2322
9442
563
3837
12054
7955
9023
1872
12532
2781
888
10162
1437
8410
3786
6378
762
6254
9735
6984
7603
4208
5646
9056
1392
4020
282
2561
7162
7381
9124
9201
11699
4605
12227
10299
991
6210
330
9207
5865
12470
10089
1734
214
8597
1190
5084
3815
3413
1496
8728
3124
12283
12441
1099
10759
3172
5319
3733
8989
10761
1446
8734
8721
7257
7006
9888
2588
7954
3600
4053
4282
2258
7763
4484
1245
3134
10954
10350
4303
10562
4824
1523
6657
10355
4477
988
946
5395
6842
12165
291
8142
11489
7999
3375
9032
212
3198
8194
7233
1
4184
10375
7302
8429
380
11050
4255
6124
12915
4369
10434
10099
6966
8263
3192
7444
12913
2342
1355
10875
5514
10683
8884
12916
7158
10549
3436
6322
4242
430
12067
4494
5053
9508
1832
10221
9929
1308
11499
1772
4714
1109
1980
12994
8622
12179
11128
9637
9867
1709
11199
5989
12809
6093
2301
9564
4410
6495
3237
10322
2195
5372
11226
11472
772
10882
10306
10440
1214
4395
2217
12371
1032
2953
5099
10962
6452
10359
9574
10991
4841
5808
4821
5016
47
6608
12098
12347
11115
6467
1247
1378
2941
9210
8912
8844
9627
12964
12879
6947
5769
728
9377
4937
6872
11610
3989
12551
9356
829
2784
12920
785
2542
9541
136
732
5231
2025
9182
2857
5581
8832
8337
4401
8441
11038
2902
895
2026
7561
8082
10774
6896
10157
5323
11167
12779
2206
4912
11671
10063
6423
11926
11146
6832
1714
10874
10911
12944
6457
9352
12481
9604
12306
11726
10033
4726
6949
2707
8705
8914
1148
1070
4264
5165
3242
645
8091
12534
10156
8595
11929
5193
11594
3901
9516
2731
2446
4479
8371
8907
12533
5783
6108
9245
10961
8302
6255
2639
5411
1697
3221
6463
1576
7850
7342
8693
720
3100
11683
10368
9797
2070
6164
188
7187
912
9751
459
12548
8915
11169
9557
3243
10220
4043
411
2616
3841
2537
11612
3553
12552
3819
729
8281
43
2921
12947
7278
1728
12434
1845
12142
4151
8805
12807
4026
5809
2948
1340
8097
10660
10494
12260
6371
1543
7888
4256
12143
1966
10680
140
11042
9762
11467
8785
1108
4209
11742
11529
11722
9895
9715
6752
10040
1327
457
899
11366
1655
12107
7499
2049
5639
10559
10863
8977
49
952
7506
7437
294
2763
9964
11764
12262
5316
2628
7132
207
965
10862
8153
2571
6745
668
9968
8283
72
10931
9125
7752
9114
11247
12121
11986
1197
7469
4875
242
9891
10917
2058
4136
3157
2963
515
12102
8530
9444
8304
8483
1742
7015
12022
5881
6726
3637
1220
9223
11729
3804
4216
2023
2125
824
506
437
8766
11533
2777
764
2978
11706
8392
495
9144
8486
820
1304
1004
12953
924
1862
12637
10276
10907
7360
8025
5208
1910
10952
7113
6759
12090
7175
8571
5211
8812
11263
8539
3687
771
12374
10190
7919
12326
10602
7258
964
2987
1010
11629
3731
1805
10259
1775
308
12498
12320
10394
451
11867
4066
2801
7143
11251
555
5948
12747
4318
7544
5841
9300
7953
10022
7885
2923
12422
9165
10679
1377
7927
9233
10867
10329
7436
2581
1216
3635
9170
2157
5537
11164
11792
11690
5665
62
2108
12675
1513
11306
5026
5272
10046
3109
6373
12130
11828
5324
11741
10347
7457
9730
8473
12699
5328
9967
4720
5826
2810
10484
7589
292
7254
9530
5577
8078
5152
2497
10410
9841
6795
6514
12401
1018
12651
4700
11410
3338
1490
6836
4025
4081
8599
6130
12184
12630
9441
11585
6764
11118
3782
567
7471
2348
6298
7190
12684
9183
6293
4361
6751
7355
10756
8465
7033
7777
939
7276
12525
7247
3177
6160
4232
1919
4597
11131
6113
6403
480
4005
5495
7690
11261
159
10253
9475
186
12612
6957
4835
9533
11743
11565
6263
8744
8763
4608
8162
1991
10629
1173
10449
3946
693
11249
3870
7377
12220
11971
4894
11653
8193
5081
8060
3619
3790
8301
5092
1499
6833
8406
4001
1789
1913
9464
7350
7356
4704
5371
3923
10185
9649
11414
12505
11380
1591
3122
11325
8427
1851
10243
6651
6057
4054
2925
231
10953
2225
4460
393
10370
6844
7174
7128
862
7157
5878
9379
5994
11621
10809
3681
8174
5047
5692
3964
7509
1057
1897
11605
3209
1920
10426
12239
2028
1326
484
1589
4010
8018
12500
9905
5714
10522
6643
3402
2715
67
854
9392
6570
6561
2594
12245
1395
4836
3774
3232
3675
5029
8368
1341
2935
9234
10939
1024
12959
6619
10718
12914
8754
8940
3119
1055
7545
4616
301
11964
5628
8310
800
11389
6576
1528
5225
10252
11267
7683
5574
1564
2505
7049
5716
366
4441
12569
10455
1388
12801
10555
12995
12593
3979
355
1686
3768
9902
10386
3967
10406
6114
7847
2358
3584
9780
11870
8496
10416
4398
2200
9821
12652
12230
789
6312
11302
12589
9001
9339
10238
10404
7604
12255
12459
2996
5750
9567
8611
7035
2007
721
3228
4539
2800
9473
933
4166
6044
8181
1719
3807
2951
2738
9484
11122
10778
2047
6186
5135
8710
6974
2647
3824
8829
1883
1248
971
8041
4030
293
8764
8290
4960
1307
9496
11232
6644
9583
9547
2261
886
7317
7652
3412
7900
9584
7212
11881
640
2299
1627
8859
9403
9709
7825
2018
3789
6592
11019
5875
11608
10895
1701
4235
10346
12092
2279
8394
12880
6407
315
9024
7239
3291
12409
9610
3629
11114
9589
375
68
10362
9509
2946
5554
5075
10415
3678
8106
4669
5375
5457
329
10639
7772
5467
6646
7155
1412
11298
2511
11165
8900
3910
9320
654
10860
11415
11544
5061
1272
9162
6133
7364
11081
2618
6030
10441
12071
2148
9372
6744
31
1927
6941
5429
5697
10409
676
7032
2839
9286
906
8175
12767
7939
10873
5471
8846
4521
10651
3667
3628
611
8633
1799
592
5077
8224
9094
12300
2032
9773
7207
12748
6862
9457
6335
497
4069
1137
11567
10187
11889
5010
8784
10823
4925
11804
10412
2467
3449
10805
7299
4402
5589
3986
10258
5773
841
5854
8303
3189
9354
12181
11250
403
5712
9176
2544
9038
10133
3657
7819
12522
12957
4344
3777
2287
11901
7597
12848
12881
1408
2742
10940
3614
4224
10108
5823
7822
1315
6631
1774
1733
4900
6578
6528
3317
5939
1917
7899
3147
641
4386
3043
7048
6302
9373
6329
2668
12493
2194
10905
10502
10656
949
5284
10427
9681
7474
9529
5698
2876
1030
11858
11895
7996
1603
5004
7511
4899
10398
7401
1804
8549
5618
9532
7517
4301
9764
4446
5415
1090
5455
8374
5342
6964
6903
3245
1170
269
12062
5096
11194
855
7664
9297
678
6879
3068
2317
11160
11707
10861
2439
10838
9966
7935
978
12826
10310
6998
347
1380
10477
8461
10095
761
12268
3810
4590
3138
8704
7990
5383
9480
3937
6926
2063
12696
3897
7477
1975
12256
12647
6106
5402
13
10470
12790
6640
8850
2538
12407
2726
630
9451
11215
1020
10264
2708
7458
4122
9979
5268
9544
1416
1079
11825
5886
8047
5187
5701
1535
1151
8593
1139
5140
7069
10584
204
10737
712
10801
5201
6119
7956
9166
5232
1814
4039
12901
1503
852
4316
5174
12539
77
7114
9688
2578
9965
2080
4769
7018
3580
5420
2361
1803
9491
11682
1692
11051
158
10540
12573
4520
1654
6719
10459
3661
5241
12658
3005
588
11186
1521
10633
11668
6530
2952
10818
5757
11834
6408
1769
3211
11522
7160
12356
5943
9650
10920
12999
7026
4731
5867
10009
4557
11433
7618
12330
11054
3499
7811
7780
12763
9323
1797
7391
6799
11395
3492
12272
12911
9180
8121
4093
8988
11574
6279
5103
7386
10740
9998
7338
6591
12596
1193
2523
5221
6009
2911
8460
4240
7443
5927
9880
3563
9088
9571
830
6737
1211
5810
12253
3916
12676
7583
7562
10879
1334
11126
7617
6486
2697
4868
5804
12172
3960
1730
6357
5689
4559
2914
11150
3888
6034
10323
9412
9680
8873
681
6768
5520
10653
6154
4433
6470
7630
272
4885
8160
9160
1716
4199
5234
1482
5313
2159
12737
10376
703
7973
8522
6296
11183
9753
7300
6261
4113
865
11787
12614
1572
5427
8947
4613
7600
1466
8221
3020
552
4866
5405
2596
5570
1016
5674
4857
7959
8249
4156
4604
2719
6709
4575
6512
7948
974
2598
12623
2003
7736
11255
12780
10361
6572
10923
616
6805
11024
12417
3744
7131
1180
2954
11423
11213
10731
10593
1427
9432
10392
1439
1690
4907
7238
3112
3199
2228
8418
12712
6286
7359
11048
4759
4990
12559
10335
9493
4027
6681
1684
10293
9068
4452
10121
7324
5978
8312
4621
3727
12287
3478
1811
755
7543
12127
2958
10246
5430
12884
10079
426
8916
9438
9771
849
6515
1884
3447
2521
7810
9057
11838
10885
11930
5155
2824
8003
6908
9097
2253
10050
4197
4691
12369
9327
11185
3143
2064
9553
941
1825
11075
2752
11291
2564
9748
5933
843
2303
6654
10072
609
11561
169
12280
4432
3129
1500
439
7773
6705
5635
11651
8888
9974
4131
8038
711
295
2351
5731
2885
3931
10947
11791
11540
10061
12240
7553
4773
4905
5080
5649
9983
8236
986
369
10550
9375
8426
5141
5945
12430
5238
3301
7034
11761
516
6188
10950
1753
11803
7892
9860
5200
9777
2410
11347
12213
8732
751
7946
11043
1250
10698
9525
10673
9381
3528
10742
2762
4511
8296
8129
2235
7123
4957
6882
5019
9721
8151
7925
3872
6161
81
5503
9862
3079
2727
5414
9498
10814
450
10429
12176
7388
6320
1979
3730
4195
3980
4489
11455
250
12
4514
11843
11630
12040
120
5154
6416
5741
5538
6701
12362
1153
5672
1729
312
10828
12336
1776
10757
4340
7387
4650
8736
5263
8534
7495
4108
7397
8313
12138
7862
6976
5441
11667
11781
63
2306
3181
11924
1725
245
8125
1040
10510
11641
5615
7263
1662
11317
4542
3599
3061
7008
7502
5486
6538
8709
9921
4901
7529
12169
7951
5911
3927
905
7924
12197
12194
1930
3894
831
1931
12150
989
6990
6955
10937
9878
11538
9394
12863
3387
7774
9738
11824
7036
8579
8393
12185
348
7216
1116
601
1955
5637
9256
10206
917
10371
11256
5161
3622
7624
6318
5242
4771
1429
8865
7347
10160
7040
5571
12043
12893
1320
11874
4347
9055
9674
3975
3442
4512
5686
6859
12383
9003
10147
891
10367
8156
6734
6696
9628
9322
9828
2554
350
7548
252
6617
5083
3155
2930
8749
10318
2468
2663
2302
11264
4127
4097
3935
7536
4660
6623
11507
962
5584
7414
4765
10161
6244
5137
1458
3532
9644
9804
2388
5157
15
4965
2525
6372
372
8999
5982
7311
1829
341
3679
2705
5678
265
4581
6539
10932
11436
10903
13008
4243
2204
12309
2281
2389
2671
11878
9704
514
2418
4873
1021
12218
4469
11531
197
10959
10631
8158
7808
6813
2374
5700
3655
10266
1626
1115
11284
8404
6559
11656
9652
1579
11702
9807
6426
5001
9856
2831
184
2769
12335
5838
12668
9550
11459
11967
4752
5469
12187
5456
11370
10300
2254
7921
7385
784
3973
132
6474
1409
4628
2021
12972
12352
12555
698
2367
10177
6508
5397
10199
9483
10000
807
7085
145
2842
5166
12962
11413
934
8824
6230
3465
10751
4212
851
7612
1373
4774
1089
6424
6017
11649
4530
5212
6887
7237
4029
2843
1893
3482
176
1088
8202
10360
935
216
3847
1364
4299
5366
1362
3825
4225
12742
10677
9626
3230
8348
8550
9949
1794
3104
4758
6783
1047
4956
499
4614
6175
10649
1643
12828
1329
11299
12558
7153
8240
3446
2347
4426
401
10495
8326
9360
6162
4709
4676
7115
11740
7998
9741
1102
7234
3645
932
7880
3491
11157
6007
6173
1075
3337
8862
4016
6029
3000
7854
9758
908
11326
4620
12788
8528
8274
10227
4545
8621
7235
7633
12041
6847
11806
4366
4915
7208
11527
4867
2185
8931
1533
9706
1492
1704
1790
8130
8242
12455
8927
5205
3481
5752
1295
10134
4453
6812
8064
5745
3691
11064
6001
4475
11502
5782
3366
4276
7057
11060
8643
2662
11416
2354
12854
3222
11170
10914
5497
8241
5436
5148
3505
12377
10518
12315
2248
7339
10203
12053
4266
6997
5541
6913
5540
5629
1536
5329
2820
4104
1396
11191
9423
11914
8880
8819
8731
8382
8053
6760
12489
4283
9566
3936
12932
3083
7066
11330
7259
8218
11947
3330
8028
11636
11230
9492
9772
1043
9081
10827
11976
6819
3922
5583
8540
4592
3511
545
384
3746
10372
2276
6963
2615
8638
10967
7871
1282
7929
9956
2634
7309
3994
12155
5120
9634
11143
7897
1850
4856
8513
3743
12518
8146
12867
8507
12372
4718
6077
12225
8882
4128
6251
4733
9054
11701
6727
2872
1718
4944
1271
1359
4359
10693
10869
7144
3308
7280
10007
2942
12222
6697
6074
9750
6277
6237
45
3558
2977
11566
8648
8894
5913
3900
11041
406
10006
11047
6264
12402
11665
7843
12856
12783
6527
12694
5899
2595
809
3350
3260
5021
2741
2275
5445
10659
9980
11536
4917
3578
3085
4220
9015
6181
11151
6234
6184
2570
8976
6146
11553
7653
8696
3893
9082
6537
4358
8890
1743
8336
9784
2352
6843
4682
4596
2247
10422
6762
6595
9427
10583
4827
7371
3386
11285
1031
8228
8843
11839
1969
10424
1489
359
5256
1604
1445
5663
3239
11826
1901
124
5399
1428
5169
9863
4290
4749
165
12744
11158
4498
7696
4442
1540
1565
11601
12759
4887
2621
4549
4012
9047
9661
11517
9314
4286
4707
3433
12607
8210
12850
4006
8979
8443
12611
1200
2568
5676
8948
8339
6402
12713
11130
9701
1111
1928
8076
2091
8126
5115
4406
7840
5788
9235
7337
1740
11342
8361
526
12823
1065
10077
11871
9044
7788
2527
2510
8782
8150
12958
9058
10835
1330
9834
3598
10630
11678
2878
10229
1450
2744
12363
1562
10118
7112
2309
9657
2419
12952
10135
12762
6049
10237
7522
6231
11379
2931
6178
9501
10515
5667
10645
7707
5915
10201
5311
5039
10607
790
11406
4865
1194
11921
8698
12323
7056
3889
10577
2702
10747
8243
4982
9724
1542
6321
8730
11362
11077
1415
3023
11545
2673
4853
5780
522
1486
7139
4881
12702
4646
12678
3773
12987
12844
922
6159
6047
2423
6564
6855
1568
12720
1977
5097
5123
12046
2658
2364
8284
8834
7125
11613
12937
11305
4878
7592
7743
4425
3183
3289
6
4840
10127
5199
343
175
10049
8878
12392
12030
3196
2706
10988
3425
3591
6841
2035
2294
11278
2603
4004
7571
10897
3268
5078
4018
5133
6620
1710
2150
11270
531
7431
7987
11445
7450
9995
365
116
12986
11178
12403
7911
3972
5227
408
9279
1084
8863
123
4968
11113
1146
6658
3194
5288
5610
9597
6449
452
12048
9009
6502
382
5722
672
4420
12787
4050
358
6027
2463
7514
3184
2408
5031
4719
3182
9289
6176
7152
7007
8544
11094
12215
12235
9672
9809
7556
427
5327
6797
12464
7714
8020
10109
10674
7418
4804
11381
12681
1189
9619
2314
4896
11830
8708
8178
6442
2232
5374
91
9071
6239
1700
12686
4295
7486
12745
3185
4518
1313
2189
12199
2241
9837
11196
7413
11503
9285
5138
2394
5147
5389
5285
3932
9623
3298
10556
1649
6088
2357
5776
7918
9310
4584
4746
2493
12501
1451
8320
314
968
2236
7891
838
1577
8080
10846
6144
1683
8969
9904
11589
10921
2534
5544
155
5005
7375
10480
9410
12627
1793
6749
3039
11087
1260
7792
7642
1888
8415
7785
8462
4294
4587
11661
9864
1129
8040
9646
10328
7641
8027
11635
6849
4036
12925
7635
11696
1112
7010
3258
9833
10467
1821
7677
576
1526
6336
1042
3240
535
12329
5862
4819
2986
10288
11297
3504
8707
3006
213
7459
2797
8390
11138
794
3749
11295
10397
2341
2812
1820
12211
12449
737
4781
36
5049
753
10152
4161
7141
5602
6080
6967
6397
7596
11119
12735
3133
9244
1455
2184
11120
11728
11269
12885
12198
12298
837
3253
3033
2027
4659
9939
10082
12432
8345
9814
5100
6262
5252
903
11341
9609
5679
5057
12928
4204
6919
8329
4169
11634
6979
6605
9298
9099
10565
8922
12641
5195
1892
5825
9866
6450
2819
4950
3453
6275
7080
10957
5223
1679
2892
9408
5883
2153
11162
4931
8909
6480
8788
9506
4302
10016
11593
5412
2457
11776
632
7357
11736
4954
4238
11315
4983
6004
8902
3293
5720
2014
6638
6750
3007
5817
3843
6410
6553
8737
9164
5616
1352
5568
7091
6419
944
9332
2256
3439
4370
5643
5551
10074
1515
9489
2701
8511
547
1442
10226
2809
3414
3334
11518
10753
8340
3059
6634
6485
11396
11109
2265
1051
8398
9212
1249
1590
9616
12070
7866
349
5194
5824
12864
3767
3034
12000
12619
8775
6779
9267
2515
9077
8045
3609
333
1904
11417
6028
1402
596
4052
1553
4228
10787
8330
11327
7737
12224
7893
5832
10012
5812
3844
7884
3809
2949
9615
10842
958
11552
9641
3761
6194
3624
10166
12853
7076
10465
9620
11228
8626
6782
10333
10534
6274
10576
3486
1994
12345
5839
11067
6728
9271
10924
2659
434
2770
4222
1836
11442
7088
541
3071
5276
3977
584
12852
8624
3053
1623
4365
2242
1713
11563
4729
4732
1296
7480
569
9275
2431
3352
7426
11622
2670
5849
2371
11211
8891
3428
1724
28
7335
6628
9118
6991
8760
12912
3046
11993
2903
1443
10537
3787
4102
2850
9216
2060
4307
9551
8180
4009
12966
7064
2913
9147
9988
10582
7937
3
4834
3669
4685
7211
5835
6905
8697
1187
4513
10712
12002
5433
6969
5491
770
3191
2119
2226
1462
9253
164
8000
8222
3190
10685
11425
2420
7326
11905
11175
8233
11385
562
4690
9450
9586
9468
11931
11861
3568
1813
4046
3393
4728
2893
10570
344
7969
388
5815
12545
2179
10964
9869
9499
3063
4568
5546
8896
2920
8167
1852
7546
2580
5669
4610
12838
11214
8813
7688
11865
3292
8504
7232
2137
7569
16
1537
10159
7264
9331
6155
5993
11556
4886
12662
12456
1023
6776
1670
2688
4508
259
9781
12600
4180
7853
4191
210
4817
2304
9648
4
2773
1886
7161
8408
9993
8584
3329
2864
2412
5333
7715
10605
10878
9387
2183
479
12183
11405
6157
6294
1914
7636
11625
9254
8614
11877
5852
8699
9089
12608
2498
898
266
2563
12265
8279
702
6505
12426
3458
710
12667
670
7961
5330
878
12375
12746
3543
6078
12446
4611
9580
10137
11177
2587
2139
54
8474
79
12789
10492
10968
10956
10257
2155
7236
6922
4454
1418
11788
6325
126
7823
8446
7734
9
9836
1398
6095
3876
449
5521
12277
201
3521
248
12993
9490
10080
1996
540
3602
2291
509
8555
146
844
5941
7462
11428
11875
7031
5245
6123
6381
7812
9848
5224
12768
9871
4534
780
6465
4699
7806
4419
6956
5772
1192
8980
10041
6780
10855
10096
12243
2144
2623
1176
5987
5777
9614
2679
10268
12978
5485
2883
7933
4421
1583
12565
10566
9228
7277
3940
6702
10054
12649
2053
12088
3633
9826
2121
6349
8022
8122
1312
9479
9119
6794
55
2633
6803
10284
5396
3067
11644
1699
7249
3395
3440
7164
9952
1357
752
9669
5410
8543
2682
11810
4024
1840
1509
7718
9355
99
6207
9262
4642
4510
1063
3690
6270
882
5983
5507
7042
6456
5067
7993
11266
3123
9665
7376
6641
2926
11376
6769
206
10289
12610
500
8567
2856
2373
11331
6340
9385
262
5160
12576
11577
3012
12979
12529
4394
12556
6051
4279
11642
3668
7665
11407
10351
979
4388
12689
2575
11785
3460
1001
3708
2506
2300
2096
9507
8886
4241
4263
2162
7685
1556
8938
4737
4528
7403
2009
11957
10200
9330
10765
9472
1660
10462
10925
2681
12878
6936
8432
2562
2135
9999
8250
8687
3357
33
2375
8942
5020
11323
5093
11903
3498
8065
10469
6536
5332
3776
2305
652
6305
856
10684
7550
3545
9382
3210
5898
8285
8050
4864
2936
3270
3169
11234
3593
10164
10982
12485
10255
1641
4159
10627
2271
7202
2257
973
6346
8836
8965
4760
6387
5278
2543
8645
3567
12704
5006
12023
10687
3159
2460
424
9319
10977
5484
1731
11359
1621
10354
1321
5576
9656
8876
2901
1826
5951
2699
9251
8453
5528
3259
9769
4068
10093
10816
9736
4989
2273
11280
12014
23
12644
3462
6873
4372
7323
441
2661
6582
1721
9789
12134
1882
9132
3070
11457
8652
7532
8928
6437
2957
11124
5250
2528
10775
7192
12189
2015
6875
11010
11449
3608
3688
8052
3509
11028
310
3404
6983
7815
8254
5124
8858
10058
5829
11494
9268
4262
12752
8482
3803
11192
2888
6690
11030
10482
5035
1266
9374
8009
11372
27
11005
11897
2582
5705
10142
7800
10619
9731
12250
10233
675
1638
5101
258
12664
1905
7147
125
4427
9141
4872
9608
12261
4569
2711
5403
5423
5525
1841
8635
12076
4393
327
7646
4882
3811
9621
813
12111
4254
135
11027
10504
6904
3322
5935
961
7070
11755
2093
11866
3592
10395
2660
5903
8021
2471
6342
7859
618
6932
942
1179
5855
11144
2240
10267
11154
9467
12939
7078
999
6440
8941
6691
8804
2440
10117
7523
4906
12020
2874
8197
8905
11569
3596
1119
9413
10662
8172
11530
9978
8387
5595
9116
4125
957
470
12581
309
5510
5561
1571
4640
4651
6070
1318
12117
11340
11584
1952
6084
704
9510
7829
8120
11528
7116
10743
53
5536
8024
2614
6523
5816
7228
3884
9061
6316
251
1687
8644
713
8058
802
1468
1678
11229
1965
6741
8008
2171
5601
11089
3422
7038
12080
8700
8793
6854
3267
5548
1777
12927
12998
1557
10754
3752
2966
8128
2057
7407
2569
11189
11990
4544
3281
1167
8196
9570
5910
9932
797
3300
12666
8347
1629
2871
10172
11108
9658
8800
10526
10613
9153
4522
6496
3144
3535
8477
9981
9677
5
10554
3218
338
8972
9542
12531
1921
3788
10850
6563
3674
10857
1291
12033
1413
3348
285
5104
8267
9063
4259
119
1902
10704
7378
6662
3282
11523
3891
9534
6278
11541
10374
4649
8185
9318
12873
11310
9005
7432
12435
3060
7671
12229
684
7289
2657
12690
7165
6098
8439
8607
1890
2886
12207
9280
3470
8854
4101
12029
7130
3452
3430
5822
7835
11242
667
12282
12012
12237
2918
984
1425
9130
1117
2332
10523
10946
5025
10239
1610
9783
4879
7286
1720
4153
2136
6477
3506
1029
8529
10305
11168
4306
12175
11000
13010
9065
6112
8755
4967
11104
5999
7876
11880
8777
10383
11773
5694
10892
1447
9197
268
9226
11987
10668
11799
11450
6671
7423
6938
4750
3840
12444
6167
12137
7674
3636
5082
5567
3863
6609
10453
12223
2940
11482
4993
6656
1265
1164
4074
7167
2597
5968
747
3340
622
3306
8294
2123
5262
9152
4038
5921
9342
4870
8484
2031
3604
4938
3310
6000
6220
4061
11758
6430
198
1158
11907
7224
78
311
3941
7470
168
5128
2074
7296
3911
10667
1698
6473
8727
12420
8416
488
11662
1792
9555
10114
12753
7301
1221
5866
11446
5488
4586
1368
6635
9462
5693
3639
742
9293
7667
8421
6877
12632
7992
8510
3320
4945
9186
10900
2635
5784
4565
2017
9006
659
2387
9317
10413
3805
928
8198
11111
12257
9426
9535
4278
12060
10509
7230
418
5872
7195
5944
12976
12764
5377
4057
8349
4439
12528
7747
11216
11539
11672
1868
5125
10024
11956
2676
12116
10126
5118
10242
7712
1878
161
3656
7803
10331
4546
10222
7789
3963
12008
12585
11922
11220
7012
2567
5970
3943
12837
2337
3983
6307
1909
5385
1154
11558
3417
11238
11254
5803
4562
2182
8590
2712
7639
11829
12174
10015
7024
5275
263
5271
9134
10004
4450
3577
12281
8548
6222
11451
1297
2947
1234
5963
982
6031
12776
9963
9053
4051
12971
9391
10181
12892
7330
7868
3094
7978
232
9579
10496
4829
1038
7557
2079
3158
5505
9117
853
11714
1634
12068
9456
9944
3419
4411
1163
10723
5038
6818
6817
4017
11322
4129
6413
11484
1369
7802
2968
5281
90
12289
6228
10672
2541
3279
7504
10106
12629
11262
2469
7196
6788
6846
8565
9358
12638
5130
7270
11068
12653
5515
4252
12221
8807
4428
8199
9611
4775
5972
7527
12726
2882
12709
2220
5028
12453
5585
3802
12938
6224
10081
59
2717
683
11439
5704
8388
11033
6152
6579
7240
10014
1726
1256
7977
9459
5425
12741
3377
8399
8006
5102
7912
4797
6245
7481
1135
6718
2483
5040
4830
12106
12431
4526
10529
10833
1780
194
11350
6043
12997
1317
11243
8678
6370
12560
10864
13000
12969
9740
8100
586
9206
1262
7659
2145
1828
12866
2221
7710
11763
6417
2724
1877
12553
2001
4308
3437
2048
8048
6132
190
10933
583
3353
7127
7796
3326
6575
1422
7244
3027
7587
321
7895
7001
4928
4826
7698
5293
12341
2163
725
3603
1514
9362
2811
6427
10487
1495
3978
12466
12091
8913
3689
8660
12671
1869
5072
6199
1998
8206
9909
960
5353
7197
7756
12931
1657
6276
12037
4377
11049
11035
12486
11102
1822
4362
12373
5979
7267
10732
5762
8479
3380
5868
7938
11334
7490
10558
9728
6170
332
7398
2870
11798
9466
1951
12440
2945
5023
7594
2881
12865
6377
7496
10032
12941
6386
1479
7046
9150
12391
320
11316
11490
8840
12795
6557
8641
4751
12981
8959
1292
275
3537
3726
9793
3086
9984
4152
1584
8781
4496
10705
4839
3500
7970
6393
6669
9554
66
6265
12468
5840
12982
297
10567
4444
4185
6870
10876
4845
10170
8201
2648
10278
7253
11681
10287
491
7102
2466
12899
4133
2043
10153
8189
11919
12171
4629
3740
1230
2054
10047
619
12645
12495
10637
5860
2889
1791
4213
9590
8072
1156
3714
4942
6985
12538
4846
12728
2405
6521
3263
1672
12119
4226
3341
6339
4317
8127
2190
8333
6910
6958
11734
10294
8556
6885
9812
3307
1241
9768
12989
12905
9255
12935
10569
3530
10666
6493
6327
12228
9997
11073
39
8469
2786
270
3961
9469
278
8490
9601
11679
8239
1078
10669
10314
1947
8248
7019
8689
1529
1953
1460
6067
10244
9876
12350
420
9907
11237
1277
685
10552
286
12970
590
5008
8383
12027
8471
12909
4747
12276
7222
3801
7703
7508
180
8619
6269
5473
885
11958
7382
11693
12992
399
4431
8739
7107
1853
12729
12961
12439
2937
3829
10644
6715
4449
12104
7817
10292
5143
6333
7124
9502
7169
2416
7218
9357
11623
6076
5003
523
5286
6825
4400
3518
6344
6260
3087
5778
9288
110
11345
1612
5432
4464
4485
2011
6099
9763
8266
1454
381
10768
8541
6909
6035
9852
1895
8414
12761
11717
9112
10817
9035
6664
10793
9689
9906
9800
9985
1632
9636
5564
6950
6687
10725
10101
7834
4687
4214
12438
5489
2290
8588
2308
3643
1198
12794
10728
11011
9853
1527
131
6520
4501
10949
8092
7627
7753
10447
5892
5873
6580
376
9593
362
3009
3017
5378
6633
8820
8134
9013
10997
8770
2146
345
65
921
4288
4692
9388
823
7960
12507
10707
8921
8505
8971
9587
12796
10594
1033
4200
5658
7025
10419
5730
6771
3236
1548
2503
9399
595
6367
2349
4639
9504
8192
1815
2109
12858
3497
6866
7717
1923
918
8808
1855
1244
5474
7182
10055
7273
3411
2030
12348
10363
1876
733
10273
2219
3507
9992
217
3859
156
6507
10071
9405
4323
11700
5976
901
3945
44
5545
6033
7764
3969
3137
4578
8925
12754
1708
11148
11783
5992
2081
7213
3370
7680
11308
9920
8951
840
9425
639
4558
1376
302
1448
9808
6857
141
11488
5493
1511
5787
5563
5500
816
8318
4162
8102
758
3092
1578
8815
4244
11886
2586
7487
11460
9934
4002
3392
8095
11265
6412
2403
4533
2637
8297
4748
9229
627
3091
7991
4451
3855
9840
9497
6439
10691
7181
8322
6663
1606
12903
11037
3835
5985
4926
4187
9193
11896
11969
6618
6931
7889
238
1147
2138
9924
8155
1288
1345
12594
10028
2019
6733
428
3696
357
12536
3706
2530
647
8491
3233
3170
12618
11836
3136
9073
6501
7922
1354
5735
5248
7170
8610
9552
6343
11602
4188
1747
4334
6637
9200
7243
440
1246
3586
3358
7923
9803
12799
8523
244
2127
10769
3827
8879
9788
6642
7214
9049
4458
7944
7408
11248
9819
11063
2372
12396
10388
24
10766
6500
12567
5509
10013
11664
9416
8032
4593
7782
10715
7321
10908
8639
6801
9105
12968
3336
2298
11466
12450
2325
5091
11609
10596
9337
920
1512
3476
4448
363
10052
2316
3272
492
7697
1131
10443
7039
6912
2134
38
3383
1232
9556
12829
6981
12290
9421
730
11072
12622
12055
12122
5264
3441
1456
12527
12707
4337
8071
468
1002
4227
1520
6008
6121
4888
2652
102
6396
507
6730
9091
774
5136
10624
10105
9111
6189
1783
2475
4516
4281
2683
8681
4309
2552
4978
12385
12313
7890
7757
7723
2223
7098
8494
10196
12673
4424
1976
12339
4059
4291
4618
5277
1569
3323
13002
11775
8384
1062
6814
6300
6723
1900
12943
4124
10439
9513
1487
346
6736
2961
1100
4710
7637
5428
12386
5009
699
5269
1558
1922
8023
6213
4798
4930
12806
1217
9759
438
5527
5969
2841
12177
3864
10990
3942
8225
12381
11685
9290
2086
8366
11383
2233
3828
10349
4612
10979
8300
7043
1671
9640
10078
6611
5054
3652
1645
9045
12601
10689
2262
12875
6594
11632
10272
11219
4040
2384
12984
170
11173
5079
334
10044
6878
1609
8982
2246
1344
9440
3737
9823
8993
9538
4566
219
8801
4523
8140
9987
9953
4537
6676
3589
3736
8492
6341
11155
1737
1839
9178
2828
8803
1467
5438
9202
3817
331
4182
12482
10008
1870
9518
6630
11368
147
8799
199
10984
2208
9135
7198
6614
3382
1219
48
4382
2052
10675
2488
8234
2353
3041
3408
2501
7791
5305
976
11725
6499
967
2790
4080
2835
11349
26
8380
11283
3471
3513
3200
1259
897
4696
3073
2859
11085
2260
9344
2494
6150
7974
11303
10820
1755
3171
9948
5753
7446
3049
11365
12164
8456
5530
3354
7775
9653
11492
7798
5874
8667
12400
8442
7251
9335
8335
9242
12523
4683
12236
9140
2517
1838
11592
7930
3764
1298
682
223
12016
5153
435
5965
5508
8161
7096
6845
9630
9455
7787
4171
2459
945
11952
3683
1134
6046
6096
10815
1560
4443
1202
3418
1397
4615
10479
3631
11045
4491
2656
8103
6011
1053
2046
8292
6597
12620
7288
5094
9729
1601
3861
2078
2328
361
11537
6468
433
2452
2848
727
10853
3838
4371
2409
5350
3116
9158
11647
3605
3665
8746
10037
2406
12123
3205
5345
1300
9696
8991
8037
4955
12615
11547
12750
4722
10163
4390
7221
3213
5606
10571
9684
8673
2732
2638
148
689
8309
10308
9908
8459
9754
4186
10084
3797
9830
12705
2834
9204
3398
12562
11822
10811
2477
3246
8618
1110
4470
10638
12047
680
6289
6052
3572
5044
4465
2675
3887
9973
4800
4637
11513
8703
1494
10112
12602
7833
11176
1242
7824
7058
6110
11658
7279
12862
10694
4959
10906
6777
9181
8839
10235
6435
1269
2359
12357
1316
11401
6258
10086
466
12293
12216
7209
8437
1715
8317
5349
12390
2928
6358
5151
1387
374
12846
11795
12727
10213
1199
6535
4721
5725
3711
3739
12732
706
1085
9519
8536
12035
9991
11801
7656
3448
1404
4246
5598
4589
8514
4392
3429
6193
2907
5533
12578
8132
12950
4321
8088
6607
10736
12887
959
5068
8503
4179
6317
803
9184
12180
1333
1034
88
8816
5623
2692
4265
12192
12338
6192
1342
4055
6459
9901
6469
5058
10865
2774
12475
1474
12266
4037
4389
6811
1360
2793
9817
7022
8489
10340
12497
11156
4210
3231
3898
5950
11161
5070
3956
1393
3089
10277
10810
1305
8223
5920
5437
5887
5294
10231
3883
5060
2455
11767
10601
10829
12869
8729
10930
7750
9971
11597
6827
5975
2904
3700
10626
1677
7879
3180
162
11338
11500
8625
1885
1534
9700
2745
11430
4270
1768
5922
2360
5559
7540
10780
5107
151
7071
4532
9900
3037
10304
12730
739
6104
3541
12370
150
3890
6385
6729
7776
9133
11055
12554
1048
12908
4229
2896
12840
12398
8564
10430
7537
9329
10319
5090
2927
3389
7693
3680
10799
171
1736
9312
5074
1343
12716
255
4754
11571
6268
6143
8493
4911
5550
4768
10365
12546
4883
3421
12382
2098
9046
1209
12437
6510
9734
6380
4929
8602
10384
791
11970
4784
11025
11711
3551
11938
2196
1898
1586
8851
8012
117
10654
2643
503
8954
3490
4631
1162
953
11973
482
6747
9351
6622
12672
9990
3550
4624
8480
7168
537
10194
8885
2514
9369
4854
9107
236
10070
9030
10724
2381
11666
9299
7433
6757
5220
620
9605
12508
13003
9774
3517
7220
9349
9078
4745
7968
4904
12634
3826
7916
7193
10103
2507
6475
3163
806
5791
2740
4497
5066
8498
11546
2422
4570
2855
11351
11320
10521
1798
8369
6241
6973
896
12841
1311
1786
6863
5384
1113
5891
3042
9002
10611
2713
4772
5836
5642
4381
5827
11917
3750
6665
10311
2718
11675
2798
2327
626
9128
6048
4816
5258
4042
741
4943
10176
12540
617
3820
6636
4044
4554
2238
2187
4779
7463
5779
4221
6295
6125
5562
10124
10983
11311
6902
9151
1058
9678
10442
11422
2434
4014
1093
8217
2458
6793
415
5368
1171
5189
2591
12756
12499
226
796
7672
2454
9699
4828
5036
113
4796
3641
3175
3957
2557
12513
7887
5870
2318
819
2075
8962
9890
2277
1932
5882
12188
12777
2792
9278
11692
2746
10247
4813
5098
7106
8849
4567
12897
3197
8137
4045
2650
4476
10275
5572
7886
5129
5362
2854
1946
2604
4297
8670
9215
5751
5443
237
1570
152
10202
7185
533
4744
1287
85
8413
5322
8235
8517
10678
10958
7761
2401
2363
6550
9463
11477
1834
4667
12087
7525
2982
4859
2710
4770
6525
3903
12413
10296
1680
11984
2131
11814
3779
7691
5406
12773
10345
5670
4237
6211
11579
7755
5419
12120
10763
1723
7645
12751
2495
4147
3962
9938
10894
6600
3871
8600
11062
3748
2698
5631
11289
10414
5367
7245
12024
222
2984
6451
12168
6201
9664
154
5742
9308
10992
1174
7215
3881
2849
6379
4177
10
5341
12034
12415
7799
1864
11091
1644
9495
1843
4087
12484
4383
5111
1504
1066
11948
12279
12376
12813
8314
10746
8036
3367
6434
10960
2667
505
11961
8694
8668
610
4571
9718
9818
5170
1432
5794
3987
410
5923
779
12836
8895
517
157
4313
2825
1294
5608
3401
2474
5490
4158
2805
8046
3168
11172
3830
7588
11807
6478
7863
5409
549
4825
10174
10100
2249
5309
9558
6775
1933
2324
12302
12173
4298
4083
19
911
9109
5765
118
239
7831
8395
8861
12109
8455
9955
7621
9361
5842
5283
228
10067
7429
2376
7483
9274
4924
3765
4126
11884
3261
12818
12026
7676
10837
560
4799
2695
7148
100
7856
2103
6603
3335
9090
7725
696
6988
3719
4665
7574
759
4003
2313
9825
4273
6542
963
7293
4803
12078
4874
7438
6871
11099
5291
527
9418
7252
4260
189
3682
10535
10692
11779
3968
12888
490
8207
4634
11906
12640
3078
12631
3990
738
2008
548
11369
10377
977
4705
10497
11581
5260
10489
827
4348
12771
10904
5657
4953
10132
12803
1903
2965
9287
633
12765
10088
12145
12394
11465
7566
11850
7500
5952
4495
4138
12926
5287
4893
9512
4795
9844
7719
9865
12304
192
7619
7786
12421
1130
3588
2486
9093
7538
3970
1963
2404
6816
4847
1337
3098
2435
5351
4588
5046
12942
11695
8720
7427
8872
4641
5173
10478
3951
402
8407
4118
4550
11093
8435
3165
10315
7649
817
2297
316
6038
6987
8926
1631
1599
1810
4095
3349
8187
1597
5958
4706
4112
11860
11096
494
2785
3346
4350
12226
1141
12210
4287
11982
10475
10197
22
2950
6389
2778
10943
3251
2666
6925
2167
5644
178
7003
8079
8195
2106
6348
6506
5343
12079
4332
11823
6022
1899
11333
9239
3004
1694
5718
7609
9043
326
10437
7634
10557
11363
8992
6895
6930
7416
8743
8114
7322
8632
3924
5451
11059
2714
8651
4502
687
11614
2462
3909
7314
745
11065
1823
6432
6796
2890
11127
4064
1074
8087
11282
892
12496
8147
10745
10544
8603
9238
6787
1891
4269
2880
3406
4670
9214
12734
12140
1384
5340
6129
1150
8035
2192
11669
12687
10303
7982
1575
6994
5863
894
3074
7669
3952
6290
5449
3344
6944
4585
6368
11705
12805
12802
9092
11223
5112
581
4148
3381
4137
603
7915
2516
7146
7985
8826
7542
12131
4910
804
8144
7682
5880
6890
2934
11036
10045
2620
6498
6055
5392
11937
8286
1306
11821
769
12792
5159
10400
12535
3892
2909
6770
10122
10551
6615
8252
3573
10035
2995
1918
11709
10777
6481
1594
12384
10391
11955
2213
9892
8581
1911
12659
9527
1235
1411
9422
2456
554
2345
8748
10043
2860
11618
10884
4015
513
4552
5172
5619
9315
2577
8230
3090
2180
1125
6369
5625
3113
5715
8606
8247
6050
12151
7399
7700
6781
3716
10173
3496
5833
5477
6678
2512
6948
246
10934
1143
6524
10279
1661
4034
1006
9066
10282
7242
12626
11084
3145
3974
1689
1332
8934
818
3796
7657
10342
5181
11101
5756
3463
2944
11596
2413
12051
8864
12574
4757
7188
1096
3480
11891
4976
2821
7564
3038
2002
4934
10963
7448
2037
8164
5768
4666
6200
10574
1060
8139
7950
12214
5217
1261
8124
1800
3379
8612
11663
870
9868
8577
2312
8372
1077
6075
6209
9321
692
373
11378
6252
1717
6177
7869
4540
4876
3256
3783
7156
7082
8070
3862
8857
12319
11946
6483
1682
4194
10339
2485
11222
5856
6338
11408
2250
744
9746
9670
1561
3342
6272
5498
11358
511
4384
1945
12148
5790
4463
11674
8271
7966
943
4509
9767
2073
8056
6148
6774
3758
10658
9064
7894
11171
8520
7836
5348
11142
9008
7555
11478
7601
4459
10140
6767
9477
12147
8159
6577
7411
12125
2437
3193
4423
7348
9014
11611
5352
10616
10682
12361
12946
7728
1974
3095
7503
1940
9647
4067
1582
2449
4599
1181
624
3723
5754
10396
12814
8354
11913
1795
10588
10822
11802
5655
512
10710
9343
1614
9439
4356
1563
3241
9190
4755
8488
2072
5586
10922
10941
4712
3457
3549
280
936
1161
9629
6703
10158
6625
10902
325
2869
10849
6361
1477
8904
12077
2473
2526
8877
11587
6359
3174
6722
2321
12110
10700
2055
279
2243
5936
8425
1091
10261
9161
3296
8591
4787
9515
2868
3319
12895
3371
6627
8852
5914
3915
7344
11885
5890
11809
7094
2815
4762
3685
5675
10575
12563
4320
10866
5661
290
8258
40
9398
12785
9101
2589
5177
1936
7901
1816
12405
5638
6573
7820
12011
11100
6012
8636
11759
8288
8424
6267
3140
2649
7402
5912
7274
8810
9079
1463
5273
10636
7909
7575
3305
947
9199
3907
4414
70
4296
3794
3914
5605
11318
7061
12200
9248
4058
10209
4164
11458
907
11703
11086
3971
4481
9220
5727
3775
7172
1276
3121
1962
9503
1403
10102
2041
993
5188
1596
2803
5073
3995
12015
10186
7608
1498
3574
10969
7177
2385
5651
10708
954
12264
666
2197
606
9850
7379
8874
10212
6195
10628
127
7201
462
3426
11387
6714
12575
9121
3571
11598
11508
6661
7749
5660
202
7306
6918
7163
7441
3503
12294
1331
11757
11852
3896
9820
7176
2496
3444
4635
8191
133
3126
8472
2787
12182
8718
12812
4913
4675
11840
7194
12018
2775
11166
12743
1293
2865
573
10779
12820
1224
3106
2400
3795
7445
7285
4601
9835
12201
10508
9411
9775
4430
6042
612
2069
4165
12904
8586
6205
5344
4251
1506
4181
11989
1349
3445
10373
3131
5600
3327
11123
4767
2932
6800
4462
7142
4527
6345
4409
11493
5015
8649
10738
4891
1419
12605
12648
7449
5424
12340
966
3654
2522
11737
7816
12643
6227
8108
1299
11491
3040
2771
12273
4174
9221
323
1168
3759
8077
11712
8454
9514
3361
7067
767
7456
11739
3302
12855
9575
7510
6834
8592
9663
7797
2980
6765
5317
5132
4480
1073
11424
2411
5857
9401
9365
5981
1978
6694
10834
11438
926
10036
12429
3950
392
7400
8608
8268
5535
7584
2765
10219
4668
7626
4149
5967
4143
6494
10457
11554
9205
2335
11733
5398
8373
5442
8332
2964
10847
643
8450
11006
12965
1136
4144
5566
273
11939
6226
10889
1473
4919
8264
9148
6334
2573
10935
6447
11849
6876
12244
5517
12703
9476
5682
9831
2417
7404
2592
11762
11748
5797
8422
1819
6156
5504
8750
1510
4373
2164
6900
9350
11432
4686
6425
6999
1669
7581
3905
6807
2369
2694
9341
10573
1807
2286
11397
4877
6314
11105
8628
11526
5048
750
7424
2112
6959
8227
11911
723
2480
7851
996
11873
7768
11203
7349
10454
9659
2783
1165
2794
8467
11974
10136
9887
5226
6257
122
3673
9935
2293
6441
11983
11364
556
1722
6092
11468
11945
2806
12322
8828
7178
10165
1231
1749
5805
2735
3154
9776
12006
6567
12831
10821
3141
5904
4674
1204
3638
8987
12317
4777
607
6208
2513
3255
9918
9481
10167
525
12597
2214
7552
14
10886
8328
7720
10262
12725
10589
7611
812
10998
9899
11575
8587
11184
8674
8822
10146
5117
1960
8107
1424
3857
4801
8362
12951
7965
7623
3391
8262
7883
4806
7655
2100
663
4319
9945
9795
2829
3369
9972
7384
8806
9682
9896
11640
4134
7389
2331
2924
3142
8627
10516
10533
80
6940
10989
12135
9873
1212
3854
3010
5229
5893
10438
11968
12333
7460
1712
10149
12930
4940
3926
2533
267
10980
9881
4783
8428
9474
7334
11056
11454
6837
4500
925
10223
8981
5071
6989
2751
4250
10618
7582
4657
4852
3627
12460
2338
2365
2067
9395
9324
6127
12817
12599
6650
9913
969
11603
6970
3415
1039
9272
2605
163
11032
3610
3812
3800
6821
2320
9537
2898
6392
229
10868
9717
5534
2044
4328
9822
9752
1636
3821
6785
6319
11281
4538
11778
34
5747
1052
2922
9588
7136
10230
7905
10781
6037
9126
5954
8101
94
3376
9874
1367
58
11624
9894
4312
4851
2725
11231
1054
12988
4065
5219
1887
3514
2152
2566
890
1625
11720
2574
5918
5592
2642
4031
1465
1184
1581
1087
8089
9560
9705
1270
103
1806
9100
6375
2450
839
9811
3056
1182
4267
2875
4591
7415
10762
697
7598
3160
4379
11217
7191
11862
11550
3996
8837
281
11103
11923
1580
4349
4654
1871
2550
166
12621
11277
353
7733
2967
5360
12103
3917
11352
2584
93
1107
11953
10143
6141
4407
7769
6059
5707
2095
1959
4473
10929
8768
10505
11225
679
8256
955
9149
6064
9309
11435
1880
1278
4985
10499
12251
2858
575
10463
3569
9448
6693
1954
12477
4741
3294
10073
483
12419
8433
9654
9250
3760
7439
9246
5609
11718
8974
10452
724
8355
10098
2039
4932
7606
11998
1485
866
10625
4600
12286
12146
12872
11727
11139
8141
1045
5624
4966
983
9824
8521
12835
12917
2
7275
7995
8
8232
2654
9697
7648
3473
2677
1201
8570
3625
5168
2094
10739
1014
10302
695
6081
233
4176
12772
2181
6532
8664
7329
5758
8400
12657
6291
3575
10591
9633
11591
2425
7914
7409
3642
8672
1258
12205
3434
8582
6835
2599
5869
5549
4106
1072
5303
9494
4627
5002
1076
10871
6738
7004
3934
10039
2776
4114
196
9744
9562
11343
12685
4849
7994
6062
11505
8338
1812
4843
5858
1827
4895
3248
10686
6712
6923
11704
9877
11620
5928
2034
10531
11894
2176
8169
5560
7903
9505
3025
5304
7860
10225
10598
3276
3359
4163
2065
5650
3469
6562
7332
11548
4396
9916
6053
6168
9048
9917
10632
8538
3519
5458
10517
4482
873
5110
3321
6122
736
1433
7907
3409
6529
7315
8867
4805
12936
11206
11627
9500
456
3620
8869
12996
8145
2484
826
2143
17
3487
5000
8055
11811
1138
6169
6686
8685
3220
715
12845
7331
9893
7361
6198
3286
7821
3312
7530
2979
8995
8179
478
1140
7352
5599
7613
4385
2092
4160
11805
1916
10709
1097
61
3997
11440
8203
10856
8756
12263
378
9236
2355
2916
12105
623
2519
11639
6374
4007
7507
3882
6874
10116
5755
2749
6880
3617
5502
11950
11221
3531
5292
3831
12775
5237
37
4678
4245
1746
7151
2837
6672
3148
2323
4725
1651
3423
4927
1483
2723
8792
631
8930
863
6894
5806
12749
12342
4711
9578
10336
2415
9884
975
9846
1226
614
598
3051
12883
8774
3540
10927
10316
2193
778
8679
1613
3953
7904
10038
9017
11136
11619
4468
288
5626
5932
8075
1191
1267
12231
7256
7050
1104
8086
5744
9683
11793
11403
11925
5301
7491
12974
4258
782
597
3018
5622
8451
105
10062
12010
11201
4440
6699
12514
4117
3351
9113
2518
1673
1339
1972
10450
5828
5243
8430
3858
6090
475
4397
328
1118
1705
1480
12832
8452
2524
1003
11936
8868
3139
9295
12332
3257
8733
10420
7848
1372
12577
5630
4582
11411
6606
4981
4576
4889
4492
3754
220
11794
8358
10057
11437
9218
5482
6204
12159
3634
7516
1939
7988
11209
460
3869
12238
6917
9370
6364
3594
508
10951
342
2160
12810
12857
9129
11555
8629
4342
12032
5210
4595
1622
1935
11394
5729
9707
7016
12052
5737
7284
4345
2545
5222
10321
8204
9703
10030
2555
5888
1555
1022
5320
5235
808
4645
97
5204
12050
12902
10281
10824
4636
7063
3895
2590
10532
9276
3725
8209
12834
2383
795
6961
12212
4820
8212
1674
12650
4577
2445
10326
5369
8767
11854
8501
1938
4146
1650
4861
2141
5126
1196
550
3554
11713
9624
9849
108
9083
2288
919
2734
9334
8637
12674
9380
2975
3944
3938
7565
9122
9713
12031
11017
1894
11002
5684
11058
7770
12894
8331
12793
9517
3019
1280
6301
9087
13004
448
11336
8519
5845
3456
2974
629
11677
4155
3484
9943
2062
6960
987
2099
833
12399
4115
7186
4354
5848
10720
5708
8870
5593
12132
5962
2266
261
6399
8098
11361
8434
247
3525
11746
9727
1602
2917
4987
9520
8797
5300
613
8385
8389
5236
11018
11420
3206
6668
3919
4474
8353
2255
12141
3151
3559
3899
11900
1873
5640
6556
4958
664
9960
1127
6400
11723
8789
1550
7709
9829
6040
12990
1401
10005
5964
3299
3081
84
8561
5299
4716
12891
9911
7120
5356
6581
4376
10472
289
889
5180
6331
6217
1365
735
6219
10898
5573
700
8557
3579
1324
12204
12299
834
4776
2689
1502
7882
2016
5916
9304
3546
12700
11098
9270
12691
9187
7108
12241
41
9263
11501
12955
12604
3756
1968
3886
2116
12128
11193
7372
539
11676
260
5380
5894
10734
6548
5908
9085
1739
3547
12718
1767
1103
9592
324
10782
10978
12065
8684
1983
6328
3832
2887
11353
12515
10772
2560
7983
2124
8945
6626
1567
7793
12886
7839
9778
1152
9021
8343
5059
12081
10379
2680
5024
2436
4677
5641
12424
9163
970
304
7464
12063
1371
11257
2739
879
8205
1061
1706
8013
12038
6492
3703
5373
3173
12570
12100
11357
7368
4415
5553
4541
10795
7877
12849
6889
3355
377
10758
6717
6324
8634
12609
11694
1611
51
5645
11819
8436
10313
6069
2038
8405
11580
6354
4689
5770
8325
2476
11560
10128
2906
10064
1915
551
6247
12882
8955
1824
9040
10783
12259
9240
9861
8657
1005
8367
9792
722
3325
9779
7319
10881
5627
9407
11745
2390
7265
8495
11083
1943
6953
9311
3467
2700
900
11772
7455
565
11399
3008
657
7602
10872
1452
6868
12275
916
783
11391
902
5743
5244
1738
6355
12387
6111
3416
5844
3929
10208
10714
8244
5557
11202
35
1239
5033
5971
850
1353
6171
2202
2804
5198
10581
2613
7000
1934
7827
4653
10560
8772
11117
3948
7549
7226
11959
9720
12443
10971
11857
8655
9926
11918
2170
5239
5206
12124
3745
2989
10451
3626
1206
3813
7660
1664
2631
10926
6716
11296
3780
5611
6018
4085
558
8892
8512
5612
11927
5043
209
7231
8986
881
709
1356
860
1347
3933
5119
4579
929
2377
4277
2013
10603
2211
1166
1702
1549
1400
4335
12717
11
10802
12635
1488
2867
7926
10945
5325
12056
8841
6629
493
1620
5633
4536
1519
5699
6249
2343
3214
7591
1309
2071
8305
11904
6897
7138
4325
3662
6858
12136
2863
12665
9941
2556
3102
6513
11673
848
4183
5228
707
3874
2955
10750
4969
5336
3472
8814
11240
600
12074
9269
8722
10407
1481
9951
6598
12019
12688
4736
3947
6433
1691
2607
11412
3431
1676
3107
4218
12170
1440
71
6020
4150
2398
12126
431
2126
1633
3845
8759
9723
9376
5338
2061
2186
8605
6266
1874
3454
276
86
9708
6924
10399
3479
11999
5176
12354
10623
2687
981
12530
6660
8182
8906
10027
11963
5683
11207
1929
6128
3557
10688
11835
587
9591
6545
8899
8944
1101
2759
8083
8200
8307
8017
5974
9209
10042
205
445
8973
8552
4205
6980
11633
6229
4941
3360
8889
7830
11657
8580
1453
4764
8596
1094
7721
10123
10794
5358
2004
2612
10217
5007
11461
8323
2033
2780
7716
10634
6943
1237
6601
2736
12412
8402
11187
2397
847
5926
11008
12521
6303
1414
10352
2350
5688
12217
11235
9177
11307
3912
12502
8956
6565
11200
2608
7857
2754
9390
5953
12156
561
6965
6126
4638
7171
7261
5331
3763
7738
7044
1986
6187
7227
10111
9851
6183
7217
7052
4100
5499
1663
11409
10770
746
10002
1227
11570
10652
9224
6056
143
9084
6810
11833
4948
8860
9603
11224
8758
9296
9643
6756
3275
3280
12404
621
9136
2853
1114
6666
9962
6808
3686
11393
11912
5942
12178
4135
11691
7430
3544
1856
11686
12284
7731
7419
11273
9942
2056
7958
12949
8110
12328
6191
12247
11992
868
11576
6271
4351
1350
1274
10381
6488
7493
4357
5819
9445
11324
7917
4412
4838
2852
3660
4456
11626
391
11418
4860
8386
12579
2678
4832
10245
7754
11812
6366
6645
9561
4168
12983
646
4086
4939
10091
20
11847
8835
748
10579
9770
6458
10852
3694
3176
3103
5759
12616
7028
10790
10887
10585
10408
5334
6288
6920
5191
8015
6624
9785
11521
8757
7117
7805
2733
7534
1574
9970
5466
5924
12613
10595
9572
1950
12900
6215
4756
10592
12889
3556
12242
11645
9137
2036
5569
9034
1222
7920
9333
10791
4070
13001
4032
1059
9417
11473
4964
12661
776
4790
12086
11872
8686
3066
10332
9428
9743
7199
7452
7631
6739
3710
2830
8518
10975
566
8653
3162
4880
2209
8562
2430
6898
3632
11009
2169
4048
7363
7089
134
5774
9447
9685
11735
8476
5711
9645
7759
2429
7497
7942
7365
9666
10428
11543
602
11520
4740
12154
8420
10270
8545
3450
11321
5659
2205
1639
9897
4785
8113
1608
574
8833
6547
1681
4594
5938
2540
138
12723
10418
7021
7068
1763
5087
4504
8293
4823
12312
1516
10719
8081
4434
6639
11272
6852
1744
4019
10184
521
3560
9858
9157
10965
9933
10458
465
10784
407
690
1982
12082
3581
12427
2084
4506
2993
8742
5621
11991
8559
6212
7742
9813
5771
6016
6409
3784
6202
9747
12057
11786
9958
12625
661
7694
5037
7874
9854
5709
187
5266
12636
11013
3114
8298
446
937
2743
3495
11069
11996
6881
447
5749
296
9757
4986
11398
6116
3303
3374
9227
10520
12697
12786
1423
529
3939
2565
7205
12303
5462
8741
6489
3285
10716
11147
7412
1159
5691
42
12491
12428
12624
9526
11016
4326
7765
2191
10286
5532
5501
6700
5376
1407
1035
283
8773
6003
6886
8104
3274
7934
9936
3201
9989
11883
12512
9882
5988
6610
2905
2117
10011
12977
10665
9028
6906
11689
181
9635
12711
2757
2583
8403
11915
524
8842
11252
7390
6915
12677
12506
11001
701
12868
4140
3468
4547
9737
5734
8026
5150
10139
4933
7541
10512
9346
10348
10663
3718
4079
11288
11820
12305
2813
2427
179
5382
0
11061
5064
11133
11022
4380
5472
3372
1707
370
10792
6893
4970
8911
648
3785
642
9470
11796
3084
1778
3697
6732
6023
5233
11646
10913
6689
11332
7689
3050
9857
7173
7902
10786
1430
128
12166
6337
10928
8315
3526
10539
9458
421
12633
9305
2229
8166
7528
11329
7704
12985
10514
6677
5723
11978
2808
7468
7967
4268
5847
3135
8042
651
5673
7952
2822
10312
10417
5297
4192
2499
10023
3729
354
12249
4175
8215
12292
4417
1958
11848
3649
9919
1064
8917
12161
12274
3885
8356
195
6071
7745
3120
9363
8466
4285
7622
3031
8261
7140
10215
6884
3345
12353
6405
2838
7531
2333
92
3798
12693
6566
5799
10788
4583
9692
7453
3561
1017
12129
887
12839
2481
7505
1268
4487
4735
2269
518
2531
9389
4658
2224
1875
2684
9613
4021
11469
10586
572
7947
8554
4503
7075
8961
1399
1044
7518
2758
8762
11245
10148
6921
3265
8276
6246
2296
10901
9790
1765
8176
12393
6648
8795
5949
2653
9146
3536
12526
6856
7219
12760
6089
5088
2669
6977
12379
1896
12301
786
11749
1346
4890
8481
9371
3156
726
8275
496
3587
1314
9618
10298
10916
7873
6996
3650
3477
300
12568
9281
4486
2399
1967
6761
8818
9607
76
7383
11279
2283
7807
11159
787
2231
1049
4531
1984
2329
9252
224
811
6933
9679
6755
13009
3842
390
1177
11887
7367
7501
3851
11392
9668
4193
2237
11443
2402
11988
7568
8342
10154
3229
9173
5280
5654
2985
4973
781
3834
9436
8419
218
2216
1253
5821
5310
9020
11082
10606
5156
3873
4172
2274
1310
4791
6068
9602
129
3992
5139
7628
9847
4703
5418
6482
12480
249
9638
10249
8960
12167
6165
4236
842
8445
7290
3475
3988
7795
5013
4998
11479
432
5184
8786
1760
1647
11464
3388
1406
4404
4060
5089
10880
11040
649
9732
8560
12072
3223
10402
12408
6411
11855
5516
11744
1132
11730
11092
1255
10382
557
6632
4091
12358
5940
11057
11977
2546
2900
1476
2165
6587
50
7434
4802
3076
2548
9714
10993
7268
243
8924
240
12278
10357
253
7881
11769
1573
835
10702
7852
1949
2428
7
10075
5359
8578
4980
3741
4403
12921
6021
11483
6534
7692
11841
3699
1908
2000
7467
9702
7053
6002
8898
9195
10825
9072
9434
8683
4935
318
7303
2122
172
2177
6282
9461
7616
5179
2847
1985
4694
8500
3278
5884
6647
5391
2823
3217
2535
4202
12870
6438
10507
9138
8796
1926
10936
11784
4812
4466
10205
7065
4300
5121
6831
11259
11377
11205
1302
8780
8470
12606
12517
5934
1656
8998
3753
6221
12923
9366
3615
6136
227
2983
11832
1648
2814
7442
2278
4617
3623
1386
8118
383
5846
7711
2624
9651
8379
5314
5017
1081
10877
5555
9885
5461
489
10909
3403
3672
10337
10647
5746
798
8163
5354
7370
10912
11754
9667
13007
5478
1532
11549
417
8952
12859
9725
8719
10364
9102
11485
3520
4488
5175
5766
4505
719
12248
10195
7640
10403
8377
7358
200
7225
12655
1801
5307
10970
10232
12039
9303
12956
12580
12541
6574
3186
10789
11684
775
9687
9257
2636
10999
5218
4292
6015
8375
5202
3252
12722
8033
10445
8093
9340
1319
9915
10411
4023
10297
12510
11708
12963
8319
11638
10269
2782
2105
4753
10189
1284
6351
9174
1646
3045
8918
1011
9969
2173
3671
4461
3332
10204
995
2655
5321
6350
5042
5991
11600
788
6848
6899
10341
3846
5724
8350
11149
6828
5011
6243
5531
3644
8515
1254
1607
5386
8848
3816
5282
7984
2010
1988
7298
2626
7898
10461
109
9052
10832
9025
5811
1618
4353
12588
6891
6555
11504
7327
12519
7009
114
1286
7615
12094
8558
10051
7740
12367
1770
9617
9169
75
7928
11274
4145
2107
571
10236
9671
8039
9261
12058
1587
8594
1283
3920
12389
3539
8143
8116
10706
57
7272
717
4946
1846
5937
8817
985
7246
7572
10405
1547
11752
6039
12582
5813
5192
6363
1128
12549
10812
481
6659
9069
8245
11512
11153
1098
7059
6758
11294
2077
6285
7166
3461
913
7341
11951
3125
7841
5843
2319
637
11012
10097
2764
1727
6117
7498
9528
12571
4837
7346
4723
915
10356
9524
6058
8932
4778
8308
29
5513
9172
5795
8073
12736
11606
9977
11293
9022
8360
6993
6942
8057
9565
1461
2438
3397
4766
11129
2022
5105
1225
8542
6806
115
7599
4831
11995
5357
5748
11534
923
4898
7159
591
6853
12233
1328
10193
5955
12359
8975
4994
11879
3316
650
11190
5690
5919
6182
2158
1592
3698
6326
5076
12366
10191
7318
5446
12163
11188
12656
1013
11750
5652
11107
9284
1123
1971
9213
4367
4047
9739
2334
930
7223
5364
6517
5511
10543
10380
6185
3028
4231
9037
6809
11426
5318
11928
1213
1210
7724
4625
7701
7551
3273
12003
1464
7941
8897
6519
101
1322
1008
1026
7079
9070
8630
409
3618
305
10421
11972
10893
4341
12547
3982
1941
10697
12096
1083
10503
4914
9283
12297
951
2172
12344
9404
1566
7121
10655
1207
4529
880
2617
2366
3902
4988
10752
11890
4472
8299
7291
5580
4679
6005
471
11831
11448
4239
3595
2161
3385
11356
183
3814
6214
12778
8246
12598
2087
5837
8278
1696
7294
1240
4655
4445
11800
4217
4643
815
6612
10845
12473
2421
6140
7632
10785
3099
12451
4305
4011
11004
2753
7832
7422
2866
12940
12186
3443
5390
5045
10910
5465
11599
5257
12511
11132
12208
3117
7150
306
665
7675
5408
12566
7844
3527
2111
413
6383
9075
7206
3088
7492
9306
4684
4215
8154
3735
4810
2227
9986
4972
8007
3208
3769
10580
3130
9336
4871
1635
3523
12093
4289
8226
6079
3985
9760
7964
2686
6649
2674
208
9799
287
4041
2068
1436
4103
11934
12028
10366
12710
11631
8747
2747
10615
12851
10130
6688
8265
9041
7686
4142
2976
8516
5203
4673
9277
7077
6445
8365
3161
9196
7913
12321
7670
7002
10113
7644
9123
10648
3836
3516
11650
3954
876
510
6946
11516
2245
1802
8665
3721
6544
5728
3522
11771
429
3362
339
11815
7154
3373
12059
2082
9766
10622
6509
1847
2894
4739
9086
3399
10671
11309
8791
11106
731
3918
757
7980
11568
3993
8936
12252
1530
10681
638
7406
8735
5145
3692
2988
1444
1251
10290
12206
4257
416
12683
10338
9326
2414
11053
2378
7910
6972
5337
6297
11386
2601
7417
11898
1394
1541
10966
9719
7011
10604
4249
9594
1957
12479
7307
8532
8213
2330
5347
5116
1865
8576
5961
4405
1012
10800
12798
11462
5956
10610
7183
11731
7478
11981
9120
10131
10444
8457
5249
2339
846
12669
2336
6791
2379
5379
6822
9313
12153
6134
7783
7957
4280
6748
1086
2489
8631
6975
2728
5739
3640
5997
972
3613
10590
3082
299
2877
2576
371
2796
274
8787
7122
536
11039
4553
9660
11827
12561
11400
1027
8615
2939
10034
1009
4077
6026
11452
956
4247
12488
11864
4154
4271
8533
7945
3152
11506
87
10481
1434
2386
8640
6861
9437
485
10985
7586
4274
2472
6256
7074
5798
9139
7861
7312
8214
10425
10085
5434
6172
8671
11586
3464
3249
832
12005
11698
6707
4630
2154
4551
6742
5052
1431
3839
3432
12021
486
7373
12922
12395
6190
6232
7054
5909
10587
4364
1854
1289
3630
760
7090
2356
25
8321
4644
5481
9695
1559
95
8609
5251
11088
5247
5062
6655
11710
10274
12695
1849
3585
3848
3590
2006
7081
6683
9903
10536
12158
7092
2447
5594
3150
7281
8949
5253
1149
6443
10010
2651
4096
3318
4724
6583
5901
7353
9222
8946
6436
7936
453
1323
8830
4170
532
6864
9928
8566
4327
8647
3524
12586
8950
6551
10301
7126
12929
2292
11845
2956
8831
2772
5401
7374
11026
9397
1942
766
3705
904
6259
5413
660
1335
740
4178
360
9106
8953
1028
6916
6773
5653
6304
2709
8964
10617
11760
10542
7515
10858
10320
1472
6670
8260
30
10609
883
387
9264
7842
7790
6704
2268
5604
11573
4455
1279
6362
10767
5664
8856
6708
10344
2748
9545
10848
7325
3510
9104
11020
5947
1642
7981
12774
73
1338
7129
5393
3878
2115
5255
5677
10234
10144
11721
1961
3264
11258
4979
6945
858
9145
4782
5106
2508
12036
4339
3742
7392
7638
12808
1518
6197
10001
3304
11227
1751
6216
12471
4413
2981
9010
1203
3164
5460
6479
4743
6790
8688
1264
4121
3105
8002
3879
6763
4701
836
2840
4223
1745
10599
8458
11023
7524
11789
7684
7310
4189
2908
11181
5122
5760
8958
2884
11902
9910
799
5736
9266
12108
8409
3991
3111
3502
7005
3564
8148
1285
8798
6935
2344
2593
10026
10851
5171
5051
5877
910
5647
594
395
2970
12757
1595
8524
12465
7762
6428
992
825
4284
4346
3850
8068
5506
2943
11290
8063
2295
3793
11817
5086
12115
8994
6010
7297
8740
4203
8883
635
9940
3226
11044
8359
10511
2891
9067
4008
6446
476
4311
1863
1435
8563
313
7784
3959
9816
1554
4233
6589
11470
12325
3250
2862
121
6766
12388
11535
8663
1417
5518
8157
11670
7864
8811
10248
3313
8983
3695
8695
3001
5298
9460
7250
5986
9316
4088
2024
7662
1752
9189
8706
11960
1223
2045
9108
1080
4996
3751
4078
1831
6679
9016
9294
12457
10435
11564
6236
11335
4022
6083
9996
9842
8761
4234
368
9007
9103
7313
12162
8526
7976
1082
4580
11980
11375
5012
11236
3868
2611
12871
12149
10460
12550
8802
400
1787
10527
1507
9231
10048
5578
5400
12906
9367
743
9801
8485
671
8370
4574
8069
12061
4869
625
2861
2851
3328
9786
8417
2487
1835
9922
8152
12343
5274
12042
7620
3860
9761
3427
3407
12360
3238
412
5996
5032
5740
3998
8115
8613
3438
3720
8546
5995
11292
6102
4071
6711
3235
3459
1593
10076
9536
8034
1144
1491
11286
6653
3570
11908
3072
9675
8011
11615
11360
3867
11655
5818
12414
4049
5339
3075
3818
4995
18
317
11808
7475
10620
10119
6233
12766
8943
1471
3333
5055
5998
6330
11344
1105
60
8997
7062
11756
2212
6772
3792
8117
5830
10642
10891
12075
1640
10256
6014
1351
559
2234
7269
6094
5980
12945
12327
6462
4499
4609
1157
3024
543
4671
5905
2142
8589
3410
8295
142
3677
1585
4304
5431
7741
1948
3663
8676
6149
4056
1301
11034
12139
7210
379
12933
4261
5524
12890
5464
1382
3856
4951
6558
7828
6850
11944
2971
4975
367
10643
6180
9208
9898
4808
7654
10986
11777
3965
3343
3244
5781
688
8823
4909
636
3003
191
10538
10285
10839
5164
11371
6586
10025
8119
7713
8779
9691
2203
7393
340
3766
11239
12269
7585
990
9855
534
1092
5435
1668
4623
5448
2066
10831
1762
4211
11198
10488
4329
3757
7576
8149
4507
9947
2110
6526
9348
12254
7027
9062
2042
10695
12714
7735
4387
11141
10358
9095
6792
2696
2755
11180
7567
8662
5439
1015
11747
8448
2130
3515
12157
2465
6901
2716
5312
7943
2690
6100
7260
5681
9243
2646
9384
11125
5315
8575
4708
12406
7101
1493
8646
7461
9745
2610
8821
9961
7727
3215
3002
4033
1497
7013
7488
11859
9179
9485
11797
12084
7435
674
2737
7472
8502
5685
5632
4664
10325
153
11782
893
5959
12603
6616
10125
1228
12270
1183
502
2178
5296
12331
6789
662
11152
11244
9430
11029
1758
7767
5470
5519
6060
5620
337
11965
6706
3029
4355
6347
3771
6568
10464
5767
11374
7093
5984
5454
1484
4693
6072
4727
2012
11078
9914
5190
8001
4763
7134
805
6673
3853
9889
8094
4190
6497
5014
7100
7706
3791
1999
9433
6695
8231
7489
11046
12907
8724
7103
11312
3030
5416
7870
10919
3612
10141
5259
464
2424
12590
6725
10722
307
11427
5492
8751
9249
5990
6590
6166
6332
7451
6952
4961
8066
10104
6593
6995
7809
4626
6323
8771
2802
9487
5738
10813
2767
4833
12133
1379
3658
5662
7405
12843
9749
4884
10110
8573
3562
8062
12819
1695
2166
2149
1106
6453
7846
1068
6414
10545
8096
822
6196
12827
2672
3717
6398
669
3702
2826
6824
8099
8783
9622
2407
4672
12654
7989
10129
2207
7020
12784
7295
7110
7849
11319
4343
11628
877
10468
4517
2817
11204
2380
9031
11818
10031
7465
7932
8499
9219
4602
8887
5063
3958
1071
5196
10773
139
8352
8939
4992
1531
4198
4842
4991
7758
3295
5183
7484
1218
10972
3664
12209
11837
9798
585
4331
6599
7579
10841
11790
6045
11994
10646
10251
7732
10218
765
9328
6025
5695
9546
1325
810
821
608
12706
12190
8344
3799
6036
10506
8277
2640
3011
5558
7023
3013
3167
4230
3188
3057
5582
8381
7394
4663
5931
3224
12898
11559
2551
7687
8272
9782
1538
4786
389
3451
3651
6543
1842
9756
7651
7083
6554
8937
2845
7997
4921
2529
4936
4908
10519
3405
8604
1375
7271
386
4092
5680
9569
11687
10271
5966
6549
5295
7729
538
2879
5789
5404
7482
4761
5671
793
7699
303
2962
11233
8901
1788
8745
11844
10711
4807
10797
352
875
5523
7949
5543
12144
2244
12646
12378
5209
9710
394
7605
10640
8133
12025
12113
10597
11979
5539
2482
8553
5859
1348
4429
4089
9168
593
5468
6914
9098
10353
5763
3283
3501
9815
6142
10175
11732
1366
6406
7200
644
12583
9976
6460
12017
11595
1281
3533
5487
7369
9511
1145
6713
9301
7614
5167
3684
5946
8682
11532
2490
6522
869
4352
10476
104
8216
8311
2393
11275
814
792
11688
2426
4109
8656
2627
7485
8412
3077
8680
11935
1867
10657
8967
7041
5917
12097
7137
10083
8933
8401
9912
6746
11313
1616
8054
336
4555
1912
7708
1517
2972
6063
11519
230
1545
931
2609
580
5065
5496
4698
1889
8014
3542
10976
7316
8535
6471
12308
6476
7519
5459
6840
9843
2222
3227
6382
12967
708
4962
1666
12436
7087
52
12476
7072
12346
12494
2585
254
5565
10069
1997
7746
12334
284
1544
7149
3611
11588
9096
11882
2128
9716
7647
11933
11583
11268
1981
8478
9879
5907
3035
454
2218
11869
1236
9802
8177
2059
1391
1830
467
11617
6839
8229
1019
5591
9000
8135
5902
2050
2641
11954
7017
1809
3913
351
5113
1363
1508
2760
2750
6054
469
3966
7308
3494
3262
8487
6552
3324
8717
10090
11851
3647
12842
4360
12337
6103
6986
10608
5648
2478
7578
9612
11724
7837
4141
8738
1155
9131
6006
1067
9957
2999
1142
9273
2151
9453
10563
9383
2210
2602
10741
994
5142
11514
3297
5394
235
11590
2289
7366
10661
2346
9074
6292
5178
2632
10764
1693
570
12478
7292
4435
12232
5095
8551
7262
3064
9975
5871
11863
10995
458
763
11932
12740
5207
234
1215
12001
12758
3833
7111
10547
12219
8447
3315
6091
10485
9154
1818
2691
6937
10309
3583
5879
10171
10614
9018
3069
12307
10446
12448
2395
7340
3115
6613
2827
6829
3512
12044
6883
6596
9185
11765
694
3488
8569
8778
5346
8666
8280
5885
5807
4333
11429
398
6240
7560
7666
8984
322
8029
9994
5407
5957
82
3277
11495
225
11475
8324
3548
6516
5552
11774
12246
9486
6585
443
9431
11014
3822
3772
9925
11197
9796
12314
5801
3709
5463
11542
10060
5710
6147
7014
8920
2990
5144
10676
10029
2230
10250
10241
2120
11388
4734
2836
3378
2795
3097
9859
3601
3701
6971
5306
9806
6740
9059
5146
4863
5440
4656
3984
8364
8306
12234
8085
7184
10843
3576
10448
8067
2768
8363
2175
4493
6315
1275
4811
9230
2396
9419
6065
7476
7354
12975
10433
4862
677
6365
1879
8376
10491
10145
4248
5895
12291
12804
10003
12355
2704
7931
12924
6710
1383
11404
8525
9191
11431
3582
405
12509
7975
8661
5163
10528
3149
12557
7428
5703
5417
2549
10699
6464
1619
6158
6588
3597
4662
12296
1857
10564
1188
1120
9364
9599
3712
498
3666
9292
8341
7663
11079
10798
12721
12203
444
11943
3866
3390
4062
12411
9676
1598
8396
9982
6061
10295
6992
6682
11551
1025
7838
2665
10883
1233
7705
167
12948
8173
3015
1989
2619
6444
8112
1600
8809
1833
6394
11021
4892
2451
12069
5977
9711
927
8188
6680
1992
9690
10456
1539
504
9260
4780
11715
5480
998
5800
10578
6504
12663
7343
11524
11384
4391
1036
5636
10092
7781
89
9839
3032
1925
6384
7577
2311
11003
1628
4971
801
3555
8701
11241
9156
6927
8919
4622
6865
3806
4483
4792
8929
9875
11770
5308
10021
11007
1470
12009
6571
7962
2362
6137
1522
7813
4111
658
4206
11121
9540
10263
3347
1229
1133
8908
7520
3110
7333
3014
1069
7118
11768
653
3659
10749
501
10717
3707
10432
10327
3534
1924
874
4695
8702
777
2722
4661
11476
3287
5596
69
3179
3653
4742
6242
12267
10473
7547
8598
568
6353
12874
396
9171
4422
10107
10317
1178
160
948
8165
6823
12876
2622
11456
1041
604
7681
7673
12114
8616
6652
10324
3314
9033
1637
6778
5900
9420
12770
8712
4173
7875
3225
2340
12791
5450
1964
8692
1095
7084
1336
11910
4648
8351
5850
1252
1764
7420
9595
7282
12698
3732
11893
11367
4120
6376
4437
2147
11337
9722
2370
9429
474
5634
11447
714
11444
5363
2504
3424
12258
12960
5158
7748
7095
1808
10915
32
5365
10830
2547
8269
9127
