10185
6962
2997
4680
588
9643
1160
6114
11420
6804
7426
337
6179
11114
5719
2040
6111
8359
4325
12898
4125
12926
12902
3133
4219
7955
193
6260
11469
4699
10724
5741
10959
6454
6686
6845
5147
5438
9501
10289
3652
9541
12536
2978
5099
9178
1653
3387
74
9148
11896
12463
12152
11925
9761
7082
3708
12381
640
9486
8554
2781
12280
148
9742
12674
11110
3891
747
1627
9647
6745
4534
8908
8444
3785
10292
12136
3307
9464
5774
5450
11386
5108
8303
2441
6636
3459
10167
11878
283
10700
3894
12617
4112
10878
1748
4334
2627
9933
8752
4127
1617
4761
12349
303
8944
9977
10759
8440
12727
8684
1885
10349
2129
6854
2761
8099
775
11559
9457
9487
1805
6673
3985
10670
10802
8060
7758
8871
4615
5606
10391
10245
11232
6778
11561
6568
2429
3786
2666
6933
4404
12660
6346
2114
4485
6859
5670
275
2113
5008
7454
6650
11179
7451
5456
11262
8439
11603
12335
11142
5988
4540
1238
282
10151
1358
10539
9179
11693
4350
1515
11194
9596
9609
7987
11973
3616
10065
6910
83
10246
7170
11104
10378
319
8546
7675
3621
10782
10618
12269
6122
6816
5496
389
4929
1094
1485
5984
2308
11713
6601
7557
12599
9577
12054
3625
983
8125
2790
5838
206
112
7526
4101
5663
5018
3850
10368
10007
12386
11597
2551
6234
12564
2782
1404
7377
1093
8033
2074
1824
12704
7400
11530
11208
9548
2392
7865
162
8361
4262
4763
779
11168
2578
7147
11644
11175
9598
6869
1650
8663
3517
6028
6711
7044
9904
6696
4949
7132
11236
9959
11397
12207
7653
3161
2348
10254
11212
1494
3148
4736
12734
7163
1546
7750
12543
4158
9702
5731
2872
2960
11982
12730
11138
1175
2741
10549
4541
11574
6719
1587
9085
6976
397
9661
10730
2274
11961
6379
3724
3475
11396
7759
12866
2420
6316
651
10649
8216
7103
6115
1019
11784
10779
5693
8970
5973
4020
10033
1645
3118
818
11333
567
6207
10153
2103
4280
10434
4986
11821
6551
3242
5186
5387
3505
3531
9586
8288
3355
6042
3062
9719
11864
11496
1428
6635
5141
4292
12618
5033
2153
3058
8765
9386
9514
1453
986
5546
4909
5261
10041
12646
8272
9515
12325
3524
6542
2444
7302
3535
1020
425
1779
6722
9746
11282
253
12609
3737
1955
10056
5926
12645
9309
2704
5351
12252
4030
10090
5888
3143
1328
12379
6684
3354
5715
853
2980
3638
11116
8744
9417
4295
8639
9509
9433
8562
11557
4710
9714
8022
10071
12223
86
12664
12808
12213
3234
4316
1532
11111
5993
7373
4233
8043
6998
3728
12010
6823
6433
11492
5924
1497
6639
5317
666
11947
7886
186
1582
12351
9092
9840
4590
428
6461
4526
5285
5867
11803
8657
9002
3139
5024
11838
3083
791
344
9619
964
1163
11739
5022
6430
1313
3921
3753
4430
4744
9205
4762
12373
6104
6981
11359
12770
7679
10756
1234
38
12311
1215
9729
4498
129
7175
12210
7981
7140
7120
5586
6658
11077
11095
1811
9668
12053
12340
3059
1577
3773
10367
7935
7343
10228
9792
2060
9480
10013
10087
11502
6694
8064
2670
5480
6704
495
3273
1211
8565
12647
1207
6249
8934
9107
2795
3045
2815
9710
1182
4039
3168
12927
3384
332
11918
10002
10671
3556
5646
12095
1351
3457
10573
8166
12966
9399
7439
11291
10898
4424
2715
7241
12047
9252
1202
563
10897
2629
6351
5106
1307
150
11230
29
9859
485
10668
4882
12370
4796
9659
2789
1858
11509
8704
10404
9612
6700
4260
9049
4289
11413
4533
3506
12173
2777
7775
7046
4957
9947
9334
11709
5176
9869
5765
7876
6953
5323
1602
6947
9219
5561
7565
5967
1484
2010
9737
2528
11777
11072
5187
6706
2330
8853
1443
7267
788
9877
11296
552
7420
2774
8905
2355
10131
2077
12163
1477
11627
6172
2843
5334
9198
11799
2658
12148
2897
4905
2321
356
210
9575
631
6751
7340
3874
11975
6080
1890
1523
4450
1017
10070
1106
10607
4902
4304
4621
2799
11374
7864
8517
6089
2764
11519
7941
8228
10766
3605
5654
6394
8257
2566
6885
9267
10140
4903
5207
1793
6150
10452
3650
6974
10899
9225
12815
98
4945
108
8476
11974
9003
11402
7247
8610
581
5309
1361
984
7936
3390
6789
12508
9794
8122
9094
3466
4264
1633
6698
12123
12083
2823
11151
4405
11443
132
10813
12141
1486
8535
2459
7240
6868
10570
569
10066
1693
10241
7141
2964
5192
12453
12590
8874
6152
7736
2449
11740
11416
3112
10067
6391
1396
6767
6831
655
5517
12098
5532
599
5785
7626
12517
4730
204
6912
10908
9218
2705
2012
7217
7232
12841
2521
884
10120
11815
11069
5390
4397
3777
5088
5353
9136
2593
11724
4116
11978
3682
8269
5701
11139
8443
7822
1392
2191
9377
3502
3054
10159
3358
8357
4542
7445
2813
7344
7055
10580
3167
9216
4656
3744
12583
7677
2063
5004
5966
10721
3775
3178
4113
6421
9122
11254
116
12374
2088
9803
7174
7849
7743
1078
6107
10119
3447
4145
7880
4075
4408
5762
1208
1084
6521
12719
8108
1226
12495
3375
404
2706
10790
8413
10025
11654
10639
3212
11584
5940
5265
3552
2236
4203
3658
11210
3626
8851
3597
8390
6315
7994
11562
12635
3181
7976
6455
4682
442
4084
6087
10872
2062
244
7250
5199
10500
535
1412
4607
11738
5970
7018
6756
6086
4319
5358
10634
6952
1771
7296
1540
5919
7502
3211
11633
11460
7234
11632
1767
6803
10658
10870
12980
825
10373
7206
10211
12005
6313
2675
4401
8653
8670
4781
3970
8454
7166
6371
8055
4042
11855
5149
12056
7456
12574
6633
10515
7878
2316
9688
79
9576
9831
8835
861
5482
99
12676
10488
11352
12306
1537
1872
5057
7931
5316
2120
3632
10253
6050
5997
11786
2128
2785
5542
5477
786
10295
12338
192
4872
11921
8017
11464
9059
3153
8648
2747
5474
1327
3839
8703
10270
1126
1449
7978
1432
6034
8540
7824
10873
1660
10665
8533
3088
11966
864
9453
5884
6901
134
12755
11660
10393
11820
2833
6982
2746
2538
5617
12669
9865
12070
504
6157
5864
562
6078
7690
97
838
240
6256
8733
7396
4193
2691
10586
4797
281
11283
5254
12158
12761
11015
3967
4907
11533
12539
9715
8174
2184
11807
8872
4134
477
11441
10450
8063
8594
3288
934
4348
9204
8812
1467
2151
7331
56
2389
810
6472
7308
11133
1245
7494
3833
11313
5743
10490
9730
9165
11382
5873
1928
8199
4065
2572
800
9615
12588
10383
1169
4465
8208
4547
343
7730
4499
1729
4747
1209
834
1355
10621
9151
8314
5658
10526
5647
7216
10182
11935
4117
9478
750
8529
8681
8020
4374
10330
7423
8463
8425
10305
12202
4440
6893
11819
2368
5085
6672
3485
6871
2714
7473
3900
5695
8953
11190
325
11215
11833
1816
7784
10414
6490
179
1491
11730
12160
8223
4968
2037
1040
9088
4407
12656
308
7079
7802
11258
10183
4852
9655
7042
11002
4298
1426
9606
7638
10010
1058
11227
3124
3431
703
1745
7150
10781
1698
1306
6369
9137
1894
3990
9727
9629
2042
12273
5227
11954
10267
3950
5492
5533
10523
4240
2563
2955
8626
7815
8364
10103
624
7646
10990
11775
2722
2365
7066
10209
4071
1381
9200
3879
11867
2602
5215
8120
7515
1608
6120
10847
5671
5858
2991
1854
2890
9522
685
5280
12307
5374
8814
7699
5552
7593
4475
9972
8179
5894
3327
93
2493
7573
8358
12765
1961
4189
4587
1194
12368
6237
5994
11483
7582
3265
6419
9812
5040
4556
3489
10993
12064
8676
8090
341
11353
9863
9285
7920
10951
2134
6266
7781
200
6615
3812
476
9279
4493
6074
2055
1817
432
10473
10588
11994
11398
4083
4632
12195
2259
6619
9872
3184
237
744
9856
6808
8394
6772
7106
1415
8593
9512
9116
5642
1691
8807
11909
4228
299
10718
11054
1377
5845
2100
926
12380
1264
5661
1027
3317
11307
8642
1962
10656
7572
11454
3202
160
12135
4366
5754
5791
8226
2664
8100
1363
11384
10689
12106
11101
12121
8595
9449
12260
1875
7622
11618
686
3425
4848
7958
7088
5429
2378
897
9070
7794
8739
3070
7579
12347
3047
6755
8695
2437
3580
12829
2029
8819
3836
11981
6349
8024
5669
2945
11991
524
11303
6265
670
12786
4024
1770
9997
5070
10620
8371
8224
9648
10244
663
147
5585
2332
12
7912
7242
2877
8191
7589
3610
8979
203
9927
7801
10059
11322
8009
8058
1276
8515
5203
4933
679
10521
4654
2013
4596
10998
4111
10517
601
1651
4829
54
6679
7894
2724
2234
12183
10035
10385
9811
4843
12156
12814
9119
1390
3778
3821
4211
10838
11403
9695
9756
6091
6448
11131
9235
10105
12962
11585
10555
6980
11893
381
2683
7554
2015
7193
11252
8222
7047
1626
7441
12327
5003
3215
10691
6460
7639
1649
9802
12221
7927
806
4387
12994
10325
3262
12951
3296
10923
2224
3380
11003
7942
5054
7853
3825
3654
3544
9032
10542
8878
12361
493
9370
12842
10824
7643
8804
4961
1590
5844
9040
5016
11452
12074
10439
5079
12155
7561
95
2898
1488
6911
3107
8618
6109
5491
3445
5954
7169
11795
8611
4306
11021
7918
10190
6964
991
696
7868
7195
7182
9766
4403
5422
9426
571
11645
4724
9382
12101
6724
3086
6211
2022
1104
11025
172
1290
1690
4938
9499
2004
12061
11705
9771
1122
6749
10587
11679
9998
3507
8079
8574
3759
3214
8950
647
8071
6071
11842
5519
10116
159
9247
498
2840
6887
6400
5119
8520
6898
1867
503
6806
6692
6257
9976
12563
11177
9518
1469
7661
2383
843
8231
1823
10973
5470
6994
4339
2932
8462
5742
153
7368
5788
5775
10696
962
11218
3837
9378
3491
554
4807
7741
7447
4375
9294
5718
12319
5056
7915
1852
3049
3115
9858
1973
10342
4447
1937
2399
9846
2962
12961
7179
9307
801
7846
1795
1179
9497
5502
7619
11224
4363
1769
9964
2992
1168
2805
9414
10274
505
8369
5165
6408
2306
3920
7903
3690
7212
10085
9926
9795
3150
6978
1088
12423
12744
1468
10188
4244
11566
10674
12720
10858
5175
2425
10863
9991
3300
9632
8978
2686
10162
6077
5627
12957
8000
4107
2659
11371
7888
4624
1901
1575
8917
583
4939
5991
2412
2200
6991
9967
1505
11053
8211
4571
3811
2338
4317
8644
1761
9736
11263
12481
1384
7535
10341
6024
2083
9639
8757
5982
4717
12169
7734
1798
9987
8018
11348
2156
3742
2492
12802
11798
10165
5486
3801
2172
7944
2531
11071
645
11544
11264
7249
43
3444
292
9281
12533
10698
3207
7342
6492
1791
10635
2525
2660
7755
963
8334
2418
12157
2969
8661
2086
1557
7023
10388
11247
3798
2195
1773
3810
12754
12775
6914
6483
1495
4119
2594
8793
8311
5955
5746
5220
11491
11845
9827
10415
7360
4187
9063
7700
3716
6424
5090
8032
8337
7097
11108
334
11178
8518
12871
654
3494
3225
1647
3896
10535
1792
5412
8530
10895
2111
12526
4946
5
12764
10447
1172
597
3003
12655
3841
12516
1502
7636
7317
12627
11185
6863
1964
9620
9718
439
4525
9633
8698
8898
1167
6443
4235
7016
3959
12178
4076
3294
7397
5055
6730
393
5178
8826
4183
12714
10372
11511
10701
7779
1655
11941
10726
12011
5363
164
4597
5516
5555
7660
7564
12079
7749
4851
7492
10827
3578
8110
10938
10266
3116
3221
6164
1794
9801
11372
3662
885
5544
10286
1119
10616
7288
2050
10970
9454
426
12887
10040
5680
1113
12628
4284
1421
8688
1878
5733
2700
3216
2028
4818
5058
1907
6180
3862
3162
9443
8931
4483
1056
9403
8449
7222
12166
5891
7348
6505
12458
11373
4122
2398
11365
6999
1550
12239
9692
12768
875
9006
10647
2484
2771
12490
2968
6142
10822
5659
4331
1244
7148
11751
1716
9667
3783
1399
1080
6148
4755
8951
5682
12738
4808
484
12282
11280
12253
9227
4735
6229
1782
6330
2072
21
12211
5441
4200
11272
12974
1904
1474
6849
1694
4410
6118
176
8388
2082
10842
5250
677
8641
2880
4035
7049
8730
10664
8266
378
10078
2510
2097
423
8252
5143
10172
4268
11552
10915
7051
19
12993
7805
7334
2842
2989
7210
2511
10695
5986
8056
3136
966
5059
1437
11616
7686
10004
10376
7269
6680
12277
8740
5990
9896
11792
10540
9324
10459
900
11049
7483
3025
12320
2622
9672
5124
10287
2976
11209
9469
2548
2016
479
10259
4345
1293
1604
10469
3909
2899
12548
9106
9338
5874
2648
3218
7635
478
5028
8673
7553
7378
12225
3749
11458
486
7709
9308
1129
3919
8617
3098
7762
10347
1
3237
3782
11189
7829
1855
10911
4997
10654
9521
8816
1599
9975
8937
10050
2570
3241
459
3477
10770
9110
7695
394
7586
1671
7412
7945
4191
3814
11112
1300
5144
11092
11955
11704
1588
11106
937
4609
7012
6478
1284
5452
702
11576
12124
4248
3071
7827
8205
3729
4581
3906
12963
11080
10127
10723
5583
4432
4921
5370
10428
1180
748
507
12937
1808
10529
7696
12254
11653
10747
3189
1863
790
6184
5062
7145
3239
8779
635
3480
8536
9042
5340
7833
2837
9241
3311
11100
3824
5768
7667
11664
4434
6532
10060
10683
7424
1725
231
11467
12864
10476
6145
3528
8686
12699
1733
2646
11931
10876
4923
8347
11503
4850
1398
1828
8465
9888
12878
2836
8974
6927
11336
9087
10797
10942
11663
9901
7330
3820
6820
10793
11140
4467
7413
11722
1581
1768
1740
10955
9298
4332
10860
9957
7754
1350
4709
9264
1036
5000
6060
12376
10624
354
6878
11999
11304
5817
12405
7137
10481
9912
3394
4458
4899
8435
10262
4978
12449
12219
8185
11634
9240
2688
2778
12229
8587
12256
8464
11079
7707
10417
10478
1528
4302
6323
9188
3482
2571
10173
7721
3754
8324
3473
9086
7486
2875
10179
10437
1538
1663
4994
6386
3345
8775
5388
10338
12473
9525
12450
6076
4685
9181
12331
10855
11839
9348
1834
8842
9601
133
6027
11064
10511
6992
4960
4459
10436
11708
3795
12818
4711
4579
3397
9906
1813
6975
11047
3618
8712
3635
12781
2061
9744
3147
10669
7537
5400
2049
11863
4455
6957
602
11972
11690
2643
11234
4786
3120
3617
12967
9536
7517
7965
9732
11881
11428
11609
10229
2765
5030
4749
1309
12411
4215
994
7499
11321
11685
3816
3560
5267
961
11956
7146
8761
8427
11874
2292
1077
8637
11192
9149
2826
5247
11000
4773
9194
11048
214
9838
13009
8493
2933
3077
2475
11037
6703
8773
2165
4392
4146
2002
7964
2889
4445
4279
6285
6358
8051
11865
7899
4795
11630
5185
7673
9825
10839
2014
5648
10449
11024
11938
6763
4623
6742
4058
12339
12088
6151
11571
12409
4443
5241
5567
5676
2857
6746
7275
6324
8105
7382
2324
4085
5985
12653
4395
11523
9424
1042
1070
1513
10673
3303
6105
1665
7493
6201
7588
9488
2711
2359
6773
7389
7369
6860
4679
1314
4018
5385
12820
8601
12620
12769
9693
6051
4108
9394
2487
11666
1992
11555
3369
7172
11891
764
4273
10141
970
780
12541
7988
5173
12130
8477
1191
12310
6588
10604
7766
10728
9223
824
11097
3510
662
4454
5020
4951
8785
10462
8452
5043
2119
3256
1301
11650
4411
3376
4635
915
8489
12159
7181
12638
9889
278
11800
4604
12214
12707
7971
3353
1722
12246
384
3966
146
4674
12000
6487
618
8521
1503
1406
2717
10865
3364
2326
483
10220
5960
1638
7729
4067
2707
7054
6096
10713
8141
4412
4706
3689
12892
2938
8707
10421
6844
5805
11027
6764
1359
2902
742
12430
5936
9674
2725
12678
9075
797
3927
12861
2828
3338
2145
6283
4335
12649
5914
5837
8142
9320
637
2751
9650
4692
12816
8513
11990
12270
7701
12348
3217
10257
10746
10110
3743
9019
5150
5386
6760
3872
10584
8423
9822
6552
10278
5132
4915
2839
523
4423
10191
9808
490
11773
6126
8402
3289
11094
8547
2241
7718
10702
10203
5525
672
5120
347
10630
5219
907
11770
960
468
1062
3090
2697
8225
2373
3868
4670
7929
10918
7979
8312
711
8422
4078
4924
66
2440
7471
2634
36
11588
6587
11797
3784
9745
4647
2081
2853
10856
9221
5563
5163
9432
2244
5772
1525
10727
5266
7532
831
4998
996
4748
3458
6548
10255
3179
3772
9537
447
4308
12025
9209
2927
2495
8514
12261
7933
12540
1044
12959
5234
10551
2046
4981
10864
2231
9631
540
8709
6040
7064
6814
11993
12281
11635
12573
10104
5379
2104
1578
5133
8111
2024
6752
11631
9305
3845
7580
230
3129
10419
10412
2198
2051
11757
5383
1060
8742
9481
3182
10334
11908
6699
1291
6852
7309
7197
9437
3934
12524
6572
2942
1556
8162
7866
3615
7048
7200
12043
10633
5709
6628
5551
7488
4050
5014
9905
9861
4866
6458
5472
12305
3830
12420
12427
5011
7352
2742
12369
1598
10453
11242
1612
3960
8956
11577
4898
3203
518
4019
9764
6128
9323
10442
697
1836
4380
3326
8356
7504
6645
12503
10039
11267
8809
1220
10950
12461
4572
4987
352
7202
158
5235
2481
3138
4059
11172
12571
5782
8177
11923
4356
10015
11731
2652
9169
1289
12625
5771
10844
5112
776
12161
7901
768
2768
3199
7819
12854
9207
7790
9763
12945
609
9445
6556
10765
2033
7538
5373
12791
336
10768
11638
12465
4274
869
1204
2654
11749
7469
5799
6585
7889
7205
6993
1580
11196
2020
4501
7919
1075
10053
11686
8300
11256
6082
6339
4181
3948
2436
1326
8582
3720
3430
4892
5804
1804
10197
11518
7594
11355
7265
9979
1007
4574
1379
4814
9395
7867
8674
8727
5399
10636
564
2961
1558
5786
7052
34
10960
11245
7839
809
2019
9574
4337
1365
3534
10737
11953
5560
10139
9755
3391
2522
12955
11809
11646
6355
4072
12468
2433
6718
8861
9084
9617
1686
6370
4863
692
9346
8985
5449
12681
11026
2279
8027
10725
7708
6429
7771
10396
10572
9595
11857
11794
1022
4396
1743
728
7616
418
11482
11583
7694
4971
7463
6098
8586
10445
2699
10841
7612
3954
3209
9712
8799
9340
365
4870
255
8129
1859
2820
674
8237
7832
6643
2424
9367
12827
5704
2567
8576
9842
11853
1896
4227
1334
5436
8869
6955
6227
2527
5183
10075
1529
6509
1198
4484
2053
11465
11712
12499
10994
7854
11543
7119
5518
10464
4785
9936
10976
1555
1934
2201
6549
11782
12874
1433
6181
5500
7774
335
5534
3426
10344
11960
7907
3187
12809
12552
5087
2584
9934
1296
2633
11292
4276
4340
3388
8059
5686
1354
3982
4197
623
12072
5631
1559
669
10892
5045
3902
6725
11622
5830
7274
4205
3793
4254
4220
12274
4846
2630
8217
11565
11788
3760
5072
10135
2733
6344
5362
6036
7939
6158
7577
6348
10351
9813
9038
2568
7693
1774
2131
11165
4139
10006
10575
12096
10122
11514
4641
4831
2703
7897
1118
1881
7480
6291
2350
792
1456
8093
11174
5237
4469
5868
8184
11391
1876
11090
3274
12196
951
7184
10021
656
4799
10205
5849
12934
11804
9091
10430
9646
1658
252
8506
10941
333
2546
11223
4438
5128
6422
7173
12304
9670
1960
5554
3679
2621
5780
8942
12429
12257
10275
8656
105
3847
8965
2439
4908
4305
9184
1493
12395
8075
2410
7246
6972
8320
528
10896
10335
12850
5341
2644
8403
1265
0
8930
3154
10132
3634
5545
12480
1664
2159
11969
8138
8716
2388
5840
7957
9436
6318
8734
5417
11435
2500
3378
2547
11119
7795
754
1395
9555
9866
8475
3619
1742
9477
5796
10433
8204
1676
12976
2011
8085
5558
4256
2215
9189
1140
6617
3684
4218
3340
3550
2271
1297
4538
5726
5499
2325
12605
2504
10932
10467
3790
5921
708
9210
1838
4910
10945
7019
11945
7385
12822
1672
1883
1123
3965
10214
6413
11977
2461
4578
8309
8472
1025
5574
9511
925
5310
322
10807
1974
8680
3842
290
8747
11107
3863
7877
854
437
8281
7737
8026
9528
5965
3787
7285
2959
7041
3765
5872
2084
5612
10291
2672
7429
6247
12857
11682
10679
12953
7913
3665
544
2432
3623
7058
8800
9164
7074
8235
3641
8834
4176
8865
8510
965
9907
8823
5798
9212
11411
10076
10234
8718
4285
10199
9567
8124
2694
5217
5816
9956
2993
11563
12595
1654
2731
11611
4646
5177
525
2382
12413
10778
6884
7703
11846
4512
399
5216
6194
12947
3688
7599
11736
11325
4126
11772
8559
3005
807
12127
10956
6838
5125
5381
7188
10231
8736
8609
6963
5174
1345
6335
11570
9333
315
4548
10297
9419
6252
2726
9347
2450
3488
1842
2693
11933
8207
3110
10416
7164
8210
6894
3899
12356
4027
11418
4310
4815
2227
12464
4421
2560
4257
2796
2922
3819
249
10708
3314
9562
3205
8909
6160
7549
9679
9475
9554
8876
5610
2048
7844
12521
7727
682
1610
4546
6232
2915
5260
3490
1989
6073
5886
1659
12350
357
1288
8374
10789
6238
9581
9640
1521
4900
1837
5728
5653
2953
10062
12835
4338
3408
4213
8805
881
4291
707
4628
2871
4714
4876
6056
6470
3399
2393
1470
10880
5626
9468
6412
7818
846
12531
8019
431
10096
3101
3579
12642
2641
4991
5036
8016
10375
4476
11828
5367
6777
785
8646
5039
4160
9627
6486
8010
2006
9879
12175
3200
6499
10202
2300
10164
12188
3410
985
11164
3017
942
644
4689
7183
10777
12139
4662
7252
8923
9706
9150
4937
11091
12908
6
12907
11498
9563
628
11317
6631
4558
2911
8082
1832
10684
4506
5907
11394
7002
8782
10640
12999
729
12238
837
10134
11560
5639
2356
7295
7244
39
12358
11220
7584
5335
12343
6205
2379
4224
2076
7738
12576
5578
2729
12743
11517
3344
3260
27
11647
12731
10953
8492
3146
2965
7487
10023
10298
4378
8519
11554
1242
10764
12960
9502
272
4055
1851
5432
4637
6667
10811
3451
10816
11082
548
7095
6377
3648
7518
140
4451
6189
2977
1120
12198
7785
6902
1790
9551
5002
11871
11195
668
1407
9867
2406
1839
8260
4713
12194
7950
3803
11288
8089
10801
1283
12689
9658
10026
9493
3854
8886
9300
3733
4840
5319
10589
11
7299
10758
288
401
8331
8456
6243
2206
9197
12597
4673
8183
11860
8305
3726
7475
10833
6384
4162
596
9425
12227
2550
3291
9473
3698
12220
7665
2342
4005
11489
10045
10233
6948
2054
5636
4879
8910
1320
12631
5912
7826
7072
8795
8044
1821
1324
3796
10339
2740
5724
10699
7178
1869
11463
12686
12496
8029
1174
2588
3298
9157
681
11823
8249
2488
5258
3193
9444
1011
1877
1108
11537
5263
11989
6977
11606
2038
6014
2357
6193
8949
4569
11766
6290
877
3301
8538
12292
6347
11422
12932
2396
5211
4780
1641
6904
11802
4586
5880
10845
4561
3779
10107
1157
6065
684
8195
8131
115
5712
9608
6286
4147
1465
8057
7171
5963
3670
5933
5916
572
6642
6899
2544
9531
12557
8977
9520
125
10963
6516
1892
10477
8148
9062
892
11684
139
12565
4752
2866
2791
4246
3174
4562
8372
7831
12003
9404
11873
7336
7664
9249
11932
5710
6986
11980
11381
6634
2032
4282
8106
10068
3125
11253
2473
6669
11484
2537
10216
1006
6165
4500
9440
6393
3548
8304
11231
7960
8633
908
7544
4638
3271
6583
5713
6590
5421
2632
12790
2526
927
2122
5231
593
11447
7270
4667
9690
11827
7353
2607
1616
622
5222
9427
10282
4775
1918
2403
9500
194
10331
94
3243
8708
11311
10310
12706
11737
9071
7421
1057
3997
9676
11041
7618
11915
8700
10914
7796
1496
55
11594
7898
841
740
5825
6663
998
1711
12703
4889
13002
11166
10512
3144
373
3827
8551
6281
2133
3053
5138
4594
3936
4138
1460
1778
451
12598
11747
9102
11598
2937
8590
12447
12969
5918
10487
10579
7442
11957
10644
3532
8815
1096
9176
4326
9304
6731
7059
8373
9623
5723
3109
7809
10279
1231
2850
5357
4620
4802
9387
11641
3892
2720
4567
9335
8485
58
6540
7286
11506
4089
3456
10403
1411
11182
6012
9559
8918
11472
4922
9691
3703
12881
136
7510
329
5407
11449
8899
1719
10379
10113
4595
12062
5597
4144
3887
5296
11745
3695
1781
12965
10784
9402
5660
6707
8332
7136
9126
10353
2929
2253
6939
2064
11856
8887
1408
12073
1783
9685
12584
9
5678
6300
11361
9903
11350
10108
11480
8774
769
4490
9381
9894
6886
3356
10471
280
4049
12364
12546
1789
1607
1936
5236
1008
12532
5750
1784
7160
2501
11407
9762
5372
4766
5037
7739
8147
10401
10648
8258
1357
362
7632
2273
10943
5093
8176
12575
8154
3606
12611
978
177
8339
3224
6504
6813
4536
7461
5015
4869
1210
3360
2240
4563
6414
1085
6423
5843
8461
11703
1880
3599
694
4916
12182
4115
8473
6605
2021
2044
2730
8206
734
11912
4508
12780
8399
8417
8986
3470
7723
2445
472
3208
5127
9251
959
8857
4212
1110
12673
12002
12600
3186
10561
3571
3538
7917
9175
1512
5761
6149
8983
8501
9600
10568
11595
10832
9542
10106
4272
8391
7036
10582
1576
9799
7556
2928
4881
6514
5995
4720
1697
4956
12129
12099
2223
6802
1224
466
12853
7595
1623
12383
12535
3908
7261
6932
605
42
6198
12224
6501
7314
2228
6599
687
30
7470
4530
11928
4964
8991
5818
6457
7642
5426
9980
8353
1947
386
9868
6294
2320
3377
12797
5683
10983
2662
7609
714
9965
6563
1563
2160
103
5464
7089
5435
9875
7481
12177
678
5347
8523
2881
1155
1640
9239
53
4242
12555
1830
1865
1461
1250
11886
10763
1170
3582
8665
169
1923
12935
5123
8345
9277
521
2452
5485
2690
370
5197
149
11032
371
12150
11010
3602
11512
3219
8677
12626
7251
12975
8575
932
7033
3655
250
12501
7465
7998
11255
1072
12142
12890
6230
894
9922
5328
8341
845
3741
12641
7787
11013
4102
9843
10198
3545
12688
11204
7871
12665
5135
12948
5573
5781
7035
5714
3156
2743
10265
9142
4495
13008
582
10128
11998
5877
11678
2505
10736
2830
11965
7427
1931
9114
12232
12394
8579
11408
12622
4583
10916
980
12954
7209
12114
7726
1862
10615
9791
6618
7075
12046
4545
10773
2657
11147
12174
10947
5871
1230
12446
7834
5510
4381
2770
3248
12109
4756
2214
8505
5075
11006
11721
6533
10369
638
6311
8672
7856
665
8296
5439
349
661
9621
10503
10426
619
6129
8037
25
11683
2949
12242
12432
9458
2126
4769
3989
5945
1802
3880
12290
7767
1205
8783
7067
7860
3134
11439
5649
545
5749
5376
10585
321
9830
11765
12082
8829
4784
10593
6918
5035
6790
6921
699
1422
9758
4266
3060
6162
7003
2090
9479
12389
5063
12751
4651
11417
1704
8768
3279
10079
6480
9293
4488
12485
3440
8999
10888
3932
2331
10984
11395
50
11081
5539
1564
11176
12303
10352
4270
1099
12218
8621
12354
2540
6463
3072
11548
7266
2737
12397
2391
12313
2349
12794
3924
7104
2477
396
5305
11126
2446
5889
5861
7125
6640
9211
11851
3414
11056
9819
11579
10370
11421
10193
5842
1723
1810
5010
12372
6228
6880
11351
4658
5905
5854
10337
7992
1986
5089
11145
992
7578
6907
12459
8511
8180
10653
8414
4844
11410
12291
11362
808
6259
8457
10400
1048
8678
9079
12222
12352
4192
17
7323
6890
821
11323
2812
2649
6652
6465
9666
5239
6710
8321
5950
12377
3762
759
7938
8792
10099
4261
1121
7152
11637
10971
8157
12147
6924
1569
10642
10399
2759
12602
8005
9613
12859
1710
3236
3732
12492
11812
9256
10304
1949
12687
12474
9393
5620
8455
12333
2458
10435
6872
7848
7977
489
3789
5755
8367
1105
3295
3551
11299
2974
9011
11093
7501
10324
4746
6374
1076
706
11501
3972
9362
198
3568
5465
1533
10111
2867
6068
6896
1642
10069
9585
9064
7969
4182
9050
9556
10327
9282
2251
12367
10999
5677
12487
6928
10230
1487
5807
8335
2656
8972
5797
2469
2600
5303
7567
6213
11229
9292
2455
11919
9055
5034
9740
101
11044
9677
7110
6589
3624
4503
1177
704
12992
11592
7943
527
11270
9768
8542
1247
9673
7362
2860
8193
8735
12593
8479
1841
4618
6289
512
11412
6905
12726
4888
4124
7857
6897
12989
1321
2904
10494
5051
1762
5634
1526
309
2597
4252
2278
10030
4008
10705
5168
4180
9591
5274
8989
4622
3082
9753
5572
10208
67
757
9460
8558
5623
7974
12015
2178
2486
5117
3057
7312
7724
4034
7189
1925
12382
7512
10637
10118
3864
1132
10946
2901
2377
2243
2966
5208
9785
8873
11696
857
2909
2738
4497
1661
10744
10859
3395
12344
6836
3828
430
6732
5621
2123
6136
5315
6770
8541
10360
12783
1382
226
12528
1833
9295
7541
6748
916
10272
924
12550
6438
1668
3325
7186
7474
4171
1788
3137
693
2245
7034
10124
1822
9496
10491
4426
1401
9814
5730
8382
4234
10769
987
2719
4737
310
3481
9101
4288
6594
124
6155
6612
12562
2225
5071
9955
842
11257
10992
4012
11695
4402
11529
10148
9571
8636
11676
10407
2844
3089
6108
3177
10857
12906
12322
3910
7045
26
3468
4463
4895
1777
3411
5745
10583
9005
591
12691
2682
9284
7954
6766
10803
8614
11769
12125
4172
10315
10919
922
59
1543
6005
6278
9616
8982
10554
3170
3987
11547
7525
1475
1922
9276
10591
12847
6475
10357
10034
7349
5737
5336
5240
7910
6469
12666
11170
4155
1295
7460
12742
4141
7466
7904
1561
10273
6436
6826
6835
6390
1374
1055
2923
6301
676
11329
6526
506
5009
3235
6518
12833
2209
3460
6687
8954
12263
8808
1864
8340
11937
5242
9635
9958
11671
2595
6021
238
10249
2655
4861
5397
8246
2858
11375
5279
10881
10712
9342
12837
11997
7006
2202
7746
12736
878
7298
10974
7226
10826
3006
5635
9343
9345
5013
1915
6781
1045
5111
11917
11273
11327
12439
1636
7356
500
6544
1061
709
11162
2197
830
3956
12879
3851
9413
12784
4819
7482
12494
12882
8822
9286
10836
2483
1541
5490
6641
1906
5481
1435
8584
1218
9441
9253
4184
261
3922
8164
5080
6674
4834
11297
3499
1380
11834
12024
4878
11882
3963
4942
11120
4079
10223
11719
12863
3188
12452
12650
11287
9653
11979
1143
7484
4188
3432
8286
496
11816
6140
10741
1518
3739
2142
7008
9698
5378
9448
9140
6059
10533
2888
12162
11732
3518
12905
8643
6990
7341
11553
1884
12297
6314
2490
10627
10996
7858
12591
585
7190
12746
2124
1267
3233
12360
178
9431
10001
5332
6536
7627
9351
11608
2940
4286
12968
1999
1678
12956
7109
10014
9170
1134
7259
3286
11521
3165
8539
3041
10168
2586
1125
4355
8327
4037
8592
11986
8077
2882
7339
7239
10125
634
11029
11085
10161
12724
5155
4643
4871
8904
5082
4103
8368
9161
12634
9471
12308
4206
7324
9358
128
1680
8487
7283
12929
6875
11538
12434
1201
301
1565
11689
2702
11789
11158
3280
1744
4676
12654
6359
8863
7513
7325
8827
2110
11930
7751
11892
9527
3427
2824
8163
1687
5270
1996
9337
10380
3438
5331
7277
10805
8728
5614
5343
6968
2161
12442
6545
9890
8218
7223
3114
12093
3379
929
2811
773
7040
9651
6006
9039
5641
8432
1294
2613
2109
7634
6805
3366
9349
12549
12559
2739
6337
10567
4422
12831
470
6462
7881
11920
4765
8256
4243
9411
3496
141
5645
9125
550
1970
7078
9030
3730
11776
1471
5405
8220
5448
4519
9435
11880
221
2779
9111
10046
1807
4655
753
11241
1868
10903
9202
11105
11626
6498
9898
8811
3853
8689
12919
7004
7509
8794
2625
4028
8992
12102
10685
10518
7520
71
2876
4390
5445
5535
3523
4477
3701
9557
9224
6304
794
4486
8769
7201
1315
5433
488
435
6361
5744
5618
11868
3792
7600
12758
1478
6007
3330
3631
4063
7081
9909
6275
12402
1337
5113
556
2950
4969
10672
7823
7531
7983
8840
12482
12712
2847
2468
340
8293
2497
6834
4537
9789
1053
9459
6515
6075
5110
6432
8760
12215
1803
1971
8392
3269
7029
3285
814
11148
2935
5591
8883
7100
12852
1241
9117
6795
9259
9854
8318
944
11499
2045
570
5001
12560
11780
6522
10817
11939
6524
3969
2177
8749
6728
2363
8310
2994
3417
7597
7837
6081
12619
2530
6743
3486
7777
3424
4449
1068
12933
2907
6022
5504
8046
7231
7224
10566
7154
10952
9939
12607
7392
4263
6212
5748
12870
12828
1012
6167
6506
11058
9726
11127
7105
9696
10143
3014
9857
5760
11967
3329
8263
10406
1150
4675
7090
12903
9738
1464
3398
10077
8182
8544
995
6553
6378
1514
7159
2183
6442
4007
8499
4804
1728
5384
2708
1171
1951
5294
12747
8254
5672
6026
11741
9250
1959
11655
9579
7676
7757
3710
698
9329
1735
1010
12697
7770
11621
6428
4952
10678
8342
1857
10381
10651
9339
6261
7077
2286
516
8552
10995
9990
7587
7294
8109
7631
7911
5073
11811
5475
5253
296
9069
2457
8691
9482
1281
1424
6389
12733
8706
10772
9713
8838
12486
4150
9731
11916
3596
1910
7996
1270
151
2370
1107
11284
1373
6279
6864
7528
4712
9828
11063
11008
2096
407
2009
6614
2598
5245
7038
8955
2341
2018
12899
10346
4496
12510
480
6989
10548
11136
7648
2816
7725
10513
1043
11357
8581
12176
5697
6678
11861
10092
5806
1262
11940
4733
8112
5879
3123
5883
8168
7533
7279
3953
7022
9128
4985
3832
5779
909
1643
6333
3740
5251
12026
89
8165
274
4321
10063
9120
6603
5763
7153
10256
247
4492
1331
10852
4764
8837
9121
611
9147
3102
5038
1530
11141
464
9185
7925
6320
3844
9728
6496
10975
11198
1618
8658
12065
11385
12235
5850
10650
8526
4100
7855
5140
9573
11083
8149
10371
12991
3557
96
8363
10900
5913
6662
351
4088
6622
51
4700
7658
11913
271
3128
8140
7645
1879
1360
11841
4167
3382
6753
6450
12314
1639
5981
10269
5587
9864
5651
6356
10397
4057
11219
13001
9014
12713
8651
1715
2351
10073
12920
4783
9214
259
7238
2163
10682
2431
7788
5699
3359
11018
5753
8719
3804
8291
8860
9546
9153
8433
7883
11243
5243
8914
10606
2601
9163
5210
6825
3067
11207
9017
12895
4157
3020
957
1277
6966
2496
5101
9492
6727
3415
3699
12309
9552
6183
6683
8504
9941
6792
8619
3628
1705
9113
6328
82
2352
5327
4585
6398
9850
6133
4779
8393
6577
11184
3302
8354
8006
10432
6900
4504
7468
12388
5892
4032
2283
2434
6531
7307
9336
35
1619
11309
3140
11456
1912
11901
4209
3748
6780
1145
10425
304
6019
11526
23
331
3029
1624
11122
10997
4151
12946
2080
4975
1037
2663
6123
4048
411
11274
12055
1917
7155
6451
6946
7671
3962
11113
12456
2017
10600
6769
6661
2604
2087
1820
5394
8482
10219
4349
8959
10885
1701
6054
11065
122
1029
1212
6208
11701
4066
6139
7291
2846
10355
497
3503
8011
7780
5361
5625
460
8002
7625
11193
802
223
9004
11551
3572
10687
12425
4803
9938
4873
1696
4564
6017
11125
12334
2900
6648
4439
4133
4976
9272
1114
12985
440
5434
6653
12838
1137
5734
6188
256
10323
5290
4522
8638
1567
1552
10921
318
10787
7235
6537
4664
8066
10316
2695
8355
5249
11573
1483
9519
11031
12091
2612
398
5536
10527
2605
5288
9423
1292
6784
5793
4970
5077
1259
5131
782
3093
8843
11762
6807
11767
2121
6482
1446
3719
5494
12877
851
6039
10154
762
7370
9911
5613
8717
7338
12982
6417
9775
2689
12632
3019
7165
3813
1684
5848
4296
6954
12554
12357
12502
10350
113
9115
1874
1227
819
3512
7909
5041
12679
10830
4170
10750
4460
6597
653
6774
11235
11715
7536
948
4661
1985
10893
9805
8323
5602
4371
412
5307
5948
1957
8155
6675
9777
5345
6541
12081
4204
5758
3416
928
11074
3547
8245
10710
2606
6084
4376
4247
12803
1553
11906
3079
5021
12190
1135
9725
7386
8891
6218
9124
10978
3651
566
11779
6913
1980
5027
6127
11854
3931
5514
5783
10675
11318
6456
7539
11426
9682
6159
12406
8534
3389
2678
8229
6363
6624
10174
6665
1418
11459
7332
3213
3788
12013
4616
6616
7922
2822
1796
3039
5538
6163
7764
11062
2616
8133
12477
69
2712
7304
9242
12832
6888
241
4771
9948
2918
8839
8901
10796
11022
9047
12345
12217
6866
690
774
1447
5503
10972
5287
5605
4893
185
5134
7820
11476
9452
12826
3117
4606
8854
981
7875
3958
12476
7219
1103
413
7409
11877
10840
361
11360
11471
12288
3903
6236
1920
10276
8092
4453
10395
8598
1116
5789
6801
3722
12970
8662
3731
8497
12187
6016
268
2428
12547
8507
2130
5118
8114
4095
11826
232
8980
5053
1166
1098
4259
1480
3993
950
3734
5283
3251
3975
5784
6574
603
1814
4250
12639
8338
1472
7070
5947
2818
8902
4539
6511
2519
7530
2364
8591
3674
9326
4820
11702
3627
7264
2532
1818
10354
7500
6182
1273
12412
10169
11743
6440
1439
1178
11201
7355
7756
1274
2829
11545
1776
12817
833
11345
515
12451
2093
2238
3776
12525
1141
4435
6303
9372
8276
11334
9564
3769
2984
7692
6934
9061
5717
1159
3463
2491
5221
5277
7102
4722
2285
12931
3751
10677
189
4416
1586
138
6176
9885
3130
3622
3661
12623
8613
7799
3746
1903
2023
736
5355
12891
7760
7575
6889
3620
11075
5371
10625
4854
1430
11473
10483
3404
8932
157
10224
10088
9944
7516
6782
3611
1217
2265
12417
12424
1041
11904
4251
9543
6168
6829
2883
12017
2944
7968
10301
12201
1366
10484
2851
6564
5802
11963
11160
10017
9195
9507
10732
5322
1545
3346
11494
11825
2859
175
8192
5200
4255
10263
9491
10693
1397
3204
10408
11390
2426
12030
5428
1152
8933
2975
5795
2295
7902
11691
3755
8409
12118
720
6214
11173
11363
5462
10114
12561
11298
1800
8175
8102
8880
3691
3855
7455
9707
7668
10384
11023
10311
3912
4732
1187
5530
7551
1510
1192
6940
6088
4593
126
11450
9853
7199
8299
4707
2317
8960
9733
4290
6001
6253
462
7560
4836
9260
10703
2834
956
2089
2272
9963
8941
9109
3955
3697
1806
2098
102
10012
12981
12385
10783
12569
8671
10510
9080
8333
4734
1682
10904
11649
8384
2919
9544
9093
6637
11888
9439
10611
6119
4068
10227
2685
1516
1899
11801
12050
1714
4342
5820
8675
10215
5716
6944
1757
4702
8532
3009
1731
10987
9788
5489
793
5459
712
120
8421
8268
2226
1031
12133
9392
6425
8771
4896
6476
3725
10184
5418
2205
5344
2268
9015
11949
2748
5097
3119
7558
1692
9090
743
3092
2394
12728
3320
11840
10735
11899
11343
11985
11508
2293
7508
8668
6960
8669
5835
3135
3000
803
4639
4327
7497
5980
3228
1261
3091
4121
390
1473
12153
2553
9029
10791
6961
8197
11339
7220
11433
3758
10024
251
3693
8525
10949
7001
6685
7254
12067
4550
2460
4926
6916
8132
8366
4299
3341
10420
8468
9246
11926
6134
10546
4351
3918
10427
1445
10454
5214
3055
539
3822
12049
11648
6797
6819
9683
4934
3585
4330
2031
11591
6023
4386
12872
10314
7326
11096
643
3558
4314
5720
7890
3929
228
10422
107
4323
3313
1956
6629
2763
12716
7719
5580
2502
577
2735
3598
10716
3852
9611
9494
8893
13005
3158
5413
3413
8326
10307
3553
10806
2573
10271
5158
3914
3840
7028
10577
1652
7276
12572
11520
2869
12941
11586
8459
4715
1706
1256
12484
11524
12059
12268
10441
12435
9332
11183
12893
6299
7534
604
4087
8571
7284
5543
9664
7670
8344
10922
8817
8640
3883
12410
3937
12732
119
5229
3263
4168
6842
10390
5687
3149
5487
12122
10738
1156
11885
541
2515
9970
12943
8987
11922
4613
12938
4446
10460
9146
11315
7225
11813
12801
12140
6920
2758
8705
10774
10268
4358
1932
7303
10933
905
7843
1571
8328
9734
3367
1908
3304
8660
5346
7177
10329
10083
8381
5252
1625
4003
5810
8274
5497
4080
10823
8289
553
5244
11020
4636
12326
3660
10157
10595
3898
3190
6651
2924
4064
10186
8577
6381
2589
5312
4875
2995
10285
722
6368
8862
7637
2337
368
11468
2628
3513
152
6244
2559
8145
2067
5931
1051
4890
9568
2832
5681
11699
2261
7967
6058
11669
1087
3484
3479
8219
8013
348
7121
10322
4947
9053
8973
10812
12004
10516
8360
12909
12972
3656
12143
7268
7027
5171
12470
9654
6970
8419
49
3465
4217
4634
3231
5937
9652
8694
1139
5255
3856
627
10598
2558
12233
11157
1866
12167
7879
4603
6754
4626
9167
11260
7458
1998
4324
11818
12422
450
11500
10485
10681
10121
7214
3818
4081
3173
7233
3305
12830
7438
6660
2220
899
9187
10424
4726
2835
12964
6020
6922
5813
10299
3964
2219
12404
359
8431
1184
9800
10509
90
4695
6843
613
5927
3386
11405
10733
9829
8460
1490
3678
6178
78
12913
2879
57
6881
7953
6682
5801
2298
85
9821
10643
12437
9217
12610
2162
3671
737
499
2745
2480
9127
3857
3588
6235
1889
4928
7416
933
11378
4249
3563
1275
10465
752
9913
501
3649
6627
436
6832
3066
4972
9100
11457
898
2767
1984
3687
6613
5900
5523
868
5223
363
10597
4920
8282
12068
1520
2721
579
8453
1222
9344
11271
2210
4950
6500
1438
2362
11115
3159
6903
10466
10556
11319
1299
4790
47
1046
5311
11733
9060
2137
215
3157
222
9549
8797
6070
8039
10281
2319
7778
2734
12324
7229
5751
10565
8484
3889
3258
12168
3257
7546
8061
11089
1026
8966
5702
4174
8781
11130
12984
6099
11135
110
5589
4354
12204
11156
11200
1666
12279
188
5992
12671
9118
9776
1634
1524
3926
4201
4885
5812
9354
6538
2339
295
12596
5291
1260
4774
7257
4195
7350
9375
1059
7568
9327
197
3290
9463
6812
7255
4612
10788
3637
11890
10909
4758
1534
5195
3223
12107
239
5557
10032
385
5256
2756
9891
6464
4719
903
7151
9569
11970
5928
3609
7838
3495
1000
1233
4855
5232
12530
4346
7817
9992
6002
1751
11875
109
5959
6856
32
9747
2280
3332
3132
10596
4315
10605
8907
8732
6427
1595
3930
12869
10413
10751
4480
4801
4444
3275
519
6420
2926
6565
3400
12234
1090
2645
4470
8047
4052
11206
5903
4481
4110
3172
1376
8200
10524
11429
5350
8469
7812
4580
6578
434
7405
1536
10968
3437
10829
7798
12527
7674
2171
4479
10979
11248
9065
9539
7763
9946
10123
5895
7009
2284
3543
9783
4788
9466
10814
11578
7194
11505
8001
3583
11197
8126
8635
5301
12346
7053
8365
2470
8127
4741
847
217
114
10877
9978
11143
3943
6038
8615
11849
10498
6882
8508
5878
4693
10686
11968
2755
4980
8503
4989
4753
7740
11581
9925
11261
8849
8624
6876
1519
5885
1846
3021
7459
509
9560
10207
12497
4394
4553
11448
2430
2841
1739
3421
733
12804
1378
10152
487
6530
1457
5951
366
5956
979
10626
3947
9356
9962
1870
9644
12846
5887
4894
7640
13011
4047
8498
11490
4728
5977
11199
1444
1763
12034
4853
8451
12534
1689
9076
12952
7065
11924
12362
9694
9780
5060
10553
8500
940
12092
1758
3780
10560
7576
4973
8524
10502
5527
5153
5339
2931
5902
10619
1476
3672
6173
11884
874
8888
297
12428
1369
2101
1628
9233
2631
3126
10581
4874
3176
6788
7446
10144
8295
3675
4940
7598
7327
8187
10907
5081
7885
7973
1340
2314
3051
7305
11958
2148
2105
11507
11012
2576
2043
11694
9083
6302
6367
1979
10834
8848
213
3829
180
7253
11950
5808
4437
3575
12581
3011
5811
9135
4025
10680
12366
8370
7434
8758
9418
2549
4887
3151
12739
8041
870
9645
7122
10962
7678
8478
11995
11132
9467
8250
2856
10340
11883
7281
6248
9847
11286
8666
6474
12542
5689
2166
12230
130
606
3272
3718
6137
5137
1765
4584
2863
3409
7437
9297
137
5584
4883
9474
1278
5300
10196
5068
8588
2810
7569
7657
2642
471
11764
7714
8583
3683
3412
10851
7432
3992
5673
3961
3771
12039
7149
7490
7191
11796
7825
3659
10288
1479
12813
1501
2639
3040
2801
4198
10005
9686
5325
8877
6312
2230
12445
910
11039
10018
9098
8690
2821
11604
10948
6406
420
11673
12911
2099
1589
9532
5142
8632
2623
8307
7039
972
6705
10150
12478
5094
796
12378
8531
307
1318
1249
286
7292
10613
879
10136
9681
12400
12181
263
8512
11462
9485
3823
12729
4114
314
2158
1511
8236
7130
6879
9584
2910
1190
10785
7273
6839
6768
6306
9604
7521
6190
10440
7139
7966
12553
1451
8922
5828
131
8825
328
7287
9245
4253
7845
3971
10410
2435
6186
4041
8925
860
1929
3068
2956
9391
12272
4074
127
11205
11328
5569
7208
3984
8602
9701
10749
5069
1637
9930
13006
5092
9278
3180
76
4897
5604
2027
8599
1941
9355
2624
2242
4013
9409
6657
3917
6479
2334
12749
3099
1593
10532
11510
5169
6519
5121
1926
5471
6202
11612
6013
9484
10098
3808
3895
12923
9108
10937
187
11088
1507
6049
2803
12110
3028
9895
9636
388
4069
11752
10112
11455
8069
1364
12752
494
8158
10767
4238
8244
5238
4161
12128
4660
342
3799
41
6557
5473
7893
3945
5046
4611
2155
3306
5196
6799
4106
3764
12103
10837
9657
5391
6865
2275
12520
657
8255
1385
11265
4794
5773
9067
12022
658
10562
3478
7828
6717
9275
289
10505
10706
3393
9368
12737
3095
3420
5437
11366
491
1371
4789
798
642
589
8134
5836
9878
5457
1844
5194
8731
1905
5226
9665
4135
1271
1544
11657
4824
12117
12205
1775
22
11698
11344
12258
10520
11453
4196
9366
1656
5876
9385
196
2874
11019
5320
2474
3371
1131
4823
763
592
2239
7073
11250
5696
10828
11128
11238
2653
11716
7952
3668
377
9082
555
1065
8911
2996
4826
7884
6200
12387
11118
6575
1254
3461
11661
9689
12315
8265
9705
4832
8215
4223
7728
3035
858
12662
12579
8466
10200
1165
1591
5829
1847
2878
7621
10825
5619
10149
7687
7422
7644
212
8054
6375
2417
3383
372
5495
4062
8415
8383
11442
10147
11150
4377
3942
2806
1759
8830
11146
11427
6604
3278
12171
427
1886
7681
6097
5736
4006
5329
5766
7656
6919
6908
9152
5172
10966
5596
2478
4389
3998
4962
5668
3629
1409
9982
2757
7647
3197
8682
4208
2264
7176
12075
2609
10506
7814
10319
4566
9288
4148
8062
5019
5025
9767
10820
680
4016
3002
3600
10910
7347
10497
3264
190
11228
12266
7914
10924
4333
1835
6113
6387
7000
9503
1613
8667
5531
10623
11768
7263
287
1764
3938
12922
7401
9168
375
2476
2070
5512
8084
5550
3994
10715
895
4230
1335
9887
3702
4592
11040
4681
12359
11035
184
9265
2684
12089
10662
2358
6138
731
2981
12840
2569
4393
7570
7607
11742
7503
953
1797
6342
10547
7383
12228
6239
12179
11672
5628
1091
1562
10982
6720
13
3096
10003
11239
6818
12637
2985
338
11687
7555
5366
8900
8924
2798
171
8209
6695
2299
1431
7328
9158
1700
2936
12329
632
2467
8201
6293
6362
12489
1670
12873
8428
5050
11620
4812
11659
5938
7260
7683
7316
5042
2687
7624
9937
118
2453
5764
7258
1151
12585
9296
6352
6008
9910
7114
1995
8426
11541
2603
1252
12226
5484
6676
4164
8741
1946
3907
4954
6855
8424
12930
9465
9283
1452
12172
3607
11984
738
9103
9180
10809
11639
5846
3527
9669
6958
5313
4232
3884
5694
6106
9162
11959
2289
7559
3700
7158
9013
11590
12051
1100
7735
10000
10557
7013
7545
12806
575
7986
2979
8420
7168
5114
11036
1081
11087
4835
6491
11707
5167
4471
5180
10799
2305
12918
7221
7430
2972
10508
2095
6220
5408
8697
3453
856
417
7129
10042
538
1853
7963
10043
11805
2039
7450
12624
9274
12355
9012
5752
8745
11623
7959
646
9129
12243
4847
7995
9330
3206
3419
10082
3042
8119
20
1772
7975
10574
1391
4918
4373
5777
11651
6066
3952
12740
10818
9508
5851
1028
6765
6264
12296
6206
5218
3636
4400
2187
939
3164
2409
8170
7425
8988
2173
9818
10398
10676
6520
7830
2189
6416
8679
6736
242
8754
6821
5501
3593
7444
8867
10160
9915
7026
4993
9302
9561
8879
2250
11791
9769
6796
5521
2371
1756
9172
11475
893
10290
11610
9873
7710
11073
6467
3469
10117
1861
207
4743
10977
4236
7428
7882
7108
10507
6223
3537
11735
1237
3667
2716
7498
5819
9642
5841
11744
11346
2372
12799
10242
3745
8467
4283
2701
5630
3549
7076
8429
1914
1685
532
10036
5122
5209
904
9390
9638
6459
9266
12757
12184
7776
7542
8875
5511
8631
3860
9931
12012
968
12717
612
9025
246
168
10564
917
5581
414
12019
12915
12544
11697
8264
9566
2585
7115
5396
7204
4473
8173
6570
1013
12457
11951
8647
9899
9287
12658
6110
92
756
5958
10247
3869
1082
4778
10411
9935
5308
5269
11628
7651
3519
364
7414
3323
5282
5949
10534
11444
9826
6407
9361
166
1766
12021
12760
7293
8101
9572
3227
1030
3893
4912
2376
828
7806
2640
1891
2760
9315
11389
6217
3923
10531
12711
2732
1746
416
4841
11674
3608
11431
1197
9306
3033
823
8527
11755
8789
5224
1504
5904
11717
5404
4026
9078
12868
10550
10137
3881
3685
312
3633
4414
1413
7869
9759
3097
11905
6677
2808
3677
11964
2788
5349
8726
8702
8971
11504
973
10631
9183
7949
9722
11370
12137
10386
8967
502
1356
8763
4303
8233
7821
873
695
144
2411
6798
2891
2698
9770
10175
9974
5698
4178
4857
902
5593
12735
4098
12472
9949
11331
4419
5942
5259
12777
12582
3321
4941
4573
5603
11872
5727
10853
2792
5264
4156
4516
4619
2094
6437
8159
2579
8976
2185
1963
9862
7134
424
11862
5031
9582
5732
12014
2132
7930
3007
8470
9924
901
11011
12342
12318
8186
10074
8042
12800
2266
227
1142
3878
9917
6161
3222
12778
12663
12848
2885
4229
855
4917
12206
12570
6539
1127
75
2211
5342
1352
12900
10170
291
10130
6649
8247
2322
12491
9893
7863
11987
1243
12763
7020
2344
3915
8630
12522
1952
4809
9583
5943
6332
3467
11028
4703
8434
6959
6713
7099
3639
1754
5364
195
3339
9748
765
8502
6915
9703
4367
3255
3352
9618
7529
1940
2419
8711
5246
3185
84
6942
5026
8135
1987
358
5559
7448
2590
931
4992
4036
1517
10008
4589
4241
7956
2427
6195
3267
12192
1436
6405
6740
12151
595
2079
862
5032
2247
6815
10213
6166
10920
3996
4559
473
6512
4617
163
11275
2307
12916
4631
2188
971
5839
3806
2800
2269
911
11377
11399
888
11806
2958
2135
10614
5939
12998
2085
8846
836
2141
6775
3407
7346
610
7126
5444
1146
7135
12587
10780
10061
969
12776
10571
7301
11432
6130
11706
1144
10694
1016
8151
5493
1825
3402
4186
6053
7543
2456
1009
832
7926
4560
11817
12515
11614
5271
6848
2361
2318
6895
229
6543
7924
5047
9254
12203
6689
1750
3858
7716
12979
10084
5866
4510
4382
6444
4721
4142
11187
10697
6296
12894
8325
8620
6035
8302
9870
1128
4517
68
641
1919
6503
4347
11376
11001
2256
1329
4491
659
8996
9835
4487
4630
6410
3559
5953
890
6197
7351
1383
11404
8238
2912
9942
1109
12479
1840
8030
3012
1856
5643
1253
2753
9476
12568
4687
2030
8023
5700
2973
5181
10608
4406
8784
3826
10058
1095
11052
6466
4891
12209
9096
7808
6771
10486
2786
1944
11837
9816
2345
4015
1240
5769
2366
8273
10225
3337
7408
2564
7745
2886
8121
12936
8509
12580
1154
433
11340
2192
6037
6996
10704
1976
1148
12987
5890
13000
1341
7623
12301
8947
5230
9193
8396
4750
4468
2276
5318
8007
12722
6600
3105
614
10470
1423
7851
2001
4745
11059
6726
10632
6254
1535
10052
7485
9312
4535
4398
5377
12551
12883
7031
5833
7752
3081
12149
5800
11487
508
9081
456
4129
12680
11324
12789
3282
5262
4265
2855
1343
12643
5442
9839
12460
8895
8629
8049
3434
3941
12880
11866
12819
8699
2354
1699
9271
12037
12265
12640
3979
10451
1938
1554
8243
1149
2506
12721
7732
941
4082
5276
4552
9844
10944
1225
10843
749
5522
3250
8375
4514
9203
7187
355
8035
8645
4588
2102
8251
11186
5129
2986
1950
12498
12336
9545
2421
5100
405
5191
1101
11832
11535
8387
7662
11556
6810
2157
8549
9929
12698
1344
1849
10081
8025
6169
8070
11046
9786
1158
3669
2025
11388
1263
327
3036
6925
7311
11781
10931
919
3511
2845
12165
1124
8203
7057
11934
12454
216
2577
8940
1522
11043
2
11898
8040
5126
12792
3106
8693
3087
8606
4838
8864
2297
11124
2066
9743
5273
5198
3529
5098
6811
2852
8248
3127
6147
3166
6452
3935
4977
9610
12844
2592
9597
2906
10115
2174
4159
6385
2182
8172
2543
10038
11976
7142
6191
949
1269
758
7908
7527
6477
5415
202
9447
12795
9699
8349
10652
2896
8014
5048
9841
4152
11281
7030
6222
12302
6192
3974
1948
11859
5029
10048
1280
2154
9490
8107
10409
5411
6997
6055
5616
6116
1416
6471
9331
12805
4502
8892
9996
7399
8450
7180
5575
7361
8935
11312
1622
1930
4557
11726
11337
12146
4322
10283
4130
4225
10810
10332
7630
4418
5582
5066
2035
3004
10178
4179
11434
4442
2671
6153
1112
11550
4599
3592
11477
4943
9376
7443
7491
8894
11542
850
10592
1924
4825
3913
7290
4214
3446
5826
10819
4022
3986
12836
2807
3522
1895
6305
8884
5790
1203
7435
3038
7237
11761
11810
8052
9007
891
10226
3498
6493
12443
2315
12971
6340
715
10086
5023
12255
5925
1387
3797
4297
1997
4653
9760
12421
4515
9244
10711
4091
6079
4149
8065
3704
6426
11783
8348
7684
6497
11914
3653
46
629
11711
2489
9369
245
2819
7713
6688
5293
11831
8471
145
277
12670
5468
10218
3973
11569
6280
4420
12069
454
7993
4271
4811
1417
2893
4457
3663
9316
10031
5160
4565
12843
12901
1389
5201
8259
8214
4936
7562
7230
3076
1130
7192
8278
1312
2951
1509
11850
11121
3574
7747
9711
9538
2056
7861
859
6586
10089
2517
1741
6057
2179
475
12537
5154
11341
12577
12875
2990
10800
600
7248
8578
8926
9201
1631
6716
6175
1370
12518
5528
6926
7417
1147
9000
2947
3831
4793
2464
12076
6331
6204
8436
12023
4528
10690
4226
11042
10752
5657
11436
1945
4982
5822
8564
8301
8881
11060
12001
7476
1786
4963
835
4092
3586
4094
967
4805
4931
10867
3727
6131
4010
12921
9155
1402
1657
11466
5524
6759
5091
6555
7227
1572
2390
12512
5443
1574
2727
3142
6945
5821
12267
11451
8117
4311
3483
9177
5540
4143
5479
7032
12860
6786
7367
1975
2941
12180
6282
6366
11438
9860
11536
5729
1648
10894
683
4828
6010
2772
3368
7571
3121
7111
6031
7800
5667
12904
8818
7804
9625
7116
5338
12433
9299
2794
1458
8604
3075
9112
10714
3916
958
6664
559
3284
7329
11728
10192
4979
9041
4705
12718
5460
4527
4955
2463
11858
11005
5410
5078
12615
3113
10936
10438
7552
982
4001
12401
4694
12018
7606
1600
8569
3604
11624
5722
11038
2387
9886
6045
561
8859
6032
5298
543
44
9379
4777
10280
1214
4798
5012
6083
2168
5747
5286
306
1579
10722
10252
52
4185
7297
4031
10771
4925
4136
12119
2343
11658
1737
9008
12677
6241
1799
10277
2233
7604
8856
3085
1499
3838
7989
2533
121
10479
10363
443
6593
3640
2661
6124
8386
6251
6693
11295
7133
6485
2884
10905
9132
9310
10243
3944
211
11568
11188
8408
8178
10862
5333
11066
4868
6822
8836
3069
1195
2117
639
11294
6373
9504
8298
1913
2078
10284
7688
10027
4645
11030
11852
10176
11617
2405
9954
7333
5067
12438
1049
1111
7393
2034
8350
7060
3293
863
6468
6930
6783
2750
4361
8975
9089
9311
8313
1539
2939
3439
8605
1990
4044
9815
6345
4474
2784
367
7236
11152
9523
2673
3061
7934
9269
9350
700
8496
1542
5105
5469
12756
11539
10095
12997
2005
12466
4427
11485
3229
1050
11625
9446
9174
4520
12821
1063
573
10891
8398
9237
12529
1635
10831
2587
8234
12108
8713
1730
10235
5865
2466
5430
7566
8628
7335
11068
2367
5427
8890
6576
4163
11045
11642
6112
12415
2353
1780
9257
11279
2520
3546
710
11149
9881
10336
12045
11103
4287
4343
9410
446
3901
5454
882
1200
2395
3392
6308
2116
6030
2925
8915
9630
7394
12594
9649
3442
7682
2681
4529
3111
11759
12612
844
12888
142
6418
8081
9123
10798
11358
7093
7478
8410
10009
8720
12027
10655
1933
45
10318
6741
3441
9607
10753
12208
5206
7094
1644
10935
3309
6309
705
4489
1251
4633
617
7685
11423
11161
8308
1893
9028
2413
4391
392
4886
2615
4696
8798
12500
3865
5711
6258
2954
9920
7431
6873
467
886
5688
5556
7313
9921
11117
6734
4428
7669
5375
3449
285
2217
1882
10846
4767
4385
1459
8841
1603
9960
7574
10181
1815
7167
12391
510
10989
4023
12341
9988
8963
1455
6712
12029
5565
7080
12715
7649
9384
1235
11167
11061
10387
1279
11564
6611
11723
1441
4827
8213
8241
7650
9133
10055
6185
6668
1089
11320
6571
8171
380
4360
513
9852
5458
10057
6292
1888
4166
4073
8585
3034
6072
2296
11829
7744
6380
4543
6325
7449
6828
5946
10394
7017
10011
8962
5932
7836
12700
7782
3405
3995
6376
10016
10757
11400
4817
8458
7395
8481
3210
9434
12262
7357
7601
10303
1547
11221
531
8787
6809
8801
10884
9144
70
3756
11971
9255
3508
11670
2793
1605
8828
320
4551
8993
6949
9684
2194
1414
12241
6681
6319
3723
1138
12604
5920
5834
2921
3452
5467
7112
5823
12745
727
2744
11725
9772
7769
7407
2462
4810
9045
6507
7282
5770
1935
3471
77
10094
5268
5403
7722
9206
6935
7923
61
1067
3246
10358
10296
5705
7467
10875
6971
12080
9383
8395
5757
6602
1303
12126
12328
9420
3877
3774
9143
5915
6307
10661
1003
4649
9823
1972
5875
3870
11338
8831
5637
1183
12748
7611
11601
2967
2583
3573
1362
7583
9027
8152
12078
11249
11009
5425
9918
9026
9001
11876
2203
6270
6697
10443
3981
7895
6877
12138
6298
2651
1236
9641
4995
8418
7659
1531
6721
12762
1153
6573
7773
767
6170
4368
2313
8625
1988
4856
9498
576
10251
3443
4320
3576
4021
12693
2854
8729
3160
4137
3666
9547
12779
11605
4772
4309
4683
6891
10719
4996
3614
9739
8780
9951
1375
4822
12633
4045
2204
3968
5304
1342
745
9529
387
2263
6434
8548
1079
7970
10667
3768
12371
10861
5930
633
8522
2934
345
11289
6517
13010
12284
993
11401
12488
9412
12824
9009
5074
3343
1732
402
12696
11869
594
9637
11700
7614
2614
8957
7472
3287
4061
3630
6102
7697
8270
12475
4666
5506
12862
11217
7376
5529
156
2676
547
9291
2565
10423
11607
2591
2451
5548
5962
8377
2301
9289
1871
12016
265
4239
7835
10902
1325
9700
1720
6453
4914
4723
2894
421
9908
2728
9836
7591
9902
5419
4598
4222
5579
11233
11488
9952
2106
10629
2199
626
3504
3516
9981
11479
3103
2580
1621
872
3577
181
8868
11902
1086
10222
324
2499
6987
7315
10333
2454
650
6447
12603
11895
4582
10912
4199
1812
5515
6242
311
9995
12586
10645
8725
12375
620
8722
6269
5401
10051
10101
8104
11681
12705
4120
4739
11756
1717
11057
2386
11540
3428
170
5205
1266
3525
7507
574
5656
1333
7218
2861
6067
11692
4988
8267
4210
3713
10250
8376
7872
5498
9397
2222
6048
4686
9134
2574
5116
9678
12823
12392
5979
9228
5882
12983
5911
3244
2507
8791
11211
7117
12197
4776
3940
10221
2221
400
8362
9773
9130
10306
1597
8555
8938
208
2626
10874
4060
7005
1982
10047
5416
10965
7092
6210
3680
12601
7980
8262
7792
7101
8285
9159
9261
12240
10248
270
2290
8786
8997
91
5306
9969
1993
3493
9421
630
1709
8438
5476
6833
3374
1285
11936
9231
2696
11070
4549
6562
1434
2582
11181
9319
6095
2636
10232
224
11900
1206
5598
3738
8929
5337
6846
12033
3191
7162
955
11244
12606
11952
6715
11942
1500
12259
11793
7874
7850
7731
4999
4353
5633
350
4708
6061
8188
2008
8416
31
10731
12858
9037
6360
5691
5440
6862
11246
2892
7278
5365
6554
12771
1394
11076
7548
8824
7803
106
4362
777
4245
7816
546
11163
9273
10740
3141
5675
167
12085
511
3848
8137
4701
12759
12538
4267
6322
10261
9415
12077
12104
2327
1347
10022
10709
2068
11835
9033
2710
1909
11461
9945
6870
3750
4671
2718
5815
1228
8136
6043
816
11481
12523
2970
9781
9472
11415
2216
11600
5130
10187
3220
11582
12782
8097
1308
537
3949
2668
12006
262
11102
6439
3957
4644
9832
10348
3570
4725
9603
2422
11748
3976
2167
6785
12398
4858
2665
7300
3866
12876
11159
9422
2335
671
12144
4478
6435
5983
10578
1585
10343
3692
9919
11677
7592
9303
10957
1850
8685
2196
3876
6069
12044
8086
6671
9833
1560
11688
5707
7946
812
5549
1609
660
8866
12912
6625
12087
1978
3073
12592
8919
6592
652
294
7436
8600
6858
236
9495
5638
12441
6923
5595
6245
12264
2581
7813
3595
9095
12426
760
8034
10887
2164
5847
8597
6484
8550
2769
9824
1419
3048
10474
11347
8616
5759
5824
10883
5576
8317
9359
305
7021
11225
12134
7156
10967
9016
3065
5721
5906
12925
913
9849
11364
9373
9605
8748
12973
1298
9374
12294
10374
3238
444
257
12084
7124
7381
7948
1219
8912
5507
6350
3757
6092
1712
4697
8936
4600
3276
11927
11169
7615
9290
6513
4433
9526
6402
1073
13007
9626
10493
4716
7363
7698
11567
13003
9592
11643
755
4293
5899
7602
6044
8380
2237
1021
7628
11226
8050
5184
1405
8292
10991
1069
9565
5409
7906
12511
12648
7453
4544
6226
8445
3587
7457
383
8212
3589
735
883
7415
8028
3474
3448
8239
5189
7961
1667
9058
1368
8095
6401
8560
8160
7891
3554
5461
4365
12248
8906
530
5451
4413
8755
12807
8847
5898
6729
10171
6654
469
2599
6596
4901
7007
3736
11310
7280
12115
4704
7477
6936
4577
8441
8098
9897
6271
12685
4043
9517
9787
269
8939
7123
6272
11894
5708
4911
8329
6409
514
2336
8516
2838
11495
12659
1248
123
9483
3539
6817
5509
11593
11992
5624
5406
5870
9553
10886
1887
6906
8796
6579
2438
455
3333
10455
5508
12407
8319
2270
8279
2465
10093
5061
12896
3050
12886
9057
1176
11599
6535
1239
3946
4040
1115
6246
12312
6354
4877
12694
6580
3643
408
6793
6758
6221
2246
1410
8528
10882
9229
10037
8401
5964
2069
12057
6646
8948
8557
4727
7585
3031
10158
9105
6446
2677
6776
4038
11007
2267
5225
4806
3357
279
12651
12505
2407
4169
10126
5601
5164
11216
5162
1965
5852
3763
4462
12788
7753
2508
9928
3873
5455
5348
5278
3013
8563
10145
1454
1747
3196
5590
9834
5739
12414
8921
3245
11067
2797
5104
10028
11763
3198
799
9971
10610
5564
9077
1322
1506
6762
7374
4051
4570
1336
7161
3335
6334
11278
11996
11305
5166
72
3476
12058
3084
1969
12810
10729
6240
12283
4357
3705
11814
7937
718
9806
8336
12566
8400
10444
4792
789
2709
1549
7406
3362
11587
9593
12418
8322
9721
11822
10913
11718
12436
1848
6983
4575
8612
62
9950
11988
7011
10890
11596
12293
586
10707
839
8144
12009
323
726
3861
6985
12939
10361
8627
11356
11844
3657
2047
5146
10969
5974
4307
1749
9940
8128
4364
391
6582
7068
648
5941
12020
912
1083
6988
10717
3037
5607
7610
7689
453
4312
3717
3647
5571
2374
4086
11750
9317
3281
5803
4053
6841
852
6353
3925
4740
4281
298
1117
2115
11753
9892
3834
3363
3515
11440
11474
7596
1339
1164
10238
4904
12416
9400
339
8031
6268
8253
9717
10522
11760
10362
8692
1662
3721
1601
9171
4862
7014
233
7037
3835
7862
2817
12865
11078
5615
419
3450
5972
8916
2125
2255
6567
9405
7715
4555
2638
12940
4967
1035
2000
5679
10929
10528
5971
3316
11301
9208
11746
2516
10377
4336
5814
12773
8491
7056
8015
7310
11276
8608
11266
3240
9462
3312
11907
4800
9533
2766
12701
6090
5233
2249
3022
12353
5832
3613
2870
1482
4927
1018
6395
3349
5537
7138
9882
2998
4456
6317
8411
8607
2848
11910
5431
3715
458
9396
7464
9810
12567
7213
9754
822
5204
10794
817
1229
10638
7015
12052
6154
2472
7786
3601
5684
9765
9222
3676
10552
4461
12247
406
10326
10748
10804
10458
12661
1981
10328
9634
4880
1054
4505
10492
8820
2118
9321
6638
12949
4668
4118
12097
8343
2311
3673
2562
6132
1760
7928
12630
3464
12448
441
8885
2503
3939
5961
8038
6598
8927
770
778
10609
5006
449
7398
3706
3933
6621
11050
8806
7271
9470
6273
7433
5520
11269
7870
5767
155
4140
9750
5188
1257
12145
4672
7185
4056
6396
1223
8115
5881
9196
4813
7359
12798
952
6093
9182
10786
921
3064
9989
2762
664
1353
4090
11602
12608
1702
10981
5968
12419
6632
12154
730
3418
12767
9048
5228
11414
12035
5102
6321
5957
1508
12636
11640
8447
8045
5368
9932
3978
636
840
10109
10776
11285
5787
6310
2930
12393
6094
2375
9138
3155
4278
10472
6399
2971
3882
1287
5065
8687
6735
7404
5541
11515
1302
9438
2139
6103
2647
2814
2442
4531
8945
4677
8153
474
6851
9099
4665
6508
4300
11734
1681
9663
6117
5863
10514
12105
11774
12889
3201
3542
2541
2416
6791
12741
7364
10795
2637
1718
8067
2408
3016
1450
4277
10525
4791
12467
7243
7783
3817
9614
1954
1064
7511
5326
9506
9192
1136
11369
5420
2575
403
5139
135
10293
2108
12675
6018
4944
11771
9034
11513
11144
5776
4849
12614
826
6701
10133
6003
2827
5157
9236
12504
12785
9322
6015
8143
7366
7896
4109
1216
1039
974
6630
990
6215
6441
5488
6177
1317
7947
64
7704
4760
8764
10660
10808
988
8832
9238
1338
3183
12766
11656
7203
10543
4318
1819
9430
3381
9782
2107
2913
9365
6411
7085
5505
9352
3322
827
218
12812
7590
5414
1683
10405
10418
4837
7550
6203
7641
3032
5893
10146
10519
2190
1958
4648
11652
5588
12692
8858
4678
4860
2536
10569
2914
12996
2235
7262
205
3886
4919
517
2041
11380
1162
11497
1738
9874
1860
4650
5570
9984
12990
4867
6404
1442
10501
4132
1196
10530
8751
5257
5934
4409
6931
1272
7440
8803
4128
1614
10889
8275
10156
8096
9353
6209
6861
4642
11486
12723
11615
3983
607
7717
5109
2776
4640
558
2987
10692
5352
8150
1372
3809
8652
865
191
7711
6874
6510
8480
11758
10044
3487
10446
6135
7748
10463
2180
6951
11944
10402
7841
12708
7791
7127
481
5478
48
4275
2294
11123
4301
5666
6747
12493
4415
7452
6263
10097
4864
10499
12440
8968
9314
12928
1583
5855
10926
3462
6623
9416
4033
10064
3712
12384
2036
8573
8004
5314
3514
520
4153
2092
2212
2302
461
2170
3867
2443
11268
6297
9587
6973
12462
1708
608
2003
9961
11785
673
2260
2281
9232
6655
7345
11527
1713
10939
849
264
9837
6276
1845
3351
1033
1707
4328
781
8352
9145
6047
3509
6295
12200
6329
2754
1097
8715
4605
4466
4738
4009
8194
2865
8442
10308
302
10166
16
3709
7840
88
6607
11943
6343
1213
12189
7997
7143
1319
6757
6388
5609
8981
3815
10602
6723
4524
6937
9325
3308
6847
8287
11525
6327
11824
1310
5084
8146
4054
9589
12032
7524
5923
3299
5869
1677
6691
3455
143
14
2304
10312
10720
9999
3761
1448
2554
9230
4294
1753
7768
5284
9173
3406
8553
7984
10359
3122
4906
8488
10538
11086
5272
8169
8821
317
7071
11619
1014
7742
12657
10302
10980
1953
8316
997
7131
12116
5632
6372
6761
3871
9262
4258
2007
6041
6494
6341
1052
12298
9749
1332
9023
9983
7810
330
10558
1632
8766
12048
8852
6702
5359
5975
8721
353
5005
5922
1489
7380
12507
4591
8710
9570
9578
1843
9021
12469
7496
8490
5064
12855
9876
2485
10775
6883
111
914
7107
12332
10849
1755
11342
4429
6800
4014
3433
943
10212
3336
12834
10210
2169
8746
1246
12683
7951
9035
7613
415
4974
1188
2809
529
7581
8074
2232
7629
6144
8961
9328
1596
1785
11335
6929
7706
9258
1001
11870
2277
3100
9450
11962
1429
9968
10029
1038
9900
8743
5692
12185
4046
10189
7091
9234
12323
9516
10986
8068
276
12558
8048
165
3145
3230
4731
7384
10871
2556
10563
6489
1002
6827
3555
4399
11668
1400
10
4659
12278
12796
3385
6473
11847
9735
3766
12317
1902
5664
7842
6779
10742
3046
9226
3890
3318
382
4452
6525
7985
4359
9716
2523
12644
2529
7358
6708
10138
9880
7050
12839
10761
12008
10961
429
3566
1826
5935
1801
2218
12682
1311
7940
10313
8379
2948
5395
1695
4948
6965
2903
4002
8083
234
10020
5324
10928
1675
3270
10940
9313
7873
4507
5103
2258
6690
10917
1939
11580
9720
1173
24
10866
6546
2127
3266
7084
4839
3131
7211
5402
6979
183
1403
9993
9318
7144
9797
5202
7859
10906
7765
8995
584
8920
12028
10049
7372
784
10217
3694
8123
6528
3365
6956
9986
6274
7096
11406
6085
12063
6559
3492
9407
5562
8855
4096
10815
12753
3540
12914
4983
3794
12621
7418
887
6644
5369
10545
3567
1630
6250
1724
10356
1827
422
161
4610
4627
9671
4511
1727
2988
1898
8844
10666
5976
8094
6046
1726
1752
8683
8091
11014
9820
6670
87
10448
6224
10177
12431
7462
1304
8772
11153
2414
7010
12071
12289
3361
2957
65
5655
12236
8196
11572
12710
12285
3928
7196
8589
7900
795
10594
360
976
8139
7608
2112
9680
557
5107
5398
2254
448
10072
8767
410
12271
2340
7620
2619
8167
10201
5662
8753
2680
945
4369
11836
9280
4221
3885
243
7633
10760
12578
9301
6267
739
1034
10309
10559
1346
10195
4768
1425
12978
7419
9709
6584
5809
219
7807
258
3226
73
4237
954
11983
4718
5115
3372
6000
4958
9371
10628
10835
12506
1348
12164
549
9851
6714
3429
1669
7390
8130
2802
12556
2514
3521
9550
9031
60
5161
716
199
5999
3001
10590
3977
5145
395
1897
6449
4029
11558
4859
590
3315
12031
4754
7666
8790
10646
6062
3347
6581
10237
10482
3195
10102
534
3686
11409
11830
5447
10239
10054
3735
5652
11613
10392
8088
2864
3401
12667
9622
946
445
4370
1282
5360
7411
6837
3152
174
7391
6659
12295
6009
9442
220
7990
4
1679
6011
8012
5600
9072
4913
8073
4104
2146
5909
11251
8406
7354
2181
3194
10958
1066
10495
9052
8290
866
578
12113
8280
7712
2512
12589
11308
2346
2448
346
5917
273
235
8567
6647
9199
8385
9456
11293
7905
9751
8737
9186
2952
8494
7024
2384
5738
9010
12690
6824
6141
3080
6550
1927
9036
11948
7563
3342
5794
1268
5703
11714
6025
6397
5148
9757
3104
3530
7256
1809
8198
7403
2385
1498
11425
813
1023
12396
6225
1323
8113
732
12041
4464
4177
8984
9588
3422
5052
2144
4698
11330
5453
2873
4352
3590
9360
7811
5466
6287
1193
12132
3536
10129
7702
8561
3268
9401
9752
9916
2057
1594
4625
761
12244
4202
4657
6382
11109
316
701
9535
5289
5354
11754
11534
5929
2518
4123
3714
5989
7540
11034
3350
11493
6569
867
10536
9051
6561
6196
3259
3310
2943
804
568
1221
7982
4269
1349
1620
9914
11302
6606
7410
2596
5908
2213
6527
7387
8952
3030
5897
12942
1388
8928
5159
8566
8572
12042
805
9054
3163
3805
7705
2482
10927
7921
12287
7228
12237
10612
2347
3533
999
880
11897
10754
9018
11790
9160
3008
9845
7847
11237
8649
4383
2552
2287
871
5594
2679
3027
829
4173
7655
9044
8655
2773
1991
7086
8156
3454
12186
12695
8221
11154
11180
621
3396
6216
2524
8284
7043
6187
5156
7489
1734
11222
3859
7523
4494
12629
3015
8486
4448
463
293
8103
10366
4532
8958
4990
12867
2143
6737
6029
6995
1977
5735
5640
11314
11349
11662
10320
5463
12086
9357
8087
100
6943
2026
1943
2400
713
3642
11191
12917
8242
8277
6609
9534
10468
7198
10364
9855
8833
2887
8261
11665
7157
2916
12519
8770
2423
675
11729
1015
12199
9388
4482
5275
9871
3023
3026
2895
5483
10180
3584
615
9461
7505
4652
10155
63
6288
2862
4344
12408
5969
1440
906
12390
2402
9389
37
8659
522
9139
6392
10475
2905
6033
2075
11171
5095
4782
5910
10925
10688
10603
2849
11808
2208
7479
12231
10850
1911
4568
5599
11546
6738
6917
7
11259
9451
2611
12090
4601
598
12403
11033
12958
8762
2713
6364
12613
8306
3497
936
9263
1181
2282
9602
6284
9215
10091
11393
4932
975
6488
12363
526
5382
7063
918
721
10260
8994
2415
5292
9141
3043
4884
8232
11017
8181
6558
2310
7272
7375
11589
8483
8351
1629
11134
9943
2983
10321
9662
8202
2404
7652
7289
4523
5987
11470
7322
11214
2207
11911
9883
7118
11300
2312
8903
6566
12849
6219
11720
6174
7318
1584
11368
6523
9398
12668
10954
2397
9741
10934
5151
11051
11306
12910
10848
12950
8556
876
11354
771
667
2736
12249
2868
12250
5665
9068
989
4131
3707
542
11727
4554
12275
8412
1551
4614
4425
8330
3249
12455
12212
9784
6626
10868
649
6529
3875
12193
6125
9190
5944
12120
3526
12924
6967
5650
8776
6595
9675
9884
2065
3078
7733
2561
935
12684
6143
18
2329
12316
938
9985
1185
12060
9073
3044
2091
5007
3500
4190
8537
7207
9540
9624
12321
8623
6656
10489
3752
7069
1463
9558
8701
28
7887
2360
10461
7025
8283
9056
2669
1462
689
533
724
8294
5136
9796
8580
12036
8495
376
8271
4842
10142
889
2257
11290
12365
10930
3435
9687
4341
6534
1968
8778
6336
12986
3843
12276
2073
12399
3681
11129
11326
11004
7797
10762
11367
267
9817
3565
6199
6857
7772
11332
8596
12216
11787
2140
2608
12787
7999
2229
12702
9973
10389
2692
1646
5792
5248
104
9953
8446
2479
3904
9994
4372
8448
6984
3056
81
3802
1967
6383
688
9848
8570
2494
1527
4865
11667
7605
6231
2149
12040
2752
11516
3846
10745
4521
8969
8845
10457
4070
10317
10240
7113
10456
6709
5179
3645
9268
565
11843
3581
11316
4175
2288
6867
1032
4509
8474
11575
313
2136
1047
8389
3561
6969
4669
10019
10300
5859
3319
7852
2509
5553
5725
3297
4441
11055
11675
5896
4966
8078
7932
10236
10258
5856
7337
5862
9804
6431
11549
5299
1305
12545
10264
616
3324
266
11437
6909
4417
2804
6262
284
11680
11379
3664
6950
369
11522
811
10080
7402
4165
560
2175
9213
9660
1674
10657
9966
1921
5756
8437
12337
7388
260
12170
9723
3564
3603
4830
9656
9363
7215
12897
3991
6052
2193
12471
9513
3849
3328
9774
8603
1386
3
8315
4313
2617
3261
7061
3644
11929
1367
1829
8964
3911
12988
1916
8230
8003
6608
7365
8756
7789
12514
977
4684
8227
2471
10617
4770
11848
5193
3348
8634
9046
7761
8813
7603
4984
9628
5302
2618
2513
6171
8430
5622
8240
3175
3094
848
8008
6938
2749
8161
783
1592
3541
5392
5827
4384
10576
11946
6415
3980
2674
3888
5706
2447
4097
3283
1466
12330
3171
6403
3591
2147
2635
2138
7514
766
3018
7654
6100
5566
8545
2545
10821
11099
9104
117
9809
8714
4077
11383
580
10599
4930
492
5526
7916
2381
7691
4000
5044
9364
5952
10734
6794
7495
1736
4965
10743
12856
3999
11419
13004
7680
2058
9131
6481
5592
154
9590
12007
7245
12885
5086
254
12038
4518
6744
2542
12245
8870
8190
4513
6941
6004
12191
12851
2787
12616
717
746
8036
6547
9778
8998
9724
2059
9220
9156
6277
5213
3052
3247
3074
9166
2539
1071
11528
5393
12811
9455
7672
896
11202
8650
6840
2248
4431
1831
923
5190
1286
2309
3423
12131
4608
8913
6591
3951
1330
4379
3024
5076
7321
1102
12112
11478
6666
2825
9510
5083
3791
7379
5096
11879
3192
3370
8346
3781
6357
5998
8378
5017
5424
1492
725
2610
587
1873
1074
6338
6733
374
6560
5978
8946
11424
11531
5049
2555
723
6233
5778
12825
1611
12793
1983
9798
8080
182
2620
1427
11240
11636
3501
2291
9024
9790
6326
10541
2186
8021
691
5629
8654
9779
719
4691
12300
3334
173
80
4436
10496
12709
8189
1994
741
6101
11098
1721
438
4207
1420
8118
9428
7793
12251
3169
5295
4388
11430
4816
7083
11155
3988
10382
9599
7506
3562
751
10345
10663
1703
11277
10854
4105
4821
3292
6750
1186
5281
7547
5996
1548
8076
10537
9793
5857
7320
3277
8696
8405
8543
9380
8072
6739
2982
7522
9097
12286
1570
8053
4690
5446
8404
3373
2917
10544
9191
6445
11887
11392
15
11084
6830
5568
8
12944
7972
1258
9704
11387
4329
1900
536
12774
2150
8568
7962
3010
379
3905
4099
457
482
5547
6892
3696
3520
8407
6620
3472
820
5685
3253
10431
4742
6064
1481
4629
10901
209
2152
5297
7617
12845
5611
2535
9043
4959
6502
3612
2380
3252
4845
12066
9154
9248
2052
2262
4833
3807
9807
7519
10988
1316
8759
12100
1199
10755
1004
2323
1566
10985
3770
4093
9530
3232
11213
33
5513
2831
12672
10480
9020
3254
551
3436
4729
9580
8990
7098
10294
4216
2557
11889
2908
5853
201
1787
8889
10365
5831
326
4688
9524
3767
1966
947
6853
9341
4194
6063
8738
2252
1189
12725
452
8777
1568
1232
12444
10504
5182
12094
12884
9923
12483
5212
3569
11137
8723
5389
10641
8896
409
10163
787
1393
5644
12111
1133
6365
8788
9697
3711
815
5577
3646
10792
3331
5356
10739
3800
1615
300
2303
2963
40
11710
1024
4757
2780
7128
10964
9074
10204
9708
4004
4602
6610
3897
9429
10879
1673
8297
11778
7991
7306
4472
8802
3747
4576
5901
772
10100
8724
2328
2071
7663
8897
10659
2401
12652
4787
2920
5608
225
11532
12772
7371
920
12750
11203
5674
4017
2946
8943
12995
12299
9270
6146
1161
11446
9408
6156
465
8850
4751
8750
8116
5740
5170
5860
6787
9022
12977
8397
11629
12509
4663
12513
9505
1606
2723
6495
1255
5690
9489
5423
4231
4935
625
3063
1005
2783
11903
9594
930
6850
1942
10206
2775
2650
2534
2667
2333
248
11016
6255
1092
10601
3403
10429
3594
5152
1688
8810
8622
7720
9066
2999
4953
11445
7062
9243
10622
2369
10194
9406
5321
2498
7892
7087
2176
3108
1573
8882
4011
5330
10869
6121
8664
5380
4154
7319
4759
