4680
2433
4338
11403
10057
10064
10697
4967
6867
8440
12310
3054
2846
4947
1750
8540
8861
3202
6250
6805
7163
4922
7127
12090
7132
9578
10014
2439
7029
3606
3195
5039
12451
4196
3366
3762
8391
10719
1761
2761
10335
11110
2064
2790
2133
7336
656
5536
6255
8273
38
1273
9957
452
6347
83
4275
11063
11111
10216
1301
2246
2844
6602
11107
6448
5186
9247
10197
6836
7686
3265
2673
8764
11361
5205
11878
588
5861
1955
9874
5085
3346
9201
3083
790
3565
3369
1124
6850
7364
4968
8624
7662
6685
2260
3608
10809
2111
3728
12945
6238
1686
12403
6082
12960
3715
12312
274
10395
10516
9204
6286
4340
10798
8335
2536
12302
10646
3375
3311
3108
12102
7580
11220
11058
9733
10819
9905
7490
2499
2968
12739
9007
1719
1772
1551
12103
2090
12484
2960
380
7243
11401
10755
3621
11847
9766
6982
8274
9717
12533
1094
834
10181
8712
2399
2969
8910
3704
9508
12823
11739
7384
5884
1627
11277
898
10192
6873
747
3646
8497
3062
8862
1257
275
4991
4447
6025
10653
3849
12369
9111
2470
12835
8370
12496
761
4425
5916
12825
12205
9656
11411
82
10923
10034
10638
1328
6033
9607
177
11698
2326
4119
858
8642
1992
10208
8686
12536
7249
2669
6633
3897
7296
1626
7133
3400
3927
4366
12261
2537
8191
8321
1925
11309
10323
548
2832
2068
12618
5494
3035
1961
11752
7218
4705
7772
12810
6782
897
1402
10468
6221
7467
3584
11442
10139
5144
5855
10189
3708
10
1405
6698
4457
7008
2397
7950
12832
7353
7522
10052
10889
5497
9410
6359
9424
2838
8713
10009
1540
1396
518
7139
7461
9286
3862
9301
3383
8575
3049
8744
9901
4430
11943
7254
9689
9882
9860
10434
7231
10860
8041
3398
1084
6480
8583
8015
3976
3263
8413
8253
7036
9886
9631
2393
6508
11764
1766
11475
10549
9878
3351
11931
9614
1372
9526
6988
4171
10180
4779
1682
5880
3183
4886
6969
184
11915
7548
3648
6397
11381
2425
8607
2680
10960
12147
7267
7716
2164
12534
11691
3667
8677
10377
8264
9394
8650
11498
9637
250
12073
4814
12597
3360
5090
516
3755
12296
4484
3309
4647
6372
8101
12596
7276
3002
4926
4496
3276
7771
2807
3391
3836
12383
5130
9136
1388
4044
6107
9112
9695
1804
11093
4894
6101
8060
12176
7509
9458
6995
5988
2991
1106
6824
12162
3872
7857
8649
3724
1014
10914
10484
8527
12398
11182
11003
338
9462
8009
3082
10505
6476
5037
12434
3341
9185
7266
10959
11534
11233
12325
3103
391
8062
12974
7486
1130
12185
10188
3167
9795
7584
5542
6700
11857
3131
12378
10595
8665
4262
8679
1603
4064
5579
5565
992
7011
10979
7142
8659
11990
12289
12855
3377
9897
1154
9202
4471
8703
3302
11922
6409
9326
7058
7333
6853
2156
607
10015
6849
7867
5108
8122
12240
8616
5491
2579
1018
1789
1290
8262
12067
6623
7858
2171
4893
796
7937
1859
9602
10039
8692
3426
10651
11511
11896
5804
11532
3390
11927
11570
9792
3308
4294
11967
3541
1588
10592
2567
9884
6506
5217
9210
8798
10215
8945
6885
7446
11575
8048
6631
6616
774
9443
7269
7532
527
11551
10029
2869
10782
552
952
11547
6843
12908
12679
6210
4827
9702
2538
12632
5025
7649
12868
485
2432
12077
8184
3090
4658
2056
1392
9908
7067
884
6675
5435
941
10234
1733
4264
12406
5179
11674
2853
483
12643
532
11286
1223
9388
9266
0
8255
6663
7882
10741
5628
4840
938
7885
1194
3384
11906
3409
2484
179
4892
10437
8132
5304
7289
9560
5336
9126
6512
7226
12545
4683
9124
12685
9137
7217
2418
7703
7481
5036
8980
1278
1617
5505
7897
3554
11941
1200
10132
8399
2520
7466
9454
9403
4520
1779
11864
760
10422
3199
7941
9456
11644
9548
5149
91
1478
12798
8270
1774
12778
2462
11418
4286
12259
7341
3457
9216
6443
12918
11856
9453
8301
3778
1881
4088
572
3894
2903
2616
8195
9003
7050
8146
3906
11948
10347
8960
2207
8024
11073
3379
3623
10573
2487
9179
7360
943
1593
9669
6478
5559
1574
1282
8864
405
9525
1848
12307
12538
11588
7460
11580
7104
8177
3231
7873
11000
7390
8499
10570
11130
10621
1107
12573
10294
12521
2730
7203
10173
6200
502
8217
6591
11569
5481
5140
11180
2424
12182
10897
7128
3249
7788
2679
8194
9006
1219
11420
9194
3844
9627
278
11612
2150
11261
2055
11512
3334
8577
1721
8483
6425
6404
8156
5216
1671
11329
4747
3354
1736
9712
2494
9551
1898
11613
3600
1815
9138
5889
3643
12235
4797
4370
4179
7125
223
3209
6756
12847
4634
9393
3540
7209
8065
4684
703
6166
11083
3476
8137
8415
11140
674
9246
1698
1341
12227
4074
10749
12100
5084
12083
2628
5225
10680
2660
1511
6817
12993
3327
2464
10992
5614
1435
3455
12567
9484
10763
6485
6976
8940
4293
6715
1165
9085
5381
6720
855
7100
6450
11711
8797
9999
5449
1492
6024
12796
7697
12831
3330
1177
4219
10248
8222
12995
11814
136
4563
12675
7287
8538
11556
12272
137
733
12486
872
5506
526
2270
9699
4957
1461
3670
7297
5268
4189
9823
6080
11438
10690
10850
5853
12338
2612
947
9923
9101
4765
12894
11951
2753
7115
8268
7409
6315
1390
9984
11487
2437
11067
7172
11365
6749
1091
7822
2204
6327
6472
9743
900
10943
3058
11977
11143
6265
4874
5051
7669
9274
611
11875
8421
6907
3347
1702
545
972
6778
4227
1577
5603
1046
1683
3247
12849
2184
5137
9934
9780
6507
12678
7938
11597
10746
6547
12996
8552
12238
7326
835
10870
8673
8198
7255
5139
2747
4553
10858
2113
10774
4082
6229
8042
12515
5693
1805
2810
8378
6273
6961
2188
6422
4782
7323
9543
8628
11718
1370
7117
7222
3372
705
7432
7252
1745
9271
3091
4944
1489
32
7284
2705
5340
757
8311
7389
2808
5703
5724
6904
5726
11135
5369
7518
1358
12413
8954
2098
11247
8394
3941
5706
2563
7723
487
919
214
10283
5082
10199
8432
4096
2497
3191
3746
6093
6245
10050
1517
2354
12323
2958
10393
4700
9363
140
7148
3100
560
8981
11025
12070
12676
10713
10168
4246
9474
7812
7174
11685
6694
7784
11808
4322
11231
3674
7414
6219
3242
12966
6034
11269
11942
6786
1034
9982
8220
7327
10364
8653
233
4192
10265
6386
244
12058
12941
9238
10441
6518
6967
2658
7680
2725
2343
5418
9694
11489
9534
6809
8203
10416
10246
5236
4702
2623
11596
2334
9025
8740
10839
2662
3272
3607
45
7726
10309
7906
6862
10636
11228
10266
9011
2160
5814
12336
3052
3342
11266
6180
9777
1438
2924
7268
12455
2534
9364
11435
1970
1307
10997
11290
2666
8990
6887
12328
12776
9270
3824
5401
400
6123
11158
11976
10380
7227
10773
7655
9718
6421
5711
1755
7809
9213
3651
9706
10905
1490
12309
12920
4856
4731
2254
754
6464
8813
7641
2301
4277
7640
10542
8754
5657
212
8331
4704
748
2474
7372
9550
10721
12494
2422
7014
3749
6565
10405
10021
11515
12012
6515
2559
2509
7904
7552
10682
11235
6971
12641
1060
7079
8154
5975
912
9110
302
10602
11499
2904
4125
5633
4743
11491
4356
390
5099
2366
5028
1055
4758
1205
9691
5189
4936
2226
1500
5323
12551
12184
10031
10811
12667
9859
5339
12874
11227
7257
3734
9106
8795
5077
2206
2927
2319
4697
2461
9610
4462
5860
6640
2304
9205
11825
7819
11281
12286
378
11650
7953
12758
9324
1035
2620
7450
5834
8832
4774
10776
7146
12851
11364
4003
8732
4333
2572
11040
8240
3782
6415
7927
7178
10894
964
9810
4575
7238
12634
1829
5935
11908
9713
2077
2688
2684
9355
2466
10907
7647
10901
5952
2995
3186
668
4309
12491
9732
5819
1007
6158
3985
8019
12929
6124
8867
12746
1799
2106
935
1134
1946
7922
3282
458
1536
10480
5744
4231
11166
1728
261
10317
7099
5552
993
3011
5907
3192
1453
4181
12449
6797
11484
6746
4345
8318
4127
2444
8333
9418
5041
1469
10554
1666
385
3374
11072
7568
7840
622
2557
9339
1436
8820
7742
9465
12629
7291
2566
7474
2964
10908
8219
2738
12191
2866
6511
2166
7570
3079
12566
2390
1470
12895
10734
5251
11210
687
4831
5777
8372
1262
1023
7695
9966
1824
11414
10063
5156
8750
8807
9377
4659
4959
6948
4378
11024
10339
3438
3682
8288
10307
6179
10529
12816
7687
11153
10367
12574
6833
10852
2264
8186
4397
12955
8646
124
6951
11278
2728
9538
6299
12079
5721
1315
6377
6482
190
5184
5512
11245
12944
4661
4935
6108
3101
4521
1620
10026
12091
694
6475
4739
7527
3484
1433
1426
5915
1771
5094
4046
7259
5827
546
10121
12661
2748
12520
9877
7241
6852
4798
11424
6975
1109
1326
11350
1128
11894
3144
8338
4129
7077
371
4148
8819
8753
2576
60
8904
9582
7193
1537
5964
9815
10887
6974
1649
2065
5739
9881
9125
1244
3878
12529
3689
10275
8721
2760
6043
10284
6509
5466
1311
12260
8028
4508
8389
4506
9208
12785
8746
10922
2157
3044
456
5758
7447
1988
3841
3936
12631
3699
8968
8234
4433
6998
6634
6645
1013
10503
12363
8978
4248
11271
9358
7064
9973
422
10731
7798
10800
11741
5150
5539
2986
5460
5387
11774
11522
5010
1976
2035
3811
11946
10053
5507
12674
8895
230
10000
9401
10675
5306
10701
10942
10088
566
5999
2828
10872
5492
2971
110
12782
7926
2553
9482
970
9598
12156
4525
12166
12038
11362
7224
10510
9514
9070
1732
9141
8952
9992
4399
7847
7573
11746
3517
12821
12788
2045
6716
11178
4073
6706
10550
9932
6856
7485
9892
6355
1672
2780
7615
9330
10194
2496
12568
9336
5849
4681
4352
7531
8791
5055
4063
8010
6553
6050
8823
4037
7201
13010
6069
9291
12512
3283
2331
8924
9587
11137
11390
2930
9956
2194
12397
11387
4035
12153
10867
11933
1889
3827
10479
1054
11527
2297
6520
4919
11393
8897
9606
8996
8371
2957
11454
12011
3617
11545
4867
3696
12317
12954
11743
8724
117
505
7665
5873
10780
425
1731
10864
12783
8175
5989
11749
4510
10961
11930
12433
10727
1888
2335
11684
3629
465
5461
3549
10130
3072
356
5919
10399
3258
3207
11766
10459
8896
10344
3048
10430
10629
12315
7702
7420
3561
6493
297
6597
12977
7003
3564
10368
6621
734
11910
879
9784
11540
6169
11729
10988
2613
479
2136
2624
11566
5851
4741
1045
1967
10625
12544
3622
12127
2438
451
5444
2407
9968
8502
5737
4884
159
7928
6371
8546
9449
1095
12787
11490
3740
5966
9625
616
2868
12137
10707
2978
12686
6390
7613
8898
280
7965
6192
10792
3001
9333
3953
6800
4418
9899
9922
6949
3425
11169
2852
9058
5653
6825
848
7975
5089
3063
5018
12050
3436
12295
2200
5230
9758
6701
12482
5395
9680
6751
3942
12386
4259
8439
11295
3254
6402
5409
2552
4387
7015
5938
3944
11436
10650
6477
8332
12072
12115
10386
5061
4126
726
12231
7931
1621
5766
10374
7956
8637
4994
10272
416
805
8360
8794
7651
7123
3394
2265
2690
10122
2732
6510
8265
10159
11179
12420
7582
6495
11464
12897
11936
11422
11346
492
1775
2921
1858
9926
7191
5170
12693
789
12774
2708
7744
8548
8244
3821
7991
10239
7419
1131
11928
2223
9789
10509
6637
8498
8392
11262
6626
7578
9292
1063
189
6314
12089
10955
2941
6690
7590
1817
5325
4799
12683
1162
9135
2940
5930
5656
11516
8277
49
8190
12142
712
260
7792
6740
7213
4102
10820
12164
2337
2493
9167
5203
4117
12271
8644
5981
4853
119
4536
2298
2286
2382
7012
9725
9338
3224
8872
4572
1366
12078
34
2415
5794
3567
3320
11478
4351
5011
4279
12733
4152
1308
9013
1204
8401
8519
3464
2400
4477
4131
8365
122
11268
3819
10736
968
5561
8932
3896
10084
5911
2182
11758
5247
3616
9774
4470
11681
1300
11877
10567
8976
12734
6287
711
944
8669
10288
12705
4709
1149
6178
6283
1170
2342
1542
9228
8811
6955
11452
35
7827
9633
9639
5278
4404
7866
10074
5071
9814
5775
4042
1198
637
11531
10627
8375
11582
10385
8866
11655
1927
3860
7818
9178
5673
10837
10564
9950
1664
11337
8367
4197
8961
3146
9323
6842
553
10096
9331
9469
10962
1913
3154
3069
9001
10451
4682
10879
9834
986
9875
10193
670
7428
5388
5644
10506
13012
7977
1123
8720
10974
4228
4380
2843
7536
165
6318
7853
10462
4364
8066
4568
6901
3115
4282
4290
3067
3051
4611
10956
157
403
955
2193
771
8611
2490
10354
7033
7211
7624
9479
6906
5599
6947
2523
4934
4990
9588
1558
3491
7230
12243
174
9239
10059
10485
9667
186
11605
10967
10245
10694
5874
9278
8793
446
10846
1797
10936
3544
11229
788
3449
4234
12214
11324
2926
2374
2917
2795
11150
4730
10645
10133
6429
7110
6295
3793
9457
4655
1527
8555
10040
11513
1142
12197
9640
4581
9933
10472
12475
8524
6271
10692
1734
7993
5844
9577
12592
6356
4434
5624
907
3027
1780
12979
12211
3586
2305
12419
1334
7195
2577
10985
4240
11068
4923
7533
5922
12586
12467
533
9552
5587
7383
2161
5413
3233
5399
10455
3446
984
2
8284
6406
7741
3025
12737
9837
579
10527
3181
9978
9432
6977
11291
3411
7889
565
5412
8460
10054
7749
7107
1566
2299
12817
5767
1180
8280
85
6455
519
812
6239
11163
3932
7304
9682
11332
3338
4762
1230
4116
7903
47
801
31
5493
6763
2593
3483
9919
4311
12173
6543
4062
8056
1043
11778
3303
1152
669
6702
7760
10410
9027
12379
7235
6326
9563
10874
11081
7263
4313
5895
3290
7357
418
3407
11710
12443
12051
1823
11993
1773
2954
1876
3794
6263
8535
1404
3986
3513
2057
8789
6629
10369
11975
5555
8640
1431
7679
9485
1443
5543
3448
1493
11895
1133
10420
5371
6545
7595
4677
4878
2962
2799
885
7730
8891
12334
2692
11174
67
739
4159
5826
12754
3286
1141
6055
1166
10784
9171
455
1673
11471
11254
691
3196
6401
7824
12820
4289
1756
9722
5275
3548
2847
9195
8606
639
9952
2916
6118
4587
1011
10249
4207
745
2023
9349
5013
2621
1685
2163
996
7505
10157
10533
9567
10078
10466
11160
1759
7164
8458
7563
3203
8966
10403
7086
7215
1633
10258
6659
787
3139
8554
7912
11232
2406
6618
11213
646
12594
1550
2279
8326
5185
2987
5688
10495
11969
8479
10427
4021
6931
1168
12031
5651
8207
18
2516
7427
10563
4276
1494
10391
7634
5429
12638
2478
8176
11117
5815
4043
9688
461
2053
2416
5218
3595
11548
6496
10757
7330
7300
12353
1424
4802
11078
8681
961
6369
10007
10779
3221
4244
2183
8123
3355
2232
12207
9805
1222
178
3124
1430
2510
1947
6490
531
3277
232
2218
7264
237
2404
8875
9447
8403
8296
9880
10330
8197
8745
5209
1788
4429
12245
10176
8890
8603
2176
2358
3106
5810
3162
12133
10866
2481
7990
6223
8714
2174
10240
1418
3967
12639
11753
8369
4818
2014
3424
325
10803
2811
10250
12591
732
1643
1004
12294
9345
10445
8157
3367
1476
10668
4842
8031
7639
347
1164
4725
1624
9931
10213
2834
4459
12447
7910
10882
5262
7766
5811
3259
3267
798
12603
7292
2365
8050
8487
12869
4656
2321
4120
2992
2999
7849
6037
7152
12373
614
12833
11849
8097
11574
12168
1379
10300
673
7260
295
11104
11257
3414
11103
2479
11032
7495
1918
10184
4439
6989
6045
5355
6528
11802
11191
11114
2239
8241
2216
5674
4314
4550
7902
11479
226
5398
4766
10545
6484
1819
7898
10986
1556
8410
1568
5250
1509
7387
459
6148
7593
1056
6881
2414
7239
3219
4958
5332
1252
8666
10337
4358
953
1440
1795
10856
1076
12904
2922
7790
4668
6838
9746
5887
1160
5867
8120
7283
4375
8469
1146
4695
8256
3482
9051
7381
3663
4099
7452
160
6439
2431
11959
8252
11336
5421
6000
6185
4627
11858
6657
1959
9016
3630
7633
7317
12241
2746
10612
8620
3397
10643
7454
8800
9389
3164
11087
530
176
3077
11889
33
12251
4250
6970
8004
9804
3046
7616
10032
4635
10941
6136
12187
8992
12997
1655
9930
6672
4337
10678
3604
3060
8168
11091
9082
9871
2835
2379
4981
5249
3485
13000
7017
11222
8687
2603
11629
11146
2822
9756
3642
4134
5699
11347
2115
2619
7601
4213
3273
9400
2856
4078
9928
9483
6683
5928
1653
3243
3706
10777
4657
4914
10928
2706
7560
10073
11621
4767
12044
7506
5269
4505
8612
9997
11144
2707
12229
4004
2683
6984
1445
10457
2681
1169
12134
10107
7636
13009
1185
4022
8000
10463
1831
12351
366
9227
10027
4913
11370
514
3898
3765
5040
4737
9995
11127
11854
11899
1956
9753
5526
9186
7106
3730
6639
11672
3324
7594
12122
1024
7119
11448
11470
9896
477
8039
8011
2006
5155
11142
597
7024
7176
5592
10058
10302
5780
9840
12343
8749
8676
5661
12059
8455
271
5001
5645
10097
5677
10232
6564
5667
3679
392
1348
10429
3847
87
8173
8359
5229
8266
3471
3371
735
9612
636
2693
7108
9894
3298
11843
10299
3423
11016
6869
3205
4985
10311
11679
6392
10186
2825
12206
2733
2445
9311
6676
12172
4848
10954
9811
2911
11769
3287
3012
3990
4410
7985
10170
12092
9056
9035
12822
6582
10553
7416
8873
9738
8778
12414
4905
5066
12919
8422
7572
12829
4452
4592
1487
7143
6666
7056
683
258
5643
8423
3189
5695
9065
2277
11736
1181
6489
10149
3928
12773
6335
12418
6950
7775
12819
667
4464
10022
3118
513
3694
10569
4233
3473
7391
1852
2717
1932
6704
8327
9242
1266
3034
951
11658
462
12775
4960
11155
7881
11030
10896
9719
6352
10481
286
8670
10333
3141
8530
4667
10572
5436
5272
6343
6237
9856
5093
9044
3690
9660
4130
1073
9912
1727
11299
8230
10608
3281
8556
10004
9139
11483
10489
2007
11900
5147
3362
1122
5992
11720
10836
2287
9913
11725
1999
7295
2428
8032
6996
12899
217
2635
11055
12700
9664
8830
9015
723
7401
7675
6883
2773
12635
7253
2212
814
2426
143
4912
2373
11015
4953
8767
8095
3297
9990
3579
12337
6537
5575
10155
12280
12965
561
7298
6792
3945
605
2878
8254
11635
10580
12864
5288
1742
1712
8675
7516
11311
9888
7846
7673
1803
4115
12121
3358
8632
9555
4084
12921
2131
4964
9988
1333
12791
11767
4361
7543
11807
4076
4402
1555
4639
10055
1826
11071
4772
4591
12633
11304
11292
10931
840
2668
12952
10381
9160
12387
12814
9428
3673
11407
1861
1982
574
8231
6251
4567
6727
11537
7331
9841
2369
6137
6015
10932
12151
10493
11294
6173
12504
2789
1871
8868
4423
9723
5107
6161
1350
6039
522
7725
9224
3981
2781
9417
6339
12759
5883
9938
3631
10574
2550
6433
4347
11783
11794
3215
11745
12933
11132
5584
11617
10940
11885
180
10753
3556
7480
903
4516
5958
5538
9268
7759
12224
11343
1679
3403
12063
12220
5182
10095
423
10738
377
12689
9054
12464
7026
7171
11747
4383
4800
540
3399
7250
10689
10725
5832
4916
10949
11488
3245
10282
12226
3501
10842
10069
332
100
3866
5087
8601
10760
8848
7221
2648
8923
11589
1591
8658
870
6354
1398
12506
2937
7870
2546
4593
10010
1744
9751
9962
12048
6032
1108
11598
6808
7334
6646
340
12396
10346
696
9684
7355
11138
360
10209
937
6467
12715
7761
6693
4804
4617
2467
12585
12838
12561
12194
1158
2351
11759
5668
7345
8135
1033
3820
4176
7611
662
7843
12580
1801
367
5660
2880
6813
3227
7346
7571
8809
11270
12493
4201
12763
5865
9488
10899
5485
12456
7318
224
11322
11402
8478
4851
6367
3190
3170
9243
7667
11064
8574
10112
12382
4155
9350
9916
11267
2236
5876
5875
4463
3305
1965
11331
5761
12509
5177
9980
7614
12889
1991
2283
8844
5685
5754
11265
1800
3288
689
4223
11406
4109
11043
1457
8912
10586
4098
2932
3602
11923
5863
3655
433
11303
7097
6734
11369
5364
6723
6811
8965
9761
8406
496
10226
11996
4785
12745
6559
3368
3883
5302
3128
6709
2217
5755
6208
7893
2019
10115
2118
147
8260
1173
9628
9687
2294
10722
6554
10834
307
9833
6960
10171
6619
985
1667
9801
1838
7332
10270
3145
12
12770
2590
7625
12935
10714
11789
1356
4417
3994
8963
6552
9658
746
11804
5456
3445
11641
11677
2046
3949
4381
9828
6925
7565
4469
10024
1764
3691
5198
10939
9427
9945
3801
6399
5625
3153
1243
4162
9057
7399
965
7859
7683
7553
12415
1139
9293
11409
896
415
8298
10835
1904
4249
365
12052
7070
5274
5984
4374
334
10183
2191
4019
12372
9590
3155
9954
2757
852
5286
4924
8829
8956
10458
1741
10632
1711
10903
7535
3264
5732
10708
11212
9146
9592
11634
12009
11217
7442
10049
1474
10244
12357
3481
5167
4760
9161
5042
11196
6102
2427
9630
8914
12068
4093
23
978
11920
8202
958
8225
1218
3061
7
6346
4298
7557
5791
5175
1425
5900
6517
6260
4644
1998
7385
3829
882
3802
4503
3815
5750
10161
11957
9429
6278
12480
6129
9854
3598
11088
1654
6661
8034
5953
10290
264
9320
48
9500
4474
7145
6891
9256
8106
5788
12883
7202
12958
11352
12706
9129
5464
2935
12582
11916
8846
11868
8970
11850
1614
5879
5106
8769
1249
10886
4678
6465
6638
5527
12968
5308
305
4557
4576
12937
3419
6606
9586
3524
7031
12306
266
10025
11399
3697
1835
8777
3031
11992
11712
4610
1336
7187
2865
10103
12278
11740
10138
5576
3791
8805
2173
762
4961
11367
4408
8534
8447
3508
5133
9077
4386
2749
1232
9759
2005
79
10177
1116
7081
7184
1580
10642
10256
9996
2762
9943
11763
6938
11481
4834
7654
5934
3525
298
11186
3388
1343
4020
6558
8522
10308
106
11888
8016
9461
2928
7936
8730
11429
2854
12042
12872
2205
9142
6104
471
2703
11151
5813
11053
7093
8619
6017
895
9220
7019
515
2539
7650
10786
3591
11075
3479
5980
4210
9411
9700
7207
3315
4602
5239
11988
3637
5127
3329
6613
6903
6879
6030
9282
4435
4844
10619
2187
1952
2377
4937
11616
10150
5373
5573
7720
2947
6243
2639
8505
2237
3323
12963
2292
6029
4501
1638
8080
9900
11772
8950
389
10408
1103
10990
3652
8521
1590
10983
8537
10717
1179
2228
5524
2975
11502
9528
5200
9907
7282
5059
7682
6298
12021
6595
3960
8474
10826
9225
800
11105
682
2796
10476
435
12690
12852
4372
7219
3698
4918
2763
13
1074
6932
11670
2147
6147
6224
8772
12853
4395
135
5631
10693
11965
4792
9380
981
148
11572
8384
6368
4106
749
2233
1147
5088
3422
12621
12097
12364
2066
4202
8563
9102
9357
1605
7344
1012
6946
6023
8096
2009
12578
10236
8531
8705
9655
2284
11846
512
7042
8589
9721
1446
3194
9316
9287
5321
1529
6301
1567
8939
8667
4160
12346
3590
7585
10428
12270
1215
6986
5242
883
73
7947
2586
442
8428
1869
7408
2252
9008
1586
5504
5201
3729
10233
4492
10222
887
4519
927
7034
2190
3070
11921
6679
3761
8058
11787
3022
9327
10363
9189
3594
12461
6918
5441
3966
8113
6176
9937
8842
3741
10845
742
5694
5357
2547
11382
7436
5906
5129
4920
2656
5846
7173
10536
9910
4641
12391
2448
4686
1472
11748
11164
6799
12253
4836
11391
8684
12991
7073
6810
4403
6156
11472
9513
1495
1589
12571
10373
12738
9093
5377
7354
1159
2625
8974
1298
6145
8737
8785
3174
4349
4269
1924
10728
8781
1479
3780
1853
775
2676
4451
10003
7688
9711
12834
3661
3168
11440
9542
2929
9920
8627
5462
602
4645
8
10913
327
3094
4673
5294
8817
768
6411
11070
615
3776
2617
9536
8057
2884
6846
1630
53
12519
8815
478
8768
8528
225
11493
4168
3097
10958
10764
4650
5912
4854
3758
10801
6204
5498
330
3830
2267
12499
1844
10143
7134
12951
6447
12577
8314
9798
10153
7989
1041
1885
2033
3876
5991
8894
7160
8877
11147
3460
11335
11378
9343
320
3700
9050
1720
12565
7144
12570
2892
2429
2180
7526
2084
4097
8223
12510
2597
9842
9927
9074
12014
10558
11826
8833
339
8566
6168
4173
8695
5102
7161
5002
7507
8810
8067
10631
4067
9580
1622
4465
5244
10804
8453
1006
285
8572
2396
10402
1296
4815
10756
5096
11686
10127
12046
10588
9757
4666
9098
2862
9020
11879
5786
8237
1484
12875
3677
9704
791
576
1808
1061
5343
10620
5479
346
9549
7972
11762
11722
2473
9827
3490
476
4524
1573
5422
3914
1381
9546
3550
5545
8691
6632
11632
12984
12786
1386
4535
4441
9646
8192
1454
10934
12159
11170
6787
586
6790
12237
7199
6874
11528
2453
9808
3349
7150
12717
9998
12463
3129
8434
316
2060
8091
4156
9858
7190
6741
10372
625
817
2082
2529
9174
4732
3507
1467
4455
4748
294
5317
9104
11954
11384
8972
9503
4911
5407
9000
3142
11141
4909
10028
9147
6181
3783
7945
3223
915
4323
11964
10995
6834
8038
3712
4123
5854
8397
6276
3107
9175
8342
7793
5501
12039
6771
12352
5003
6926
12768
4791
7550
12305
10578
2813
1715
6857
8748
10824
28
12293
6529
12335
1810
9701
4110
5985
8947
2961
5007
4921
12900
3291
577
4280
12190
3220
2939
3036
5533
1886
2824
8722
7800
132
1936
9415
4446
4239
10900
4609
11730
7704
1473
102
8187
358
5796
4177
12479
824
11799
10305
5438
2907
501
5431
218
7049
8949
10947
3559
5338
1351
6713
2667
8082
3427
11190
7773
7504
2412
7748
3792
4887
430
1137
5857
1020
3796
5998
2560
4362
1768
9480
3024
3900
6268
3235
5897
11757
8903
11760
5293
5955
5208
12266
1941
7848
1207
4087
6007
6837
11349
3881
3184
6195
8357
8645
1875
9455
6892
2555
1176
11823
3059
6323
5298
12355
3798
7265
6213
352
1441
12707
10227
89
2386
11812
2741
2638
9312
1451
4962
6001
11173
8210
267
725
8593
5749
6018
6071
6959
6320
11023
4987
104
5925
1659
10286
1434
10794
6828
5393
213
424
7214
11042
10431
10456
7808
893
8726
12026
598
2778
4651
8884
6957
10739
11704
12949
8480
4320
6839
593
12311
12613
1466
4158
2897
8206
2982
7423
2698
9993
8470
7247
11428
6689
4698
8863
2483
3760
9335
4453
1943
6985
12672
7892
12326
1887
7404
4770
6062
9416
6929
9809
4001
12924
10844
8102
11985
40
11883
11552
504
9200
11510
7394
4400
12360
269
7739
753
1097
4549
9459
2058
6963
6236
11413
1594
4051
7519
5528
2524
6393
12524
96
315
9947
8449
11893
6125
1629
2990
3088
7027
10881
12911
12928
2644
7043
9985
6244
7468
8299
10083
9620
11157
10634
8688
1346
12948
9601
6555
6917
2758
12522
12381
6978
5929
9876
10426
368
1245
10559
7140
5882
10464
12525
5483
1944
8991
8424
59
5905
5471
6206
8930
5967
528
5654
11683
10971
9245
3533
5913
7499
12652
4569
3686
11701
4777
5589
6861
4355
5771
8927
1394
3412
5367
1681
2288
2423
4079
8227
11154
2198
3835
5870
10080
6534
9940
8925
4422
2491
6794
11831
5578
1973
10148
8243
1579
4132
6483
12640
11958
10030
11742
6757
2210
7735
12740
578
8393
8456
10733
412
9604
5072
369
6087
8149
5151
1609
10252
6313
8037
2125
1526
9061
997
6667
7147
11202
3650
10384
12003
11881
12625
8267
2104
12474
8436
10598
495
9675
9451
1552
8208
6754
11258
3440
386
5747
12377
9150
5891
1864
11123
8275
10562
7398
4868
4174
1395
7089
6965
3864
2383
9476
10179
8053
7856
11139
9921
2012
3439
2361
1962
7455
8247
5908
11287
11876
11206
2592
5997
2506
2363
5920
3660
9517
9597
5686
6731
12622
9787
8493
248
10087
2417
420
6516
6819
6844
5207
173
4278
3614
3004
3116
11955
3788
12332
7475
500
9040
4214
5353
4749
9865
8993
3838
6349
5595
3842
7052
11095
8259
8212
5214
5372
9961
5232
10261
989
7374
11963
7943
6878
3950
4864
813
2421
7874
7644
473
7547
11998
480
5103
12806
3395
2137
4341
2700
7754
6022
2092
2308
5370
2105
8523
1400
4329
1651
10242
3032
12609
1303
9603
9180
3033
1136
7406
8516
8747
10805
12470
3435
12530
8706
12736
4449
11521
4529
9265
8771
873
4685
5962
2498
9261
11678
3280
5716
2402
12195
5076
12281
1559
2465
1191
9510
12588
3157
3182
8445
6519
2441
9566
6308
2355
12926
936
6456
4917
7783
5101
10407
303
6461
11874
12903
6418
12939
1760
1846
8859
838
145
8088
4902
12225
4268
5741
6755
329
9230
3140
6212
3572
90
1085
221
11509
6752
6436
5594
9744
3197
12180
632
1265
11417
9122
8201
8656
8889
11009
13006
7039
6280
169
11218
4816
8633
3759
10925
1519
1340
1692
2740
4069
4331
11013
4056
8635
626
2186
8935
4009
2997
654
10673
11696
8569
11880
10011
12210
469
1175
6897
11474
1008
2702
12249
12319
6934
5004
7083
1968
7758
818
5765
12030
10927
2130
6662
10585
650
4238
8905
11234
4041
12839
4065
6705
5609
11563
3007
3956
6729
259
11968
8790
10412
10664
7520
10501
9328
647
569
4157
6227
4357
7339
12432
861
9452
2944
3722
901
5585
1242
12450
10980
154
194
8052
1769
10607
4139
3807
4823
215
3393
7114
9676
4989
12854
906
2507
11371
8578
7200
1674
11319
1751
12917
6328
9313
1691
11938
4889
7562
2806
2029
8529
4880
4475
3127
5666
9371
1364
1928
6338
7672
10304
10218
4302
4232
12198
3955
7629
10996
9848
7053
12727
1113
601
101
2261
2737
6962
3241
10546
7462
658
6353
7564
11288
9446
7121
12246
1208
12477
10762
4135
172
9651
8133
5710
8108
11434
7583
1855
2710
12526
1688
8169
11956
10970
10136
4653
7338
168
5315
3356
12682
6226
10878
10229
9396
11133
41
6373
2475
11315
6721
11076
3018
7681
8185
12342
9531
4419
2851
3534
9958
1531
6958
9215
2202
4150
2890
7851
6908
9716
1221
1279
2751
4940
11018
7711
4080
8044
10698
3632
7388
6486
3074
6930
8879
12602
12528
399
7322
10271
2312
7181
2089
6049
2759
494
2500
2224
10968
12771
12043
6300
1482
1323
7546
3538
7136
7434
3714
8248
348
6556
262
5349
1480
3970
8580
3779
11882
343
12481
7909
3314
4412
10994
12876
4480
3512
2456
1802
1849
2938
8689
281
5034
6898
9576
1450
9983
253
3800
10918
2599
4752
7764
3687
3545
10089
2502
7777
2344
10141
9506
2054
1148
10665
10365
7699
6816
6159
6174
1331
12711
7438
3574
11707
6014
5451
12213
3503
9156
5110
11862
9062
6570
4773
11706
4346
4530
10433
8621
8946
11100
12320
8433
7715
4821
8405
6189
8059
10355
5490
10888
5191
6840
12345
7988
9524
8541
2293
7380
5126
9308
5015
7492
3239
6538
4756
8561
12867
7168
1047
876
2039
12316
10320
10334
9785
1872
7992
5070
6526
4820
8163
9763
9037
11837
12347
2764
6011
12513
5641
484
11340
11731
7236
3042
507
1455
2263
3573
3514
12380
6933
11193
5327
3498
375
9049
8354
2463
9889
3255
4095
8773
2107
407
10723
236
8196
6241
12850
11601
1650
9319
10098
2385
8964
10687
6445
1784
1613
2398
10991
3852
10964
3615
466
5261
5335
7605
3008
3217
8698
2501
899
2311
9760
3228
5825
5996
9297
9739
6197
3092
678
12784
9094
5457
2100
7541
6151
1028
4440
5606
5923
6494
9644
7091
1926
2724
463
11250
4373
8671
3299
9244
8412
9419
4552
4977
11005
2936
3877
3496
3680
914
10854
9004
1407
12642
9405
11656
2767
12540
9063
2876
12365
8228
7756
11554
11469
4026
4458
11356
5678
12330
3029
6785
68
2742
10613
12401
6302
10724
11485
11482
10077
191
3536
10963
4541
11587
5601
4427
2895
3057
8182
7832
2840
5698
3989
8226
11937
5933
8587
8257
2061
1865
9059
4811
1634
9307
12668
3597
1867
1979
2413
5008
8291
5311
5821
7303
6191
8105
5890
9634
617
5305
5600
7307
12287
5248
2859
9867
9172
3972
4247
9516
4112
8362
603
5554
9353
3510
10285
8092
3509
7982
6291
7175
326
4142
8609
3040
5383
5131
9621
10324
2468
11172
9464
12303
1513
3252
3321
12653
1874
3939
556
9300
3907
8001
11530
5899
6992
7439
3431
7656
2040
2580
3901
5607
3735
9398
10099
10793
8167
11689
7998
750
2682
3816
827
5385
11320
8849
11852
10382
2086
6154
9596
1234
12208
8728
2588
7733
7074
3306
1713
5329
12489
3166
815
8638
4971
5432
3257
5012
627
220
5977
7299
1201
1709
8099
10919
10475
9977
11777
7803
2091
5271
11699
7180
5798
7275
10326
4405
2067
2641
7311
11543
9258
12104
12453
5241
10474
7009
12887
7138
11084
6249
6851
12169
3019
8400
6348
12583
6733
5463
4952
7508
2972
9541
6420
11544
8909
2486
9626
12167
7112
7306
5683
5760
247
5782
1762
677
737
8162
12193
3165
644
1464
6571
2296
7738
7717
8503
9153
11465
1385
11074
10123
9890
10729
4753
3073
6894
6449
6133
3307
4859
5764
5334
2268
11898
210
10238
6617
9720
11126
3499
8995
6289
4111
4033
9609
5396
7324
81
9788
11945
2535
12757
5159
1140
6688
4838
4618
583
12462
5738
1367
5446
8111
12906
9064
9381
10295
2015
5310
5648
6109
9279
9155
10966
755
393
5080
1305
6779
9850
1714
5947
4005
10855
12201
5936
8602
3854
10735
3895
11175
3870
2291
5535
715
6428
12006
10279
8975
4075
8731
1608
10566
291
5437
665
1079
8416
3784
7878
3669
6580
6589
5557
5753
655
2087
6311
1155
1640
1251
12047
10447
1828
2345
8987
4671
5292
4564
8623
8054
134
12518
4979
4896
5116
9561
8071
8576
819
3851
3415
5434
10655
12547
1983
10104
7022
12292
631
11966
2994
9605
3768
9158
3216
9047
6358
9532
9681
9643
833
5467
12971
8571
11386
3795
10019
10848
1830
2530
5265
7087
12116
9762
3951
8592
9755
7622
5921
5742
8199
11466
9144
10635
1969
2189
9310
11505
12178
6183
12473
10677
891
9383
4161
9650
8329
9369
3781
11238
9123
4190
76
4517
2988
3808
5123
7838
6953
6094
5696
12805
612
12084
206
3344
2257
2791
4736
489
10255
5450
7786
3562
333
10507
1115
2211
5134
8117
10522
2126
3952
2699
11263
2787
10359
5510
2805
8892
10898
8459
1668
1790
9387
1428
7747
869
1051
11584
5840
11651
6370
12495
10883
11555
3171
7561
6866
10561
1503
756
8605
11902
3569
4759
4216
12344
7949
793
7340
1143
11940
7801
9659
10296
24
12252
481
2266
3056
5828
6952
2973
373
3293
7660
3745
6789
8757
5731
11835
10885
9825
3716
2615
493
6527
8674
9116
12109
12595
7930
6652
7850
3946
6270
10597
4735
3963
686
12942
12202
10158
11538
7098
2063
5320
11871
1782
9250
1010
7352
7417
11602
98
4745
8020
10821
6232
6157
9342
3000
2899
932
2307
10700
10401
3751
11351
7753
12442
11204
2097
4642
5757
8121
370
6572
9967
3114
406
1193
337
3023
7197
10002
10379
1192
5330
2943
9565
610
1520
8289
1281
9969
6823
4363
6620
11661
1138
9344
3618
6479
7400
6220
2434
969
12186
4224
635
5803
2583
12751
2694
511
7951
10223
4401
6360
12659
8278
2135
4751
4754
11113
8997
10917
9568
2800
11645
12862
3511
8457
5617
10981
8850
8983
7757
4058
5405
11859
11735
676
3856
11377
2244
11353
12606
10465
4637
8506
7479
2768
5833
9009
11243
12976
3869
7981
1216
8590
2310
9408
2627
10778
3009
3988
3610
3337
3924
1050
5138
3853
9767
9797
11375
438
999
5836
12301
525
9395
8697
6801
11577
1940
3695
11046
5886
12532
6084
197
6006
2888
11590
5295
3653
892
8068
3229
12792
10669
4807
2839
9386
2861
8211
12709
6205
4664
11901
6120
10547
3752
1427
11152
7476
1378
1866
10314
6203
594
12803
443
7713
12248
9374
3041
11618
6262
8119
2276
5210
10446
144
659
7032
629
3350
6899
11503
8140
12723
1423
3039
2659
4803
12029
4692
9599
4877
1413
9965
11077
12435
12650
5629
11810
3672
6430
2043
2571
11124
6186
5556
5626
957
4217
5877
8710
7845
10876
2564
1030
10662
4489
9439
7342
5523
1541
9422
10976
7501
1347
4257
3560
7137
22
12025
1920
8766
792
6504
9796
9608
3003
7610
12217
11096
5540
845
1994
6769
9028
2384
7630
5951
4542
7482
10610
5303
6829
3547
6777
12367
5455
10814
398
8029
12490
3122
1209
10281
9839
9960
10124
1646
2430
11987
6585
1090
1505
349
8005
3748
4297
8654
4384
8350
8250
5612
9544
8918
5160
12704
2647
10768
4787
2959
2709
4830
6854
7511
657
4983
11184
2290
6781
1321
65
5415
131
9115
3212
3804
6127
3552
4857
9254
256
1171
10264
3546
11853
6088
5630
8711
7464
3316
9209
11504
8098
7220
8077
10257
4101
12967
12856
43
6282
7658
8070
4931
2446
2788
5669
8124
4625
1767
8591
6261
8341
7488
5180
3385
3343
12815
9318
5762
5143
7540
1274
2857
7096
10732
12554
1798
2340
776
4482
9236
2600
5417
2873
5808
6944
1954
5650
11791
12299
10174
1752
4778
557
222
7768
4010
7638
9579
10349
7791
12267
2545
8495
8143
5909
6095
10086
3204
6935
8804
11842
12507
153
6736
3102
4771
4040
9433
6114
7967
10482
4256
7225
3817
12546
3818
1217
928
4055
4334
12877
2956
6020
2327
7229
6921
866
758
8839
9803
2116
11449
2353
6968
11237
11038
6670
419
10424
10688
5720
12934
10910
2099
9466
8426
11052
5574
8953
878
11832
8922
5736
10818
10351
3480
1225
11624
12448
1592
2701
2196
3812
5945
8847
3664
6048
12412
11344
4843
3965
12728
9365
894
12669
2950
7648
4784
4072
6383
5781
8251
5173
8549
10825
10483
3850
69
4527
56
5165
4863
11608
8668
4837
311
6442
795
4744
7670
11368
11687
353
6075
11935
9629
6454
6759
3089
9869
2874
166
9162
8368
205
12239
10204
7736
4615
11039
7839
4734
5240
7828
12983
10548
2177
11098
1483
7038
10260
10012
3891
1064
9709
11027
7854
7623
9786
9918
9813
7469
1172
2889
2670
11765
5560
6481
7290
8507
2120
6513
2931
11383
2451
729
11453
7010
4146
12747
9747
6895
6334
3468
7155
9151
5885
2051
10672
5243
10020
9053
1260
5973
5376
304
4318
2214
9276
336
8838
4954
1272
12721
2108
2003
9078
2317
3521
10471
4689
549
10230
538
9334
3799
1151
2654
521
6285
6117
9191
4605
2678
3433
9378
44
11932
111
1533
2095
5062
9491
3256
2527
6115
3809
634
9193
7189
62
1825
11306
10544
9251
3396
9022
8002
10551
3628
2248
12607
5029
2153
4654
5932
4928
9581
4473
10498
12157
7375
3296
1525
5168
3822
11839
1777
11279
1842
5162
7325
9600
1553
2814
491
193
11313
272
7473
10661
1195
8557
10518
570
2079
1642
9987
10999
2275
5171
6414
5442
12135
8851
4166
3413
9212
8409
7135
8808
7149
12437
2356
9618
11200
11462
6644
6364
9642
11984
9089
5568
12866
6500
4100
1497
3543
8340
5623
219
4184
6091
5075
8762
155
6902
9325
8174
5053
6865
5852
2117
2141
741
5141
11131
6893
9917
7559
5043
1963
8147
2405
8774
12902
2604
10387
4203
207
1240
3605
7498
8292
8003
1458
3585
2154
8614
8319
10829
4013
5164
3382
7797
5406
6827
2271
7534
5649
1656
12060
5830
2323
10340
8852
7826
10528
6722
13004
8385
4180
9315
12756
2952
7382
10142
11636
585
6336
7205
11397
8379
2477
10616
7020
1360
11120
5637
11738
3185
11056
5862
10924
4616
10543
12304
3923
3237
4900
1806
11333
12749
7821
10178
2031
2258
5238
9409
1987
6718
1518
5529
1406
7706
7210
2533
8114
1616
9091
9177
7886
8648
1399
8526
7743
344
2643
12027
5019
9076
946
10775
1618
551
2449
1850
10911
1339
2607
7471
7069
4722
9217
1957
1639
9703
6674
1675
10500
4970
2885
10660
8344
5439
9593
8718
5424
3005
10594
10830
2801
8920
9855
12742
7802
12523
7503
12860
8486
8464
2452
460
12870
3558
8293
10068
11737
7911
6462
9970
1491
5910
5838
6888
12818
10499
10658
1908
5487
1021
7968
7799
2782
158
2664
11615
6248
1958
11118
4271
6350
6831
8090
1382
3387
12158
2013
10438
5859
829
1595
11773
702
3596
2472
5476
10720
12143
8707
11036
6956
6607
1648
2139
1184
3886
4312
8934
11518
450
3136
7962
7855
308
2823
8023
4793
12587
8824
11708
4861
5020
7705
277
1429
5769
2915
4763
4711
3993
816
8431
10810
3151
6920
7865
13007
11960
11872
4573
5095
2492
1757
6939
7035
12327
6215
120
11280
11827
10070
8151
10937
12215
1197
7721
7973
4588
1516
7059
12074
2144
11997
9351
5795
2877
10018
6743
6164
8751
6681
8481
3954
12535
5842
8984
695
3516
7424
1694
9540
5778
12487
2485
3737
1972
1065
3707
7007
9399
4583
5824
3160
1213
9346
10301
7512
2993
11646
4780
7589
5410
9392
11463
6083
6551
8181
9748
188
12990
11897
10423
11647
9778
6692
4620
7523
11682
9515
4144
9184
1657
5632
1912
10276
437
6499
5350
7412
11770
7626
4776
142
1933
9838
11203
10555
2435
1304
9218
3840
8869
2714
4483
3045
1535
9042
8488
6981
10035
3348
9898
9444
8776
9298
1600
12781
10853
8417
4643
3999
4858
10235
10165
9407
3515
581
10823
7285
643
436
2858
3500
6767
8387
5943
11082
5591
6394
9173
12394
11662
288
5035
1236
9873
1669
3806
103
4061
9280
3593
8258
6096
1104
8929
10338
1839
8471
12145
4315
4450
8801
8880
1821
4652
10443
1917
4603
2755
1611
1022
4580
3065
4976
12233
12692
1199
3991
4306
2041
7608
1571
5866
10120
12884
8581
5586
5032
10292
6774
5717
2313
640
12646
6772
3756
9953
239
6340
10873
8377
1330
3863
10187
63
6764
12265
2240
2809
9283
11623
6747
10273
9023
12441
8615
9347
9557
2541
1770
11321
5194
4532
10453
11168
7515
2815
3583
11450
12339
3910
9696
2062
5233
7258
5598
5776
3984
7763
3575
7884
6750
5818
7343
1231
8027
7946
9864
9902
7913
263
6016
1746
9826
10748
8356
2127
2974
1814
4107
11926
2910
8994
12439
10978
1820
825
10539
9611
4558
5273
1267
4128
11345
10953
11318
3126
9652
2378
2949
133
7457
9906
1286
9090
12761
5583
12069
5692
6380
12886
10847
372
6758
10828
4321
2837
11181
11983
6457
11054
9490
2589
5277
227
4443
921
3477
7796
6374
12341
2114
5347
46
183
4413
12124
11248
12985
1990
9140
6419
10169
831
5655
8542
1373
10609
12841
12483
1411
7216
6398
4638
5300
12160
4028
5881
11619
7004
888
7063
12539
4086
660
8836
7196
6832
8454
1448
8131
12687
293
922
4339
6444
7932
10891
9183
1544
362
3279
4932
6218
9117
12492
5307
3834
12812
2026
10046
9512
1319
10704
11917
6636
4687
10552
4151
10331
6387
12471
8693
7122
5023
1722
8597
1827
698
1763
5104
4703
8490
9653
8279
2392
4377
5773
4193
6608
6473
780
2128
7120
4513
8430
7596
8907
5033
4596
9294
10390
4632
11732
3294
7425
1003
7569
8883
2208
653
2350
9471
2360
1980
10497
7576
9128
1093
11348
7126
7493
1891
363
8043
1578
11821
1498
6233
580
3104
5563
1408
10843
11251
11642
3639
9648
6013
11066
11431
8205
3328
11817
7169
508
8334
5285
2122
8763
3313
2004
8450
2595
6333
10743
5701
10532
10822
4324
3754
4094
5420
9240
5972
37
482
536
5571
6106
299
10488
4209
8834
3929
4188
877
4325
11526
12604
7329
9591
7752
2637
5708
3443
1834
7261
5784
8461
8545
6492
8437
9067
8843
666
3365
6691
716
7811
4092
11592
4121
8971
11189
5835
10321
3523
7701
12498
846
3668
1623
161
4454
7309
11223
3563
1291
10247
8283
9295
235
7690
2179
6019
11473
2324
1989
5519
11600
5291
108
10061
5484
9372
3904
6068
12807
4570
7861
3137
509
11904
1421
8026
12605
7510
10152
765
6738
11991
7698
9847
10404
10033
3671
8078
9791
7248
3568
12752
10671
9571
4955
5312
6909
4796
2162
11028
4392
12994
12655
12913
11497
2655
1112
2515
3702
11221
10358
6171
27
6376
5948
8153
11041
6514
8390
9632
2411
12562
5690
2143
3980
9949
6821
7617
6604
5949
714
5283
11129
7234
8112
10752
3489
8178
10781
3278
2329
3317
10716
11194
3909
1322
12393
3444
5615
3603
6405
4547
8979
8170
10851
6820
3179
1754
10444
3050
4
4862
12008
599
11609
3845
9502
5263
11033
77
5663
3726
116
2860
4746
5987
11259
10110
2093
541
1854
1283
5580
8444
10496
1410
12845
4523
2253
4808
3178
6936
2447
10128
2158
4614
7422
9467
126
7281
12795
10577
8617
5188
7192
4330
886
3908
9570
5390
7463
1563
9130
1598
5931
5258
10622
994
12255
12402
12982
1710
7182
12720
8382
9259
12694
1676
12095
6063
8144
1371
8235
10628
94
12684
8166
7635
12962
6410
11815
3957
5313
270
12981
2155
12923
6567
11727
8116
10370
4274
11971
8285
7410
11891
2754
7603
10626
10695
5287
547
4825
6739
10217
6488
8427
11183
12708
7545
12729
4543
11924
12036
523
8845
12163
9741
1868
1942
4054
7782
7116
1488
2896
317
9252
10884
8189
3361
5822
5809
6317
11446
6
4578
6776
5872
2059
5366
10812
1309
7619
12549
3588
4011
6830
10659
2512
6253
1689
10831
4444
4764
8564
4716
11085
497
1847
4582
201
1749
1349
10313
1793
8915
3882
5793
7551
4943
3037
6202
2336
9045
8300
7814
3570
7804
12799
2585
10656
6132
766
3983
7940
8443
208
8364
12457
3537
1785
3109
8787
550
251
6470
839
6362
7154
12285
12610
11903
1986
4379
5057
5802
4328
4515
3187
74
9976
1984
11652
9768
9507
10950
5235
9693
7362
9148
5664
6876
10568
4253
5679
8076
10448
9624
1717
7627
5257
2391
9211
920
7456
12980
8164
1781
8315
10065
2320
5206
6599
7051
9939
9079
3119
8320
3767
3903
9152
1015
12859
118
7919
7529
4006
11863
5054
956
11514
5009
9109
8786
5902
9975
9099
4032
3462
12666
3147
5697
4997
7361
11989
12753
12719
3611
2850
5531
12013
2631
1900
1238
4261
12800
9623
10769
9402
4860
5547
6330
1612
7934
10293
4461
7924
10343
2316
1811
8765
6999
9317
11625
9132
10421
11022
10862
11314
5541
12331
10298
11451
1512
2221
2556
6279
6549
6664
9872
5097
3421
6351
11761
1948
9812
12969
7751
12445
5723
2387
12212
2274
10047
2181
856
12681
7728
1971
9249
3404
5220
4263
15
11099
7273
4822
9527
10972
2565
434
5831
11480
7888
8425
925
7294
10584
5960
9885
12478
5049
6005
11468
7153
6905
1637
10220
2855
589
8827
1255
3017
11065
6135
10640
4518
6593
1587
12140
7271
4371
1697
554
8451
7445
7971
10376
752
4027
2925
7939
707
11456
2010
8491
3494
376
2032
4585
2372
6128
7525
3117
8828
1229
10534
10590
6653
12844
11887
10175
2894
4031
8215
6396
2370
12688
8988
6569
5331
6678
6332
2476
2513
5756
467
486
9673
12129
12425
12279
3879
8504
12258
2554
6434
5227
7514
12555
1042
5672
7678
10163
1707
1226
3478
10975
9033
5408
5384
12485
4270
4786
4105
11050
6427
387
4817
10767
6391
4740
4948
10297
6111
5380
3080
10162
11372
11410
7206
7305
4012
11477
3180
10641
11549
11949
5326
1049
6651
71
2503
5622
9529
3948
6581
9086
9504
4559
2352
4729
6745
5787
3865
11925
822
12801
1126
7478
648
2455
9893
4047
4467
5083
4571
114
6322
7984
2842
568
5105
11886
8738
6294
9226
10840
4421
7652
4230
4839
7917
3238
8366
9192
7879
7240
7448
5871
4898
4343
464
5176
4849
36
7377
3173
2777
5597
5253
6252
5917
2480
6256
1403
8902
1417
4265
2913
6149
8317
857
8485
12040
4424
9489
11728
10833
3742
6152
8414
6983
17
8856
1628
4738
11890
7413
5267
3014
3609
5120
10195
12108
2388
11149
4555
449
11860
1002
11506
2231
1486
2606
3823
3843
744
9181
453
11134
2632
4243
5474
7807
3684
4845
5157
6812
767
2879
8013
6605
847
7521
11633
1241
663
8948
6521
1791
9835
6650
1699
52
7994
4727
146
10807
11090
1684
4933
6568
6796
8926
1299
2394
6460
11376
10965
10116
11008
10435
4982
2303
7156
911
3581
1903
6155
6046
7880
12375
9891
12389
863
1432
4136
7066
4945
5458
3576
5452
1738
736
571
12066
5192
12005
4606
11562
6600
11578
12964
3859
1070
241
727
7095
8512
4170
6677
1776
3250
12811
3093
7948
10591
10154
10318
3248
6533
9073
1993
4487
10742
1706
12228
1996
5639
12790
2640
2650
8725
11724
4675
3530
2769
783
3921
5713
12146
2587
12257
10744
2723
12254
10102
5454
10113
431
619
8501
2376
3769
3638
1787
8709
11981
12200
1310
11444
9196
9595
128
10211
2591
14
12553
7813
11048
11962
5800
5959
864
4691
3635
8962
6732
10526
11395
9573
8055
11726
7293
12424
12118
12537
50
4204
1196
3084
2689
8799
9096
1105
2804
127
8937
5237
7158
9260
2783
2076
10611
209
9219
5473
4420
7908
6267
1890
11861
8006
4235
1393
4504
2073
7896
8921
3047
8269
6501
3958
12837
8200
4283
6590
1619
6310
4187
12374
9229
12503
12956
11214
11260
12001
4526
1081
11069
6240
1524
1939
5337
5763
6138
2979
2989
2596
6725
12362
4502
4826
10929
9708
717
9206
534
2138
3531
2967
182
4533
3401
1114
8775
12716
11366
1945
10092
6798
1884
10849
6737
5482
8130
6503
9740
4624
11866
1387
2601
2570
8783
11207
12120
1
3935
11995
5770
11012
4303
1522
8723
8051
9944
8322
12516
9951
12390
12288
10278
9391
8308
8351
7954
7581
5676
779
6142
2802
12282
4631
9683
8014
11495
5058
5142
7233
9114
2149
11421
9574
4369
9264
6379
10691
2870
10785
11219
596
6845
875
8161
8466
8373
11355
5299
8171
10538
633
6290
1246
11289
11101
5341
2731
7347
3772
8179
39
3156
9817
130
2712
13001
9233
4956
6966
2078
6432
2129
1292
7586
4560
3497
1075
2022
6871
4507
4245
3880
6803
498
11788
4163
6987
10254
11659
9296
413
9460
3386
9281
10303
3529
600
6026
4712
12936
3705
2080
7693
9234
6523
9304
6937
4344
5652
608
4396
5817
3982
6586
6539
5360
7966
3275
9289
364
9924
12175
3747
9165
12144
9
5100
9404
12804
2671
8585
2380
11148
1211
9663
3467
8977
8438
7183
7204
5751
1077
9537
12892
9914
917
517
1792
6004
5496
5722
12264
2573
10436
2831
2734
11412
3493
6307
9520
6413
5743
12713
10008
11776
5604
4828
10454
12957
6815
3620
4305
8492
11953
5318
11328
2611
7612
11079
6217
10511
12730
3918
2531
4613
931
4708
10652
10005
609
10683
9649
6052
9849
12041
1186
5468
6417
1693
963
2215
185
12416
2798
5670
9735
6167
3656
11581
10357
1700
10352
3995
1017
1758
2152
5356
10904
6146
9572
4335
803
7852
11630
10093
7637
5551
9887
11579
3681
6687
2272
10517
1086
6452
3731
9726
4670
11021
7082
10654
12644
11811
797
12726
5324
11550
2697
1144
7179
7084
3312
9665
1909
10348
6193
5365
4394
2569
12348
410
203
2389
12340
8213
5689
12056
3295
3352
713
4091
12155
7166
5888
9241
9420
4713
2719
4436
1277
2185
7745
910
12423
606
10203
2140
850
1981
10325
1325
7996
7668
8407
12150
4544
8363
945
8661
12590
1293
8072
4601
8752
3867
4226
11654
5946
1877
8639
719
688
5477
9674
9348
3214
811
1610
150
6877
11156
4494
306
4865
3177
9690
10952
2018
2519
6726
8568
3649
7044
11851
5937
3887
2243
5056
72
12132
12431
474
9143
7732
7999
9820
5544
10706
4672
849
1285
9941
5700
5411
8514
3506
3161
1312
3163
12938
1342
11751
2362
3378
5745
11713
6175
2908
4445
5098
2103
10754
1658
10167
10520
710
5562
11427
2069
10224
8233
6375
10508
454
2687
5234
9585
9492
7013
12871
535
11836
3743
1547
11494
6583
1816
7606
8660
4154
8419
4790
6648
8239
3520
11102
2201
10280
6403
7403
3469
4674
1565
4929
3376
2256
8729
7131
6497
6802
8989
12392
7537
3392
9806
10140
12927
9097
8959
5548
11607
12017
764
4133
4888
6131
7746
8510
3486
2532
5995
3839
432
4385
1601
12722
4342
6642
7929
2622
5837
5153
5427
2505
5359
11828
12731
11341
3274
1375
11423
70
12762
4365
3432
618
704
3636
1280
9672
9414
12989
7957
12465
10841
6872
5869
4391
7040
10581
11496
3723
12649
195
6928
11297
4899
7494
5530
4388
9231
12978
843
12366
6304
11327
8100
7724
1560
11208
10686
7781
7712
5682
8733
8036
2037
8998
3933
638
1786
7671
11669
12636
10973
9710
11236
2743
5957
10696
664
8547
6407
4545
12119
12680
181
4622
234
9736
6916
3553
4597
908
5734
4229
5727
10066
8136
4164
4540
12019
8717
8599
4034
4805
1032
8595
11781
4025
8134
8916
983
9752
3322
10916
12427
9081
3732
7350
4993
10319
2521
7430
8816
6954
3261
8696
11400
2942
9844
64
5125
7314
1088
9742
6134
671
4565
1813
8358
10287
2488
12946
8821
10679
12022
12152
10342
6635
5608
10440
3787
5518
5114
13011
2653
11441
11389
8033
12181
3310
6297
6269
10540
3810
5470
9677
12744
8463
3889
3076
10982
12405
9235
2562
10366
2368
3943
8999
7491
1369
6598
12203
11044
9120
12598
9486
8500
6272
6915
3884
8719
12697
5642
12250
4626
12111
2775
10274
781
6807
5063
9018
5266
2525
12290
3688
42
2242
6768
10715
3873
8702
982
4326
9487
3447
2818
11282
12349
7378
10267
3938
2025
1031
10709
5558
10535
12055
1678
4879
5681
12139
1841
708
5532
7524
9072
4499
5030
2168
5705
3676
5052
9870
5646
740
11840
11841
1460
11209
9771
3701
4927
10263
5181
6162
3555
902
9448
9088
439
8682
11797
12599
10827
6385
10796
324
8936
2966
7914
6711
5801
10681
3289
10101
10486
4353
12426
9019
7960
1327
7963
10604
11702
4809
9971
5363
8641
112
7816
6337
4205
5740
836
10231
2953
1009
10006
9615
8094
8224
777
8126
3125
2359
5316
13003
4509
11822
1038
11833
3085
7459
7367
12766
9714
1530
2610
11734
11558
8582
2318
1150
8475
6900
12170
12898
6426
5662
9366
7976
6540
8294
10198
5707
3434
4881
11978
4497
4584
9029
4832
1562
5940
10865
4996
8160
9131
11913
6423
1062
2548
4266
3198
645
472
129
8017
2213
6603
6259
1677
12947
4118
12748
9223
6388
12998
11507
4963
5687
1670
9558
6889
12174
7054
11680
2241
5161
2408
7048
12177
7631
4995
6209
1502
240
4781
4714
1361
3875
2315
7765
7891
5768
3266
9509
12110
5196
13008
12794
12724
2661
5115
6880
11610
9423
12735
6182
3683
2685
3535
12216
11125
8295
10259
11
2322
7262
1822
6036
8680
3030
6416
7789
445
7356
11244
11255
2151
510
7901
8448
5319
630
10210
5024
8496
3463
6993
3262
4296
6560
7402
9679
9661
7676
12222
8826
8690
7301
5829
5990
6288
4053
12760
3763
10048
5073
440
10861
11302
9442
3803
987
4141
909
1294
11524
4696
6198
1964
3685
8755
3336
3930
11037
8408
55
5856
5593
10614
9964
11768
1499
6541
6296
7555
6505
7237
309
7776
1289
9904
1778
9092
29
3961
5231
10418
9505
841
7441
539
3200
1569
778
4676
9164
10699
1960
1902
6544
6222
786
6395
8911
9692
12789
3885
9406
5978
8759
5280
5136
4083
4688
11002
4978
6535
2779
4089
2229
2602
1414
8814
503
8435
200
4137
942
11560
4414
7871
1840
268
4998
8560
7942
4493
5296
10062
8462
5746
6381
12813
10816
12826
706
2052
4014
2346
1929
10869
164
3442
1665
3911
11653
3176
7780
11627
5005
809
1515
8634
7272
2618
5193
401
2072
12284
3015
7167
11330
5486
5397
933
12018
11716
628
865
9105
7157
12614
7770
11388
11564
1644
7061
11918
1087
1101
3418
4409
6031
6008
11317
3912
10920
12219
851
11195
12930
12691
12912
11800
10560
9779
11492
6165
2024
6660
7365
12105
8021
10327
9221
4718
5982
11437
125
10166
1264
6446
12098
7313
10765
563
9134
4537
11622
5845
3319
7124
6365
11873
12126
4783
11801
8383
9830
7431
11819
12828
2514
1338
12647
11952
12436
5219
10469
12314
12589
9773
11798
11950
7071
4701
10329
12505
7691
9819
11643
11664
2172
11443
4619
25
4049
3580
2381
8142
5969
3451
8831
5333
773
8286
5927
4258
10190
5361
7918
11703
962
6793
6697
4769
7710
12765
6344
7719
3416
1409
279
9203
9359
3890
5309
3340
2401
10185
11017
9166
12236
9946
3934
1059
11845
8083
8736
9705
11631
9616
3253
11338
6911
12230
10291
807
12404
4556
5878
823
7921
345
6342
8110
6139
5078
810
7242
1161
11122
3626
1253
6910
808
3871
5111
5426
5620
1037
6242
384
11884
8216
5389
12922
5392
9547
8045
8386
7288
8933
7900
3120
11721
2636
3138
3325
115
904
806
12741
2720
3916
3582
7062
7588
3766
12701
4438
3592
1376
1923
2409
1318
7315
8482
6126
7407
10674
8150
4466
8594
10017
9494
6703
2471
8158
11047
4478
8955
9863
5382
11198
9413
9764
9119
1258
918
2047
1016
12901
4612
649
11323
12992
8969
187
163
5132
3917
1027
4145
5974
8908
10494
2209
1182
9575
12670
3678
388
3240
10126
12071
4260
8626
300
2551
6230
2820
5065
1072
5509
7047
10504
5354
10237
6884
10799
5447
621
1582
2332
11020
6609
11824
529
7844
853
6788
9518
9060
4908
9824
9770
4806
4428
5135
8221
11694
7244
8613
12247
6216
1521
2882
1718
11671
9836
2508
1071
10933
11546
692
10432
2718
8352
3475
10360
3785
2771
5199
2848
12297
11205
12113
5348
10375
408
11374
2203
2028
8087
12502
11536
12321
10857
1863
3452
12953
9501
923
7817
7245
3333
7443
6707
2886
10051
7232
10702
4059
296
2049
1005
8855
1263
99
10921
10117
7895
5665
3380
592
2965
12793
5031
11404
8812
12318
3725
10350
4812
9026
8229
11867
7496
1631
1422
2247
8165
8104
7737
3713
6309
12269
1039
4211
5500
10221
2663
156
7905
8899
175
11865
7530
3557
4992
2460
8442
9724
3753
9862
9866
10315
3492
1538
12608
1125
9647
9118
10859
9845
9361
1857
12165
3709
12712
4938
199
4169
10356
3634
3055
4300
6708
417
3121
11089
10156
4973
8353
1210
12943
6943
5022
6536
7018
7558
2561
12517
10442
3775
4522
12128
3188
11517
8941
1089
11583
8700
7841
4665
11433
1703
5119
4903
7453
2891
11201
5081
11342
6945
5368
10759
7740
5680
5901
12560
2829
8806
4431
2110
10890
5903
10362
4724
8061
12843
1259
7405
2281
4590
12283
1157
3789
9434
3744
9559
12081
1187
10502
7860
10151
7057
2980
3402
6649
7113
3518
8678
5068
8304
12209
12662
5799
12218
4633
335
11690
2159
9382
11715
3206
9087
12973
86
6284
12086
10043
11162
310
930
1916
11177
7085
8287
12630
4036
10202
6665
7872
880
11557
11136
1930
1353
7835
3998
8302
575
4284
2403
7170
10703
7707
4085
966
11639
9521
3828
7995
13005
12619
3456
2528
5621
9069
5537
1183
11230
5868
2167
3292
4194
2887
4649
5704
567
4486
6655
10109
3260
1463
10268
8715
6658
8663
4348
1132
4974
2021
5513
785
10182
1860
11031
12542
5658
11358
1922
10383
12407
10114
11316
5079
5634
78
1078
7718
11709
10944
10144
2349
9499
2772
10487
6078
9253
1950
12665
3733
12600
10989
8708
2249
1907
988
4890
12408
4008
2582
9376
8125
1812
7785
9935
6190
5971
2306
6113
1444
11457
9851
10524
967
12885
5520
1596
3848
396
2235
12970
820
7302
6079
1549
4514
11806
9108
6546
10606
6122
6847
58
2443
6630
5375
587
4895
211
5983
12648
5733
3405
11603
1873
7700
341
7418
1575
7016
2945
4332
3738
2765
12865
7433
11240
8303
5358
10948
9846
354
9641
6437
3038
700
8081
8727
8967
5
2540
1212
11668
1895
2220
3937
3301
7834
5691
2914
12999
11097
11782
9769
9915
1561
10044
6561
12469
2008
6424
5403
3874
11363
8694
5714
11416
2230
10623
5892
5226
2721
12459
6980
8188
10212
2222
10042
9843
11500
6922
12232
9481
10877
2970
3246
5124
4195
9670
383
4140
11106
342
3172
5017
1508
3905
10398
5425
6835
5154
3969
8985
6712
8129
2984
12395
1092
12354
2770
8704
7642
10657
2250
12651
7392
1237
979
12777
4539
5475
1057
7472
1724
10075
16
12654
1661
12275
8085
12221
3947
2864
6542
8429
2083
4000
12531
3979
10023
8874
273
12422
4291
9802
12891
10984
642
11357
2146
5394
8093
4915
6858
3339
10322
10411
12626
4669
12695
5419
7877
12593
6924
4500
6596
1365
8007
8107
7894
1000
6864
7961
8138
444
1695
7823
7836
6855
5647
80
5993
2526
6647
4855
8562
9989
6919
8348
8374
11533
8141
6044
1247
5346
7959
10557
3578
11086
10909
4829
3931
3832
10514
9727
7577
4942
6266
5480
11447
5848
2227
10409
10036
6009
10071
5074
8049
7397
8035
5566
9269
5112
959
9671
1040
1337
731
9107
3532
1397
11128
9145
5729
3066
1357
8376
10951
11359
6773
4045
12276
5807
9438
8625
9662
3654
10969
12769
5582
5060
10770
11398
8973
7869
7831
1377
1359
11626
11784
282
426
9852
5636
12501
7621
4554
8472
991
8309
10262
1602
624
6072
8630
7657
8325
12848
9039
5979
1295
2348
151
3410
7470
12932
12559
2745
7708
12054
6056
1652
10111
3826
1729
10160
4200
8701
123
8159
7159
12988
5246
3771
4577
8567
8885
4319
11379
10214
2711
11029
1581
3814
12034
6531
5374
2906
7477
10219
7628
2609
4904
9337
8636
2918
1951
929
4757
5719
3095
10808
6141
8652
6656
11750
11638
11006
12541
6010
5027
9068
2269
7483
1599
11459
916
8565
977
1389
12624
2793
2727
9911
1068
9014
12333
12409
1135
8788
4147
10056
3353
5048
1708
2841
1915
8818
313
1851
231
2756
6257
3159
9435
8533
121
8559
5014
322
10615
2976
2951
3974
2048
4910
1660
2038
4359
1832
8518
4354
948
2912
7449
4301
11676
9354
4048
720
7935
9303
4382
3857
421
5264
1391
138
3962
4221
3528
6941
6160
10406
11145
2544
12388
2776
2245
9533
11276
12037
11786
7598
11790
11785
10685
8860
8770
8018
2289
10512
7769
12358
3692
6826
5178
1019
8735
1662
9103
7609
1127
6361
4206
7696
6468
3363
11241
12836
1145
20
3892
5021
12171
11905
4225
7907
10906
4456
10993
9149
10396
4608
5146
3858
11176
12556
11542
12914
2715
1102
4648
382
9373
8446
7528
3064
4939
11805
2645
7072
10875
10583
10131
11599
9715
9080
8662
1268
4972
4707
11430
9385
8588
8882
1447
11561
6231
1539
5638
1879
10783
8539
7795
3043
12223
11700
3502
4081
9535
1111
229
10750
1949
10037
1935
3888
6991
4472
2920
4182
7727
7349
12873
11970
12780
7065
6822
447
3750
7805
11011
170
12075
10745
2262
6277
12743
11714
12581
8307
12428
12028
4448
11408
10316
6491
2817
4090
3332
5517
3647
6431
4742
7198
7021
254
6804
3566
12878
5847
4574
5759
5941
4407
10414
4143
12196
8739
3453
6875
10593
1271
1557
3210
4360
265
9362
5613
2985
12466
6306
7556
3201
4490
5064
2797
11717
3335
3364
9879
4969
2036
7500
10815
6624
5616
8047
2341
2651
4835
1220
11567
2096
9273
11215
11197
2581
2883
4598
12718
9024
10439
6972
2074
7587
6530
12440
10277
3662
9794
11907
1189
9816
2542
404
821
874
7130
216
10134
12916
5728
12400
5204
3825
10938
2238
6784
3110
9729
8347
12093
6671
10400
6882
11756
730
2357
949
10649
10644
2630
11185
5954
202
7030
1233
9340
6927
11909
8825
1905
573
11109
1843
12035
10666
9986
7980
1481
12558
12508
3522
1100
10710
7997
10523
9066
5893
4548
7162
1178
9468
5806
12136
8570
1320
12268
292
5970
12703
6110
11476
11415
9214
12399
323
3577
5489
9188
11007
7538
12324
3304
9473
3504
9991
5445
3331
10417
11187
12472
12291
5659
5588
5522
4604
7487
5195
3345
2071
7607
4589
5596
7575
11455
10766
3454
4415
3645
11692
7228
9288
5752
2696
12010
9754
7620
995
924
6345
4390
4850
10206
10425
12611
7000
6441
12313
9002
3666
8012
11253
939
3430
5748
7440
4946
3833
5508
1121
9775
321
4495
1975
8312
4538
5145
6594
782
6066
7186
7337
6795
10902
6070
4872
11553
11523
4267
11939
4755
12627
3925
8316
4077
9589
4871
26
8631
11285
7370
3098
7592
8346
2766
6562
8651
10737
9519
8517
12755
7376
11061
12274
3105
5279
12361
3318
11796
1523
7502
6187
3133
582
4002
11848
1332
9157
10601
4551
9583
10094
11310
9666
9698
8782
6990
7270
6059
6886
12064
7002
7109
6762
11426
802
7958
12882
690
9379
564
5260
6896
12732
5121
10802
4124
9302
537
12123
10648
8622
6163
12117
3587
9043
4153
12421
11974
12188
10788
6366
12972
11986
9121
3902
9981
11657
12488
6184
10893
5092
6065
11803
7806
5000
1953
1545
1080
12112
5894
8271
3429
6400
4986
10817
10205
2605
1807
4199
4847
249
12612
1044
107
8145
11059
4307
12082
8127
2893
10838
7320
6643
8734
1167
11830
12094
11010
9425
10013
2677
12080
1156
3770
5611
7075
10525
6818
7092
4789
2347
6923
7979
11541
623
10336
4416
6235
3720
6384
11771
2830
4255
6563
1837
2881
8553
11593
6522
604
684
10361
9437
2900
6130
10371
12660
4663
5472
2175
5212
1477
11595
1297
3913
11980
12863
1856
7335
7864
722
3542
2739
4951
4833
5812
9430
4052
3777
1284
1098
5428
2034
8761
11432
12000
9734
10630
3213
6458
11092
6744
8743
2522
8025
5502
12130
10663
10106
12710
1753
4512
10571
4167
12033
4241
7734
7722
5516
1329
7517
4015
12620
11792
3470
12065
3420
7421
6940
8515
289
1036
12572
862
6912
3675
10394
7591
1604
5270
7829
5730
11666
10579
12087
490
871
9782
9075
6325
4018
9232
5172
246
1083
6577
7076
1129
3408
9728
2001
10135
7006
11339
4594
12658
2750
6684
12576
5067
8513
6064
11121
8411
4108
9284
8306
12460
1576
7602
5864
8086
283
6246
10791
6258
5245
11019
5255
11944
12699
1892
4965
470
8109
1355
2836
8558
11034
1725
8919
5391
9322
6211
6028
9749
9821
8452
6557
4114
1543
2629
11392
9979
7666
11529
5564
9207
2192
11057
3285
3143
7794
7111
5709
5166
10228
10081
3284
4350
1442
2736
51
5202
9084
595
4966
4949
7023
11999
2871
3868
10289
7277
9046
11809
10787
9903
2633
3599
3790
2794
9530
3326
11305
4488
6170
10541
2998
6177
8928
7025
11246
8103
11165
6735
10946
12548
3428
6047
6092
5223
4897
7379
381
3719
414
2549
11062
9277
12458
5602
11744
2543
4406
6524
12628
3021
11405
652
9030
2652
5792
2469
6860
11216
8290
1275
7208
2364
8943
12975
7028
8180
5400
5797
5046
6312
9498
12767
2044
2278
2440
2902
1919
8871
3846
4317
8586
1883
7597
4925
3659
6077
1978
2325
2088
506
6610
1636
4281
3466
5898
8355
7278
6435
7393
4901
718
11780
1335
7539
5050
4029
9436
11585
5362
7223
8742
1740
11108
10072
4066
1415
12099
12673
4869
6466
11014
4813
10747
12107
1921
10758
4442
7465
8917
1514
10001
11461
9329
113
10108
3693
1690
2302
2786
10575
2695
12563
5521
7600
9619
6748
12663
990
6140
10492
12858
9799
6027
1048
252
9100
11159
9686
4511
6579
9909
9197
5183
3926
105
359
5511
7762
11914
12623
2803
11870
693
6293
9972
10515
1163
6686
8551
12061
9562
11675
2450
4630
2598
7165
2729
7709
9497
3973
12527
3727
10730
9776
12890
12141
5228
6997
2255
441
6669
6532
8345
10389
9263
3644
428
9569
7692
9553
2518
11994
7820
3135
7983
7663
9564
2042
6076
10531
6469
3406
12511
11273
12015
1052
828
8596
11519
4437
1836
3169
10605
9299
11673
7321
6775
11539
8489
2410
8214
5069
6234
1546
3919
8508
9745
3625
8944
12234
9187
2909
5965
8040
255
12656
7041
6870
11045
12915
11167
10310
9807
4706
12179
12564
1607
7194
7395
11326
738
7952
1029
10863
8758
675
402
6100
9275
9731
2634
4719
889
2626
12925
5950
2784
9654
5942
7604
9493
591
11697
2109
10576
4237
3459
4222
9800
11911
3461
11060
11249
75
4629
7068
1239
8536
4941
3773
743
3526
1025
4882
4468
4534
11733
8494
6086
1485
8822
6578
1911
6576
11396
7396
2983
6021
1053
204
12750
7674
314
6412
8238
6641
6548
8261
10200
6863
11445
905
4481
5414
3613
10145
10670
6254
4794
3028
11199
11919
1190
1534
4891
355
5086
7876
6112
3357
5197
6438
7890
9095
8465
3211
4628
3226
584
11723
5213
1439
7371
11458
672
8716
8573
448
2812
5122
6329
12371
4720
10119
3123
10146
6573
11834
8901
2996
1288
6471
12664
8183
9955
3149
8780
12842
5314
3193
7875
9170
543
4426
2482
3658
9737
5858
4272
6002
8084
2199
4016
7755
542
10164
8473
3099
4715
12376
4023
5503
7689
1985
10147
6587
794
2584
11520
8305
10596
4218
149
7212
7833
9622
7286
4621
728
12584
6074
1893
4175
9163
12910
10806
10556
6765
3571
4122
613
7185
8069
10740
162
5896
6760
6303
2833
9678
4566
8796
8339
12552
9472
5968
3739
5448
198
1224
12148
1344
10041
1696
11813
3381
971
7363
2328
8349
10341
3450
2148
9617
12896
2123
8511
7955
12411
7435
7618
10100
12183
1459
8420
10637
1818
5402
1510
11793
4172
2946
1096
4546
12138
12189
10269
1287
5453
8664
141
7787
8893
8629
10987
10795
12909
4308
10129
9127
6761
641
4367
301
2195
9765
7118
4208
6099
11380
11001
9237
12359
12438
3071
6913
2197
5026
2132
9182
8906
6625
12023
11394
867
3601
6382
350
9645
2744
6061
5495
8803
8870
1783
3208
6766
4285
699
10060
8756
10118
5345
11239
6914
12204
12940
12616
290
10449
8840
6408
8330
3222
11425
12497
397
830
7659
4186
7549
8218
10172
287
11705
10639
1270
12062
10945
10091
10617
4810
2300
721
12446
171
11614
11688
4476
9306
11508
12096
8310
7661
379
3081
9032
12500
11192
2898
8396
12057
4060
10460
2816
4873
1384
10676
312
12273
10530
558
5221
2367
2934
6680
7694
2722
1468
3624
9360
9853
4646
10587
2016
3899
9356
7574
1997
2827
5297
9936
12161
6770
5619
1235
940
4485
10038
6153
5702
770
9545
5091
6601
11855
5163
6143
9257
3465
7046
8246
4660
8741
1412
11637
2295
8063
1099
3837
12322
5158
5525
10771
3437
11576
7256
12106
12772
4750
4723
2280
30
6103
5534
724
7101
9285
11312
4600
8172
5976
2901
6040
2330
7729
10452
1938
2225
10977
1026
7774
12350
3075
8467
8604
3134
6003
5572
11640
10718
11272
2574
9861
661
10624
6172
9822
974
6378
9199
7426
8381
2646
8276
6264
4389
1465
9730
11264
12429
2142
1203
7251
5918
9017
8779
12861
7489
3487
8152
9190
4795
7964
4038
9790
6188
3359
9818
8876
11844
12714
7554
3539
2259
3997
5113
2454
12797
2578
6474
12131
9948
2665
7646
3959
8245
5779
1416
1117
8647
5684
357
4562
7373
5190
5386
7677
5006
12543
2826
9783
1456
11501
6116
4198
2333
196
1794
1324
11296
10491
1352
1069
4662
11660
8986
3992
1737
4103
9305
3640
6440
934
1313
9021
5459
11035
7830
3920
10582
4498
4690
11385
2085
6331
4057
10397
11667
12827
7969
12645
2017
6225
3495
701
12702
12879
10772
6979
7887
6097
12476
10137
12277
12557
11242
11972
5109
8313
7779
12016
167
8865
5256
2867
84
12356
93
361
8525
7579
10306
1316
12300
6753
6196
2933
394
11829
7484
4138
8030
9868
1363
7944
238
9495
10761
9255
9594
8657
6105
1641
7825
276
7842
1862
11354
7497
10565
5187
1532
5423
881
7319
3236
9475
12444
1726
5416
9005
8610
3968
11586
2504
6628
7103
6814
10191
8477
4595
2977
6041
12085
7925
6791
1625
152
3665
8784
12430
769
1314
2170
7316
6292
9314
12370
5839
7415
5443
784
427
1687
10667
12199
3474
2716
5843
10378
1118
5465
5342
2458
8509
10935
3113
488
1501
21
7815
8022
1368
9635
11467
9440
3711
4699
2905
7274
2594
6612
975
11934
4236
3527
2219
2419
10684
11308
555
12256
1743
3964
10467
5610
2338
10415
7177
3978
2774
6453
8853
9052
3013
4007
6994
5570
5328
8336
5790
7542
2282
5252
6275
11486
4761
4327
2070
7358
5914
8931
7513
10871
4050
4017
12049
9707
11301
8155
6451
3710
6730
409
1306
9133
3619
5715
2752
3633
351
12617
12615
976
6502
5515
9267
6305
1276
6550
860
3096
1739
7080
8323
8900
2459
2011
4694
6614
12004
6060
5577
2000
7566
8878
5640
4561
4398
8046
4411
11779
3373
5404
10705
3268
11373
7060
8263
10251
1896
5590
6717
9441
11161
3813
11116
4376
12779
7037
1317
3086
4368
8913
9198
3657
7544
6742
10450
2735
2145
7129
5169
5944
6038
11573
10797
12824
8841
5174
2002
7933
6389
7974
6890
7731
12961
9341
1082
95
8395
9041
10912
12452
9055
6089
3441
2686
11535
6319
1748
468
1548
12262
1765
7280
9959
8854
11334
12764
10895
4819
7451
960
12244
10243
12808
1564
8643
11611
4636
2112
6584
5290
10079
10312
2955
10332
7863
9857
9772
4875
5718
651
7444
7088
9556
11620
3148
10345
1383
2309
4295
5712
10633
3417
4292
5963
1227
9071
9031
8550
1419
8858
3971
11755
11004
11648
8209
10599
1188
10478
5850
12846
7599
9994
4980
10470
10076
5379
8655
9445
4876
7645
2792
6627
8139
1496
8543
6780
10201
8118
8282
680
11224
6316
8380
6098
7312
8232
10647
328
11026
10461
6042
2101
9522
10477
1554
1248
4113
10930
6057
6341
2674
11115
4768
10225
4299
97
4220
11225
8242
8272
3130
11754
854
2872
1345
11256
7359
12987
3861
9496
4586
6592
3232
10618
3175
998
5117
228
11973
8324
4721
8608
3612
8089
2845
7279
1584
9831
10726
12242
10589
2134
837
1977
12657
3786
6463
9290
11119
679
3488
11307
5785
3152
11929
5224
411
3010
4310
3551
11188
6201
1974
3764
395
429
10751
4870
1374
8128
1250
4251
4930
12154
5047
7246
8337
5514
1701
8115
3389
92
9431
8886
8600
4191
9262
8579
4491
12725
4975
11171
2371
9370
12454
9169
8835
5567
980
5254
8618
4336
5038
7437
10067
1585
1504
2919
9034
6194
8148
1452
4178
1597
11051
4479
3977
10090
6121
7102
8544
590
7055
8404
7632
2963
7310
7411
10813
7778
2442
8957
7684
7368
6281
1880
3269
5301
9384
3797
57
12986
8888
10998
6964
11649
1475
3078
520
1937
61
9657
8942
11275
10926
2030
697
1809
11049
12840
3736
6321
4607
10521
11360
11559
6654
8073
8802
109
3718
7188
2675
3805
8343
3112
6783
10085
6012
12880
8584
7643
9038
10600
1747
3111
5772
4531
2124
5627
6035
11695
6214
3087
7714
9168
5499
2649
8699
7664
1606
8672
1910
9477
6498
1663
7386
3996
54
4906
5433
3721
2119
6357
5284
2050
5488
8402
2395
5148
844
5044
5816
12857
12802
10513
5344
2511
5546
9554
6848
4030
7328
1110
7366
6575
9036
11869
11211
8468
9309
5118
544
2568
6566
1931
9154
3158
1174
913
4599
4788
12385
10789
759
3218
11892
8236
10125
5904
8837
10253
890
12101
5222
7078
4068
4252
4775
7685
284
8951
5289
9426
9421
6067
1705
11795
9697
5725
842
2863
7045
6207
1302
9012
9010
7001
12579
4988
88
3370
2027
5469
6274
10490
1704
2251
2314
8938
4999
1420
12045
457
9584
1261
12550
1228
11820
4640
4693
12575
8193
620
10915
9470
1632
8881
3519
7141
2081
10419
3893
6682
192
9685
11912
9668
5789
12677
6525
12298
7883
2169
2234
5569
6363
8249
6728
3053
6611
5820
2608
11818
8887
4717
6324
6695
12088
4273
6973
6574
2704
10082
6699
1735
3940
12881
10711
3020
11325
7458
12329
2121
4254
4579
12959
12192
1645
4885
9248
8982
6841
7915
12893
5322
11594
6615
4288
3975
5478
3717
8328
10892
4432
12417
1153
12637
4070
9222
9083
139
9963
10790
1462
10473
3627
6673
950
11439
1899
5924
6054
9375
3703
559
2020
5939
1058
6710
5430
10207
499
2672
11112
10392
10105
8484
8760
12950
4212
4149
11961
6868
11628
4071
1202
9176
7105
2436
5211
4733
12002
8441
12905
2165
6247
5823
6144
1570
859
7348
9929
751
9832
2075
11565
3026
1449
11274
8598
5774
9368
1119
1206
11604
3225
4316
9478
9523
2875
7308
2273
2821
11293
12468
2495
12032
12053
2457
9159
7567
1878
11284
5675
4984
10537
954
5994
257
6053
2657
5215
7986
6058
4039
5553
12410
4883
12698
1362
9048
242
1354
5581
12263
9539
868
243
7094
5281
8204
1583
8857
331
7750
10388
1894
374
3589
9925
5351
5378
4623
4726
4846
7767
12931
11252
9390
1730
685
7090
7899
4024
5276
1401
3068
7970
2178
11719
1845
3271
11283
4824
1615
7810
9750
1506
4852
8958
10957
2339
10603
11226
66
3774
8685
3016
12384
11300
6150
973
8074
12114
1906
5956
11947
9450
6668
1471
7351
3270
2558
3244
9113
799
2948
1870
6487
8297
9613
12149
709
11568
10413
10328
5282
4728
11982
6588
1914
2726
8418
3855
2094
926
3006
3230
8683
7151
2517
1067
9793
6459
3922
4242
12907
6719
12601
4950
4215
1796
2849
3641
1254
12696
1723
9829
12308
1001
2642
12076
1716
3757
11979
5440
7916
475
12514
2285
3132
6085
2923
4185
4165
6859
3300
8398
8792
9974
2981
2614
3831
3505
5961
8075
4679
11775
8476
12020
12830
5841
12007
5735
1528
2489
10353
1572
7868
13002
10045
4104
6724
562
5926
1833
6073
1507
10712
318
3915
9942
5783
1995
245
11606
8281
10880
10241
9352
7862
9511
5259
1269
11298
11525
3251
1966
11571
9895
10196
9272
1897
9397
10519
9412
7369
1901
12125
5618
12024
5550
4393
5986
12888
7920
7005
5045
6051
4183
6714
12671
7978
5352
1380
6228
2785
11693
8388
2691
19
7987
3234
6081
9367
7429
6090
7837
9781
1120
4866
9883
2102
4710
11094
4907
4801
5635
4287
10868
8532
1934
1256
4304
11816
8520
9332
10832
9463
1066
8079
9636
1437
3472
524
11665
11838
1882
804
6199
319
3150
772
6696
10016
2575
12569
8361
11460
11419
6942
1635
7923
3
5605
2819
11663
681
1680
3458
1647
2420
5128
6119
5671
4460
826
11591
2713
6806
9321
11080
1214
6622
3987
12368
4841
4528
9638
7653
5152
12809
5805
2375
763
5016
8064
5549
832
8008
