9502
4338
2040
588
12960
12090
5720
10386
3387
9644
9837
1205
6685
6255
2846
11472
3083
6846
9602
1238
8187
11411
11926
8972
12156
10622
983
4947
6602
5130
10704
12222
12365
4325
8411
11169
4526
11475
4334
7286
12312
10284
5802
10504
4148
2185
11025
8794
11761
7211
6250
3153
9257
8151
2365
11847
4471
11605
10122
11033
8658
1307
3047
7865
3488
8440
9483
4929
1684
3623
7850
2978
12872
86
516
9689
8674
11725
10188
12350
569
3896
11107
4856
11655
5607
12153
1671
9354
7154
7760
7961
7274
2254
9968
8955
11776
10443
5375
7176
12424
540
2060
9479
1885
6788
6093
11168
4796
8884
10240
1299
9895
7326
4771
4853
8237
10550
9806
10265
12182
3077
9833
12129
7336
10323
6096
3082
11855
10852
2997
6180
6760
9452
9111
10235
9582
12096
7133
13012
3030
7139
2068
4503
8377
8004
7570
5083
8391
7915
12219
11111
11546
9597
12665
8867
7503
10850
6147
6621
5838
7019
11617
5345
692
6505
424
337
11073
11414
2120
1047
4766
12627
2799
8816
9268
9095
193
3011
8851
1561
5716
1938
7867
5439
10912
10878
7364
851
396
6251
2277
10231
7509
7147
8320
5925
1464
9349
984
5943
4967
8389
9753
4559
10819
6853
1986
11879
505
4484
180
1922
6508
1257
7124
5128
12310
9108
8072
2675
8910
12382
7657
6804
9050
6751
6371
6308
8061
6043
11032
6705
6782
3234
11420
8848
2790
3346
1627
143
3728
4917
11151
11088
7461
1686
7187
5786
3621
8611
1779
7986
10826
5250
9884
9957
5346
3854
12995
6589
11917
8713
5705
5985
11749
10259
8531
5561
12378
6644
5903
10422
10276
12442
3624
5646
11956
9168
659
11619
6237
2343
6273
527
4264
12323
9222
6235
6498
12693
5077
10489
2171
2398
3380
2019
7296
9204
4774
10651
8449
6950
4184
8979
11384
7284
265
9879
6802
9983
7183
3829
931
10636
9425
10179
1765
992
8698
12981
6676
1970
4277
12017
9763
2752
1301
9408
8703
2844
6082
8184
6629
11646
2393
6239
10124
8849
1844
10549
5427
9733
12764
12959
2242
7872
805
10434
9458
1836
11620
8861
4680
3391
1385
7349
12536
11818
6322
3427
859
684
3144
4367
10665
4886
9508
5049
6377
5444
2363
8517
7205
2249
11013
10696
646
11405
5080
11077
11877
2881
3501
9981
7695
9852
12475
8612
11905
10799
10030
1642
5505
8253
8221
12709
2054
3771
1149
8575
3019
10999
657
1550
8886
11696
3616
6850
4099
2607
5305
4430
3864
2105
7240
12447
6511
669
7132
12810
1727
1988
8093
2121
12082
1134
108
7870
308
6414
3483
11437
11629
12449
11068
9164
12417
4658
1803
8805
8872
3194
5341
6842
6519
3026
8551
10886
7386
5609
8045
8648
11783
3292
5719
3485
5202
7800
2417
4786
7666
4078
3559
10956
7268
1672
1904
7087
5614
9348
9316
9331
6206
2839
4537
1273
3693
11053
1725
12533
1916
1932
10057
10725
8313
284
189
729
11898
6730
12165
7292
5271
3046
11190
11183
381
3367
4386
11108
2875
11612
6683
9205
12671
6722
3372
10183
8760
6387
8540
5147
9604
8091
647
9142
3514
6949
7716
9869
6252
667
11403
11295
9426
9207
1950
11643
67
6906
8270
6461
11083
732
12139
8486
6892
12024
7595
12728
9291
213
9973
157
1266
7617
9441
7029
8676
11171
12795
37
11015
2516
11002
8980
5653
5205
4353
8103
4499
5940
5483
12954
8241
8909
6481
433
6002
12802
10897
10656
254
2738
3288
2200
12783
7259
4468
8479
10158
2129
7956
7164
8157
8053
7673
8529
10962
12855
8236
8576
10732
12124
4401
2920
53
7397
1933
11115
12278
3808
6792
10370
640
2577
5894
83
4255
4750
855
338
12633
6001
9109
2734
892
7745
5441
7065
8651
2090
5989
10224
3713
2439
5615
4156
1856
6543
824
3796
2427
8101
5977
1085
3455
6181
2455
12229
2988
9804
8109
11299
2399
8988
5789
9826
6723
3202
1460
5402
12004
5966
9007
6521
5322
7193
11500
11302
12569
4439
4843
7507
2723
7508
11309
6063
9732
3279
446
11451
2217
256
6474
3051
12596
4150
11920
7541
6694
655
9049
344
7561
12340
5309
9062
5454
9936
11864
12068
379
4824
5178
5107
12419
12967
12338
9271
8748
10849
400
8106
11635
3515
9326
1828
2052
11304
7305
3670
11441
4043
1160
4945
10902
7847
6776
1028
8704
153
10169
7404
785
5329
9796
1894
6646
5859
9418
3090
6203
9056
160
3141
817
6454
821
12404
1425
10749
2620
10173
10109
901
5222
12168
1965
496
5788
4073
12785
6325
7226
11365
8269
12328
9006
818
565
9102
1975
12655
6904
1022
9122
11335
4814
8597
10053
1619
6645
7035
6600
12824
12396
6231
8757
9764
3185
6618
7123
5084
4318
5722
5883
2437
8421
7076
12949
11497
3519
9051
11331
6988
8482
10662
210
9534
10491
7530
10643
1973
11443
9874
5020
8362
9525
3214
7662
7954
11385
9633
4644
11598
9401
9711
7897
12990
10177
10772
11130
5117
4286
4266
7792
10330
4252
9332
4397
1287
10271
6721
3868
3677
7987
3512
3643
993
11030
10324
7654
8333
842
2449
7874
8324
3904
1225
7155
7093
10616
9627
11174
2662
3500
5390
8537
9901
12874
285
8954
4751
8522
4647
5907
8964
5702
11330
1328
1510
6101
11152
12739
5796
5869
2368
7768
10140
10695
10437
5999
2147
1633
10064
1884
550
9337
10332
5813
6900
11352
6570
1392
10929
450
9634
11773
3033
4632
8891
5064
5665
7059
2678
12862
11667
5166
8832
1990
4791
6281
1565
2995
6483
5319
9543
8108
3497
6151
57
5353
9364
10621
8946
5586
12807
1657
2056
3841
6784
6141
4275
1262
8541
10785
8009
7580
9493
10194
6718
9097
9214
1294
1154
10263
10947
7108
10559
7261
3390
587
9014
8050
11582
2547
7510
1390
77
2955
10848
11012
1118
8655
5938
7659
10068
12572
10626
5701
11461
10366
5792
2003
6652
12238
11660
10464
3795
11513
5144
503
1648
10713
1251
9795
9497
8012
6445
6858
4098
5972
10127
4231
8042
11817
181
12777
1532
4031
8691
11370
4762
4963
12315
10348
10300
2086
11439
4501
1596
5771
10107
11237
8641
4570
9655
5507
487
8455
1373
9265
3032
1551
10199
5837
6109
2841
10457
11014
10719
3217
11592
3503
12532
11413
694
8591
11750
9682
3599
11481
11354
12620
8600
2765
12899
4370
10994
6313
8273
1263
577
5861
3638
9414
9141
3238
10879
9047
9037
4896
12510
8976
12602
10531
1428
5772
8439
3357
9755
9902
3570
4309
2012
2562
8559
10955
7946
3797
7156
87
11674
3812
2681
12663
2661
9598
10855
462
12290
970
12987
9340
857
10202
11986
6177
6230
4080
12760
10100
1230
9813
11671
2855
7690
7820
7539
9623
6027
10384
1071
3534
2312
2448
7287
6108
12897
4228
8835
12355
11225
6482
9914
11180
5151
5254
6309
6967
2258
1878
11685
9652
5659
12953
10972
5667
6502
11908
6838
9541
11486
9261
6428
2932
8636
7443
3050
12289
7247
7043
12831
12501
2077
8017
1996
5851
12746
8607
8845
5536
10974
9228
7474
11182
1775
6207
7782
862
4030
11557
5423
163
10943
8862
2776
9762
10814
8811
3048
7071
11941
10558
9686
3620
1830
4212
6326
12127
1679
4306
9125
1750
12086
8444
456
1309
961
4203
4815
11201
4299
10875
7759
6416
5690
3732
5447
6887
11364
11913
3170
7131
11820
2674
10436
1711
7366
5651
11975
167
2021
2884
7344
8782
38
3454
9296
8395
883
1080
10154
9660
8370
2807
1972
5163
9873
7398
6025
5078
10149
8769
3765
12646
3945
4818
5201
6150
9385
2842
1798
8943
1955
3345
6085
7315
12544
12586
4373
6065
9289
9456
2666
2362
11852
915
8802
12948
11786
9256
4233
3171
2952
12614
1476
11363
3323
8358
9388
1133
7505
11632
6167
7389
2906
11320
12173
10026
1994
9905
11280
1112
9285
7194
12649
10640
11187
9083
8753
11805
8400
12476
2315
5405
8318
1394
11872
1484
385
4493
12223
9889
1615
9734
4413
378
2986
11581
6432
8604
5508
10752
524
1871
7773
1802
152
12163
8470
4407
9864
7202
5625
1664
1962
773
8097
11885
5388
3435
9474
3432
8552
3383
9044
7475
3419
7932
5398
8873
3930
5176
639
7408
10543
3055
8379
5491
12839
9825
8666
3054
12940
11113
5093
2486
12791
3010
8875
4008
3145
9656
7007
8582
6663
11652
1332
758
8113
6566
6433
6422
2476
9248
6071
12280
4978
4425
335
11216
1187
1276
4594
1656
6881
2392
9651
1949
9836
6004
2100
11740
2800
6737
8812
5419
10148
2779
2622
9252
6121
5210
11700
4703
10137
12205
11717
5431
919
8006
2226
9382
3997
6102
11436
9367
7222
12502
12875
5964
1636
11267
9258
6192
9376
4664
6984
2027
9844
9004
7242
1589
2425
8677
1726
3608
4091
10272
8534
1109
10798
11693
557
9720
257
1418
3257
11417
11980
3941
6560
3261
7425
5990
10377
4645
4498
11389
573
3121
1782
9962
12134
1937
3536
4433
2341
12342
2960
3398
5870
8754
4999
5275
8700
861
9225
3477
4543
5209
9532
11153
4105
10382
6284
8779
2815
11387
3776
2691
3569
422
10251
9404
5382
11341
387
8215
12389
4278
12468
12303
6195
2854
4497
2193
4911
1094
1641
11953
11997
10932
70
4357
6048
1264
7212
4960
12462
8205
2746
1108
11645
7409
1125
9213
9560
11713
9070
7587
9786
10839
6444
8335
9163
2104
12485
3848
7698
42
9307
8337
5212
9776
4532
10905
10594
2406
8120
6124
6624
880
12403
8905
10474
4478
1599
7359
10033
1473
9178
7585
4200
8819
4062
151
4861
11597
5497
504
5885
7920
2969
3652
9397
12610
3510
4261
1131
9517
3662
9569
8747
2166
362
9297
1854
1631
12786
8987
10155
7605
4450
8171
4670
6320
4592
5289
9587
9878
12037
11853
8290
5473
10192
2194
12242
12750
122
7839
12094
8882
3109
6918
3524
172
10433
6805
4639
12302
12951
276
1576
6123
11163
12308
7401
5291
912
9641
7113
7706
10176
7376
2941
7213
10335
5814
3138
1007
4903
5258
3923
1789
3786
6159
370
9635
1372
2947
9169
2747
2505
11207
407
9027
3128
4048
8968
8572
8790
12362
2551
106
8339
6033
9160
9199
11567
4270
7564
3446
1837
6253
8062
3151
8659
691
1940
1971
4726
969
2340
10928
10782
6622
3080
6925
4848
2182
11529
4987
5493
2366
212
4863
10484
1526
9482
4638
10915
5709
9052
8315
11175
6568
2651
4026
6227
6336
8815
12150
11340
1401
10506
1691
4410
6038
949
10838
10646
6726
9696
6522
10964
3851
3860
11074
7088
11211
4103
945
10041
1167
10003
2924
9358
4227
11100
1759
264
3044
7859
7693
3521
365
10419
835
1939
10823
7219
10711
8239
4333
5949
5542
2251
9409
5908
7050
12509
9870
10679
11233
11857
11466
6855
5449
10004
938
2796
4695
2046
11528
9347
8416
8087
8454
3273
2926
12414
4887
9330
8570
1078
9768
3135
12092
6940
4719
1024
12706
236
9253
1335
10163
681
3284
9290
9679
7785
2939
7722
5108
12921
12063
8292
7715
5872
7199
12656
1661
1421
8310
10957
8981
11832
6369
2811
5711
2902
6226
4204
11664
11535
12848
3415
6837
11867
9247
1535
7434
911
1215
10683
55
7089
5412
2998
1017
1593
2189
12704
8896
12095
9742
6008
9816
6729
6478
1934
8007
10509
11741
976
5033
9057
7146
8438
12977
3494
4467
6421
4682
11719
6134
11540
1698
9707
197
5494
925
1359
376
11139
2357
11400
340
7589
10410
7332
12103
7645
689
5095
3740
537
8365
12535
3571
12192
5732
10532
6637
10141
1267
5993
12889
7691
7784
2409
3612
3972
8736
872
4534
1057
11167
2274
7727
4293
7167
3587
6524
6914
1044
1570
5556
4938
10249
8934
10697
5471
11973
5498
3990
4045
5863
8791
9925
10959
3351
7000
10327
852
1487
6812
405
2209
9765
9721
8038
7500
1212
10873
6144
4918
4119
10642
5815
11862
12264
17
8824
11081
11606
25
12044
3753
5219
8589
10379
7926
8626
8637
675
8803
5277
12983
2320
12756
2300
873
10281
11990
1737
5563
7333
12420
6411
1680
7232
2441
4837
12022
11005
12561
1472
2891
7939
5114
1073
5991
10865
10363
12644
4696
9995
11435
11794
946
3247
8116
9003
3123
4650
4621
5303
4608
12148
2909
1315
6125
9741
7011
8129
6119
9392
11512
2106
4689
9863
12058
10927
11313
9688
2555
12272
3039
1040
12158
3908
9365
4376
10628
8155
8671
3140
1812
5403
3453
11538
11893
11993
12324
7642
6286
7566
2222
6210
7756
12552
1439
10857
7117
374
3478
508
6797
5300
11932
2837
7440
784
7697
7017
12081
9631
714
234
6441
9523
4610
12352
5997
3498
8571
6575
11367
8357
11478
8989
7546
6469
5370
2741
10394
9424
4355
8356
1890
4739
1794
8159
7127
12377
3850
2013
11303
1609
7351
5923
1772
9303
10786
8930
12974
6330
10668
12629
11946
3175
1600
3049
6017
11048
7830
6378
6220
12790
11527
9596
7894
2131
11934
7097
12540
1237
1469
3439
7184
12226
913
636
2346
10939
11894
5136
12903
10056
1540
11200
9997
10131
10103
9334
2252
9839
1443
3933
5875
3674
3509
9862
1520
592
3227
6104
8214
11055
3810
11110
11425
12773
7924
8628
843
2095
11333
4452
3913
9272
6976
7816
12707
965
7646
6037
11038
9772
5795
12367
7346
11709
9506
5280
10227
6542
2248
5865
9464
7849
8574
3671
2478
419
6875
10500
5024
3384
4130
8287
9295
9910
4985
2866
11035
9987
5790
1387
4193
9985
566
1250
4864
7447
10858
11189
6713
8716
9717
3036
2780
11560
4628
5362
10989
2099
10166
11177
8422
7342
8082
7686
1792
7680
11967
8238
8211
11291
12638
5499
7311
9147
12741
5418
8994
6638
7572
4015
4253
4514
10175
9563
7996
2162
5782
1764
4243
8707
5213
5187
9448
6278
6364
9379
8169
8750
1450
2817
2498
1320
2813
520
9712
6395
5601
3606
7100
6826
9432
4753
11262
4418
7798
3177
10881
6873
3368
9263
7613
4114
4718
4428
6716
3739
12225
3285
1701
7649
5916
12138
5656
981
12640
10536
5532
10482
5995
12018
6187
8542
2808
12694
9179
3867
6054
10975
7898
2650
6305
602
5366
1790
1858
9576
12947
12721
1055
48
1458
428
11212
2380
6975
9504
11663
2255
1783
4445
8675
1002
2626
3024
4259
12188
12040
6036
5002
7929
9578
12565
6366
12917
1507
214
12997
5756
6996
7843
1935
1268
12461
11317
7851
8649
8197
11155
951
7883
2339
11518
5855
9630
4587
1580
3684
7352
6664
9628
12406
10054
3347
6768
4765
5272
7729
8344
9267
5007
3718
3425
10631
9357
12346
12806
6136
7744
9417
2452
1930
3209
12214
9359
9201
11043
6257
12337
12057
3752
1132
6490
7024
7764
596
4363
3381
11554
11923
4890
9783
11404
4134
4482
6491
10285
7221
8528
5040
12601
8602
7180
9746
1877
2239
8619
6640
6158
2307
8889
3079
2419
10039
5880
3350
7549
8051
3035
12334
814
774
10198
11753
10350
445
12722
11412
1942
11547
11125
10874
3422
8491
2201
8011
11164
1324
1121
9715
8584
8974
3557
10159
690
4571
686
2081
7794
11752
530
60
3613
2965
11431
5387
7262
4601
7258
4438
5464
5513
8473
12776
2706
311
7210
8709
12714
5076
5557
6832
12144
6861
4320
11531
11010
4174
228
10244
4741
6680
12534
7863
11277
9745
5047
3192
1456
10503
11760
11556
155
10475
1492
6809
781
8710
8984
7901
10892
2729
4192
4752
7150
9815
6650
9240
13
6447
11816
7689
1056
6739
140
5639
11249
5318
11226
1508
5986
8672
1785
7255
224
7136
7321
3060
9846
9529
2375
8856
7641
10435
12998
12505
6931
2713
10429
12151
3920
6392
5935
12788
4155
9465
9454
1210
10724
11515
12666
1544
5249
6164
4396
9277
7444
2004
1831
5169
11264
4132
11008
255
3527
6787
8424
6485
12073
11396
12132
8234
207
6654
2511
4056
4402
7105
6752
7490
1941
6899
1168
4907
10610
10136
1644
12632
12564
2578
2349
2509
10465
12567
9512
2564
2887
4777
6801
10889
12768
6353
926
10414
3563
811
11361
10936
3061
11266
1194
11995
1623
3118
8965
6731
6464
7012
11982
651
6391
3793
4131
10083
7128
4052
12033
8299
5501
10072
3348
4118
8412
6771
8028
480
10395
6122
8548
8653
1776
11305
12870
2700
4308
10193
4089
10634
4290
739
11987
5129
9565
11141
6669
7758
8644
4731
12737
475
6979
7431
6559
9774
9665
5372
10005
295
3195
7238
1929
3682
3822
9916
12830
3837
6755
1697
11315
11297
8427
4950
637
7660
7963
6232
4865
12749
7360
7858
7941
7671
12167
9197
8466
23
8123
12392
12935
8001
10791
7026
2144
12423
10806
7795
11487
397
7914
3248
4171
788
7195
239
3918
8590
6261
5808
11357
798
7236
12939
5890
8435
2869
4289
7875
3991
3889
11465
8174
4167
7506
2471
4981
12755
3457
11565
1423
2370
6567
6398
1566
4915
11915
10387
10444
1756
10424
2479
884
13010
4928
7720
7588
6937
8383
7368
9486
11483
598
609
11959
12427
7603
8817
1445
5488
10890
3681
11112
346
7260
6927
4020
6161
2627
2563
12415
6558
9394
2092
8367
8052
7492
2414
5811
4841
3190
6603
10496
1063
7355
357
9338
8853
3053
2573
5663
10740
695
9984
11145
8823
1093
12473
8203
3602
9183
2753
4340
1659
2682
4952
4324
7099
11252
11422
421
3675
12319
3770
8059
9933
10778
10851
2276
9149
4107
1569
7724
2428
6133
2134
8878
1180
12326
9000
6924
8863
6938
5884
7198
10783
5216
3142
854
656
4577
12070
5195
10899
7363
5826
7985
6276
9407
5186
12842
7069
328
1639
467
8218
12085
2918
6993
12894
10597
7350
2461
1415
9320
7455
11093
8423
8776
11774
1441
12233
7805
302
2612
10658
7291
11117
7520
6212
11218
7317
12152
9618
10130
1434
6035
11060
12042
8951
2351
6334
597
3221
3460
1433
4304
12311
2549
1958
5482
979
31
9823
3456
5743
6493
6968
6577
996
4175
10372
6500
5617
10815
5994
3748
11085
3964
1449
4301
3150
967
1358
10988
2413
7220
4380
10911
3290
9455
7848
8364
9386
300
8633
1481
11342
11351
5282
4049
9777
6419
5810
7207
11197
1977
634
5753
2618
3490
5526
7457
10907
7971
2228
9040
2440
22
11827
10215
6145
3307
11589
5576
12279
11209
4143
11314
7373
8405
11468
1728
203
3291
11476
3843
791
304
6190
10185
2929
11833
12708
5798
2484
12454
3068
5742
8336
4944
11846
2751
7951
10023
9619
6425
9406
9928
10135
8223
5541
8557
6808
3910
11711
12332
12587
377
4033
6453
7577
12563
5156
6517
7512
183
3388
6555
6449
8706
3363
4860
677
8409
9758
5831
3545
11621
8492
7559
1069
8463
12171
2330
3385
4307
227
8918
1864
10273
5340
1101
7151
6772
8278
5408
5304
10027
6939
5339
10898
5892
11508
7979
5466
1817
4188
4901
10736
3995
8141
4905
7377
9690
9941
2367
8138
3502
2157
8935
8401
3025
8196
5910
11921
8494
3362
12732
11067
11440
4763
2518
7143
2848
3712
5748
9827
7895
4391
8291
7406
10524
2016
4921
11588
1867
4377
8578
751
1493
1448
8950
8887
9877
9344
7312
8804
3159
7152
7620
9461
8520
6692
595
10708
10635
6149
825
12853
4822
6989
7631
5434
9433
4408
7223
7890
7486
9892
9673
2973
7020
3358
3134
4435
8130
12445
6699
2115
9898
7788
9032
11142
3146
7578
3683
1494
3925
4531
6617
9066
10519
6727
2809
11359
432
8975
2257
11706
12189
4600
4810
6328
184
5134
1438
7590
4053
5946
3703
271
11869
6113
6368
10801
10552
4352
5707
5451
7018
11416
914
6382
10255
6406
12031
1295
179
10727
5265
332
9979
5098
4321
8459
8112
9730
4881
6332
9904
10031
5568
2348
8490
7640
3833
5073
9782
8465
2530
9481
8244
11017
6593
7392
8331
5523
7501
1275
5905
12
11766
6990
4007
8100
3349
6349
11505
3962
3218
6707
4524
8701
4146
12945
2506
605
6922
196
12374
11170
7493
8488
4019
10937
3319
2195
4640
10104
8304
717
10369
5123
4804
9067
5805
12176
12606
12484
9558
3157
11734
8041
5422
9857
2477
731
2951
3802
11571
4032
9850
5274
11467
10562
10147
8764
4077
631
7628
7423
9188
10022
6228
8874
5229
3092
10015
10197
8737
12256
4684
9363
11306
5555
10234
11627
3754
12787
4920
10585
12551
4871
12618
1969
12295
7388
7237
7584
4361
2962
4440
5022
5401
7975
10355
4931
3331
10501
1898
3442
4869
2819
3028
897
910
4780
4820
2820
8922
5050
997
10123
7145
8177
5475
12890
6076
11845
9950
4528
3548
5268
6415
7480
6632
7823
79
5053
3169
8499
10767
3269
12591
12020
9124
2267
9068
8247
6091
9650
6376
4195
2082
12723
1305
10336
11172
3196
10820
7702
359
9616
7629
3281
12865
9876
6626
136
11312
10351
2474
4691
7138
6687
316
3070
11822
7558
3694
11206
9704
10297
1499
1956
7104
3902
5063
12770
4997
7497
3927
4181
7083
6689
3566
7445
5988
7606
12823
263
2686
8969
11007
10258
685
8714
2638
12333
920
11641
7446
2389
8880
528
2378
8458
4839
3094
4757
6347
12900
696
11308
6114
3499
4847
5924
9568
4964
1608
7737
2877
9513
9443
8601
12911
11878
1265
10016
11409
7544
929
3484
2894
10523
8593
6815
5374
1347
4284
1313
3992
4738
11076
1943
5059
13004
1362
5956
1103
5765
2979
4956
4687
1880
3936
11910
7652
2470
2724
12227
54
12193
1370
7077
9128
4054
5618
4123
11366
10093
8813
7713
10378
7299
12571
10116
5326
3667
5516
2937
11022
158
11841
1921
8721
2127
7860
12797
9908
832
2035
1382
11336
7161
10059
10445
1471
11188
3893
10804
11575
8650
6156
5109
4579
10065
12430
6509
10040
8926
3464
3097
9672
6045
7707
7137
6100
3553
574
7383
5039
4799
10334
245
4104
2211
5693
11544
12413
2782
12849
7517
4202
7412
9065
1083
62
6172
12713
6384
7396
7278
5462
7781
6667
7907
10553
6893
7818
12055
156
761
9868
5856
959
10638
9934
9419
1601
1342
7571
12923
5852
1718
839
10228
5549
586
7061
7790
1046
6315
9306
2265
6383
1897
3597
3856
1673
6455
4788
1643
11759
71
5547
567
9917
887
13007
1035
3211
1517
10499
4821
6016
5968
4457
3204
820
8413
6934
6295
5352
6985
3400
12211
3955
3883
1001
11509
9270
11106
12748
5980
9538
6021
3333
4029
12584
5962
5035
3137
5747
10216
1572
7670
12322
8690
5685
9366
9189
2344
1682
1227
9611
2118
9636
11116
12183
6970
11109
10968
12653
1739
9099
8143
5082
4068
3223
1586
11046
5442
1663
6839
1546
12727
5891
423
3249
3651
12284
6867
1944
12122
2202
9570
1748
11829
6140
8978
12725
678
9784
7196
8654
12834
5410
118
4925
10114
10299
9838
12421
9459
8573
3131
4071
43
5528
5208
8170
8407
7451
10698
7952
9622
5188
479
10243
11131
219
12676
10009
8914
12757
3280
1234
1919
9605
2634
4530
2128
7393
2519
2624
4006
4362
9949
10741
11628
6978
7604
7518
1874
12116
7752
7338
2502
3715
4737
2726
5192
12595
8207
4271
2225
11160
2491
2514
2152
8311
10325
1482
7687
3486
8161
942
8202
10256
10522
12456
11672
8765
795
7889
4538
3320
7374
12943
1248
5734
6357
161
4074
5032
5196
11678
3590
11972
9588
5619
9972
7371
10744
6450
9691
9274
10598
10612
3588
6386
10515
830
1509
11332
2946
360
8897
7204
2394
6153
6389
7357
7811
9405
11023
4922
1079
347
7882
1841
4633
5638
4866
8027
6992
7163
10648
2443
1677
12472
10629
5887
12556
2062
3824
2345
5110
1126
10861
8837
12027
1705
5103
307
11429
6725
11747
4949
7769
6089
7548
4456
3487
4676
5654
10830
4109
725
11000
4473
10794
8195
5332
10805
10462
5912
10620
6374
10430
1804
9998
7672
373
3394
8259
9976
2949
138
12856
1107
4385
9819
10338
6139
11976
9515
383
12695
3226
3235
6956
2206
6468
4358
12043
7266
5502
991
9545
7607
7295
7592
6188
8734
1528
12131
3259
11591
7852
9
1344
12701
10045
1840
8921
8346
6184
5259
541
9522
4515
8105
564
10171
3098
9659
3149
9511
5071
8822
1384
7728
5189
6345
2335
10715
2464
1704
7891
13008
7560
9589
8519
468
10533
5560
2327
10760
4563
1953
11279
1025
3922
2041
4112
6816
8271
12375
6702
8761
11991
9848
2292
11391
6460
320
937
6132
2313
1978
5094
4857
6563
7964
12589
5630
353
9593
5917
7982
9150
7933
5335
132
10774
4702
6435
11353
11746
9082
8555
6407
5218
7314
2146
1012
3016
1038
12577
1150
3734
4669
11568
7166
6910
8136
12813
12409
12481
553
7972
201
2864
4458
8646
3139
10486
6375
1703
11273
473
6014
544
12240
4758
1625
8015
1274
5937
4383
6266
7426
7250
8911
9924
9739
11968
10789
8403
7079
7449
1027
5112
8147
2178
5913
8800
5185
125
8032
6197
3365
12672
8728
303
1689
9010
8156
5641
6
2789
4302
12366
7678
10471
209
5323
8982
3785
9286
2760
1503
6224
12292
10264
6611
12397
3393
333
4519
6424
9219
6765
4966
3757
4547
6964
12016
3378
3591
490
4891
904
9155
1567
4444
973
8553
877
5953
3832
12492
10687
10734
4586
1687
8005
9996
11824
7316
2794
4792
2233
7263
287
4069
10450
4743
11698
5975
10693
8511
9526
709
12965
6874
11851
9159
12252
7399
7224
9965
10392
10058
2009
7450
2975
6929
380
6452
4429
10627
4509
3704
10672
5672
5978
12087
2418
7014
12060
5336
12926
2299
11687
12244
836
1822
8231
7524
947
11897
547
1409
581
12866
10837
6247
5896
2262
9613
8818
12840
1598
4011
1334
1288
4642
5934
11101
8406
12105
7038
8839
5012
4618
2710
3552
12927
5106
12128
2196
3727
3297
7306
7542
12910
116
6494
8793
1405
4262
7813
6811
7354
6571
330
2145
3513
12680
8923
10863
6969
11825
866
3377
4232
4345
9865
3971
6044
5379
5700
2880
6627
6168
148
7611
11121
8160
6098
12341
12140
10195
2956
3309
10747
10118
1
10405
6362
7825
6165
9086
8660
5283
11566
4850
12961
3869
1351
957
7887
5564
8168
1545
2175
783
4873
7276
10803
6620
7771
4819
2596
12011
12254
2172
12399
5348
12344
9507
7178
9585
5591
8990
12852
1026
531
7084
1604
2595
502
4210
2113
10872
2130
4211
5922
11767
4593
7025
3433
10853
429
3163
10319
7496
7905
11430
2376
2832
2302
10745
12661
3352
4768
10343
1597
2352
3958
4683
3200
7938
8497
5736
443
11491
12592
10225
4141
4707
2711
279
9206
9259
4190
10287
6690
7521
2560
8137
11275
5929
6796
5197
2735
5699
5612
607
1553
12097
9647
6936
5460
4359
12730
12121
11969
8556
6623
2272
7021
3764
683
10326
6693
9260
10305
4717
11501
10828
355
9226
3366
9026
5770
2338
2358
4001
6528
8033
8518
3006
7734
9104
3880
10138
4464
10599
7665
1042
2156
4698
7525
11146
7797
500
352
3119
9719
2513
4296
9601
8924
7499
9974
9074
6920
12809
9322
1999
5779
700
2536
4971
10941
4623
11985
10733
6761
4455
8276
97
7328
4389
2985
6361
2921
3187
1053
11890
2851
1889
5430
6877
11815
3517
2259
819
10449
3819
4165
10856
2862
10909
521
9387
4406
5527
4529
8450
906
98
10217
8665
11227
8901
12930
6973
2390
8501
12846
2528
9811
11705
11892
11673
1074
1050
8262
8254
8749
12281
4221
3052
5812
7703
12470
7534
8115
7325
4140
12145
9203
10165
11958
6000
864
9182
5085
4849
5846
10418
3604
9549
7532
671
5581
12112
9266
3858
754
12474
1144
2831
6367
5911
12801
2745
9637
9193
7586
7082
12196
2531
7064
8783
12383
10575
437
3709
9773
11570
2321
11195
5909
6921
10618
12359
7653
10864
8245
250
6583
5628
494
7789
2948
5750
2865
12050
460
12583
6404
779
2616
6836
1146
272
2404
9048
6798
4164
1005
3382
4627
8904
9607
12118
7337
2856
9403
4854
8158
3120
2432
11948
5485
6770
6189
12259
1165
261
8991
9294
6099
7623
2690
5662
8037
5243
10647
11998
6549
1906
11136
6778
9165
11526
8417
9740
6198
8913
2648
10721
6249
4742
6094
11604
935
7410
4745
10963
9583
2371
4939
4603
12516
858
3804
12107
7931
2426
7765
11596
9803
10466
4097
6277
776
11828
2475
8711
1758
5761
3959
436
4565
662
9790
9555
12014
7112
879
1319
12705
5314
1710
4336
6291
8685
10421
9903
2850
9960
12180
389
5356
1211
1613
10517
5292
2727
5636
7203
10087
5313
2606
8742
4734
12091
9893
11507
9098
7058
1483
7243
12652
2472
5384
6587
5048
9053
8893
2091
11186
7466
2066
4686
1174
4055
8312
3127
12898
6379
8056
3360
12907
1436
3409
6023
9190
4715
9457
4387
12575
507
9011
12558
244
10440
3831
12690
3287
5886
5457
3967
11268
5820
5708
641
5119
3691
10182
12942
3199
6040
6095
11988
4479
8326
8956
5954
9519
10043
7774
3845
4483
10314
2565
12958
8220
453
6641
2567
8920
5465
948
8361
9794
4256
4279
4460
12600
9309
159
4492
4177
9208
12825
4072
8246
11410
7022
4371
2545
9084
11599
11092
940
7676
3840
3906
9198
8057
9544
3622
11356
7943
2116
668
6643
3263
11819
12221
2480
11488
11770
3166
5138
10230
3568
10606
11929
8697
848
4436
1909
4991
2911
4845
11994
5028
8629
10753
9726
12667
2288
11103
9191
2213
418
7430
11950
5658
9566
2381
5432
2174
2750
11979
3205
5406
8021
5102
6504
10128
1068
12560
463
8807
11230
7736
438
6762
916
21
12605
11492
5730
1911
10526
6492
7992
9055
5310
5652
519
11904
7418
2043
4692
11261
3266
10051
4785
10681
5983
6901
3212
2933
3064
12545
3103
1314
10510
10189
5367
8092
7448
7621
3009
9886
3558
7807
10893
11395
2190
11204
3774
12854
10729
989
11677
12970
7063
12816
6740
6418
5760
4616
8766
8899
3305
2301
1497
9671
8447
11541
1628
4247
10172
12078
4740
2183
3038
8272
3315
6501
12529
1624
5575
7910
10580
110
8561
1158
1531
10133
5775
4525
4767
763
4992
364
4982
3702
9378
7647
10035
6135
2245
10082
1480
6909
7060
9520
2031
3308
9860
11392
614
5529
12969
2905
12530
3473
11079
2379
8640
11978
3155
9377
11703
12554
12347
8763
8256
9842
247
2140
627
1924
12488
1734
9280
9646
3440
6630
8251
1245
7264
11049
7129
12172
7322
7098
4728
6335
11779
2198
4749
9564
6833
9467
3507
9496
4057
4469
5089
6677
10178
8294
3371
9025
9723
1635
1049
2216
2467
12585
430
6117
11578
11651
4989
3197
12771
1100
3481
3781
2203
7763
9023
5773
3063
8833
388
2015
4173
8656
10292
5140
1192
4872
6748
11961
7709
4108
6536
6088
12650
81
12772
1577
5840
4874
8300
6179
1127
3554
6130
7862
10707
2387
2036
9649
9444
9187
7256
5031
5629
1217
11960
9282
5204
2597
150
1547
10802
1784
2006
10918
9333
3241
2576
11931
2953
5019
2372
12879
5396
7462
6412
549
10694
4502
6052
1333
12735
5603
7557
2108
9043
9818
2781
4065
11631
8019
3838
1232
7753
3798
5425
6885
620
1979
6700
3814
8224
7515
410
9250
12878
2465
986
8048
9185
11154
9420
2629
10913
10882
923
629
5105
11814
1032
3332
12184
11902
4940
10400
3506
3690
9500
5321
11278
8125
8615
3458
6365
730
2882
8549
3564
3482
1364
6666
10807
11514
9929
10731
318
12119
7290
11455
5296
10132
12716
4835
4977
7471
11069
1983
2667
471
12938
12673
1489
3329
4562
7279
9591
8485
10018
4662
548
8393
617
12919
3364
797
1479
4755
4880
12093
1729
6591
9830
9510
76
4622
8022
3303
10617
99
6928
2433
9283
7241
7324
5867
12348
4238
4081
9241
11697
9738
7842
3974
1340
286
11689
11882
8786
5640
10129
8119
3465
12918
10923
147
8360
10682
8756
9919
8176
6911
4102
8892
7037
2069
7068
9284
6079
8064
11393
4313
5214
7422
5540
8618
59
11173
5182
1115
4783
2916
3735
9438
5338
3911
10876
7567
8917
10073
8883
11424
6703
4904
440
1191
952
9956
734
5
10069
2373
7821
7919
536
955
9787
4916
5515
2512
10032
7234
3023
12615
7878
9499
1432
3738
5038
1554
6487
5675
6280
10490
10860
6356
9971
321
7918
11916
6609
12562
1298
559
12697
11714
4287
672
10468
755
2679
10655
2721
7267
9749
2186
2788
5537
6678
6064
11191
1735
3729
8585
7864
3766
8744
5721
3316
11682
12059
2694
10513
7115
12838
5477
5888
4159
1490
6525
5328
12007
4421
314
3143
5718
10809
7755
5137
11525
12717
3938
11124
9079
5299
11399
8199
5511
12142
1184
5414
2670
7597
3692
12686
878
2925
8967
3102
171
1605
4569
5626
27
735
10862
2281
5589
11381
4059
8010
7216
4927
9880
74
4518
11896
2958
11545
1000
9273
11502
11247
10775
2725
9114
2868
10236
2936
12371
875
4448
5428
1331
7819
13001
1327
2594
5217
12101
9304
2023
5821
75
3577
6193
4521
728
1810
604
4037
1155
7822
5121
841
6513
12593
3526
7254
10389
4490
11463
2333
3260
232
5421
7179
5889
7855
8973
6584
1474
7743
2122
6774
1065
7740
3017
10800
10340
11243
7433
7421
9041
9808
7893
11790
1303
2457
727
4973
11884
7777
8066
5703
10038
1086
10125
12729
6546
1196
4120
217
6166
2451
11097
1470
7173
2890
10660
8894
8712
5058
9599
3520
6480
10730
4189
11120
3593
8642
8289
12217
1099
12882
8285
12265
8739
5695
4437
9554
10983
9133
3944
750
11235
1037
306
10121
6991
12608
6294
6659
69
5043
778
4852
2602
8504
3575
6734
5206
3820
11839
2559
12978
8996
4626
1640
3695
10413
11102
5327
6268
2836
3899
6753
753
4663
3208
1345
10398
8592
4332
5552
12679
3246
4829
11213
8722
8970
1020
3491
9103
4713
4327
5445
363
6289
8428
8332
3289
1995
10420
7034
8788
9345
8316
12232
444
2785
12880
5220
2754
10007
6582
34
1003
3901
12325
12479
3431
12506
11263
9033
8471
9081
9761
2087
5068
6601
3317
166
9119
9546
5970
8275
4539
8780
177
2554
2490
11143
10573
9666
2354
9449
8843
1018
7403
2462
1732
6075
8363
6086
10919
9614
7348
4555
9487
5241
10757
5768
4554
489
10900
3926
8622
8040
2664
6196
4496
8418
4488
12752
7323
6588
10623
10168
3949
4611
10048
7632
8472
10722
113
3775
1518
11104
8564
4634
4366
1602
11238
4789
12218
6183
9127
312
909
3101
10207
3015
9789
8104
8850
10042
5438
11511
3731
8036
488
535
4926
4133
2435
4191
7249
10426
5426
9702
1866
10349
5215
11181
11964
9678
3328
8944
2649
3240
7958
2510
7070
12141
11343
2270
4025
7482
4419
3437
12740
1378
5635
1717
12115
1145
8338
3216
10546
498
7144
4558
12955
2743
1036
10867
2977
9352
11479
4122
5016
11375
7838
2672
5712
1116
1908
12496
2584
2592
9812
8441
1233
6317
4047
12963
12181
1098
1198
10574
10777
6912
1059
11473
11447
8836
5825
3574
9029
10024
208
10825
5567
11236
2526
3630
8426
1607
11070
5717
2893
560
10895
1606
10795
5816
2703
10619
10758
9912
1667
11080
7411
4827
2698
2098
9915
5172
10738
10925
2271
3736
4548
12041
7591
495
12581
10891
1302
5522
4249
5042
12466
427
3572
1688
2294
8322
1207
2546
11063
7159
1523
4652
12914
6059
1957
1241
9683
1541
10917
3265
8140
766
11006
2326
4369
5845
409
7681
1920
2169
4782
7407
4273
10101
9951
10547
9471
11888
6399
10470
4898
9547
9731
5288
2991
583
3180
9505
10358
5100
11768
5476
9677
12268
8024
11952
4504
8941
7739
10097
4912
8577
6709
2556
2981
9760
5193
1353
4900
1912
10792
1258
8076
3161
2397
11569
2720
4111
11138
2623
1536
6342
5520
12331
1751
7483
2542
5767
7036
11047
3666
10836
1575
11390
8107
10685
6569
10052
9713
1650
12625
1724
8560
4110
2655
10701
3866
10247
3176
12800
2210
10984
11179
4084
4374
10816
2057
3625
11290
6783
868
8550
11658
1862
8210
706
5660
6814
3424
9202
4953
12624
676
2582
10841
9801
2290
1699
1091
4454
6888
5744
9237
12023
7353
2384
5448
8164
12829
3710
4063
2971
3495
1653
8688
3114
5011
326
10700
3660
882
1612
8397
622
7581
12546
2084
11558
9039
5844
9640
12792
11640
4855
1396
5433
7428
11726
11710
10374
10055
615
12154
4884
3369
10557
12779
2707
11548
4899
8096
9935
9887
11609
6069
7840
2296
6610
6333
1502
10025
3626
2119
7810
2826
9932
771
154
2737
10238
7244
10190
7942
11874
1753
902
9154
11494
1740
3252
4919
10924
1823
5036
7899
5041
11918
9580
1058
563
9031
5246
10982
5266
4958
8008
6720
6738
6272
9126
3321
2524
7616
11452
9927
6574
3656
3034
11402
6697
12769
2442
10161
2295
8594
1045
1769
3834
49
222
8153
7911
7988
6129
643
4888
10978
6007
10431
10098
2431
3716
12106
12902
12309
2468
6962
3946
11639
8179
11036
11215
12526
1869
7573
9072
10797
7188
1404
5391
9501
10331
6214
11787
4968
10689
3
4283
4995
11887
2717
202
11679
6438
9232
12260
6896
705
9143
6429
10451
11530
5415
9821
12164
5223
8799
6005
4840
12941
11891
7519
7141
10784
12216
11346
2775
12450
6803
8778
11495
12796
3392
1206
8770
3632
11282
10583
3581
9663
3067
1966
8114
1308
964
2207
10304
542
8613
434
2138
12500
5850
10219
4263
2411
10761
10548
7598
5967
6865
4649
538
6585
3826
698
8906
10535
3849
3576
4727
9922
4572
4859
6350
4801
4809
9528
7719
7094
11659
6607
8235
722
8673
4180
7420
9828
2402
10990
5231
2898
6018
6479
4035
6142
11608
6022
3312
6854
6090
6470
4125
8194
10399
1406
5017
6948
10608
8503
6851
3688
2992
1475
11388
2342
3276
606
1855
8841
12381
2683
3830
107
3700
10755
10822
3648
6613
3547
11027
13006
5453
5278
939
6704
11094
8314
11004
1809
6103
4701
11925
11020
5160
7073
6426
1500
12720
8075
3416
7091
7157
5334
5399
12483
2191
12542
757
1976
3093
4066
2029
6529
5168
10472
497
8133
6073
9325
8069
562
11739
11666
5746
9064
3872
2541
10920
5088
6162
8145
10995
1872
11813
4241
11283
2539
8605
7664
8806
582
6264
6176
145
12937
10641
7380
5183
6068
211
4268
8797
12120
6791
4215
12261
13005
10766
11052
10817
8319
240
10145
3769
7575
1304
6244
3807
12841
72
11534
3203
58
11849
1495
8049
12817
11450
2787
12557
943
12297
6186
3668
1189
8513
4481
6696
1654
10142
1221
4984
1163
2317
12394
5369
4459
2656
749
7067
2913
2481
10368
7282
4694
6285
9699
5237
2050
1879
8063
2938
3341
4708
6211
2135
9129
6451
8792
10306
9759
293
1478
1062
7853
6131
11603
9275
3931
6200
68
10294
12276
0
4463
9255
8945
4625
392
5484
13002
3699
3181
4970
650
401
1618
4474
2133
6388
2557
8544
2834
11082
1592
3782
12541
1170
9158
12859
7142
5125
9223
4733
12991
103
3335
5926
3645
5044
3721
9429
12685
2521
5170
3762
10796
12763
5146
12213
2141
8029
665
860
9943
1011
3008
7814
4744
9360
11842
2685
4599
1839
5600
8180
9398
1004
5378
1197
3396
11727
2967
11611
6955
7101
8222
2388
11349
1746
9735
2591
6857
7120
4643
11394
6486
5766
9171
6310
10028
3189
4838
12928
3562
3191
10164
12762
5037
12439
1721
3969
9327
6631
8297
3556
3168
4432
3619
7766
484
9210
2983
827
10380
12929
2722
12731
2874
5286
9921
11537
2671
9567
1662
11810
7107
260
3428
5728
3523
2860
1407
10914
10776
12692
10650
11875
9822
6097
5393
8111
6781
10020
7731
1899
7675
11176
12446
578
12550
4885
6890
11521
11321
185
12109
393
8213
6060
10213
5733
10074
8664
5056
12971
533
1649
6905
3857
2714
7051
1010
11623
2234
2580
908
8394
6201
8907
11058
8702
11584
9175
11196
6794
3981
590
4225
4392
2598
11477
10090
10257
1087
5090
4825
10013
12379
2436
6148
1411
4328
5783
12871
10993
12678
670
3879
8645
589
10241
11383
3956
6343
12782
7928
7989
170
2643
11470
3987
3106
7437
6030
736
1029
4219
6385
4206
3505
11184
2833
881
4505
3975
9990
9980
6872
8452
8353
2766
8587
10423
9302
9930
1744
10563
10156
2954
12369
2757
2561
11983
10706
1076
3639
10071
6743
4816
6661
10970
9015
6695
1998
354
12812
11763
11580
6431
7415
3448
5111
11971
11680
2396
7775
3647
10403
1947
3152
12376
10866
11134
5269
1236
6225
12979
5710
6983
12573
7833
10813
1060
898
6913
7945
9224
2236
1556
1824
11889
10220
2773
12072
3609
11648
8073
7308
6515
2611
9195
8192
11769
664
9413
2280
2571
1286
4735
10373
6908
10910
10540
4101
1161
5807
10688
10291
3267
618
10262
9215
4552
7052
11657
2061
2996
4631
1088
6107
4244
8992
10461
7032
7200
4685
12884
7171
575
8014
4382
1603
12973
5647
10196
850
8865
2879
5679
231
11325
10639
11137
5545
5135
10948
439
4721
12380
4965
3116
8206
4250
2192
2653
4282
10529
1442
8089
9217
8126
7869
4667
4910
3929
9063
3965
10649
7329
3676
5199
833
6592
10492
7046
5596
5751
8268
4100
518
10002
11823
8588
441
1579
6287
7045
9969
11348
8433
10667
2822
944
8620
9186
10951
4090
4597
11755
12123
8971
415
6810
6647
4508
8579
9442
10308
1931
274
8558
4812
12026
12069
10684
11040
9561
2353
12064
457
8227
6279
11533
6817
3399
4176
8030
5003
7726
11510
11003
6182
8277
11778
12515
2347
10044
2336
6372
7844
10551
10187
12684
1913
1968
399
10871
5142
4641
10870
1838
3408
10245
7930
10903
3096
12924
7888
8388
5950
11800
3342
3966
4790
1095
10113
1516
3862
11406
11914
8777
7310
3160
2644
10425
6553
10880
9920
3255
12495
12283
2987
3919
9885
2534
3452
5570
1786
2170
10453
8469
10771
4957
2810
9703
10942
10253
2136
10505
8461
1984
6381
1730
4723
9400
3737
4390
12135
5524
3877
12035
6260
7977
12689
12613
1346
12631
7824
9135
6590
11255
11970
8595
4005
2964
4800
9308
4093
5801
7206
10375
7057
6046
5621
6945
1757
2883
12988
10017
4179
10037
1048
11240
12944
9451
12266
6245
900
8977
3861
8232
2286
1220
3318
5758
322
1795
10965
4384
10080
1052
12002
12818
10930
5413
711
1655
9624
4242
1491
5456
4229
2382
8616
3768
10566
3742
1498
9923
12887
11951
2096
11355
2821
10502
8895
1092
7419
5534
8476
7320
2740
1787
4395
2164
7973
6340
1767
6604
11337
10527
999
2078
552
2007
12576
12868
9899
8525
5343
1360
3744
3993
8758
5623
2523
1015
2179
8162
4770
8715
6111
1339
8415
7078
12029
3165
8261
2005
8185
12202
10388
2469
6793
10977
5285
9005
12411
5006
3493
3803
269
680
6898
6634
7856
8963
10186
3654
8462
5452
2197
11675
7669
928
8781
1399
2919
7438
6443
7230
10318
12933
1669
7661
4409
4475
8186
2219
10333
2755
7122
11661
1186
12836
8879
8694
9372
3299
974
11347
2260
6010
15
36
4426
11966
12111
6354
7467
3463
9176
1652
2637
3801
6715
652
2532
5605
9797
11550
12269
1670
6605
1368
1626
8554
4272
2107
809
7081
8451
4447
5459
12999
8303
10117
11688
8567
11694
492
3459
4280
11371
6031
7217
1019
12765
9856
8796
8410
4095
9800
12021
1685
6871
9436
9626
613
2420
12738
6926
6708
8144
12317
8902
9013
10096
10066
2495
6819
7568
191
6457
4906
2386
9229
348
3445
1403
2621
6868
10953
8217
12504
10787
1096
7879
10417
10723
5224
11731
7080
6081
12166
1681
8668
6915
6531
2383
11457
8940
4913
5860
5518
8634
12957
5261
4076
4404
3045
7339
3719
2223
2601
7379
1791
780
2934
6243
12088
1826
7980
1714
8808
719
888
1398
120
5255
5824
2908
1893
7356
7441
5936
5279
8193
10303
4590
2786
7619
796
7391
1905
11442
1067
267
3897
9036
12364
4477
10162
12950
9466
10611
135
6154
568
4710
90
2161
6943
11066
4897
4240
2609
5087
5692
703
1312
2446
844
10282
4070
10111
3951
7275
4197
1097
11378
4246
1322
11128
9610
10250
2149
9315
1637
11757
12418
165
7625
4082
9883
10593
6303
10008
6248
893
7555
9080
2229
11161
8568
4648
3788
12368
3816
6719
6823
3407
6352
11140
7974
3426
3130
9192
9001
4153
11602
7699
743
7741
6537
4883
2268
2218
4034
7168
12553
9045
787
11334
5079
1780
4517
3184
8596
12886
7345
10686
8547
8864
5131
1226
11938
1647
3423
2309
2204
4310
2784
11695
12320
11105
11662
8255
1488
1815
7650
5242
4681
3469
4050
10428
9662
2701
6884
5678
600
12688
623
11245
11433
5027
2064
3986
8539
5791
2550
7983
953
6058
12143
5395
12922
9328
7991
2291
4954
10675
5633
3865
9305
1820
2888
3705
5096
3084
4368
5942
4116
534
6234
10710
1827
9881
5673
10455
9814
12248
7600
12051
9090
11293
4183
529
8265
12062
371
66
2424
12843
10981
8827
12006
133
9670
654
9495
8142
4867
5155
12293
8216
11284
11940
4787
451
12617
3550
12754
10940
8493
1190
9300
3874
3374
7347
12457
7637
1818
7208
10674
6828
7062
3954
3386
7981
11593
1363
3270
1713
9845
6380
4257
5060
4833
1658
5389
1255
11751
2094
2673
2777
10344
10315
2535
7796
9115
9220
1524
12036
5624
12681
6163
7776
1453
1259
9440
6199
1852
1868
12230
10716
10459
8624
47
1181
3539
8614
10545
7378
12519
12767
2966
2692
7470
8830
8445
5759
12316
7288
3686
7868
11444
1182
266
9019
3310
3855
4842
11482
2022
4607
2250
3420
8243
5611
6105
4162
5364
5787
4023
8936
7013
7705
1700
3847
5585
7169
2408
1077
12734
3037
7246
11484
6547
2150
414
9955
1948
769
6581
1244
3823
4578
1164
2645
1122
4258
2861
8959
5122
3685
6714
2930
6138
11021
7
2230
12207
2589
10591
12622
10254
5697
6238
3743
3198
8436
7090
8296
4716
315
8039
4551
11843
6296
7962
8983
5969
5203
11276
10092
226
12390
10102
5602
1343
11552
3701
12071
1595
6635
11924
3640
3586
4930
3649
10935
5650
11372
5738
7297
513
4732
3935
9540
5149
9625
8396
9675
6597
9600
5574
2608
12174
1811
2652
8958
3741
1247
2059
10218
3056
6080
6960
1719
8172
2080
7039
63
6146
922
3665
2970
8078
4933
6963
1374
11863
1504
8371
478
5961
6557
5181
11042
11198
9639
1723
9888
78
2676
7300
6233
5835
8771
9573
9046
2168
12155
7770
7479
6499
5392
10094
6344
382
8266
11809
3271
9216
3220
3286
4699
3714
8317
789
1629
8054
4936
5337
11866
3117
6686
2503
1467
4297
2588
12049
3229
630
10961
5686
11018
5281
10280
11362
1511
3760
8173
6327
4347
6710
12301
8814
4161
1891
412
18
2904
3376
6655
4828
9657
4166
896
8919
12811
2423
10362
5228
12047
5092
6820
9121
5437
1357
2993
6982
11050
1907
9952
6497
9757
12896
7361
9944
8751
770
6672
3907
12976
1816
7400
4160
1159
12864
5397
1176
1111
612
1397
8663
12357
199
9603
11861
3395
2319
11324
3065
1847
3250
8631
3914
2199
164
11835
7075
5800
12305
12881
1552
4285
2103
876
12503
11834
10463
6660
11729
130
12820
8925
358
8200
2715
3295
5200
856
11854
5948
4935
8366
1865
9423
4295
5981
8191
9584
10060
10728
5590
6283
9907
674
5878
11943
10108
3641
3730
7233
7304
8023
12110
178
7761
5849
762
406
10854
6845
10095
8425
12517
8058
11683
1193
198
8515
9230
9669
11922
4092
5409
12048
10416
8784
6541
12537
4486
8334
4714
4805
3174
5987
5864
10571
3916
11848
454
4894
11432
11380
5694
343
8929
5344
3311
5051
3000
9692
8962
4557
5677
11397
1318
1354
715
8149
5072
1846
2663
10408
2322
3942
5159
3110
2181
2263
9771
6216
290
93
7854
3258
2708
11009
313
6612
11244
3779
12444
8745
273
1013
11311
248
8798
6078
1188
4651
6527
9091
10076
4946
11630
2137
772
7272
12321
8948
918
8536
7006
5827
9989
2657
12100
5898
8826
7162
12009
12187
3496
3750
10170
3089
40
8088
9799
7610
2792
3573
11797
35
10353
1137
1851
8374
12467
853
11265
5604
6456
12657
4961
4495
3522
4533
7488
3031
10371
3543
1105
10770
10555
8484
12231
12507
3020
1350
3979
9450
6747
10341
6965
12619
12491
3673
2360
6966
6032
9727
9324
1835
10067
12905
10458
9243
7638
11091
10014
3042
4466
6882
4914
2885
2507
2635
10885
6307
6799
9982
195
4351
10309
632
8495
2466
539
3821
6410
11118
5023
7609
10690
1974
4668
11799
6267
12498
7599
5535
2830
5932
7754
11382
3717
10415
10201
9716
3846
2540
2246
3313
1813
12946
6946
9744
11253
12039
11185
12789
11859
12885
6304
8509
2804
10012
10720
1634
5780
3687
7857
5240
11149
11454
12291
7608
9395
4375
10514
11193
11906
4705
12759
10278
9698
4584
693
1477
5029
11228
5436
4889
12437
12386
6358
1915
6941
182
9292
2020
4423
802
9435
10212
6427
1463
11744
966
8359
3389
3041
11585
870
6400
5504
9632
8829
5010
6572
12257
4542
7005
8699
5198
5468
12117
7531
6764
9009
11426
4688
1766
1110
12623
4979
1218
4322
626
4975
12543
2079
10973
12798
10743
7190
7253
6348
7612
9866
7969
50
5684
6034
11551
413
1033
9947
12932
7285
9238
4038
11802
12395
4769
10887
3244
545
8885
782
11178
8399
2853
12993
1377
8279
6397
11506
9313
10952
9722
4067
11811
775
6402
2886
546
4194
1693
12523
29
123
39
8752
7569
11553
2407
5342
5308
8085
9078
4480
5554
275
9416
10411
6373
7453
10703
2816
403
6019
4934
12275
11974
12162
12675
1849
2581
8871
6658
1147
11873
12212
704
12179
11221
2412
621
4604
12751
12698
11748
2496
648
283
11256
4012
2447
7688
7047
4009
1175
2923
12597
12402
1447
6051
12952
12429
9254
89
342
9476
9002
11519
294
12674
5580
2548
9802
8740
9112
807
1805
1645
4972
1452
4004
12494
12038
1216
10908
9085
7040
10239
11248
1054
6274
2522
10222
4343
1590
980
11532
3518
8280
2732
5347
8868
1529
10229
8931
9553
777
3193
7009
6057
894
2030
616
11054
7880
1991
12157
11522
9059
2214
4149
5689
3644
9389
3921
3531
10565
2783
874
2508
1945
8328
7375
10967
361
6408
2569
2184
9123
8953
233
1731
4990
11158
8355
6535
7742
3836
11419
1300
173
7487
12609
9664
933
8735
6533
5933
834
3188
12304
3989
1876
10564
8288
9781
10181
6756
61
7235
5691
5644
2763
2025
10717
11836
8146
4858
10088
8933
7717
11542
4988
6077
4085
804
476
9212
10673
10086
7934
4704
11780
6952
5127
5230
6087
6554
9288
2984
6674
3339
10568
660
7837
12486
9769
10818
8257
2456
2900
12114
5930
9778
9966
12469
3471
4348
3156
4260
10495
12847
3650
2590
4016
3344
12643
10084
812
624
9832
11622
7309
6475
2283
6173
4209
12405
12199
625
5350
543
8767
3783
5874
2646
1622
10520
7504
11564
6215
2968
11954
1223
1583
6067
65
3021
4576
2961
10115
3950
6551
9820
7469
2552
2055
1982
8762
6862
4213
3132
8731
7553
4434
11220
3607
5074
11408
7892
2499
808
305
5360
4851
2155
94
8669
5960
204
3417
7165
11911
12285
469
561
744
10843
3697
6977
11777
9134
1925
7997
6656
8340
3228
7725
2572
511
4248
4220
1261
8825
12832
9130
8563
2253
7970
3406
8046
6178
6986
3300
2801
5822
6265
11789
5013
7439
5593
4041
11942
1243
5839
8566
9314
7700
4305
4535
6056
840
7125
11307
3062
6512
1845
2261
12636
9281
7273
847
12363
11084
5276
6614
8609
7016
2950
1923
601
11633
9336
10049
1138
2628
9058
6396
4022
3158
7955
7536
6878
249
11157
6562
3108
6282
11448
6262
10567
11224
9748
6860
5503
10950
3330
292
3875
323
220
8034
4619
9629
5354
2102
11939
111
7293
2687
11287
2208
1169
5052
80
11944
4844
8190
6883
8167
10705
6598
2504
7181
4729
2619
2076
11064
6573
4024
12992
384
2044
11059
4813
1376
12300
9535
12511
1989
2574
5252
5739
11217
5233
7940
134
5492
6824
1289
8755
11328
10345
9533
4909
3105
8386
117
6271
9060
11377
8000
2293
11601
10476
4002
972
1754
3413
3410
2876
4044
2243
1564
9069
7459
2838
1281
1692
2935
105
8047
12594
5642
1123
6323
10089
5927
3087
7511
1910
8348
1843
8408
2716
3973
794
9355
2238
12228
1177
1857
6359
1936
2032
6299
9477
7757
6127
12904
4516
9770
10534
1254
2614
9369
9849
5184
4489
10085
8163
10313
5757
8083
4656
9724
1202
5472
1707
12408
1454
10442
10960
5150
3443
5005
12641
4169
481
4330
2325
4147
12920
9853
12819
1381
6472
2450
11373
11310
1106
2026
9674
9680
5455
7452
11338
10653
3707
8298
10406
4223
5634
10699
1773
1709
8801
4364
435
121
2823
9831
5211
5984
11699
8274
8489
11782
7192
8890
12098
225
7484
3551
3777
954
11730
10842
11214
9521
5900
3275
3253
2515
12876
4629
7158
2767
6789
9490
12518
7993
3472
8080
6930
12426
10483
7001
710
11398
9492
11360
3853
941
3278
9718
9967
8638
10242
3696
4693
10203
5687
9245
5306
4113
6749
5069
12984
6185
5061
7381
3014
11445
5843
5287
12626
580
4337
2430
9953
8506
1741
6256
6682
2125
5828
4461
5754
12170
3799
6757
3924
11573
8599
6049
9977
1793
3528
10337
12201
5506
11762
11962
4216
11791
7563
12808
10312
5324
3669
12909
1917
11407
6506
10360
742
8152
11135
6062
2160
4427
12432
8226
7576
345
10481
5613
4659
1771
9138
12710
2323
7049
11496
8821
10180
1584
1064
9503
11122
8225
9383
5833
10781
2774
4415
12335
1280
12822
8282
1873
7135
11806
7463
1120
3404
7148
3232
3405
6750
2212
7834
12799
6742
6312
6539
11271
11028
5797
1231
12547
3418
3538
3129
1437
7227
1863
9323
11329
5737
6403
11246
8986
218
1246
7209
1578
11232
2361
6217
4416
831
3178
5315
12361
12888
5461
8726
1537
12191
7102
2063
8652
7944
5806
4214
8505
7804
11345
4400
3111
2429
8372
4346
6440
4417
10274
11737
11772
11369
3565
7331
11720
9105
5081
7319
2600
6744
8682
4879
9701
5963
10676
10328
7538
11984
12660
10992
5778
10206
5307
8581
8693
2903
2001
6953
6538
137
5906
1066
1621
6736
8380
9537
737
5302
3100
8842
5099
3066
6894
4414
4761
10432
9439
11322
9829
296
127
12434
998
4895
2405
11044
5132
10120
1283
10383
8898
10869
2980
8569
3043
3029
7416
5264
46
10669
3462
144
11089
741
9945
262
4875
10572
11199
3780
3215
9867
4135
7550
3254
12384
2159
9643
9909
10
4567
3402
12356
2123
10006
2778
10146
2269
8376
3724
3637
3164
2051
5154
6047
7916
12580
12962
8208
5657
3888
2085
11087
6170
12604
1006
5829
6691
2583
8820
2037
3107
9375
5784
9687
9642
6209
6891
11765
9958
7696
10726
7861
10590
2630
5311
10397
9100
1468
12603
7873
2558
12241
1985
9959
10150
4094
8876
12077
4234
4550
8392
3759
5298
1014
7302
477
6843
12925
3470
2070
9606
2350
11493
9148
12985
1114
11520
3268
7832
2308
5057
9556
7644
8068
10644
7596
8154
6987
1549
8060
12034
5578
8708
6866
5666
3474
10000
7692
7815
6773
2828
7513
398
2101
7119
12996
11386
1514
11701
2458
1588
6608
9809
7778
9729
5263
5030
4996
2770
3005
9539
4453
9279
3430
2403
6208
3984
6852
7095
9913
2827
1616
7358
8630
3492
12895
1665
2395
6301
7828
425
10279
9714
12015
5664
5361
10946
10602
7271
11071
7845
408
8487
3451
6556
11001
4823
12758
259
6394
4365
9645
12548
11319
10352
5819
1371
1558
3977
3708
1892
4566
6576
4711
9970
12137
7370
7527
8938
8260
3733
987
7153
4394
11858
11286
4637
11057
7579
8866
1808
9562
1825
5668
5133
11788
1886
1310
7269
5724
1152
3895
2587
3542
10070
3136
4817
6917
8717
242
5982
10980
11927
5781
6300
6923
10390
1410
3301
7495
1505
1446
12045
4868
8229
5232
3074
12863
767
9926
3988
10019
7995
11831
2669
1072
1402
10692
3631
4976
9900
4311
8524
9264
9061
3789
1128
10497
11192
12080
2825
3617
6191
8937
12307
10346
20
5939
5034
9022
7085
4793
12733
2273
11159
6466
7618
12743
7877
2088
1278
7436
642
12336
464
5262
7793
3022
8985
6053
6370
2586
7846
12412
2445
6999
458
8928
10538
5164
10625
1485
10223
11718
3903
7627
985
4756
327
6409
738
7140
579
2843
11795
11594
9462
4830
4088
2553
7228
10518
6459
6467
823
11460
9437
6290
11876
4198
2840
291
4722
10645
11702
12566
4170
10788
7712
187
5823
6110
977
10702
1736
3605
2940
8086
1379
7106
2139
2282
9054
6254
12520
10832
5608
4154
7593
12387
3072
532
1140
5235
8135
10289
8453
11423
3672
11903
7634
5371
1416
6169
2158
8306
12391
9791
3546
6779
6786
1395
8398
10539
7927
3614
7280
12354
5868
10081
5973
3018
12052
11830
2334
9993
11907
3917
645
11376
2824
5769
7545
6221
2859
1807
12986
5941
11517
6514
6545
12860
6580
3852
7130
5594
9939
8912
8286
12718
2034
10152
10739
4420
12642
1195
7458
995
7547
5871
1306
8719
10021
9170
3306
510
11166
4314
1414
4292
12443
4117
9110
470
11374
9488
8390
4549
2416
9393
5551
6932
3794
3778
6174
12568
3001
2867
4158
12480
3549
8480
1557
4462
6625
699
2492
1229
12803
9239
8670
6717
9341
12422
12463
12574
30
9131
9736
3761
5161
4980
3237
6298
7556
506
2806
3337
958
4378
491
5479
12108
4923
8382
10586
5573
10773
9361
1573
7191
1819
5543
905
1272
1271
1330
7912
2768
10986
2298
1574
12343
4673
10460
2814
3594
9139
9548
12956
10601
6028
12719
6029
4185
12477
4039
3334
11480
10556
2205
10246
6042
932
8888
11144
1591
10268
2899
11579
3603
9174
8632
11147
5971
3885
7491
12459
7473
12966
9824
10354
253
8535
1156
800
5180
8695
9101
5809
5597
9590
2176
4127
11241
7960
11543
2845
2124
3245
5256
324
886
7574
1252
7516
7257
4754
1061
12215
2914
7801
6484
8606
12513
1533
10607
1832
2438
2114
4317
3953
1530
6671
11269
6423
10317
10320
10266
4583
8132
6785
9116
2488
8284
11024
10966
4424
10528
6728
6302
1284
11955
5496
1715
3059
5320
8681
1375
10046
803
963
2014
9177
5959
2231
8689
1690
2163
4300
10047
5489
591
3567
9353
5533
8610
7118
5915
8692
8741
11681
9963
3610
1980
109
11716
3466
10409
1928
3162
1946
5525
5317
299
2575
7732
3370
7906
9096
8175
8738
10846
5914
281
829
3272
1559
724
3611
9233
5349
12659
2957
12588
3336
12635
6619
9489
6338
12398
5572
1887
5446
7027
867
26
4236
5363
8128
790
5270
8727
11650
12282
9234
24
5316
555
11078
2279
1668
1666
12186
4341
11781
6003
8188
10748
4372
6903
92
6219
12527
7327
4036
1419
3615
8020
7523
3976
10827
6746
10191
2369
11456
9752
6011
7746
3767
7635
12696
4465
8293
8381
570
7791
4398
968
6548
3791
12286
11574
4222
3940
10427
4784
10657
11933
6648
11524
8460
4446
5500
11821
5620
1539
11868
11754
3561
7701
7121
5714
6316
6246
12433
7160
6341
5480
1506
1952
12645
1075
10252
10407
28
6806
5521
936
3828
5729
11549
3343
4553
8840
9638
11624
11453
8432
8475
1525
11231
11808
11668
6633
10751
890
2665
3746
11647
6471
7528
5443
4145
6204
12637
5238
6306
11649
4388
6390
10997
12677
5018
7307
349
9020
2889
12204
759
9999
12008
9299
4924
1581
9339
3058
6594
11229
5054
7522
12160
4706
608
7772
971
11034
3939
8785
9427
2761
4712
8846
11856
12867
7836
12208
10200
6240
8070
1954
1674
2224
7429
4986
1440
9531
7015
8998
390
7999
12578
3595
9847
1444
4657
6759
5171
3078
5834
12936
10735
8031
5583
10339
2709
2227
7896
2688
7186
2148
3898
9235
4646
6679
1548
9318
5126
7886
8095
7829
12012
11274
10525
5416
1882
8182
10780
8295
11254
4403
12964
5877
11654
7335
5947
6205
764
4660
2863
611
6886
11963
11202
2284
12288
554
7639
10359
11758
3537
5830
7056
1587
1260
10078
9391
9552
11723
3900
9988
11219
10680
6847
4760
6503
7340
6092
8854
701
9620
5681
4451
3133
9612
8746
5622
8249
7382
9411
9399
317
2501
10678
8949
7460
12296
10666
2915
11289
3099
9480
131
12306
1143
11126
8481
10808
6331
6477
707
124
11555
10605
10714
12700
1927
11977
12410
11785
12000
895
7968
11421
2332
2945
3635
10329
12883
9706
1336
6675
12901
2314
5248
9516
1960
10485
12628
10595
9767
7485
6520
9246
8090
2237
9200
1427
10916
5731
10541
7554
4075
10613
12209
9728
9897
4470
2285
11708
6681
865
115
11736
1842
5952
2359
12370
9817
11838
4182
5774
51
9092
11504
6137
10569
3186
2049
2857
5257
4315
482
8939
6889
8523
9754
4943
11733
114
4017
10637
9351
5873
558
11490
11745
12774
12458
9089
19
12353
10208
4126
522
11880
319
5290
8844
5579
5244
5655
12761
7908
10454
2705
5487
11222
2153
10396
1391
1695
6844
1311
1774
3745
5847
726
6329
12360
8013
6550
11194
2525
3790
682
4585
2460
9088
10659
6827
9460
10945
5919
3508
12130
33
1317
661
8384
10521
452
4778
10290
12478
8966
9310
712
1089
8248
9942
5025
2907
1720
4168
2818
8580
1594
12857
9166
7948
7936
11418
2632
1466
11886
4124
8420
9991
10587
3040
10063
12647
2247
10901
9317
12025
9287
6673
9843
3441
7197
11587
1900
141
12349
12668
8627
4121
4208
282
12251
619
12146
215
3355
449
3961
11936
1708
5101
5450
3663
3585
10614
8131
12161
5530
12662
1325
11148
6242
7023
8178
11764
7984
4520
9609
2126
1389
5610
14
3756
3076
1293
5368
3751
1224
12136
11090
7748
12198
4136
8055
5881
3912
1323
11516
5015
4541
9654
3444
9087
12877
2668
1117
7949
2177
11999
8900
7624
10971
10847
1501
10691
3905
8683
2739
12464
2075
4472
1761
8545
1742
12169
12669
5725
8639
2
10288
466
8696
1571
10835
10949
9911
4028
10985
8647
5312
702
1157
5627
7330
64
9872
4746
9906
5996
8543
3560
10811
9527
9384
12908
2771
1881
4058
1747
11935
4186
7252
1084
5862
1850
12003
91
517
10099
12814
7779
5755
5014
2989
5669
10976
10480
2422
8419
2772
9415
6026
9536
1031
5776
9668
9725
7921
7072
9077
5512
3909
4581
10577
11796
2459
12982
3489
5001
7053
2311
270
12274
12270
1745
11523
448
3225
9180
10904
11462
3657
11259
11129
4083
11223
8538
4294
3354
3540
7478
280
927
3479
2316
7957
10364
11300
9018
7110
4040
11250
3887
8404
11344
1538
356
8583
258
8368
11728
4087
11037
5587
336
6864
2791
8521
6754
9994
8678
10812
12726
4335
9940
8877
593
10477
3876
6115
6688
8860
12460
8995
5463
2074
2167
4959
5251
10267
6813
3148
11208
10894
12934
8026
7044
4205
4564
7552
4892
1660
5688
2647
309
2355
2264
4491
5544
9779
11563
4312
9107
3414
8252
11205
485
5148
3124
1090
5124
5571
12711
7529
6259
10134
4157
5902
1185
11837
11895
9156
7225
2310
6496
11812
7602
6668
1051
6393
8858
3113
3262
2895
3870
9034
8527
10754
4595
1981
5558
3112
9871
3167
10402
3844
6118
3359
6895
3915
5566
8341
7783
6413
2529
7537
5116
9661
7909
917
10293
4736
12054
11203
10746
3679
11930
10209
2188
1148
2220
9608
3871
5227
1617
2764
9356
9550
526
1413
1412
3592
8124
1788
9428
4344
760
8724
1386
9151
10144
417
5713
5055
5175
7114
52
1393
12236
8118
11801
4172
1349
351
6434
2641
6916
584
3467
673
3892
4998
8071
3805
3653
9937
12664
12598
1781
12372
10926
10452
8230
3207
2762
10931
10845
7172
1321
11150
2482
10184
4339
2990
2410
12177
11257
7054
1422
325
8002
4350
5897
10511
12827
1239
5895
10277
6564
10479
3589
2659
128
8870
7953
10210
2497
6825
6944
5385
721
4951
2071
11850
3980
7704
11803
9858
12089
4580
12639
11099
5120
10126
4079
6595
11642
129
8743
7229
4690
10833
7615
9485
1253
8457
9697
5091
7630
2625
1383
8903
8345
4798
501
10768
9184
1326
7008
10762
2487
9373
1620
6684
12793
3827
12989
9896
1435
3529
6360
1171
223
9262
12453
11871
1431
9075
391
7417
7086
9542
2400
2240
11562
9685
5957
3293
7066
8916
9747
8110
11957
863
175
1961
9834
4776
1240
7959
9445
5749
10447
11536
11881
8502
447
6143
3628
813
6510
5000
3125
3326
7413
11056
5115
768
9434
845
5118
1749
288
11075
1008
6758
1512
5191
3960
6258
5818
12147
1829
2278
10075
9463
2287
635
3878
3283
9705
4779
2610
1853
5735
3982
4540
752
8789
12745
2944
12703
3800
7694
11260
5680
10061
6430
11029
9113
4449
1696
12724
4245
8787
697
11735
9152
638
1285
4323
10793
7594
7733
10633
11665
1166
4797
8429
3436
9181
12287
8720
7614
2500
12329
11489
9709
1848
7809
3071
12351
733
10157
2728
1683
4653
301
5745
4014
2097
10269
1519
7835
9196
8378
82
10670
12821
3231
7055
10376
2485
1563
4802
4546
5550
4678
9162
4003
7182
10737
168
9975
3338
8775
9173
4775
716
2493
3095
1630
7540
11434
8228
3104
572
6869
10979
8680
9756
9700
1555
2917
10139
8342
7674
9693
12438
4443
298
8625
9380
4239
6974
11326
12913
10718
1762
4636
6958
4730
6041
8437
5577
720
7239
3934
10709
5854
2543
6849
9244
12247
5365
8325
10508
5538
9785
10270
9835
4545
7802
11883
11132
12658
2812
8349
5876
7950
11634
822
4051
5113
11350
10105
4614
5670
3475
7385
12435
514
10604
6653
3928
12178
10958
1993
9251
10944
12133
12099
6061
4511
5429
41
12539
12339
6994
2221
4748
982
9518
149
7214
9751
2660
1021
7365
708
11485
1638
1338
4096
8643
4237
9882
10906
12489
11928
5931
12805
2942
6879
7677
525
9695
6420
12273
3073
3882
4142
4672
5021
10507
1859
3680
12712
4834
9948
12194
9681
4773
4144
6339
5139
1712
455
11586
8369
6074
4349
12508
2570
7751
8189
9954
745
3842
6565
3375
7925
11860
5598
11712
4620
2318
7301
713
411
12083
1901
723
10322
7937
7682
2873
3726
11323
10677
10248
3970
11281
3224
416
4725
509
9161
5918
12234
5359
431
1337
4151
5165
6540
7998
2008
8795
2617
8102
1513
6275
7762
12056
5207
7251
4882
10498
8267
12431
5866
10884
7841
7435
5380
404
4877
7643
4759
4316
7028
12245
3963
3003
101
1860
9028
2154
12833
806
1082
2143
9594
12028
2401
11045
6202
5519
3817
6126
3835
10877
6919
4527
1796
16
7343
10600
10671
216
3314
5599
6526
10211
12611
11165
10283
1987
4613
10077
11804
8768
3277
2642
7048
4677
1329
7913
10050
8198
10441
4281
4128
4522
10663
3154
3264
1457
1997
7111
12298
5592
5355
2058
12005
12046
4276
3373
11031
11684
6462
5376
1208
9509
1896
12373
1486
44
9676
11670
4556
2173
8562
12206
11965
1417
8448
5921
12149
1806
350
7367
1256
8603
2736
12648
10011
3636
4512
9231
7126
7405
12851
1797
4606
474
3533
9810
1242
1366
1716
11096
237
4811
4018
7667
907
10544
975
3994
12249
9335
8283
6775
5553
6859
8809
687
3075
7994
5221
3948
4831
146
4187
1203
921
7648
2680
243
12159
2797
6318
1228
4393
11901
5899
6741
2712
9381
11471
10391
6615
12621
12892
11742
9312
9329
5584
6321
1139
10824
9792
8810
2847
5979
9447
10365
6642
1426
8219
6236
6954
8467
1282
4217
6835
6534
12102
4806
5070
1430
2731
10560
6662
7749
5490
6698
2639
11292
11610
10763
12651
1959
2568
1462
8621
1290
45
10296
6830
816
5008
1009
2304
5293
3379
3722
10581
2266
889
1043
12210
7787
4596
1352
4902
4764
12968
4201
10998
8044
2112
1222
8859
8264
3412
10205
6790
1451
3243
3201
9431
3325
2605
10578
4178
10151
12916
5417
12267
9788
6780
5067
4288
10934
2613
268
7175
9343
10609
2165
12074
9396
1821
3881
4832
846
7978
7826
10779
7481
6711
1424
7747
10119
4013
112
10921
9293
5245
4441
4661
9840
10883
9132
7281
3629
747
5842
11242
2748
6314
6351
644
6120
3210
7174
6009
1023
2328
5260
4630
6628
11732
12401
3584
2702
10286
2633
9321
10448
7885
746
7265
9992
5386
13003
3633
3450
7551
3579
5162
2132
6446
585
3530
5696
11900
7010
1678
4265
4411
3998
5858
12915
1992
869
12753
12253
8838
1760
6863
5481
7711
4422
2520
6822
9145
8623
8532
9024
6586
5706
9851
3811
1964
11865
1777
5841
5486
4575
12330
11989
924
6489
5674
8533
9658
3763
1768
11458
6066
12531
8908
9167
1269
7827
6981
459
7966
1459
4826
10765
9422
885
6175
9038
5951
12699
6015
1611
12465
1172
11016
7935
4878
4602
5945
4010
12490
8456
1568
10664
8321
6241
8881
9891
8065
10859
11438
3251
3968
2180
8443
6473
1124
486
9035
6596
2024
7817
3541
5478
10010
12126
12682
891
9964
3511
7109
10831
11272
6013
5510
4803
12425
10275
7387
11285
4591
5026
7414
2749
9402
12318
12220
8347
9470
3535
9017
7990
10588
10446
6821
10298
3894
10542
2963
4561
8301
6106
666
6997
9581
5420
2730
11449
10589
9410
2719
12524
10790
12702
8375
2083
9276
3086
3720
4485
2872
366
4932
8723
3689
7917
2537
7372
9653
8327
9592
5741
8686
2803
6763
11636
493
5794
8387
11618
6297
3274
9931
369
12683
5992
2756
7900
11327
12385
8373
3013
2111
5785
5879
3725
1179
6337
2544
2603
12239
7780
4983
402
594
4609
10561
11644
3002
9136
6311
6599
9446
9798
12931
5046
5682
1136
2718
2289
1676
10295
9374
8442
4139
10143
3813
7806
3115
1104
4510
5381
5548
9743
12858
229
6767
12079
10742
12053
205
7424
4494
10996
5569
8352
7427
2483
4807
139
2517
4781
9780
1646
12066
6055
3839
3516
3583
12440
11127
11792
190
515
3012
3773
1722
8464
3755
442
610
4862
11738
6935
12407
3206
10001
9071
11919
10456
4709
3978
9574
9021
5893
1365
815
12766
7636
5143
9586
174
4381
4635
8498
5723
1178
420
7201
12393
4129
9978
6152
2677
8773
12019
297
8932
2305
4795
2109
1408
3627
11270
1153
6405
4674
10153
2538
5424
11614
10226
6777
3461
11339
9750
11427
1429
238
12893
3544
5377
7923
9595
9421
10712
12579
2093
2329
9571
7786
12436
1461
6050
1914
8074
9093
3999
12794
3985
1515
6488
3091
2871
6657
9140
1135
9194
10487
6229
6579
9370
7967
1355
7395
4064
6651
2356
12747
11615
11656
2324
2769
12010
3182
3057
2976
12521
8242
12607
12844
6712
2042
9468
289
6270
142
5817
8657
9362
1270
1861
11981
375
7074
5976
9157
1209
2489
4666
9575
11707
5752
4298
6902
8043
4893
7170
7096
2910
7362
10321
1883
7002
11459
5062
10769
8414
10764
8079
3126
1755
5331
10750
4487
7498
8343
5284
8430
11691
2805
4442
8960
11062
7394
6957
9572
10829
6324
9218
9301
12482
7679
8305
3706
5559
2018
11722
10110
12277
1183
5928
7583
11756
12861
4224
1799
2798
11499
649
12175
12200
9559
341
11051
1380
13011
9514
11503
4747
10301
5616
10576
7976
12582
658
5065
12736
2374
7514
5153
1833
6293
10603
2699
2306
988
838
9350
5740
7277
7465
12691
11358
5190
3304
8
3525
6024
4230
5194
2421
5546
7723
5726
368
1297
339
653
7464
1279
2640
8617
2742
5330
3582
10214
5440
11316
11298
1582
9137
9579
633
1614
12670
8730
2604
11798
11743
1951
10888
9494
8385
12400
1034
6213
9961
4326
5174
6070
12559
6561
6222
4303
8329
5400
6971
6876
9153
3468
12197
4665
8099
6933
11019
2931
3598
7721
2744
10316
11258
5407
11715
12715
4431
3298
1039
1521
828
2047
11539
2017
6606
9430
2892
8094
7476
792
5066
251
8598
8635
11577
2142
6701
6670
3179
5097
4697
10584
2463
11686
12845
5411
8016
2331
12972
4061
11561
11807
11625
4331
277
11572
5676
9894
1129
6439
4115
6194
2453
5763
3772
12314
10381
4046
6995
5715
9861
10261
13000
8705
5974
4544
12237
571
7831
5301
8209
8608
395
1702
11469
2117
499
12263
3504
3069
2928
3787
4218
5435
5904
3230
32
1902
7092
9710
11637
7684
3957
8233
9120
1926
10810
5944
7535
8679
2878
88
5649
9118
5637
4086
5297
5467
9371
221
5239
11784
9012
7245
7231
6947
6807
3242
2982
12837
8307
6319
6724
3282
4536
188
11721
6157
6907
8474
4876
12125
9144
10079
6523
7318
7033
12850
1801
8122
7030
6530
10821
7283
4724
9346
9106
4319
12195
8729
8961
8774
2704
7735
10494
9242
8684
7866
7658
7738
4042
12994
2901
628
10062
8402
7432
7876
2689
8772
7454
930
10404
3818
1199
6829
5226
7149
7767
2912
3401
1151
8831
10896
11368
10478
9016
4605
7651
6616
1041
4405
6735
4021
962
1496
8942
5582
126
4941
2045
5045
7803
1527
11996
12835
4506
4962
3723
8468
230
7904
6516
7103
9472
85
10091
1632
8732
7402
12203
8148
11498
12065
9946
11704
8530
8350
4137
837
8166
2244
2695
8855
4955
793
3353
1130
5514
3411
1542
12804
3884
12075
310
5247
8852
8308
11793
12487
5234
12416
10307
7134
6972
9236
1918
461
6465
6870
1277
5152
4523
278
2391
1219
2073
10582
7489
7303
5832
3532
11
5325
663
4679
12448
1834
6223
8957
12869
718
3580
5848
3815
2922
12084
12271
12538
5901
6436
12778
3863
810
8512
1562
10204
5645
5158
8478
12345
3873
826
5495
1142
9708
12630
2599
169
176
3825
4598
3891
246
386
599
1341
5606
3659
3996
9530
11613
12250
2697
394
1543
6288
12104
9524
4342
8500
4794
12549
5698
7812
9667
12032
12262
12744
9484
4617
6942
11095
7750
9475
1292
5373
3296
8258
8565
4994
7565
3932
3085
11775
3147
12570
8067
3664
8947
3943
8514
10570
5517
95
12243
3806
1030
9227
7390
6495
1455
9042
7533
9117
1081
84
903
11446
6518
7218
10029
1173
11011
10361
2011
10840
7189
11583
5458
6706
7633
11912
1369
1778
10342
576
9221
11937
10393
10632
5294
10615
206
12891
8250
3661
5009
10357
871
9859
8508
1316
2999
4588
2849
4291
6006
8204
8134
4360
10554
2585
11616
8915
186
9766
11844
6951
5333
5955
9775
765
1162
11870
10469
12313
6880
7922
2858
9368
6732
9249
1214
4027
1367
2038
9615
1348
12358
252
6959
8263
12001
5671
11210
12388
11669
3219
6171
7685
12784
9841
4
4612
12873
6363
11899
7341
5595
7369
2579
2733
12224
5648
162
1733
3421
950
100
7655
7177
8165
10991
5404
2793
10036
1356
1200
3678
9473
1119
7289
6532
10756
9412
2151
6463
3213
2615
7663
9557
10512
11692
9298
3859
3007
10385
4196
8662
96
10160
8121
7683
3711
6831
1560
9390
8117
12616
8081
3236
1814
12634
2241
556
1895
756
7718
4412
8993
7384
7871
12113
5145
9094
3081
8496
10232
9805
2896
10310
1388
1675
10439
8687
2434
1361
2759
11949
8586
194
11947
8330
12775
3947
12497
2693
8828
7656
3658
4573
6840
4700
10401
9209
3447
6442
11119
4937
7799
8150
990
9172
9986
11638
7708
4354
5764
5762
56
7468
5998
7004
1522
8546
9890
4163
12452
10347
10260
6269
12258
11098
6160
8302
4846
4836
2696
2631
4993
10473
6897
8834
8667
9684
3890
8516
11690
9807
5167
12742
2758
3618
73
1694
3952
9469
426
11607
12826
3758
8201
6636
786
2473
9793
1296
8077
2000
9875
4500
12555
5965
10579
8661
10844
12190
4356
3403
8098
5267
1651
4254
11909
2802
11288
4654
5661
899
3555
9030
11162
12013
6841
7881
10661
12815
10356
4574
6980
6795
10311
2636
2028
4671
4615
2039
799
3449
3233
6745
119
2943
7884
5469
4974
8434
6417
9342
9938
9073
3634
8997
11123
12525
4560
12493
6116
1967
7215
5920
2897
5004
7622
4379
6998
6112
2065
9269
5295
10493
12067
2959
4226
12030
3784
3361
11301
7456
5394
1465
5273
12514
6155
7270
12451
1070
5104
5351
8725
4589
9453
2658
8759
7248
11401
2033
3655
5882
3601
6072
11296
8857
4624
7714
5383
9648
8025
2337
688
8018
11041
6448
2377
1888
3256
6083
10516
7526
2215
4720
104
956
740
994
8003
2187
3698
1400
512
5358
6649
10630
5588
11576
2275
1963
3983
9491
5141
2053
6346
6437
9498
4152
3172
6218
235
1016
4655
5631
2852
11559
1610
2593
3886
8035
5793
2494
11464
10652
4329
7494
331
9855
5777
334
12612
10233
3122
1213
9918
2235
6020
11086
3747
5853
2454
9311
7313
5086
329
10302
5727
5704
849
483
5225
6507
2566
5804
3294
3429
12528
7668
11771
2527
3646
2385
5565
3027
7562
3578
1204
10174
523
3476
8309
2972
3749
12294
5562
10467
6012
3302
1763
2444
1585
11595
1113
10938
8212
10488
5509
4568
7965
9551
8139
367
4000
2048
4060
2415
2994
12599
2829
11114
934
2089
5075
10868
372
4948
102
6292
6834
7902
2974
11840
3239
12428
12327
3642
11945
1800
6263
12246
8507
241
2256
11992
4969
9076
10834
3397
8181
12687
9737
11318
12975
3222
3600
6401
5632
7601
9621
9854
4772
10969
11156
4251
4106
12455
11065
6544
4274
551
1141
7116
12512
5236
8483
5539
4870
6128
2533
1875
2303
9694
472
5173
4476
10933
8999
5683
10112
8431
7903
1738
6766
7582
6800
2067
9617
3327
4513
1903
8510
12828
8446
6355
6733
9146
8323
7294
7502
1743
11653
4808
12299
11234
1235
801
5357
978
10237
12781
11294
1770
11676
9577
6848
4399
2870
10438
8952
10537
200
4942
10106
7042
11039
2072
12980
3792
11133
11826
12522
10922
4267
6665
2297
13009
11626
4675
5857
6039
4908
5470
11026
6769
10412
7041
960
3809
10592
7472
12471
6961
8526
12185
748
10624
2654
6458
5474
4235
4138
7543
8084
12912
9211
12499
10954
7298
3480
1870
7710
1291
6818
9478
12235
5157
11724
5643
6084
7947
5836
12076
5179
9008
12441
2232
1534
3173
3438
4199
8354
7334
8869
7626
6639
9319
3322
5177
4582
1420
8240
8477
11428
8183
3937
11474
8127
8733
4269
12255
11061
11251
4207
10530
3088
10759
1201
10167
2835
3004
4507
6552
10221
679
3356
12654
5253
5531
7808
5958
6476
1706
11239
10987
1249
7442
10034
8281
1752
5799
3596
11379
2010
2110
7477
9278
8847
7031
1102
3340
10654
6578
12590
11415
2364
7730
6856
11072
10367
603
465
3183
12061
8718
2795
5803
11600
7185
3324
2684
12780
10596
7003
8351
3434
2927
11590
12906
2002
192
8927
