588
8359
1748
983
11403
5720
8649
5786
9416
8333
5147
11111
1617
12959
6805
7554
4325
4485
12994
3387
12650
11025
10583
1447
11081
10721
2705
3902
7509
6753
6180
8794
1987
397
2997
8780
6855
12108
2449
12587
11280
1238
12090
1307
13002
3606
2156
6149
1761
2433
6846
9907
11169
2766
8360
7702
7573
6250
11649
11209
10189
7865
3288
4563
2846
6238
8642
12966
8362
11725
9527
10671
9905
2192
6490
1160
12022
2648
9111
4184
10229
2978
11107
9495
2134
7935
8460
10208
669
6637
6743
10860
8972
6635
2731
9529
6687
2949
5254
2921
12869
6963
9481
7760
5439
1180
6934
8896
779
12021
6685
12136
9124
5760
12258
12483
10088
11187
4826
9204
5108
4895
1782
9399
5985
7561
8003
1272
5227
6291
1750
6508
12129
11906
9916
4008
11387
5719
5539
7137
4430
2220
8753
8937
184
7241
1591
6833
6347
778
7679
11067
12630
9702
4324
9207
9307
2675
11472
9469
9549
3485
7408
11625
7734
7151
4200
7791
11248
12292
12737
4293
12264
9632
4319
6769
3628
5216
7956
1426
11375
7881
2060
9577
9560
7211
12390
11222
12575
4526
516
8903
3762
8400
9373
4760
9410
3195
8262
5398
4916
7085
6526
12861
8218
6139
3623
11211
9455
8685
9984
8075
10725
7447
11900
3726
6406
1469
3139
7274
7216
1205
3812
10496
839
7581
11155
2594
12808
4575
11391
5831
10782
6566
3425
282
594
11076
1551
6929
4468
11277
12877
12825
12848
7558
6467
11839
8511
2296
2113
11466
6589
12755
2265
6487
12466
1405
856
2129
11647
9036
3578
4334
3054
7157
2753
12684
6782
12796
11847
8413
12697
10897
11334
6579
9435
4738
10662
11878
3619
12781
8600
1140
4207
6681
7287
7425
12306
2354
8326
4951
7239
9465
1421
9487
5242
7420
12898
10193
12572
10317
8945
7867
6700
2912
6968
9219
4985
10537
11854
10472
305
7107
5686
12534
2466
11642
12416
5220
12311
5362
8612
11269
11260
6989
12602
4990
4201
10952
4829
255
12524
8214
2875
11220
8873
144
9032
3029
12493
10531
12908
12918
6185
3978
11705
2936
12392
11910
1859
12002
5370
1396
12766
2010
2534
12362
9297
4704
8726
8613
11252
193
10182
12243
270
7215
2344
9079
7000
11402
2040
5019
5233
12259
2464
7093
9175
10180
9488
10057
8270
4309
9829
6515
903
7819
10622
6245
1044
5249
4550
7822
10650
3655
12628
11488
8676
8295
4219
1043
6979
5085
3616
1808
12549
339
11167
8263
9813
3059
3271
6520
11133
9800
3853
2392
165
11583
8455
9339
163
11476
7080
12727
12784
4849
2994
11417
12269
4889
8659
909
10640
2365
10192
5554
3908
7278
11053
2983
5848
5014
7341
456
4418
10485
7723
1123
4255
4853
8815
1063
9150
9348
10732
5676
11063
3556
8017
11531
8313
12515
6880
9873
2617
6546
9556
6302
5008
9679
109
807
8390
7334
6039
11383
5893
1343
10246
2193
8909
12947
25
11340
7104
3776
1084
3629
7870
12127
11374
11177
9520
2529
2636
5163
6602
2664
3394
7004
9137
8110
6421
12063
2059
7477
3741
471
11679
12402
5331
906
6457
421
9456
11163
6878
8369
11946
10668
1169
2483
11013
12944
6890
3131
1504
5880
1543
2131
2442
11586
10247
11977
1993
5568
7958
12507
10738
4918
9367
6585
4345
3457
2790
12676
6536
6096
4152
12637
3178
10064
463
8176
543
7429
8850
5804
6822
2170
5888
855
10305
6823
6043
3582
11078
8192
4746
6682
2693
1177
5405
10831
1528
8350
1774
11886
12531
3696
11003
9900
10160
11299
8138
6533
12586
4076
9458
11754
5310
2590
8617
420
2201
8065
11479
10127
11703
7503
6033
8697
354
3438
9464
11176
12651
1175
6780
8348
2014
2493
6801
1716
9003
12962
12660
6564
11575
4353
2116
12485
6779
6206
9830
4705
6028
12536
7286
4075
3708
10037
10186
64
5999
6638
3293
8379
3584
9485
2828
8562
10471
7888
5343
11598
12309
10308
1363
1512
162
541
9567
893
2857
12750
10957
2333
8710
12300
9403
2165
4156
10307
12092
8087
12223
1203
1944
11554
470
11925
10736
12263
640
3121
2499
8094
6183
1089
1813
8648
1007
10301
6559
7011
8175
10755
955
12121
6275
4885
5493
4536
929
1485
1703
7479
6810
9711
9543
2894
4809
3194
9655
12128
1793
1576
6498
12816
1094
451
9921
1668
8021
3894
7414
7955
10883
5381
6541
1217
12389
884
4256
18
356
4208
889
10297
2383
12270
3784
5916
434
702
289
7021
240
10455
4827
4378
6933
6299
10990
9076
564
11153
3385
5534
487
907
9923
9357
1854
211
10982
8835
4399
694
45
11414
4400
11060
1334
6828
2375
12520
6745
606
4514
2428
961
5022
8654
8211
4977
2453
7713
6820
6869
4291
8499
11218
5111
5961
5121
3555
6276
8781
8643
4300
12596
11686
4655
12412
110
11175
23
1438
5443
1589
10366
8237
878
3157
9106
9774
2417
3399
12216
6455
3967
9667
8316
1898
12722
2831
12743
4919
6742
5304
1976
605
4510
6361
4764
12851
7803
4221
4245
5090
6847
12221
11629
4915
7885
5201
6125
5975
4056
6107
1865
11857
3106
1645
5775
10109
380
7840
7532
12388
3408
12036
9823
1851
8137
13009
1416
8374
4927
6387
8718
2256
5223
764
4759
11143
9484
3543
6999
11574
10692
3792
5366
12841
8691
10578
9971
6948
9995
1772
10238
12644
3451
1041
3405
10368
9937
3431
2427
670
703
6026
9286
12025
4128
7975
9846
12512
6195
8653
6081
5096
2596
1647
12101
3712
6318
2536
8378
5939
6860
12248
9828
8019
6578
7576
3701
1196
619
7325
3060
10939
5133
3829
2833
11121
6764
1156
12368
948
2388
2191
8224
9394
1015
8477
6521
8022
8915
10699
7061
7647
1110
3563
1585
3985
10706
8321
1655
147
10095
567
6034
1078
1052
302
3285
12573
4103
10517
10669
8031
4875
5388
6352
6794
7252
10907
12888
1785
11518
12567
11301
6660
3467
9762
3037
5062
6905
1907
6770
8801
2787
5674
9508
12673
7504
9320
7324
5099
10357
11566
9013
12724
4569
10115
10575
11475
11246
4599
6166
431
11166
10927
9226
10435
5851
4035
8644
10078
11975
2098
6177
4636
10722
10168
776
10866
4893
5995
12541
6426
12146
6449
12990
10395
9803
7212
12089
9877
10443
8432
9819
10542
6240
524
7369
947
7879
12294
11926
11411
3065
11940
12775
7659
8510
4087
5184
10821
1349
8968
3564
5157
4695
115
5186
1150
9930
9575
4758
6788
7389
1614
12692
10461
6214
1862
4590
12672
671
10369
2774
6959
2020
11288
11000
8273
8959
10504
3204
9017
5828
4254
3882
9598
6972
1409
3292
11720
5150
1621
11875
9335
1624
2374
6988
11698
7926
11740
9596
10358
12194
1185
2390
6097
2484
9913
12120
8492
8805
1542
507
3681
6373
4501
7672
938
2069
6621
1797
10370
1475
9727
4901
10281
2842
9443
12776
5914
12447
11883
1630
4573
7273
247
1721
1824
7853
6394
2458
8001
6756
978
12648
8479
5895
7642
12527
10060
1649
7560
10312
8597
12058
7019
11188
8955
3466
116
4787
1128
10069
30
11789
1770
6830
157
3201
10660
4770
4548
10898
12431
9287
9597
5046
9904
6627
11685
3614
6445
5666
9689
12324
12160
5145
11295
2448
9057
11103
12849
750
3586
6027
8177
4657
674
10394
1172
2485
8980
288
10031
10636
1144
1563
11633
4668
5827
4818
2970
2701
997
7123
4906
1639
12995
180
4747
10407
11264
5112
4667
10767
3332
11562
6298
6018
10154
1928
8261
4922
5055
8454
10267
8271
937
10765
7452
2226
785
4802
10038
5224
2103
9808
1074
10630
9193
2607
11467
3825
11314
10835
6987
1841
12165
10629
9563
12260
2762
7768
10148
5587
12633
9960
12464
4387
7462
11348
9617
2184
4616
4217
3363
4425
12899
3254
1036
11784
12533
3000
4659
12193
11908
5553
842
11279
2841
7519
7982
5394
368
3316
12844
10273
2210
1795
7745
6450
1100
5834
537
11356
7164
9633
10239
1619
11568
4763
3267
146
7024
4552
10988
7352
7102
7446
1764
11631
8352
11481
3808
6431
1521
10704
6496
5189
2907
809
2416
5700
10768
2074
9516
11070
320
1340
4543
7538
6920
8439
4298
11105
4910
8711
2206
8405
7231
129
5582
3862
9168
2573
7119
3412
5029
10617
4958
12463
12518
9530
1297
10938
426
9733
6844
2166
9514
1876
4912
2159
7636
6899
6861
1219
6500
5200
6243
5832
5424
3257
3473
7148
1913
91
274
3392
5726
6862
5721
9942
11898
8240
3652
7792
11855
3748
3188
2551
10778
1028
2238
3570
11660
1443
8979
11749
9063
12454
10526
1436
3673
11527
6335
4882
12612
2097
6974
6341
3755
9740
166
6169
12122
4785
4717
4351
4314
11265
993
11694
5861
1982
6689
4443
2888
10916
790
11344
3375
9202
6452
12917
11429
12068
5503
10414
6006
4477
12857
3868
1643
9878
1588
6286
11098
10111
3781
12462
10830
5307
3013
9550
5252
10987
8279
5422
1339
5588
4611
10845
1718
11262
817
3982
10545
12477
11266
9153
2219
2081
313
9235
5446
9706
10804
2591
8724
8465
11949
1429
7437
8890
8566
8282
5580
11263
520
9839
264
6738
12885
3942
8534
3839
5418
6474
6950
2763
9919
5889
8145
4762
249
12884
10010
10682
1290
5149
6326
831
8729
9237
4377
3732
12809
4416
7300
5086
8235
6254
11171
2964
7986
5328
4322
1738
1075
12866
11484
12981
8628
11557
11058
10728
1847
3600
100
10033
9746
11599
5642
4308
4073
6716
1587
7592
7187
1027
9050
6867
12487
12380
11064
8611
8527
6744
3081
11012
2447
7443
4559
11632
2969
5451
10673
5512
5668
12810
181
1164
480
461
11234
5210
4348
3244
5917
11981
340
12813
4036
8402
5935
275
1537
2425
12403
1033
953
3886
6062
12139
7590
7876
3490
5578
2908
8152
5560
8914
11533
11165
10945
10547
1547
12007
205
3426
11763
6758
4144
7240
12183
12649
273
8212
5903
3232
7782
3828
6042
10467
4729
6224
7372
1749
12229
10651
9861
12060
4589
10106
9538
1502
3390
11964
2057
6695
6505
12797
5598
9194
6556
1210
2654
10250
11643
1107
11075
10498
8995
12522
12591
8836
12525
10070
5042
3486
4246
4396
9246
2911
10856
10543
11743
2657
4551
2977
6204
2695
131
3924
9980
7311
10021
12758
12455
4928
7983
10226
12444
11363
5597
5712
935
12821
9884
8493
7484
436
5109
7120
6931
1955
6029
2640
8716
7336
5826
12293
5126
8614
5176
4911
1358
991
7779
4119
2843
3123
4394
3674
4179
4582
4843
5644
7748
9039
9098
10256
1870
12425
1171
189
9033
6424
3265
6261
5461
8546
5871
9792
6257
10272
8750
7130
7889
3049
5854
11065
7567
6432
479
6809
12772
10388
4259
8476
3229
2324
9358
11942
5603
2728
10702
9566
2137
3729
1877
9388
3573
9248
5778
8297
10181
10448
2391
4997
9758
12544
4566
1984
4148
9997
1906
5260
4556
9519
4018
231
5835
4807
3986
10948
1108
2792
12545
11023
2567
11287
11455
28
827
12751
1743
1556
11804
9155
4998
6702
90
9461
2452
1691
3974
10405
866
12369
8332
12968
871
7663
10125
1888
3335
3039
5138
5919
9166
8941
10355
6949
7069
9141
11132
4297
2524
1256
7059
6375
630
4953
6569
11006
6461
5927
5987
3355
3127
10719
6158
3340
5050
5771
4402
1162
12698
1920
11254
10212
1439
3529
12247
10812
12606
1021
2280
12161
8954
5989
1816
8159
4874
1606
1828
9721
4133
7959
7522
261
2076
4934
6082
8398
9815
7339
9599
213
60
2816
8004
4921
2979
9313
604
8598
10017
6640
11856
4280
10539
8150
34
9685
6325
369
7531
6947
11548
8899
4579
8912
9798
9540
4600
6657
11612
3867
12880
6101
10005
6236
8705
1539
9817
7658
7799
1093
5523
8056
11514
6707
4964
12102
3553
2302
6527
5765
698
5529
12114
10966
3783
4361
7609
9578
4554
2739
8975
7217
2761
10683
3005
12238
9277
10996
6332
12409
8533
9409
10259
8041
2859
8387
12754
12467
6668
6109
3980
4317
4642
1517
9781
679
5545
7304
10237
1644
5519
1053
3117
4251
7045
8054
483
11302
10245
4658
7432
7302
2356
5550
5077
12608
8291
203
4182
11879
3087
9398
836
2663
2467
9973
9275
8992
8469
3455
12218
11852
2515
8723
5497
3775
3380
2369
8871
6191
5273
8197
6009
3966
1451
1315
8251
8256
71
7338
5664
44
977
6671
1020
10829
9860
2781
502
7682
3872
6071
10083
4117
8111
7131
10913
1082
3492
8304
5590
713
10067
10748
8267
7997
9143
9015
581
10129
2489
5134
10422
11903
5991
12501
411
12126
8428
533
6232
4539
9533
12594
10096
7105
10663
5030
8071
12811
6241
9346
10234
10560
8790
2759
2130
12488
5855
11339
12948
3223
2190
9939
659
8101
12664
2003
4924
12057
2720
2980
10282
7929
173
4447
12975
10793
2767
3228
9332
2104
4181
5243
2494
2350
2934
4330
7284
3454
8604
6231
9856
2502
12091
8045
7824
4634
7140
9291
10468
7733
10790
5230
6217
12285
9199
10612
1707
9483
3798
1149
9752
12138
10337
1158
9186
8089
12753
6669
12694
5400
4263
7100
7236
9732
5562
820
9354
994
10645
7665
10338
9446
12150
8828
11152
12617
7423
262
3944
11951
3833
11451
2331
11421
5681
10620
7249
2755
10402
9831
7750
7807
6624
12746
1433
2204
4605
5152
6398
9557
8619
6363
12475
5990
10304
6420
7536
5073
3522
11980
12173
3494
330
11482
11164
1935
12375
12015
1308
1891
5993
10743
615
7098
6390
6174
9471
11007
11253
4003
8213
1791
2932
8819
12670
12290
8121
6112
7180
2707
3914
1098
334
10964
10487
5054
8675
6385
2445
11349
9934
811
3875
3107
5579
6954
11782
3516
9425
9867
3660
6083
7283
1852
3101
11650
10401
8580
7245
12417
11156
11536
9993
6712
12498
8851
8228
7076
2479
9631
8682
10581
6459
7094
7375
9703
8559
4107
6415
12225
7333
1328
5211
1519
4570
12305
5874
12578
11318
8426
10201
102
12373
4096
612
8990
4283
3585
4329
7969
12814
3581
12232
11047
9126
9811
12850
7906
1966
4707
9814
3793
5427
523
4931
6705
5386
9854
8244
11637
7756
686
7159
3535
8363
12271
8309
8210
11578
12470
1610
7898
10885
9524
1729
119
5637
3396
2362
8996
6379
12261
9795
6050
10562
12678
1361
8892
10998
1232
11795
6965
2477
2928
159
9326
6995
12275
5384
4519
6951
5371
11291
7697
3801
3079
11588
7813
1119
2246
10922
3848
9029
11328
7320
1129
1060
11085
11456
6975
9176
9885
2791
7221
8582
5000
793
4957
5725
8187
10184
7083
7196
6531
12376
12839
7631
1905
5894
10995
238
11733
1335
8867
6350
11122
12450
7433
9060
12770
8728
10703
11534
1117
5313
7347
12244
8829
6544
10006
10577
8687
6120
12874
5376
148
2213
3951
9089
12096
720
3241
3932
154
12318
5873
2431
3599
10218
6680
10568
6422
7060
712
4541
3814
9759
4243
8028
12130
12031
680
10746
2198
4120
7255
11621
2692
2270
9172
7305
10274
9630
833
5408
489
10679
4506
2058
11415
9681
2545
3858
12404
7651
7096
8083
2007
8647
4712
11108
7165
11011
5907
3176
11061
8259
11751
8692
3146
6466
8706
7016
2694
5179
1895
2080
8590
7818
5193
9131
10120
11138
7512
8305
1949
9016
7279
7802
9078
748
2892
11435
4170
5653
5714
8946
176
7861
8393
12983
643
5359
3051
7441
8985
10249
12895
890
2702
10520
9871
138
7933
5023
1608
10463
2635
11580
6721
7409
9853
3144
250
8183
11140
11567
3891
9445
5957
2730
6868
7088
12699
5438
11524
8804
10288
5638
279
10231
1362
2784
9707
9618
7852
5904
4516
4754
12048
4141
11673
11249
278
12341
5317
12923
7704
6574
12674
10177
8916
8893
3147
1890
3185
4744
2880
1390
6884
4295
6587
10089
8005
9167
7067
11486
7128
12393
7577
4562
8640
1301
8300
2152
5996
5410
11404
7738
9272
4946
916
4052
6328
1858
9387
10646
3110
8703
12210
10983
2719
4531
11657
11322
3635
8011
12718
5660
12930
12482
9950
3498
2808
2988
4183
5027
949
3023
10992
12635
6838
3807
9442
7335
10613
10074
8857
12654
1492
6255
3373
11242
8889
9265
7901
9077
868
2139
11928
4390
7174
7379
5952
11919
7921
12227
7410
701
9298
12169
7602
2469
9296
2382
1594
332
12752
6306
2566
11565
2364
1357
9498
9941
2277
5716
7321
12563
1964
11377
8377
7638
9270
4001
12110
2637
12759
9718
5536
8574
10862
8132
5393
6278
4253
260
1476
6818
9947
9695
5209
5530
1286
11617
11965
2363
9842
10138
5658
1541
3989
9742
1771
8389
739
9383
12250
10434
9064
5127
11072
9490
6525
6991
4752
9180
8761
1733
8528
5533
2297
5283
4262
4464
7087
1306
12143
316
2376
5866
10521
8484
12748
10720
6831
11986
6982
7788
8147
12027
7055
10672
8452
3108
8189
8320
3347
10783
6873
10430
9726
2505
11237
8293
616
9006
1848
8568
12279
9704
9268
3119
4896
12053
4186
10970
123
10344
8208
10030
47
244
12364
1689
9929
11772
2290
10436
4386
11341
5601
11794
6037
10175
7673
4032
1973
3968
3863
5375
7066
6355
12476
5284
7006
9518
12988
4380
3624
2286
8974
12588
7296
12845
9981
7968
4049
1488
10207
12424
11691
6529
678
8381
6528
3830
8450
4968
12432
2281
2535
8185
11465
2732
10473
11512
386
5703
4350
791
10602
5043
5040
6014
4475
12904
11646
12836
9862
527
1468
11062
4923
4316
505
9196
418
797
5722
2518
3995
11130
3941
5459
5140
10508
2063
8822
1071
11893
12554
8395
3213
1969
7544
10947
2660
4577
2577
10488
2669
7270
8349
8637
11626
11017
10585
10255
1684
3687
9412
5021
6017
4222
775
1681
10059
12032
6442
10943
2462
10396
1827
9200
11807
8557
6651
7587
8864
5047
6813
10655
6074
1261
10158
12094
5567
11016
8391
1510
11313
10761
12668
11142
5501
9041
7630
3900
365
5264
5605
8233
5245
3976
11434
4592
11454
5994
716
10176
2118
6567
2686
7526
12262
3727
5434
6079
9902
1540
4688
3456
1247
2047
11086
3278
10954
3391
6242
1030
1934
9402
2450
3537
11179
5124
673
4410
2667
10838
3098
4884
12658
1811
8468
6495
4098
7989
9749
6023
2473
5940
7158
1783
170
10072
10798
3949
11762
8531
307
8383
4504
8570
35
7823
8744
5624
11605
3126
10007
7855
384
9770
10759
452
2072
2611
6958
2563
10398
8577
4984
1728
3315
5356
3663
8272
3164
3852
10552
9665
5322
92
2559
3919
2078
2073
9868
3273
10653
2154
7981
6717
7749
2334
222
12768
8471
9532
4587
10484
10949
8451
12671
5708
12696
1495
8935
2690
7739
7496
7857
4567
12337
12185
474
2844
11031
5825
10327
12760
6775
12581
11874
7185
2764
10492
1192
10961
8847
5018
9422
3604
11661
745
7574
8222
41
8524
152
9225
423
6178
10188
6428
1894
11243
10505
12526
10807
921
9906
5309
11870
7710
11990
10223
8704
7310
2128
12510
9110
3299
10859
6617
11392
5098
4743
7660
2006
11798
4302
10687
5665
5320
2381
370
2252
4817
9574
7303
7707
4489
5604
7472
10254
9230
10631
2013
4862
7773
2710
5938
3368
5838
6599
5656
4869
11681
7814
210
6244
4429
11192
218
7626
3404
11929
9379
4524
10164
7380
3528
8516
4736
1864
7806
12374
4734
1234
3202
7759
4428
6427
4888
2829
8303
12054
12137
10494
9269
624
1498
1889
6907
7348
711
4639
12902
7742
5581
10592
9826
9886
347
4854
12818
1456
10004
10981
1571
12209
7580
2062
570
12405
5467
5377
9177
3922
4742
8417
8290
8956
106
3165
12355
2348
10240
7696
3666
12963
12928
1034
449
800
7936
8257
10796
6664
12433
8701
4312
223
8225
7990
8074
8540
7202
4421
2183
3664
4242
568
3142
11315
4711
8401
2034
2009
7419
6885
8364
11819
9892
2026
3544
8639
11385
10386
4127
3818
7143
4045
11638
5675
3249
6715
12701
51
10329
427
1179
7708
6746
11558
1840
6157
2257
12846
813
450
8630
3656
5280
7675
2373
11304
5600
7934
2301
4791
11892
1775
11843
7670
10200
3487
12171
9331
9761
10171
10289
11767
6545
4374
559
5312
6070
3091
5688
1800
2560
1183
12287
168
8917
6674
2749
4840
6089
2722
11956
6690
8310
11324
6179
8298
4229
6729
2826
5064
4060
6464
11244
2605
5146
9475
5228
11119
4740
10345
6462
2817
561
11584
7751
865
10442
2161
1861
7687
727
10217
12560
2120
12395
1494
12613
7036
964
10310
11174
11522
2090
2672
366
3493
11737
6486
6750
10561
1698
3796
2361
1500
1884
6142
9173
1032
10449
8481
2827
112
11950
2604
728
10497
10643
5659
12506
1168
8358
11499
583
1690
2991
1823
9535
10336
5566
2254
9836
5616
10389
7226
3778
4453
10046
8752
8695
9507
2404
10935
3955
11513
1275
5070
7518
11478
7176
9554
7015
7922
9434
12398
5900
6967
5306
7992
11082
12179
7330
2887
4151
5614
11030
3025
6754
8827
10839
7778
3255
8106
8677
6969
1039
9360
9622
9058
1257
1780
6606
351
8607
2599
12984
5913
7953
8806
1914
4227
3991
7530
3378
2012
547
6151
8231
12212
9091
2199
2687
628
8215
7984
6811
174
8958
4511
4950
8921
2876
4238
9135
5479
9731
3499
2399
9949
2299
12584
10080
1926
4433
6817
1195
12652
8318
8423
3857
1924
1979
11623
4210
7090
5010
6340
9249
6016
10924
12186
10014
730
7564
5630
4776
11881
7899
3697
11508
6078
12072
6319
1136
10888
8128
6372
5299
7200
5080
2585
8503
3975
7897
8052
8759
4842
2
7171
11351
6843
1735
9661
1017
2834
4289
12970
12611
10283
3469
7798
1254
12977
12980
1505
9368
1941
9327
6203
2896
6797
1446
7394
6357
11225
5097
7367
5003
2317
9459
10139
5237
4450
4694
11496
9130
12585
10409
133
341
12570
6786
5611
4646
4097
416
9987
6429
10280
8311
2214
5868
8989
4867
9125
9607
2188
1666
9688
1849
11750
7190
4892
11278
11935
1817
10658
1575
4177
3132
497
6137
4789
4676
12889
2488
3805
1309
7652
11833
1631
6057
1686
5490
6008
5683
5549
297
277
1135
11745
1640
8620
5170
10618
9541
5502
623
9747
8936
11765
582
6193
376
1356
7401
1546
1912
6886
3639
2860
9659
7121
10594
7520
1278
4315
6460
1815
2750
8174
4376
803
4737
10050
8733
7326
3821
6266
3284
10501
9512
3525
3963
1773
3877
12266
12705
8922
967
13005
12564
3791
1536
3704
11618
400
7342
3343
6696
10086
7362
4542
11924
11911
3973
12190
12555
7668
4991
4920
10723
4972
12820
1693
875
10540
12580
8505
6167
10339
10975
1341
11219
11201
5255
3740
1479
7513
4375
681
2309
1262
641
1623
941
2653
12407
4474
7258
12422
8904
7874
1678
558
11927
7648
292
12495
6317
2470
4341
8812
178
2032
57
5125
1014
5511
10811
8495
4116
3686
6122
11587
1365
10155
1473
4
3183
10633
8415
7895
2335
7065
4945
1917
9069
7646
4753
1676
12940
3044
6523
6045
2523
11286
263
8879
2366
36
6249
226
6755
1190
2870
4216
2503
8434
9794
11257
4549
8403
677
1000
6632
6538
12441
4030
9918
10493
10870
589
1961
3844
4065
10404
1670
6648
6883
688
9768
3471
3236
5925
5941
10589
9134
7328
10040
822
2359
6463
6488
9462
7744
4713
9820
3360
5036
8368
12141
7597
9956
4677
4538
4560
1222
8840
7082
12351
11203
7529
10333
4532
1855
10224
4822
3667
3549
11989
4983
10299
4057
9278
8844
1265
3416
8696
7132
7595
9115
5764
9998
12348
7546
492
2180
5155
5543
11704
3895
11511
7232
11
2770
11372
6453
2000
5819
6908
12249
1143
11088
1915
10529
10928
5171
5500
10691
4015
2938
4481
8581
683
8763
12078
11124
6113
1535
7285
11364
7290
4231
6219
1904
12334
12511
5435
8100
945
5552
11487
230
8668
6123
6970
5817
7316
12790
12253
7836
3841
10756
9214
10858
4941
9677
4799
10567
3850
780
9880
8522
9754
3917
10984
11770
9472
5619
268
8713
6161
9897
7537
3831
8608
3409
6666
399
5695
11114
8221
11080
7117
3934
877
10989
12217
7053
3043
2227
12115
8944
6129
10524
12043
4438
9979
6173
8232
6812
10424
9879
11953
7762
12913
663
5780
4864
5369
12721
12777
6866
3239
3735
9961
10891
2186
11109
8155
10003
1435
10131
8280
4877
11674
10350
9284
4460
1163
2652
708
9476
1496
9477
2699
9191
8462
11205
326
2696
6308
9664
4521
8789
11885
7568
1607
1294
9227
9970
10874
10391
5107
8861
7495
10551
6345
12074
7063
6437
11525
8760
5311
3659
4833
10737
5206
1936
3103
11722
3345
4189
12282
2931
719
343
3193
7506
12828
4878
10169
1251
11185
11406
132
9136
4327
12288
3745
10906
2046
3817
2521
8553
5526
4167
9990
1516
8388
12800
9725
12823
1211
12998
3738
3035
7808
12133
1408
11381
105
788
1399
8660
5970
9438
4848
1687
4773
8245
10724
10619
8734
2747
608
9243
7219
10248
7225
9195
2045
12638
6170
1277
7427
12691
1825
3269
12854
3168
12974
2036
617
6370
6904
1997
11735
7917
4907
6506
10690
4615
9231
12804
3134
6636
6256
6314
9391
5613
1181
8470
9179
481
2093
5756
10362
3149
7449
943
6912
6339
6760
12609
12219
4066
821
4370
12590
3846
3754
9233
7329
3366
11147
11428
12502
3627
3787
2589
726
9306
4830
2167
10393
9221
443
3744
1187
9095
10102
5455
9158
3715
10432
11540
1125
12552
2941
10379
8123
6952
12366
12100
10416
12865
7450
3665
4503
1332
1099
8998
3800
5123
6584
5657
5483
7263
3658
7700
2271
4914
11432
3554
11240
1240
8246
4863
2671
3703
724
2598
4409
11971
5092
6836
11851
10596
4007
10459
4718
7613
5305
11506
11712
7909
11756
4856
7721
3006
7288
2670
4258
5575
3124
5419
7835
10816
2673
393
664
3041
11810
6993
5963
11808
3141
12583
10341
5971
3468
2380
7804
3610
10260
10711
12858
12240
646
12734
2737
6902
8129
5864
1419
8852
5110
7466
7351
6349
518
10758
4025
5713
7991
10412
12958
12890
8684
8537
7097
65
212
9440
12125
9012
7896
1058
2110
9413
8408
8007
308
10819
3806
6563
2446
11362
7388
2595
3482
7884
8978
4034
10818
12112
12056
2840
5037
6048
11376
8085
12624
11947
12919
10841
7562
6732
3382
6865
2332
4940
6259
837
10731
10061
4053
8646
11732
2327
11655
5487
11343
1097
5106
3017
2303
9144
2264
7828
12313
2197
10269
8250
4684
9959
8195
5378
1057
4286
2022
11199
4203
8459
3364
9244
2177
9628
12418
4101
2824
4761
2976
4751
4596
12707
4437
1255
768
10270
9992
10914
3167
11297
9092
10507
4948
10481
1453
3470
10962
3027
5015
3683
4930
7417
8730
3500
1677
7475
3938
4716
1310
6172
8202
11948
6099
4913
6586
3560
8161
6619
1998
6882
10528
3618
6547
10997
1878
3926
5265
3533
4462
6711
6237
3463
9757
2323
10522
2463
1660
12924
2439
1759
5174
10410
12939
7459
6212
11413
12123
4417
8555
11836
2624
2779
12505
5485
3111
7693
6196
3097
2925
11539
8984
5740
11233
8098
12965
5682
7393
2422
2475
2655
12051
6887
7454
530
11294
6728
3115
8414
980
83
1455
8817
6824
4710
3056
2835
9782
6270
4939
11448
419
913
10159
10219
5035
1538
828
1679
6454
11149
743
10222
7396
8209
7210
10121
12474
12117
11333
3215
8168
12607
11978
5327
4473
4028
3398
12621
10777
11688
3997
7144
3695
11696
4449
2230
7827
2981
12012
2084
5762
5395
5731
7385
12361
11250
3338
11112
1269
7138
5808
6998
1018
12045
11393
3447
7149
8427
11683
6722
3832
6327
8717
5510
1201
6047
11729
3816
8924
11604
11721
1385
9753
633
7271
4794
12020
12410
747
4236
12448
8453
829
11345
8880
4975
120
552
12657
8631
1826
10634
4890
4171
2674
10745
4493
3518
10092
7523
10413
2211
7041
1259
2490
4674
8595
6604
1628
4095
12163
4239
9359
10664
2144
9205
1699
4482
4700
12677
10216
11972
5275
10665
2780
1434
7655
3094
5001
5351
6265
6197
1298
3428
12436
3589
611
11224
7539
3981
3484
9075
8278
4027
5818
3105
10757
3082
5965
11190
8458
545
4805
2973
11041
1188
12439
5711
9933
11323
7619
2975
7973
388
6153
290
5445
2900
12268
2117
299
5797
306
101
2037
4647
4518
2514
12391
10427
11101
1557
1671
3722
3365
2225
11346
4631
1753
9426
7077
9276
12349
5651
2811
6088
3475
1503
7319
6273
1417
3860
1522
7998
3181
7866
2786
2684
1493
10151
310
5953
10684
5156
11801
5507
1627
6274
12061
7976
46
12406
5345
6772
10695
2066
8834
4509
10263
9709
10512
8599
12653
7461
382
5215
830
11654
7482
8971
9161
12614
360
3109
10019
2239
10632
12500
10881
8966
751
613
9931
6141
4204
2124
8441
37
7191
2923
544
11526
5290
1226
1945
5788
7952
12909
6021
1957
9716
2564
986
11793
8114
398
9958
4943
8517
1792
3413
2756
1648
10054
9546
9691
6359
8394
6776
11305
883
11106
869
2444
9160
1045
4188
12428
11044
6858
11055
3733
7026
7048
134
4597
12314
6748
8538
10760
12489
11447
8823
1989
10232
4558
6612
9317
2189
2531
7384
2151
10145
7345
5360
5204
5113
6414
9975
6848
12937
10800
9356
9096
7699
8795
6928
2368
8498
2500
756
11307
5697
595
1857
435
7771
3720
8079
577
7837
11943
9282
5805
7890
9928
1126
2935
413
2233
12175
3395
7859
5934
6512
6419
2321
1239
625
7555
2627
10028
6978
12765
8198
8258
359
3661
966
8688
11321
3191
12377
10166
11028
8787
7002
6293
8859
1946
1327
6725
9264
12829
8949
336
9382
3653
7717
2437
10235
9258
12832
12245
549
10495
4360
3849
4340
9408
9890
5496
9493
958
6234
7135
3939
2173
8900
1216
3847
1885
10967
2164
9570
12528
4790
5205
7970
10955
4069
2924
4439
6435
10827
10185
3838
5528
5733
4497
10056
499
3148
8286
4825
321
6795
870
12739
7783
6723
8072
8142
1534
2202
447
1418
2881
1654
3677
8782
10052
7166
311
3979
1947
11788
10608
1331
4105
10884
4055
9802
11157
9492
3069
9605
10556
11675
1881
8407
8737
10112
6292
10252
12067
9801
2293
141
300
11091
5094
12901
1422
4850
7851
8102
10462
9240
8171
2953
6448
6793
8906
4071
5466
11235
10065
9589
5225
9308
7256
11446
6837
8708
11538
9788
932
9640
8051
11530
12396
8957
9903
4064
6937
3324
12159
5693
12622
12252
10210
5144
5728
9737
1050
1009
10034
377
11193
7318
4545
8107
11678
7593
361
3008
4393
7386
1056
7183
9573
11748
12296
12184
7945
29
5079
1652
10879
7794
8963
8616
9739
1132
4451
5397
1223
4619
1901
7645
448
6201
1526
12280
3333
9969
355
4213
1758
6573
12070
4632
9000
12929
6645
760
10637
9767
7612
2631
11255
3407
9418
6391
10286
2430
12642
8709
11360
1484
1705
684
1626
4346
12106
4495
3092
11162
4411
9807
2398
9053
9366
8645
8157
4698
3523
999
7099
9720
9378
2386
7893
3067
12565
5810
1786
11036
882
1726
1087
12514
5853
6896
301
1720
10489
7056
2885
2614
2121
11443
6853
3242
8008
12731
9936
11207
7796
12276
12576
58
824
6893
7954
1252
9030
5494
7257
6808
2033
4876
11667
9460
4268
3940
985
11961
3912
4318
1115
7332
12023
11641
7905
7736
6019
7640
2351
4898
4466
1370
11936
7205
9954
1553
3351
642
7946
9052
1376
6032
1182
6159
11876
3731
9369
9342
5005
4745
11332
2974
10044
1406
11050
9976
899
7787
9593
12353
7490
9587
7556
3046
245
4111
2571
3310
512
2306
12855
9503
7995
1704
9582
9250
4872
1977
11561
6594
9218
10872
2024
1980
4955
11309
12822
8913
156
4513
12561
3200
3289
4792
8040
11126
9944
1326
9338
9441
5183
12667
7042
1471
9517
2122
4311
7275
208
10478
1577
10925
2221
1194
2088
12786
2284
3856
7553
10090
8485
9302
7869
10744
4535
2990
528
2248
7481
2992
12868
2727
1611
2889
8370
4241
3171
5234
1242
3931
10365
10480
5845
10727
7825
5777
850
10779
6580
9474
9857
5382
3427
9427
11141
11576
10685
12256
12459
10773
5358
2229
8014
5335
7703
1570
3520
2760
8442
7463
10438
8042
1047
2083
1548
8066
12714
7146
10582
12788
7729
3154
574
7162
7524
1962
3736
12907
12429
12335
6615
1651
6443
10681
1508
1779
3769
1101
5347
11615
7873
7075
2089
10119
897
6560
12736
1794
9355
6539
5643
5165
8429
4218
519
12634
5385
1821
10408
3962
12745
10503
4178
8762
6407
1700
5444
2313
1285
560
7033
3419
2645
2778
5636
3883
7912
251
75
12733
338
2995
8512
7052
6294
4564
11958
6105
8661
6688
9837
12088
10716
8721
1515
2405
8284
5416
7661
6301
12967
531
11582
8154
7361
952
10261
8144
207
5647
11316
11811
11198
11920
1083
342
206
4515
8683
8736
172
6626
735
2691
11154
1696
12991
130
9049
1134
2140
10599
11785
6367
4063
4680
5983
8006
1165
9544
1487
601
7812
1725
2457
3569
11311
12960
11029
9094
10751
2542
10861
8872
3032
8543
879
3961
8797
5892
7584
709
4727
10221
5002
7017
4540
7752
8226
4887
2937
7977
33
2810
4249
10896
11084
6374
3874
3151
12295
11889
10960
11963
10001
422
6550
12773
10865
7689
4926
974
2318
8141
2647
11033
10476
9224
3462
6598
4446
11197
3260
12730
1450
2785
4010
3515
7686
103
6955
6230
11433
5813
5648
5608
9682
241
3851
8615
9241
5302
11227
10775
10377
5337
5981
861
10625
6522
2955
5809
5745
1499
6134
9083
11556
8579
4999
10172
1410
4873
8248
1461
5564
2393
853
6200
7411
6773
11899
3632
12135
7129
12905
3935
9468
11032
11871
7790
1005
6138
7376
2418
9070
5253
12301
4108
2054
4837
12153
8785
3266
12035
1322
322
10012
9639
9551
9351
3379
383
2273
11271
3472
12803
3173
4731
7747
8874
9054
5024
6303
4074
12156
31
3279
1379
4072
12831
7706
2606
191
10569
1139
13008
2465
3439
1289
7711
61
12864
2733
6108
8328
11273
265
12230
9526
10163
439
12200
12176
12203
8312
3880
7407
10209
8610
972
6002
4675
11532
7979
7607
11289
12480
12605
11194
6577
12686
8331
2407
6004
3075
11202
5456
11998
3881
8811
8372
2049
9040
2061
7732
7292
2316
10215
2796
9450
1159
5923
12728
7177
635
11229
1525
5570
6513
12197
9741
9279
11422
10686
2838
375
6465
7125
7115
11373
2685
9309
7062
1818
6857
2217
600
4932
6870
4879
5669
5470
8043
1722
3156
637
5238
569
4578
12019
6874
5836
2818
11247
3514
9185
3765
209
3414
11267
7864
4257
11896
9042
6384
4261
9208
9480
8932
12399
8482
12835
6854
3133
12723
7029
7949
3268
9619
1037
1305
3234
5736
6731
9893
5361
6678
1072
1215
11424
4925
5390
12365
6085
10047
3865
12631
910
5627
10976
9429
10420
5680
3548
12666
6289
6763
12382
4273
11170
5735
68
5677
108
10965
4077
10944
12582
11663
5433
7415
5571
5949
11509
12320
9463
12516
12993
3959
10055
9239
536
7709
10657
11366
12747
7780
3925
6140
6053
5469
849
10808
6790
12360
2052
1683
4788
4379
6309
1597
4586
3551
11221
8942
7404
8853
12457
1146
5363
9525
12196
52
665
12427
10572
1260
11715
6444
4557
10013
8554
926
5967
9521
2905
12830
10114
9129
3946
7057
6582
8621
4407
7831
554
12420
6942
2358
8165
2228
11327
4112
5557
2075
10974
12655
10641
3138
12896
10374
5218
11822
8440
9007
4092
781
128
8302
4488
4401
5248
11102
12442
4281
7501
478
11283
4038
6494
6851
6148
5821
2082
183
7467
4978
3341
11636
12688
2311
8125
8444
11460
4194
2799
11659
5154
2882
7206
2668
3434
2681
2397
11968
6930
8947
4735
1319
9586
6366
6658
5800
10871
10710
6144
9370
7050
12860
11894
515
7377
6117
2579
1444
12490
7444
7996
1227
1787
381
396
3774
8336
8509
4800
10091
1869
12894
8
6549
6353
2304
4294
3330
10490
14
8018
2743
6519
1680
9132
4702
10437
8099
11800
1355
8275
4781
12927
4426
5471
11543
6103
5962
1383
11551
8885
4364
5540
7589
5859
3643
5083
3637
9531
1804
1420
5951
6673
3728
2329
3452
8158
6118
6110
11274
2927
4847
4981
2070
7457
10284
12224
2556
9865
11189
9345
5662
2917
4367
11809
6917
4463
5441
8837
4775
4004
4724
6877
5556
7705
11853
12316
6646
5488
1202
252
2768
9491
11120
4614
7586
1981
9319
10230
5753
6677
10647
7455
12687
5417
1777
8991
6935
8036
6225
4388
9452
1088
9343
915
8694
4693
10002
2863
11620
8048
5704
10049
9595
1366
12689
3274
10451
12191
7020
7291
5877
2260
10900
8702
12853
10795
3384
10387
3648
10674
4292
9638
10321
11933
6719
8658
12367
11664
4750
11569
10446
10458
12414
5180
4406
9634
11386
7145
8404
7533
4365
9238
3401
5203
4149
6412
12863
5052
3907
9116
10747
12413
5820
7207
7847
10018
7999
2141
5045
1431
9983
11719
10893
4395
2715
2546
12166
9149
9043
10421
10130
9479
6331
11718
5687
55
12685
10546
3567
4339
5883
1282
11555
4139
2825
6633
2650
885
5807
8796
7615
11930
1719
3588
5928
10043
2706
2615
10384
6964
10843
4333
4277
706
12640
3670
1956
5628
12014
12386
3014
8624
8430
10397
3410
6447
6338
9236
11500
12683
9712
5012
5958
2612
1717
9783
2251
410
9315
8725
1403
8025
5387
8508
7175
9656
9123
10242
5933
3460
5768
11365
11596
657
12542
8565
10103
8833
12131
7101
7616
2772
12469
11461
11668
9059
3788
1533
10456
12610
7994
190
6220
12004
11773
10635
2029
3651
676
693
9701
11270
7397
8884
2777
2948
10536
12732
3824
10457
12357
6570
8307
8838
269
11037
3714
11492
6077
2510
11609
11397
6093
12486
8127
3002
2541
12494
10882
2597
11570
11173
12562
7505
992
12862
9748
795
3158
8638
8773
5715
12807
227
10917
7181
225
10346
10167
10776
8603
7493
12065
1055
10323
1598
7
1763
1
1604
9209
12826
1457
924
7072
10735
1080
1513
3480
9870
5606
4369
9872
12665
3684
5475
11774
8067
4061
5166
4150
3859
11591
2800
8820
4606
5602
11803
3887
2424
8667
3730
11491
607
4285
7201
4607
8887
5943
12946
3218
7073
840
258
9260
1462
11529
10624
7911
6514
4026
3945
5878
4137
3211
563
10315
4301
8933
3972
1682
7213
3277
10894
5649
8858
8478
7761
3034
12729
10170
8356
1068
7046
4082
12111
5811
256
2879
7950
3622
5093
7179
484
6553
6116
704
4544
4276
8722
12859
5984
812
7008
9234
6330
3510
9824
283
5631
4780
17
707
6382
10146
1304
5702
2412
12283
5391
660
2868
10202
6184
7399
5258
8808
5980
59
3626
7677
12147
3062
5779
6408
7418
4138
5959
9912
12008
9974
3804
2235
12589
695
8749
3819
4949
12618
6697
614
7942
7133
6268
6472
11757
7964
9417
11276
11521
10025
10141
12492
2639
6310
2406
4602
1809
1937
12819
6115
5495
12097
5969
7323
5742
2372
755
4484
9898
10869
4965
3491
5956
2971
10367
440
4618
7442
1011
11866
3706
12735
8109
10834
9841
2315
12802
7040
11860
6022
5132
7606
6135
12394
11939
7543
7582
12996
160
9852
971
7860
8735
8891
3957
199
12682
2845
9614
12619
548
3483
7494
1520
3442
7728
9217
3198
63
5269
11022
7464
10588
7280
8793
9323
5365
9397
12709
10590
446
8961
10474
11695
6561
8314
3219
10300
7353
644
10656
1581
3137
5103
5415
737
9080
8288
3016
3820
8382
4187
10892
9643
2495
5084
6397
457
11973
4359
7141
12706
3169
10817
12345
7498
3685
10675
3376
7514
1430
4089
12906
9539
7153
4512
12741
3444
7469
2901
10293
6961
9895
7343
10519
113
7357
6307
9889
7948
9451
8344
5741
9649
1558
3226
7872
9764
3436
9810
1985
2801
6281
9838
11008
7289
8173
6067
5318
3080
4609
12646
1708
4574
11938
1942
9864
220
2181
8339
257
10015
10729
9203
12445
2106
4865
7406
2115
4328
946
7224
7089
11790
3884
12042
1268
5262
10806
5421
5118
8131
8818
13
10766
2890
3999
10124
3346
767
8788
9347
12038
9289
8501
4857
12986
5515
5279
9927
8560
7354
6087
12381
7621
12843
11764
11864
4088
4608
8475
8324
11068
5944
5671
7826
6300
6765
2340
11210
912
513
12084
9699
685
4343
6413
5139
6892
469
5383
6842
2021
4813
40
8875
7363
8117
9084
11217
7458
4546
3496
3252
3276
475
5182
12158
4721
4650
4321
4772
8768
5013
645
4391
114
378
7223
1803
6554
10099
4368
10855
3809
7908
2269
7034
5492
4629
9210
3208
7152
9504
12205
675
7022
1287
12886
9562
8927
7322
4408
2915
10931
4815
2836
9652
1059
7307
11117
7566
2008
2377
2548
12509
7395
2809
10486
7632
6064
4703
12226
7371
7793
11640
4326
11161
3424
2951
7282
3764
5430
12887
9292
10600
4970
10511
12277
7817
5339
8088
11905
766
6903
10554
11945
7629
11711
4228
2526
1573
11837
20
12710
11955
10823
267
3421
7575
7499
4699
10606
4193
197
3397
636
7521
1467
5266
12075
12661
10763
12625
4660
3779
1466
488
4225
1511
9280
8034
8376
7801
4508
4383
10257
11535
8035
11239
3680
11093
1789
11494
10666
3557
8367
10527
9581
8504
4287
394
9784
11077
1369
3179
2820
2904
12599
10100
3719
11828
10880
10753
5863
5060
9935
4798
5406
12099
7416
2856
1023
9467
1776
5221
7528
1810
3676
11761
968
6228
12235
7966
8665
9494
3617
9750
9363
9658
9157
10011
7010
10712
8632
2096
5325
586
3770
902
4670
11865
12164
717
8674
3231
3542
1253
3297
4455
7850
4198
2094
12319
1992
1601
9444
1133
8315
12371
6789
6013
11983
7294
7776
7370
1638
6430
7833
8334
9863
12893
8564
2289
5784
8563
5918
979
2176
2147
805
9415
9786
3153
2016
9121
8433
11693
8219
11095
6962
4432
9932
5202
1741
5063
9989
4118
8082
1081
12339
5856
11186
4047
8673
9743
8069
6131
406
7155
4748
11330
3597
2468
9513
3026
12479
7662
6478
3746
2837
8108
12601
5717
3503
3245
11700
12118
11755
1279
7637
11577
7114
12914
9470
7031
5758
11471
8425
959
9380
957
4467
4336
11096
11113
353
4652
2537
6694
11517
10178
12700
7569
2179
8593
10191
9917
12461
2910
5057
5879
9108
4986
5620
5219
9117
6469
3739
8799
1523
7203
1715
638
7769
3349
1207
5839
503
9730
3724
6287
11442
48
314
9834
2245
7625
4980
9844
1381
9780
7904
3449
9591
10264
9140
3478
3369
6246
1031
6156
7250
10516
2237
12912
5793
10275
8068
11052
214
3756
9478
11826
5025
6405
2740
9104
6438
2171
2850
5442
722
7916
4942
3988
1137
7775
1351
1130
12559
8203
10198
6439
10243
9333
11026
740
2114
11914
5226
8994
6162
13010
11571
12695
11766
7251
6576
7795
10825
2394
6733
12468
8519
514
5354
1404
508
11915
10696
3063
1197
12124
11040
9189
10523
7189
8027
7617
5341
990
984
3958
12538
8201
12529
603
2042
11232
6557
9637
3377
3682
1663
1562
8421
1243
3048
5691
3209
5235
5673
3906
8635
9085
10371
9014
9851
4086
6839
2665
473
12615
9045
5009
4169
4816
5407
9162
1276
5232
573
1079
1740
7480
10426
1486
4165
4962
10844
2379
9548
1213
11066
3497
10571
4598
7486
12546
4000
3571
7841
3994
4529
7337
12497
12213
7007
557
1896
12254
5527
9899
12659
12308
9506
5293
1312
3707
11399
11200
8166
3120
11251
7340
10068
4342
11258
3669
13000
10851
12207
6642
10604
1613
9962
12953
8513
11845
8285
1318
2723
2580
3608
11094
12246
4686
565
10932
5569
12273
5482
4728
11473
7918
10322
1481
11676
8670
232
11054
5908
8216
12180
7846
2958
6368
2111
8354
5277
8596
9254
1296
11672
2608
2157
2698
11331
9680
12827
6919
4313
4230
10326
6477
5067
5802
7439
1675
8234
5915
7724
10253
8308
9437
4176
6532
3078
12013
4264
580
6476
1697
4988
465
5128
6555
7298
2031
7735
3901
12281
1281
2613
11206
823
8169
1695
1887
11639
9019
3505
6402
6727
10403
7542
96
2554
10464
10045
5399
8515
1313
10709
2873
10359
11493
1449
2178
11671
1231
12052
5449
9385
6277
2649
3593
8928
4304
5544
12307
9797
9715
6796
4337
10352
3650
2783
9263
8592
11541
3272
12936
73
841
9252
3344
7308
6575
1836
11752
5723
5425
5389
1497
12540
9105
6400
296
3145
12882
9109
8740
1860
4305
4017
1634
525
9705
11426
9522
5276
12069
1566
7086
3196
7601
3911
8457
2517
4233
9977
867
2903
7293
10717
9697
5082
7243
11388
11019
5321
11592
7178
9663
7635
4974
8602
898
12744
8193
293
4175
5464
5707
4682
3400
10098
3527
12951
12446
5899
10786
9822
11423
10958
4992
9938
9421
5696
8520
1986
459
4623
3526
596
6552
7451
12769
7448
905
3180
2508
179
8764
10179
5870
2644
10356
963
551
11816
5685
10941
10659
38
12767
12211
11600
12332
1364
3671
3083
10334
4205
444
6804
3207
9760
1221
10680
12322
12233
911
3283
4397
11731
9038
3318
9505
10942
7578
5746
331
405
6718
12329
8901
2697
11469
4006
2793
1374
7685
9496
777
1109
5524
8044
4454
9073
5007
3952
8698
379
6378
4883
7485
1026
11338
4114
3301
11818
7220
1760
8766
7811
11160
6537
11018
3372
11452
6267
10642
6710
7622
9375
7722
4039
4722
10705
8239
2748
2360
1709
8650
1754
2891
6182
12315
5344
5006
9145
2583
7267
5865
3264
3572
1710
11212
8130
1972
12103
3238
8077
11724
1507
7364
5460
12806
3461
3965
3203
11862
8254
2788
11969
8983
8120
7470
8281
3348
11979
9908
11684
11842
6336
11780
3517
11984
6221
2812
8622
7460
8934
1820
11497
2135
9482
11358
10291
3187
2576
12875
9729
5909
1788
859
9489
2852
194
4954
12792
529
653
9009
9305
5374
4296
1712
11214
6542
8888
5976
4527
5776
1131
4525
3576
4669
4801
2017
9447
12837
408
6213
8466
6222
3654
1622
1843
5478
2987
5404
6665
3711
12663
1599
12626
122
4771
7421
10294
9381
10491
732
2005
7671
12972
6736
6558
715
3782
12719
8856
4500
12347
1669
2862
6735
12954
9629
6734
832
8076
1448
228
10876
2249
10220
826
6548
12969
11347
8536
4046
11585
11281
3502
9818
9341
7718
772
9271
7331
4933
4783
8747
1069
2962
10933
1701
4160
3915
11168
9502
2091
373
1971
1147
8473
12460
9968
2538
1951
11293
8015
12372
1200
758
12162
1425
5791
3794
11380
12537
10741
12903
9028
10867
12009
2729
7018
6551
8084
11806
5867
1632
5982
5794
2623
10929
792
6994
6279
9159
2775
8055
11815
4908
734
186
5271
9294
2520
5548
7633
8200
6092
7594
934
12107
2549
1801
3688
4041
8113
12037
8424
8982
8340
7877
11680
6320
12472
1995
7317
12934
9776
9553
11887
9022
1387
5295
10029
3086
6507
10809
4270
2533
7095
4414
12519
12155
10383
3930
2195
699
1373
10644
9694
7434
11645
1204
12756
7772
7091
8573
9133
7767
1844
3920
11350
7306
13011
4465
996
3304
3534
7600
4240
1959
1002
12026
3071
8629
11223
9395
4115
7688
12449
6165
9301
5281
3031
2957
4679
4478
930
863
1437
6841
3230
3306
1646
9330
12438
4012
7172
6124
11932
2632
10156
2236
12182
4290
8824
5229
11776
12408
9010
6524
6684
11547
1612
1070
1121
5431
2745
11439
3243
12189
8732
6188
3161
7667
6535
7862
1085
2961
5041
2540
7829
2939
8463
8589
5849
1514
5841
3170
2963
2146
5298
9555
9756
6614
5751
12675
9825
7572
1762
5357
5678
10373
5521
291
2148
9986
9671
8265
5379
10639
3897
5559
1478
6785
9021
10968
10349
7230
10042
1830
1590
8895
3855
8274
8813
10077
925
3295
3225
7012
5454
5814
11717
12548
2396
7070
9071
8292
10950
12787
1346
11092
700
2268
8662
1414
8410
1153
8194
10173
303
7957
4469
8327
5101
9146
10956
8715
6323
10815
2339
8180
4126
12833
8792
10107
1166
1658
11510
2858
12415
12982
6977
2906
8585
12812
7001
12708
6605
5185
4739
10652
2847
5177
1428
718
9072
12932
1154
12867
8656
5852
7856
9793
12725
9061
9717
8743
12780
3162
8950
12134
11236
7781
8204
9609
6850
4561
1911
66
12228
1650
860
433
12458
2625
10142
12452
7424
4424
8032
11083
6502
8337
12713
2077
6210
7641
6282
11296
4987
1001
1856
13006
12198
2956
5862
5173
3125
4011
10399
11734
8096
7571
11226
6417
10591
7233
10794
4014
12577
6106
1835
9777
10904
12397
9213
8609
2918
5031
10842
9751
6227
6086
11501
9579
5535
10902
7378
6713
610
10525
11337
4269
5822
8104
2019
8939
6059
1024
10428
661
2886
3799
1105
7871
10318
2895
10279
5251
4661
6757
11897
9821
1380
2993
11308
12985
3076
9901
7902
9967
4891
11778
3240
8134
12738
8881
5130
4645
12922
12763
2883
8115
1401
5340
8623
371
12177
881
7746
4491
2501
8294
8848
11692
3761
12532
10332
9322
8783
9152
8525
7160
4158
4403
7726
8480
11300
3312
3337
12910
6913
2283
1633
4637
5755
10750
8030
3675
6049
6493
2711
4084
4085
11913
9620
10153
8437
8756
10271
1574
9910
12778
6239
3093
894
4091
4448
2352
10623
7535
5115
10137
5081
1872
587
12302
7684
352
4081
3541
1531
5531
1271
9552
891
12029
4996
4786
74
8967
9023
1161
4320
2476
4902
8464
965
3758
6215
11993
4252
12550
6069
6499
3933
6938
11317
10199
12681
2451
9891
4174
1954
8846
572
8397
7276
11208
1609
5724
8784
3559
9147
12579
6932
6608
7426
9114
9848
8547
8343
10901
9547
4436
1432
86
10041
11027
5542
1038
329
12720
10836
9101
11057
7931
6654
918
7963
6909
4635
1371
12237
8047
9804
10287
3759
4005
9255
8190
3422
8727
11601
2952
9215
5858
2092
10934
12151
11144
11303
10423
8182
6095
4016
8063
11172
7821
8093
458
2136
12188
4172
9164
8535
11490
12387
12508
1102
5129
12181
9396
1112
7789
11440
5450
11962
3479
4861
7878
145
2741
1325
7570
6918
2496
7476
9037
1837
5333
10372
5654
11069
3752
8778
761
1880
6806
11677
2196
4168
8026
5986
12999
3311
3864
846
11823
12326
10331
5261
12154
4603
1618
10330
6829
10460
939
6898
5246
11595
1765
10063
6708
11437
789
9678
8260
7664
5812
2689
1228
2272
896
8633
11409
3064
672
104
3983
11890
5213
2525
2133
8373
6504
1910
10298
345
7260
4583
12214
8960
3383
1582
6940
12891
3222
7355
1755
7188
10628
8095
11528
1314
2241
7810
395
1745
8821
5259
6849
5267
117
12343
5334
2593
12782
1656
2085
1642
5244
12419
12465
1048
9026
504
10848
4630
2048
4147
656
8143
10262
3464
10429
744
6024
11367
5910
6623
10450
5905
7849
3826
6403
5589
5752
3028
1921
2643
2400
11841
819
3012
1999
9004
6020
4956
6889
7943
429
3810
9660
5392
620
7431
333
3964
11710
445
442
5612
7111
1620
4929
11611
3104
10445
12504
3913
9515
7628
9401
7186
11817
4143
1768
9139
5044
9666
4812
1501
7657
9364
7023
6409
7557
6911
7266
8652
10661
540
9858
12073
7440
462
11396
7402
7674
3052
2168
9142
6440
8845
11594
11771
11730
3237
11100
6845
8497
11666
8588
3583
3969
4886
1990
12558
2175
485
1742
1440
9001
576
10822
3437
11840
6104
7691
4845
3835
2633
5789
3038
8754
3362
1317
8634
19
668
998
10204
4844
4459
8542
11074
6388
1625
8000
7309
219
3036
9247
8798
9845
11960
11891
6609
3118
10564
12840
2601
10144
11110
9650
6416
7297
1559
3879
2806
5207
8839
8346
3579
5806
8931
562
2724
5920
12838
5772
11775
6011
11550
4420
8277
5790
3150
8276
12702
9911
5843
121
1359
723
12017
8238
12076
5730
5640
3918
4043
5538
7234
11744
1685
2849
229
11412
4547
3205
5338
7715
6986
844
7112
428
2145
11216
8253
2068
6152
9887
7208
12571
4627
1734
4571
4445
10770
10302
10510
585
834
11089
2584
5573
5324
12900
1311
11115
5164
5458
79
9377
11480
5594
10715
6943
10586
12852
2569
3630
10713
4866
12435
3290
348
9174
2421
10348
7608
801
5596
3602
5635
2497
2742
2861
11967
12805
6921
3625
2436
9253
4093
2310
2507
8342
1555
7142
12942
9945
3113
2353
6211
5618
6661
3282
5020
2877
5420
7167
5706
6737
6914
5767
658
10584
6704
7680
8461
8046
3621
1413
4641
2385
12119
6659
2232
816
10840
11325
12080
7770
13004
592
4145
2482
6832
8964
3055
402
11769
5342
9604
6497
1489
8986
10972
11848
9537
2459
7009
1229
10616
6410
10101
8438
1442
9951
12530
736
10479
5610
10303
10314
2930
2940
139
4009
1637
11630
7701
12167
10276
3135
7197
7919
5884
325
10832
7438
689
7974
4282
6939
2776
10820
928
5547
2588
3040
5625
2349
10506
10194
4332
2051
1086
9580
8897
1674
1916
12704
3657
9419
10911
10573
11627
10915
11706
11335
5114
7681
5522
742
202
12384
6852
2950
8351
455
5945
6679
11256
10921
9068
5769
6910
3100
11354
3300
9708
10847
6675
11934
9920
9349
5561
5743
2402
5766
11590
12
4979
7314
11850
7235
3592
11502
1111
954
4347
10890
2628
6859
7478
12976
9031
6025
7039
344
7365
3834
6771
682
7071
3789
11787
3329
8242
3356
710
7692
2050
6181
8058
7563
1636
6031
1868
4483
1116
5414
3723
4672
4989
6189
4732
887
498
10444
50
242
786
11708
6581
10993
7254
901
4206
5474
4903
6761
815
8690
8411
8539
7027
4917
12204
1184
7845
7084
1483
5617
8264
476
6036
4784
3184
11353
3837
2491
11813
5119
12451
12018
5270
808
6005
12201
8849
5803
2587
6473
10887
9883
12726
11959
9374
124
2169
2274
6583
9220
6251
2874
8571
4161
8243
161
7883
3465
2053
5876
4795
2438
806
6985
9087
12761
5506
3050
7445
10454
1950
2200
1829
7109
10162
11419
4352
3305
12878
7156
8049
10203
9062
7891
12304
12817
6484
7491
11825
6147
6080
3251
6456
6826
3402
5091
9827
2677
11131
482
5641
7483
10701
6280
3993
1382
1120
9946
9497
11653
11326
2532
2250
9651
6468
1751
2616
4373
9304
5937
4260
10258
3309
8124
11608
5484
4905
3843
6272
7315
4804
4966
2319
12001
4622
810
5532
5051
12856
12208
10335
4335
5906
1812
5162
9799
7118
2773
3336
4572
215
6875
11183
2384
3261
9501
5448
12028
6337
43
7043
2946
10385
8657
7559
8854
9545
10071
5732
284
3512
1189
1025
9242
9693
9669
9675
10963
8882
12568
1974
9881
2509
3611
7013
8086
3308
2055
195
1368
3325
5577
4709
6365
248
9558
11552
3281
6724
12491
2582
5897
10801
6767
1246
12473
2795
6924
8097
10022
5955
4299
7754
2330
8831
1968
7927
1903
4272
8583
10143
8266
4967
989
2018
3928
9583
3905
11997
5026
8999
7264
4952
7967
1178
1145
3508
3224
5367
919
5960
2965
9606
749
838
3253
3836
10754
312
1250
2735
8776
773
10174
3519
10937
111
9027
8886
4190
11005
10482
8436
3742
575
10419
2079
982
10826
4192
3513
2367
12333
8970
4757
12050
6186
10533
4054
5468
4649
7078
2071
857
5563
10116
2746
6358
4765
10342
4767
12647
5178
10196
1280
6714
98
3861
10311
960
5663
6321
3873
5609
9169
8380
3539
9293
5887
6596
8406
9645
862
3725
6425
4894
7988
10431
8136
1010
9128
5525
7941
2337
4163
3631
9972
3020
6055
3649
6618
6768
11215
2823
8506
11863
3898
8925
3587
149
5574
8550
2389
10104
794
2998
389
11004
12330
6571
5274
2112
9676
1127
4110
5074
1209
9316
2609
510
2544
10530
11573
3749
10415
10466
6052
11838
221
11861
8140
1572
2704
2972
3721
3876
10187
9065
137
705
7360
5978
4947
1096
11628
1230
4523
3495
7886
5891
1527
6068
1142
2287
6205
12842
9943
7603
494
7192
1061
3287
5353
9055
6154
7947
1103
4199
10206
10903
11988
5974
2717
6516
4278
2480
10698
4235
8420
3122
7281
6814
733
4936
11658
9300
8151
5159
3690
8883
12779
10814
2552
8223
432
1506
8081
2916
2899
6834
10132
609
9653
12030
7511
880
362
11400
2721
11918
1530
1124
6916
7049
4051
783
6133
5823
4214
1384
12453
1051
6091
9439
7610
7184
6980
5192
318
5372
6996
9779
5882
3172
11148
1706
11228
6263
4860
12879
4059
7108
3596
8772
5247
5016
8365
11707
425
9896
391
6351
3066
12430
2700
8078
9957
10347
2798
4037
4164
5195
8148
5291
62
532
12354
5212
8283
10797
4109
6324
1744
3022
1324
1596
6835
4935
12297
7430
8541
6094
8860
10036
3590
7961
10973
3802
11398
10918
6423
2902
3866
6290
12669
4136
6171
6404
4774
655
12352
3795
6207
2498
1702
11245
4507
3247
3566
3705
12513
3088
3547
6470
7413
346
2522
11781
3313
10971
7074
10780
1054
11877
6976
2519
8135
10566
852
1003
2440
5607
1388
770
2242
6346
10376
1747
3248
9888
3186
697
2592
6891
1509
12255
2771
8009
6098
10648
3899
11464
11779
12010
1568
3954
2919
6208
11644
4959
9642
5881
10425
7598
3612
2603
10296
4852
8002
2174
9635
2312
7382
3734
11427
6511
5396
4492
6284
1008
1832
10452
2212
6333
81
3432
3890
2968
1583
76
1667
3140
11867
5950
8073
10197
12241
10134
6593
11352
4808
1565
2619
12597
6781
895
1579
7766
2065
9965
1321
4909
11545
8396
6784
4720
2913
11049
4224
327
4405
521
6371
12603
10610
12957
11796
495
12157
591
1739
3090
337
1930
2651
8738
10837
9389
9148
6065
4100
3678
9178
4653
818
12641
8329
2322
11369
9994
8146
7880
8399
8981
4153
11355
4019
280
2553
3923
3350
787
1035
5947
1206
198
10081
11495
3929
12310
4021
9847
3750
5078
2387
3646
4423
3011
9192
12222
11099
22
1661
2807
7591
7122
349
9600
1155
2851
8057
5774
9805
4625
3190
2326
1198
10877
7816
5437
9216
12168
12872
847
796
2215
8748
9626
11987
10799
10863
11104
5729
5240
1394
11056
3803
9404
3521
8489
914
1186
11723
7737
5153
8053
5104
11759
6480
7456
11418
8601
9611
987
3435
874
2100
1714
10082
8012
602
5412
2996
10150
3827
7218
9090
10946
10122
3672
6863
8669
9428
8841
8205
6072
8651
1459
12298
12421
8572
10580
2320
3984
10854
10986
8731
650
11020
7198
848
3359
7003
5142
10205
9925
6957
11916
8918
6411
11462
7800
10343
11985
7649
11371
4664
3358
4584
5837
9849
627
10110
11382
2403
9190
8126
854
6650
4023
7868
3693
3235
12040
6720
1616
3357
11746
8746
8720
12192
1839
9511
468
11449
9324
11458
2709
6041
8431
8962
5661
4173
6252
11306
1996
511
3768
5763
8626
5297
11134
10772
374
4232
7727
3948
1692
6076
12593
4823
2561
4621
3275
1091
12925
5172
3823
534
1662
10912
10008
11231
2426
975
9299
5048
12342
4681
1452
3074
9924
3815
7774
1967
4819
8319
8122
3956
4020
9024
2432
1853
5690
9067
12979
10236
9724
7030
590
10381
2243
888
10165
6054
8252
802
5239
10558
4588
8973
4678
12083
2357
5670
6601
3102
9728
6130
89
1834
1552
11489
1605
12824
12632
4196
8663
12774
11687
721
7962
4593
5705
3018
6322
1723
2550
5599
8707
6015
1354
1578
5844
771
7834
3354
5586
3459
10991
6458
2127
403
2634
3323
566
1270
10926
239
4836
9584
4595
12478
11151
4714
6000
7038
8338
2194
9955
6622
3045
87
11805
6739
12109
4565
3921
9627
5056
4362
12847
6199
7025
7892
6944
11614
10313
2216
4868
10587
7244
7214
12344
1659
6175
10244
5509
2015
4644
1544
835
11941
8371
8507
10406
6900
11045
4671
7387
2149
6187
1148
7923
11021
8655
7832
496
9182
2797
10351
5447
10595
12834
9400
10375
12140
3057
1908
7358
5089
5679
951
11634
12317
72
3047
9099
9405
4881
15
2011
4440
10774
11613
3743
1073
8456
1897
12574
11241
8556
6100
6572
6747
942
3609
1208
9436
10676
7550
12789
3370
9673
6791
12952
3594
127
7809
11441
4444
7987
4995
2035
11783
6670
3259
7579
4803
10292
2626
2420
11619
3099
10607
11716
10905
11014
12636
8024
10769
3210
3545
9274
12503
4122
1929
1412
285
10852
2864
1302
9212
729
539
6590
12423
7920
2023
10534
3971
3331
9616
3605
11051
6517
5380
11827
11714
2163
9365
6436
2869
11904
4371
4859
11384
2751
4381
12071
6271
6936
1831
10009
8236
4349
10211
1807
845
10611
4191
5737
10477
4022
550
7620
11736
7253
9119
11869
6888
3550
5727
11747
2676
8162
652
4135
3321
11298
6343
401
2547
12749
6534
5954
3903
2819
10118
5038
10742
11832
4719
472
1569
3717
1225
6381
12943
6607
8355
10708
1713
12274
12239
5196
6446
10791
11048
2471
11994
3291
10161
9453
5292
9594
6380
4610
9790
9559
7487
7194
7940
4697
804
12592
8826
9229
8119
4993
286
9206
6482
6393
2581
7588
2586
5486
1398
4267
7714
629
7173
3386
2472
67
10128
8296
5100
6762
4663
3540
7838
10214
9985
11282
4211
12231
6229
5263
6616
10062
3889
1214
5655
5592
2030
11046
3371
10418
7690
666
11159
8038
4591
754
9835
1389
10453
12077
1953
3960
12656
1730
2001
9734
3302
8575
10123
7547
4050
392
1337
12327
2288
2158
6010
9201
12950
4033
12016
5498
5491
662
3885
5346
6692
7222
11310
10147
3089
1372
6588
6630
4220
1994
4687
11544
1933
5518
3753
4372
3084
3970
9874
5465
9352
2794
8878
7552
12971
8050
799
763
4553
171
651
8671
2101
8059
2187
9765
5330
11394
6518
11042
11753
731
5102
6807
5787
5409
4366
4769
6840
5158
5314
10565
8366
9647
8103
294
5998
6329
8943
1902
8774
1595
11768
8207
24
4778
10977
1796
5011
2855
11602
11741
9772
135
7044
10051
762
667
5426
4132
1799
9420
5141
3246
2275
1191
7471
12000
9988
9735
4733
8317
4496
904
7400
6012
5181
6198
2642
1923
5472
4382
9222
4665
177
4806
5701
8532
7150
5160
9311
10392
9534
7618
940
4358
1784
4244
2205
9314
9523
9876
6038
5175
4274
6827
3199
647
7468
1940
9789
1454
4741
2666
1065
11895
2512
9568
6288
3737
6953
3757
6922
4226
1445
5872
6691
6895
6946
4146
5168
8567
12215
9362
3613
7932
11902
276
4461
6401
11498
2942
11438
6061
6530
2804
509
11389
11401
324
6641
10626
4756
364
6973
500
2182
7741
12517
6798
4363
11622
10621
6983
4828
9011
6111
3702
6233
7939
235
8800
8206
1802
4427
5694
7079
11507
5131
4730
5161
9457
5546
7863
3326
6915
4963
1564
11880
10354
10649
11849
6509
5988
8693
4042
4821
5689
9122
2866
6656
11158
5278
4648
6356
1377
3668
8268
8767
298
7585
88
11361
4838
1267
12385
5453
2945
9181
12973
7054
9046
9414
11546
8791
4029
917
9120
6802
11468
1391
9112
5350
10469
4094
9536
6102
9654
9407
3842
143
9499
2708
10117
4265
4505
8664
10361
3751
5830
11137
1013
234
9034
2429
3406
7565
7960
5781
4275
8938
10923
12892
9086
5795
12481
7435
10789
6392
10979
11370
3296
2153
319
2185
1532
10749
454
4247
2839
7313
7604
7262
9002
12046
4654
3662
10251
1299
9486
7032
6568
5754
167
1122
10824
12920
7695
12132
10678
1176
11727
7925
8689
6686
8777
1560
10693
4628
2682
4472
7971
7527
5576
7805
10980
7678
9259
1220
11728
8196
7169
1948
2203
12095
10094
7765
2716
3053
12595
6595
3797
3474
2291
11213
1441
7753
11610
6235
2441
8530
6354
1737
1347
2150
9197
9869
10609
3511
4476
5629
12047
9832
5757
3747
4938
9336
8167
2064
7014
12992
5287
42
1338
7910
2803
11821
3892
5964
2336
3531
4706
9698
4413
11001
7081
7168
8987
8988
10899
12359
9008
10541
5992
1397
976
7497
10324
7028
3327
4223
2884
3262
1975
1602
936
12964
5032
3546
7730
4307
3640
1474
5473
6434
12336
9710
10190
3785
1066
11995
9163
11425
3538
11395
295
11844
2959
5136
7474
5303
2813
690
6316
5481
2527
2954
6348
1932
8993
12771
8775
9612
7924
10670
7815
6815
12535
12712
11812
3489
3700
11430
6066
5323
3709
11116
10309
6269
4157
7516
7644
10183
11992
2966
10076
118
2028
8060
6600
1554
6084
7465
5151
9719
5143
4937
3790
8467
7327
5257
7985
2102
9859
1415
8392
12323
3947
8636
11410
6634
4581
6383
7247
1386
1892
6825
287
8229
6984
11873
5699
12645
11390
9262
687
8178
2734
4048
1236
12569
6226
5520
8199
5241
7743
3
8666
1352
9602
7540
7242
1673
5584
5236
7277
10439
3574
6730
259
9601
4766
10133
2125
6759
4303
11453
11974
6611
7599
1042
6923
4271
6699
1241
11024
6966
3441
6653
7848
9256
11868
10627
4900
3565
424
6510
3339
11444
5890
2371
10579
12795
9303
9371
11268
1490
11320
8686
2562
4415
12082
3943
5739
9991
8591
2662
7820
1727
8518
738
10833
2325
5966
11034
1199
3206
12553
4638
7882
11463
10697
9353
11792
8843
5932
3577
9097
4106
1407
3286
10447
1970
12178
4708
2530
12303
5936
10364
9047
5198
6283
1049
1345
12740
3718
10853
12272
5750
3896
1329
4971
5824
4384
11503
1781
412
2929
6051
8976
7797
3096
8419
8549
11519
21
11593
12955
5349
556
10278
9686
10500
3772
6871
2943
4690
5912
12871
6906
1842
11616
2574
1249
1893
1766
4310
12911
8299
6168
10553
11150
10382
5833
9156
2558
5065
11319
8681
2947
4701
4419
9674
11966
9648
4202
4617
5615
4431
3904
7605
3009
11275
908
11589
1138
10518
5197
9603
3001
5214
10085
2298
9295
11682
8039
8090
6649
8289
9982
8940
4486
3258
11135
1477
5117
11901
7068
11015
8758
1752
9312
3388
12997
3163
10149
598
142
5066
7548
2105
571
5692
8191
11709
8551
9424
10113
2259
2155
2815
4651
4643
12105
10000
3575
2744
3197
8908
10027
3328
2725
9646
7611
6610
5285
11230
95
12762
5288
6075
2160
8977
1266
85
5902
2658
12794
10762
9328
5898
1641
6644
10195
350
12443
246
5748
11542
2832
9670
12916
414
4696
6253
8951
970
3506
8594
7507
5718
5921
6369
1173
5646
12289
12142
8384
4689
7422
10513
10353
317
6683
11651
4131
7623
10548
9745
8802
8170
639
8803
69
10787
12286
10764
7453
5477
3634
2041
12815
7227
3716
11665
9833
12521
4180
2172
8230
357
477
12098
4490
9866
5517
1006
7368
387
501
4099
12034
9978
3250
1822
1283
12251
5997
11405
10828
7170
10694
3440
9102
4585
2678
5355
1077
4458
5869
1886
3845
5316
2769
3085
920
9914
10225
11699
12693
4487
9771
169
4279
7965
7058
12370
5558
216
9171
9051
7195
8948
8741
8435
4777
4083
11991
8770
5069
12172
8907
3320
5973
5572
4960
2568
6881
6655
1567
5896
6992
4797
3116
4159
12383
6726
3591
3182
3638
10380
10320
3128
6777
2853
5348
5075
1400
12600
49
11146
4944
9855
10265
3334
12680
7993
12598
5432
2570
10535
8868
8680
12716
9048
11726
9211
10739
12312
11697
6628
12104
5315
5499
4398
8217
6629
11329
10849
4129
9773
12039
7381
9736
2347
11777
97
7549
10994
8814
6176
3558
3021
2294
9448
6667
8855
9281
233
12881
4725
3129
10378
4880
12557
1846
3536
6114
9088
10502
9386
10733
12202
9165
1295
7763
4530
5116
2555
9922
3448
6752
950
2343
6485
11931
10857
1106
7398
9361
10411
10850
7489
2027
6126
11702
8953
3418
10440
4656
1805
2758
12989
7634
12148
7719
2224
5028
11378
1375
8361
11907
12257
11786
12086
3007
3620
8164
4824
3233
1170
3453
4385
2126
4534
11882
9074
7551
3160
3641
4102
8306
1603
8116
4666
6386
3389
6540
2461
12523
8755
5286
3869
2539
746
2867
12145
12921
1592
3840
7127
6613
12539
9321
8133
5231
12170
430
4480
11420
10266
8341
5187
10574
6997
6136
6143
9999
2043
1402
3910
3937
4499
10614
10730
77
11607
9310
11408
12325
597
10889
10157
6926
10999
7875
12547
3763
7903
3443
10688
1978
7272
5929
192
2814
4814
1464
5429
11858
4068
4994
11820
9744
5049
2688
11996
2909
6625
1114
7758
7488
4973
10465
5734
1342
12873
3433
11407
11071
12378
182
8118
7412
1350
12496
5137
5886
1814
3699
2132
10910
8700
3216
2086
3417
9044
9590
11648
1883
2986
11477
8757
10559
8064
5583
2982
8092
10073
3294
3477
4215
4904
8832
84
188
8830
3990
12662
7403
2513
2481
6749
2253
9411
4692
9610
2285
2279
5199
5799
2341
9641
5428
9406
3030
2314
3212
1688
10959
2004
2307
8016
6927
2893
4533
1879
8375
5039
7510
164
6360
11436
8877
9778
7492
8742
2208
9850
5770
3552
7907
490
6315
12931
11195
2713
7238
3314
4594
6090
9170
1988
12149
9433
10433
3813
1943
1293
9127
5401
8870
7248
70
7346
11136
784
9423
5411
7268
4338
2922
4755
441
5120
1245
3423
281
2630
4899
5513
3766
1218
1806
11701
7980
9187
11178
9714
6364
759
4831
9683
5268
6218
6003
9350
4640
2292
11079
5169
3114
3393
626
11523
3353
372
12437
6296
12764
5508
10615
10677
3603
3909
8443
10023
3481
2342
2504
864
7830
9644
6652
11009
5440
6058
11090
3411
5749
1046
5972
8911
2920
8969
995
1174
12338
8627
3713
10360
3458
3317
5667
8548
3927
741
4306
12340
2410
5632
11139
1819
1274
5087
4723
9623
11087
4555
12926
10026
3893
10864
1664
8247
11957
9585
843
2830
8322
4626
10930
6592
12643
5061
3645
6481
9672
7295
12242
12471
11802
6639
12456
10363
7725
3214
253
5931
4604
10654
4494
2143
9816
3068
12220
6
4612
3303
7643
3307
467
7092
9769
9875
8486
1248
99
3003
3073
9392
11129
8220
12629
11537
438
873
11336
542
3061
1233
4715
10598
2267
7502
328
7124
5462
8172
5423
7755
7051
9454
11010
6662
1300
4685
8448
11284
1798
11549
10550
7541
1593
11457
7614
3446
814
4104
2960
12044
7350
8335
11713
696
9940
4441
12291
12003
2506
466
11830
11982
309
2142
5352
7163
933
10228
3773
1909
2487
10752
1090
10515
6483
6260
11559
7383
9
1367
8751
2278
3429
7136
1095
9118
5250
2620
390
5796
4835
9005
10810
1711
11921
9812
5840
1040
7683
11292
11835
6262
1157
5585
11824
10802
691
5652
4768
3155
12066
2848
11445
5761
10718
4576
2575
5591
3771
6389
9687
10319
9337
3679
5071
10140
7887
12961
12059
4080
2276
6941
6503
6248
13003
4389
4782
6872
4040
6492
3916
10499
5308
931
11196
6945
7366
7650
9755
6591
1600
486
4067
7978
11180
2119
3174
5329
12085
2854
8325
9636
6247
11922
5068
11563
3152
8561
12358
10087
8910
13007
12267
6311
9228
2218
1899
9290
8810
6295
10638
3024
11739
4793
1561
8719
5
7698
10316
6603
2661
7134
3367
6001
11917
8929
2266
363
6362
5744
11118
4134
5122
2821
11123
3342
12897
12093
10105
2726
4090
10805
11125
4749
3042
7064
535
2419
5926
7154
4031
9066
140
8483
10951
9198
11976
7842
407
2752
7694
12174
4457
1064
1524
2231
8876
12049
9376
5436
2099
1258
8866
7545
2378
7654
2258
3136
1244
1482
9915
5924
2600
3636
237
3760
11181
2565
4841
12566
9621
5516
12556
5058
5332
4434
1938
12956
2222
136
7944
7914
2765
3598
5208
9668
1303
9615
5946
4013
6501
8488
11459
10340
13001
7508
4209
2712
2898
6897
3580
11952
5979
53
4284
6202
8809
8786
11624
632
6297
8416
151
6395
11846
8714
6803
8386
3130
9257
8422
578
1850
6620
1320
6676
1757
9909
7261
11831
7047
7515
5672
7843
8618
11758
8409
10707
5922
900
5034
3488
2802
4580
8902
8112
9775
3854
6774
10570
1939
12379
200
254
8472
9542
774
5785
7839
5759
6209
12005
1067
1333
5801
2789
6751
12006
8771
8514
6819
2305
12876
6894
11059
7731
2240
8569
8745
6127
7913
3595
6060
7473
12711
9318
1263
4897
8769
4404
3568
4357
7265
6216
6816
10726
2629
12284
1022
10020
5296
6565
3143
2985
12328
11516
12064
11043
2646
2578
2207
825
415
2346
12062
2679
12941
1019
10605
1062
4810
9696
6740
7712
4613
10603
8605
11829
3780
8865
3878
8862
876
11431
7301
3450
7037
5402
5555
7374
10325
10803
11312
12113
7110
5565
8641
1529
11814
6901
12690
11560
8139
872
8037
4197
453
1224
8923
4498
6479
8105
10700
1665
6864
9107
9843
5846
10152
12801
10295
1004
2408
4871
4662
3077
12236
10048
201
1657
3270
10075
4024
5476
7858
8672
8606
8323
5639
11038
9528
4858
1724
621
12087
224
2683
6377
3561
12278
11797
1480
7740
9500
10024
7428
3095
522
11261
3298
6396
7299
3352
927
7405
3221
2401
1336
39
4195
10734
3217
4601
10514
6223
7103
9283
6856
11039
4633
5504
10126
12499
6766
5829
6313
7161
5633
11182
11999
12144
11572
12793
12616
3319
11690
10035
3509
3381
4620
8179
10509
7209
1292
11450
622
3822
6334
8301
367
7937
1925
6132
2411
6799
94
5463
4154
4248
11035
2718
6121
3607
12703
4356
12152
2123
8149
2486
10875
725
8345
1235
1392
12081
4070
8013
9466
1871
11888
599
5368
8678
82
11579
9722
10268
2244
7653
6418
8816
409
4121
2878
618
6399
6073
7344
7583
2338
5857
9690
5738
6643
4123
649
3689
10093
5850
8062
1029
2754
10475
11670
5413
2308
593
16
9963
4683
12679
1694
9952
3644
1423
1874
10978
3070
3692
8447
8625
1919
3280
8898
5783
2638
6672
5798
5698
9692
437
6192
3256
3177
2967
2025
12799
10936
9657
12321
11859
12949
8578
4851
7106
5911
1983
2757
5650
5595
12187
2261
11470
10058
2516
7777
5452
6701
1635
11742
886
11073
5709
9787
9996
11002
8765
6960
12411
3524
8357
1736
8330
11359
2262
2659
12079
7627
1584
7930
1518
1427
5551
8490
8255
12234
4250
11656
1615
11127
798
10784
5256
8500
9183
10788
185
8418
2944
9056
0
6007
54
11912
7182
5300
10771
9100
9154
10908
7199
9035
5816
5847
8070
12195
8699
9588
9840
10306
956
6491
5901
11416
10136
7359
3996
2355
10846
1463
2984
7639
9723
1838
654
1900
10135
4528
3992
9344
12945
3936
11515
2002
7666
2474
988
6030
3615
1193
6035
2395
6800
12350
9261
4961
5537
8287
8919
10544
4502
2782
6879
385
11944
10483
962
4212
6821
3192
2933
187
1460
6706
4969
5017
10868
7854
7534
304
6741
12798
417
11097
153
7500
12935
12717
7669
1273
7951
5623
2822
2413
7312
3501
10689
3647
851
8474
6344
12933
10940
8523
12434
4354
8930
3710
3019
9662
7349
6264
204
1882
3694
8029
648
1470
4331
6160
2295
243
1863
3977
2435
10079
3532
6925
2641
11689
5095
4234
3507
7915
7391
3227
3633
4125
323
3950
9509
5773
4479
12715
8184
3691
2618
8494
10969
107
2865
757
4288
6046
3112
9138
7525
5033
8023
236
6876
5301
2107
5072
1411
1769
7237
11474
2871
1866
11128
3888
7193
9251
4537
5272
5194
2455
9081
11662
8544
7676
9020
7035
858
27
5326
12757
11290
9232
2087
1353
631
8156
5626
5403
11483
12639
460
1960
2345
769
7720
3445
4456
2492
1991
9572
546
10227
1491
8249
10920
11504
5710
4062
12033
12627
3870
2680
3403
9273
9592
1918
3175
11342
1212
4811
2434
5167
10016
8997
8061
5792
2415
6040
7928
2423
1580
3562
155
11669
7392
8679
10277
12915
5842
10233
11652
5948
5782
4412
12484
6285
1732
10441
4624
9151
1152
9738
2328
9624
922
11145
10873
1323
1845
5622
7938
4796
6471
10532
9576
2989
4442
9025
10032
2282
4044
12987
1113
9953
158
4452
6190
8779
10601
6543
3033
6783
9384
3263
7656
5373
4820
5457
3415
4266
6631
8526
4344
765
1767
5860
3811
3642
9510
196
11937
1076
5217
2656
5148
2703
12011
4140
3166
944
7204
1395
12870
493
3189
10557
1167
2263
2805
10549
4470
1778
5190
5289
12883
10097
7624
78
12346
5747
9288
10066
2409
7229
3430
553
8576
9608
11272
12791
4832
7113
1330
10538
5480
11923
5815
1629
5634
9561
9565
10985
1867
9188
4185
5105
1952
12299
11799
10108
9184
5885
2247
1316
7269
7596
266
1875
272
11204
1833
8842
7373
10953
1472
5004
2300
6150
8412
4237
981
12363
11259
9964
6956
5282
9894
5541
5059
10290
1378
2478
8446
6698
2528
6342
8587
3159
6128
1672
9103
11791
11760
10792
7784
4078
2738
8496
2460
12199
969
10285
9432
4846
271
714
3220
6304
7005
4855
8552
9245
10417
9785
9430
3058
9564
9882
753
9334
4471
126
5135
1731
12331
8487
11954
2414
6475
6451
4162
10328
12785
5222
4517
6155
8739
2108
9267
1424
4113
12206
7356
8188
2044
5593
5977
692
9625
7147
5364
12620
6981
7517
3998
8160
2138
6990
335
892
2572
358
217
9113
6441
1545
11564
6709
2223
12604
6146
6647
6693
10740
6258
11191
1092
6119
3777
506
12265
11872
4726
1348
12543
12742
4839
2162
11738
8952
5514
752
9082
11970
8502
8241
1550
11884
12938
7259
5645
315
2610
5930
8712
2056
10
9766
8269
11485
8529
9431
5942
8186
11553
12623
2038
11184
4870
2370
11505
1931
6778
6787
9806
5191
3767
1151
9926
10909
12978
2714
2454
11635
12116
11606
2602
10785
8153
4058
6433
6489
93
7246
2209
1344
1549
8163
3004
6971
8020
1118
10039
2543
2736
1756
11581
2095
6164
10878
3374
538
8869
4779
12426
6056
125
10593
1958
4520
1873
491
6312
3786
8545
8521
9713
4166
1360
1264
3601
8807
3361
5489
11285
2456
7894
3072
526
10576
10597
8385
3698
1012
7716
9393
8491
12356
1393
782
9796
11368
1586
7390
3987
7757
3015
80
3010
2255
1922
9809
9763
8586
5336
6663
9372
7228
10470
1746
4422
11357
8181
10563
8825
9340
2621
8080
1284
5968
10213
2067
517
9325
4124
8584
10919
10895
6194
4155
3953
7972
2872
10813
3322
9018
6305
26
9966
9700
2443
8347
1237
12041
9223
9093
11520
6163
12440
6145
6792
12783
3871
4568
4435
4691
4392
12055
5188
7436
5875
10886
8449
8894
9449
10053
8010
1965
1963
7116
4002
12024
6063
6562
404
8033
11834
150
1104
9948
4355
5088
3420
7764
10390
8558
7785
11603
9571
9791
2897
2914
6044
8926
7139
10781
4323
8445
923
5076
4834
8227
634
464
32
11597
1465
1288
1141
4079
8353
3530
10400
2557
9285
11909
11238
12400
175
7786
9329
2511
10667
11379
5053
4976
4673
1927
9390
555
2622
4982
2926
7126
1653
9569
7844
5621
6597
10241
1016
5319
2999
10084
1291
1790
4142
2109
8965
8905
1458
5294
7900
3476
5505
12401
9473
5684
6703
2039
12551
9684
6376
9613
56
8863
4130
584
8920
10555
4522
3504
8091
2234
10714
9266
973
579
