1748
12959
1124
6238
3083
10549
2392
11276
12660
11402
11751
12824
2433
6685
3062
8391
8583
3621
11110
8136
4947
12204
6250
4471
11717
2129
2761
4457
6508
6602
10335
8411
3327
5851
8658
10183
6107
8022
9483
8790
9204
10256
11846
7555
10719
13005
10422
4897
932
11134
4657
3035
11484
9106
1033
4372
11178
452
4275
9126
11942
8253
9394
8976
5085
3247
980
8304
10323
12520
6745
8575
12114
8903
146
5227
10739
3439
4514
11764
7467
10369
2807
11045
3157
4433
593
9262
38
10954
5150
11162
11878
9076
4294
9264
12962
11080
11471
6706
5719
11299
8935
12101
3366
10484
4686
6963
2536
1538
8440
8862
6870
2174
11097
10420
4647
9633
4408
9905
4519
7336
1823
1665
986
1750
6698
3498
8589
1328
2853
3623
12190
8619
8301
10368
11310
9873
10516
337
1006
508
1257
1761
12809
133
11497
12349
8712
11289
10650
12309
588
8679
8497
5440
3793
7771
10692
12994
6703
2537
10851
2705
1652
3271
12849
2126
9833
7744
6955
4765
7356
2847
4525
1901
11041
6743
10281
8273
8114
12867
10808
12394
12127
7286
8571
9073
6080
12910
6245
11938
705
728
6286
1909
3202
6886
8506
2959
9111
7015
3402
12351
303
5351
2553
12483
6392
5214
10752
11980
10969
2790
1775
3077
6159
214
7094
11661
8979
4702
12668
6752
404
2466
4853
9287
5381
3927
7163
1014
4264
10671
6938
5614
745
10064
7364
1084
1288
3734
11654
6715
12311
6676
12706
11071
5323
12637
5484
11551
2567
4526
2354
749
11893
11069
12282
5109
12854
1485
6082
9223
2244
6635
12944
7867
6158
9028
4003
12736
6339
9418
8004
9210
10156
8600
10215
4841
12072
5694
9205
3637
1851
12366
4685
10510
8415
11904
4347
4191
10455
11244
4700
1843
6028
1586
7268
6415
3747
12090
3530
12596
82
12125
3341
10057
7865
4434
553
8642
8861
3146
7224
834
4894
10352
12403
4309
1682
11632
9797
4730
11511
8255
6388
7878
9508
5167
10714
4132
761
4008
3375
10217
9138
11646
1053
8082
7287
6907
8701
6811
12795
10893
2748
2846
10567
4102
380
4374
12152
2457
10702
7989
7931
4922
8873
12295
132
4447
8271
4196
3209
1683
2603
1396
6951
2358
3239
12745
926
8537
12260
2246
12735
1993
1859
7509
4087
4485
2077
7951
1244
11434
1361
6299
7049
456
11853
9006
8257
11790
4849
7323
8922
1327
6702
4886
3955
4759
9420
1551
2704
4158
983
12138
5889
5589
4202
1191
6034
11838
2397
6372
5254
1307
8653
8263
1904
10897
1332
9837
7723
6992
2810
6675
5361
7207
8431
5539
9835
12822
2202
6166
1149
9746
3489
9811
796
6350
939
10121
8709
10938
10241
7892
11369
10857
4298
5718
11976
12584
2921
7099
3762
10896
6390
10360
3007
3810
715
2461
6211
11480
6341
673
2186
820
7481
5609
686
3454
1663
10395
7985
6511
5457
450
10377
9354
11403
6007
1907
10853
9509
8677
6154
11864
5964
10542
3841
12474
8776
4224
6592
7120
3894
11410
8703
4576
376
6583
10602
3981
5493
11941
4764
11947
333
5998
6883
500
1898
10458
1905
5971
83
11848
3148
9171
4537
6219
9274
6263
8305
8324
9346
8262
5667
9058
5164
12413
2363
6134
9860
10386
1861
10208
5203
7374
3265
9548
11590
12388
7675
2188
7730
10738
9482
11392
3231
5579
12523
6995
7929
751
6966
4667
11765
7459
375
6843
11015
10899
4293
11453
8429
2480
1041
10987
6255
1283
1601
7160
5100
8009
1190
1867
6380
8218
7688
9609
11968
12780
11819
571
12873
6941
10094
10776
7708
3677
1061
10569
8794
8978
2534
10961
5819
7263
5438
1093
5483
8764
3392
1795
6974
11956
8531
2557
1659
10481
8038
616
2565
3031
297
10563
6985
4746
3658
11450
9859
3739
4042
3493
11908
566
4451
8866
9165
11226
6461
1031
11583
10913
597
10731
3742
2254
6352
10229
6026
12930
9966
4262
11173
6735
3014
169
9960
2802
12720
7089
12634
11979
1671
9922
7344
11420
11261
10803
4116
10488
10957
9422
4233
10721
4659
622
2955
6139
2298
3407
11926
9850
7825
451
5055
10651
1232
12164
5099
12575
3195
7853
137
1179
3872
539
3058
4004
10900
10846
9085
8806
11348
4219
7393
12165
12605
4736
6637
7243
2465
3862
6823
1653
7069
9199
3636
10354
6984
822
12919
6382
1628
2097
10153
2645
11314
10791
10380
6663
1766
3455
483
9116
8261
7422
8321
4167
274
9560
8844
5794
11533
2039
4587
10278
11762
5385
5422
6781
11363
12842
10574
11544
2500
4252
10684
12516
1326
4184
6406
855
2876
1238
6472
10122
9727
11304
11354
8455
12420
6853
12155
355
9301
10547
7457
7677
3942
6244
10697
9435
12932
4520
3552
1517
7629
733
1348
11374
4024
8859
2949
62
2151
9792
674
2928
4254
3820
2111
2014
11597
3261
12146
10999
7888
5969
8522
860
1219
4270
2497
8659
947
8421
3892
10892
754
1772
2796
11268
5447
2468
4311
11179
8786
828
11062
6631
1148
5970
4738
12175
5677
12362
3108
4717
6627
9900
10991
12461
13
1745
608
9003
11104
2109
9053
9834
5873
1334
1662
11150
11409
2643
9678
11562
9315
1524
10060
4743
5333
9751
1994
7679
12079
9469
4345
1594
10343
5364
522
8752
4279
8864
12344
4067
9758
10625
3811
11061
2326
7700
9527
2734
11267
12342
10736
8078
12132
12412
12789
2368
11796
11132
10951
1405
3508
4045
3940
2709
2638
8884
2008
1863
10252
8539
620
3380
2597
7584
578
4830
10073
5035
10331
8731
7992
8649
5458
6998
11512
5688
4073
6496
5726
7376
2862
6589
4425
3760
11238
2181
7624
9867
4603
12861
8639
195
5744
1448
3910
3574
10211
5932
552
2404
4510
8445
7887
2407
12718
11496
1992
10550
11081
9069
2150
2699
12454
10054
9353
3214
7859
9596
6331
3670
11017
7741
9695
12941
4338
8370
7075
8554
3390
10936
4575
10184
1794
8332
7506
2405
4798
4608
2576
10016
1301
9664
4284
2463
5427
1007
3918
8103
477
4817
2805
6942
6221
3616
2402
3790
6543
1358
10716
2510
11850
12562
11932
6771
7046
3694
3629
5492
7600
8548
5271
11342
6862
7858
9864
10250
11177
4035
3046
7847
12790
5115
1757
1287
2273
3400
2104
4611
11163
8441
12154
10330
4892
9586
5108
7454
2927
12755
2090
3748
6367
3751
4843
12400
1337
1199
2378
10812
1920
637
6577
3484
11221
9358
11326
3369
2832
1395
2724
1970
7650
7085
6015
7557
8275
4446
12896
10955
6102
11
0
1094
11386
1849
10761
6409
3225
3423
2131
9756
10942
6739
1801
1820
6097
4867
8648
7353
12184
3103
2884
12219
10082
391
12021
8770
4957
7424
7366
2988
1862
3311
3970
9957
1392
1632
2121
11212
6100
5411
7397
4265
2462
7513
11687
12758
2642
8476
4455
12
6240
10472
11264
8989
3879
798
4206
7222
8228
10725
8858
12156
1440
9543
6070
9119
8613
5522
10555
5198
12277
10811
120
2563
8845
11003
10364
9882
1382
2352
7749
8066
2520
4815
7334
10015
3880
10799
1891
7468
6830
8618
6056
2212
4375
4737
1883
7048
12106
12361
5960
11744
9208
1372
4227
2248
3039
9380
6579
1300
2119
11813
1008
4322
5174
7136
11986
7328
11021
1398
5943
349
1797
3743
11722
5097
7558
8909
6947
2193
7123
10365
696
5186
9489
12385
1908
5687
2140
5274
10622
9650
10617
5318
5429
9513
6950
1509
2744
10653
288
4967
1631
5861
6854
4653
9711
7276
4468
2063
3082
6011
4771
10577
3964
11349
6019
2164
10026
6371
10956
11940
7227
7036
5683
936
6961
3283
275
9039
11899
7691
11220
9821
2993
4842
1266
8097
5706
3565
9975
16
9461
7613
5786
577
5419
11382
2439
7447
9355
11776
4766
7843
2106
3769
9778
6851
5966
3689
5460
3741
10917
2270
9222
1546
5721
3986
8970
7076
7620
11044
6485
5293
5165
9349
1556
11227
1792
1760
793
9379
5571
9839
1643
11780
7231
4361
2371
9947
5843
10536
4889
11670
5675
4497
8234
11747
10607
12343
4136
8259
814
5561
11573
4399
7361
4670
7522
12831
7368
1890
9485
7849
10426
8295
10151
800
3635
282
2394
3930
704
3906
8217
3784
3119
598
10624
370
7935
10568
6576
7953
5616
10358
12918
9550
3199
9562
11987
1608
6591
6549
8723
3843
3928
4877
4396
6425
3737
4680
20
8640
2978
237
9737
5456
5090
9458
5390
9230
11023
9554
5402
10777
9266
12979
5466
603
7319
4512
10370
10666
2195
11393
7387
773
4513
9569
8121
2163
4397
1501
1910
1064
8855
2502
471
2498
6142
10541
12595
996
3152
4086
12313
1056
5127
7665
12408
6448
3378
3303
12684
7362
8896
1404
7941
10039
7331
7911
527
2190
8230
11684
5265
7570
11568
98
9567
9615
6048
5848
12620
11953
12098
372
6081
4838
7437
4201
9475
2108
7693
11770
6151
2789
11279
9564
10553
2926
2875
2434
2207
11474
4536
9582
6251
10638
7429
12871
3984
10509
4917
1386
3796
7026
2303
2422
11663
12476
7752
5693
3730
1912
1043
1299
2161
9104
4450
12800
2347
2994
3854
10097
8436
11136
8605
3471
9189
1177
10276
5673
5023
9871
8224
4053
1957
6009
5171
4943
6915
10947
10385
8671
11659
7259
10071
7776
12437
10110
10600
12131
12045
9926
4966
3712
3624
3460
12992
5325
5498
10046
12112
11058
987
2715
3990
6964
10644
5216
10321
9450
9056
12168
5699
6014
9404
8095
7018
6564
8614
9217
9529
9504
9538
6198
10230
175
12285
10018
11486
827
4642
12658
6185
11678
3684
5344
10
8086
12218
180
6450
9421
10476
8608
5659
9207
9625
10346
12885
5056
7823
12193
10681
2660
10435
12825
2813
9610
4467
65
1528
10022
1941
9250
8487
747
5301
903
12847
6620
328
8563
1687
12737
9170
3761
12606
7031
7548
7635
12935
181
4563
6509
9401
4027
7594
12030
6418
7138
9583
5052
11677
8928
9398
9534
2678
6340
11270
609
1667
1729
8050
4310
4146
3538
5463
9893
7578
5865
9760
9597
11444
1839
12145
1580
10068
12535
12035
3409
610
11975
6909
12576
1732
211
12307
2907
8142
88
5500
721
348
6016
5054
6126
2258
12099
4505
1059
1292
7812
2380
1435
5862
3523
5209
9311
12581
5465
8758
310
958
12591
8819
3849
3610
7810
7232
9584
1194
8211
4145
10463
7154
11579
9209
6920
3630
3588
7078
10774
10199
3549
12194
6782
8093
5841
3235
6199
3829
1433
2521
4238
7339
12171
8610
7247
6318
168
10773
10083
2895
1105
606
4249
2794
4584
10193
973
9863
8190
10318
4058
1175
11547
10169
11854
7260
7080
11405
12571
3177
3398
7682
3932
7777
9191
5288
1461
8212
9598
11912
9507
8468
9878
86
3913
10471
10675
11689
2134
11467
3554
9256
12188
4959
9270
12597
2892
3385
9932
10467
3451
5935
3833
2216
8051
5305
6184
6791
11255
5775
5513
7706
11690
6315
7239
7067
2760
12043
5682
1980
11262
4914
1702
12877
10487
8724
9601
5371
9517
1829
12241
2611
12894
12541
8835
4770
398
2115
6785
144
8337
11618
4799
8662
5481
5916
4726
4407
5564
1870
11931
5262
2885
10149
12377
4963
4061
10430
12470
3618
4573
1577
4159
657
4567
3045
9620
607
4918
1296
10695
7213
2416
12017
12692
11362
7868
4122
11685
7179
2215
11331
5804
8795
1716
9296
173
4721
7141
3642
3655
7189
10104
11483
5625
11479
2639
7394
12578
6968
10347
11712
8392
3792
10260
10582
7642
12387
6129
3391
8473
8924
9097
10079
894
7306
11209
518
7630
10107
12247
185
8955
4683
1073
10519
5760
5526
3032
8357
6454
9542
11966
12670
3944
10392
10023
10533
1599
1705
3555
10660
8877
5839
9428
2560
3339
5655
9712
9977
1356
12128
4134
6481
6176
12407
971
5487
5324
10405
8207
5368
2702
346
506
4825
4970
11388
2023
1057
1426
5485
9124
7296
7351
831
193
8160
2825
3069
3997
1892
11406
6636
10263
11387
7267
1470
3161
8087
6526
1388
10649
10292
1800
8364
545
12182
10113
12181
11949
9049
11999
989
4606
12294
10436
2197
2823
9732
1999
595
3871
3715
189
2198
10933
11607
2393
11703
3807
12463
1239
11142
10735
2219
9948
10779
3363
11909
534
79
479
10678
9052
4909
8064
6993
2302
852
224
938
12960
605
11944
5854
487
12142
12508
1173
1030
10819
4419
5183
7183
7073
579
6469
8036
7788
4533
7527
9614
972
2529
5030
10781
6809
4821
4272
12284
7873
5891
7959
11681
6088
9725
12774
4278
9194
8582
895
6905
10155
6973
8408
2524
6332
7512
8067
6569
6596
9929
6414
9686
1780
11916
11037
1355
11648
386
11400
10551
4333
7143
10363
934
4960
11928
2084
5528
8302
6633
3801
1654
3377
12498
12448
1340
5122
9198
4117
12738
6860
221
7881
12709
1193
5185
11649
9623
6348
11525
366
9219
11199
867
12940
8401
6054
3648
10877
7876
7589
8601
5674
9027
4836
4913
12999
12493
7906
10652
12016
9996
12397
7889
6086
3492
10759
12202
3210
7074
1655
6859
11216
1967
4895
10635
954
8090
5562
8838
298
2681
7582
1393
1916
10289
4056
785
6148
7425
919
7146
6230
4681
11031
11057
7819
12238
3631
8625
12934
1719
9277
9212
8530
11293
3307
2878
6597
1229
12439
3249
12062
1304
4908
810
978
12675
1858
7428
234
10612
7033
12818
1421
10179
12906
1466
6764
9707
2059
9515
6347
6566
9443
5955
74
3452
6157
381
8981
7805
2889
94
6897
12069
1109
2706
12505
7164
5717
11613
7804
1996
10921
2774
10517
3361
9743
3221
1215
2719
3106
8163
2487
10390
10674
2313
7432
10786
4615
4661
1331
4646
9393
4662
5923
10479
3118
1832
2401
2118
6646
826
1743
10741
1657
3473
11660
4148
1088
11084
5155
8894
7200
4044
1846
1841
11478
11137
6533
2388
92
5177
12005
5877
5476
805
8085
6902
4449
9605
8000
6768
10861
6694
2464
12283
3345
9168
1209
965
11756
10446
8980
5220
4101
4588
8521
8552
3187
8715
540
8194
2653
4538
9551
3090
12452
6294
12432
3691
7742
1697
7012
7966
8707
8789
3276
8233
378
6322
10673
12433
7697
10344
9829
6010
12261
9713
9242
10254
2837
12716
5511
8210
7597
1339
7291
12797
4273
8221
3908
4946
6212
11582
12199
6345
12102
9365
5037
2840
11612
12613
4288
12189
10417
12456
12914
9602
1995
11526
12961
4800
2655
231
7471
5832
5684
10771
290
3567
5121
6309
1241
6044
6319
10931
5479
2021
11782
5944
7903
9738
7155
10428
6847
10504
2064
5520
9494
9129
2996
9203
12356
11181
3318
1492
2614
411
6754
12135
1581
10632
11171
2673
4498
10334
319
12109
12423
2105
141
10765
2960
4582
1117
7327
3087
3519
1650
7813
4100
4934
9646
6462
3383
3607
8333
2844
9733
12270
480
9179
556
5984
4489
11866
4864
8168
12676
9510
5018
2806
12939
7621
2830
5488
7801
10562
2612
8947
7905
6374
3073
651
2295
12640
10465
12490
11943
11842
6794
119
6903
7324
8656
7423
6394
7569
6165
8863
1977
2494
1756
7518
2544
12391
2924
9592
11691
3755
10495
11485
4093
8591
12234
7006
9467
10242
3154
9253
12226
2089
10587
6767
1617
7466
3584
2010
3330
11692
1490
1998
412
7113
7427
2855
6439
12503
3717
11637
5780
4981
4473
11011
12627
10820
6709
7359
12185
8509
11012
1113
10967
8783
2088
10643
12696
7726
7226
2958
12228
8737
9456
2160
7703
11042
5630
6162
1197
11877
3606
2415
1067
7699
2411
10308
819
151
4456
6046
12464
9280
3178
9065
7476
1222
11797
8379
4749
10131
5125
2098
9581
7529
6779
8634
3197
10636
6982
3180
6872
8016
8201
1818
2775
2607
11072
11697
2858
10282
10670
11168
11566
502
8377
10005
1313
3170
1564
8968
2532
11499
7669
7993
7318
1341
9227
7416
7335
4631
1666
1721
6967
2957
633
7543
12810
5831
431
12671
3996
6828
2391
5502
10794
5420
4566
655
1281
10304
5521
4756
7654
7944
4621
31
5061
10527
3411
9909
9502
2838
4078
1333
1119
3060
7077
4165
2982
7971
2100
11961
5740
12614
8636
12977
564
2707
10216
1906
6109
8252
10690
10451
9854
1615
7556
933
3706
8870
9984
8320
5256
6518
7044
3634
55
7211
2683
9412
8840
6466
9877
4266
9955
1762
3711
6988
11461
160
7210
12813
4350
10734
8881
1817
8929
4819
1150
3701
5587
2929
6796
12402
1141
4866
3502
10189
9578
8351
7310
4000
9773
6936
11228
9350
1047
312
11586
9202
4556
1256
3023
1626
7051
8094
7933
4050
10433
762
12370
6405
4811
12862
5005
2685
6557
10845
10367
9576
4366
1854
11950
7623
12460
2747
2037
5507
12548
1101
12740
12969
5902
1397
3973
2120
10410
2991
12495
7736
11394
9089
2749
1060
2839
3744
5339
6357
4022
12851
10106
12346
3936
8079
7827
2479
8223
8833
11788
3114
3941
5773
4557
836
5882
11201
5950
12116
10802
4628
6560
9012
3924
7168
12529
8705
11817
2997
7309
1540
6665
9720
8654
3782
2797
8423
878
9647
2686
11457
4046
8796
11679
3346
2345
11106
1774
12467
6896
1893
2902
109
12129
7408
1607
276
6586
10844
9577
3697
3165
11816
7877
6160
10948
1062
4952
10501
8175
5243
3999
6122
8403
6800
8393
1234
1925
9967
12770
5
6022
1486
12835
12905
736
6972
10891
9192
11989
3846
718
1696
5255
143
5934
10138
10855
3009
3490
10935
11973
8235
232
7419
6073
6308
12213
358
9436
9930
4741
11413
12176
5886
9078
6804
6757
4754
2727
9879
9062
1853
2007
6618
7790
2283
9095
2891
10728
4187
11601
6885
12957
11322
9628
5872
7215
9588
8083
6657
4868
10065
7778
8745
12075
9810
1937
10934
3085
12832
8156
5695
12916
5652
873
3131
2647
5924
6565
3633
697
1968
12130
4713
7059
10576
7456
1771
7390
4426
9137
1373
4308
12390
1946
3049
3054
10173
4176
12953
10118
8315
4747
278
11466
2919
12814
8513
10712
3573
1473
4953
11335
9804
1575
3325
11319
6
10973
12781
1574
7580
6864
1427
1021
9781
182
1627
7279
2937
3975
12183
2729
10180
9234
11009
9339
197
2341
1828
7740
2222
1016
12243
5189
4592
9791
2566
8797
8527
11560
3983
9231
7963
8732
4983
5094
669
3003
11048
4671
6946
6480
542
8540
3950
10021
2444
11323
10960
7759
12603
6917
4639
1610
757
10585
8669
10682
4454
87
9113
8697
969
8371
1588
11192
5999
5370
12117
6327
4744
9840
6261
1799
9961
12024
11156
7639
9195
9316
3393
10641
7117
7446
10074
11272
6208
3115
7890
5962
11508
3143
3994
73
1791
2169
3597
6922
2261
3524
9989
1005
10454
9110
2205
4286
12383
7278
2027
329
12717
8812
1786
9739
3321
630
9894
10397
4405
8400
4222
11371
2305
5620
12088
11356
9121
7105
11092
4968
8439
7495
9603
10657
6723
639
2055
3488
11735
11708
4110
4605
1122
3540
1884
11082
1885
12174
4175
3925
9658
9307
8080
9453
10059
7251
2908
941
1548
108
6749
5093
5454
6282
6338
3513
739
12536
3243
2030
3353
59
11232
9589
7127
5965
4034
1888
6242
8486
6083
1534
8966
1944
12482
7909
12009
5569
6355
2512
8424
2412
668
3551
11376
5658
12938
250
12700
1286
11482
4668
12092
7861
6038
897
3757
12841
3436
10570
4033
8997
7460
5354
10203
284
6760
7417
7054
1125
10916
9054
1536
12539
5352
9817
9410
3367
10029
1078
4623
7701
896
8198
5779
2549
10186
7958
10646
7192
9777
9897
11419
563
3615
1711
3193
10513
6032
10127
5176
8003
12150
861
9619
3343
6953
4734
498
8756
3543
2117
776
9842
5291
6691
6035
2011
9774
1664
2178
6305
10043
6769
2245
2484
12298
6336
7839
9956
3254
8274
783
4229
12140
2470
1063
8841
9754
5468
9341
10187
6138
253
7188
1028
12531
9397
1375
8032
4931
10854
1595
5116
10077
11785
8611
3643
7987
4180
3667
9032
1497
1903
2869
105
12878
2659
12786
10133
5013
3208
2670
3013
2772
2330
5258
8203
12038
1593
10063
10566
9444
8293
8310
5568
1128
4971
12000
7735
2657
7234
4760
56
4601
3700
1847
4475
11424
9689
6434
11624
3646
12097
6329
5395
11260
5051
12546
8969
2941
427
4663
8772
421
11488
11638
8367
6178
4098
7850
7401
6855
9080
11456
9374
12265
6258
7090
3736
9962
6721
6587
7110
2092
7729
11990
8296
11373
11667
7209
4629
10291
2144
11281
10192
4236
5126
12300
8936
7142
7373
11091
7710
1182
9493
9025
10522
2669
3724
11096
10783
10869
11879
9869
2714
6215
5149
344
9454
2710
5123
1279
9624
5663
11777
12954
4313
8768
5650
1583
8031
1951
2320
1154
2182
10546
1562
11875
6585
5763
9970
9451
2989
4064
9
7533
167
7487
5653
519
11417
11472
3815
7651
10654
10441
1553
2101
5253
5538
768
4524
10883
11230
10885
12648
9710
2096
447
3882
5475
10888
3974
2859
7617
5776
1972
12082
8183
5883
8288
4617
6289
10937
8360
7372
5451
9670
1253
4995
917
2654
10946
9914
6280
6805
7655
10706
5565
3204
4559
4710
10797
6621
10923
4260
11054
11805
1480
9606
5833
8186
1569
2201
5063
2865
727
6945
3314
267
5785
3836
3174
1677
9091
12801
9740
9622
10839
3133
6214
6273
354
1603
10608
8675
9845
5306
5312
12863
11014
11702
9368
2662
12169
12775
6990
5028
11664
1522
4569
12389
2969
5111
11683
11240
12794
4929
7731
7970
2571
110
7307
7462
11766
11948
4758
12240
6449
3949
7248
6632
12776
11391
7988
409
9916
10431
1172
1189
9898
8914
8919
3263
10784
8719
5131
6220
3005
12032
650
2697
9563
3825
11357
12630
11993
2277
1417
3969
8132
10132
8939
10979
400
9478
4806
491
8118
2040
1349
9557
9776
5400
11992
5885
6949
11750
12681
5827
8722
7244
9314
10634
11468
2015
4776
5586
7781
10415
8474
11895
3773
4239
4250
9696
8099
4047
66
3676
5826
1330
5034
12089
6770
12237
8973
4207
6170
4217
10400
2641
9268
4120
2286
9232
7343
1410
9359
1686
6179
9184
12890
5515
9214
1647
2786
6149
10162
10619
4253
5409
10521
12291
4763
5309
5534
3179
5469
7920
6724
11118
3578
2389
5917
10676
9405
7317
2746
7791
4785
5764
9742
2621
2620
2225
4682
9585
11927
1390
7687
6956
10904
12118
4363
3280
11455
11355
7975
1836
1880
5316
10534
5027
10818
9490
4558
8755
6939
12642
1707
4496
1343
1416
2446
3878
10126
4312
7062
11245
7293
5462
3754
1428
11955
3745
6201
11339
247
8023
2418
7395
3320
11623
10605
8602
3531
1869
4751
12120
2045
802
10795
2006
12425
8925
2605
7439
4166
12006
12875
315
9972
5755
8270
658
3808
11002
11090
12053
4271
1434
21
5188
5130
6750
1526
8238
7952
5281
2171
10828
7605
9667
10863
9903
8462
11231
11537
10041
1156
12301
177
5643
4209
11868
4484
9530
3408
1646
6430
5002
9976
8751
10535
7060
11109
5012
256
10903
9040
10672
7030
8492
3315
12891
7705
7938
3901
1198
10922
7760
9020
6025
12741
3977
2583
1895
8055
12360
2787
11894
559
8740
7299
1370
10507
2317
9295
8068
12518
5836
5881
11510
7717
2523
8821
2658
67
11977
7465
4844
4137
9187
9213
461
8130
10445
8597
6541
7641
7770
9826
8937
244
336
12623
317
6424
535
11139
1701
4692
6878
6547
2142
5840
9618
5622
8688
11655
12398
7625
12594
5304
2831
12747
11224
6849
6227
12848
4925
1976
7501
12462
11969
294
4418
8019
9931
4808
2035
1469
3198
2200
1621
8868
5096
2909
206
424
6644
3135
3099
2004
5725
1019
4499
659
4112
12942
676
11408
1782
1384
2640
10170
12752
6113
10145
11160
4401
6422
12569
5665
9310
11530
11352
12610
10512
7418
5681
104
9472
7983
2579
5973
3434
1418
6381
12978
3831
11222
1900
9375
8946
5777
8024
10552
8744
9424
1269
11383
748
5345
2430
11431
473
8999
7766
7774
6630
11531
6660
8018
12708
5541
2586
8070
11135
5160
5033
12756
9328
7840
1969
4214
3275
4782
6313
12455
8832
4555
12212
9265
3305
6349
2199
6477
7546
2334
4334
11707
9599
1552
3063
9037
12572
10148
10086
9887
4325
3374
10558
8039
10814
10226
1411
8442
5828
4905
5159
688
5554
4377
1804
4303
444
11502
8314
4602
5178
1294
9808
7913
9959
1938
12920
1860
6783
944
5241
7333
7407
2531
10163
97
5880
2396
1877
12882
8711
6316
2936
1874
4348
4708
11332
6716
10688
6194
3911
12074
4788
8927
10502
5029
1500
2633
5391
3168
9190
10196
6229
6041
11787
8008
7081
5651
5705
9370
10166
7038
8112
6943
11923
12685
12303
3791
8456
7269
3695
9241
6440
11727
5242
6572
8152
8123
6748
249
7561
2932
12329
611
11630
7647
7724
7979
3371
9537
12643
12853
7237
2942
5435
1475
970
948
2351
7107
6343
2483
223
6192
5472
6047
11524
11882
9784
5945
8964
683
7695
10529
8799
2572
6375
2485
8616
5039
11833
9766
9747
9236
1483
8338
2029
11887
2406
12592
3468
11111
12976
9477
12754
7257
8266
9243
12058
7381
2780
7228
5540
835
8847
91
7967
11350
1788
3562
10159
8145
12987
1240
4258
9396
3903
6803
4982
12506
4604
12926
11423
7254
8857
7016
3491
9406
9639
2443
9201
8822
4565
6269
8446
3466
8173
12865
10429
12937
617
1085
4339
1543
6039
12689
6446
2713
11589
12898
8698
8153
3703
12022
8559
9139
10493
4340
9083
2281
1550
10093
268
2065
1210
184
3211
2983
7870
283
9468
12096
280
10590
6090
3404
7915
12856
2361
11115
12855
5053
8169
6490
9796
7290
9348
1978
3856
7902
3242
9429
1308
12952
12435
2700
4780
5535
8219
10014
4997
6736
12973
8454
11619
2133
9135
5697
11087
6516
5001
11671
107
4065
3316
12411
8777
3874
5233
10573
12443
12216
10080
1445
10995
1420
12965
3107
1572
12221
6522
8386
12220
12347
10270
6841
4972
7115
7802
4851
7680
497
11945
10878
6096
1208
5321
10830
8569
5249
2194
5957
6590
11972
7391
5850
12233
5376
3026
3608
9437
2925
3158
2856
5025
8188
3476
2242
7000
11445
8269
6241
9613
11078
11102
2400
5830
10838
6420
7241
8645
5366
11098
2005
1207
308
640
4826
5866
2297
7590
927
940
1419
10813
2192
492
5783
12415
10285
11629
10886
11881
7990
10599
4509
5913
1247
11713
10489
3435
4170
9007
7895
2445
8892
8471
7061
10807
2952
6094
3613
3051
10860
2425
264
4691
11125
1293
6728
9125
3778
2703
5901
10137
3368
2016
6713
11248
2897
3182
1120
9464
8283
6101
12545
968
4731
5408
7431
12341
4781
6413
6292
4084
1476
12821
839
12886
4365
6996
7814
5495
12782
6084
10749
3160
5377
4282
3322
5224
10750
10974
9115
9772
9238
7389
4935
3649
9103
11298
10503
7757
9788
8385
3050
4205
5045
12037
5956
8157
10718
3033
7430
7321
11673
12743
9997
10667
7830
12514
8280
10374
11741
8084
5261
9855
4871
11030
5103
5859
9807
5981
12312
8664
5590
10993
7121
5844
12511
6071
10171
9145
2850
2372
3410
6487
9590
8200
9064
7917
3319
4465
11112
3692
10028
5914
7838
12055
10164
1504
7681
2274
9512
8073
10952
4395
8076
8612
1104
2804
1614
10598
11432
3064
11915
3888
11640
11435
10376
2026
10637
14
4672
898
8326
4888
7965
4172
870
572
8843
12874
12186
2036
2221
12067
6914
2617
8363
4470
12396
6786
2233
5273
3406
4991
12587
9908
6501
12869
1512
11514
7181
1211
10188
4442
5091
7634
11436
9981
1102
9763
8504
2726
8
888
11651
11219
11907
5133
8725
11193
5373
10480
9273
10772
5032
8243
5930
6932
11982
2208
12052
12049
4784
2379
6613
8721
6117
485
10742
1532
7637
8917
12616
8879
4376
9544
735
4305
11059
10571
2165
1712
1291
6114
7999
484
1425
3395
8706
305
9921
12013
4182
881
10194
7955
5640
876
6265
3844
10017
6812
6270
2158
8054
385
1218
698
573
2652
8622
2736
4048
1808
614
3134
12777
5638
7869
3438
5478
5530
6836
12486
12967
2904
292
6882
997
7086
8177
12806
2122
11686
10037
7828
11858
2887
10233
8753
3079
7918
9651
6559
7486
12141
12565
11650
6226
12783
9561
9724
10072
9526
9645
3687
8344
12739
2018
9491
3065
6205
11190
4593
9072
4705
6324
9814
6279
9144
7627
8629
2471
10066
40
11580
9386
1153
6423
8729
1121
2353
1143
3405
7957
12982
9659
2289
3111
3259
12864
10287
8412
2427
10040
2533
7937
3021
11487
5148
4532
675
3286
5940
6231
8434
6483
2610
1436
1387
12757
11917
12372
8176
2294
537
8590
1315
213
7872
558
4360
12817
3457
9445
6495
9716
1754
4452
4627
6734
2409
10498
6538
7249
7504
7280
9029
11202
4793
11005
11016
9862
4144
3851
7995
7482
10592
2455
11865
12568
7380
4521
9186
1881
11541
2650
7205
2172
9684
10909
6810
2128
11753
3664
7579
10882
2376
8921
1379
2676
6385
11117
4829
653
4552
12857
458
7799
12629
9934
11465
8810
12646
6624
7128
7991
3556
8661
517
9806
3875
8524
5228
8975
9669
3298
10167
11146
4879
10032
2103
4357
4998
750
5151
8015
950
2187
5729
85
8836
12200
10639
7922
2800
3557
992
6987
463
9288
4902
6173
5448
3192
2577
2299
10120
3768
11759
4986
2692
11451
5350
6488
1638
63
43
7845
5322
1319
7275
9237
9021
7798
4005
1
6040
2708
12974
8115
1889
10227
4269
5668
3568
12884
9771
9901
9906
8311
11611
5707
1091
3053
8030
10757
12417
8700
3720
10284
12577
7686
9074
9498
1409
9308
8704
6383
10792
2493
9488
12422
12203
12428
7488
8775
12722
5921
9621
364
1815
12532
6867
4996
81
5664
11397
9114
362
3596
5042
11395
6426
6058
7132
11513
5972
2814
2324
12611
4989
4930
5415
11775
1781
10698
8887
481
10994
9369
4306
2287
10564
12680
8209
8916
2310
2499
771
10425
4790
4729
12534
11458
6797
5353
8882
410
9174
7525
6431
2551
4876
11615
9014
7673
5399
4263
12632
4010
4057
3660
1949
4949
2419
5628
2545
3072
3458
8065
9152
6550
8961
2127
5197
3036
5811
2768
8435
8260
11159
7161
9278
3067
12773
6846
11962
271
1997
9631
2535
1346
12995
1000
5835
11921
9118
2834
9943
2690
10595
7130
3442
11464
8886
3189
1605
5397
1559
7238
995
9011
6887
9858
6777
415
11729
5812
11211
11540
5933
2599
10975
8469
228
2842
12324
4855
4099
9676
3018
11020
3566
6899
10265
10044
8895
379
3533
8774
1245
5060
11738
1249
8572
11617
11001
6003
8915
2315
5585
7678
488
9709
12357
2756
12244
10102
12039
8034
10986
6788
9549
9092
6145
8529
4870
3004
10011
4139
2227
12705
10852
9951
11792
12484
6912
2067
9312
9465
5337
7367
11164
1273
1642
10713
12256
8398
12078
1367
9244
5491
3038
157
10089
1882
7656
7666
7149
1730
10366
1022
9061
7535
5696
4516
8184
11174
3394
9416
3306
8192
2421
3685
4291
1516
4287
2912
322
4085
3614
353
5905
8962
5735
5295
11781
12579
3758
6386
666
12113
9098
1537
7554
7174
9591
499
5084
9046
9351
3113
12348
11370
11742
8399
135
12618
7534
9481
9041
583
3166
6575
2230
12983
10280
9017
7982
924
11470
8748
6262
4676
3989
4071
3347
8062
5426
9164
1171
2578
9430
1116
11247
11196
7492
2691
11604
12915
12674
8137
3929
2799
1311
7072
3870
12652
7158
3025
8771
6593
4813
4990
880
460
9653
1919
2226
6514
901
9744
12479
106
9767
7095
408
3279
7489
12427
6977
4415
1252
5787
2841
8913
9800
2687
1518
8941
5604
3494
12880
1081
7022
218
1223
3297
8461
2456
4225
1773
9427
1231
5661
5879
8347
8172
717
6346
4330
8010
10872
1878
3626
4095
9938
5341
6674
964
5300
11377
28
6795
6326
12815
11642
9423
4937
11053
11269
7738
892
591
9629
1170
7342
4483
9309
6931
7503
12690
6330
2644
5169
843
646
12727
10301
6957
7106
7652
4039
3252
9749
209
6756
10669
6991
7842
1226
4036
2843
3659
10177
6919
5379
6235
6611
6666
8485
5349
7894
10201
10181
4242
2725
10090
3264
8901
2984
1928
2170
2721
11828
3909
11265
7281
467
7998
1579
5968
7178
6893
2668
2132
4955
4082
3020
6379
8007
10045
7831
7258
1785
4020
8135
7435
12970
11911
7636
6825
4032
2779
8472
425
5015
1722
2539
3149
340
10780
11861
7560
12626
10840
12314
389
5770
6389
11538
1796
3840
1833
4678
4501
10586
2954
7186
1139
7643
5846
7315
9841
4398
11223
203
12489
8138
8782
5098
12729
12811
2183
10764
9378
6535
7414
12444
2588
5734
4096
11107
8596
10277
1044
9500
12250
9944
5480
9497
11997
9146
12608
12585
9874
7511
1570
1484
11294
11779
4383
8128
5332
4154
9426
4025
2438
1491
9690
6136
2087
9150
2939
1740
5184
2223
7925
7977
4030
10687
2143
8801
1079
12889
5245
9803
2348
601
1274
7552
422
12048
6402
12381
6722
3783
2636
1142
9828
12903
3155
11166
1964
9851
7901
11669
904
8507
7694
1611
12409
5618
10833
7093
6069
4722
11578
7445
6693
12742
5251
1587
243
12225
8292
1344
6683
3995
1126
8670
2759
9356
11620
1203
7716
12988
9785
2448
4648
2651
11905
8002
1911
10002
893
4896
12802
9183
8678
7433
3922
2082
338
11934
6700
2237
6626
11463
7653
8322
6087
879
8438
3483
12850
1805
2745
9101
3657
3521
6360
11188
11328
11064
7783
664
6317
3120
2972
1414
4131
10231
1813
12557
9963
699
9765
5154
2451
7632
7109
6210
12593
10084
7689
5067
4816
5470
12151
6673
6435
4245
2343
582
12136
6400
2137
10887
4586
779
7972
3785
3201
8592
8718
8995
701
10144
6725
3683
10313
11345
12050
12679
3344
2667
702
8179
153
5912
5893
6396
4126
10378
4530
6224
5490
7277
10382
1868
4001
10098
1087
3842
12845
11155
1468
7709
4114
2541
255
1778
9060
2824
2278
1913
446
6571
4179
2718
12368
1335
12133
5319
9305
4216
4141
3172
10985
9721
1930
4129
5676
9283
3577
5816
2722
5757
1020
511
2112
12086
12510
9697
23
9180
5657
9342
3336
4926
7114
1412
1703
5450
7796
12405
12767
9000
11022
9679
12302
3333
7528
1271
11844
9009
12507
6065
9661
1872
5282
2173
2038
9289
5743
12731
2236
4964
2240
1309
4281
9172
11013
12723
4768
5110
9484
10210
8444
2316
740
6433
3127
3548
3682
4596
1202
3126
2511
12491
11381
8323
12066
12123
5557
12167
8124
12288
2367
3088
9225
3917
4125
9381
24
11889
4753
6311
7711
6252
6497
12339
9495
847
9992
10747
10691
11832
4438
1541
12625
11447
9153
6965
12223
3142
3057
525
2417
7201
5583
7217
2743
1827
139
993
12661
6419
114
11626
6391
1235
3668
6045
7250
11460
4331
9604
11851
10715
5607
11913
1429
10396
12844
388
2234
10560
10135
11443
6118
587
7851
4625
5170
11000
2153
8982
543
9093
7884
10459
2530
2177
9780
11815
9917
9331
428
5615
1095
11647
8052
2293
6717
10782
849
5232
3459
3289
11653
6869
5784
12373
7478
10707
6052
7320
12766
5613
1180
5365
10858
4548
4706
731
11676
8824
1467
1423
9162
3413
12985
10311
7644
8328
11189
12707
3372
6364
7834
6427
10009
9102
4156
5814
11767
1213
7926
6904
1876
7302
9769
10972
11634
6863
9408
2911
1357
4616
11070
4779
8767
3934
7180
6120
8229
6746
9793
10275
12330
6906
3029
4956
4865
8428
9112
6108
326
7960
4296
10704
8092
4297
12159
1402
7443
3759
1755
5142
7473
12278
7151
7305
4392
6952
6175
8372
12258
285
10966
12268
3293
3102
923
11368
10221
8904
10810
8272
6253
5857
12414
8784
3219
2821
2311
7767
9127
10168
11343
9795
2879
6169
8318
6505
12271
5992
7994
6370
11592
2056
7426
7156
1471
158
48
11154
11290
8676
10908
5286
692
8277
3141
10511
7184
2977
2013
12143
4342
5701
2135
10647
1606
7434
4634
3510
8643
12290
5407
4900
10326
7063
5722
7079
12683
1001
5283
9990
5104
4856
7329
7097
10125
6623
6137
8627
9518
12328
1731
1542
900
5474
2138
4213
9096
2634
737
7871
1380
5208
7058
8356
1613
11807
8807
5414
12839
1704
4839
11151
3324
9731
6209
2971
8685
12966
5778
3858
71
3144
4660
7750
10831
1090
6033
8817
10140
2980
4190
1989
4607
12655
9775
11257
11550
12666
7330
8971
11825
10402
5952
1465
423
12340
6532
3869
10596
11309
3589
1415
12677
5298
10940
10236
5508
5560
9933
12354
10053
6598
6773
12105
11147
4169
3061
6124
8308
12211
6059
356
11910
1753
3517
11831
4832
11847
5410
12259
8204
2043
4256
3951
8874
11951
469
3690
2473
11575
5270
2306
9506
12207
6699
12459
12948
7024
3464
9002
8336
2408
9286
8878
5575
11714
5277
11407
11542
4351
8060
3887
4716
265
5762
10232
6588
7341
10864
3923
6729
6268
5660
1233
8457
1251
555
11772
8215
3860
3958
4980
4285
7066
5525
1568
401
5938
1803
10964
2020
3370
5888
277
8686
509
2518
6471
1616
10129
9132
8542
4140
1275
4846
4090
10412
7483
9047
4189
2784
5384
2325
12843
7755
11077
11867
4490
3207
392
5049
10874
2528
7882
4544
34
3774
1591
8197
10685
1651
10680
9215
5817
6744
9050
6759
6879
8182
12702
11101
403
520
6975
2920
12522
1929
5977
1529
7514
11127
856
2555
10209
11360
11449
3652
626
3587
10677
1840
1982
3586
8075
7846
5732
4113
9367
12602
35
4590
5904
2440
11801
8526
5313
12559
706
5147
11593
4528
6816
7057
11207
5264
4390
11581
12694
2291
4539
5095
2918
10448
11528
4244
10978
4364
9247
6519
11804
8146
8349
6719
7848
2070
8865
155
11351
3016
8044
2260
813
8352
12025
5357
4369
3173
3326
11527
2730
2249
5505
9950
3678
1988
3462
8900
3234
10478
416
10204
11416
7212
3384
6753
8515
1685
3356
7616
4884
10038
3093
1619
433
6356
6050
6889
9503
6293
7479
90
11312
12337
1408
9332
6353
7572
11641
1960
3957
984
6098
6407
8154
10240
5181
3284
4487
4591
6125
10251
10658
6561
9123
8268
6304
11213
5509
10403
9030
2162
5715
6018
11039
3855
10394
5294
1297
10257
2383
7837
7577
4432
12371
10822
7593
5057
7064
10116
4962
60
1439
8381
7098
9941
6726
4295
8834
8780
8827
10049
12653
2968
10689
8465
10103
6133
10490
7601
5436
11152
5870
10823
11730
3679
3338
11411
10438
9865
11652
7037
10439
2136
2882
11957
6829
6465
3052
11726
4
12803
2366
68
1438
8638
10296
11183
3593
399
5378
3886
1633
723
8148
242
1305
4750
6213
562
5997
12333
11556
10743
12252
1036
2072
734
8248
12990
4872
8568
4460
3268
3763
5823
5756
5134
2940
5194
12336
922
3704
12504
10720
11748
3075
5006
8558
7640
6555
3485
8555
11794
5915
12281
1973
3164
12485
11841
9699
3583
10770
5798
1163
12471
6765
11509
4423
4598
4507
11876
5418
8291
6517
10055
4906
2362
8534
11773
3619
11143
359
5894
7891
957
8503
638
4017
1990
12494
7152
11316
765
11821
8500
7490
5383
8588
2998
9612
729
9575
3294
1917
8350
5119
7914
5595
2116
4028
1318
2953
3585
9345
7204
3100
9392
12902
7531
9249
7562
5768
3532
2791
3426
11734
5941
1072
11863
3931
2414
9022
1734
4792
12264
528
8750
11242
7261
8757
1371
8265
7494
11745
1634
1947
5608
9698
5624
9178
11036
7574
2247
5338
12649
656
12664
1779
10237
4757
4421
11324
9400
9798
178
9580
5494
4945
12812
6650
1449
6186
10890
11446
1604
10457
784
7388
6923
5477
6856
10161
6502
12838
9617
11795
1260
10526
561
9820
6335
6474
7940
10532
6021
9372
6815
709
2028
12292
10925
2564
10399
5907
8943
8006
11073
8949
6989
9520
7807
2666
10339
350
1354
3620
8793
7690
4720
6249
9492
7088
7101
7787
8467
1216
4192
2861
1133
998
7664
3340
12830
9059
2184
4289
625
6772
12836
6808
5580
4535
3296
12280
10733
2175
5081
3223
7448
8290
2110
342
719
10182
2250
3159
12746
11802
50
2515
1097
951
7550
5937
8433
10901
10069
7496
3424
1391
5016
4740
8791
9923
11120
9084
3453
4492
5455
9764
5386
1783
1787
11814
11799
11668
8813
9327
6401
11060
4204
5211
11731
7028
302
10798
1181
115
8683
4674
9524
3186
7719
10668
12274
9459
12837
7190
10730
1520
804
3206
3267
1728
684
10889
10604
9419
7981
8162
10404
3972
1196
69
369
8684
3071
7811
12028
6130
8733
8342
202
5982
9907
6612
12715
7754
5229
11006
3628
3956
2272
2340
6525
8885
6410
5405
5739
3948
11243
7782
5925
12513
11885
8538
1873
10030
12011
8384
2365
6143
12963
570
7969
6940
5172
5235
2684
4919
11890
5141
4218
8081
10767
6927
943
7949
12945
930
7116
2606
7175
8165
12519
7668
7571
6207
2139
6507
1111
12607
6283
1709
7182
3600
671
4901
7539
7255
6105
8313
4107
10078
2492
5275
11561
1366
10361
2712
6271
1834
4650
7112
1188
12163
3301
3946
313
7800
3059
7942
7025
5204
11121
632
9818
8427
10506
8043
8993
2156
4016
908
11099
3433
12015
25
6239
1298
4062
12158
5439
7102
11259
6428
10088
1285
600
8692
9182
516
6837
5749
7874
6354
5874
1329
6737
8674
6002
12326
7663
9501
6536
4370
643
2167
6677
7785
11187
4979
6152
7672
1165
9665
12251
6634
5567
11236
12162
11170
5205
4055
11820
3570
7332
8309
2585
7934
9849
5482
3140
3598
11148
11936
5547
1530
3536
629
6057
11563
7005
9663
7765
7521
4135
9088
12148
7692
4632
2292
4882
8195
4984
4466
4546
10778
208
10119
12931
462
1549
10295
11308
9980
1369
8501
11937
4861
7856
4163
233
10849
7585
7661
8860
11920
2189
12555
5163
26
251
12644
11554
296
293
1962
6562
1558
791
10315
9657
5542
332
10310
10575
10393
8573
4609
258
5898
12305
5065
5146
8225
3569
11768
10515
10214
3503
5986
11576
12820
8284
12866
5959
5849
4724
7536
7124
11495
9216
2068
6373
7300
4319
3416
5751
8520
6195
8673
3188
8282
2370
7091
4251
5897
899
8778
10816
9750
6140
9330
5193
6556
1736
11675
7347
874
11133
1071
6489
1914
4208
11914
9188
3422
9449
11358
11215
9432
1576
2701
10932
7758
9516
4951
396
7369
4857
1765
8475
3767
12191
2788
6617
4133
2817
10544
7608
7119
4387
12509
4554
12110
2516
7404
466
3074
5089
7769
325
3281
9514
9973
7815
2460
5106
12481
786
1592
7660
7936
8046
8028
4203
11295
7683
11591
4974
6259
9790
576
2613
1747
7932
1267
11239
1432
12991
2890
1952
7363
8484
8594
10408
11965
12725
8798
7722
3156
11477
3332
859
8923
5401
6077
4337
4599
8735
9057
2845
3647
10355
11266
8977
1718
5806
5821
712
11925
2851
1131
1759
5382
1670
4928
3443
10843
1075
12276
9861
9611
885
5949
12879
4911
10357
9200
4412
12699
9928
12210
164
6075
2309
8730
2429
3884
3419
5078
6089
642
5010
10035
3864
8763
4324
3486
138
7930
12749
5797
10710
1130
10389
1741
8390
9220
11614
8926
11138
11389
9433
6163
12352
6622
10423
5272
1573
11182
10927
9703
150
3904
4933
615
7581
6669
661
9109
12899
6189
3420
10154
11195
9815
9159
5551
866
4211
3891
5268
6257
1824
8107
4916
6925
11840
1506
6127
8361
5931
4506
8891
12206
1254
10965
6900
10444
9978
3663
7412
10928
8343
2550
9685
10758
618
1258
4878
8741
945
254
3723
3040
1623
2742
11837
4276
5853
8647
12751
1565
3661
7947
4666
1635
10910
215
7371
6834
196
12018
724
8334
6247
3738
7177
8621
12570
2622
12829
11725
6929
5559
2731
9403
5920
3129
3766
7312
985
12044
9982
8380
9911
5166
1345
10918
12686
1385
6935
7398
6459
6325
1365
4147
5576
586
10111
2332
6153
10729
10835
550
161
11301
2255
136
11746
3228
7924
6020
3866
436
145
9158
11114
12041
7976
6092
1589
5593
7295
12796
10034
5602
10953
2938
3474
11757
8630
11719
8133
4827
5834
4915
10557
7199
7271
11379
5863
5132
8359
1752
3335
11760
12788
6321
7100
9920
2590
7756
2204
6403
2677
11185
5995
3542
4502
9019
11229
7745
3387
11834
5372
8880
3437
11378
2124
3654
2517
12434
9891
7818
10894
9446
11167
496
6064
1715
11720
6731
9890
334
2711
8171
10537
7392
2179
12986
2094
12533
3288
6798
1763
2849
3561
2373
11385
7809
3622
9363
1609
6437
1499
11548
8289
1511
9066
10443
7084
3399
6287
9239
12911
12567
9668
10099
10266
8122
220
9015
1983
1749
12598
2864
3638
877
4893
4123
4040
9463
9407
9161
11897
7622
11296
9389
10475
4675
580
9452
9802
10984
11390
3042
3688
10847
3041
8716
17
7573
1784
4761
5824
12172
12056
9993
6960
7540
5308
8037
1201
12682
4527
5758
2000
12382
4503
4585
1221
5062
1531
11473
1227
5102
8056
7274
2867
12893
2948
11214
3496
6649
2738
12236
5991
7349
3822
9246
5672
9338
9390
9546
12306
8470
4077
11901
12272
10981
1953
10796
4417
8769
11233
868
3364
12029
11184
7946
11438
10464
2986
11800
5040
4860
6190
9269
2264
13003
10926
10316
12297
1243
12540
12393
8911
6980
6510
12721
6766
12580
4907
3196
2284
6888
4890
1224
2033
4688
426
2420
8984
2751
6342
5987
9630
3753
3776
5423
1668
7598
11341
1106
10091
12816
11736
7346
12350
4314
11180
4992
12315
538
11507
11543
11978
9325
9531
12573
309
4105
11888
2044
8244
2801
862
7272
2509
12458
2570
12551
8837
127
915
3285
371
7524
204
8644
4444
2390
9417
1083
3448
4594
10047
124
12808
11176
1463
10172
720
10631
6112
5553
4290
6937
1684
1770
6180
476
11297
5666
9486
281
9260
11622
4975
4111
10694
10485
1464
6051
7508
12355
11809
4029
1852
10130
4932
7646
10642
9718
2894
4805
5980
10629
662
9640
5437
10413
3632
854
7441
6204
10930
10580
5434
11313
1066
7919
6416
2157
2486
1713
7761
909
1389
7997
4531
6720
7134
6344
5671
7945
9593
4574
6747
1169
9154
3897
6494
2081
9541
5946
8330
7045
9313
5612
8517
2231
12784
10139
8001
10449
4367
5599
8491
12654
10468
1926
2239
2387
9322
7399
2880
8710
9366
4694
12933
9945
3514
7050
12317
2782
273
1192
9715
10945
3966
2740
1493
11700
8407
8931
11018
5809
5890
5581
4301
11217
2046
1316
5685
4043
4553
12023
8102
6099
529
4568
4422
9304
1693
5331
4063
910
12201
6629
10198
8987
6642
12255
1585
10659
8143
9476
11506
4074
11032
1688
8058
2141
2754
6534
3200
12663
8580
11256
6036
8956
7507
2923
2682
3043
9272
2228
7733
9431
7763
5452
8734
8214
5702
6820
5523
6979
9545
11545
300
9136
5939
9425
12928
7056
11311
11206
10108
1503
1205
7956
5601
6817
1236
8818
4388
8746
6787
6337
4637
2147
9480
4695
4427
5431
2854
9953
2413
9442
9752
3350
9587
931
4641
5326
10572
730
2251
1158
3098
8264
5753
9761
9105
8747
8646
13009
5369
9067
8300
7943
75
8111
12308
2573
6042
12376
327
12446
1865
11633
3515
9036
7500
5425
5788
11034
9291
3713
11970
6792
8448
2527
8510
7042
11605
3971
12769
2360
11498
9402
1971
482
12010
7599
3980
11743
3937
9939
6901
10152
6554
2268
3184
10298
4577
12449
12892
5869
8170
11810
7657
259
9809
4517
131
10453
3693
3317
5639
8714
10299
942
1338
6314
10136
2047
11688
7470
12799
5592
9595
10020
10004
6948
2600
2689
8739
7792
6121
1295
4572
3905
10740
8216
10234
3125
12173
585
3499
11414
12299
5856
9320
710
12583
6384
8140
9671
8902
4494
5162
7034
6272
3804
7413
7218
10325
6874
7032
5139
9719
11122
6696
3907
5367
9759
4491
5107
8185
670
5967
7265
11571
4274
9677
5919
3594
8331
6029
3101
5467
11859
6104
3218
4755
9259
12457
12441
4570
4463
11812
3222
6506
575
3982
11056
2693
9753
6328
225
12980
12296
11959
9385
4429
7817
6690
2552
3379
8823
9297
2453
3509
3110
3553
2767
963
9656
8950
80
3847
3475
437
7108
8013
6652
12180
7516
4767
8519
2432
361
2338
1159
4624
2798
5910
194
8345
4762
12273
89
7526
2185
8464
691
123
8498
11286
5605
8340
10520
5219
2962
12399
7135
8383
6831
4772
770
8560
12972
10500
7718
4240
9360
2828
10693
9868
295
248
6732
4089
714
347
3487
3469
6376
2893
9384
2211
10051
9644
6802
1902
12667
9986
1887
12147
10879
4622
627
9070
2595
8139
8353
9942
604
9687
11723
9927
11100
8416
11365
8150
6236
3117
1228
9300
12543
4988
5330
6043
5280
10494
7835
345
1018
5728
9275
5690
5642
10744
11628
9789
1058
4402
4231
12726
2472
5223
1069
12733
1403
2733
2152
4420
64
3602
10212
10085
10763
11704
9038
3044
12418
8940
7704
11475
11317
7530
3230
1710
434
5138
2808
9299
789
9694
367
10222
8713
2002
7626
6687
4725
4283
8005
9151
2628
4199
8952
11930
11469
2155
7014
200
10309
12178
6540
7273
10259
1186
12166
929
11203
11337
11333
12762
7379
4803
4794
7221
3501
11418
11300
2947
9005
1899
4352
11454
10320
8606
5043
5022
10219
5537
12100
2913
9555
9387
8743
9415
12840
8853
9924
11798
1166
6377
3865
3733
149
11645
9925
4019
4618
1092
3012
1350
8430
12984
12589
4655
7674
3245
7610
1134
5759
1533
351
641
53
1024
3055
11398
6443
172
4142
8897
5988
4875
9333
1048
2308
4486
11329
12714
2809
2717
3915
2587
11271
1624
12304
11822
6266
9896
6053
4440
3418
2114
8120
3153
7519
239
624
7606
3130
8100
6553
11325
1035
5201
3512
1278
2437
6930
6778
4549
147
9632
4094
6004
1045
11860
2019
9848
2282
2910
11437
10589
4321
1694
2337
11793
6638
6529
5073
2057
11553
7340
12897
11320
12956
10437
7676
2819
5761
3890
1363
799
3008
13007
7583
4435
8986
3312
1454
2476
6197
4431
3828
7352
1364
8708
5512
5077
8854
9918
536
6295
12544
1352
7253
5621
1462
5631
3522
11862
9082
2758
1807
11758
5720
7628
11038
8848
9364
6641
5501
7219
11971
11404
4076
10561
4194
3382
5903
6921
176
7964
8576
6115
9414
6824
8231
6758
11672
11946
3505
6243
7145
8072
5222
9692
842
6141
8389
7311
10351
8025
12323
7384
12416
140
2149
11631
12345
4382
4092
886
4804
5248
11291
10611
3529
6285
7980
7795
5036
10142
4696
4052
818
4994
8808
7549
6648
472
6916
1161
12246
1547
3027
11696
12410
713
6398
918
2113
7041
5742
507
7633
8628
11559
3651
3576
7233
8410
4413
12465
3895
7003
130
10865
9881
1144
8027
2917
9843
9024
3116
2769
8958
10620
154
12923
12115
1080
5733
4385
3080
3396
8953
4987
5864
4723
10919
9177
6672
8247
6144
8267
9155
9167
6681
4186
10456
12379
8869
1359
6594
8481
7485
3163
11680
339
3428
1845
5046
2820
11251
12647
9282
5464
2359
4664
3728
10528
3465
13004
5519
891
9652
11621
11008
5543
10998
4177
394
8134
9042
11252
4362
5314
7551
7592
2990
11732
5374
12500
1322
9946
2210
11898
3342
11504
594
9827
3349
10398
2944
9995
9674
7469
7747
5791
1596
1250
9033
1321
8867
9844
4478
4472
9383
12657
3002
5413
4379
10302
8147
9169
4941
7875
812
4543
7270
3795
8550
10850
11625
7157
6074
3799
6275
12046
3248
5978
9357
6793
5692
2604
11074
521
4942
5315
6842
11902
12267
1413
10206
2625
5989
9836
10790
6656
7405
6544
7203
3266
8362
5461
7162
11693
11995
7779
12108
6298
10466
449
7899
2543
12104
3351
5644
11004
5453
2357
560
1237
6023
8830
3479
7948
1098
9323
6177
4635
459
3893
6755
10806
6296
10906
4474
11249
5532
4511
4075
3181
634
10756
9680
465
9794
7720
12887
2496
10705
188
8096
1835
5380
3232
12760
2720
2469
11791
1082
3852
12553
11307
7008
546
5278
7297
10450
7308
4193
3139
6639
6664
5606
3988
10856
11119
1737
8226
1195
12921
5424
884
6848
1360
4109
2442
619
9016
1855
10800
3147
4540
4712
2649
7071
5842
9391
817
9471
5573
6008
9730
11919
12487
3809
9866
5329
5317
1871
6030
864
10036
4704
1527
8546
3137
9044
7587
10623
8906
3708
12192
6606
12103
2206
39
4257
3000
10329
6718
7282
4389
9045
12759
7092
9728
12804
4885
8963
1816
4940
1679
11052
687
12846
10460
5517
9717
7974
5716
3446
2066
1935
5070
8077
12950
2491
3461
51
850
11871
12888
846
1451
11165
6091
11924
3818
4152
1963
7242
402
7348
4428
4589
7216
11130
2548
10288
5724
9140
5145
4358
6399
6845
12310
3328
5908
3666
677
2906
5649
11287
3478
12224
8159
9013
478
8119
1560
5187
8026
7505
3086
2608
4883
1678
10239
8278
2618
1955
4923
6545
7619
1639
6614
11594
6361
10290
12907
6881
3876
11026
11490
760
9276
13008
8754
1629
7403
4679
5444
8425
1751
5421
6740
602
4640
11462
3947
8587
3017
3431
2093
4181
10548
5019
11715
2540
9107
4620
1272
11752
4051
12791
2771
2547
4742
9594
5678
12197
5202
9691
5297
5234
821
1108
7377
3803
11740
10630
3764
5555
2783
8180
8581
7662
11384
148
93
10804
6484
5499
33
4394
1806
1160
3171
1669
5545
10530
4316
10848
4188
7658
12051
3920
2377
12122
10070
4818
787
6085
5635
10391
3714
9812
5510
1825
12235
1954
4215
11208
11557
9143
4626
12230
3329
4834
9553
5805
7667
12734
2102
797
2836
11518
8641
5750
4651
7833
3030
1924
8105
4391
2296
1561
4002
5259
1077
11129
9499
9880
8388
5215
1474
2872
10664
3726
8727
8376
279
12693
11415
5071
9055
6712
1054
3707
6456
8348
8494
3292
3863
12012
1324
8508
6678
9281
7860
12590
8910
11644
8811
8394
9566
6232
7886
12468
5058
10801
8164
9122
4380
10175
11083
1002
9971
1673
162
2575
2793
3124
10117
12870
12763
5157
7824
4542
5129
4534
12137
9071
5182
4026
11600
1641
9226
581
6476
10766
3331
10905
2979
811
3121
10962
2086
6730
5514
3337
7775
3656
2482
2323
8193
9018
1107
12496
8948
5173
395
9655
11778
5790
3777
4969
4810
8918
1441
9969
1023
11808
8815
7520
5670
10700
11246
5417
12601
2266
3861
1137
4476
6478
9700
8693
8742
4488
6475
8603
8106
10920
6103
5911
6708
8149
6444
6910
5299
10591
4939
1127
794
4178
4007
11025
6503
7864
5114
5328
10949
4578
10202
916
5802
11086
4965
10601
9847
12859
4354
12858
8477
9734
5669
959
10538
7829
5260
192
10817
3357
11891
1566
9257
12447
3961
1280
7603
11029
3547
9805
32
3850
9693
8820
1959
10597
9157
13006
3
7292
10762
4715
4522
229
2467
1430
9474
3601
8117
10195
1981
19
4858
7021
10307
2495
1325
12526
9786
824
9779
4880
2333
12248
8012
6827
3480
11336
3699
6654
513
11330
6865
5290
3037
6868
1437
1508
330
4150
6801
3145
9919
9026
8516
7173
2214
3765
5168
4993
8449
10092
3705
6310
2050
13002
3640
3919
2319
4649
10279
621
7475
3813
10112
2328
4267
6106
9528
6539
9108
8251
5392
10143
4088
12834
5789
2203
3445
9552
454
10342
9218
3273
9889
397
2060
7822
12624
2042
5766
10760
8816
9099
6601
11998
3477
9156
7129
307
5876
1453
11066
2374
190
12331
2003
1050
6892
4155
5239
11493
11254
27
9885
11869
10452
7748
12064
3826
6799
7406
3770
7544
8637
11441
11433
7491
10379
7206
8113
4403
3830
11172
8934
2428
10496
3212
6037
252
6994
6260
7020
1282
8129
8667
654
11534
1046
2999
2596
9565
2956
2672
12473
1494
8728
6068
7148
11263
4669
1314
672
1777
9086
9160
4232
8586
767
8687
10269
1660
11065
11284
738
1513
4824
10977
1074
3794
58
10914
420
12231
12662
5829
4241
1948
3323
199
118
2781
2321
875
5662
6200
12014
4656
12698
8564
12091
1225
8059
9466
9010
777
11128
9940
7170
1991
12047
3673
1488
6680
11327
9462
9600
8694
5632
682
6584
6751
7144
12254
7784
5900
8800
7586
7104
1456
12179
12764
10640
1856
10724
9521
12404
1656
5355
872
9334
5161
8496
10618
9830
3669
1495
7225
8104
2355
12687
8985
8595
286
8490
9832
7345
4453
11783
9965
10387
10007
163
4341
4318
1376
763
10982
623
4823
2424
5793
12325
2950
10722
4600
2632
10989
3639
3877
1040
3590
407
584
6645
10381
9224
10841
4859
2803
9634
5442
2049
816
111
10805
8992
6971
10411
8942
5698
1302
4529
8368
7421
6928
1637
5152
3246
1431
46
2542
4796
6182
9991
11662
12550
12392
8912
6520
12628
8325
9638
3725
9683
5868
12363
1961
7728
3671
5767
3819
3873
8702
4515
6156
2180
2934
1915
4464
4500
8633
6447
30
2229
935
10584
6761
8991
8766
11043
1068
613
6595
6482
4797
8227
756
3334
9352
7415
4011
807
1618
825
5406
4328
10176
219
10709
2398
3998
6150
12320
11737
10775
4852
6873
549
4561
406
2976
11049
5825
1931
4814
4583
1351
10525
10615
10305
6467
2275
8281
216
3258
11175
1622
755
6193
766
10338
8483
2696
961
5990
44
9936
7159
3068
11883
8341
3429
10523
4580
7194
4021
12807
7087
10243
9572
6161
9954
10588
3900
1819
10157
2285
3775
4699
10406
9335
12771
11521
7841
764
10499
3721
3233
4355
10609
8541
257
12149
1831
524
1010
47
6006
832
7313
5443
1724
8829
432
236
11157
5340
11635
8828
12214
10109
5158
4174
7472
11856
12641
10944
11516
8480
4221
8286
2386
8831
8749
11639
2452
12275
3885
9326
9573
5703
13010
4921
10033
9193
3889
8759
4689
2795
2431
1003
12119
179
384
10319
8965
3112
453
170
8374
7862
883
7604
5807
2477
9701
5074
419
5247
6670
5633
12561
7538
6705
10115
9128
8048
3122
10867
660
6246
10447
6062
4012
2753
3845
7187
5584
12059
1680
4795
12997
8258
9643
306
7588
2384
10980
6789
2290
7984
2694
3545
7611
6055
4445
10837
5403
10482
574
57
10174
8089
7962
1052
4961
5396
5598
905
809
838
7568
5679
505
10683
1708
6822
1015
11845
7304
11429
1265
1879
8307
7214
11505
6297
5082
6233
10197
5782
8110
12160
125
5416
871
4564
3968
272
5257
9008
1850
11149
12419
72
4346
9782
10027
11051
3274
8650
8624
11040
12530
11939
6918
8996
12497
4719
11884
3216
12772
12068
7122
7288
10842
6066
8011
6727
4104
12004
12711
3084
10769
8736
10312
4439
1706
4619
2253
10432
8246
5069
7354
1502
8279
8959
11116
2598
1103
11880
1597
12525
1793
4332
1554
2505
12615
7739
4315
11584
3914
680
4171
526
6707
2095
1519
8339
8547
11303
11769
8680
2967
981
12612
2580
10261
9654
5623
3185
5072
6278
3076
2584
1312
11161
3015
8543
5153
8020
7684
6237
10915
12319
6850
11519
7284
1455
440
8287
6123
4195
11055
10190
10191
7794
2866
8453
8578
6688
7350
2525
7147
4013
2504
12453
7185
3827
3528
4461
5144
7826
5048
10793
1717
2538
11569
2728
6981
8908
4482
9824
914
6174
652
430
4443
6188
11401
1027
4976
1723
3788
815
803
10442
11140
6884
8781
4714
12263
8951
1897
551
9688
9968
1145
8893
3824
11716
3360
4479
4041
2350
1217
6093
9079
4103
3732
6628
8395
1966
9303
5404
3591
2224
10594
4138
8240
12327
2191
10815
4739
7954
911
9813
8599
5646
11763
8557
3868
1918
4912
8167
417
1032
12798
7474
7198
3250
1167
1764
10959
4727
4854
5196
11476
8452
3991
9063
8245
11784
11010
1042
5449
7721
907
11836
10751
4277
10746
6599
3534
12881
5359
2975
12638
3802
8413
11857
9642
41
11500
10353
12450
5574
982
8298
489
967
3985
1598
4326
8478
6958
1264
2522
5704
8825
2312
8033
4924
5250
12908
3463
7245
1123
8850
5393
12826
12369
5524
6570
12744
10213
11694
3672
9434
1936
11027
4416
8954
10218
6288
565
5714
441
3520
1450
9607
3579
7166
11529
5348
1277
7068
8220
9229
7615
2271
11198
8254
2737
11205
4302
4198
974
2863
3104
8852
8306
11103
8717
11094
3772
7863
11302
12293
10013
5529
5860
689
3912
5772
2073
2342
8556
4368
11430
9825
4831
12107
1789
10322
12600
10518
4430
1958
11522
4441
3355
10924
8495
2569
10755
5591
1769
7396
1620
1118
9682
7382
10165
6463
10988
10825
12669
8945
10317
2671
12917
11427
3270
9413
289
3839
1347
1927
5637
515
3282
11250
6891
12651
3427
11718
5088
4248
902
8565
8579
11710
1399
592
12338
5774
12026
4612
9048
5942
5180
4545
3582
12968
3518
711
12073
994
7289
2558
9479
5570
10421
4769
11803
8842
10407
906
2349
4069
6234
45
9373
10754
8872
3675
9852
9043
12222
11570
2076
10884
7659
10559
10384
6679
6833
8488
8652
12384
3722
11549
7576
12779
1342
806
11131
11849
12558
1776
11983
10350
11396
5713
3175
5731
8932
12121
2914
9522
5878
6530
741
8250
976
6012
12547
11935
10531
9337
7165
2176
7235
12971
3696
2886
11835
6256
9637
7789
5207
6412
10824
1362
382
4091
6528
4847
4081
4448
631
227
5200
3255
5279
8417
241
8126
4850
2241
12678
2637
8256
752
645
12753
7612
11200
7252
10996
5796
10328
12604
3797
2995
1183
3421
4106
12431
1644
9736
708
8998
12374
10648
7541
4698
10745
10621
6378
7294
3481
4899
1115
4547
4701
5871
11963
12949
9672
1482
1600
3960
9519
3535
4541
11277
222
3756
1270
10333
11068
12161
12695
7820
12061
889
3902
744
7420
590
3456
6172
405
5810
12209
2279
2314
7498
554
1510
84
7797
5546
12925
8518
5996
8040
7052
6225
12365
1377
10941
9343
6839
3290
12574
11585
2857
1096
2763
8567
1151
2168
4709
174
12542
1034
12057
2232
495
3128
3441
10058
11347
3575
8426
11375
4481
2107
12364
3857
2041
9846
12262
6005
5712
2490
6441
4151
10497
7553
3702
12778
11421
1242
5387
12951
8458
10583
6078
9876
8551
7713
5974
7196
10581
11145
10970
6223
703
2762
4037
1523
2017
9142
11076
2410
8574
4938
11075
10732
833
753
12761
10939
9723
12792
5101
3022
5619
2757
649
11321
514
6776
790
7230
8443
6876
7477
10997
8317
3729
6457
7125
844
769
6806
12253
1814
10223
4164
8208
5059
5363
567
7322
7023
6970
6013
8988
8502
4070
6711
6818
7256
2776
8091
693
5855
937
9221
8598
9035
5627
4654
12691
1942
3681
5007
7715
6934
11288
7172
11657
2501
4595
12566
10699
4828
4031
1452
10267
5550
3444
5360
5017
2901
2966
4006
8414
4268
7
4292
10150
4304
10958
841
1099
2778
4973
8889
12989
3237
6369
7607
7566
11555
1584
4200
6284
5979
9979
100
6067
7923
2009
10873
3447
2629
5362
5137
5736
5230
11024
7907
3272
1444
6871
7753
8666
11755
7808
7325
5031
9077
9176
1214
10508
11739
9004
8158
2288
10258
12217
8354
9439
8299
8846
7671
7358
8239
12527
11839
187
4161
4130
1636
12001
12768
10359
3962
5867
10042
112
2877
9473
837
11063
1720
11826
8191
2218
8035
5795
2058
1507
368
2475
9856
5210
10614
2562
11426
6976
11440
12823
11359
11960
12111
9395
12287
5236
1590
5289
8544
9762
9245
3731
2238
7545
12358
10332
3965
4873
5813
7499
9235
2526
8876
2624
8141
10539
4775
11501
3302
1672
9068
230
3417
7618
707
429
12436
6582
9985
7455
5600
12748
12730
3504
1038
10862
12008
1811
1690
5496
6291
4014
8098
8061
4985
1135
7337
4097
5026
3954
2369
1498
11234
3092
501
1478
3260
1733
6710
9075
5212
3295
2609
7904
5113
8466
316
11210
122
920
357
10124
12477
12478
2031
10178
5906
4802
759
9910
6521
5497
8294
10492
9361
3010
9302
5820
3047
5954
129
11280
2899
6784
12943
1746
10262
6558
5549
8660
11771
1114
9409
544
11577
5596
7316
2280
12085
6625
2085
2071
4183
10383
8316
486
12936
12170
4703
4280
5928
3291
6264
3287
445
6997
10971
12656
1306
10686
5588
3933
12429
4874
2765
11285
3352
7133
156
9571
3571
9254
5263
12517
3617
4822
5000
6470
11830
10871
2827
11786
1866
11603
7950
10789
6814
3094
6203
12139
12054
7821
5947
116
4791
4732
3226
10907
5343
1692
4226
8396
4904
5225
5594
887
8523
9293
3190
11237
5192
2514
12249
12134
6217
1727
8382
8898
3097
11643
912
9662
12438
2568
3236
6895
12466
5307
10703
4149
3581
8187
1037
8672
5358
12701
1446
11035
8151
2739
4571
8681
2025
3541
7614
5558
2930
2441
9377
12805
12710
4459
3278
1013
1174
10062
11658
8905
9240
12335
8358
7013
3381
4197
10303
8499
3497
475
3595
335
10297
4658
12177
9175
3432
235
2896
9411
10001
2125
12639
7285
700
5654
4259
5771
7559
2773
186
7070
2559
10627
8617
3662
3881
9899
5899
3896
8387
5769
7897
9648
8805
2488
9505
1864
8232
10123
10076
12636
8312
12724
4015
448
9487
3358
1289
152
3066
7355
2385
6303
5128
3240
5929
8071
9536
10663
1837
725
2646
3191
10003
1055
8689
11996
9255
12081
8242
7303
7857
10235
6898
10727
3563
142
7083
9816
3719
10866
1147
10911
10087
318
324
8369
6568
5656
12955
5963
6455
6307
6320
8127
9147
11587
262
2344
4673
6714
8482
6168
5389
12480
635
226
6880
5246
568
6306
9523
1987
2974
7996
9559
2213
4958
512
5047
5884
2327
10345
3916
6397
5284
9608
6826
4733
8237
4809
2680
9131
8682
8329
11046
7236
8871
12501
2307
3550
7027
2556
8792
6436
10255
12395
5689
695
5190
1965
12093
12386
1630
11588
10662
3572
9949
6111
6894
2674
10902
374
8765
2792
10272
5489
8570
1544
9382
4373
10717
9362
6840
3921
5745
8459
1758
7517
7927
9915
7908
1767
4891
7883
6933
5801
5175
2752
3976
7685
8514
8604
3006
7386
1640
3603
4153
6181
4185
5398
7734
9511
11085
5140
3952
6417
12924
18
3028
6445
6155
775
921
3609
4411
78
11105
373
11197
5544
7696
8607
6110
9197
5582
8447
11204
205
1472
10679
6128
435
4119
7645
2615
10469
5958
210
7223
3257
1259
2300
10929
7007
7411
4786
4323
5038
6682
10419
134
12913
11761
11124
6954
12673
8199
1645
10655
7596
2965
792
11896
4560
10462
5303
2301
3943
6301
1689
4343
1557
9344
7609
10524
11399
10010
1039
3359
6762
3853
4243
6610
10434
746
3814
9532
9574
3256
2423
1894
1246
1029
9261
7764
2506
36
9547
11922
10141
11954
6684
10665
10008
9636
7707
10540
7773
8479
3136
1220
1923
7702
7378
3376
470
1383
9964
6408
9279
7153
3559
12713
1798
7040
1821
270
7564
3450
6095
12239
9284
5629
6458
6492
10096
3798
8635
7019
12036
853
5237
11988
599
5285
6763
9120
9801
9090
5213
7510
8849
869
11241
6552
2259
12703
11186
2943
3227
10963
4124
851
7202
10075
8566
1460
12765
11827
2822
1738
667
4424
1086
3244
4160
8668
3835
5327
3832
808
8405
533
12245
3001
5076
3123
6524
569
1790
11113
11353
8549
1004
5021
8899
9875
6365
726
3348
8236
4121
6017
6944
8809
4068
3205
6254
10737
12488
15
5845
5610
7409
165
681
6464
10711
8355
3899
4059
7565
2034
10427
8695
1447
5066
9271
12732
9770
5577
7167
4562
4550
3746
8632
474
3805
6959
3365
9616
5578
2080
1051
5563
1986
11517
11334
6742
9117
7365
5445
3070
8241
12321
5118
9347
7375
7197
7065
10220
7053
4299
8014
6567
10826
10661
10100
9913
11282
7567
2513
11520
3150
8779
848
2755
12502
6986
6368
9745
12198
636
6983
830
6222
10983
6962
10418
8785
11019
11852
10880
6689
10616
7939
589
183
11158
6359
6451
3867
12586
8166
7737
12704
5486
6651
1975
11789
4597
4436
1649
2048
11892
2256
5143
1535
12375
4833
7768
3467
6493
6076
6393
377
11929
6164
4493
10348
10372
11123
3081
1442
5641
1496
4462
3604
4327
10483
1842
1875
7780
7208
6146
1695
12279
12442
9627
12227
2450
6999
10881
1939
117
2946
10246
3674
442
11439
2196
5896
10565
10708
5412
10753
11698
7150
8047
11754
925
845
9540
6228
2905
12083
2619
11422
5647
956
101
7370
7832
7402
1140
7111
9539
7648
2860
7885
7806
1353
3251
12316
9211
8773
7452
9457
2375
6643
1578
9181
12332
1525
7497
2322
4936
7043
11711
7131
11552
6453
5837
8041
10160
12909
6600
8826
12922
12499
9729
12872
12833
7283
3698
301
1625
9340
2716
7266
6167
10579
8631
11870
12492
2852
4228
12063
2987
12712
464
5700
5004
2166
1940
10362
2848
5105
1945
6024
863
5975
191
3472
12286
12996
10006
4371
5086
5636
5276
999
10593
11283
6835
166
5922
5822
9626
1248
8409
2269
9558
1100
8983
11412
5244
2032
2915
7986
11235
8561
3109
2973
1896
7442
2873
3650
11095
3203
6302
3967
9579
5375
5909
9185
503
5803
5711
5815
7137
12469
7912
2356
10306
13000
6790
10324
266
1700
1026
1933
9673
10870
10556
3837
3709
5269
10248
3645
365
6363
2154
7338
3277
11093
6581
3526
7002
7898
685
10414
10696
8930
9166
4495
7451
2436
8994
10224
5179
1187
8378
7195
13011
3771
5080
952
4060
3599
7314
9141
1714
1676
8116
1138
7450
7463
10373
1400
9324
12153
6486
8063
7670
9888
11523
8609
788
2
2623
4748
11340
8366
5238
6479
5936
10024
3718
8938
8761
8437
8657
8402
9892
1290
8651
11515
4783
8562
11933
2001
1459
2447
6563
3564
10829
12095
8489
5217
823
7727
9660
4613
10158
1262
9149
5117
2635
5296
3089
2675
4410
12060
8972
5459
865
648
9321
3953
12552
960
11489
7855
11225
11428
3091
11315
7360
11699
6605
3537
314
5471
7714
9705
8505
2589
11367
11705
6498
5112
7458
11900
10314
12003
9994
1571
11981
12002
212
7139
3987
3162
6686
363
8206
217
11253
5191
781
493
10146
12196
11425
5433
2835
4080
12424
9031
2435
10656
5800
3310
6290
11774
10898
6429
8760
5156
11448
4261
11572
2304
12895
7055
8285
8974
6978
9248
12322
11459
758
2951
9831
3386
1025
8397
12157
352
5311
8960
6813
4023
2489
5948
2318
4118
12688
10283
2335
12512
7326
1809
2474
9441
10461
946
9556
1406
2812
7440
2992
6267
10228
8691
3482
8029
2265
4944
10247
6131
246
11452
4787
11442
6358
7240
5266
7017
1563
11546
2346
3787
11503
4480
4581
12257
2826
5428
782
1950
6171
10081
2833
9819
6616
4083
321
12205
4212
11873
2818
10105
5267
1146
10543
12515
9087
9748
10473
3806
9726
548
7118
5009
390
5985
8626
5918
11818
8045
5231
4638
12524
3644
1826
8933
8017
3653
5441
6653
2616
1303
1276
3056
2679
4173
694
12451
3752
3430
3938
9987
2267
5680
4079
8957
9741
5024
10474
4247
6701
9525
5852
7082
4353
4349
1017
8699
6387
890
11492
7001
11067
11318
4863
1112
10628
1184
12622
360
955
5875
5556
11033
12582
1168
10827
6421
6027
10052
7453
1394
5516
1979
7461
8463
2592
3470
7438
3440
7191
3959
3215
9883
10486
42
6277
12609
2665
4344
6333
732
647
11974
1726
9306
10514
5226
663
4469
11811
5124
541
6574
11806
11706
3558
11047
4220
12353
11616
12993
10207
3560
12094
8181
2399
5504
8460
9568
1681
8623
4774
6281
10200
3727
1310
12537
1162
3414
4381
10147
8802
8655
8990
11824
9130
9958
4910
2661
4954
10701
3812
6908
1921
2395
1261
4633
6072
12430
10606
8404
7746
6460
5738
6655
7484
4845
6300
4108
7009
742
9196
7921
6578
9952
4235
10294
2519
4927
4066
2663
7961
3495
10341
1848
949
10012
8888
5887
9206
743
8276
12697
10268
13001
2051
10626
9001
8365
9681
801
3740
1011
6671
8406
3789
7410
10440
1284
1658
2903
11608
12208
8450
49
10274
8213
2074
3750
9233
7229
6607
9935
9447
3403
8493
9319
6523
9371
1489
12556
3217
5003
2648
494
1268
10327
9388
11536
2888
4684
10340
10633
988
7262
7836
10409
2898
11985
287
6468
468
11682
2075
6580
4789
1742
5252
8088
1612
3627
1206
2449
6452
10019
1812
1320
7816
5536
4728
2054
10264
2574
8528
11089
5926
5895
7725
8335
10271
5993
9708
504
7803
2688
10050
3167
1336
1457
5041
11564
245
4300
5626
9034
2750
9267
7515
4693
7751
1070
7039
6147
1956
5548
1675
5503
9902
6031
2459
774
6875
8155
1932
4320
12378
2601
4999
6661
3935
6187
8327
3299
1076
2627
7047
12031
3527
7880
3304
5388
644
2561
6659
8432
9714
6216
10787
11218
12007
12071
2146
5953
12475
4477
8125
5754
10968
4210
4335
238
3078
5976
8418
9895
5240
2935
6647
2770
2981
8049
4820
6491
113
4038
9757
9570
9376
6609
3096
3425
3883
530
11994
9706
612
121
6061
11191
10134
2159
7762
12785
3401
9440
5752
7004
10809
3823
8109
8131
2243
3194
3786
8883
10025
2235
4437
1477
9081
3300
9533
12380
2631
1514
4697
12650
962
9460
4386
11278
8577
3397
11567
4409
260
12619
6323
4773
2053
9722
4707
3169
7010
5737
2883
6911
2695
2766
490
3546
7444
6640
8851
5079
11984
12927
3449
4812
12367
6442
3220
8890
9853
2630
8536
6832
8174
10943
1012
3412
10244
2263
6515
6196
12269
9702
11599
9285
10031
10545
3779
6604
5195
4551
159
9783
1744
11481
8419
6858
1176
5050
8804
9704
1152
8249
11346
2052
3592
10868
12981
393
8803
4840
5135
8144
3500
9051
10554
96
11535
8788
10238
12947
9768
6738
8532
4518
5951
11602
8074
2945
547
2062
10114
7968
2626
12521
3539
11028
3859
4718
10000
5068
9649
5708
4881
323
3241
11724
1374
5120
5645
4950
1830
12318
8787
8053
455
8196
7193
2871
3011
990
5648
3686
4645
6542
4504
3992
11574
11967
3253
240
6819
2961
12440
8738
3544
4230
2829
8856
2252
531
5961
772
12719
928
11610
3978
12042
5342
2329
1204
11292
7400
9635
7298
9822
6667
7357
6206
4255
5394
9298
10768
8420
8178
7649
383
4752
207
7171
1567
1725
7563
9999
11088
414
8620
10401
10785
8511
3415
8720
12793
10245
3138
6695
4329
5347
6395
8585
12266
10356
12883
10723
2220
12040
4336
201
9974
8422
6531
10416
2099
1110
2148
9857
7743
9904
12901
5310
11886
7575
7910
9399
857
12406
1698
12426
6218
5136
8545
7449
1458
12635
7698
9336
8042
8593
12564
4378
4835
3388
2922
8875
12852
1129
12868
4404
10832
7035
1857
2382
10101
12087
6362
8584
1164
6527
11491
12621
261
2262
9100
3362
11964
10048
12563
5792
7502
5292
3817
6504
3516
3735
11558
5334
9886
2811
4317
12528
5008
5446
5994
10505
3939
4009
12554
457
10748
4630
443
11701
7879
12876
3024
2454
5432
10337
11539
3262
9252
9163
6513
2582
3641
12076
7973
7786
1155
387
269
12124
11108
716
2656
3269
2602
12912
5709
3308
6404
3095
7176
9455
11918
12229
5730
11728
103
10349
5044
2764
9755
2331
5799
3780
11627
882
4393
6548
10249
341
29
3511
11749
9872
780
4862
6079
1886
4307
6775
4644
596
9735
7893
10836
11126
9228
9133
4414
3898
10067
12242
1317
4579
9094
12599
9983
10095
8535
10293
2868
12633
5083
3224
6861
5506
9535
7595
2985
10061
11153
263
4406
4523
1089
12065
10912
2078
11609
1407
3373
12819
11169
12828
5597
3926
7854
1255
979
1479
7140
5847
12401
11275
2478
12027
7896
4115
10976
8202
4054
11991
5014
11274
3963
2079
6668
2403
11305
1739
3993
11958
6411
829
6877
22
12334
2591
12998
6615
9666
1401
5710
4162
3749
9294
12617
10273
3525
8553
5741
9448
11829
11598
11306
3132
11494
3716
9937
9988
4837
3816
11855
8021
11823
2069
5572
4848
2963
5064
5552
4687
2916
975
2874
5723
11595
4643
6662
11656
8512
12126
1378
1768
10578
5748
6844
12631
2900
4018
11874
77
6500
12215
2503
1323
557
6807
6704
6334
7029
9317
991
10992
11007
7220
9258
778
6432
3389
7246
9838
1521
10821
6926
8533
1602
2024
12195
10388
9318
343
2276
4359
6000
102
5473
12827
1368
6551
9884
6135
12232
7301
678
4903
5092
198
977
9870
1424
6499
5221
722
5020
4223
2554
12860
7532
1009
7103
2130
4807
10185
4157
11666
4610
3506
12033
1132
12289
10128
4356
2546
4234
4677
11636
5011
1545
12672
1178
3979
413
3625
4920
2970
4400
1157
6132
4168
7712
1381
4869
8696
4143
3605
11344
665
11050
5892
7916
11141
3710
3229
9787
4977
6821
5336
5199
5335
1049
12144
7542
10603
690
6001
12070
10253
6573
7537
4711
8814
7591
11906
5691
12929
6248
5320
2217
10950
2581
1487
2735
7464
6774
7900
6312
7866
12421
6473
7928
10225
6438
9023
6619
10477
7096
1802
12019
4636
4246
3848
12080
61
9292
2816
6924
2209
9799
679
2933
1515
12084
10895
10205
4745
7732
6366
438
9251
5617
12964
5746
12020
418
1422
1555
2594
11144
4384
2061
2458
11721
9998
6733
1735
7844
4049
11872
1699
4127
4614
3611
7631
2593
7602
1136
9134
10726
2881
7385
10859
11338
1943
8346
2012
12359
4898
11596
3354
913
11532
7436
5533
10371
7772
12472
9641
3034
6512
5765
10375
6049
6537
2507
966
4128
7011
628
5087
4978
12077
1505
2732
11695
6183
9263
11665
8525
1065
1443
8663
2777
3580
10990
8069
76
2336
6603
1185
10424
6692
3834
10336
2381
1648
6890
7169
2123
11565
3800
3183
12975
2741
439
6276
6741
5747
5218
5611
1230
858
99
5356
12187
299
12665
8297
11903
1200
10834
11273
5206
7793
6658
12034
311
2257
4652
9329
6274
5531
7852
7480
10613
8373
6608
6119
6351
523
10875
510
6838
10286
8907
11674
4801
3612
6546
5808
10645
5287
95
70
2364
9148
6060
1822
8944
12750
2931
6780
9290
5566
7493
8762
52
8665
1838
1263
8189
12946
7978
4458
5927
3151
10470
291
5302
4735
1974
9823
9496
7264
331
304
6852
12538
12645
2870
12445
5838
8451
3665
1539
11380
1212
2785
11079
6969
12549
6116
11194
7638
5818
1481
2698
3238
1810
8222
2339
2964
3838
12560
11366
1582
6202
8726
12659
5858
2481
8615
8690
3019
3781
320
5603
3105
37
8108
12958
2508
7547
11709
3309
5430
8161
4508
1661
6866
3507
532
5686
8101
1984
1691
4887
10491
1985
4777
11361
5518
5075
10300
2091
4072
9912
3821
12787
4237
9470
7523
5527
3176
11733
3213
953
795
5634
5781
8375
7126
11952
9438
11372
6063
1674
10876
2145
3313
11258
1934
12904
5727
4778
8967
5346
171
9173
3048
5983
2083
3680
4690
11843
8057
11364
10610
11606
1844
1922
2426
12900
2815
4948
6913
54
12588
10056
2664
7383
4665
2022
6857
126
8319
10788
9675
8303
2723
3945
128
840
6191
12728
8839
8205
8920
6697
