9643
12463
11208
2705
11853
12089
6804
4680
5720
10385
3387
10639
12959
11878
6685
1358
3288
7864
10670
6845
983
588
6962
11279
6687
7194
6250
8673
989
1238
10207
8908
10897
13002
5254
5786
7335
3652
193
1160
7458
8043
3307
12861
6108
12364
3902
5512
11339
8944
12410
2997
7211
11048
11604
9543
1699
12595
12349
10974
8648
2616
8262
7508
8936
6681
8793
12021
8269
6746
11110
8454
10245
10959
7210
2818
8825
6238
6452
7420
3062
10210
8390
9832
10730
11420
2040
2648
12243
1007
9655
9799
859
12368
9528
11262
1257
9300
516
1307
6569
5614
8974
7445
12994
5895
8814
11276
11410
10896
6255
2060
9052
1205
1056
1469
9338
8641
7694
9742
1243
10624
10691
11897
4325
11399
7396
9564
5994
7560
3485
9271
7757
7580
2201
9110
1057
6185
1494
9688
11912
7934
2766
564
10621
7793
3506
3177
7341
11654
7585
7241
10434
3093
6602
5443
10198
2343
2185
8410
9457
7849
6179
6104
9353
8260
12181
11251
5242
7871
1266
9480
9983
9167
7163
10645
1170
11724
8096
785
11838
10307
8657
3026
4526
7758
3927
2463
2846
11052
7960
7759
3986
11265
1884
898
1624
10811
686
2265
2433
8582
520
2594
566
5027
5217
8753
337
7350
3865
2449
4771
9840
4264
303
4676
6595
8854
655
1766
1428
3457
11268
7972
5716
10727
5873
11475
4468
11182
4900
3724
7286
25
11059
12221
8978
9553
3833
4727
7866
7751
3964
9113
10938
5834
11638
5050
2129
7131
4959
3616
11743
216
8883
2104
10701
2479
5173
6695
7446
12118
12351
1313
4791
851
3621
12421
3972
4338
12416
2516
901
12396
6933
83
12617
9769
6621
4889
5262
7701
2857
8399
5435
1779
11032
9602
7389
761
11072
10799
6825
11751
935
5889
6180
1180
5047
67
5960
5383
8658
7020
8892
9858
10838
5717
7791
1754
6508
1626
2978
2047
8439
2470
3452
9102
10720
8320
11403
8588
11133
5375
8252
10056
4856
8061
323
11163
410
7955
12870
610
456
11745
1247
8752
11798
10359
7138
8697
11695
4874
2524
9906
10063
9142
7283
9814
1106
6407
11012
4334
11365
7790
2183
8224
2464
9468
7175
1551
5174
9358
7778
9978
2195
7804
873
10503
7182
2623
12167
11386
7668
6909
9464
5925
9035
253
9203
12973
4713
9762
5989
908
5562
11496
10108
12996
1652
13
5754
7453
11066
11091
6801
1440
7819
6235
4738
4967
10150
463
9059
23
10283
3077
9140
5702
9141
8971
2666
12253
8844
2777
8954
2478
5140
7238
9124
12775
7233
6671
9947
11516
6718
1562
6305
7156
5990
2435
7673
5065
7046
3971
1855
8289
1576
9295
3205
11616
3952
4984
4715
6289
5826
9182
4748
5444
872
22
2402
10956
11925
12809
11765
7773
9596
1901
7041
1759
11856
9632
12211
12394
9465
8696
1548
2064
4043
7125
6239
8629
2276
1455
9855
12128
9482
5638
6536
7274
6491
2734
10312
11183
10354
3702
11400
12182
5227
6868
12535
11129
2296
858
1876
1146
4744
9494
4490
10414
11597
825
7132
1048
5536
997
3276
1820
4920
11467
123
4318
298
9415
1907
9849
9714
6431
10292
1050
8459
2791
8440
6739
1040
12626
7591
2462
6404
5083
10667
824
297
5914
4890
11076
6579
31
1385
8359
8485
9876
4340
11416
5904
10635
2315
1891
4293
7707
8865
3289
2258
5277
5163
424
1904
9928
2902
7970
6201
1134
8583
2027
6026
8684
11742
12926
11264
5286
8967
6726
10740
3234
5305
6214
2467
9136
12237
7265
5147
4751
10718
12215
1328
9188
1439
7144
2926
1875
3877
11024
8931
10413
35
12745
7040
1650
11693
5787
9302
8689
11474
9806
10185
5184
8008
11248
3425
6395
5883
5802
8063
5298
12016
2675
10099
3366
6549
8175
11177
6291
7953
3227
10654
10579
162
1212
4682
12138
1902
5214
10002
7295
4166
1885
12748
3791
3380
11493
9868
5113
8237
8852
11781
10165
11712
7597
4997
7566
11749
4039
8272
4219
12801
5362
6254
1688
7034
2756
7538
1878
7235
154
11520
6078
11601
12824
12789
12830
5982
5353
4261
3781
4201
663
11499
2638
10004
1290
10419
140
11436
2872
344
4903
7777
4840
4644
12536
12958
5077
9347
2202
9092
5381
1591
12916
6633
11914
1836
4576
7787
2913
9577
3738
8314
4935
5750
9291
8186
6287
6754
5478
11334
10662
7783
753
3279
7285
10911
8424
98
7641
6373
2627
8727
11594
9786
3557
11968
12851
7842
7850
10570
8003
3560
2790
12919
3898
1445
5176
4918
9214
1476
3080
2536
12631
2147
6733
8744
9429
3845
5427
7413
2268
8789
4853
176
1332
10530
8400
1760
11662
408
11909
12847
4658
3795
1374
2329
5588
9476
7405
8701
2181
4288
7609
2934
4418
8861
7654
292
11485
2869
10784
12944
11803
12344
1858
12371
9256
5683
5001
2566
5451
5909
4147
10362
2494
152
237
4353
12458
2931
3904
3376
924
2933
9094
1834
9385
734
5635
12311
12991
12737
618
1932
12755
6107
10226
5544
3465
7563
12381
3083
5796
6336
10901
1777
10813
1938
1537
12982
10804
3602
3917
12197
7487
10806
11162
5458
1928
5046
7812
12340
6654
8988
685
7741
1970
974
2568
8997
6391
9843
11080
1986
8303
7430
5085
2347
9183
9187
3963
312
10760
5908
6345
1094
11858
12526
12997
9091
6744
9757
1614
6439
11112
2246
11717
7326
2947
2254
8034
3851
1670
6037
10335
4960
8866
11849
4781
9850
11238
7373
5318
12365
2159
7688
9841
3936
11949
9451
1271
10221
8058
10115
6079
7653
6852
2068
2307
12111
3968
10007
5178
9639
2325
9083
1862
9431
8618
2374
86
2236
11747
2896
7781
8794
8737
12808
2527
4603
12155
5633
11073
7704
5322
9082
1854
7962
12901
4998
5133
130
2264
12725
12192
4839
8501
8227
3352
5473
8780
12163
8291
2994
4963
6109
498
6299
10615
8511
6563
9067
10918
11945
11247
8416
6360
9063
11139
12720
10147
6758
4958
2565
6959
4200
4841
4632
1015
9972
1361
1272
10689
3237
9748
7935
1758
8571
6082
2729
2371
8860
6471
9246
7173
11962
8914
10135
7519
6886
1828
10426
7577
6162
1482
10756
4211
2349
9805
6326
4277
3019
12283
9701
3799
4917
4377
4710
6184
11380
219
878
290
7656
6751
11877
9089
9702
4212
2257
6502
6273
2673
9393
6872
5162
2681
6454
11047
12782
9886
5078
1154
12330
11212
3613
1847
7462
7482
7501
12413
3282
11332
1851
12152
10368
11971
3861
12095
2864
7992
5983
9195
619
8335
5771
414
6851
1580
11779
1447
1093
7537
5539
5210
8810
12263
8037
10182
10966
12889
11185
12127
12548
4097
2738
6791
11435
4838
6031
4217
12656
8824
12004
7338
1166
8060
7531
4775
6274
300
2722
3677
9772
12400
6347
7888
10275
5666
5346
1144
8057
11561
7047
9413
741
6121
12358
1456
9598
12288
2262
9010
9386
2531
6781
4008
3655
9804
4123
218
5014
59
5965
9720
3391
11790
1443
10748
10696
1062
8555
5985
7104
11642
232
1156
3032
6318
2338
2637
5685
4118
5687
3788
9484
9204
10039
6498
9836
7721
3651
904
270
2063
2109
11699
12983
4492
10200
12980
7419
445
3198
3266
9185
10715
11323
12854
12815
1778
316
574
4477
5483
1796
3199
6378
643
3958
7685
11750
4622
6441
5607
12125
9743
4522
12085
5975
6070
3662
3563
10323
2801
8210
2019
6999
8621
10053
10048
2898
11646
9330
2552
10014
5756
5955
6408
8358
9065
3141
11168
6422
5031
6043
4575
8052
5212
7118
8846
4598
5503
757
3054
2909
5733
4837
6217
8092
7342
12123
9303
8343
10563
7985
1846
1887
6560
7858
9160
12583
5747
3396
2761
3592
4999
12146
12569
10982
1804
338
1852
9202
6861
10636
8985
3052
7678
2688
11002
7670
12829
3427
6748
9645
5449
1698
12880
11611
12279
8076
6251
12587
3148
8668
6213
4618
4930
10818
239
2107
10112
293
5778
1722
12822
9605
4769
9847
5402
11367
4374
6309
8398
4760
6750
9400
6027
12361
6312
7075
4306
9741
8105
11479
3965
9967
12142
8570
1451
2052
5169
5701
12887
11178
3568
8472
4449
3385
6952
6723
11975
11438
8943
1660
5772
2847
864
5191
4834
12407
9044
8283
12062
7029
1693
11993
8173
12938
4535
988
11005
2498
11179
12746
1032
8847
11947
6006
10326
6168
7362
9752
8785
11355
1687
1633
349
6461
4886
5631
11118
10997
4925
5682
7364
7018
10973
4027
11916
1751
4882
5072
2488
10067
10120
9166
5440
2275
10797
3548
9729
485
9174
4450
8332
9108
4007
3128
12484
8005
7460
7606
6702
10664
1460
10095
7234
5189
8077
6982
7978
9437
2678
12642
96
12723
9461
1721
1483
2626
11147
6401
10913
2382
8290
4813
10776
10554
12209
2946
3587
8141
5806
670
12744
12502
9022
5350
7157
11985
11701
9169
12356
1023
6147
6705
10655
7215
9180
5341
9878
6092
5872
11001
6276
42
6973
3265
12213
11272
12520
8014
8642
7506
1794
477
7433
1037
444
433
1190
5864
11692
3308
8632
10854
10271
11469
6164
108
5788
6537
3150
1839
9781
12844
11064
2144
5523
5272
11831
7456
1781
11038
7562
2691
9916
9455
4740
3214
5148
9672
2535
4893
9197
2392
1711
6355
4634
11645
8401
12333
10719
4887
12576
12170
2194
9530
10347
558
758
11480
9867
10688
4352
4178
6908
7091
10497
4220
11045
11517
8275
11801
3962
12960
5766
934
725
938
7162
1704
2436
7507
11371
3977
4415
11189
12652
8347
13007
7397
3496
10209
9755
10404
12538
9971
3470
9654
380
53
5250
2302
3623
10268
8870
11530
12204
486
9001
1044
4783
12084
12169
4484
8336
68
2223
9827
10331
704
12298
948
1401
12103
3487
2900
4572
12208
2113
1222
12730
6520
4660
6262
7761
11465
11455
11833
4330
7269
5954
72
6436
7582
10118
12531
161
2472
1018
2624
4645
9440
4184
7772
8474
2604
12957
2581
1515
8478
5197
541
9444
1265
12323
5784
12607
2897
10256
12200
1802
7426
4858
8676
5813
9801
9526
3808
4094
1045
862
1864
3146
12191
4120
3404
3115
4718
11329
8575
693
1897
5743
1813
3119
7043
7776
8491
204
7139
4628
3985
10486
5910
3149
11107
3784
11473
10488
9370
6967
3875
1806
8549
7576
12419
4344
11330
12604
7924
6260
12027
11082
2881
5672
11696
6195
2352
7140
2667
2998
6141
2299
8702
7913
4596
3340
5188
10008
4816
2387
6308
10782
0
12106
10842
589
3765
4347
11031
10646
5164
4010
3933
11677
2039
7214
10746
12796
5534
4376
7209
879
9417
7327
1499
11591
8963
12331
8706
1128
6766
8166
6753
525
308
1215
9576
8787
6797
8108
2376
1102
6765
5291
7847
61
10057
6256
9706
9954
4629
7115
7521
7067
9511
7788
8935
334
5179
7665
2762
1866
11770
4809
9402
11218
8520
1905
9960
5676
3492
10246
5643
6635
7023
8610
12078
2806
9021
4044
7903
11368
10392
5096
11232
111
8907
3555
1078
4409
5420
265
11610
7905
12385
9178
1299
7659
3562
10000
370
5132
10704
12940
10703
11294
3129
5020
5899
8566
12272
11126
125
12132
12369
5392
1745
8273
7522
10311
1413
3664
10890
3559
13003
4766
669
8361
12363
10293
6564
7886
2320
214
1773
5926
4524
429
10880
5686
8815
2444
9154
12636
5538
8694
12574
11739
119
10365
2079
4538
8321
3036
11866
4031
9145
2892
9891
4849
3260
7150
9626
5100
7428
7474
12412
6409
1964
3263
8561
11442
10400
11359
9694
4521
5293
10415
11668
2901
7667
3835
9206
10126
10596
9828
8286
4230
4577
1644
11213
8188
2242
345
3479
1224
5049
7097
10946
3859
1230
2434
555
2672
2574
10605
5265
1575
8375
6069
11101
10629
12294
2249
2455
150
10420
7361
7045
6279
4159
7333
12441
7527
5481
9681
11659
2736
607
8981
11070
11050
3920
2606
11117
10154
11404
9652
6350
4594
4542
11697
6956
3836
2772
8435
3041
1755
9270
1184
1285
930
9279
4302
9068
13006
5258
12437
12972
1289
8448
6063
6848
11094
10932
9539
12602
4689
848
4309
5779
4552
6324
7686
9135
6486
3812
6127
12075
9894
10369
12564
6420
4548
1935
11507
1382
3216
475
12814
6983
1530
11756
11809
5977
9915
8447
3703
5838
5202
489
8312
9824
9696
509
4929
9703
1610
1584
8918
2908
5812
4430
2584
975
4213
2412
4773
6093
10683
2962
3067
10282
4909
1599
1014
12065
569
5228
10780
3024
9560
1472
9648
687
1863
10707
4117
12229
7915
9031
2502
12825
10143
3033
6743
5090
3333
8330
6001
2288
2241
269
5186
1746
4105
302
412
1822
9945
11381
11307
9987
1909
51
13005
7739
5213
9329
4498
9041
6087
4987
7421
7429
110
10062
3688
9644
7202
9348
6905
2397
10339
6135
12009
8964
10500
4720
9352
9568
378
6311
7640
8071
12472
11471
9233
8655
10375
631
12734
8733
6747
4487
1219
3758
10510
12023
8929
5308
8871
10934
5219
7417
1769
1672
6896
6483
2108
7448
7354
4362
1952
3919
10136
9221
12670
12713
5271
10451
9372
10128
5894
9542
3167
7438
1118
11729
5654
723
4966
8477
3581
8763
3125
6196
1244
10754
6416
4608
9225
10216
4703
1309
3645
12244
7039
4186
7599
2239
8471
368
4939
7892
798
10627
8313
12386
4135
3923
5570
7919
7532
2986
12786
10390
10328
9782
11343
1971
8193
3511
4148
5273
11888
3532
2339
7947
751
11705
7218
194
2431
503
12650
9933
1058
4814
8230
8229
5775
10461
1073
12024
356
11686
1372
5941
6220
1950
11427
5183
2999
2686
740
7775
1396
5741
1453
12008
5857
4183
2875
8830
9212
11922
9375
11199
6197
9616
7709
8564
2779
5358
735
5439
7223
7183
7875
10513
1966
3043
11061
1767
5209
8121
4104
27
10176
884
8634
4412
7646
9062
11039
289
12355
6198
4895
11811
3695
2168
287
2190
9789
8899
10477
9196
11196
4950
9515
1488
5804
3852
3389
10248
1665
2991
2311
5825
9486
11837
5157
5578
2914
7977
2936
4346
6470
6932
7038
9996
12053
3975
10580
142
883
11463
8915
9027
1615
12665
9942
9890
656
4793
3127
5803
8682
12432
6344
1149
2161
10059
12287
4470
7524
11311
2630
10310
10097
8976
1366
8990
5933
5861
8476
7425
2045
8467
10277
10834
9043
4326
2098
8156
4908
4434
12448
5042
2835
9637
4423
7954
6651
5547
8030
835
3951
11554
2796
26
10208
4776
8989
5063
223
11915
2808
9392
953
279
8567
2198
2649
1263
1390
9048
8095
11040
4198
8637
1000
10515
11456
12038
5831
12787
6770
6632
11314
4940
11026
12777
10999
9647
3797
9401
3285
3448
10721
11508
565
3156
6587
12863
4151
6428
3105
8635
4001
8528
7703
9337
3161
1622
4436
2408
12942
10778
1808
7325
12899
592
5332
8743
7098
7525
6664
11029
6822
1965
2650
2071
236
10038
1322
10863
3345
12893
12130
10462
468
5366
8304
9704
4233
1841
7968
3846
2528
11125
11733
6415
11150
4954
2921
9582
10829
11014
4901
7298
10155
6975
1490
8437
3398
273
9298
6325
9026
1815
11964
3188
5590
5542
10396
5696
6139
2342
10825
1837
7160
4153
8917
12341
575
7672
12759
12039
4
3959
831
5636
3580
2822
2038
6049
11678
12728
2523
4478
12178
10622
7129
2363
10694
6434
11684
6224
12414
5397
1664
2189
5485
9075
4152
8483
10511
11691
7794
8670
12928
10405
79
166
6381
1809
4938
5729
1919
10582
6589
9682
2509
11447
3658
10441
7185
2515
2252
5422
153
8991
6296
7289
11394
5224
5459
457
10170
818
4532
830
3202
6028
2115
9470
6300
9389
10465
1581
8573
1645
9430
1611
9087
12784
6421
11374
9497
1648
4130
1860
5557
4861
11286
10232
10285
7056
10231
4982
5987
45
11927
2187
3114
1300
1233
12488
9986
10908
1666
4206
10236
6803
6910
7159
7266
7010
1564
1785
11170
7628
11587
10781
8647
7747
8543
9321
10137
1550
855
8179
12491
1003
3261
2544
5175
6067
10241
4499
6367
7957
4496
12195
3495
3246
7044
12615
8496
3573
4986
6352
10752
4662
7239
1140
9552
3193
1523
11391
10064
1175
12040
10258
6379
1988
7872
2767
8973
5773
11537
1552
8150
6957
3123
3315
8556
5855
1336
4649
5279
12202
7557
1994
12220
9414
11630
4270
6922
12519
2674
10712
9809
1727
10288
1635
5695
12241
6134
11382
6697
9957
6606
2114
5484
3145
43
3079
387
8691
2286
923
7244
1301
9586
4978
528
12790
11419
7575
1458
2746
1570
76
4503
4745
2217
8051
12378
116
12837
6998
10665
10383
10577
2787
9760
102
6244
5494
5662
5511
12774
3381
7837
7547
12546
10315
5344
2724
12977
6660
6443
3740
9901
1685
11625
4428
2747
7273
7024
5721
3430
2204
4795
931
9243
7237
7963
1221
8690
8562
3960
5437
8590
10994
6313
3136
1667
11013
8790
6091
10945
3946
4607
11235
805
155
2291
3363
9163
6582
11377
4106
3869
11540
2538
6245
9334
9524
4387
8942
7516
1748
4099
8213
1088
7220
5182
8225
10492
6574
5158
10058
9658
3000
9125
11417
8391
5417
6650
2428
999
10567
6040
299
8510
11675
12927
2530
8402
5611
2860
9252
8910
12701
9727
6843
4507
12588
2156
2312
5282
6787
2912
9006
8848
2024
12794
9471
254
10857
926
8407
1254
284
9512
7461
9776
7854
3700
10998
230
5670
4062
2636
5351
136
9114
472
12998
4144
9336
7
7055
7835
12242
9354
3490
9318
1925
12149
5335
845
5875
7037
13001
2521
2537
12873
11023
7031
3281
8536
4700
3519
1473
7510
2346
6608
3524
1047
2461
4282
3809
5972
1083
7036
5161
9533
3603
2277
11827
9833
6236
5405
2954
6494
9061
540
2219
11979
1843
3701
8464
1930
8018
7318
8885
3390
11722
12423
10532
6525
2175
6760
8975
2843
1450
2171
12979
821
1210
5310
5851
1642
5296
2298
8422
7951
1898
9057
5943
4922
11312
11349
3076
8781
9689
5597
7377
1990
9531
7725
1025
10433
12019
5678
11876
6410
2028
8050
6149
9343
9884
8712
171
4528
3578
11210
5231
10270
2344
8652
9285
8890
3888
4331
981
3132
5783
7145
11089
7193
2620
3477
2951
7619
127
4128
11065
5317
6895
7862
7603
4408
1273
1661
2929
3739
4181
3397
5649
141
2676
1916
6249
5581
2782
5446
1098
11584
3820
7464
180
1628
5673
1287
9265
375
63
1526
3442
10286
6714
10398
7042
10668
8042
12525
2143
12696
12218
745
11557
9477
6756
6306
7481
2233
4865
7468
1424
3534
3069
5886
5233
3339
1619
4020
10589
2602
5748
9315
2452
9066
10211
9395
8534
11324
724
5945
404
3510
7784
10260
5211
5905
9236
8198
11198
106
8882
1912
5514
2506
267
9506
11068
3848
5325
402
2595
11450
7910
7677
550
7999
10608
3051
8719
12605
12698
11911
9754
4257
9603
8545
8617
3451
11845
4668
3064
7085
2663
11353
12618
131
4684
4652
3364
1072
11690
2152
8756
1237
6476
6065
952
5011
8002
6394
12393
12689
10455
10132
6706
4869
479
1750
8389
5867
10222
8334
5939
9263
7760
5916
2953
549
1795
7236
11631
6020
2054
6417
2448
3771
1609
3273
41
860
5920
12255
7570
2839
91
12171
2253
3056
2341
12767
2665
12017
7661
1177
7212
5795
11172
294
2586
6303
4818
2134
4161
9234
4883
12173
5306
1188
1236
5912
846
2799
8208
10030
4077
11187
4284
11632
167
6676
4737
628
5882
12931
2002
8802
7291
5853
7404
6044
707
1949
7996
11341
3630
10750
11445
2838
437
6399
3599
2572
5651
210
729
2852
992
6128
177
11956
7922
731
3752
1075
8714
3766
9997
7492
10343
1742
3661
2000
9184
8962
233
158
4155
4554
105
1870
11582
9662
2870
3938
9231
12379
8268
4811
3598
9837
9378
2270
10552
7681
3419
715
2432
7592
4871
5776
4125
3768
7722
10163
5966
6891
9346
6008
10188
1242
9055
698
1540
3794
11981
6948
1983
11846
201
1192
11606
2938
8222
11062
2458
12549
4643
5513
1259
1867
6456
2017
2176
9633
11160
7938
11277
12485
7548
1005
977
4517
4742
3891
7901
9959
4482
8021
8093
1206
11009
11408
783
2728
10546
11151
853
1161
6052
2456
480
8337
5371
3612
12490
5216
1883
9880
7712
12268
6445
7874
10175
11767
4515
10107
3191
8250
12069
7303
7824
2466
1302
2091
7260
2218
9631
1962
710
5617
10473
646
7186
2809
2907
12898
11700
3344
8202
10424
9009
11226
9566
4467
958
2285
9883
2696
6639
2010
6775
8451
542
3804
1623
10979
559
12981
5518
9722
4207
4679
7887
9898
10907
8921
11085
6950
3554
8362
1196
11255
2030
10592
4664
2481
1882
1369
3065
6304
1825
8945
271
3641
7828
11752
5863
5580
5400
765
11577
8310
10
10597
10637
10482
1757
3302
2061
4081
4195
9463
3776
6205
9051
1553
11959
4301
60
8114
5693
3057
5099
6218
6531
2519
9740
4870
10987
3169
12857
4258
3418
9013
913
4854
914
5260
4372
7742
3990
827
12392
12042
11744
9132
12816
6012
8541
12408
5553
11303
3753
10273
1857
12050
4916
189
4464
8836
11176
778
1304
1418
1731
9034
4179
4843
962
6320
3696
7345
7829
1031
2251
2148
10785
5415
1595
3362
5558
8251
190
1185
8024
1370
5012
6024
5477
12461
3830
2240
5952
1119
11844
196
9072
1178
6022
6901
3981
5757
8552
10564
3930
12666
4714
1414
3474
3138
11889
3134
635
12578
3935
8226
1282
3351
12827
649
5307
9759
10105
8816
7435
11623
3100
910
419
1009
12522
615
10490
12840
1886
5999
675
4765
4279
3921
7184
8833
568
7076
9373
12823
2020
7370
5919
3220
11842
12500
2865
1459
9306
5372
8056
5556
921
7588
4913
12792
9744
8494
12674
6398
7928
10217
4690
4333
982
9379
3648
8721
1656
12795
744
8685
12611
9042
157
1052
3590
12878
12070
8111
6319
8669
10403
423
6700
1006
8553
6806
10935
950
1542
9900
3991
8346
11898
1509
794
7068
11127
5098
5376
11217
4980
3295
5460
357
1853
918
5844
6460
7520
1632
7883
9219
547
11411
4510
6887
9199
6275
3458
1099
5870
11291
1495
10129
9359
843
6459
12466
1131
11965
5123
5731
2700
8462
4695
9351
8630
1975
2075
12555
11443
676
912
7981
10822
8979
5352
9438
936
3187
4627
12063
2600
10032
12048
6380
2193
1234
5603
3976
148
1022
4941
484
11440
5568
11816
12338
11640
6523
702
1696
6764
8644
7991
1829
7882
8124
1041
759
11086
10429
1641
3635
8376
5680
10695
8009
12054
7841
854
9559
6448
181
754
12740
5431
397
9899
8783
2745
12995
11256
4501
9571
5357
1845
812
554
12299
12753
7374
587
10574
5259
3707
2220
10350
62
672
10588
2706
10357
7645
11863
7123
6048
1162
8751
11444
5665
3268
5823
341
3298
12772
7058
12613
7246
1621
285
9541
6939
8356
10947
6773
12923
3242
8074
4222
7153
2874
8923
1432
527
12322
4866
12459
10121
1308
1096
8709
9349
3353
9356
10130
8098
804
4762
6850
6463
12420
647
7786
5035
11188
1947
6230
640
8597
4242
9671
7469
9732
1799
733
4324
1246
8168
802
6286
11808
10320
11569
10518
8353
3449
8503
2622
10223
7189
7479
6153
1421
2868
11628
10633
4401
7229
10962
9120
4686
6730
3422
6154
9121
9889
7403
1125
570
5009
4712
3371
2008
1129
1995
160
10951
1471
2012
1195
1147
6333
9487
12154
8113
3217
11398
5705
9914
12032
3392
2937
9425
11902
11680
9518
8933
3436
5482
11317
6571
9323
1840
4042
5829
10759
12225
3005
2334
5289
12852
1927
8699
2723
6140
10157
8822
10950
121
2720
7555
5653
4657
11156
1663
12550
12395
10865
1420
2714
6152
11006
1578
10325
12304
8615
2927
3764
12374
6390
9458
7820
586
2733
11308
1920
104
7478
2319
10786
6638
8796
2271
2391
4370
967
12388
2400
6466
4616
1513
2510
3126
12094
2608
5791
10724
10314
8302
784
636
6926
12869
3342
5149
3911
4312
12113
1430
3464
6924
1890
6039
2267
5229
4957
9472
6023
4073
7652
8
10833
5168
3887
3720
6419
12401
11237
8164
9366
1085
4651
10657
9098
4311
2784
4232
1707
11708
5962
5937
5130
10869
1738
2471
2859
10252
12776
6231
2090
10029
3894
11763
4796
2237
5276
7180
3179
12445
6150
10192
6187
8722
8134
8031
6058
1168
7714
5079
10037
12962
416
4942
6351
4419
1464
10388
11524
5586
6111
7511
7096
4251
10280
11250
3531
6884
9069
10749
4802
1786
10501
10367
4543
12646
10915
5004
7089
621
342
4595
470
1487
6784
7583
9478
6338
4661
972
10742
10386
9980
11022
6566
6101
1527
12929
8195
1991
11883
227
819
2422
12876
4210
10889
12660
10317
11546
10329
6936
3287
12664
10212
1203
1861
7624
6047
1791
3970
5045
6322
2880
9700
7360
10442
8104
2101
766
8020
3259
1258
5412
10638
813
4626
8211
11780
3503
12603
9447
11027
5498
8643
8426
7523
11666
4749
5475
8594
2922
8235
7388
11562
448
1193
10457
9705
10173
9112
6930
6120
11109
12071
11115
11451
8158
5411
11114
10251
11489
4366
6630
5661
9466
6465
9381
10432
11007
12444
12884
9000
396
7959
4447
11221
2829
9584
6268
11761
10893
6963
7228
10197
6495
9893
3828
241
11136
8155
220
1109
4188
5053
7735
5201
4537
12137
5347
1657
465
10555
11523
12067
8107
8232
6880
10790
6136
1427
6578
8469
579
12912
2167
8523
2655
5105
5114
6383
10904
10673
12480
406
771
9578
8102
8786
3517
9785
2716
2080
2041
11543
4267
8420
6178
10957
11194
993
12397
2396
7931
5124
5708
5918
3608
11903
1468
164
179
3600
2409
750
7989
12434
6062
5236
9821
508
8909
9170
3683
5587
3374
12798
1516
9403
4830
2713
3915
2811
4126
3309
9266
9717
12860
6342
598
6864
1407
3504
3144
1187
3094
5761
10820
7648
5442
11486
5907
7290
5856
6968
9574
10253
9024
8019
5963
694
2465
12974
11799
2486
8169
7958
5822
6938
4078
3822
12683
2876
2413
6280
10642
3841
3175
8215
4170
6331
4923
3660
4093
5969
5781
7253
7692
10508
3236
2390
4433
5103
8011
932
355
10693
3895
3241
5275
7822
964
6925
10005
12874
696
1939
787
2590
1497
4245
2551
9073
4541
7925
6080
10954
12289
8144
12693
3536
8720
7929
10614
9226
11511
11145
4701
990
9054
2284
5789
7483
752
5445
4320
6076
4559
12596
8874
9443
6771
6937
11512
11786
902
6834
4278
5559
3713
2384
3607
1164
10356
10167
7022
9910
6953
8086
7254
6310
7423
10751
3155
8686
2216
8601
1019
4642
10306
7617
10980
8120
1903
4291
1339
2905
9982
6387
4659
2920
8661
1268
10885
880
3714
12404
10274
12193
3733
968
8064
10394
5583
3498
9251
12367
8671
12147
9483
3271
1293
6600
373
5529
10576
868
5913
7356
11937
1255
2269
6782
12989
2988
8192
12506
5798
10025
10202
2460
3979
11774
518
5087
7442
8258
11836
6212
11366
4119
11612
172
9288
5667
2266
12189
5959
9839
544
11797
9264
11622
10371
3305
2702
4083
12223
6558
6669
6266
630
93
3831
1807
6593
3682
3849
2711
4390
8666
6072
6881
4025
9919
7231
8068
11608
8740
9516
9766
9609
8919
4529
11292
29
12090
5839
4017
199
6565
1816
5541
6849
893
3819
2848
7899
8066
3978
782
1842
10591
11778
560
6815
5759
12818
616
3042
12812
3124
6124
8010
11950
12577
5361
2184
10191
6894
4989
11030
169
11874
11854
7135
6389
12934
10435
10680
2807
12324
3969
6899
1079
7331
12835
553
3591
5730
7316
5604
7128
114
536
11506
1267
1768
3668
4508
4767
9481
8350
6075
6969
11900
8490
9282
2703
11719
6961
7376
8270
5862
12366
4696
12955
12697
327
499
11679
5608
7809
6717
3948
6406
5365
5456
7351
2867
3826
7622
12813
4240
4069
4807
1684
379
8619
3778
1097
17
8265
12025
3762
473
2837
9365
1559
10061
10123
12849
7764
6211
12194
5847
10344
3906
10768
7437
8394
965
7398
644
3412
12429
660
8842
10290
9036
12585
2863
7313
6036
5528
1544
8934
7197
3095
3116
3984
3004
8136
2739
2631
3178
5088
8952
7494
6267
8926
4573
6282
438
2057
12357
7746
10792
6161
7683
8806
3109
5230
12224
3813
10496
4969
9601
9668
8348
5062
8278
2393
1943
1765
11732
8256
5703
9416
9508
10055
7818
654
12580
2231
571
11850
9575
11635
3319
4399
3186
4620
625
6339
5981
8736
2984
7879
4655
996
5221
7121
10015
52
12007
11983
8856
11137
12662
1334
7690
1071
9435
2348
11899
8331
175
12473
1714
6332
5725
6489
8073
8170
12754
3028
3667
8987
1084
1686
1625
3931
3610
1435
6440
212
2406
7151
8216
2273
4239
6292
955
7090
3837
12719
234
7853
6704
5628
11259
2540
6572
10298
10308
1723
3255
2923
6522
9838
12853
11383
894
5986
1368
3466
2274
3515
4365
5526
10923
9572
10239
1228
12509
8530
9693
12315
2763
11300
4413
182
1800
12280
3274
4674
3539
8368
1763
10743
1409
9357
5940
2365
11369
3521
11650
7573
133
2106
5827
11535
11173
3046
12663
2940
12346
5438
10255
1868
3061
9077
8625
8829
12109
5688
5453
3159
2055
4820
5423
3632
3624
9076
12481
7554
2483
10017
5915
960
3947
324
10686
2447
4699
9751
493
5160
1335
4994
2196
7669
6979
7897
5930
9143
5301
1934
1557
5116
10087
2006
10978
8296
2974
9813
774
198
12302
11236
4625
6263
538
9426
692
8693
7101
1744
3137
6167
6817
268
11685
12158
5836
2751
11132
2948
5117
8327
11613
10460
4721
9128
2513
7647
10939
9935
1571
8087
7035
4741
6552
2950
9025
11671
529
81
10127
10189
4146
7382
3272
11890
4520
9683
8767
2420
6451
10401
6830
6447
2985
5127
9551
10618
4605
12442
2126
9640
3649
829
5084
1505
2340
4774
8957
11589
3914
4624
7081
1211
9445
2885
4103
12800
12653
2093
8718
4317
12096
681
11396
4863
9273
6227
1640
3367
8835
6302
2765
2795
12335
6847
335
683
3509
12034
3082
1012
8206
1100
10364
4568
664
3754
8554
4519
12529
3595
2542
3620
5155
9101
8745
9621
738
4523
9918
10606
537
1280
3793
5970
11454
3170
9931
129
10922
11984
8600
12260
2664
2593
2398
1511
6362
2589
6683
8804
12897
395
7964
2823
10151
11424
2142
1681
11257
10732
4237
8016
5000
11476
657
12015
6903
256
4445
10958
4962
3196
11986
3049
8221
9731
5815
773
6050
9657
7082
6442
4453
2062
4431
6752
12963
8522
7149
4066
8939
7949
3426
9086
12703
6527
250
9146
11518
9777
3078
1517
5740
2303
10824
5715
3121
9570
4295
1911
10733
4506
4597
288
7613
11736
4392
5304
2490
11123
12711
10044
891
12721
11425
7011
8246
9949
2611
10983
11711
5722
5403
6125
6749
10856
11092
3312
8245
1604
11041
8183
6800
11021
4789
12438
7003
6478
9948
3310
9496
6182
6509
11243
8580
3322
12286
3665
9227
5005
6637
197
7078
5006
1999
5932
64
5900
2228
11204
2629
6009
1812
11715
12856
4743
7017
2441
8460
10214
44
3384
2351
6358
4663
11320
10560
11439
5468
8631
3153
6327
6095
11035
3500
11667
4912
2778
1936
3718
10452
9888
7600
11387
4456
7512
8182
7256
2958
1706
5345
2598
12121
6181
5572
6480
11851
6833
12900
10972
4673
8276
6682
4990
6609
1798
10166
5205
9194
11930
10685
1436
3912
6433
12199
3628
4988
5561
10387
11651
12164
1394
4656
2260
7134
748
2507
684
3866
7304
6285
5600
7745
11331
10641
7586
674
9248
12501
1906
6000
6519
2825
9099
2563
2128
12296
8539
5032
4884
9088
10096
8492
6827
4079
4677
6477
8271
12124
5171
12785
5455
1320
6716
5134
1987
9969
2250
11270
5048
8955
9033
12455
1434
12415
500
7932
7267
7112
2845
3742
10815
8765
1774
7896
7671
2282
12947
3016
3112
2982
1899
7644
11580
2670
3047
4098
282
11879
2141
8548
7675
604
4717
462
5025
10640
6405
10052
3863
7422
8675
11010
9103
1441
605
2154
13004
4150
347
3455
358
5235
1348
8589
747
8187
7530
11954
9495
3406
4732
11239
5890
624
1229
2450
5742
7921
10955
613
5755
5767
4265
3983
8995
1653
9761
407
596
7213
8281
2533
3993
4385
502
5509
8388
3410
9008
886
9604
11111
10644
2826
2306
7217
11364
215
8535
2489
12708
12493
12908
12883
1080
3643
2910
7718
1327
6883
7550
714
7000
7558
8101
4481
6298
7728
10682
418
3207
12727
2727
11977
12239
12965
7059
1305
12453
266
10964
849
9314
431
2532
6949
8925
1034
8443
313
1101
5808
4122
7107
1331
4342
6548
6397
12966
7740
3303
6645
10160
5055
5493
3215
4053
4670
12831
9039
8512
10410
12430
5794
6295
2309
10374
12460
4427
892
4707
10040
4815
5206
10968
1823
3551
3060
8309
4641
10235
11342
4221
381
11563
7529
5139
10717
3120
863
2097
7987
6430
7623
10338
4709
10472
2446
11583
173
9794
10100
7572
12157
5436
9173
6506
2562
10010
2248
6518
6708
7513
3300
9501
3792
9863
9829
10299
8887
8869
7579
1337
7070
909
524
5921
8475
6210
2210
359
2278
11548
11470
7190
10827
2139
5669
8821
5833
10845
620
3488
2120
4391
9198
8784
3158
2754
12497
3332
2029
8176
1739
4082
842
3817
4375
10117
3549
6735
12483
8581
5655
6559
959
6737
6857
7309
12768
2208
1948
6619
4067
5480
1793
1833
9661
7307
10524
730
7731
4299
5128
11362
2005
12219
6418
2883
781
8927
10912
11378
11209
2287
801
11078
7222
4223
9569
1877
4199
795
3294
469
2575
5719
9930
9296
10337
2841
12035
8349
4549
6699
8059
4872
8877
8338
1771
9979
5584
11242
1250
2656
12544
10989
7565
10134
12804
11228
7187
779
10021
534
6450
9286
11906
7201
838
2086
1940
5841
252
6222
11682
7998
6011
12354
9157
7259
8285
12117
1286
2945
4534
5232
9312
10773
11639
3424
1163
5187
10370
12619
12457
10168
3617
57
9050
1046
221
4899
3798
2132
5591
1345
2856
7317
8325
5125
9362
1145
1329
8047
2026
7026
8481
4424
6215
10656
5780
6703
5637
4785
333
5697
8993
6792
844
9324
9090
9322
7851
3934
6623
3838
5356
12347
4754
11670
7737
12606
10963
11987
12553
5424
5399
5944
11361
12690
1724
7607
4160
4068
2417
3873
9917
9158
12166
3867
10066
9925
4426
7831
1481
2753
1646
8133
8728
8341
3291
1618
1594
3372
7909
9479
2968
9309
9290
11190
393
2322
3880
10881
9845
4359
12950
7406
3192
10295
3989
2775
2499
3759
3472
310
1953
12839
2036
9333
2032
6025
11402
12528
5281
4819
24
12380
8378
12359
3940
12440
6177
7696
12943
40
6554
2316
12140
4176
8628
1492
2399
1295
9360
9788
11263
11104
3871
1588
7122
4739
8383
7581
5425
1136
4970
2520
1894
11269
6516
4360
6917
11923
7723
8152
11727
3790
8438
11942
9563
10102
4600
5656
6659
4167
9938
1148
4623
12633
11754
3693
12707
5238
442
12179
10389
3892
7344
2679
6145
11573
7734
10891
3731
10436
12976
3802
1677
7261
5369
6529
12144
11865
9955
8161
3356
9106
8033
12517
12584
8576
8817
10634
7306
8879
4439
922
3357
191
11278
9377
5243
2731
10276
3576
11229
4525
11152
7980
6842
2360
2759
2375
8502
10122
799
122
2072
5256
3606
11466
4336
11664
11860
9122
5222
11713
5069
4287
8100
9549
2206
5274
1689
12999
5679
12350
10384
12186
1133
12285
9287
8749
4973
7618
8403
11352
491
6335
1596
1849
6859
526
1318
317
4797
8855
10301
4719
6225
12644
4630
9325
12141
10124
2118
4343
2768
10553
4462
9929
8560
2082
11430
5030
3317
9659
11812
12658
1089
9988
1479
103
30
11772
11215
2122
4127
325
427
12629
5609
7843
11316
1629
11481
10091
1518
4493
11868
4187
9208
9424
9176
6096
8151
8584
1821
8986
4172
401
238
11418
12749
4149
11244
2993
7536
11337
4586
4551
10313
6328
6521
10296
11253
9636
1108
10514
7679
5177
12264
9625
8027
7177
5573
7902
2356
6203
9587
2607
8006
8626
3853
11552
3676
7439
11907
8586
240
10928
6060
2297
321
1701
8373
9913
4216
11917
4968
1091
7876
12198
4947
7385
10832
9895
11054
10148
5159
3405
1397
4460
4036
3204
367
9817
2209
12953
12542
374
8818
533
6738
9627
7137
7595
7315
4613
12477
8864
12534
6438
3974
11120
8054
9436
1830
3574
9660
6640
3761
3773
10575
1110
6488
10243
1522
1377
7756
447
458
6727
11166
6088
10504
6741
8808
6875
5744
5877
12486
10205
10836
205
677
10300
680
4702
6913
4924
10728
10571
10687
12793
5342
7049
11872
12507
1359
3435
6166
7050
4810
9257
8681
11181
5991
12018
3218
326
2858
3671
5312
11521
9912
9012
1317
5143
3162
10917
9151
1033
4812
33
9171
10402
4653
5816
939
281
9209
6297
3481
12306
2259
3570
1654
3034
1181
3213
12936
7676
5269
633
1784
6646
3712
584
8574
3256
8904
3157
10201
7258
9498
2580
8082
917
4752
4185
2169
5194
11258
3233
11144
12456
3330
12510
9825
6054
2977
11999
1
6323
10690
8119
11901
2081
6711
5782
11936
1929
1869
1848
478
1545
4799
8097
5388
12086
11892
7221
1350
1510
9071
2844
9228
495
6278
6194
11295
8888
9350
3597
11143
12643
1662
9485
10264
2661
7601
6854
7069
1817
8723
4383
2709
9514
9149
4609
11121
5039
3779
8716
1888
9241
6538
4825
4458
1955
3073
1021
11656
8735
776
4888
919
4833
3501
276
5404
12661
9816
3953
10593
4113
10610
9555
11532
7744
5520
8417
8015
8811
1818
9803
8889
11519
9115
5395
1231
2963
12000
9020
6246
3832
7001
6526
10527
4327
1063
5618
3349
3634
4088
12476
9096
4611
9137
6728
12284
12014
2642
8468
1942
2834
1944
11395
10190
6493
10850
3998
10798
5465
12527
3224
1977
73
12503
5043
11759
9812
4631
9138
941
2742
11484
4022
12624
2295
7907
8640
705
1115
5903
5620
7155
4065
2576
4037
3900
12993
11824
3467
9475
1065
8747
4746
8970
3760
11284
9105
3275
6951
249
1702
9749
7126
3160
6369
622
2955
3564
11131
10203
2928
10474
10322
9622
6517
6586
6570
10305
2493
242
739
12345
814
11246
6071
5840
4855
9165
8708
6242
7904
12210
10114
2426
2146
576
10877
2743
362
6188
9716
6636
5203
12052
12342
5472
11764
3195
11614
7539
8354
12637
4512
9253
1958
11058
2318
10193
3864
6679
10366
229
3957
6971
4995
3929
2654
1281
2056
6206
3327
9535
7663
9267
8761
6918
5407
12375
9964
10828
8782
4263
6533
1315
4518
11325
5582
8223
6364
1519
3821
3402
8220
3099
10769
3518
7608
5554
11388
9450
4817
224
12068
7061
12969
11299
5758
6432
8147
9815
8445
12336
5295
7568
11088
5429
12100
9047
2222
7706
11886
10600
2831
3553
6731
2407
11870
11015
9993
50
3486
9921
591
11075
7502
11230
8876
7199
5471
3469
9509
10498
6435
6603
7855
10336
4560
2395
5928
2095
9826
1565
7242
3499
4835
11600
6290
2918
2439
4253
7329
11989
11734
1437
7859
11087
4852
8453
2842
8148
8069
1465
10470
8395
163
12398
5237
11122
2941
6353
521
3002
10542
5577
3478
10548
505
7358
6160
4355
7569
11665
7110
10459
4979
9536
12987
4382
11791
6348
187
2066
8569
12013
8972
7908
12468
7343
9276
1376
1649
8128
2272
11841
7102
4716
3361
225
11848
9896
10086
6794
7997
2077
3090
5122
8300
3386
4806
1577
2555
6985
11653
48
11531
11392
8207
10526
12532
1951
1256
11852
5059
4030
4380
8636
11568
8746
12005
4438
10267
464
12196
6585
3777
2668
836
9981
9376
9398
7053
6501
7459
12091
9177
6583
6696
1422
6965
9280
10454
5629
12003
2683
10140
10521
10265
8075
6375
1344
3440
3439
11737
420
9007
4080
12758
11822
6796
8593
10625
183
9513
10439
3690
2888
6301
9028
3529
7845
11142
11206
5447
6904
12390
10906
6581
5924
5566
2102
11077
6233
11233
8189
662
5891
4836
980
12885
12424
4606
3807
5121
9904
1602
7863
3748
9454
3053
2556
12508
8149
11669
11051
5902
3044
1972
2877
12399
1933
5995
7048
5576
6098
5739
4914
9011
7367
1363
5911
10587
8023
5218
6269
5239
4693
12505
6219
3705
3210
1691
4145
10671
3879
1985
2529
10631
12675
11575
47
12246
2192
4974
5516
10793
5067
9107
2280
9927
11033
2599
6457
9038
9617
609
9371
12591
9865
12222
1741
8524
3530
1201
11319
4214
5249
10499
8515
7094
6698
10071
4891
336
3373
2644
5527
4553
4896
9189
1606
6343
145
1223
1561
7272
1043
12362
296
7806
7470
6144
9335
9623
9677
7369
7146
12834
4040
11216
6061
10101
2652
9224
7509
6066
11304
11884
8367
5550
12681
7699
5093
6208
7682
1279
4961
6192
10598
5406
8115
6100
10159
7526
6921
2186
8937
2162
100
5626
5698
12511
11783
10539
4763
9388
21
5589
12231
8228
9950
5630
1558
3489
4557
6170
4497
4617
5448
6385
7444
8774
8339
8717
9962
9544
2013
9663
10613
780
1536
12265
2308
12172
3185
5137
10802
10556
11817
11641
1549
7399
1908
6769
3721
2442
4504
10870
5270
8372
11593
4780
5519
1762
10186
7708
4371
6755
12582
6625
8813
5340
788
9260
8748
2140
2760
7857
1978
3454
1968
1900
10187
5207
2646
7543
8826
7165
903
8683
360
9003
9230
2969
1362
6400
9818
645
5869
5768
10072
11407
6449
5602
3434
9713
2174
5018
12489
11231
4108
7321
1360
7715
7339
12820
12295
8234
8487
1027
673
7424
11620
1278
11071
149
6392
1092
12684
12319
11017
10888
8928
5180
12949
11321
11363
3801
9861
5714
1049
3249
7161
2625
11153
11116
6171
3092
8940
11514
5946
5936
4137
3429
4911
7473
6931
3251
3785
10976
5367
906
1312
7596
11437
3870
8999
4421
4615
7518
12543
4041
3476
12037
10139
6209
627
770
12044
12122
7206
1260
4234
466
10678
10104
3027
4328
6778
6055
11904
531
8159
5765
8544
147
3414
916
816
1783
7021
11527
12148
10800
8414
2942
11200
2279
6293
2445
12984
2803
8947
1805
12051
12888
8953
4669
8007
8497
5311
10020
3483
5845
2429
5690
8430
10036
10340
12733
10361
10395
2023
12685
6844
2354
737
7748
10801
6191
8795
7277
4398
12902
7203
3639
5769
8293
515
4862
5490
2350
4154
492
648
11293
5892
7207
2737
6721
1172
2889
5868
3747
7349
1850
658
1514
3644
7486
12227
2609
840
3987
9250
7116
5491
9394
5023
5336
4165
7113
7911
11574
12188
10493
11948
8103
1592
11526
7099
3523
5598
2990
11434
107
6958
12026
3694
986
6372
2235
1998
3839
6617
10846
8203
12403
4926
7615
1617
11829
581
5094
6334
8088
10003
10447
9238
10807
4173
12080
3633
9503
7109
7634
5968
1113
12524
5492
2133
11433
9879
11800
8667
5061
1485
6620
10777
7255
426
4561
2949
7780
1054
9958
832
6543
10931
6083
6148
590
137
10753
9573
6122
9686
2367
3928
2798
4457
857
1353
6497
9217
251
12771
6920
9532
8253
10376
6294
6785
5199
11740
4429
10960
10558
4192
3973
11509
12512
10355
3222
9975
10342
12474
2755
7330
1508
7632
9537
4414
10431
1087
5129
12951
4443
10583
6534
10603
1484
5257
7319
8038
12871
2547
5409
487
7227
5801
9220
2469
11326
5076
12769
3847
1819
7852
11859
11309
6176
2229
1682
5418
12099
7296
5166
4090
19
11599
4246
3248
2591
11148
1643
12598
10992
2305
5953
1123
4276
8017
260
11538
1639
2105
7763
2895
7895
10373
12057
10142
3394
12622
1568
496
9593
7815
9675
6927
1314
12833
1740
2226
2925
8627
11627
3173
1554
4394
5401
10810
3257
4272
10866
4012
12630
4685
6829
7454
597
3646
5167
8612
1155
5102
11550
12060
1433
11525
1788
7263
9462
966
8384
4378
1367
11297
5040
9529
12741
6259
117
3087
3909
12766
4592
1720
2605
5374
6713
11782
6966
9521
1311
12271
6835
6577
6119
5792
6745
5013
1324
9519
4985
12115
7836
12593
5111
8646
5565
5
11718
4466
11505
246
4319
5198
5592
984
5961
228
4733
4905
517
2378
11452
46
1726
6780
5837
9159
7802
6118
8323
3341
6992
11397
12010
13000
7693
7064
5454
9546
11119
5809
9874
2333
2783
3421
2558
4784
7499
9670
12558
6907
3992
4416
8177
11963
10658
11322
12770
11758
12799
7009
2685
4063
11590
2430
12623
6186
4134
5950
5208
10884
39
8662
5467
8319
6813
6653
9327
803
3417
1419
9612
10977
6021
9902
1202
11636
5700
11806
11955
2952
10238
6970
7918
583
4364
3292
8738
4397
3399
192
9830
6528
2610
2480
1444
10149
7450
9201
1351
11372
4271
8550
9313
7752
11191
8596
4029
10438
8137
2136
2693
8306
2548
1346
352
124
4919
2197
3589
5810
3514
9567
7174
10512
4637
12925
2613
3654
5153
8585
10609
10747
3594
2704
6893
6915
10378
255
10774
700
12521
9369
4250
7378
3211
808
5486
10227
2304
4281
8429
8094
2214
11282
10887
9699
6453
7900
12245
10041
12462
346
12732
12143
7416
481
10787
9240
7765
328
388
7465
10602
11551
10250
4095
8711
4981
634
9811
3329
629
9500
6270
9908
2100
5704
7292
10953
2517
9984
12904
10050
3171
11544
5852
4992
12312
9733
8404
5253
4290
6086
7627
8397
1001
11644
3055
10487
1199
12376
1253
767
8613
1269
2415
10770
3945
1352
4059
2380
10144
6610
10697
12300
7400
611
5893
11572
1810
10808
8772
497
5387
257
8578
6663
5770
2970
2975
377
11347
7545
2170
5115
11619
2362
7593
10533
7594
11723
7148
12309
4156
2247
6911
12722
2643
9049
1013
837
1703
3605
12206
6707
8801
7636
1059
1232
494
8209
9765
7724
523
8533
6725
12700
5003
7401
11633
12679
9078
400
10254
4666
9259
1531
3541
567
2076
6221
8241
3163
4358
385
772
4252
3359
2816
10561
2854
9892
3505
8977
3445
699
6354
12108
2289
947
6981
727
2571
3102
8841
666
10352
2812
5616
7825
11609
6232
7533
363
1814
10789
6604
12001
2335
817
4823
6462
8315
1288
12913
6928
2418
2099
3868
11044
10068
12402
4876
9784
6173
12316
1734
10731
2919
7407
9853
9162
5549
2468
10247
949
4243
7633
3228
2383
12409
1356
10805
1529
5246
5901
3048
12964
1442
5382
4764
12249
11448
8579
7869
11547
12450
12760
1608
5777
2570
8537
12930
8065
10858
8328
756
10261
10054
7926
12875
2224
8845
4332
10377
195
7995
6034
3997
7779
3012
4071
12139
11647
10509
7302
8592
9284
6628
10767
6386
9304
11457
9331
10536
9877
5967
1918
9687
12465
6159
2882
1879
10852
6473
9650
4047
11108
8070
7332
7080
811
10737
11777
12736
2112
8142
3743
8146
10898
11681
4569
2476
11843
5998
4915
4406
3637
2215
3063
2074
8465
3103
8803
3856
10449
8984
8519
6547
4357
77
1732
10076
9771
4089
2752
12310
7375
12254
1631
7308
3687
432
4013
1132
5283
3672
9387
7950
5057
4452
2583
10523
1844
3999
10862
11689
1126
9155
3239
4204
764
3800
9037
11556
3780
2534
1534
12545
89
3091
9380
6876
9161
6163
3670
1946
6555
2199
8659
7195
6594
7695
911
2330
7252
8867
1462
1967
2427
8768
10547
12907
10675
295
5736
8949
12329
12894
12183
7891
2939
7771
1705
1478
2893
577
3235
283
6247
1532
2632
7334
2182
10001
7943
7384
9032
612
6923
7250
3755
4803
8508
6271
3244
5524
6524
8387
11596
6964
7216
5359
3462
38
8371
9597
10943
56
11167
7166
2117
10991
847
4269
8837
4028
11227
9469
2577
4672
6793
9205
4735
4262
6361
11894
2364
12107
9081
319
4530
8559
5015
1982
11933
7611
5334
9695
10549
6503
10948
7387
113
3656
7552
2014
9860
9382
2261
5500
4513
746
11360
12422
2015
4235
2131
12568
9592
1600
10630
6674
4698
736
2388
3844
3525
12868
11169
6228
3070
9585
11753
4057
9459
7249
1775
8090
10475
2545
3806
9408
2819
6490
1213
2967
11676
9864
12072
3537
12540
11735
12783
4384
10174
6812
8370
5024
7386
8294
11409
7443
6240
3782
10491
6029
11184
7769
6929
11995
10961
2522
1122
329
8122
5287
3770
8812
7930
12570
8838
8431
10284
203
11893
514
3085
10444
4582
10291
11302
11515
2110
11536
6599
11961
786
9787
9340
9956
1323
4472
4778
3629
985
9029
2658
11805
2031
11880
9432
6590
9452
8409
11839
6831
5530
4101
3783
8906
2884
9991
6174
8760
3252
5644
6496
637
9653
6288
668
4734
5413
791
4100
9953
5476
5508
599
3471
5752
8132
7073
6427
9619
5504
10309
5615
11084
8994
4885
4215
4341
8067
5266
1710
12303
8274
3403
1772
1191
11379
11815
7639
10035
9800
7025
4704
5634
9126
874
12101
4782
9779
12614
5002
6631
12372
8605
3653
861
9911
8106
3666
7320
7108
10113
3014
10422
11482
3604
8280
1142
1708
5081
245
1572
8242
6729
1392
9746
12668
2989
11083
170
3015
6598
3876
1678
5613
4859
3996
12435
9023
9095
7196
5623
12688
9060
5593
9750
3431
3441
8214
10632
1120
3566
12301
1737
6678
8650
11497
6690
398
12634
4647
12715
7517
2671
5996
12482
2414
10920
11624
10568
1017
443
3502
6169
10024
9100
8028
3786
11785
6818
5537
1546
5267
11318
600
1749
1634
2592
4485
6016
2961
9275
10672
595
12946
5622
9345
10022
5060
11784
11762
810
446
4254
1127
97
4076
11234
4602
8405
9608
4581
6860
12968
9442
4562
10111
7649
12492
15
3370
11966
6994
4260
4454
10775
9421
5247
1889
3757
11862
10649
12645
552
9364
709
10871
5010
1035
10783
3547
3679
1461
4547
2158
8408
9735
6661
272
3401
10860
12165
10495
10287
8983
4486
9420
8516
3939
6165
12559
9016
9507
9453
2073
9810
450
200
2639
10090
9923
11643
7054
1429
4011
10714
5297
2125
1151
1321
9242
3335
12866
5726
7346
12469
4540
6627
2662
5145
6888
4268
12669
4241
12377
10259
11090
653
12495
2487
11602
10084
522
1371
2981
928
11180
4756
8998
4845
10351
9247
5241
6644
1319
10837
11828
14
3290
11273
10534
9667
755
5639
4395
382
2301
2009
12337
8357
9179
2715
5599
6710
7179
1340
2780
2179
5329
1585
12418
1218
10093
12651
8638
10729
10196
10234
10263
6691
10229
11327
146
10723
9909
11413
10469
10279
6977
10083
7702
7927
6686
4948
10078
11918
5942
6482
6580
5398
1030
1736
10626
9074
6272
1277
4407
8236
7427
4828
11615
11855
12433
10464
12212
4731
5699
7626
1973
4907
946
678
6596
7834
178
2437
7612
12449
11755
1630
9384
7598
4348
12562
10557
3619
7629
7226
5506
2373
99
3698
7798
11943
371
8499
4898
5463
2317
339
3001
12471
10183
10094
10065
10505
3579
9965
12533
3420
5888
4808
1064
4786
5745
4936
5546
11245
6368
915
5689
8703
8204
11564
3706
9056
11336
12134
5976
3223
2124
5760
2960
6819
1535
9168
5028
6363
6017
1969
7281
6916
9989
4085
12174
5107
11069
7983
5026
7119
11559
1365
9920
69
185
8190
4225
7414
10009
12716
7884
6105
7019
12250
9326
2781
3021
5555
10844
4826
9080
11996
1405
9685
3886
9922
10702
4878
1167
8116
58
12731
7111
1489
4951
11885
10995
7449
2331
6175
10681
10297
3827
2153
5684
5677
184
10079
12537
8902
10162
12601
9363
6776
9399
9391
2903
7095
6997
1061
5971
11881
3586
1347
1449
9367
7578
6862
11741
7898
6492
3096
10573
278
11804
2203
4827
5170
6189
8687
3484
10543
9792
6014
8308
1507
7232
1053
5152
2849
3550
1521
7142
895
2634
11704
6056
11857
11171
12235
11096
11908
7691
4654
2887
1173
3010
11192
453
12917
1872
5106
9172
6314
5724
9712
8264
10289
7106
5172
5951
6234
4048
4996
9310
2539
10692
833
7856
1306
4425
7480
6972
1827
11576
12066
6900
5095
4824
2850
9565
1227
703
3956
1388
9019
12667
12443
10572
8762
10652
9235
2046
8411
11578
1283
1856
10382
501
2786
6207
11726
6878
4531
6
2579
6252
12541
2557
7293
5906
1743
4469
12153
7514
1780
2701
12872
488
3994
11895
11571
7415
5441
4706
2281
6734
5938
4014
4688
7117
11224
12160
1463
3009
11477
12779
5426
7952
10933
12131
8212
1452
7305
3944
7838
1954
3734
1893
11067
10620
7571
11978
12691
6561
2821
1070
11459
6960
4977
9134
3897
11175
5457
1770
6715
451
8055
2891
9239
9104
10034
1506
10969
3194
8089
11460
2225
1389
11746
6002
9341
3378
4692
9255
3642
6990
1859
1892
5396
8849
9289
5540
1378
8364
1753
4393
7152
11487
9946
10152
2135
9673
6265
11991
12892
1186
1974
213
2314
12648
6810
7418
6761
11056
12567
6984
6142
543
12714
8798
460
8656
3941
10098
6512
6045
11541
4788
4514
7680
3684
4227
12098
9995
10650
3
5433
11725
11350
8423
10161
5850
5992
8916
3730
5108
11570
8948
823
1086
330
2788
3184
11376
11776
12918
2916
12088
5251
2546
11306
5605
6084
6955
10716
4102
5474
11990
12233
6786
12756
9005
7164
7937
4971
7060
7030
6481
5313
2815
1410
11414
5331
6774
1913
8980
10380
8456
7016
957
10179
6976
10816
1076
9618
10986
12248
10391
8112
3854
12705
10346
5464
7198
1520
3756
7782
7797
6424
3708
10975
10619
10476
9862
548
9711
12308
10506
11869
535
4937
6672
7541
2094
5984
7556
5821
7004
7785
8110
12373
9283
4459
6110
11814
2899
11603
11335
5487
5632
7736
1355
12676
1051
6539
7191
8551
10855
5800
2597
1574
11373
6059
12597
12561
9588
16
8956
6541
12726
11502
12256
4335
9525
11340
4851
4846
1107
9522
10106
4356
1790
3538
9848
11864
11931
12216
10970
134
6258
2049
9905
2366
6315
7795
9127
9299
11926
8032
1496
7867
12724
4587
4593
4772
8301
9374
12858
5922
8000
10360
12638
4480
4072
1655
8473
822
2401
6662
1636
11275
12773
3942
7372
6474
9218
5244
5531
10791
5948
11919
9857
8532
1533
4471
11011
7651
7028
12314
561
10047
12332
1276
3190
9885
7906
8421
12551
7800
9745
3775
920
11818
7086
4389
4209
10467
6799
2824
11020
6865
617
3338
3456
11974
1415
1922
10016
9396
3850
12937
5923
11941
10841
3908
2771
7312
261
6444
11946
6607
1493
7994
11731
6622
11757
1801
2651
1179
3745
539
6772
3368
4736
2001
6805
6866
7268
8834
3066
12709
1090
3254
9499
3910
4058
5763
12439
6126
8823
2200
7504
376
11197
12575
12590
6870
7893
10242
4110
8326
6426
10393
12360
11155
12821
3508
4451
9097
1026
1338
10453
11607
6889
10043
5370
3331
12616
2310
2497
10237
4075
6701
7975
4060
1945
8436
6641
5876
10278
11313
4671
2188
12671
1124
4991
11429
2504
5360
3089
9237
2321
6505
12383
1981
6102
11389
8138
2003
3922
1524
9190
11385
12694
9649
5627
9778
9207
2569
9510
7848
5660
7447
10334
1598
6605
5195
711
6131
4792
6841
7451
7643
8678
8729
1803
8118
10590
6768
7700
1984
2245
2505
2619
4621
12343
1603
2119
4681
3409
11875
1466
7961
5711
4758
5377
413
4033
6129
4892
6472
2355
749
12935
4350
5535
6412
1593
11053
9882
9642
8577
5496
10967
3585
10349
6032
9193
286
37
3622
12251
143
2377
1961
7365
7982
5245
11093
4728
10551
8807
896
7300
1189
12236
9192
5675
202
4420
1416
6204
6030
9523
10847
6567
5154
5606
2359
5082
608
7885
1589
4096
679
11098
3480
4759
3842
1637
8959
9665
8500
384
4323
1475
7846
1341
4566
10949
9968
5119
9774
11706
7807
9456
4473
9963
6341
3040
12074
9941
8259
5300
585
11159
452
12028
2096
6046
7181
1835
4580
12842
6980
3675
11581
834
8698
2324
12706
10698
1016
5625
3774
10676
10042
1917
6015
5252
9666
34
9118
6013
6626
580
8769
2059
3558
3789
459
10826
258
6458
3860
10755
3258
6540
168
688
12276
9873
3011
1066
3556
2058
530
9852
8741
7662
12845
9274
3460
5885
2164
7348
11595
3681
8518
12649
12022
144
12226
2336
3423
3113
11503
10228
11882
6658
10803
5601
12761
10535
4864
6591
9409
6064
5488
55
7257
1393
9869
1989
4006
5571
7262
7940
10735
10013
2645
5973
12079
10765
10706
11605
8773
10859
12411
2659
11522
9973
5949
3728
8850
11549
1573
2965
6085
7877
4787
11097
4197
1676
1671
5200
5255
9994
11766
3582
3916
2995
3444
7347
1717
1296
1274
11687
4976
8084
12932
606
4723
7352
5349
6885
1261
6873
88
9773
10944
4993
9866
4563
8568
10795
511
74
7065
10092
9064
415
7713
995
71
9691
7655
8427
3142
11953
2130
12116
2588
3358
3104
12129
2044
12640
1700
5432
7750
1756
9293
1528
2293
6530
4604
6243
95
8053
2165
10302
1095
9753
3569
5575
3893
8872
7143
9439
4305
8572
12234
3716
1116
5126
5144
973
11626
889
1157
4697
10540
4273
5560
4140
3825
5193
9937
10116
4224
3881
1373
519
3221
7411
9756
8820
11545
4440
888
5691
12850
11988
8080
10725
10921
4194
9449
8022
9294
7467
11207
8432
11490
6551
10046
12970
3980
2419
3674
2677
11935
12924
6264
7441
9974
6643
6584
11567
9934
5874
1590
10028
10363
6712
9222
12739
4052
5075
639
8145
2689
4475
9780
3393
9932
7366
12855
7204
11553
6479
1735
9397
8791
6507
8238
2411
1474
4229
9547
3324
7974
10180
2633
6732
10381
28
1668
3857
3584
8513
5462
425
2482
9229
4536
6855
138
7796
4191
1957
10544
8480
7088
8263
8299
354
90
6143
11219
4015
2357
5112
3732
7051
3787
2234
7288
905
963
7434
7371
6550
12961
12632
4003
7956
3829
4726
2680
4975
2873
6823
7167
6869
5507
10073
8965
12277
7087
7542
306
2157
8799
1651
5830
3526
850
9790
6349
10565
3166
8805
4182
8360
4308
11103
10779
8167
7697
6945
8920
3438
10520
85
10345
11788
9368
8085
1241
5647
9651
11124
7154
763
10478
9834
4310
277
3243
11141
6657
2405
10049
1112
3769
12259
5080
8297
4667
2043
3882
9123
1579
8025
4639
8606
94
12729
6330
5818
12175
12896
2915
11566
8930
728
8292
1386
3206
1597
10903
11305
4640
4432
3050
5854
5574
5723
3772
8231
10623
5264
5364
2802
4725
3533
75
2828
2878
1937
2615
682
11787
417
1169
1896
5263
7631
9684
5041
11174
11672
10584
4691
4500
5391
4402
10138
11617
1387
4297
461
7966
7083
8603
3238
9473
1582
5292
409
10886
6329
3413
9770
11976
6890
4842
4533
11431
11195
7584
933
12565
2657
7844
4687
12133
1719
4107
10333
5328
11910
8707
3903
2708
10146
10699
2805
8044
7546
3117
8604
4193
8521
10713
8602
9736
5034
2512
11586
3805
7472
12387
5880
7551
10669
2669
49
775
10853
390
3494
4880
7176
6281
11055
7716
4983
10249
8351
991
6828
12252
12217
792
10244
4091
441
2443
8442
3323
10485
9419
5753
10819
5225
10586
8369
929
1923
2485
7033
6112
1082
7412
1111
12176
8692
11834
3013
211
12504
3593
9119
6974
3816
10529
12702
9232
6033
12647
7408
392
11871
1291
6694
9562
115
2145
9628
11328
4588
9311
5793
9611
4404
3225
2560
8406
11186
8755
10849
1354
11393
4180
8832
12921
3098
3318
4005
6261
10528
12061
11280
5064
12764
9181
12156
12954
318
4589
5299
11500
4495
9505
4831
4502
2149
8664
3151
5525
4705
4565
10416
5135
12145
12513
4405
11992
8766
1069
6846
12817
3673
9977
9489
1380
8035
11283
1412
1716
12717
1525
8525
11998
10408
11973
10812
2894
1789
12464
4945
7861
8261
11019
6914
10876
806
7801
5294
1832
11415
5884
867
4373
3280
7455
11703
7324
10952
3395
12207
12426
8062
9460
5354
10744
9361
2836
9383
4249
7674
5337
10616
9970
2641
3240
9580
743
9002
7457
1010
8946
5532
7625
11658
9084
7015
4614
3180
12126
11775
2022
3360
12810
3520
865
7188
12608
713
5621
4131
8831
2750
11789
691
6790
5223
4579
7062
3843
2205
4009
8143
6944
2116
7687
562
12518
4753
6655
7726
2
5659
8742
3905
6284
2155
1153
11504
9692
1431
10177
1383
1251
3631
2792
8444
6858
8542
5835
65
2416
12581
10069
1081
3068
8117
5934
3320
4779
12743
8479
11820
4650
11370
4315
12190
2313
807
4000
5596
132
3118
2871
8157
4266
12114
309
11830
6935
582
8507
2180
8109
6736
11655
10762
1555
11453
12547
1141
8587
9545
10892
10262
1980
3031
5499
2797
4585
3535
9269
7379
3686
4038
10240
10156
6616
4016
5658
11565
7946
4177
9244
623
10011
7590
3400
8191
8428
7503
8201
8488
7881
12877
3543
4729
7889
6316
12992
2491
5898
9213
6467
12906
8506
7357
4570
7390
641
1601
5151
10418
12554
7833
8951
8891
9859
12886
3493
11721
651
6132
10417
3209
9557
10026
165
716
1586
7540
9272
8938
12059
128
1448
513
3482
3152
5373
8705
1910
7052
12307
2078
12389
3858
10456
6709
8777
11281
12325
7939
6500
11288
6113
8695
2567
4289
12041
6573
156
8924
2682
3101
1137
7477
7077
2944
10924
8878
7133
2451
12985
8913
2710
6455
12317
6402
10172
10941
10550
4558
10502
1697
1020
8333
2827
2694
8961
9820
5326
5619
92
7604
5866
8282
343
4226
6340
4132
642
135
6795
1730
3203
7880
6216
3433
5131
7945
12975
13011
5141
9423
9411
6257
6475
6190
5074
4070
9070
12327
1491
2810
6042
12811
5408
3823
9842
364
9698
8078
6357
12470
3542
10659
11249
435
12941
3636
11202
7491
10430
10537
9434
2163
3122
8484
11468
6053
8425
10585
9130
8255
10110
12682
7620
4045
5988
8903
1871
2177
9606
12952
11046
4711
2474
9467
126
7130
2785
8385
54
10874
7471
11494
8827
2323
6656
7431
5652
4164
1214
8654
12751
6137
4403
6403
8311
5068
9798
512
10684
6680
8565
4441
5190
5091
3512
11720
4612
11773
4294
11579
3365
10131
11694
2692
12803
3943
2508
12055
5931
12599
1502
8607
12806
10809
4283
4844
927
690
3140
3735
12915
1761
1411
6377
2121
320
5466
10757
7275
10864
9926
5165
2794
9540
6649
10327
2732
11357
11354
11825
3383
10763
9944
970
8514
340
12033
2212
11158
4904
7012
8896
3007
3201
3814
8788
389
9624
8651
4798
10902
1718
6954
4910
2971
3715
6684
8898
6666
405
1914
1060
777
12281
12120
12867
6556
12757
4129
12571
3746
3253
10257
4244
10303
9527
6414
5663
8884
5650
6193
5935
5029
10996
8598
8036
12240
2292
5234
2992
10446
3311
4138
8958
5774
11034
6720
5979
4768
2495
10839
3459
3544
11441
732
4636
9344
3250
2070
6820
7967
6919
12498
428
9599
9775
7803
8776
6642
6836
2879
2160
12425
7383
2957
11358
5321
9823
3296
956
10581
7941
8267
9446
8247
6740
1467
11105
4805
2385
1330
6123
603
4109
3058
2770
2244
7314
885
11513
11648
6798
1207
5860
4321
6986
6665
6464
9819
6612
4829
440
11000
11165
12895
4847
6346
7638
9412
11310
6946
6675
7297
5333
209
2976
4231
5799
7965
10660
11348
4446
954
3588
12704
2389
11674
2230
3020
5142
1294
870
4286
7635
7711
9355
6337
5315
3862
1074
10599
5668
5749
5220
6051
5710
1709
9595
12267
2687
9308
4162
7230
7894
546
6545
2851
4804
841
7381
188
1139
10448
7920
1695
12247
7717
7002
9721
9390
6513
11298
3176
4259
7103
9520
12150
3453
2150
10077
5324
4964
826
2511
3023
5501
11938
2484
10617
12452
12686
6130
2067
3540
4463
10882
1674
12405
6356
3407
9249
11405
9638
9245
7589
12986
8257
12539
4061
5136
12185
8732
504
6003
4770
2051
6532
10018
3697
12805
6779
9502
1647
6837
7340
6783
217
7353
8941
7664
87
12909
5964
4906
721
9620
1270
8495
626
10483
9018
5278
12563
4848
1240
8419
3316
1764
6832
10443
2684
12515
1865
9676
2178
7789
9427
5648
9129
10195
1298
6978
7792
6838
7147
1680
11709
4316
2866
3711
4026
5505
6996
4511
6995
7141
11135
1567
11290
8881
12807
3872
7749
10341
12496
7730
9728
1486
3245
1457
563
11730
4023
4455
1873
4158
3135
9015
7014
8099
8418
10929
2832
9939
12313
8001
3072
11285
10330
12612
12293
2804
7363
6073
7610
789
12043
10711
6634
8779
4296
8905
12451
1560
10266
6158
8284
18
8645
1036
6615
8393
6802
10074
12763
9738
7271
10412
7505
3267
2065
8538
5280
11887
9504
5430
5054
5842
10463
4444
10612
10006
10848
6041
8547
12710
9831
7948
2424
1262
11099
5384
6624
9802
5879
8894
12635
9200
1117
3596
5120
12826
1782
943
4556
6629
5521
12967
2337
6588
5414
5958
2423
3110
78
4049
10213
3824
12494
4822
2018
5021
6510
8608
2541
7860
3369
12762
5181
11994
2726
7755
8750
1797
3143
4174
11997
12905
5044
11338
8704
4875
12228
650
208
4112
797
159
4527
10437
7074
5303
2518
11423
4757
1039
7072
3337
5058
8482
11710
10942
11707
6762
2987
1477
6647
1792
490
4055
12058
1275
8279
8041
3262
951
5563
263
4368
6097
366
7984
3416
2718
11146
12945
10666
11847
11585
10379
7936
4163
4801
1403
4601
7158
361
7500
2853
3231
9210
4411
8218
2492
12841
12083
8932
12712
3450
3108
3165
1694
10427
5805
4483
5543
10479
5150
11913
11529
5355
11951
5469
5051
4610
12802
9319
11928
9117
10559
900
4931
4902
8591
6991
2440
3552
11220
7208
6877
10894
2173
7219
422
11102
4545
9277
7923
1310
5640
3638
5097
9999
12750
9835
9156
3741
12862
449
7251
4019
4074
7544
7322
311
12073
9614
856
4175
2501
661
12765
5070
12479
6906
2370
5552
2328
6035
12002
706
10900
769
3269
899
2635
10304
10031
4777
8526
7605
10206
12406
10411
9870
9317
839
6504
8623
8725
3264
10545
8868
10722
11629
5052
11421
12232
12136
5646
11261
10215
11008
7393
8672
4894
3321
4304
4361
8770
4410
3896
118
10788
8611
2457
9747
12594
12290
8377
10409
11501
6824
4064
3348
2758
3473
1402
10910
4087
4386
7171
112
6155
10984
11944
9164
9320
5450
12781
8622
12334
8982
7827
9795
9697
1959
7630
3925
4474
12891
11728
11157
8412
2932
7493
8901
3334
9844
12020
4590
7873
9268
8857
13009
2525
768
1384
8863
5735
11036
12903
2459
12
12514
2793
8840
244
11510
12639
12780
332
10224
8352
2741
3722
12102
10628
5434
2127
11840
3408
4196
12384
391
10494
7942
3200
8557
7466
11464
1425
10406
5878
9783
11958
1993
8911
2025
9428
3270
7914
1470
8968
602
1067
7328
3212
4877
8809
708
578
6413
3336
3899
10316
719
5380
12988
10321
1683
8079
7988
243
9690
3855
7092
7200
2840
1216
471
12865
11769
5694
7301
5764
3107
5302
9316
9215
8900
8800
10700
12382
5957
3197
11970
12436
11760
10981
7084
1264
2653
1924
4567
551
5657
1029
4056
8049
2084
8757
9710
4965
9664
3727
4946
9961
9433
474
7973
8004
8540
4034
4488
9887
7979
436
9448
12589
10611
3803
1996
1874
9216
7264
869
2719
1220
12266
1566
12672
10875
3432
8046
1752
12742
9590
11972
2103
6614
2996
8197
4349
10990
3669
2886
9674
8249
6253
7559
10060
10119
5569
12557
1303
11432
2213
6005
4136
4111
9014
5896
12036
2774
12045
11333
9767
5348
2813
10566
11835
6388
12093
7172
10531
11315
2283
971
8434
5363
12006
5790
7535
8739
9144
2021
7489
10471
4190
6366
1284
10830
11960
12687
2353
2776
12659
11060
2238
8609
7738
4354
7282
545
3293
11267
2069
4092
7767
139
8205
876
6090
5240
11921
11271
871
3663
1787
10766
10899
12081
6226
4505
6673
720
4953
10914
4730
3883
3545
4722
5330
7770
11821
4943
7392
3208
1747
4322
10872
2612
11823
6568
1349
4274
2924
2327
1333
8862
9153
8674
6993
4750
11301
411
4860
1895
2906
5428
8797
8633
7743
11716
3513
1138
1248
9730
11426
1824
4339
2083
1539
9405
8441
6668
394
7762
1235
8665
7621
10348
2769
11241
2263
10070
712
3379
1292
556
2345
12159
12064
7808
3723
262
4633
979
5548
10178
1342
8660
12105
7912
10141
8217
7916
5008
2800
5309
1921
10988
7280
8248
10421
11483
11296
11222
572
2300
12956
11652
9262
8828
3074
6106
5461
8969
9709
2740
2358
6183
9629
1077
1400
1658
12326
882
11495
6759
11106
7666
7178
3022
3889
3346
3299
235
820
3314
12282
10817
3725
659
12971
9725
3075
259
4476
12609
6867
7733
9634
3575
6902
5517
7402
8165
4114
6307
2191
5797
11491
5502
3428
9715
3614
11748
11794
2111
9897
10879
8153
3039
5746
4794
3475
6393
8470
3247
5314
8277
8880
10971
82
6544
5927
8624
1325
4255
1114
3038
4238
8713
7071
3737
12572
9305
10169
3949
3018
6719
4205
9680
3528
3037
7729
2712
301
5641
1182
434
10764
11618
12031
365
10761
4800
3229
7279
9492
11683
6515
3650
7169
8127
6814
12560
12205
4021
10541
10883
2744
7817
10089
5290
5595
5997
11154
8026
10525
4832
5215
6237
2973
8546
9678
11661
4921
11472
1725
11
9548
11637
2549
1679
5385
12417
2543
10936
7136
10184
1963
10507
12573
12339
9707
4051
9258
4381
7368
12431
7440
2814
12641
274
10103
5019
9
3286
7574
11406
3283
11873
5579
12922
3097
6382
4133
8295
6223
671
8382
372
10653
2016
1733
9734
3691
2453
2964
11560
2573
5871
5390
1406
11016
742
11807
3030
7971
6816
1197
8239
3572
5007
10679
8489
1135
942
8171
4494
11042
11428
11555
11128
12262
5066
4868
4821
8858
4169
9046
12778
12238
4972
6613
5674
940
5551
2227
5104
3726
10081
8324
8045
6912
8344
4202
7497
350
2221
5681
11924
9872
8792
3326
1881
369
1121
9406
9808
10517
3183
7732
6396
3139
5410
1956
1217
5897
6688
6693
4897
9030
3744
8996
3659
11345
1926
10319
10075
12843
4491
3982
2660
12454
2053
9133
3961
10758
7243
9679
9976
6947
4881
12049
12119
6788
10965
11063
1438
11134
507
1042
6856
6484
8083
3328
1541
8775
231
9079
3003
5497
2817
3468
7310
2092
5785
9952
10601
4619
10233
12788
632
3226
1024
722
5671
10993
7007
11533
4400
5416
2166
1004
3446
11260
2980
7299
11003
2404
8162
4367
961
7496
2500
11738
3878
3388
12718
4544
2697
12478
1423
7840
12177
11240
7410
7105
7754
4139
12625
12056
20
10318
8342
8726
2972
1002
6365
4646
6542
3164
6553
7114
5820
3955
2748
11449
9594
10677
6487
11534
2475
10927
5339
6789
1226
2647
4084
9739
10594
12620
9093
206
4303
8463
12011
3081
2930
9871
6839
6989
3086
8240
1979
3130
3084
1612
9641
1690
2617
2943
11193
12353
11025
12819
3937
10940
11478
11498
8174
12135
6057
2290
10199
6692
11203
1997
12791
11018
4724
11771
9297
3767
12475
10171
101
1379
1547
5479
6943
593
6941
12848
9924
762
5929
2735
6117
11266
1659
6321
6172
11492
2561
11074
7063
10925
12586
3437
8244
987
11702
12627
3355
7247
10868
9822
3313
7689
10821
8233
348
11934
7240
11896
5807
5706
7380
875
3008
9579
2361
4583
1498
1715
4256
6374
7969
12112
2730
5288
1055
8130
7710
8345
8960
8184
1391
1381
6611
8778
8486
4396
1130
9538
3059
5196
10861
12184
8396
4665
4203
8318
8819
12673
12552
7490
12832
7323
3640
5138
2381
8653
6763
9589
2123
3818
7990
4755
11004
10440
4002
6277
12168
5101
6767
1249
9856
9517
8012
12047
4873
12278
10204
7816
5323
9152
3611
8531
3415
11375
3874
12352
1152
6157
11205
10012
6742
726
6511
151
12948
9278
11254
4932
11698
5515
4363
5811
9339
2368
9254
11095
4635
9150
6575
3219
506
5824
8710
8317
7276
3507
10484
8329
4790
12556
7127
9635
8663
7944
7337
7698
790
3230
4539
7409
3717
12487
10372
11929
10796
12110
8194
1200
10919
11673
5881
10851
8688
10878
8381
291
12879
11049
7658
3995
12881
3325
1399
2966
9791
945
8886
3017
1225
1239
9907
12939
3692
6809
6807
8139
809
12328
10481
5261
1375
11592
11458
7870
937
4171
9292
11100
6068
7488
1174
10772
10445
10840
6077
10709
10164
12655
4285
12201
8125
12029
3567
828
1408
7355
7066
4550
9719
9017
5146
978
1638
403
9342
9004
8154
1713
8764
3967
793
8219
10407
10895
5713
11081
6384
718
12735
8123
3926
8455
4142
3522
6535
11346
4448
5489
2979
3583
5016
3443
2695
11861
2983
1673
11867
4867
925
5071
9768
7799
5642
8529
897
5887
12391
2151
701
2550
3907
4121
5817
9491
12428
594
1198
5993
10648
5033
5368
11980
10269
12077
2454
1583
10831
1426
5320
10734
8379
9881
6359
10027
13010
8873
3680
430
1976
1208
10085
2956
4116
307
12978
3890
1569
3704
2037
6370
12320
5338
7993
3884
5843
8754
10225
5947
8380
8048
8616
12427
5037
2717
695
12699
8386
8072
11140
7549
7705
7245
3306
3571
7287
11542
6514
9724
4574
6897
2326
4228
7839
9737
6138
6652
6317
7753
5849
5980
9807
12305
3304
11223
8875
8649
1204
11287
2514
2256
4300
9175
6601
2294
5421
2004
6592
3411
3189
9332
1395
7100
6557
12566
7394
5389
8129
3885
994
3491
2386
2425
280
1480
2749
8415
11274
6597
12499
2011
3516
3678
11488
7476
10745
12828
6618
9109
7395
1675
6892
1607
7813
5610
8013
3954
6576
9797
4879
4307
322
5978
9490
2820
12270
7008
1326
5470
10823
10909
7336
4329
2137
3182
2211
796
8355
11793
6757
5379
1038
3657
9591
10926
9610
5386
4934
7890
8680
2935
11796
2421
7650
4949
8446
665
2861
10569
12911
5709
11149
3913
8131
8897
6202
3966
10738
4933
10324
4280
1838
10519
7093
10399
10023
8558
8199
2830
2410
4417
7224
1512
8029
12579
11461
8163
4388
10423
10109
6863
7821
6004
11028
3834
6151
5846
887
5226
11819
5285
6777
4054
2089
9550
8700
9581
6423
5564
11588
10466
9558
7168
6648
7192
5545
6371
5284
9758
3350
10873
866
12846
12151
5814
6485
4189
4442
3689
6248
2007
532
6081
6821
1068
11079
12680
8254
5522
7567
11462
5452
3527
5956
8466
877
10916
7032
4555
315
8595
10647
1398
5664
1008
5738
9407
4157
9630
6546
7878
10033
1143
5185
8140
10353
10450
3088
4479
8758
12678
4351
12348
3168
2372
6146
4032
10133
10771
12920
476
7805
7986
2640
4379
2959
1501
3615
6468
4208
8196
10562
5118
2911
8081
5248
6115
8200
9148
5712
1605
4369
11688
6722
8715
10082
6010
5727
11344
12046
4564
7602
1104
5762
800
7027
6133
6811
3375
8922
1729
5109
5510
6934
304
10516
10794
601
6429
7485
2172
12297
7830
7865
4694
8266
3601
3932
7057
11826
3710
8126
2554
5086
9583
12523
353
10194
9191
10708
6099
12882
2255
7616
3045
2917
573
1880
6229
10281
7284
4857
11795
10739
8950
6156
12274
8374
717
10272
11891
11940
1616
6826
12695
1556
1159
2618
2473
351
8614
7528
1915
2503
652
12933
11663
439
4927
6007
12838
557
7205
12318
3354
9796
9147
11558
11412
4489
10937
1011
8452
5156
1171
10332
9556
10358
4955
4599
7727
7774
2042
1826
3172
11967
4050
6199
4298
7810
4437
7248
1931
4435
7766
11813
3918
6425
5718
1543
12890
1252
5828
3626
1316
3810
11356
3840
10153
9085
7719
10726
3278
3924
8771
386
7823
2585
9607
3006
8893
890
5732
8287
9723
7637
1728
9058
9534
4422
5865
12087
1105
12752
2564
976
3232
174
6808
12214
6677
10741
7432
3181
12621
11768
12269
1158
2596
7124
12914
8517
10595
10522
969
11390
6241
11164
1563
8639
3133
3106
2243
8243
8340
8498
3461
2035
399
7811
7278
2862
4345
84
455
11810
4928
8040
6670
7720
2232
7170
7391
3719
6446
6103
8505
8433
7614
4675
11905
10489
510
3950
4584
10930
5073
9139
5734
2789
8859
11252
8966
7826
5612
1028
8181
11201
6018
2050
12261
80
12859
3284
9998
11957
3301
11384
421
4461
10158
4024
11649
12162
2207
2601
12203
4944
10019
8298
3111
8563
10219
8172
4578
9328
275
2088
12230
7006
5858
4509
3749
1176
5036
4292
5737
5056
4591
6840
5394
6988
1504
2438
6283
9985
70
8731
8457
1712
11660
7120
9875
7917
226
6094
10663
7452
4850
12747
1613
4683
1960
4247
4018
6089
8392
1620
2332
8366
9186
6853
1357
2496
7515
9111
11802
6882
11351
4571
6437
5692
5859
10051
331
4004
1992
6114
9940
852
2477
8135
12258
9045
3277
2855
638
9600
1941
1831
8365
4314
5192
11598
2138
11621
9131
36
3577
4143
12082
11920
3709
11634
264
3699
120
12600
7311
8178
9441
3382
12447
11982
5089
8509
9554
6724
7564
12273
10468
8895
10480
7270
12467
689
3751
3131
4546
5017
10088
2698
207
3347
5022
7463
8180
11939
5495
11211
8449
3618
5751
1587
2833
2690
815
12692
11161
12592
7657
10145
7768
2603
2085
4275
6074
383
1165
7294
10458
8599
8461
4218
6116
10643
11130
5848
7660
3729
881
1503
7868
9966
9764
10905
8504
2048
7976
4956
248
4337
9613
9281
7225
8527
10578
12275
5917
11043
11037
2757
11446
9261
2614
8493
4747
4761
2890
667
11422
10125
12321
10607
760
5110
483
10651
10230
11539
5268
9851
4124
1669
9992
6667
9793
2707
9903
12292
5728
8851
10425
5585
9951
10294
907
10397
8316
9561
6376
5832
11401
8734
8679
12076
5343
2526
5707
1194
9474
7005
9410
1538
3546
5533
10080
8992
10736
8839
11657
8185
1811
8288
482
3750
10843
9404
9990
5378
4678
3154
1776
10181
11952
9422
3609
11214
4516
8843
8853
3796
5624
9656
12161
13008
11138
12097
4141
6562
944
9854
2621
7079
3377
1103
7684
6038
7013
9615
3811
5567
6942
4708
3025
4313
10220
7495
11225
6019
9936
7484
3561
12370
8363
12738
6499
12092
2904
8413
12291
9646
66
5974
186
1446
5645
10867
1417
2587
6411
247
9669
8039
10710
9307
11528
2582
2034
10045
8677
10814
8160
12657
9488
7642
697
12654
4086
3901
222
614
7498
2553
2699
12628
4046
2725
8450
1627
9040
7814
3071
8307
2721
9493
454
10604
5092
2559
9708
4236
2369
11832
3174
5316
7359
9943
4952
11714
12836
1209
1297
9116
8759
10538
10674
6987
3447
2033
7534
10428
6200
3815
7933
1245
109
9718
12257
4648
5038
2403
7436
9301
1500
4638
4035
305
8620
5393
3565
4168
3685
7587
5819
7475
9418
12104
2394
314
12910
5419
12446
6879
7561
9211
1364
8912
3029
5319
467
2764
9846
11969
1692
12864
12187
1343
10218
8322
5327
9726
9053
6871
11289
11932
9763
32
3343
7832
4115
7553
3627
1150
10705
8305
6940
11057
998
1183
3625
9223
3647
12030
10835
3763
8724
6689
8458
3463
3035
10661
2087
11792
1454
12797
11113
3988
12530
2773
3297
2628
12516
4465
12180
12677
8730
1404
12610
3497
8091
3147
5204
12012
6469
10985
6898
2379
12990
5594
3736
2578
4248
6874
