983
10670
1987
5147
6963
5960
6695
6569
2731
10210
4325
10701
11110
3387
6805
11339
9168
193
1748
8705
10185
2675
1858
6770
487
8909
8794
1175
2449
4680
12727
11878
9226
4968
397
11853
5940
10897
2202
5587
7554
10720
6566
10896
11846
6754
7123
4702
7791
3833
1447
8391
5381
5085
11654
11604
12617
1551
6180
3902
12769
2201
8362
5512
3485
9702
6104
2705
12021
2648
655
1247
10645
3054
7104
12959
8669
2060
2921
7935
2392
6589
8006
10626
1297
588
9800
9487
9656
543
7351
11236
1027
5335
5716
3880
12536
11624
10959
7702
1205
4319
1423
1007
3131
11471
9204
2988
10718
4485
6185
8697
12578
10838
4738
7693
10063
7232
12311
9015
6070
8359
6075
6934
10525
3062
5254
3765
7867
8975
6602
4008
11214
2718
9839
10553
6392
4338
8360
5186
4664
12994
8410
7026
4353
7019
6855
12755
140
8832
9029
9123
9488
9670
9632
3762
8377
12221
12523
7180
10066
7642
7406
5545
2195
12090
9916
240
5485
12340
3345
1361
1741
4477
10921
2040
4771
4926
7287
613
10582
11208
11779
12591
3677
5933
4136
6764
7872
12240
11211
3093
7908
319
10454
12462
8685
3489
7548
5438
8263
1782
6765
5422
2464
8043
12410
8486
4128
7679
1633
8674
5250
11524
3797
11162
6965
5279
5137
6860
12035
8644
4543
7212
879
12467
5495
2704
2114
3894
2978
6082
11265
4717
11947
1328
1416
2841
6543
4713
8861
3606
10223
6065
7459
4368
11333
3468
2761
5040
3157
10873
10245
4874
83
7137
1806
3941
5553
6749
8540
7063
5402
12599
6487
11410
8499
4835
8282
6179
12825
2246
9577
4781
11705
6747
6982
8524
2919
7052
1599
12343
3532
2014
5227
8234
7583
12731
11936
4826
6753
11080
12650
9378
7195
10789
11043
1944
2857
12630
3465
6201
1140
5670
3065
1779
8642
9482
12866
12351
544
8622
3108
11402
1469
7133
4746
4243
5686
10447
4823
7211
8202
8025
10167
4386
5890
1885
4755
115
8605
10207
10246
1238
9409
6255
2520
12016
2207
7509
794
8790
577
8054
10056
7243
5559
11790
4997
7276
10955
11601
12926
5543
3623
1271
9563
7795
6740
9703
7527
7274
12483
10584
185
10413
7694
7131
9455
3552
949
11032
11279
3195
11816
3073
11097
5501
3724
6718
11952
9599
9726
2774
9050
11118
5987
7819
9618
11074
11899
10224
9357
7659
10480
4497
7660
2336
5711
6629
9416
3542
11039
11261
5055
5041
11702
9819
9743
9734
9193
11955
356
11781
1627
4894
477
8777
5240
4906
3491
12826
12869
6637
12919
9180
5941
6014
4064
9085
11993
6904
9249
11798
10635
7099
4207
3143
5775
6666
9349
6213
12412
10809
4932
1898
2994
4946
3026
11764
8441
274
12361
9852
10094
11348
8728
6614
5849
12089
4153
6273
6604
7394
7823
3102
4705
11550
11114
6920
9989
12375
4952
12742
830
7203
2707
10155
11685
8018
6979
10996
82
500
7742
9598
3849
8408
10315
8461
1766
2500
1589
4293
11045
3490
11493
3794
5571
12372
5656
3726
4839
11185
11179
528
1793
10724
4342
12902
11024
1777
1675
2108
656
989
34
11793
253
6511
8643
6
10712
2660
2502
7147
7085
8460
6779
7409
6788
9327
4551
9740
9344
7427
9460
4575
1294
5389
11221
9299
9303
11823
8097
2984
10650
9808
1179
1234
9111
2846
10526
1356
9651
1655
11962
10474
4853
11264
8910
7955
12579
3648
12608
4651
3191
12674
9760
10517
5163
605
5804
7362
6388
478
6387
2227
5801
10908
8259
8889
1827
4947
11669
9041
7534
241
8256
8989
10811
5153
10500
5318
463
9530
3995
4556
8828
1454
6283
8072
9456
3766
9287
9371
6645
3429
8273
4526
1667
2790
6545
7573
5786
5127
12955
7519
7485
4793
12572
9379
10561
6472
2093
11627
5720
12922
7993
8781
9660
6899
11247
1370
726
5207
3712
3211
10696
5015
6586
12229
5179
2785
2054
11633
11672
7956
4829
3013
11345
1388
9984
9958
11281
733
10776
5343
12535
10386
5619
7881
10378
1583
3111
8009
2192
1405
9597
7610
6224
443
10292
3921
4126
10154
6915
7853
6109
1313
10022
3616
12905
3053
8566
12466
2334
2608
10247
11678
2418
9589
8017
6675
1614
741
5351
3288
1014
3814
8960
1421
11777
1546
8270
9813
4130
11641
4423
189
8241
3121
10407
10570
12670
12734
1426
9009
5908
9453
11849
10754
310
7239
10192
194
3651
2254
2417
1796
6952
1841
12190
12933
7869
12592
3455
4762
4967
11727
6385
12797
6888
10729
8365
3271
7008
6101
10120
11209
3701
5853
8734
1969
10581
11213
4498
1859
12403
1451
3483
10938
4089
8903
7342
4933
862
9032
8119
11809
5539
6508
146
2156
10429
10604
4546
12634
9877
8559
6236
12230
6210
9695
10189
8597
10145
7931
4085
424
11153
5889
3161
6020
2457
3077
9966
7446
7000
11240
11905
9068
6723
6531
7208
9923
10748
7171
9854
7496
10233
2484
1950
9117
110
4331
5702
4616
1134
5478
6017
2981
3184
9443
9199
6760
9302
9648
11121
1821
2443
5319
11475
2206
6295
8333
1302
380
3482
7641
12405
9197
11516
11131
45
2652
9633
9536
11974
4869
6967
2265
4380
11874
12394
2941
1620
6117
1237
12121
1160
2938
9616
589
9870
6360
7532
6156
7805
6321
3643
4861
7716
11909
11914
6450
8590
3070
5913
6260
8613
12660
8091
10059
7389
10057
30
11271
2572
10249
951
6633
3670
456
5374
4758
1129
9339
11860
7229
2949
1216
1094
12863
4103
9434
4154
8458
11968
8413
6018
10636
10531
7929
10161
7105
7553
7561
1102
10965
4316
6817
1063
3599
6306
8698
9668
979
12290
6251
8770
4531
12522
1805
2184
9174
7650
8257
8177
10719
5614
8819
2888
8979
10250
6867
9183
7906
12260
8251
10520
125
3385
7535
12937
11107
6221
4324
997
9803
11778
3261
796
11243
4057
8531
669
7927
8782
11403
8704
12726
9779
8991
11303
11925
10624
4511
3868
3753
6685
1523
3341
11400
10849
8976
12480
11363
8687
1606
6298
8571
4534
8364
11407
9926
9341
3117
4393
953
2711
8815
3881
7953
8652
12970
9036
11799
2997
3279
10511
195
8233
1904
10461
8562
11386
6188
4490
6874
5124
9826
4107
10783
1109
11919
8110
10891
4597
3296
1156
8181
12013
5027
7866
1383
6245
6378
7231
9907
1126
5095
8650
6527
5024
10885
1158
5362
2810
11786
20
9833
3508
8136
11561
2347
9855
1142
1220
955
1055
2474
1515
10859
1517
8029
10857
5579
4169
8228
10004
12992
8884
2672
263
8676
11539
4712
375
7421
5672
7404
5850
1203
1569
1699
5001
2832
8274
9603
11262
4261
12594
10577
10600
7361
2685
3394
9679
11416
10628
12625
10334
1448
1956
5449
5045
7089
10326
11083
7021
11629
1358
10136
12781
11661
5840
873
2106
7590
1949
12524
11465
9125
4239
6291
6232
11480
8137
7397
9802
7544
6691
8535
1993
11792
489
10566
2600
4248
6862
8893
16
3915
1276
5424
4183
2719
4156
147
3422
4466
12945
8780
9849
5042
2013
9106
2365
6308
583
7773
3565
6041
7803
10971
649
6080
5552
2515
6407
1215
7774
2059
6847
2990
9587
2204
5916
10000
5130
2016
4024
751
7990
10255
8468
8450
6720
1385
11066
2139
2895
10471
1498
11210
1650
12299
5888
4916
8313
5483
3940
6724
7205
8207
12358
3044
232
12786
6687
1071
2379
2833
4452
11488
1503
11084
6621
5265
1568
2982
2538
8984
754
8140
2548
1172
11304
13002
2505
12298
12777
6833
3735
12838
3178
11530
5233
9432
7183
4949
325
12852
9574
1966
10579
12720
5665
2326
1093
6010
1789
9667
5016
8801
4450
11134
29
807
9829
9116
3866
8712
6643
10286
10178
7770
12219
1881
2466
9959
1647
4809
8537
8796
13003
2364
8714
7341
2536
12969
9752
8380
3289
6510
10015
6326
6304
6358
1656
2627
275
6022
7658
2055
9515
6274
4729
7989
9250
4730
100
7032
7216
3202
2499
12694
12688
6178
12258
6452
1624
12469
2104
5667
2082
10781
10639
4094
1897
9768
329
7210
1123
10675
5321
7654
5443
12732
378
5558
12569
524
7982
10659
3481
3274
3930
9722
6526
12214
4791
8918
4387
11564
4676
5366
12989
4003
6725
12830
6096
10456
9370
12656
9518
8662
10465
11563
2717
9567
8937
6085
870
12764
7220
6497
928
4020
10081
6411
11834
492
7974
5674
11077
10816
12944
6509
9678
7188
1905
4838
5301
1864
2116
3955
4824
11137
6705
1619
1439
10440
3808
10957
383
1843
622
3083
11145
7254
1942
11766
12101
2912
6588
10163
6083
8506
12463
3563
9109
11111
10726
9301
7461
12495
1816
1132
196
1257
10554
4125
1588
6861
4725
4099
6721
7130
7420
5306
745
2928
6496
9930
3781
4503
11035
10033
652
5004
5367
6901
7695
4918
9023
11094
8244
9666
4045
3187
8995
6796
8623
12210
7799
10813
12281
10041
4920
3283
71
6482
7332
12001
10544
10953
4695
134
475
10874
7076
1417
7206
9399
8476
2720
8222
255
11052
10481
8595
12242
12156
10797
2544
2842
2321
3023
3951
8548
10477
8965
3553
11497
1889
7112
1043
3219
144
10322
9507
12799
7501
11855
2102
390
6539
1409
12796
6972
6673
11803
10149
8919
4747
4283
2522
7145
4993
4516
6565
10567
11938
12564
6437
663
3146
12498
12515
5529
1725
4923
10198
1288
5854
6280
12313
7336
9435
470
5855
7882
6799
5063
856
6325
2839
4084
1000
8255
5784
7013
5356
10721
9774
3260
9937
11157
9580
2894
3700
6592
207
10737
4095
6375
10122
10931
12611
4213
5995
7915
1888
3922
10672
10549
3338
3704
4206
1531
11631
7843
4505
312
8389
742
1591
7238
5753
1273
7049
4334
5150
11838
3436
8577
3456
4228
2105
9474
12958
9938
6829
2382
3566
1563
10951
9239
12112
1309
298
2407
992
2593
6327
6353
12914
9830
6346
11385
9481
7898
2964
3122
915
4978
1245
12037
8553
7647
5861
10339
11740
1506
137
903
7749
4308
9246
9101
8671
224
3664
12140
6441
8935
12991
5226
12910
9062
12324
5386
7202
10211
4254
10306
3295
6471
11038
230
711
10734
7437
8906
7384
11931
12245
12787
12904
10673
4378
11805
884
9792
3097
5047
7439
3572
6064
5171
9986
11466
6557
2191
12789
6061
11638
4184
3637
10393
7999
5984
6838
2215
1731
8849
6804
429
12365
1988
8871
4162
673
91
11559
9430
5398
1435
12849
7215
4718
6033
12676
718
9793
11470
8337
12177
11617
1343
3807
8806
314
5461
636
968
2004
1901
5506
11082
9968
1906
10687
6712
691
8334
909
6950
8563
3619
12081
1848
3784
6265
5494
10415
11872
12637
8494
2284
4973
785
10168
855
4327
10475
9532
2404
3016
12934
1152
11930
5719
9715
11850
6463
5912
10408
6755
9754
6195
5576
7612
12007
6168
10731
11478
2840
6869
2618
3155
3682
12247
5435
4637
5384
4518
8193
10929
4525
5901
6515
10761
4625
2185
12896
7889
3745
4583
11854
10946
824
5721
4311
1701
7661
6261
6682
10203
6769
7179
6699
6533
5636
5364
3581
3234
6490
9387
11420
6259
1700
9983
1295
12452
5473
8862
8289
2875
9494
7879
10329
3369
10380
7800
4352
12723
7603
1878
3113
8702
5236
3974
9748
2924
5618
8670
1719
9189
5668
7294
10259
5830
8853
12873
2751
4457
5176
2150
11085
10473
6977
5336
1750
6743
7006
5763
7334
12119
270
10987
4104
11710
9365
743
11152
1059
8951
479
4345
2944
3050
573
11249
4054
5698
7589
420
3363
2563
8736
3646
9801
7311
3888
11549
3104
9934
10101
10014
7046
5247
4521
6063
2170
12349
9585
8242
12549
4650
11381
431
12652
11956
307
10252
11212
6287
8261
4141
9946
2740
7127
10434
5585
1717
12649
10231
8659
9837
5035
4177
7161
59
6027
8656
12776
12916
8034
4985
9472
1854
159
9307
4097
3516
2580
8349
6461
11158
1453
9581
4608
3002
6579
12406
9822
3856
334
7759
9104
11398
2556
12447
8076
6560
5133
3863
2658
5746
1321
6822
2241
10752
12951
11256
7284
9936
7129
10765
2727
6802
2097
684
12613
5834
12419
8607
3499
12215
3067
9312
12076
2024
4895
9081
2340
4830
2907
6896
8784
3426
6154
2610
7408
4535
214
6391
1029
1927
7873
7204
2005
1455
10822
5820
6988
12861
12968
11112
2343
11192
4192
7533
5695
1362
8805
6848
12184
10089
2985
4406
1477
10800
8474
7174
2375
9126
11467
10796
11331
938
7359
6135
3106
5644
640
12577
7766
5759
6019
31
5289
1576
9799
3439
8675
6890
750
1219
4217
4408
14
2844
6184
6276
6076
2684
3582
2006
7374
4653
3882
5112
8475
12687
4083
6394
1770
9903
12433
4176
1433
5957
5662
8012
12802
454
11450
7651
6466
9534
11034
611
12293
9258
2122
385
871
3144
2276
10037
11648
11389
8867
11598
5985
2346
10994
7973
10708
6309
5581
9657
11489
957
12979
6748
3519
6676
12237
10736
2057
4704
7460
4849
926
11285
332
9875
7027
5519
9953
12125
11293
1389
12760
8677
8561
2630
11751
3333
1715
10840
10100
3383
8834
9675
10758
11527
8132
12844
5205
11477
5348
11812
12268
9644
12915
10009
11927
11490
5766
9338
3759
9994
4996
9181
12279
7023
10844
9545
8667
6850
8032
10146
5224
12183
5792
734
123
5255
9593
9037
6155
638
4405
11116
10437
9479
9551
11104
9313
10263
10900
9683
7723
4632
2462
12446
11918
6999
5118
5785
11924
97
7017
2509
6044
6301
8574
5304
1559
9627
9273
6355
5724
11031
11599
12323
11842
6318
11362
6651
9782
12146
1396
8439
8726
3085
9564
708
394
2886
5821
7579
3305
9527
12042
4788
7467
11897
8028
4456
9006
7653
7680
4074
570
10424
8957
8064
1334
813
1661
12098
6528
4292
6286
6244
3705
2616
6086
67
8079
12206
1780
8744
705
10125
702
12138
4688
4836
12628
8406
10661
11321
8438
8059
6397
7279
2420
7568
1764
2889
931
8527
2843
4643
8701
8578
7591
3992
2876
11091
3051
3839
648
5059
10108
4401
6433
6638
1832
4398
10276
6763
7741
1771
5065
309
11504
7637
2169
5687
2032
6974
6700
370
10668
152
5174
2231
7390
868
5872
6626
698
1560
6408
1829
2812
9238
4582
9078
3909
9031
8368
2070
8750
4402
10335
1595
8827
3030
10782
1229
11652
1087
2632
5282
12658
7940
7321
7462
8212
11332
1935
392
5652
11556
11326
6263
5477
11028
885
3139
1548
5267
4842
1823
6703
4765
12353
2754
4803
12792
5921
12451
9868
10379
607
7555
2277
11679
568
10077
835
6921
8374
4902
603
6739
12127
12379
11619
6153
4269
8838
339
13000
4370
8260
1585
3375
10818
2341
3192
5621
10235
10310
11613
2167
8421
12983
12152
7580
9665
1554
10365
218
5680
4464
10603
9025
12657
1865
10864
7815
2656
3703
2025
5048
12344
6524
2450
3776
10683
6661
44
6252
2732
5555
4865
10403
6541
1018
3756
12288
4149
2730
12472
11521
8831
6596
12967
6206
3267
8015
41
7312
820
3749
2125
12880
10158
7269
8560
10269
10564
2485
11358
5844
11513
11106
9485
4372
4892
10766
6048
8429
6182
12560
6674
12931
11371
5425
3164
676
5228
8310
8146
5502
2676
3738
5054
1217
12587
2579
1009
3229
5638
2239
4027
7117
5108
1180
12868
11540
3748
6143
2712
6836
5919
1138
5516
7003
6523
7293
10627
9841
7604
4959
6332
12546
8836
11787
11266
1931
897
9906
3678
3467
4852
10018
9230
488
9373
2576
2445
6842
11813
12615
4225
3469
1410
2589
7779
8673
5810
3020
12930
5970
11862
7135
3763
8430
391
3837
7871
8106
5606
12575
4696
901
1732
617
12537
2628
2394
11194
9057
1436
11514
3780
211
12829
9873
12665
6456
2528
2374
2380
1490
343
116
1730
6073
6808
8004
3816
1427
2822
10459
803
3789
3914
6302
4006
5410
8986
12265
5271
5008
1907
3227
4720
10191
12534
5707
2864
4794
8449
923
10126
8619
4812
12432
11568
11706
108
1040
6445
8252
7057
3114
7558
2448
7598
10179
2441
3886
12573
9601
2439
7895
7783
1224
2911
10062
7976
11292
531
3994
9717
12450
5198
11889
10680
842
7891
4840
12511
5632
8914
12743
12162
9143
8393
8691
3484
4780
5172
5881
3048
8754
2742
3193
861
9787
1984
10497
12449
7350
1283
812
7457
12596
12721
468
7115
8915
10351
9889
8493
4845
5895
10746
12900
7758
8296
4805
11714
12678
5513
4286
564
4966
4390
8198
12544
153
7398
1943
4820
10967
3376
3249
978
11207
1424
3169
12255
4605
1947
4277
11656
3624
984
11309
7322
1382
2649
10733
7185
11608
10559
12735
22
12347
6157
9166
6656
1228
9900
6124
53
4109
171
5034
1184
11007
5755
10099
2855
9350
11543
646
11246
877
2524
11904
4587
3459
2513
2559
2115
10034
10472
2361
12911
3479
8000
9348
9721
9526
9733
11742
8007
7552
3862
1212
7481
12294
1826
8388
7082
9573
3480
6267
7523
438
5842
6241
8082
117
12173
7944
2
10069
7011
10735
12165
10060
373
5213
8710
11429
7923
2434
2633
4436
8511
1277
12464
12373
222
7536
12269
11263
6564
11723
1266
5989
11932
8435
12107
2637
12562
1307
6432
13001
4418
5521
8739
4374
11502
8446
1374
6704
7925
10547
6635
4035
11206
7913
13005
2176
4350
1399
12212
2137
11736
8067
6235
12029
4857
2131
10727
9828
9075
3633
2425
2208
2849
9988
5601
3466
6698
4056
7715
11680
2001
12739
7473
9135
937
8065
1072
3654
9084
1002
8093
5391
8023
4591
9794
7880
6300
10337
1279
367
11616
4098
11138
3957
1269
2830
10394
12644
10767
11071
11041
5880
6692
10173
4660
10128
10786
4541
4244
2920
8839
1630
4493
9222
9294
3239
4956
12056
12207
8925
9626
1659
8649
8158
8285
10893
11468
12234
4158
732
1390
8761
9248
11933
11580
7666
11980
3475
9395
8500
135
12222
5370
5433
11072
2700
2066
2388
624
5482
12030
10869
5098
474
10347
297
476
8358
5214
851
10248
1772
6288
11971
12411
11939
10799
3444
12168
11443
1188
7247
4028
10730
69
3224
2099
6831
8725
7697
2129
10452
8946
8614
2980
3787
9960
10462
12800
1430
12053
9169
8473
7765
2969
728
541
104
1106
6576
11750
11313
10327
8898
11352
9569
7097
8022
8877
7454
12254
6816
10476
7126
10007
5126
6632
9461
7577
9188
11765
4042
3049
8985
3589
7367
1456
12043
4388
8948
2352
6250
2342
6254
11582
9981
3457
1167
11254
337
11509
4980
10002
5590
10466
12883
5549
6278
11438
9243
7043
5772
5397
1603
729
10129
8533
8844
2053
2238
11191
2295
3773
12586
6430
12871
4463
10757
693
1360
5959
8453
12531
11857
19
5833
5080
8040
8798
3205
12160
921
10674
11461
3865
3525
8795
12360
8615
3304
4476
8370
2074
5190
1317
1413
3660
9850
9458
7708
3769
33
8503
9533
9428
10808
9634
8187
7538
4275
2623
9205
5368
5546
8621
8024
6320
11220
2914
4914
4439
9005
519
1739
5503
3254
4683
2096
5738
1181
5658
8924
7798
8340
2217
1511
9308
164
9437
6873
58
7718
939
8279
12073
6223
4714
4298
9048
77
10333
5909
9058
4578
12557
5442
11159
88
4025
2264
9712
11377
1628
9332
238
4276
9196
10760
2537
3494
9086
7994
6253
1017
7585
3356
3997
11384
12179
4999
8394
12542
8399
3242
7323
3812
2296
9240
2368
5117
7339
11963
4748
9761
5596
4550
9323
12086
11445
12510
5407
9529
5733
6947
8970
12106
5595
7448
11625
12481
9425
8741
10291
10980
12306
7096
9375
9398
9645
2865
12684
2076
7333
12703
7378
7687
8354
1867
4268
2534
8319
4760
7977
7806
3691
10212
10678
10482
9815
10802
10803
12589
8881
2882
4612
3119
11940
832
12831
2851
11003
5835
11366
5359
11649
2635
8820
10072
9908
8418
888
11852
8769
2314
11783
6951
5009
2072
2376
774
5563
9020
2577
8635
1759
7385
6985
8114
12645
11184
11484
11879
11734
12485
4657
5544
7998
9386
7685
10225
5827
12295
5704
1185
3350
471
10915
7305
12553
11536
2430
8617
3038
10016
4590
6555
858
362
5377
6319
5762
10003
7012
2510
7542
7240
2922
10713
2729
5296
10359
7674
9486
8654
4813
948
9321
3692
6793
11867
5337
7696
8247
6801
11505
5338
12038
5445
9973
10150
2047
1419
10118
1198
4459
12552
2353
11506
7070
9514
10170
1289
6870
1316
10046
4687
7985
368
8224
11046
12847
4080
8945
4944
4475
9789
8332
5780
859
6352
5096
4646
982
3666
1839
12118
12811
7121
8492
10243
1470
6343
12130
9566
6694
2856
2023
5219
12890
7609
919
5383
6053
3815
12270
10940
7177
6072
7280
6600
10492
7787
10732
10655
10692
2862
11916
1643
1801
4088
1639
1754
3389
8019
11944
523
2741
11439
7428
6875
11511
1095
3534
2190
198
294
11984
3007
11172
11050
2069
9147
12583
1287
12631
3337
1873
11607
4799
8818
12355
8968
9783
10144
3055
2516
2987
3384
974
3441
5143
3364
4430
10457
10278
11423
6853
4697
10638
271
7737
616
6518
4383
11713
5713
3431
2110
8295
7373
9929
4467
7066
3710
8148
1542
7056
3626
5903
5275
7958
7511
465
9681
3596
752
4611
5876
6730
11621
641
9913
5119
1024
1972
7672
8501
9164
10328
8469
6534
8096
2213
715
7638
12381
444
10950
2621
11351
12604
2452
9406
5981
5165
6423
8031
10375
7
4310
3558
1856
3183
6158
7796
2961
5537
8575
7061
9843
2867
10912
4622
1366
4905
8069
3269
10377
7756
3529
4359
11566
10055
8299
12738
4859
6968
3266
3898
4105
6393
5023
5851
1596
9997
8576
5200
2779
6767
11964
7146
7571
1941
9904
11732
8400
12775
3433
6418
3977
11776
4046
10863
4715
7854
7443
10493
1849
8892
1403
1507
1329
961
9917
1800
5677
11791
5456
10943
12942
1352
7924
598
5400
4421
943
4744
10633
9898
11228
4639
11597
12280
5994
9310
3027
11253
8107
7060
11990
4878
12369
4181
12109
3675
2278
9773
4115
2467
10851
7020
2801
6031
10894
8403
4773
12877
2881
9663
4656
988
9996
11065
12094
8952
749
7152
2174
4754
1357
4428
306
225
5159
11926
296
5723
4233
2198
8248
5983
4255
12995
11921
520
441
2743
1001
3103
7108
6491
5748
7426
8711
11418
595
7521
11912
10728
912
8236
6322
6618
6962
175
11844
2661
8447
2605
455
1100
672
9320
12489
6559
9879
7885
2800
10391
141
2702
4185
10215
1057
7038
8150
8321
11154
11217
3715
8760
3920
7529
330
8343
4360
548
9417
1671
4855
3635
11588
6647
11677
12132
12898
3970
6757
9853
9149
7449
8090
10634
4783
8966
6993
10649
5979
12027
3324
12784
8419
11942
2671
801
11877
6571
6162
5299
5028
8454
8466
8357
9880
11645
3470
8200
10275
846
2993
7970
3125
1065
250
947
2205
1666
7360
2369
10978
1068
2603
3029
3956
7355
7887
2931
865
5493
7792
1967
8873
10691
3071
5291
7771
8688
1446
2003
2089
4447
8680
3311
11623
10385
1615
10505
5128
9749
5873
5918
3287
8693
5423
7369
4617
893
7065
12654
10868
11136
10817
4203
6030
9516
8568
8565
12566
5222
3744
3001
10104
1579
950
11241
2523
1037
5401
9354
12733
7081
1539
582
2560
3047
6464
7014
5928
10079
3818
9330
8055
6859
4219
11819
9000
1225
1668
12187
234
6149
10495
4764
7821
2017
7667
11501
5064
2663
1903
2818
7684
3879
2821
5725
12706
8465
1519
2806
11231
2796
12401
2687
8133
8757
4306
6537
5428
4964
9975
5963
12208
4570
3636
4837
3374
8653
7901
12310
9812
11233
665
7816
3743
2744
138
5412
1251
8745
1813
4726
1900
6038
6936
8117
6563
10562
11273
4807
8797
11703
9687
3034
8342
192
5886
2762
7983
8145
6918
12080
4222
1493
764
3321
10020
52
2410
7445
3110
4710
176
3447
10631
975
563
10360
3895
7030
1525
6623
11383
11464
10321
5090
5593
12
12431
2815
8176
181
2530
11880
11406
308
452
9224
7236
11913
9360
12376
13
12330
6243
11821
5911
8988
113
6140
7371
323
4389
1721
12193
716
11922
2746
12860
5568
9502
11347
12154
7403
11483
9631
10778
12506
1280
1513
4371
8972
12909
9376
4856
2348
8331
7264
12820
1593
4904
4313
1632
10285
12993
6882
6758
5479
10679
966
5344
12202
2900
10878
3435
12362
3430
3908
26
3331
2260
3607
9045
9864
6521
11743
8665
2602
1820
7260
6103
1871
3522
1034
11558
9600
5931
3867
5077
3946
4247
5806
11681
10311
8304
6194
9418
6305
682
1392
12441
5509
8323
9504
7107
10303
12605
11553
8785
3270
11512
8664
12005
1706
11949
2883
2188
1828
9912
1226
5703
3560
12275
5481
6615
481
6729
3702
10926
6029
3734
4898
8549
12858
6316
2733
5584
8238
10989
6690
158
12918
2319
5907
10323
8737
7242
9711
4915
6467
706
2553
8534
4708
1921
10373
6152
7458
7832
2396
4665
7844
6234
4051
3290
5645
5072
10095
9927
7567
3858
6641
9708
12669
1605
8584
5290
671
3846
5460
12271
6444
12813
8880
1724
7845
9891
6034
1716
1190
2601
8753
5120
762
9902
11430
4930
6924
258
5607
5476
11581
11323
3403
9911
7018
4998
12878
11200
6095
9866
10395
5175
3586
3855
1305
3904
11546
10256
12897
4473
2140
8611
5594
9067
6585
7192
596
11586
6367
9591
8066
8816
11782
1496
12753
12045
8532
8694
2547
4381
2850
12164
3380
572
8116
4821
5532
1473
7545
3520
980
4988
265
550
3835
3876
3669
5115
12457
3557
5323
1851
4937
5418
2933
8947
6313
2780
3405
10774
1267
5182
10467
2252
3629
7848
8138
3408
8582
4519
9899
11557
11735
12428
89
8544
8215
11888
11737
6546
6127
1514
4757
12627
9364
7268
11749
63
10181
1335
8632
9064
11426
12680
887
6642
6266
9568
6798
12846
4290
3204
9944
10025
8443
8390
3696
9884
8099
4934
11585
8320
5409
403
9520
7673
7614
5173
12559
10827
3804
4735
5480
9788
10563
12513
12785
212
1562
4202
12231
10791
7621
4246
8912
10417
2132
5341
12200
11767
9161
2989
12028
2124
4716
412
12981
11841
3197
10464
6916
7802
342
9503
9216
3473
712
11653
4507
12662
10387
10884
7600
7295
759
1194
92
7655
1127
9187
8283
1937
6170
6568
800
6384
2758
11373
1975
4719
1062
2301
10180
6949
9019
9672
6812
11016
12161
4860
1148
4258
7884
9834
8199
4501
5145
657
11176
12938
8516
8416
5802
11173
7961
5657
11573
10590
448
4251
1934
407
3792
8053
7543
3212
8829
6809
3841
12889
10617
7562
12491
7861
3757
4983
7733
11177
6390
8609
10348
1544
516
3368
11847
5417
9003
2667
8497
4562
7150
6494
2034
11626
12809
8791
9840
6333
12364
6035
12484
5936
7395
8436
9051
10985
3442
8042
2049
1341
5905
1952
11967
8291
9846
8123
2640
6943
12521
10051
6193
11300
7744
12322
1239
9847
7605
2703
4621
10147
8633
2257
8658
748
8508
11825
1976
7320
854
9942
11075
3241
3963
1638
8545
221
9464
5795
3737
2237
9804
4422
5962
10930
9863
6084
483
11957
10453
5231
3414
3347
8708
11994
9890
4455
130
2161
7087
6440
3297
5696
10160
798
1056
5194
8713
4825
3096
11988
3064
12545
7002
9689
2636
11970
11801
10236
5699
8011
6771
4204
4015
10460
5033
8765
4411
12699
6864
9691
5158
7722
38
11388
10075
2690
11397
9933
4667
8811
114
12213
5604
12034
8481
3476
9473
7517
7487
2148
11796
3822
1265
4600
12957
8305
6715
4960
1222
10428
2753
8851
2514
7776
4209
5823
3179
12014
11395
7285
6199
9439
2908
8451
10826
1702
5697
7298
2646
6386
529
8847
8686
1315
6342
10201
6914
3892
9096
3514
10336
4396
10042
11000
11199
3708
6844
5305
1831
266
5152
12954
11188
4119
1058
7707
8250
5056
3388
12026
8482
8554
1547
5752
5561
2634
11087
9832
7271
1773
450
9394
7698
4888
2890
12737
5434
8789
11873
9892
1521
4366
11570
8894
1970
9750
10284
2878
7157
336
7775
1797
10515
5664
12100
8290
5049
2549
388
96
8672
3685
6351
9521
6631
11414
8517
303
10411
12395
7988
1035
6789
6414
6911
12350
6275
11224
2807
5177
2436
8098
8211
7784
6493
8681
1601
5882
11124
1344
10232
6639
12396
3597
10641
8573
11063
929
2653
9621
5106
457
12928
4557
8382
1104
1377
2350
10756
11712
12336
3986
12378
7616
11695
12482
2590
3460
2442
11014
1695
11421
2183
4822
10829
7984
4419
1860
6994
3661
9034
6465
8437
7735
9053
7377
8104
9245
6477
5242
1008
8916
7669
7393
1401
4425
8863
7464
11529
1684
74
8637
3323
11102
12497
3371
4351
4063
8762
5676
10148
1144
8046
2358
11800
10142
1646
1500
7937
5778
654
574
5837
423
4945
3727
1893
9144
7781
3931
10569
5071
8787
10889
244
3303
9103
1594
1501
7634
5273
2233
1653
11133
9943
1698
7252
973
8766
12018
11992
7396
5211
2963
3215
12827
133
3495
5747
12698
8835
9876
4295
10685
9431
5920
11576
9309
7025
7302
10976
12327
4508
10662
9905
11037
2489
7499
9831
12888
4197
4763
8047
149
10861
9384
9475
7574
4198
3828
3778
11674
9403
8444
1052
3330
5283
7952
6970
6453
2127
6973
10187
363
3130
9221
6382
844
10557
10506
4433
8585
4067
730
5029
6269
5732
64
302
3488
12499
12459
1915
9441
5572
4981
2141
5192
5073
9337
5897
7943
150
8639
2470
7597
2027
4049
3998
1046
3307
5350
5826
9762
8690
10176
9070
11156
9317
2896
9038
10105
2199
4496
9018
2578
6097
5488
7471
2885
6434
7391
9167
11647
7769
9476
10694
1296
6037
6722
12668
9835
7463
6570
5588
8768
10488
11788
1925
9150
4361
5612
3985
6780
1658
8727
1476
7522
2494
7767
7868
12616
2529
9918
12058
7981
6008
11811
4492
12454
2283
6716
7899
5741
12012
11671
3551
8470
7588
9369
8423
9982
8620
11869
9692
4727
1326
1980
1933
576
11257
5053
5651
8490
3237
11820
11322
12641
12839
7158
5032
6959
10530
10939
1437
3976
10270
6819
9278
7476
6415
2654
8350
396
12588
5678
1411
7080
11434
6141
3697
10751
5929
11760
9340
4165
11806
4655
3225
6584
5253
6133
8552
1912
12147
2662
12712
12312
4186
4606
11078
9887
12561
2562
10112
10619
10740
5927
7233
7550
6762
11354
8542
5414
3507
2253
10405
1099
4170
3567
1928
5490
8901
11340
12332
1808
4060
5935
8103
3628
2194
10073
9383
11891
3973
5092
849
9469
4086
12671
8817
3897
10140
7387
9696
7110
2329
9928
5497
11668
11095
5295
10151
1395
7900
991
11574
5535
6458
2861
12917
442
10532
8663
1648
10039
8278
466
6905
10267
7582
1457
2755
8249
3492
7162
5281
10222
2826
7682
8716
2058
8452
8472
1692
806
8375
3293
8749
823
10058
4070
1327
11953
10026
5408
2300
4698
5956
10274
12730
631
6486
6102
747
6429
3162
5489
4953
3903
9119
8049
12923
3165
9570
2211
6110
3569
4504
11687
8696
7452
3404
2037
6594
2240
10934
1308
257
11061
5627
11602
4732
7825
9582
831
9777
6681
4694
10961
1026
3228
5439
834
1438
6395
10343
9546
8657
4442
5138
12675
6580
12999
2607
3452
10418
1916
7581
3831
1983
3656
10862
12867
9033
4437
958
6214
5007
8626
5230
480
5196
8411
1173
5620
7936
2113
8361
6024
7352
5943
3900
11100
4451
9402
4972
4050
7456
7997
2956
2083
4815
10040
1105
5499
9297
3315
11454
5980
7095
7995
9160
3665
5390
11894
3916
3689
7890
7261
10162
864
5496
12263
12985
8434
321
10361
11446
12793
1264
2244
5379
533
7053
8875
7251
8865
6121
6051
6311
10755
9604
2291
10076
4537
8730
10606
11258
9148
5666
8581
8464
10425
2317
7926
9688
12822
3610
8583
3015
4362
11929
7524
5894
4048
5452
2181
3343
11663
7084
1157
7424
10537
8386
7596
11761
4329
3451
5385
7474
5599
10615
5647
4628
2647
42
10697
2926
7028
4808
10538
279
1186
6161
10835
5675
7259
12673
2550
9261
8173
7418
6055
317
435
11272
12282
7450
10371
6909
10572
7347
3367
10433
3615
1154
1398
554
1310
10357
10510
5998
11729
2091
9609
8045
9128
6028
10305
11893
427
7648
6984
3443
2531
12663
3960
8303
3412
9858
12714
9082
1270
3437
4868
35
8729
6595
1111
9647
8808
4336
8128
12778
11634
6976
11596
10376
8194
5969
935
10383
3032
1895
4061
4607
3278
1048
8807
2495
7249
1484
3244
4733
12421
2415
10820
1044
11533
2316
4907
9931
3472
11417
11934
4012
5991
3154
9262
6059
12374
1075
8949
9954
47
11487
5500
2107
2651
2521
3836
10810
2052
5149
1130
10699
2848
4171
11399
10753
4014
2280
1835
10652
5419
5382
167
12881
6405
2629
12817
6774
1491
1870
1902
9682
11023
6501
787
10445
11025
4460
1863
5507
2085
6314
3353
409
10948
11551
2532
9198
8348
2481
2829
2721
9586
5450
5129
10973
13009
1363
5243
7734
5270
12039
4871
2932
6577
5297
1235
2312
430
10093
1337
5533
1081
12893
3830
8281
9742
8775
1394
5999
12621
9355
8235
5012
1959
12455
11528
10832
5583
6517
5038
6613
12425
68
4077
10847
2304
6611
12912
1535
1742
4391
10106
3524
5739
11726
5567
7128
9963
7132
9950
2042
5768
11839
9951
7116
10975
3168
1767
10995
1497
8262
8070
10848
7541
1250
6938
4862
3313
11460
11807
4096
3617
1429
426
9649
721
8564
8265
11168
2860
9818
1631
7575
3316
2437
1359
12198
9347
6893
11413
1965
853
8127
6863
12740
5710
3506
6399
8044
6872
3927
12576
2081
5086
8405
10842
1884
6538
12325
5878
1891
7125
6603
2673
12077
5469
11565
996
6711
1163
7364
7433
12078
5415
2968
2669
1299
12622
4131
755
3478
8522
10019
5079
4610
469
9380
2313
15
7838
11935
4101
6363
4253
2799
3277
6980
10117
11404
1168
4113
5814
8883
1830
5317
10266
12341
1753
9285
127
1290
704
11708
2508
12145
11762
10555
7635
10905
2817
11864
11960
11040
6125
11583
8195
3942
833
8505
9915
7807
8994
2318
5201
10390
7255
3090
3984
11818
4929
6932
3758
2872
5464
4349
9772
7411
2683
3284
12972
9291
3598
7726
10188
8700
12253
10759
7316
3503
5248
3137
12244
11183
8978
12417
4675
5944
7218
8292
3860
10316
1120
7934
9358
11693
8311
12514
3509
10441
10470
3639
4224
6582
8929
1272
1114
12224
10295
1609
9869
7141
5705
10080
2335
678
12252
3799
9112
8538
5437
4307
10630
944
10852
12477
7960
5327
12136
85
9962
8095
11411
11858
1263
6111
6315
10184
178
6435
9017
1803
4179
12273
1118
399
11026
8812
5209
1088
3272
5020
12102
2151
9331
4121
1795
2905
3655
637
6868
9919
2385
12435
12178
7167
3416
12453
2986
11368
8134
7576
10202
7432
696
2327
8168
10768
900
8180
5950
522
2414
11166
8539
11865
4260
6093
3564
10507
4461
3625
7584
8953
8293
6163
4544
12392
145
12110
4912
956
4395
4377
2972
8638
735
220
11915
2737
5706
4585
10436
9955
6436
722
12366
12504
9155
10200
2897
12079
11098
3959
4005
2086
7353
4662
6000
12724
11975
9537
169
9974
6377
4394
5140
1676
1319
2527
11682
7513
10241
9129
6220
2604
3964
1471
2496
9524
9011
9325
6964
10152
7788
12704
8316
7965
7652
3230
9043
5249
11079
12949
9535
3577
4052
4500
2836
2062
10221
1375
9451
5244
7098
1549
9069
3742
8618
11866
4707
11646
1791
1733
8102
10596
11149
3621
3221
6701
9404
5134
1723
1504
5779
3981
12773
9624
6009
11440
6228
7932
11374
581
3081
4565
8771
5125
9785
11165
11155
536
2145
12096
10092
223
6627
7289
7876
3887
8035
2479
10364
6366
9856
4901
9622
5760
8896
11985
4593
4886
7381
3658
21
8378
1708
3673
8928
3210
12744
2765
7455
8911
4796
1626
6350
4919
2573
4873
5325
12095
12558
4899
11198
2874
364
12593
12393
2967
5811
6529
5758
8237
12227
11141
9177
11317
6930
7250
9732
9939
5613
6449
11481
1814
12440
10705
1734
9056
3386
5082
3571
12595
105
107
2789
8189
5109
5891
9074
2624
9542
10583
614
11659
6502
10216
10396
1861
4114
5547
7142
12516
11174
6401
4081
1799
11802
5088
6884
4545
9118
5285
4965
2664
3795
11047
10788
434
3844
892
12022
904
3025
5682
11452
11053
9862
8341
694
5217
3585
7865
11290
10801
12526
9146
4355
335
12317
7296
736
8186
6881
8467
3194
8276
7124
4883
4802
8185
1368
11058
7291
4940
11093
916
8512
10156
9640
12807
9979
4073
8130
4358
5640
2892
9429
11055
11772
7308
5103
8191
6512
161
2835
2431
5522
2877
11728
10143
970
10556
5528
8267
5508
2472
11775
5961
12765
11770
3676
8156
11069
12806
11424
11562
7746
12218
530
7894
5734
7165
540
6006
12458
6172
6806
11295
2236
11010
11089
3500
8209
3235
9393
2735
11479
7414
10208
7692
999
2344
9251
1080
4576
4640
3991
6345
12272
8115
4572
8878
5633
11486
1524
11189
7725
7752
6442
10484
5183
3282
4066
4145
5992
5498
11355
5232
8722
6403
11001
3854
3397
2768
4979
8870
3717
9142
11275
4420
6348
11463
1508
10239
8904
11667
11531
6671
2679
12192
8162
12601
1010
8401
9154
2459
2159
11995
7198
8580
571
103
7064
12697
6088
4573
2715
12713
1696
11810
6057
10750
8629
12509
12974
5349
4982
12051
4670
9286
12943
6612
2480
2290
5475
12716
12050
10412
6889
9004
11538
5300
7975
7310
3793
3129
4542
8778
11344
3747
10504
10400
8298
2351
8085
3535
3419
6146
6553
10012
2575
8661
7326
4658
1372
5484
11051
8666
9218
8594
7559
2596
3653
6495
7419
6736
1174
6099
12570
205
3896
6173
8956
3709
1586
7144
12415
3925
8570
6652
10743
2561
6520
280
3028
6354
2966
3176
8848
6678
1617
9235
12929
12541
2945
2533
11215
9736
10240
7209
2433
9274
12384
4766
10035
12837
3809
11937
1634
1139
414
9744
2695
174
1853
11105
6620
12946
1258
4399
5332
2345
2625
1930
8381
3086
8592
4438
2535
910
933
9480
3298
5660
9385
9279
7905
10993
5184
7482
9506
12701
5717
7797
12267
10444
10220
2200
12940
10742
6782
642
8738
2983
1528
2444
11315
9171
62
10340
8258
2766
4280
10521
11018
7886
4659
1253
300
498
8879
12528
12808
10103
5258
703
11195
3588
2455
4798
7671
9072
12300
8392
650
1340
1155
5845
3150
10787
6026
12496
925
10422
10312
6142
1924
8981
6776
7465
3813
2927
7731
8398
3852
5628
11498
215
2432
9893
9324
2232
1502
2218
10090
5643
5949
3392
3182
6608
5649
3611
11835
11961
8338
1254
12906
7337
11757
513
7069
8048
7368
1440
517
8415
4709
10166
5796
11244
10409
3851
10261
3803
5003
4776
10793
10134
3518
5722
597
5874
353
4671
4801
9457
10070
3410
8175
11011
11219
11643
6240
5996
8648
6775
11959
5212
4634
12134
714
6208
2009
4330
6992
1785
1665
11612
5896
39
8417
9022
2411
2880
848
8246
3768
3317
12301
593
7675
3511
1367
9436
462
4413
5934
1802
7834
9272
9270
2659
2289
12082
4032
6928
11836
5756
10621
782
2620
677
7007
9625
10764
1380
7780
3327
2270
12856
8689
6123
9552
9055
9054
1909
10657
6987
2710
932
9446
1164
6279
1149
3036
9738
4019
6238
11327
7606
9105
3627
9447
6991
1293
5094
10722
6422
90
4775
9860
6925
2214
10892
2803
7119
3870
559
11507
12315
11707
623
9671
1703
12939
5416
4558
11101
2378
6389
2491
5365
11885
11738
11232
4536
9427
5669
12719
9306
2160
4488
11004
509
11500
10045
6593
10342
4908
12555
7691
2259
9872
12048
4322
4785
10172
9293
2568
6488
269
12647
3838
17
12334
292
12508
2820
4879
1995
421
376
11900
12068
12163
2360
6751
10
7656
635
1223
3000
12518
11382
8857
11958
2778
8543
2354
12223
4530
7946
8081
12677
11009
131
11804
9550
1422
12126
1652
7689
4478
12746
5655
9664
10585
3052
6746
4567
7556
1468
5309
1880
8129
9157
6446
8999
4172
5444
2120
206
8120
3039
9136
8073
5858
4529
1467
10960
3843
1275
882
1124
11142
7902
2686
8243
1932
6503
6371
4021
1202
9256
3800
8221
6138
9756
10598
4560
825
320
8668
6791
3040
11127
1248
10209
3962
11129
1151
247
1479
12845
7526
6573
3256
12603
4737
2714
3578
7410
5906
809
12584
4223
6119
3496
12129
12798
10229
11320
969
10819
6416
9462
2356
1635
11239
6684
5458
4160
2598
3124
11419
8546
3398
6535
1489
10157
5805
11896
301
5939
6380
11639
12117
1840
2370
8872
6294
10821
11350
1103
2588
6773
8206
12689
11704
9470
9888
10499
6335
6349
2960
2936
354
6328
9388
11997
5470
2153
7281
4011
11771
3574
906
3373
7154
8959
9584
5884
3434
1146
5101
7083
7245
10031
12854
814
4312
2272
7530
8837
7475
10519
5832
6832
3523
7079
3740
4108
2750
7246
10325
10533
1691
1670
5234
11274
8125
4877
7343
7227
6372
9423
10576
11096
6522
4991
7288
6167
1324
1945
5466
3291
1765
9471
4030
6023
9463
4577
2230
860
3233
2423
2135
6202
5694
7178
11987
3014
9346
1028
6455
518
12790
6242
4200
9897
4594
4648
3515
2292
6876
12368
12473
7277
2372
5187
12204
8523
5868
9886
10625
6481
5527
8529
1713
10543
9999
8118
4636
3755
428
11920
3779
727
12835
3632
11205
10762
11449
10725
10629
1762
3875
1070
3878
9753
10850
9421
4851
10509
4415
10773
4215
11237
70
5076
2256
11882
4058
9318
9964
12139
9219
9498
2248
8005
8950
5993
11378
282
6062
10703
1815
10330
5457
7839
8969
3555
4211
8824
5789
8431
8078
12296
7029
8183
6830
10043
2088
6132
7711
6550
10723
6587
10605
9769
1128
2953
3361
3713
7354
9842
1693
11357
12434
12610
7508
10299
4787
5736
11186
11683
12493
3649
4301
8379
11928
289
1571
3208
506
2269
5043
5274
3126
6130
2223
5078
1688
12442
8239
3134
6772
3207
8921
12927
4642
1621
881
7313
9874
6719
10992
12047
836
11108
2871
11898
2224
12879
11453
341
9411
5848
9132
11541
5866
8480
73
8330
9605
1616
9209
12865
5742
6834
2229
180
10355
1304
8709
9920
6404
4885
12445
9244
3190
6857
625
12487
3939
1822
8363
10368
5462
10226
12953
7155
11062
6174
7755
9745
8809
5257
10540
12024
3690
5111
5530
6640
12316
2186
8810
8830
3761
9725
6398
2909
9531
7109
11396
4700
12984
6653
12326
5986
284
3017
4240
2902
12935
1922
594
8767
6759
11369
10806
11548
3923
1663
6107
12973
12091
2067
2641
5700
10927
3011
8182
12565
9659
5630
9497
9548
2493
9138
5954
9217
8161
1761
9540
9961
9329
9952
6622
11795
8038
3823
7495
6664
6483
6359
2542
10682
5915
8507
7184
1207
4703
10910
6953
9677
1463
9295
6412
4414
9454
8606
10542
12539
10314
9080
387
4429
4528
9823
1887
2092
10174
9242
4227
2031
9778
1213
4619
3517
2307
1709
8936
2644
12850
6145
5629
5178
1752
1992
6854
3718
11268
10027
6478
1611
12318
4432
10030
10588
2584
1150
4609
10264
203
3109
9130
587
11876
3801
10280
6396
10837
4777
3340
12736
8715
4533
5623
12876
505
12170
10640
3684
5070
12356
1558
7503
8720
11201
8743
9795
4724
9579
8184
569
507
6811
6657
1066
7429
10479
1355
11492
1963
1936
9613
760
12243
2406
3770
10541
2813
9817
4984
415
6945
12062
7592
12061
6045
12664
4471
626
11175
1687
2736
10283
6562
2692
9755
7849
493
7732
9233
3438
11204
7629
11151
12632
5313
5953
3693
3949
10772
2827
3539
2228
4990
6958
7980
757
7318
8630
12239
3936
5421
1487
1466
6820
1962
12659
11837
5472
1336
1159
10867
2476
5114
2693
84
1268
9827
2250
11425
9468
6826
12653
4602
6489
6078
10388
3659
13010
4340
210
3590
4304
11814
8131
4193
197
5110
8852
930
12642
12092
4627
4365
6900
1078
4071
1640
5399
1641
11508
2622
5566
4333
6957
7540
7911
10138
2917
12006
4995
2511
209
9467
1642
9162
9334
6567
2130
7842
1533
12629
3733
4685
3932
12624
7856
2734
9152
7586
12388
11456
4375
7608
2101
8525
5737
12556
1428
6484
8996
1783
10933
7686
8895
6998
6190
11636
7490
2158
10991
11884
12408
2038
5708
1986
5006
75
4701
11534
2809
8746
6447
4250
6824
7851
248
2297
4216
1786
2018
8351
12819
4767
1085
9824
667
2696
4971
4792
6744
3101
8213
575
7607
139
10423
8218
2869
1581
7858
2992
12066
1045
6257
3554
9673
12337
773
12795
6330
365
12339
5550
11223
288
10771
6114
9561
2275
10047
12520
8530
11227
8509
9991
3461
7893
3971
264
8944
12980
4692
780
8484
9737
7739
3850
9635
5189
4454
3834
1480
1465
4412
11370
4711
12728
7963
7034
10612
6810
8101
6507
3319
10513
7379
686
12320
4044
5942
12988
1763
1488
9389
4889
267
2901
8020
6532
12359
6590
3231
9731
5185
5631
4684
590
12470
102
182
5728
6683
8021
8397
10795
12618
11883
7938
2708
2722
7153
8108
2482
9444
5223
11392
12828
6662
608
1899
8942
7222
3281
10622
10123
369
12426
11902
11437
962
6177
1256
5808
12816
12885
4410
2173
8651
9179
4481
8526
7507
10815
6766
805
6937
4262
680
10925
1541
451
9228
3012
3645
9319
464
3917
7267
8646
11716
8591
12696
4786
7748
9281
9848
1291
9336
985
9901
177
10665
11299
3913
2219
2918
2957
12064
10855
11655
2691
1625
11998
4214
4173
163
2739
11923
8541
934
8963
6299
12304
5798
1825
7307
11881
7213
11670
9134
2393
911
112
12812
2367
10886
10304
4047
8445
6317
6005
592
9102
3238
11780
1464
7270
9477
11526
371
9767
2838
2383
2487
7278
606
9361
5877
4936
9237
9165
313
6955
7957
3805
2939
6282
11662
5982
11081
12683
2357
5971
3602
795
2504
3889
9247
8427
10601
1332
2631
8037
2262
6069
4446
3912
1298
11006
3302
12547
6046
7875
10011
8655
12607
8154
10036
12377
2771
10830
2899
8764
2955
11965
3255
6634
10115
7230
10777
12142
12363
6996
12430
9363
7705
2029
9806
12801
10846
10206
3872
8087
261
5924
2512
12070
6815
7067
11686
10332
12932
2405
1809
11288
7987
9674
11109
10616
10384
2713
2274
8891
8793
9896
10909
4309
1391
9956
10289
9523
12023
9191
3220
7200
12543
10028
11073
12158
3832
4348
11595
3935
9333
7950
7438
11690
12532
118
9450
3359
324
11594
10404
12083
1379
7572
1608
7102
2112
1412
12859
1526
6150
8440
10845
5681
4666
2339
5276
11895
5395
1790
5060
899
10294
7502
1112
10182
2913
7520
9883
422
11148
12842
2814
9594
10451
5334
9203
3300
4875
1743
3698
8825
5562
10369
8557
408
2293
9024
674
2726
2416
1191
3140
7877
0
4257
3767
9757
12308
10021
1600
1249
6128
7136
537
2320
3174
106
7818
2065
10346
8404
2279
7814
3999
5824
1197
12843
4120
9780
9729
2764
1096
4267
11628
1101
6176
6922
4910
8002
4252
8457
6047
3739
4677
1955
6068
413
9059
11250
9878
1592
695
11606
2117
3928
2793
601
4281
5948
3642
4093
4036
12476
5893
3115
9211
6049
7182
4117
9865
3993
2582
7724
3969
8301
8142
4925
425
6092
8748
12600
6954
11567
11494
5867
7262
7623
3069
7683
6575
5099
9602
661
5057
7164
4977
5246
5074
8003
10195
6100
2666
8356
5307
6792
11289
7860
4986
8280
7344
9642
11143
10824
226
227
8455
7118
11747
2366
2251
9021
4
9727
4768
11746
2155
8089
8121
12367
5803
401
3148
633
9012
8504
3092
3966
5819
828
5514
6079
2716
5865
12963
5062
557
6710
3320
3657
4601
10698
10389
2363
8859
1286
9424
2970
8086
5037
328
3609
3924
9170
1879
965
4524
7747
9538
12517
5751
8266
7939
8216
10558
8980
11056
9315
9710
10119
10613
11022
739
2655
12261
7486
3153
7309
11379
8463
7327
2697
11843
11600
8407
10937
3919
553
11318
12901
3299
4958
621
5524
4635
2189
8277
8232
4789
3138
12761
4549
4462
6610
6039
3082
3251
12815
7372
10656
5900
10344
6548
3079
12383
6986
8520
5014
6312
6786
10111
9264
9100
5436
11650
6324
3907
12468
1233
3078
11390
6619
7417
12574
7620
9718
10442
3674
10130
10648
2699
790
7172
8888
9845
1804
9704
5022
372
12444
11664
10458
9192
4487
9172
10297
4584
7163
7088
5380
7750
8179
6381
1461
2998
9044
1747
8014
9353
3285
1384
9372
13007
12848
8373
3707
9851
8315
7248
12768
5582
6406
10491
276
7010
5474
6217
5750
4626
3783
4129
4127
10963
6016
12181
10392
10397
1414
173
4774
4922
12840
710
1810
4284
219
6942
12289
5026
6339
183
1582
3390
2359
5838
3381
8684
5376
4016
7786
12209
86
10091
12153
5345
6561
8699
5102
2234
3910
3042
242
6296
6910
4828
5261
12718
5569
2263
12626
6933
4090
11103
9949
6601
5822
10053
4613
213
6131
8572
5141
3796
1746
7100
472
3944
1051
10518
2045
1580
3543
952
10744
9495
8987
4588
7888
6004
9185
8355
12399
10455
7910
10478
3003
3561
4834
10065
1794
8608
11314
5312
1971
9093
3869
11890
9925
12319
11797
8318
12886
402
10794
8840
6795
6891
23
445
447
4942
1662
7914
11002
9390
9694
7148
5097
883
10356
5744
10508
7761
2891
10169
4891
7197
186
10414
9071
6823
8245
7078
3135
1527
2950
11689
3725
7073
768
1485
10710
891
7738
7009
5693
6649
11135
3008
7615
2946
1778
3464
11833
3200
2147
5278
7223
10234
4833
11711
12966
1353
3402
432
7048
2775
4548
8940
7840
7214
10775
24
9662
1483
1381
11171
11269
121
1053
3159
4236
7386
1776
5453
2606
7299
1946
8062
9935
1727
1894
6383
10983
11311
2133
11122
10956
12500
5902
2403
3638
1566
4347
9921
9771
3246
6897
7093
3493
3358
7431
12685
869
10483
9941
4004
4654
2149
1003
4647
11535
11225
6469
1836
7401
10135
9977
12874
645
12413
1082
4139
3248
12585
2371
8122
2828
5311
1536
4679
1553
566
12072
2557
12017
10807
3706
7618
9637
11428
1208
12648
3019
11763
12404
7644
8190
7947
2639
4041
9924
7422
9184
4832
8100
1133
1462
499
2541
6877
7870
10642
6159
3538
436
4927
1
2999
1443
8876
6709
9676
4751
6338
2977
9413
10431
10843
4897
941
1978
1574
6734
9990
7539
10430
6165
5206
6056
2100
7599
12386
602
822
12679
8231
10177
7423
1529
6504
2324
2792
12619
9008
3911
10646
7301
7472
10038
2064
10301
11758
3068
3128
12997
8887
4770
2041
6421
3978
8723
11447
4444
2046
8105
5002
12233
87
8083
4948
995
10914
6171
586
765
10643
268
10695
6927
2421
5455
10137
7916
5757
766
10228
11688
8477
2694
4249
8939
1917
5634
2386
1712
1735
440
9401
6106
9859
2287
11892
4681
3378
285
1025
10529
10853
1169
11283
6116
61
9629
10898
5221
10970
12903
12182
6183
8471
8732
12321
6785
6948
10881
777
1862
1170
5688
4486
10017
9098
11903
4282
5256
9690
2197
318
6663
3310
10836
6846
5843
744
5602
1371
2752
5862
5330
9381
2084
1788
11851
10747
11126
11552
2898
1449
6293
5692
3095
9213
3652
3650
1420
3906
8612
3171
664
1555
8514
6443
3754
10536
6492
1478
6209
12643
8850
4159
2299
5426
12188
11146
2782
2438
7512
3612
3118
3417
8414
6054
4645
11794
3276
11458
9047
3687
946
10114
5610
8424
7728
7292
4850
3647
5597
11128
7907
6536
5788
5251
9145
8800
10399
9489
9115
11431
12756
4033
3533
11752
12232
2216
5308
5429
10190
954
10717
6002
6714
12069
3934
11346
6136
10580
12538
1262
5091
5314
12882
236
847
737
7113
6956
4201
10260
4443
6668
784
2748
967
7201
1552
11330
1064
3031
2143
8294
3201
10319
6426
5352
9628
9252
7045
9543
8551
4296
2165
5468
12003
1530
9097
12071
12217
3199
11337
2465
11545
12475
1494
2271
4167
11361
7763
7143
12283
5990
9614
6087
1206
12711
3247
580
7451
878
1510
411
9013
11393
5807
8347
1083
4245
5829
7077
11756
1660
12148
4102
6636
10998
8201
4652
987
11316
2930
7772
5123
11537
10684
4291
5100
1338
11259
2456
5975
8719
9821
9175
11365
5169
5427
1300
1418
6374
2974
235
3760
6702
10427
3782
9153
1886
5411
1807
4472
316
6693
10522
4495
9741
12702
3463
9611
5625
9607
10279
4346
3141
6215
753
11910
2408
2144
10907
12571
4618
4598
12256
2805
11697
6654
3788
9790
922
1954
7190
9087
5966
3342
6878
10882
4180
4566
4328
12962
11555
2643
5136
11252
12709
4218
4231
7714
6752
5051
599
8955
1020
6912
9910
10485
6667
1241
11117
12690
467
2747
3967
11234
1030
9509
9195
7103
9438
6597
6581
1005
4163
6544
12862
5841
12116
6091
9650
5731
12479
3189
11859
1038
6166
6783
2783
6866
3686
2728
482
4458
2915
10272
8802
6247
9316
7092
10153
2172
2626
384
8983
4858
6462
2281
12205
986
11415
246
486
9159
7918
1474
6513
4320
287
1242
7380
6074
28
10406
10265
6756
7804
2554
1210
8157
1565
11759
10779
12971
2073
2422
5328
4974
12052
4515
6144
12277
2220
9565
8124
5132
6605
11125
11871
10671
12054
10367
355
12505
9483
9612
5815
5740
2723
12633
12682
8092
8932
12423
1365
7778
1012
2039
6439
4199
5170
1255
12771
7835
9236
12057
804
9035
10560
5135
6697
8683
12821
1622
12387
8977
12614
12976
10714
1450
8167
5800
4641
7382
7317
10968
78
4750
7643
5160
12961
3893
894
6164
4941
10124
9342
5591
9630
5360
6907
11496
9322
2282
10906
10690
1929
2571
12348
9764
1178
4369
10920
5154
10271
6688
3328
5210
7847
1067
4426
11828
6680
3631
4174
11276
4699
11718
630
5239
11503
9343
1664
1564
3728
9207
374
9277
1458
6270
11282
1953
7160
11030
120
458
12287
5641
12741
11774
2770
8225
11341
8997
7878
3929
4742
6790
11338
9232
1598
5342
7917
8229
5151
5093
9636
11167
5654
5860
5715
2873
9814
9510
10054
2079
4264
2680
165
9947
12172
1604
7964
9208
3253
8174
12009
5131
3580
1689
3352
3257
5754
2095
10273
10651
3462
7549
6978
525
7986
9562
8109
1122
9210
2035
7624
8596
9298
8496
3186
8178
9798
7897
12646
6821
7991
10446
6451
2642
9253
2923
2614
2395
11615
7626
9292
7488
10402
2075
1236
11571
1131
7736
7831
5454
565
8217
331
8159
9583
10552
6841
1201
9541
7055
3550
11830
10230
9113
3477
11459
1050
6731
9700
11287
3421
12548
5978
11901
4038
4514
12780
8253
5298
4831
12758
8001
4363
4987
12084
7506
7664
11270
1545
11868
9617
4144
7470
2591
8823
8196
1505
7169
2051
155
2021
11755
4242
2098
4896
9377
4122
1584
11590
4931
4668
2022
10623
8917
5937
12111
9201
12120
9391
11611
1183
9288
808
7951
405
11474
7001
11515
9844
8485
4212
12159
7134
7921
6410
12527
10716
2460
10165
538
4221
6032
4623
6828
1073
7040
11715
6843
7122
3501
1425
8776
5044
5188
3250
8962
10324
1989
9544
1877
239
8751
4000
731
12099
81
6506
9867
1512
510
2569
3802
6425
4969
4513
7022
4409
12201
6475
12186
12346
3575
3372
1602
9114
348
2784
4689
4037
11673
6112
12486
10548
7896
12803
12065
7820
10688
898
154
9121
10110
1590
7050
5701
2951
7181
10913
10502
10287
5355
5245
697
10372
10865
5932
1657
2759
874
12175
2036
2119
11666
2583
1994
243
2670
8126
12550
5955
5144
2424
6181
8306
4133
11090
7325
6741
3604
449
8588
8495
5046
5589
1910
9978
9816
5339
10870
1883
3449
12025
12870
4741
10877
9407
7244
8636
10449
1325
11618
3418
6547
10139
3112
1618
9810
11462
7959
914
9206
1556
6108
7676
3099
3750
11433
3458
6200
10663
1737
7863
10183
1475
713
3259
2879
1572
11049
10302
1452
7412
5783
843
11242
6990
7358
4166
3634
5471
6169
11356
945
3671
4220
2804
4994
283
908
12639
6431
789
5161
5531
8071
10061
9945
6094
4357
6207
2772
9957
1677
8149
905
187
1331
1704
12525
6737
2222
6941
5354
3857
838
11675
5465
290
6310
5564
3926
12228
1033
2333
9654
6902
142
460
5749
8314
1061
12503
5817
3497
4151
4522
9751
1292
3502
7719
9719
12335
2852
4427
12996
56
11248
9283
2798
746
5637
11310
6373
7745
12804
11092
8874
5511
3594
6607
4001
2087
5875
1939
4190
2971
692
9615
12456
6081
6365
11360
2134
3245
6732
6989
5745
3142
11658
793
4010
3415
7016
12443
170
6883
5517
2698
10669
6329
7315
2247
5791
1459
511
1165
7033
10932
4992
11319
5525
12414
521
1143
1347
5899
12309
3510
6203
9998
293
217
495
10024
11660
12180
8483
5340
3132
11943
3988
8961
10410
3716
8752
1570
4756
2384
1892
5288
7149
7813
1985
1339
8420
10341
11451
12333
7833
5608
10421
1868
4614
9838
10880
12655
8599
11353
417
1240
8141
3663
5277
7138
6025
10309
4854
7928
9987
8112
5030
3334
7062
5292
11547
1285
4483
3236
8205
11575
2975
8631
12400
1685
12836
9227
629
12492
11015
5520
11060
11917
7224
4289
2543
3167
11644
11520
6499
8882
10607
2044
11614
3531
5616
2497
4779
2019
3584
2816
9077
9758
119
5887
11472
9807
11251
11532
7086
5743
12436
10141
7199
5972
10608
2288
1137
6669
2157
1349
2399
2757
1850
2539
2473
1736
9643
4510
10238
2773
12857
8056
4818
5661
1434
4580
1673
6498
618
7237
3156
11499
1192
12087
9592
4955
7194
3983
6852
4137
10102
7263
5650
5492
8926
32
11826
1314
11296
11863
10944
3722
666
2797
5017
2182
11491
11436
11343
6856
610
5331
11444
418
875
5551
4379
2788
6825
156
10647
7712
9178
10307
4589
12620
8271
2486
12540
3185
5764
9060
1200
12176
12262
717
10087
377
3537
5673
8721
9578
5922
272
9595
8422
9693
8433
11848
659
4234
5420
151
11298
2330
358
3396
4157
5947
7044
11753
913
1729
6969
3668
11724
4112
12236
8383
4721
3861
10702
3005
6727
4075
8240
9730
10592
256
5554
1679
1218
10539
1920
12157
8938
12766
136
8366
11286
6892
4900
12155
689
8742
9556
1926
4843
366
1998
10686
6015
7706
4400
1690
12185
9137
10738
10620
2242
1499
10078
8487
12197
1350
4182
11099
8869
10253
8220
5523
3107
7570
3840
4638
8210
1869
311
4435
9066
3366
11113
2007
688
2567
7345
9881
7091
12977
3884
3407
10693
9985
889
5164
7072
3080
3326
2786
8367
12103
11307
1230
7221
2776
10050
2976
10277
11630
7314
542
2845
761
12307
6670
2866
3448
11603
10318
1852
12705
5280
5069
3312
11203
6284
1047
7335
12199
9549
10952
3339
9459
5712
9140
2168
4736
7120
10052
6459
4055
5139
8344
8821
11610
10707
2077
6237
763
12936
6271
6233
11277
7283
5294
6919
7159
3562
10828
7058
10013
8792
1540
7681
11699
4629
3425
359
1957
5346
10545
3948
11068
6268
8442
12982
2940
3474
7331
3573
11308
6554
9028
4317
12474
7253
10175
7855
11784
837
4373
1718
4232
10593
2611
7225
11907
8682
124
406
1520
6113
9076
7996
3487
1074
7388
1121
9254
12203
10972
5066
11560
2777
7566
1674
4287
5598
1482
65
7340
8724
5782
11008
609
3123
1636
4132
10805
866
7665
8026
5781
12338
6249
4961
2390
10923
1575
9894
5727
12686
10523
11328
1011
9010
27
4111
1996
2109
12354
3541
3226
4975
12551
4079
3173
3084
8326
12920
2294
644
3595
963
7493
1833
5486
4943
4072
12124
393
6929
199
2402
3365
8974
4194
3947
8336
11694
7948
6417
3243
2328
3127
4938
6413
2709
4161
6227
7297
9606
675
7569
148
9517
12370
4603
10527
12864
7366
4547
2225
9557
6175
756
6556
204
2111
10352
2331
7491
3549
12913
11036
7859
8905
7743
3980
2103
8843
2338
8773
7425
11589
10571
2355
3806
11132
6347
10288
233
863
558
845
6696
8227
12357
2858
11160
9026
504
2619
3771
12681
11441
12055
8567
12257
6738
6479
6574
9257
10268
12074
3188
11349
12567
6246
5378
9127
11021
9499
7768
10010
6983
4196
7173
9720
6067
6886
12529
3513
10514
3262
815
3177
6400
971
1610
3094
2585
5155
10044
3170
8254
7114
7785
11422
11698
1342
12174
5578
895
2954
11701
7319
2942
2255
1855
8075
1844
5168
2725
11584
960
3968
3965
770
11432
2401
2471
4935
10262
10438
10784
9776
8060
188
7670
1431
4305
1710
12274
11042
10282
8502
8515
8740
4574
940
5925
10097
5541
10854
2767
2043
4491
9122
8275
6272
13011
7413
10568
5116
3699
347
5387
11754
8
3120
12002
3346
9976
2377
1997
4893
8902
10107
4270
4569
4210
1460
12568
8163
7106
5828
11123
3819
4512
11709
10941
11983
5202
10296
166
1019
8833
6797
1923
6336
6525
1442
10804
8695
11609
4417
179
2769
11
6219
5974
3294
7808
8747
4449
7801
514
12941
12437
9575
7751
5430
5600
6139
2048
8409
4364
11401
3711
5968
11235
7191
4686
6120
4354
6616
2791
8135
11070
12015
11260
2910
10219
11120
6379
547
6129
12530
4863
4706
6898
6007
5432
11665
7625
3680
12314
7593
2681
12494
11731
8992
8346
2011
228
10949
4564
12151
1757
11367
1369
10614
11981
3349
11941
11824
5451
7477
679
6370
4539
10083
6761
10610
7628
2071
1837
5388
7228
5879
3603
3736
12580
6707
9065
3063
11324
12772
2475
1023
3172
9083
2381
10977
3644
4272
12238
10363
8204
2617
7510
10936
12666
4887
840
6944
2454
3362
4404
80
4229
7282
3990
10667
12950
9554
12144
2020
11840
4599
10113
12824
2811
8094
7151
4592
3570
9001
725
2078
1845
8164
4620
12783
867
3163
6514
4397
10398
7074
4434
7217
2033
561
5447
10597
9182
11448
7407
10218
3901
5938
10439
12128
12448
1792
4123
2267
6935
7968
8016
9269
11769
6222
2429
11906
9861
6368
9419
3720
12478
12342
5238
12402
8188
8628
3679
11817
699
2934
8600
6931
1378
12754
10197
8786
5626
12041
11522
6551
9368
1874
872
3329
9396
11342
6500
11005
10879
2123
9766
3688
6858
10666
7828
8152
11033
6549
12211
9108
5964
1818
12851
2837
6895
7168
5220
7290
5320
10435
6803
11169
3527
8226
13008
7790
4135
8890
12887
7324
2893
1573
446
1244
7483
8425
2859
10974
2847
917
1999
7587
2126
12418
12708
5302
6448
4470
8339
3505
3
11945
1982
7405
3453
12693
2701
4009
1781
3847
3545
2323
9397
386
2332
6887
10866
11387
2552
9300
9685
7699
1518
7760
2518
10958
1964
1726
11700
12439
1306
1054
202
5083
8645
8489
10741
4682
8353
5603
8459
5262
3258
8842
11202
1351
4555
3344
2162
11230
3265
959
1587
9491
7468
12032
10917
10990
191
5371
690
5403
10888
12810
8826
6192
12389
11405
9030
7525
8647
12563
2309
8165
12581
9282
4797
7578
4795
12597
1481
473
8058
12167
10546
1896
360
12166
6297
5166
8376
2551
9284
5025
3181
8602
8170
7829
1838
9493
379
9747
8300
578
10242
3424
6340
9225
9500
2310
2426
5565
4315
6290
1259
1415
12108
3166
6975
9091
1187
3683
315
9572
9706
9259
658
11013
4806
9442
12380
4278
7193
7444
3829
8692
2026
6331
10237
7560
60
9512
2615
9133
9052
12191
10258
783
7662
132
526
10792
1397
12947
6134
8941
12371
615
10831
3591
11394
7892
6341
5609
8488
6457
9784
11722
604
11409
2458
9653
3075
9110
4142
11435
10029
7754
6800
12722
1948
4950
357
11054
8927
10587
1914
1651
10632
2000
7480
5685
5113
4749
8111
12691
9871
2665
12635
7140
2781
6516
6906
8426
2996
273
345
11773
7435
5191
11012
9410
5852
927
9728
10611
3891
6995
1846
6239
8329
8733
4615
9027
12088
3972
7949
7235
5010
9356
8569
3559
10984
11518
3824
3883
3732
11029
5639
998
852
758
10653
11495
11064
10704
8328
5448
3006
1669
8886
7639
839
10320
7303
43
10008
8513
8998
10512
2121
10595
9796
2050
10086
907
1404
4344
11086
11651
5021
11278
5847
322
1209
12779
9993
295
9289
11359
7862
7037
1977
10872
1811
6708
1769
12872
10082
7850
10599
5121
6277
11130
11048
6428
2948
3098
333
2235
9408
7967
9709
5089
9684
7286
8624
12137
6424
1522
2477
8039
4847
3021
11696
11887
1252
2594
1784
5369
8153
8788
3151
3979
9980
9836
653
1322
6043
12226
231
6191
8856
6879
3057
10922
7613
5225
10901
12382
7979
3952
1013
3427
7402
6768
9478
12759
972
9099
7565
6558
4164
8858
850
2212
10924
4259
11730
2391
8900
4884
6098
4939
3961
9995
6058
1612
5574
4294
6908
12892
1091
4480
5536
8166
6438
9314
4734
12235
229
2063
3547
8586
1613
585
10966
7207
157
11119
2409
11510
1092
2311
5075
7649
5199
9791
8309
8498
4633
6454
7920
439
9260
4065
160
10903
11525
632
9496
6042
4303
5910
9351
10006
1787
5787
12770
8519
3842
7071
7962
5197
9553
11519
12908
3406
811
5347
8050
252
2763
2196
6851
2795
9422
12554
7912
12135
10313
9658
8814
12818
11476
4323
11329
11457
8521
4043
7782
12609
3548
4318
4921
1578
7266
4595
5718
9735
10602
10490
12715
9200
190
10677
7272
7720
7930
1015
249
6814
4527
10362
11076
6644
122
6665
1153
9107
1373
6003
994
5404
668
3864
4091
2564
10790
10814
9465
4663
5052
9452
3059
12259
12891
4235
9079
7688
126
11216
10979
11267
2884
5892
8068
5859
7740
5310
3411
8171
12276
612
4076
10358
10876
10468
9367
9655
4509
5013
2286
9547
10745
5357
7415
9335
5487
9882
639
12011
9775
3504
12398
11822
11605
2056
9492
3544
3641
4143
6997
6357
5965
11632
2373
1711
9214
8448
2094
10450
7640
8345
6530
5765
5611
4039
7416
12925
12833
3222
49
4924
2682
3825
12422
12490
3873
4743
3446
3309
4238
5864
10899
1908
6794
4810
11768
10254
2492
10785
7942
11059
2210
9697
2400
11789
6090
3413
12606
461
6122
4468
9528
10589
6212
8478
1402
4326
12036
1189
4031
2138
1166
1348
7919
6021
2507
2854
7041
12297
12805
5322
11721
5790
11182
11222
11832
12220
10487
2453
4881
5215
8151
6460
4440
11692
7636
1136
9007
2428
4957
4691
5863
6742
12216
7954
5914
9326
5372
10503
7809
4314
7489
2745
4416
779
5846
4489
6781
8063
1607
9511
4890
6628
7762
6540
9382
2440
8899
10935
1495
5831
6735
11973
11719
1720
11966
11676
4804
560
1534
3058
4693
2756
254
6307
1232
6926
7196
5203
7537
11115
10709
6409
251
12286
491
490
10199
291
3136
10664
7365
11808
4903
5180
802
5353
260
1990
4814
9092
3218
1697
12948
7035
508
2555
5315
5067
8143
12420
7189
2203
4208
8324
10354
10780
8627
4034
7794
7447
10591
5396
685
2308
8774
5816
327
8536
5087
3777
2010
6289
1243
4448
10858
9255
6427
1354
4506
11067
7633
12533
8308
237
8074
98
2678
7777
3420
5019
9638
1441
9212
6960
5446
1751
2002
4880
1145
7611
5617
5413
6650
7436
819
10448
6672
7966
5560
8855
2136
11744
5926
6591
3401
7515
11954
3600
12266
9723
6630
8804
5316
9414
3536
5526
6187
5586
681
2298
4118
11196
2958
5287
10109
10193
7564
720
3821
11229
10498
7547
12952
8352
3399
3432
10159
5392
7492
9014
109
7466
4474
11542
2285
9445
10214
4226
2387
9513
12250
1876
10916
709
12345
3091
2008
778
11238
10331
4882
6840
9971
7883
7518
8703
3105
11717
11019
9811
5767
5714
5491
10524
2490
10528
5709
4274
7551
8428
7713
8731
5333
5268
11017
12264
12975
12651
3790
4761
6197
1532
1312
12924
10535
12033
3325
10049
8943
259
6913
6211
11845
8288
4581
5958
3579
10317
7258
3382
7690
11140
10281
4866
3214
7300
40
5358
8772
12519
4561
12059
262
4819
3885
6659
8113
494
8203
3751
10986
4332
4846
4116
4673
8933
816
3348
1284
5167
4970
1492
2943
10902
9202
6105
7703
3100
5393
6337
8335
9296
2427
11218
546
5945
9525
12292
9714
1644
7817
8982
5326
3395
12757
5592
1951
10419
1543
12143
1629
2469
8897
10706
4553
7594
9620
3149
9646
7304
4864
8302
101
4499
9641
10071
12751
3820
9724
6292
11831
8061
3752
6364
12149
1386
2446
11829
11620
9040
5229
772
4335
4092
1177
3046
567
643
1979
3695
6196
10700
4811
8907
6189
6728
5812
10763
10715
9061
1333
12331
4604
1193
11139
3175
6679
549
10005
9522
10370
2689
11579
9922
1346
10841
1097
9449
9163
12461
7101
3848
10298
4053
12194
8555
381
3953
12008
11245
4069
8954
6777
10098
6218
12832
2306
6060
6151
2451
3088
11999
12590
11485
4288
2209
9820
1974
9781
7563
8147
701
4954
4191
6625
9770
4917
4674
2468
4540
662
11657
4078
6323
10833
3393
8088
3798
10350
535
9555
184
12075
5770
2638
3037
7234
7663
4124
8587
791
12899
9705
10349
2506
4723
4140
7941
9967
7969
8395
6344
9519
3741
5405
4817
3775
9241
5264
1400
9345
2808
12749
8971
6733
5952
2570
8610
2674
9094
3332
1303
579
2595
344
2322
11908
7441
628
9539
10489
5690
496
5540
896
7094
4728
2243
2965
12328
740
7328
4146
11982
2903
1162
1125
3605
4913
346
5577
5726
4431
3209
1623
8641
10121
11482
12352
1393
7329
4586
5648
10496
4040
10823
2068
6689
619
1376
1108
5659
1872
12986
7265
12397
5204
11523
6787
4772
7059
7514
5646
9639
8223
8779
9885
10374
12853
10573
7370
4148
2979
12612
5857
12085
7479
8387
9701
6894
2834
6726
4385
3160
10353
10988
9895
6778
8864
2268
1645
11886
12729
4989
11391
817
1911
3133
9016
6226
1538
5181
10381
1654
700
4552
2517
7356
5235
3152
9805
3933
5406
5575
11170
1961
5769
12782
7793
10578
5011
7701
4266
12000
7700
11291
3987
12791
9359
3074
5573
8325
3045
4631
9176
10338
12956
10171
4740
3731
3618
12246
11297
1940
818
7812
11088
10739
7004
5774
10689
2303
8679
2349
3198
9366
4523
5286
168
4300
11305
1445
9267
4630
1318
2362
3714
4951
1744
11587
2163
9560
6677
1760
3409
51
12067
7909
1004
7383
6285
936
10204
5870
1147
6818
361
11591
3729
6013
9698
4722
7810
5730
7528
6839
767
6606
11815
539
9970
1077
8172
1745
129
551
1042
9765
8510
8616
8678
9969
10227
7430
12416
12115
1407
502
7349
4867
3899
4424
12667
1311
8634
3827
8372
4841
2526
50
1842
2080
10609
326
11875
11280
2937
990
4023
5570
305
9501
3268
12150
12427
12638
8604
10911
3041
6961
4579
7602
7709
11375
4302
1204
5977
4018
3918
6089
3662
7630
5031
5538
2952
93
12284
5208
4152
8518
7226
416
2397
7978
6706
2488
11161
5216
9490
8412
9063
7187
9280
2677
3630
6813
3033
6609
10132
4285
208
9220
6939
993
3667
4782
9002
1686
1561
172
9173
5
10432
11376
3336
1107
3613
1182
1913
3428
7348
7822
4068
11969
9426
12875
1738
8822
3145
8763
4087
2154
4784
1260
4844
11442
7992
5157
5218
670
11622
3982
12990
4596
5260
1472
10293
9151
3360
10904
419
10194
304
7376
10023
7619
4059
2266
1246
1281
459
5534
11284
8556
12960
11336
12123
976
1036
10516
3845
5459
2177
7219
10660
8322
12762
4502
8934
7440
10997
2609
8598
10127
10133
9680
11325
10964
1774
1113
12834
11469
9271
2258
10366
433
4669
1968
5193
1819
6186
12598
12767
6966
2249
4022
6940
8307
2179
9940
3370
12278
12097
10928
8264
1135
12302
54
11544
2959
4484
6880
5440
11856
1364
99
1557
7857
7841
2824
9374
95
4265
2645
12501
4175
6420
4672
10860
8008
12409
8286
12251
9484
8735
3975
9049
8707
3423
3859
11144
12248
2501
11976
352
2128
8866
5375
6071
8169
829
7156
11427
3306
5107
11733
4273
1016
1060
1084
6229
7075
10883
4911
8385
9229
3583
4263
3232
2831
620
5058
977
5642
3593
3764
10981
8860
12788
2164
8593
4624
7442
5904
12987
10164
687
2478
3620
1076
591
7627
12063
12104
5683
11057
584
10084
1006
8930
9405
512
3252
12391
8923
1079
5856
484
6784
1021
245
6648
9596
10290
1740
1875
3355
2916
8973
5263
12285
7622
6334
5148
8550
5084
11578
4002
4962
5324
5976
3877
3996
12429
2090
1714
10131
10032
3540
3530
9131
11302
2935
10443
9234
8756
12249
12046
12512
12133
1758
7730
12710
2574
8841
11691
5548
4644
12020
9686
497
12707
9972
7837
12060
11301
4029
10048
2142
6225
10251
3087
3592
10825
769
7400
9505
11150
11946
7453
3568
6376
9965
9857
7357
9608
5081
4769
12695
11635
1567
12747
6717
9932
5556
6476
4745
11187
799
6660
7392
7346
12748
11593
8868
8922
8052
3314
7846
7306
2118
5930
10085
4150
12291
11996
8396
3216
9576
2413
7039
10770
647
3521
338
1768
11334
5691
1705
12823
11870
7047
11911
4790
7632
4256
2483
527
12814
12640
5624
1672
3335
3147
6356
12141
8369
8717
11592
827
8885
6402
1406
1117
6745
8589
4403
3308
485
281
5269
12794
8783
5825
201
10257
5679
3817
1981
6066
4230
11163
10469
2887
11745
4963
924
12907
11637
1345
9215
10067
11725
9707
1115
10534
7824
9797
8080
4134
2925
8033
9619
5729
4928
8077
2613
11572
10812
1678
9716
143
4343
7275
6362
6040
162
886
5463
10681
1958
382
11517
4082
10186
4571
4465
7176
12884
6617
5361
404
5580
200
5663
1274
2823
12241
3379
7375
12964
7704
2337
9276
4205
8755
11372
12131
12225
964
7972
7484
11197
7478
3022
6148
10834
4532
10594
3694
6505
9073
9466
12692
1890
7601
6713
1775
6474
10947
8013
7516
4237
5871
10382
3486
398
10068
11306
277
12019
4339
2545
9809
3445
10982
1857
10401
7557
66
7273
1755
3719
781
3546
501
437
8558
4678
11972
3061
5237
9158
2261
1918
6946
5373
3273
3196
3454
8958
6686
8908
8579
660
3811
6115
9669
4367
8297
6849
4195
4759
8456
2061
1649
3608
9992
12189
4661
7494
7830
5510
545
6923
4321
2305
1486
6598
5689
7595
3354
7729
1960
10954
12329
1301
2498
3937
6001
94
8640
3786
12661
7864
9623
7645
3400
1049
7005
3440
5883
1756
11193
4976
4100
9290
7090
11861
1749
9433
5036
738
4816
7054
2599
3826
5997
4013
556
12763
8601
7031
6470
7139
11827
797
1199
1577
10586
2870
2612
11412
5622
10969
1282
2171
4106
7811
1722
8219
10096
9661
7874
1817
4384
3989
11364
1330
9265
2668
3056
2991
5923
12672
10769
5839
821
3116
4731
9759
10945
8803
12114
1141
5431
5122
1680
2245
3076
216
1387
12385
11720
6646
10839
7434
7256
9699
8041
12305
12460
7903
6835
6485
12122
286
11380
4520
5146
3938
920
11226
5793
534
12465
3498
10244
13004
1681
5000
11569
10654
3905
3528
8528
7836
4147
3391
10494
1550
7505
5061
3512
12978
2180
11979
12044
5813
2868
11785
2587
12582
1509
10942
8402
4017
2749
5635
3217
3060
3206
9763
4445
7024
6871
2146
1090
12717
6012
4870
9558
9139
2540
1171
8317
7933
2193
7330
9124
5068
776
1039
11180
6256
9263
12725
3672
9305
128
9786
11978
1110
1834
5771
9194
3301
12169
8813
7015
10644
2581
9186
72
2447
4568
8272
4752
18
12031
2435
3035
25
5773
8144
3526
6216
2519
11748
12196
6624
4062
6231
841
7710
9440
8155
6147
5394
9392
562
3158
11255
5272
627
2419
9328
6077
9362
12040
7678
1041
5794
6917
8491
5105
555
9190
890
9088
3890
2760
11577
4241
10074
5505
351
4026
5018
981
1195
1278
3292
532
7166
10895
11027
79
10890
5988
11181
5885
4800
880
4187
6369
6126
3280
9571
4872
10550
5293
9266
8287
2028
8192
2962
11951
1824
4690
2657
3010
3730
10798
6903
2503
3601
724
3954
6845
7971
2973
5869
6572
1516
10463
9559
771
6361
9610
2221
4848
3043
10875
4494
6480
9090
503
9046
12424
349
12303
2787
8197
5615
9948
11950
3943
389
3072
4337
6419
12774
12841
3614
8846
11642
5039
7036
395
6230
7175
2166
1022
340
10711
410
11455
7617
6303
6750
5156
2592
6583
4382
10064
3004
12895
6204
902
6542
9042
1261
7504
5735
12921
6050
792
2175
2302
7399
9120
6971
12507
10300
5284
8964
5441
6052
350
3576
3009
6264
11741
11640
12113
10196
1098
1161
788
1694
6599
11178
8758
3223
3322
2929
2565
10676
5836
10871
12855
7826
5951
7721
1119
3263
12195
683
918
2315
7497
4538
5363
7657
10919
2906
4007
5195
5259
8208
719
552
11164
515
1211
2015
2819
1597
1214
5605
1728
400
11554
2825
10205
12700
8854
3622
7546
1031
8269
3958
4407
4189
10575
2597
1116
5241
775
810
2650
4453
9420
7945
7727
3640
9141
3791
7789
7646
6036
11312
1919
10486
11335
6205
6552
6578
11190
8284
5967
5898
11044
10918
6519
2325
9039
5266
4559
1991
46
3810
10565
6137
11408
12488
10887
1683
12602
9311
1069
3871
11989
12093
3721
7677
5005
278
3024
10217
11977
9223
1032
2738
11684
1637
4188
1938
4297
3874
10999
3089
3746
8993
2558
9231
4138
1086
9415
8384
11473
1320
2012
7469
2525
3772
12752
1196
8967
2853
7257
9713
1176
2030
2794
36
8312
10962
3018
3853
1812
6885
6262
4356
2863
2995
3377
3471
7757
5684
7500
299
5303
7170
55
7668
4876
5504
4479
651
8718
6658
6011
6473
5946
9652
2178
9825
4178
3556
7904
8660
6258
3275
2802
3357
12965
8371
634
8547
3264
6160
6248
12623
4827
1227
2461
3213
11020
6837
2566
3450
2724
5557
12471
5518
9304
10426
6468
5252
5162
12894
9400
11948
9089
1089
2398
10308
8139
37
5653
6827
10416
10856
6865
826
876
5104
8036
4441
6118
3318
7241
9914
9095
2688
10749
3587
8479
4376
2412
1707
6981
7186
8327
7753
5542
5671
3723
7717
9739
1537
2546
4753
12105
9588
8913
48
8051
9275
3286
3774
5809
10574
600
8603
10213
8845
12004
9156
4554
5973
8230
4778
5797
9352
11991
7111
9412
5818
1323
8057
7338
6807
5467
10618
4469
12745
2273
4482
8214
2586
8990
8027
12998
1866
4563
8160
5329
8759
57
8799
942
4649
11294
10420
707
3203
5515
7852
8625
10001
10345
10658
10116
2226
1432
8268
2706
76
5050
3240
5142
12049
12636
3066
3681
453
1444
5777
8931
3785
4299
1231
12750
4341
7764
4739
9448
2904
8010
7068
10551
5917
5776
12502
2152
3180
7498
8920
3945
857
8030
1882
6198
2187
4110
12438
9
4392
7051
6281
4168
7922
7531
1973
13006
4909
5761
3950
10637
8084
6655
4155
9909
4271
11147
9590
2463
7363
9508
10501
11739
10088
111
8462
723
4517
7827
1682
1408
2389
786
8706
3351
1221
7631
8432
12010
12171
5799
7042
9268
12390
11986
1798
12407
4279
9746
2947
1847
