4657
4680
10671
4338
12463
86
7865
1748
3062
6238
11752
6602
356
5720
1987
4325
3652
10897
10960
6687
9841
544
1257
9301
1551
2921
3677
1385
7459
2846
11846
8391
6033
8440
3765
8252
6685
4967
8976
11213
10719
11878
7548
8935
7017
8750
12631
7391
4532
4467
12738
3704
2818
12617
1832
2390
9984
7189
3054
7541
12423
2997
11107
7867
9712
3951
12516
1627
1160
6690
5512
1396
8755
3621
9247
12311
12813
8175
11045
11049
10183
4731
3146
2536
7360
5716
7394
1761
6239
7858
11925
6900
12756
4922
12937
4233
7694
5478
560
10061
4894
12447
5934
12820
5097
8262
588
6108
1453
12934
11806
2553
9259
10702
822
8312
12309
10369
12485
2104
7164
10531
1876
955
12994
11135
7936
3265
4128
3093
2816
5614
2101
5568
2755
909
1617
12573
5652
5209
9315
6415
2760
2973
7123
8726
9960
4324
11952
10803
11117
1006
11568
12258
11115
11267
7529
12518
10780
12096
337
7966
10695
7294
1993
12944
5119
2627
7272
4912
5035
11863
10476
6621
10576
3459
10064
9780
11081
9369
11904
1728
3281
12830
397
5607
11629
11363
8486
11179
4481
10151
9339
11838
12829
3263
1898
720
9644
3121
9348
5496
5381
8273
897
10601
1307
8327
3781
110
565
10430
8338
10636
9168
10293
4130
10580
8156
8255
11066
11016
6768
1328
2151
13005
5501
12675
6421
4746
8619
6955
6911
1421
9455
8524
11466
3395
1180
8259
6867
12952
4149
5080
5708
12935
8501
2554
12155
878
1177
11853
4425
7128
9366
7946
8044
12684
6862
6443
6506
344
3276
1059
3380
8389
10272
159
8819
2487
4861
12086
12000
1331
11996
1711
8903
2560
8757
7166
7162
4972
10163
6609
441
9459
280
423
2252
7332
8235
4713
3925
938
977
12628
2433
9656
7988
1750
5034
2129
261
1044
8180
3724
7499
2453
9584
4947
3292
12649
5279
9831
2673
407
1759
7679
12564
5494
10635
1060
6404
8274
1799
5001
8794
11782
959
2978
6970
10697
4744
12300
5990
5974
12751
11693
147
8540
6263
10234
12328
11420
5936
9562
6964
10279
1369
8236
1896
9458
7738
8097
12825
194
12009
10505
606
11974
2741
2926
12413
5711
9815
11003
861
1469
9824
12584
6966
9589
6096
8623
323
11290
3363
6786
1334
4374
8996
5075
3887
2448
9456
2841
10972
8642
10133
1244
11390
7944
1956
6739
8713
8344
8423
2194
8025
370
11468
1557
5894
2321
7344
6095
5039
3564
8263
8981
7554
10252
10756
11332
4884
11359
8041
1773
11939
10168
1089
4815
6350
5144
9516
4503
10567
12223
7183
1634
2450
9973
10861
12655
2546
9166
5482
1196
3465
10743
7503
4189
5240
9015
2807
2190
8715
5077
6401
4592
516
12368
2691
2254
5882
9484
3177
5423
9574
5022
9467
12599
4582
8570
12095
12896
6250
6213
12968
7139
4916
9146
1022
12857
9338
3921
1242
2382
4122
11919
1386
2800
12455
9995
9839
12140
2933
4148
11093
1955
2097
7329
4020
4548
4632
12906
2875
7556
5818
10052
10217
11500
9923
7408
10662
1118
9565
9402
3920
2639
7702
3091
8200
1106
8441
6252
11005
3043
6681
2249
8028
354
6395
12579
3455
3059
1464
5771
4155
3902
4906
8449
12554
12102
1175
10197
6601
3913
9603
10572
6941
11263
12592
9894
11437
1858
9297
2226
5804
8639
5580
6963
5265
9934
7004
5534
7414
12501
6402
7849
6571
11230
9432
11702
3020
4402
7133
6348
11098
4534
729
1475
925
3865
7037
3786
11496
10887
11155
11277
9907
8455
10585
11910
11039
193
168
8989
9234
10640
12403
11044
3682
9145
6473
10731
12219
5016
9837
9914
287
12072
2995
2645
6188
232
2475
8815
1417
1721
67
2927
2051
4244
10850
12064
1739
8256
4580
11058
8134
8397
8790
8435
3894
11885
11893
4407
2728
2497
380
9077
10945
12489
1038
1262
115
5881
11073
6901
5085
9847
8780
4531
9142
378
12985
260
2039
98
8880
6325
4755
5690
1710
9359
5305
1716
2924
11962
4290
8458
2452
4468
6467
7582
12568
8365
9962
3387
10057
12595
11033
10968
12127
2839
11739
7430
4212
3906
4377
5174
10453
6044
12603
6024
11947
3244
4737
9418
10267
10069
2628
6481
10651
1568
12535
12006
6846
10785
4446
7779
4387
6200
856
1359
10048
12662
8705
311
1922
7076
7372
4647
253
12566
9078
3026
5927
2351
8764
9170
2440
2570
2363
12288
10923
8280
6005
366
7589
5945
203
713
5860
9864
85
2258
880
2015
838
2287
4264
6255
7055
9631
12295
8905
8303
6892
11430
488
1061
3372
6403
6273
12283
8281
5367
83
4046
7680
6833
9421
2703
9866
6356
10954
1826
4991
8477
2524
9485
1909
2120
5670
8137
10199
9008
8580
2065
8072
594
3500
12964
8531
8979
12081
2882
11954
9500
8952
2174
9284
6726
6212
829
993
1641
11617
2444
3368
10443
298
101
11695
3717
7117
8499
598
1614
3124
9260
7194
237
8006
7320
6763
10722
2191
6817
12624
3153
2375
8050
105
11751
1973
12268
12179
3158
1591
2437
4115
10000
5477
8042
5875
257
10083
5788
8746
8923
5766
12483
11992
12158
11244
11836
6378
6308
2547
231
6700
11090
3070
6712
3895
12449
7751
6614
7456
4200
4458
12431
6448
1405
1176
10963
8894
971
1129
6594
3670
7404
8769
5554
5861
2185
3766
9276
4572
12926
1410
5504
9394
5493
4393
9173
12688
5172
5518
5684
8611
9597
8093
456
694
4486
7864
5365
12417
1454
733
6305
4634
1485
11975
12167
7386
3243
11143
5685
3881
7397
3769
1503
7973
12605
5064
7127
10687
10778
7155
8627
12755
12061
5824
2354
7572
2455
8090
4263
1692
2026
3833
8669
11184
3517
1891
10109
11961
4112
12705
11576
3952
9068
250
12118
8581
10351
522
6235
9578
12759
1372
9197
1780
4952
5880
7235
739
4529
3154
5125
2915
8024
13
4459
2425
11647
3856
3141
10893
4999
8109
6469
7817
12356
10755
7549
6351
4893
8511
11386
11400
227
7199
546
2766
10876
1081
1701
2986
2142
10481
4891
12888
9625
4489
8227
3166
12866
6919
9007
913
7512
2429
10145
11281
9979
12310
6975
6347
12225
581
462
8675
7782
10948
10119
8153
8987
6385
8827
3252
3294
3302
6295
1653
9317
1062
3286
6508
3390
184
9548
2939
9876
10389
2299
9534
854
4410
10997
6874
11958
4554
12407
5355
9190
10762
12439
10975
8004
1072
7211
11268
10116
5038
7086
4497
5933
4053
4689
9204
7047
6915
5402
9335
1867
2221
4629
2990
11620
8742
6608
10211
7085
8629
8016
6046
9508
8078
12494
11501
7798
10239
5427
6309
745
1672
6490
4589
672
6224
12227
6574
2962
11408
9465
7682
4203
6984
10240
4598
549
12523
9582
7240
5137
11643
4882
6206
10782
7853
1335
2529
2534
7434
2281
6982
3288
2312
62
4926
10157
752
11112
6010
10558
8155
6804
7026
12790
9599
3445
8766
5338
7539
12717
12970
3235
5108
4888
5834
12537
888
12775
2470
3722
4227
5385
9075
3530
1377
989
9617
8061
10767
498
3206
5594
7213
1967
5176
9931
10376
11861
6407
7652
7021
4871
970
434
818
10939
9403
3492
7927
11539
10385
8132
9948
2292
4578
7022
4826
5815
11324
2092
7321
2676
3675
5786
7791
2647
312
3937
2865
2531
2466
8217
11398
9430
9540
2233
10317
7704
297
7284
10694
1115
5420
12375
5363
6746
11171
7835
4480
10120
11246
7324
986
5907
11278
7412
7954
355
6128
2274
6216
6122
887
9734
1398
6770
4545
11158
3609
1167
3683
5466
10173
3816
6465
3678
8601
11190
9754
987
9350
5839
12016
1522
12066
1802
12026
7285
8519
6176
11514
843
11801
2431
4573
12575
11364
4113
4543
12562
860
9812
11637
7264
2724
3223
12697
3897
9266
6636
3370
8120
8504
315
6062
11209
1168
4067
2706
12702
155
12035
12787
2096
2968
1365
10942
563
10745
7902
10111
10099
1245
12422
3922
2340
1498
12146
12514
6387
9052
6111
12744
2714
6848
4544
10482
667
7255
7115
9840
149
5065
4715
2131
3936
11023
1861
372
7611
6304
12265
44
978
2949
5763
6120
4426
5435
4878
1389
2286
6293
1515
3221
9692
10071
4042
8300
9807
6409
2267
3524
12789
4044
4563
9741
8045
4681
8173
6659
8249
669
6101
9816
4583
10297
1990
10023
6335
7369
10592
5453
3810
3332
3025
7352
3947
2802
11684
8315
1364
11196
12982
3233
4234
5922
11382
8198
10204
2688
10305
5736
4418
5443
7808
10918
8659
10454
292
7579
3483
7836
1190
281
1935
1343
11669
7120
10065
5703
5332
1414
2731
4571
2003
5996
11527
230
9702
12148
2201
7868
12190
5928
1012
5989
1723
11479
11020
11909
11811
254
10107
5219
6417
1871
10888
1014
4311
7427
6933
10005
9975
2074
2265
12503
3753
4109
12090
5371
1665
153
4702
1005
5170
9408
6947
4484
859
4914
1446
12050
6086
9429
6729
5876
1241
9330
11792
7583
10951
9997
10306
3309
2715
5755
4381
8032
4164
12602
659
4372
10562
11602
8103
10673
8059
1791
11484
2335
9612
7106
2814
9443
7886
8644
12181
8291
12643
11489
2277
11451
9893
10657
12544
8228
5098
2558
1771
8650
9041
7619
2040
10616
8119
5759
5915
9825
263
4590
4000
7276
12318
8375
23
1147
4184
966
7728
12668
5490
11409
5970
3995
9354
8438
8177
10013
2066
10516
2428
8242
1603
2269
8290
9811
7425
8577
9479
10714
8453
12715
7958
6995
6057
6864
6631
10387
7809
10847
7180
5030
5663
2458
9551
12638
9961
10829
3808
1543
2152
10496
3142
2674
11367
8337
7236
1586
1477
7887
2770
11800
11810
11335
3301
3320
6978
3404
8926
9447
6294
2764
2881
11764
12863
4273
7156
3481
1854
9886
1945
8420
3412
7377
7699
3245
871
10955
10127
6445
5374
1810
1734
8473
3108
1301
12779
3488
5521
678
6085
2146
1495
10104
7
4796
2754
8043
10990
3369
11191
6116
11623
5227
6483
2806
2668
9715
7897
548
12861
12253
9990
4370
8729
9789
12229
9156
8211
882
4441
4920
12004
11433
12549
4492
9070
5744
12652
10331
6019
6299
7875
5362
11280
3058
7312
4339
2492
12321
8707
6785
12493
6032
12107
4395
891
7323
7024
2880
2056
2980
11286
7650
2685
1589
12247
2270
7741
8339
9761
12371
6107
9590
1540
12731
215
5408
9989
7558
2024
2155
2822
11146
3868
2907
1057
9518
11178
12281
5083
9226
9320
4238
6306
6203
97
10825
3425
11137
7244
7470
7140
2940
3507
5840
5189
10661
5405
4921
2380
7726
9696
11874
465
11923
1294
10908
10158
550
6829
7992
6962
4875
2811
12126
2974
11163
1124
4823
9526
10259
6668
4488
6950
2224
7877
4794
4853
11153
8704
6747
6698
1875
3192
5186
1243
5136
3916
11168
9879
6832
11338
5047
8988
5010
3476
12958
5330
7519
4427
2322
10900
1077
5677
6884
7012
7176
11566
11483
4501
9425
2304
11425
3491
3258
11767
9143
4090
3579
1684
1881
12639
11799
7181
7304
3139
6113
5731
1056
10054
11311
2723
7597
6533
8579
10524
4347
4249
4613
5221
8559
10159
6189
4756
7951
11130
4010
1965
11622
291
2008
2740
3477
8555
6320
4022
10143
10725
4341
7573
10891
2412
9563
844
9661
8179
5042
883
9122
6589
7215
1018
11411
8362
821
425
2947
9897
2072
6585
2934
3113
8824
8676
7882
5127
7891
10429
4201
6282
9307
2434
2911
137
3953
10034
9324
4813
5758
3804
2060
7532
12390
10556
11609
8429
6022
11075
11412
4133
3053
10421
12533
5479
9600
10022
2427
4822
2457
9032
9573
4167
7287
3667
644
8873
9024
4671
4310
870
1406
8037
12260
5855
833
50
2631
10414
6274
2869
711
611
9109
12030
7900
6311
3107
2108
6958
5835
772
9020
10927
11291
7606
1601
3970
11942
11785
4564
7790
8464
1225
11657
12426
2592
34
5327
4345
1855
3205
9453
334
4803
6754
8832
10448
3391
8975
7657
11296
4587
9002
9140
497
3078
8607
10533
5143
6389
12454
6968
6105
6623
7819
10565
11404
1518
11604
10404
9660
154
1484
721
6638
9039
7380
5911
800
236
9668
12119
7154
12242
8698
873
5557
8593
12364
9189
10921
4088
1280
6813
8834
6811
7555
1322
310
7223
12345
5299
1579
5950
3648
10598
12042
11423
1152
6275
11771
8799
903
4725
6528
5396
4245
11941
9804
6466
2510
4716
325
2257
12534
2057
11760
7932
2535
9538
9974
9566
8892
7585
4760
7615
9340
6431
10046
1901
165
1119
9386
2236
8674
12251
8826
3426
8602
5317
3261
6511
9766
1430
7888
7586
760
3963
4846
4611
2773
477
5110
11823
8939
8049
11387
6193
265
616
768
11297
5353
10432
6425
7232
9686
1971
7514
6887
3232
2564
12085
2219
12991
11897
7105
8213
6705
10375
5293
3333
9056
2569
6460
9016
8844
10631
7630
12238
12367
10015
5995
10548
7739
3756
11262
12569
10434
6391
1101
1308
2908
6078
11605
1461
803
61
11221
9248
5851
750
2320
156
3565
6135
7270
1451
11586
2268
5006
5203
3002
2648
10511
3216
1075
11233
11475
9482
9972
6390
7317
9327
1135
3174
4371
1069
10274
6048
3850
1286
8680
10103
9810
8257
5733
5344
12673
4996
8654
12306
1686
6707
12777
2799
180
947
11473
2660
3030
3469
7274
2418
8322
12080
11331
10993
11240
10051
1079
196
7903
4208
4873
8929
4350
6476
11887
3111
10740
8583
11814
527
10193
2502
10286
1463
703
8244
11708
10559
10411
9504
7098
518
6694
6296
6236
3846
9918
12798
4175
9788
12741
2913
6269
652
2188
11054
7557
4055
10676
10303
4061
7526
7921
6422
8320
5345
8997
3267
9602
2385
6484
9462
10349
4209
4847
5323
138
10247
5063
8483
7345
12874
5822
6251
11921
5041
1681
3260
3877
9929
7474
3471
5852
2306
11804
4742
3525
837
6580
10344
7975
1050
4568
7009
11303
8069
11815
2890
5601
5747
1697
5013
2161
8789
2114
5241
2169
8229
7847
12275
152
11803
5422
3473
4003
8469
11162
4714
11304
7185
10815
11944
1094
4436
8770
3834
1401
2239
5307
5838
11108
2348
5325
1474
8034
3351
219
4250
6684
6856
3335
9772
8101
9596
4981
11266
9695
8035
10872
3175
11385
5581
4490
1517
8087
12377
11641
9531
11506
4434
6583
1556
12480
2049
8567
6676
12695
1408
4217
6719
10513
5986
10528
8630
984
2175
7292
12640
10053
5407
11154
12392
7655
12983
4232
8219
1148
6386
5216
3498
1070
2501
7353
6815
7767
12724
9887
4676
6052
845
11508
4953
5198
10510
12907
7463
11012
1729
10795
11478
8402
10573
2863
3150
6756
12869
7351
4872
4196
12908
7565
2
11868
12106
12388
6515
3852
2975
7375
7658
9848
2202
6170
3339
12264
8859
200
5282
10868
1467
6674
12249
9558
2484
6699
4331
7384
7559
1460
9161
1367
3639
6452
11456
9444
788
7800
1051
7495
6164
1633
1205
790
9626
5347
2081
2634
6185
5298
7373
2394
8912
8218
8636
5073
7298
6099
1186
2012
9994
12380
9372
10959
2815
2692
1829
7906
8932
11079
6740
11402
6972
12712
4498
3616
4588
10393
5539
1267
9795
9115
25
12517
11428
9347
11037
9242
5366
10873
10192
9181
576
961
10161
6979
11050
5074
12981
36
8723
12943
10300
6839
3882
7834
4430
8692
8311
10328
8357
3540
5105
4774
11741
10526
8064
6654
690
11697
6355
9658
9101
3181
7909
5061
11982
1563
117
6084
3209
1949
3948
6118
5007
2016
4651
1584
7959
10026
3969
10989
7424
4246
9670
4328
2125
4989
6464
11231
1279
5906
9964
1201
5698
941
5586
3047
2753
779
4449
4401
4653
3410
6600
2255
10356
10260
4259
6080
3347
4929
11105
5790
1353
9009
2435
6514
965
5929
3705
4124
2105
1102
783
2436
4266
11472
3097
3127
8187
9730
3436
12024
1707
11060
10732
7918
252
10188
9583
6323
2793
5846
5156
11526
1390
1683
4762
7195
6018
5841
1864
2813
3528
2889
7295
706
2687
6149
7210
9850
6194
12618
81
9762
4751
12461
7118
11998
11789
2683
8970
3262
6704
2490
10271
9755
1473
6953
12198
1851
8331
7328
12138
386
7544
4510
5863
10058
7335
6497
8293
7005
2198
12733
1234
3227
11421
9821
11056
8537
5428
7938
10512
1704
9296
6627
3814
8982
7753
8913
12339
12235
10999
8998
6253
7854
834
11127
9428
6371
10550
8641
11389
493
7873
6570
5618
48
7609
617
1673
6384
3019
6076
2069
10578
8497
2138
12552
5550
7729
12897
1859
11271
4330
11323
7969
2068
8394
6625
2326
9239
5713
2459
10924
4158
2170
2914
4309
8541
1035
764
6645
3090
7452
5400
9178
1047
6737
11294
10360
1816
2278
2825
9797
3190
9353
716
5743
4977
4048
9412
9219
9940
6615
9952
2746
6456
11092
6498
9735
307
715
8589
6496
7806
2693
7192
5575
4277
761
7063
4881
7035
7575
3862
10031
875
12452
12186
11562
8424
24
6228
8787
3482
10744
189
8791
8609
2883
901
8151
10669
517
11491
2708
9054
6757
7560
467
5689
9577
3376
9779
10727
2392
8867
12823
2843
10229
9051
1651
2742
8298
4161
4908
8991
4226
11551
6749
1120
6985
12248
5520
12536
5093
10094
11582
6999
11417
7364
157
12542
4477
2009
10883
10330
9213
11512
2373
8721
7982
6875
9494
3155
12881
9471
8051
12920
5785
900
3402
9544
10485
12453
936
1741
9271
4801
2654
10468
11652
5680
6794
107
5924
9970
8951
12593
1562
9094
10166
10228
7638
5094
8592
5727
6486
1794
122
5445
5728
383
10902
9125
5049
12442
6861
8994
7997
11142
7071
8667
10250
4923
7759
2238
655
10342
10681
12262
3941
3731
3573
3431
3660
602
2819
8781
9627
7637
1566
12289
3546
794
3855
9917
7696
3807
4539
4674
4205
6271
9395
4983
11638
5067
1625
11126
1725
11659
9079
10532
2426
571
6266
5379
1590
2998
8879
12109
1997
4064
9011
4840
9117
8741
1292
6822
6462
2471
6816
5392
1351
8152
6541
3229
7885
7297
9833
7079
3480
5920
4289
5473
11222
3989
9355
6292
1336
8388
583
9294
4757
12764
12651
11883
381
5082
10295
10817
7376
6171
9506
8553
7641
12093
3293
11463
3549
8612
9664
1712
10928
7006
9183
9460
11228
812
10176
604
4693
411
4750
9869
2055
3797
10754
8585
8313
1219
11164
3567
12037
3170
9744
12472
5982
7778
757
5624
8717
6655
10625
8305
3105
1736
4496
2407
2303
8805
5233
9071
6576
2808
7761
4159
7028
566
5944
11318
8500
8299
2952
4237
8901
11166
12671
11670
10085
9273
9223
7670
2544
11565
3749
3419
12513
1321
5789
8530
3315
2028
4659
12379
7723
9586
5177
4997
11352
10646
11321
3497
4856
12979
681
5060
2789
6054
5361
7245
12550
1812
12677
9373
1795
6850
2025
5561
91
1440
7395
12152
12841
5152
412
691
1085
2482
7002
10309
2346
2280
1528
7379
7382
7072
4210
271
5590
5223
3255
5168
10367
2211
9489
2182
12959
7278
8048
2563
9476
12664
531
5290
3311
1907
8505
3125
2624
3591
9030
11109
2851
1928
9337
4453
9091
8091
12441
7562
4444
7011
5467
2699
7392
8842
1870
5740
7435
9092
2199
7961
7366
937
7419
1025
8861
3273
4586
5399
4502
9819
2586
3279
10027
1486
3792
7401
2404
3778
11559
10792
4491
3447
2633
3510
400
9141
11464
7423
9830
5958
12989
2805
3029
5889
2866
4150
6328
5888
4508
10519
12376
7234
4423
2551
3812
9336
1478
570
11714
5087
3403
8875
1632
12393
13007
10004
11217
1619
6075
9437
2291
6540
7621
10298
4041
3269
5162
12745
1797
12706
4839
7361
3975
259
5646
9652
3185
12395
1435
3439
1399
7935
11214
3438
11685
8202
4668
1959
11216
3624
5191
2680
6841
6830
3285
12458
11414
6307
319
7771
4268
2391
8763
8493
2667
12416
6722
2276
6244
5322
2106
2644
10896
10435
12538
9037
5133
8085
11042
3010
2509
9110
9253
1212
5351
4591
5676
2542
7019
836
392
6437
1726
11248
10181
6517
7816
11312
10542
11938
7960
4368
2886
12293
8387
3762
1455
4323
4550
11096
68
3689
3088
5164
10678
5337
92
10484
8427
3424
1782
8431
4832
2792
7428
4118
7440
8238
7191
1268
6932
10814
11691
9014
11226
7745
12822
1942
390
4540
3606
6866
3328
1668
9477
912
9191
8201
3800
6449
1941
8022
5201
7406
595
2013
6857
4105
2669
1356
6112
2298
9198
6088
4814
5318
3929
4804
12678
3774
6518
6115
2750
6382
5706
11258
1838
6360
9228
5634
1265
6513
3179
3055
5254
5914
4365
8978
1091
6147
11315
10691
11901
2619
5874
2679
2259
4723
11959
12887
7661
6993
5181
10436
6297
2134
241
9731
6314
9474
11150
2235
9303
12870
10277
4645
12303
8686
3885
5228
3993
10049
6906
7187
6009
5904
9610
11287
991
5401
10650
12886
1189
6764
12734
519
6499
5913
4700
7664
11362
1841
10609
3751
2467
3735
3542
102
9806
1222
12163
6324
1863
12804
4527
10788
5635
5388
8478
11722
1992
988
3149
3135
3923
2127
1988
3986
7171
4192
10131
1429
1154
5552
1434
6728
3163
9069
9675
6406
5271
10933
1844
1271
4507
9093
10329
3005
12929
10810
8407
8993
6823
10621
4618
3851
10905
8809
3598
7225
4887
9176
3871
8837
12241
1109
5239
9801
9587
11299
4493
10689
5483
5452
3757
12565
11808
4771
2398
12502
568
12594
2423
7068
2241
3758
12720
3563
6672
8800
10587
4025
10922
7848
10557
4764
1996
8073
5873
12993
2370
8335
11986
6353
11351
247
12570
10684
1757
10686
2868
1542
6161
4686
8938
6682
1166
2827
4125
7595
5285
9616
3427
6458
4874
2788
11650
2166
7545
3614
7876
6755
5263
6298
4848
9936
8840
1969
7203
9167
12296
4585
10113
4536
8147
2479
5803
186
5053
747
9709
6003
11989
7097
7651
11839
4024
4788
2498
2243
3703
1169
3555
11024
9088
780
6136
11089
2387
8974
10439
9295
4843
8476
11983
2598
2266
775
2087
6634
9106
2989
12351
173
8364
2070
10278
914
10428
6427
12103
11499
235
894
195
8984
4708
2400
6223
10773
9286
9308
11680
12732
12854
7939
10822
653
8253
2562
3641
11452
13000
12512
3928
146
12658
1073
10779
4990
9464
5754
8508
1173
7649
5484
11275
728
3611
12033
12069
9399
4059
12194
4306
1097
11424
11243
3623
8829
7757
10391
5636
1656
7448
10346
536
8869
6287
5275
5372
5272
5702
5339
10765
9593
1635
5991
5193
5836
9842
8001
7310
9857
6494
11916
6379
11612
11167
8047
5980
2357
6227
2077
11028
404
11516
5887
3346
6607
10901
2606
9240
12532
10617
2272
6103
4275
12736
12290
2516
1104
11074
7747
1007
12165
9470
9798
11341
9287
10823
10672
10502
1952
5589
2176
11199
1724
2938
11575
382
2080
10087
11766
2033
94
6779
3866
3924
8017
12895
9080
6446
4140
2895
7357
3173
10080
10129
10848
10357
9099
6787
8465
1549
4191
21
11070
9486
4739
12202
8204
884
6646
4537
11968
10966
12739
2972
12327
6840
8314
2567
3643
9381
4925
10475
4269
9488
2932
8104
2164
4094
8798
10718
452
2697
11712
4040
9387
8369
2928
13004
11696
5767
12415
778
274
785
8436
7315
6472
402
10212
8699
3433
8626
11232
5179
2358
9905
4542
207
2896
5335
10830
10812
631
8797
590
2700
7044
12270
10025
6797
12553
9023
5124
4066
65
9638
10445
9873
607
9195
11744
5745
6332
10831
10540
4016
2935
12391
3691
1432
7122
1809
461
2296
9719
2196
3536
1612
11556
1559
983
599
9275
5751
11025
1402
12184
11017
182
10401
11891
3698
10597
163
12615
4736
6175
4280
2658
6301
12796
7219
9376
8684
2162
7667
3847
35
1642
5410
7460
3811
11185
7587
9529
4695
1846
3927
4901
11078
11241
11141
87
11027
1836
6948
148
1483
10699
11579
429
10608
12043
10715
12924
1347
11995
1789
12440
1957
1030
12084
504
4895
12961
5276
574
1991
5115
12051
7130
7197
5844
136
1899
11253
212
6313
12674
6310
4775
1164
9930
8708
12097
3755
11723
6920
2620
7923
11973
3853
10875
11106
1886
12169
3932
12237
4051
4639
11265
10255
5050
5714
10729
8088
12758
4577
10717
11445
11295
7922
10641
4120
6230
9053
6772
3566
12355
7965
8020
8164
9503
4927
3400
7291
11536
12956
12922
6633
12696
11040
6436
2076
2857
3650
6219
8418
12666
12143
2852
4460
12232
3478
12932
58
3805
12936
12443
974
4597
3659
1537
12401
671
10038
1224
10231
1785
3322
12378
2494
479
7568
10930
7964
12849
6489
5553
6922
9838
1198
4438
5394
5845
3270
8446
3939
8625
7314
5455
592
8522
9722
11435
12816
8898
10258
11890
11706
9980
5102
8221
3697
3896
8647
1153
9263
9001
8817
5960
2876
10596
283
11264
7193
10078
11454
2795
2047
10123
1149
3381
664
2684
11245
3408
12215
7131
11955
10953
4037
5382
2123
2388
6270
10624
5753
12271
8634
6505
9601
10012
10124
8450
10560
9899
3069
1199
7590
10981
5538
12528
11980
2796
1064
2476
2954
1667
9659
8336
5246
3940
4389
3831
5941
9688
9187
11967
9613
9888
11014
11227
5971
8942
7280
7403
9969
6753
2733
4673
1553
10437
7043
7730
11588
3754
12782
727
2451
9859
10931
2666
1447
2083
12780
9013
3057
492
10892
6713
4476
9539
5687
6701
8368
5292
10180
4864
7487
4918
5732
855
4240
634
10433
1026
10600
8292
11585
2912
11649
8105
3039
6051
1919
10028
8584
8772
3795
12801
12601
1558
10804
6673
740
11940
8011
12795
1237
3742
10552
9180
3627
1037
11842
6847
10169
2415
8972
7330
1903
1872
7883
7030
5281
7669
6883
2765
6524
3186
1100
7984
12479
10777
11665
4518
10498
7201
11668
8346
9227
2285
10289
8136
12488
4753
6127
12150
4557
7926
8323
11522
2739
9100
10748
11397
12334
7204
8925
5188
3945
8413
6110
3799
33
9767
2307
6341
170
10400
7363
11306
1821
12807
1813
375
1823
7675
4153
2422
4867
7490
6001
12852
2566
7036
11147
11831
6507
3892
8272
4119
8481
6715
2446
3610
7898
3633
9358
9763
8437
1767
59
2855
8899
12317
7684
11914
876
11834
10194
6317
2309
5977
2578
10867
5837
7477
3454
12094
5011
1027
6925
4405
4329
9877
7446
164
12115
9363
10235
7881
10091
6724
123
3430
10818
6012
3967
1708
7153
10615
11642
9707
1983
8749
657
11292
7654
5516
9998
4157
4898
1550
12218
8241
9793
10130
9701
2284
3562
8071
618
8638
11103
7859
12343
4286
6070
990
608
10907
2090
5166
9188
11824
3180
12475
6138
7186
3823
10517
10174
9179
2456
1894
12201
439
10076
6565
1842
6190
6956
754
11345
2957
2086
1804
4717
9277
6692
188
1766
5872
1427
4014
10214
9904
3944
5850
11930
4386
11201
362
6893
1576
5602
171
6881
6362
9725
12746
12465
3171
285
4235
5389
6043
8546
10521
10726
10737
6438
10422
4579
8576
5814
11326
8070
9666
9823
5416
2037
9713
4541
9756
6930
2207
3247
9522
5230
5957
2523
8535
2059
4248
11628
11979
4455
1339
9890
11322
8591
3159
12055
2757
3651
1599
6835
1263
2098
6383
11346
3312
7810
6007
6396
5525
11631
6814
2019
5738
6618
6588
6543
4127
8053
11970
5653
9977
2045
7660
6480
4239
466
11572
9981
12428
12781
12679
11172
12904
7355
3798
10246
6039
5465
2504
11374
10230
8321
8891
513
12233
5619
10413
11729
9116
4471
6509
6559
9567
6643
4993
972
2689
8154
12045
12748
7786
5148
11830
5696
7618
326
8367
5645
10326
11645
10566
9452
3440
12546
2678
3048
4015
4085
10382
9222
9
3520
8858
427
3646
9082
16
2614
6910
11455
6477
6500
3898
10957
11548
3399
1837
10364
10301
9044
5306
1256
10106
10335
6156
3420
6159
9164
7715
5267
4780
7758
9112
11762
7093
7594
9302
6904
730
11960
8651
5319
9225
933
11173
10265
8696
6369
6433
5369
11148
8693
4821
113
289
9765
8192
2195
12473
8562
5498
3837
1226
6060
1349
5715
3874
10018
1623
12054
2414
1640
1266
8075
9856
10936
2797
5513
1663
12669
4612
368
10416
2050
2007
9199
10659
6965
7333
2577
8572
9949
11133
245
4704
12814
3519
5884
3695
12365
9066
4747
11828
7993
12846
11703
10122
8628
7496
12912
3106
5378
1526
12471
4116
11132
5632
7224
11517
7683
2879
3645
957
12916
10361
6423
6595
11704
6247
3738
9560
10222
6338
11036
3032
9947
12727
1652
7198
4638
12263
5959
6888
10415
4622
10612
10614
1182
3449
1033
9292
7706
11399
10440
6927
6375
12918
2503
6192
11598
3974
12947
11710
3103
11083
6173
376
8040
9606
2386
1868
4260
2031
12774
2157
7668
9799
633
11584
2293
9976
4230
8377
7736
5942
7455
3728
3869
1326
12017
10760
10084
10917
3282
6339
4852
707
3072
12482
11625
3748
5890
7174
3656
9901
12230
842
11068
6021
2971
9916
214
8830
5226
5068
12324
2240
6677
11371
3018
9050
3487
3635
9674
8526
10480
2779
2054
12586
1974
12962
8054
1878
6582
3110
8267
8760
10426
6470
6710
10692
9834
11131
7149
5273
11120
8728
4462
1784
5387
10226
9988
1768
11515
4836
651
5459
2992
7267
6572
6232
4957
557
1661
12691
5849
3329
2842
899
12818
11825
1216
12559
8734
10503
1249
4089
2071
2206
7839
1274
1848
5648
562
7794
11269
7543
1379
6049
12381
5902
5429
1944
6393
2143
1654
12460
9706
8401
5481
12802
7202
10208
338
10499
11603
7409
7765
8348
3860
10319
8785
12273
10067
3077
12762
1015
6444
10462
8918
8685
8617
8862
7623
3079
4466
6795
6683
3452
11591
5656
8839
2698
9575
1749
11541
12693
9750
10563
7442
7818
4074
12860
5384
7473
12001
11448
7161
7108
365
12164
9690
4396
4558
6288
4857
5527
6976
5194
11854
6038
6877
8716
5780
4442
12788
12805
10642
3377
2837
4357
4958
9096
8382
7820
12585
10758
11705
4866
3241
379
3638
2424
11379
10828
4869
457
10637
915
4190
9588
7504
9858
9072
7833
6664
5142
5161
1110
7313
1155
5620
7862
10452
4282
7084
9003
4511
10518
10595
5027
1764
5072
2840
10675
7449
12450
10589
5843
4415
6040
11328
848
3688
1449
11375
5309
4302
5938
8470
5419
11330
12793
6133
418
443
7569
127
10530
11784
12039
805
9193
3596
10066
4018
10690
4318
11781
12222
3486
3907
4817
5537
6412
8176
4073
5576
10913
6327
2829
11119
405
8643
6741
3632
12091
11543
4136
2483
51
7348
11067
10839
7737
6961
7247
5773
11157
5528
8157
471
6479
10483
1303
11048
2785
12817
4907
10623
799
11690
1682
1221
3508
7222
10581
1019
8852
4565
2581
2732
11701
3354
11249
945
1462
8379
9083
8183
6318
2377
178
151
4388
2664
8002
11365
1010
7749
6667
12933
8081
11988
9809
4940
10934
11590
1016
10460
645
160
2557
10088
12765
5719
9546
449
6268
1156
8485
8058
11422
8248
1835
2505
255
8329
5321
4829
3151
12842
1251
5931
10708
12850
1917
8689
10570
2417
718
2850
7007
7316
11700
7208
7707
5549
4626
8762
5629
5015
7561
3421
9367
7056
6516
9829
10807
5761
12399
502
2419
2650
709
8150
6637
6519
7239
6017
6711
3213
12018
11284
2696
12036
2832
8702
10881
7837
12809
12582
9822
8014
4892
2726
5999
4349
124
11358
5563
9778
9152
11224
6865
12811
12563
872
1626
9084
3942
9382
3336
7206
4971
7805
4696
2193
6249
4903
8963
4594
3817
585
9896
12694
12757
10110
12305
8068
6148
4224
3729
9153
4535
545
5334
1130
1078
5694
4376
12699
2230
5547
1505
9705
6549
7963
4865
7039
2923
10776
7686
5627
19
8159
10323
6782
9132
8297
8933
1527
12244
1631
5827
3571
4409
10929
2593
11859
11380
12257
7689
2137
7889
8276
4072
7038
3669
2246
12357
1885
4777
4749
12304
8106
6616
3096
76
4499
3768
12022
9290
2331
11285
6558
918
5123
2200
6026
9549
5854
10802
4437
2608
1699
5300
7952
705
8902
650
3904
1769
3297
5917
2629
12578
11063
2262
11735
3342
1803
8356
4986
1755
8690
6162
10299
1113
9891
12654
1218
6146
2587
1194
12459
6886
8547
7507
8510
6035
145
2804
11833
7381
9289
1096
1042
6471
3082
8373
7863
5817
1703
10728
10327
10932
6679
10903
11471
9827
8664
10713
5705
5901
5308
2203
8056
9349
8823
7346
7785
11922
2192
3782
732
3204
10738
6738
8909
10449
12885
10799
9802
8376
6909
6474
12616
3443
3219
3997
7165
12168
4439
4379
11121
1009
7764
11415
10050
8528
2409
12627
7784
3081
210
11442
5523
11895
6485
7306
1187
4137
6760
4677
243
6364
3934
11991
12402
1986
2910
12660
4461
12767
2730
640
12614
1609
2513
3578
70
11918
5697
4174
3361
2646
2103
3242
2517
3830
9568
5469
3045
3327
8679
10032
3098
3835
8914
8463
6134
413
2670
2228
2659
1466
10403
10206
8098
5346
9249
4800
5091
12082
9663
4440
6879
4533
1904
12116
7553
753
313
1790
1368
4229
8127
10487
10236
3326
3981
3378
8461
5386
1193
5190
8046
5135
3715
12915
1428
10142
1233
1719
3253
79
4156
11334
5669
26
8590
2520
10819
8853
4187
10137
9137
12687
11845
9594
6610
6129
10368
8039
5507
4298
1415
11694
935
12438
2960
4701
6240
4697
5910
5666
3513
12858
2918
9306
2115
7049
7934
8784
9892
10696
866
1214
4773
6237
489
3228
12419
4178
2618
2204
4169
8953
12939
7018
4223
4654
7735
1839
7940
3437
865
10200
6661
10667
12280
11545
2784
7196
3130
11076
8946
7498
11124
2053
9776
6215
4524
1506
4900
4141
8890
4333
11965
7676
4691
7711
4672
4139
4021
11218
11384
9018
10545
478
8239
1093
11768
12661
6482
8419
5360
10508
3396
2903
6453
6106
11210
4728
8226
5432
5303
10238
11202
12160
11569
3495
1340
9906
1465
572
11675
8957
3843
11531
12486
8666
6827
7768
1493
5935
12120
9114
12692
11648
6952
11426
7534
4584
8036
7832
6361
774
2473
181
8563
2506
12490
6928
4293
11476
10283
956
7766
11250
9532
7137
435
12038
10527
2991
9615
249
12087
2905
8165
6015
12637
5772
4279
3234
1659
2324
11634
2130
3398
12185
2892
4411
9085
7748
5683
5391
10275
3274
9564
4078
4855
4767
5356
12543
5368
12992
1210
10798
11765
1285
4456
1574
9438
1833
9087
8196
3145
11899
3523
7296
12387
4625
4599
1608
1381
9737
3581
3594
7454
7914
4570
11100
2406
2488
5651
802
1815
2512
1346
11237
7871
1139
9357
8948
559
12266
6370
9953
8575
8645
2515
4126
6059
2662
10763
484
3863
11013
786
3467
6366
12839
9028
4513
7666
1375
1258
12291
10372
6907
12178
12665
2116
5807
10207
5511
9676
2177
234
4960
9232
11971
1630
6718
1951
12894
6798
9466
6635
12003
5312
11247
8135
11474
2295
6141
7358
6938
1887
9925
12331
3532
5436
9937
352
1980
7083
4614
395
394
5488
996
5984
9751
11577
877
8703
6036
10290
12772
3655
3844
2132
4621
5397
4276
31
12259
1588
12879
942
2006
8433
1561
5562
12100
327
1422
71
8671
9721
8662
10764
1776
11699
6210
2461
8808
1644
992
12224
2374
4034
7438
2173
831
5541
7420
4424
5430
2128
3499
10101
8843
7626
3176
4334
8490
332
12213
11840
8184
385
2555
9915
10060
6945
7550
10
7124
12931
10772
5967
7908
6098
1383
10935
11429
4483
8487
7051
4643
10350
5225
776
10383
6504
9845
8278
11134
9026
2653
2159
9679
8415
7527
5095
2034
11144
9958
5229
830
7069
5704
6863
10333
1689
12865
7912
11774
7774
5417
3352
9048
3514
532
9783
431
2061
6550
5717
9128
9154
10653
1420
12025
201
8210
7915
11051
999
7100
5375
11317
9982
6184
926
7980
4998
5566
8325
2976
11829
5529
5165
3767
8265
1378
1732
3382
9718
1000
6087
12522
1730
10455
8416
4805
12477
10365
11855
3617
5997
5252
6556
8067
4473
8578
9536
12928
1666
9771
7067
8688
4862
11777
6994
5770
11095
9040
10149
4886
11401
4616
1318
11791
9855
11114
4099
11373
12672
12583
3484
272
7721
9433
951
6807
9136
9214
4252
5595
3385
5526
6819
8980
10021
1388
824
9607
11981
10461
8008
5258
10184
3552
1583
11261
2533
7445
9919
11734
9723
3189
7600
6434
11136
4384
7343
9483
5248
8077
11416
12541
723
533
1940
9217
4556
7516
6025
5090
6522
5414
2393
12398
6283
5988
11667
6303
7718
4464
1332
11077
10079
1312
538
5805
2717
7928
6315
2809
6573
7299
3044
10753
12151
4052
6056
7710
12370
2342
12504
6023
8160
9487
5446
12203
4795
4319
6177
6587
4414
8139
5559
4559
340
8966
3708
10202
2136
6199
7080
5242
1939
4177
9764
5610
5031
12478
12770
398
4385
9215
10182
8308
3501
3147
10009
5987
12838
10337
7228
7073
5017
3470
8370
187
6520
3112
8543
1510
11520
8673
3622
4738
10102
4428
6871
6461
3994
2783
6789
6603
6034
12425
3386
12953
11272
3548
1531
9739
6535
5078
7190
8434
3893
9665
8172
3014
8848
6708
10075
3418
6377
9322
27
5079
6372
5975
2179
3358
12209
6488
9147
9512
12298
11356
998
1002
2356
1354
1371
2275
4995
714
4095
10314
12572
6163
8007
3636
8086
610
5297
4342
4406
10221
7134
6805
438
4842
2611
960
4973
78
9559
11856
3249
8381
10146
4994
4661
4495
11156
6510
428
7542
3640
2616
642
816
8855
8149
100
501
6020
4709
7371
5966
12350
10245
5916
4180
12508
206
10844
12851
2301
9745
8038
5474
11145
2486
6354
5532
12803
10547
12462
5585
6102
6501
7822
5104
4312
7209
4819
8883
2474
12507
11790
10632
7436
5611
9860
928
7413
7813
7444
12487
1144
8936
5421
3200
9431
8985
1083
1358
554
4576
10880
5224
7870
1691
11203
9060
3719
7905
1508
698
5847
12104
12470
49
808
5734
12893
3658
1215
12890
4076
11169
276
9375
9224
2722
6027
2141
4274
1492
11159
9872
5671
10263
6093
2364
1470
6796
9238
4665
7893
5383
11581
3428
7256
10451
5659
7804
12301
204
10826
8756
7150
12919
4030
2591
1181
4005
2777
12747
4733
11072
3838
12808
1315
1179
10885
12297
8479
1206
11573
9720
10770
9329
2994
4876
2215
1648
8126
4008
11849
7878
10890
6639
2565
10561
2942
10784
5572
2951
3506
12997
5972
10911
8775
1700
10041
7763
8100
4553
56
4883
8052
7241
11540
9121
9717
11118
9557
12217
9635
10125
5243
825
4062
4450
6895
11872
3699
6987
469
5196
6414
10610
7955
4831
2675
11763
10098
6838
8871
12975
5823
9552
12125
2985
5398
12735
10464
7094
11793
12292
827
4679
464
8635
12239
10321
5597
12113
8646
8220
4631
2872
177
7629
3126
11377
813
10003
10912
3303
4828
4219
7151
3194
7645
8648
6567
4604
9585
5167
10820
10591
5154
12855
1758
6624
8174
11138
10378
2004
12945
10388
6441
9836
6775
3136
10704
2589
10418
10787
2043
3965
7616
8118
1718
12681
7916
28
6591
6894
9049
7254
10599
10716
6742
1664
10219
3957
5214
8995
4726
1494
1827
4667
12131
11772
3137
11010
11826
5069
8466
1276
7260
7924
10500
9027
406
4938
5503
11369
2943
5725
9935
2064
10648
10215
11626
4454
10569
976
5600
7482
11727
4718
5413
3747
5506
8233
5737
10325
9784
2849
1499
10670
12588
6752
12612
6140
10495
10407
11254
5021
9457
9043
5461
8649
11329
2590
9422
8283
221
226
4435
2150
9499
8277
4327
175
1513
12307
7931
8076
4703
11220
5236
4530
6495
4265
2183
1760
5551
12427
1476
3178
5638
2088
10979
11288
10619
7248
804
5533
4182
8552
11465
12800
3284
6262
12938
10366
11656
1039
7416
12337
10072
8451
8548
7119
9677
8123
7799
12007
1655
6131
4091
10967
6940
3119
556
1889
7266
11542
9849
2677
10320
6872
2256
6014
12408
8561
7468
12278
2085
2218
321
11002
4964
9157
11745
2084
2420
2273
4305
12645
4081
3115
8884
12951
4759
8216
1913
5099
1593
2500
5799
11204
3619
11282
4880
2481
8854
9312
1660
5200
5949
1817
8190
11316
9781
9343
11530
4173
3971
5449
5962
1132
4278
6202
10871
9649
12197
11427
2945
12729
11440
7015
10311
8568
2953
4300
10450
7995
7994
791
5829
6648
12867
5173
3490
2462
12611
5153
7070
2794
4879
9922
6109
7383
2018
10341
3962
7374
543
12604
6154
6291
3538
11305
12713
1650
10195
9365
9252
6733
12256
4168
9509
11537
10860
10209
589
5253
4009
9241
8949
4254
11948
5364
12040
8279
11239
1539
12005
11902
11511
6992
911
10266
2763
388
10381
1779
2126
7635
8171
7305
2381
12520
5066
11189
10216
6783
448
6319
5796
5040
3432
10506
7673
734
11737
11513
10213
12987
7396
979
12171
555
6912
5937
11006
7501
6374
4797
436
1437
5856
12927
3842
7860
8158
10171
11485
6267
12418
1491
2493
7979
335
1289
10520
11497
5587
1747
3422
8773
133
10869
172
7866
9004
5159
9846
2922
1972
2328
7523
485
8057
1596
10813
5735
8167
9262
8347
10441
6090
2964
1849
3859
8751
11188
11864
9356
2153
6688
11926
8129
4698
12531
5775
1638
7337
2955
7872
8868
9144
1238
6560
9501
454
10665
7107
12708
506
5210
9300
879
4985
5313
444
4071
10859
9684
6552
6139
12023
9104
299
7046
609
4812
12889
7566
603
9446
11794
742
3787
1114
5596
5437
4575
852
10282
9967
11818
3991
8231
10457
7634
4314
2522
3764
2707
9624
4506
7327
1452
7578
8467
12690
12386
666
12911
622
4373
1065
2721
192
10794
8947
3547
6345
12826
1585
4297
4294
6144
2229
8865
7890
5497
3789
12496
766
2625
8959
7041
6695
5976
8906
2445
2197
2528
1618
3900
10571
7464
9414
2758
12361
7646
11614
2042
4943
8491
3559
4304
6261
12990
11552
5905
2411
8023
6229
3061
9968
10638
6751
10035
7141
5983
8614
3092
2216
7775
9218
10089
8767
10946
1121
5126
7756
9978
5604
5052
10645
12252
12342
1705
1500
9752
3220
1738
12547
10821
9159
7147
6971
12012
7826
10937
2642
1380
4523
8354
5899
7023
4956
2122
4117
1629
10991
5784
12409
2695
819
8904
11592
3950
10629
7378
10425
3295
7628
5793
4890
9691
5530
4221
2826
1099
3042
593
10002
12032
3790
7551
11462
5760
11835
6936
6921
1141
2946
4662
11807
9956
1915
1235
2716
1253
11439
12812
10147
4315
3707
4811
7674
6980
12430
3954
2089
2421
7349
5729
4380
5269
12942
8194
1178
7453
9889
5693
3634
11320
3605
12659
2552
6178
1250
5045
4103
2147
8408
10594
2181
3073
8269
10322
5245
2906
5089
12864
11450
3472
1774
4027
5231
5211
1259
8060
3259
10849
1021
8695
12786
11964
251
5424
3299
4562
10852
4899
1426
4766
6758
9047
8234
296
9698
213
5812
2963
8656
2899
4636
9076
12204
5853
6067
5665
9844
12444
12359
9614
3604
4935
10371
7632
10604
7795
12153
3049
1001
11302
11477
3411
9419
4213
2339
12421
934
6432
7475
7126
12988
8961
389
12053
762
932
9814
7851
11084
6183
8595
3442
12925
4740
5778
3356
1801
10165
9097
12274
3630
2021
3479
5056
8360
10882
3949
7608
11599
10134
11301
11796
1457
6723
10529
4859
12117
7175
2264
6666
10962
9230
7212
10658
981
7802
3325
2748
11161
1577
1582
4195
10074
5517
11852
3761
4734
9726
929
9954
8758
233
8138
11528
3289
1488
3983
3801
3505
4355
2355
7917
387
11392
3184
7010
9285
9757
11736
7688
4917
1818
11177
3144
12650
11660
2543
7780
5722
3911
6977
3884
5218
11381
2694
9878
12434
12211
2682
4352
11396
3821
4340
10843
10081
6031
8353
697
1688
8166
9542
11197
10363
1985
8754
1678
5909
11041
5128
9065
7393
1698
4968
7184
10982
5810
10627
6160
9623
3516
12089
275
7178
9328
1796
8907
12574
8398
6
1029
7773
1857
7032
12338
3362
4781
2709
12468
693
1413
7157
3031
1808
7624
7777
11866
4635
7701
2041
10701
3534
5296
11913
9874
5748
11368
3211
7268
11065
2655
63
12521
131
4745
442
8426
5879
8399
2936
1645
6321
5730
7282
6868
5237
9817
7050
13002
6974
9163
3992
782
9620
80
6234
11276
3451
9135
7170
4320
3257
643
8222
6241
7620
1227
10243
12484
7246
6352
4080
2801
2712
4097
5438
39
6405
3602
1578
5865
2171
8814
3809
3666
10379
12976
7567
10985
1433
1679
88
9530
10539
5792
8874
4487
9636
6809
1080
5625
7129
12437
12902
9926
1677
8074
3416
7781
1143
2588
6521
9629
8665
4129
11529
11309
1884
10261
3886
881
6435
229
1847
12576
6082
9514
4474
7563
3903
11769
5764
539
9944
12335
8795
5232
1964
3138
132
3441
10620
10362
4181
12837
6944
11969
525
7169
1013
4619
3104
8019
910
6656
1084
8141
11525
199
12020
7755
6852
3673
4421
5961
3982
6651
11038
12034
3959
3694
7678
11123
12754
11775
12491
7845
3723
10996
4271
10950
8711
415
8962
6851
10040
10203
4798
6181
5278
9194
12836
9942
5548
958
10138
2595
9742
6179
2931
2854
9010
8333
1041
9103
10092
5535
11886
6562
1456
3568
6058
2460
3468
4834
10644
3203
369
8507
2571
10315
1572
13009
4063
4712
8743
112
9272
3407
905
8186
9985
7821
3889
6665
1507
7062
9521
10141
5463
10584
218
5842
6973
9945
10059
1932
2148
7113
9316
6557
2965
8520
4336
3489
9434
12656
4204
453
10735
9148
7502
5883
6143
6410
9413
12358
12467
11753
11418
2838
1068
5893
10734
6806
9184
741
11549
2919
5255
7104
12950
9571
6029
4135
11101
4549
4398
10154
8660
1254
12877
8145
30
12853
4610
8148
1743
8018
9591
10148
12778
5642
3737
4261
5903
11748
11984
6457
9553
11086
1337
9787
10316
7653
9746
7064
2283
12432
2245
4525
5626
3199
4593
12346
10549
12172
5147
3338
4326
3608
3718
3653
5018
591
8163
10613
2525
7827
3394
12847
363
1391
1170
11182
4032
5598
10424
6264
225
8523
4285
9404
4346
120
8917
9278
2319
12250
6917
9258
3423
4344
7252
10546
3583
1933
8264
6221
432
2719
9305
5787
3156
4060
11467
10664
520
8330
8246
4408
9782
5354
6761
9463
3392
3515
7727
2597
9634
2704
814
8812
1020
8960
11903
1134
8096
1299
5304
4392
6064
1908
10256
290
9865
6248
8877
12862
1185
9314
12682
12299
10177
4367
9748
12410
10811
1605
5688
5310
3290
7850
9813
1805
7998
11778
3943
4692
8066
2439
2465
8484
8670
4163
9208
2873
4705
7148
4146
1324
5149
738
2167
1397
858
5393
10789
3195
4422
7614
2862
11308
6100
7053
6632
11205
7476
11929
5014
8658
628
29
12308
4356
8677
3584
12719
8851
6854
8550
11805
10304
7996
3319
2337
9639
12963
5870
10417
3976
9095
9621
551
7703
4343
4332
7789
2408
3535
6670
8191
5139
11889
11007
3685
10253
7410
4505
2737
12898
4863
9769
12957
4607
9254
11460
5919
20
6523
9267
680
512
4720
10668
5679
5826
530
9237
5783
11717
4870
11644
6290
5157
11560
10889
12394
9261
10974
9332
5434
2205
416
798
6842
8813
1853
1229
11943
1287
12619
3791
5178
1311
11865
7520
8317
4845
11624
3828
8140
3647
3773
4675
3207
3409
9648
11851
1571
3067
2343
11664
6996
6346
3120
5542
9672
11052
6619
2225
11509
4889
11273
4982
7088
258
3494
3711
12577
11731
5395
8624
11405
2044
8845
1970
9655
11113
10402
12272
1529
7288
12149
11632
5878
12683
8588
1184
12360
10816
11860
9150
3858
8911
6222
5578
4547
10288
11234
5464
7398
4147
268
10980
5603
2603
12591
9693
11877
11339
11519
869
8516
7493
10132
7974
4948
2541
7788
1269
4400
2878
10920
10397
11192
12429
480
12609
2615
1954
6172
8432
2713
10940
4962
1133
552
4452
702
5654
7125
4270
12827
6745
2253
3357
10654
9983
12319
6468
2079
3140
561
1926
10703
364
2537
8343
8872
9669
11555
2812
5238
2495
10115
840
4656
12914
7855
12065
373
2313
4546
10964
1674
5096
7509
11198
6561
10688
11850
1011
9089
128
12835
689
3625
11957
6151
1869
7910
1095
9231
5431
10958
11616
7720
3890
8270
10347
10489
10090
997
5992
7173
7322
4650
8529
3222
6622
3864
7350
8169
2894
11494
5492
8527
8409
1284
10427
10944
11361
12145
635
9229
9469
1781
6765
4509
3806
5009
8083
3819
6068
9311
11633
12137
8632
10579
7743
55
12525
5544
12707
7048
13011
5978
13008
3202
5012
4608
9650
11746
303
12500
9435
10394
8358
10846
2017
8908
10509
6596
1866
10898
4291
1819
11152
7336
3330
3068
620
4107
12101
3946
11951
9129
1442
4391
3277
7441
1592
4758
2861
4778
12373
3692
6834
9216
9257
612
1048
11140
5599
6041
5433
1793
4366
685
8849
1564
5641
4170
10884
10270
12228
1695
2511
13010
10834
8945
7772
10895
12180
12079
10593
11997
3590
8969
1953
458
12965
3551
419
4143
4928
2735
6767
2403
5617
12412
3314
11486
2787
12382
8811
6820
421
11353
7142
12424
2368
6577
3841
5643
9313
11728
455
8831
8468
11088
1862
8359
7447
1628
8214
6564
11990
5301
13006
5288
10153
2948
4321
7014
1246
349
917
4082
1316
6808
10156
8254
8062
6902
832
3671
12610
5202
4006
6254
10986
10324
3035
7617
5028
12070
8835
6455
6967
11550
6584
7605
1856
2189
12245
12876
12133
5403
2311
9733
1595
7911
12332
712
1981
3973
7880
7807
535
12882
10904
7677
1273
12810
7907
1162
1693
4785
6784
6773
2020
7987
8092
5150
10396
3250
5833
7359
5746
2288
473
8
5832
10949
5370
1523
10507
10355
1297
5718
8295
7941
4606
7092
1350
6439
4930
12986
8197
2671
9113
11160
1092
7058
1063
1910
3306
3553
708
4623
8549
3236
982
11610
9268
4049
943
9515
9808
11817
637
5183
224
3076
647
867
11055
10073
511
403
5117
9200
12159
8319
553
1207
11383
486
1541
5809
1370
5071
10864
5661
3770
10384
320
1931
12285
8761
3818
12315
5811
6186
10390
10874
5820
244
12464
3075
8931
10458
7856
496
1840
1136
5000
9192
8554
8885
5004
10348
12114
7158
10914
1830
9963
11057
3607
1323
1439
1936
9991
3775
5877
12596
6802
3038
3759
5932
12011
763
5289
1880
9388
8205
9528
11310
2769
9493
8714
656
8701
1989
1995
8881
1362
2580
8225
6969
3100
4910
3793
1637
5450
4791
4931
2987
8289
9288
7388
447
11802
1772
12653
4228
10030
11613
1602
2237
11816
3246
8710
6168
7082
9938
1958
9689
954
2833
10118
12892
4825
8681
5707
7574
6285
2432
2630
2984
2830
2540
7167
11504
9245
2527
9126
665
10721
12098
2118
8284
8793
5825
2317
7110
12457
9074
12326
10682
9555
5662
5794
9595
3822
5100
267
5187
6205
5088
3600
2756
10833
5640
2334
5981
8971
129
8631
5721
12068
11655
4138
11786
6365
767
10308
1639
108
12074
7325
795
2121
4284
6280
11403
939
6063
5555
4079
2186
11908
4670
11732
9941
5692
10492
8846
6053
1657
10466
12856
361
8574
12031
12598
5048
5051
12878
5857
4835
9520
11149
6246
8973
1382
10056
9201
851
12156
9642
5456
7760
1055
5316
724
5468
582
7027
6748
6743
4706
975
12348
3752
8026
150
10685
8558
8801
5956
4567
10575
1028
770
4783
12859
3034
12445
2576
7787
139
621
5333
10150
529
4307
1444
12226
5121
6534
11564
2526
10268
11094
4615
12625
639
6828
908
2532
69
481
6597
11104
5234
2315
5212
6870
3458
600
12621
12561
2305
9123
12776
10751
10187
5439
3188
510
2743
8079
3870
2209
4520
6207
4600
8130
1252
6491
6660
6289
9105
862
8386
9309
12277
11343
10915
10218
7812
5471
1569
11116
278
4941
7249
10750
1183
9920
1482
9205
2350
5262
3880
240
7152
9182
10395
10781
577
11505
7338
6640
11174
11481
11911
445
4431
4596
920
3086
1883
10656
1702
12753
7059
3984
5107
3620
2982
1188
12768
9059
3618
6843
3415
7904
9064
9174
8301
11357
1763
8448
4837
12231
12015
3654
5608
3434
1255
9212
6898
10017
12294
7341
7075
3891
12749
11532
7656
4303
2609
4939
11018
1112
2690
10406
1906
9794
3448
4500
2035
12743
7528
7776
11587
3612
8983
10677
5776
11062
930
5895
11354
1536
1843
5032
7494
6988
5613
8475
5965
9895
3128
482
12078
11340
9055
8009
3878
12505
7879
7233
1754
1504
1706
9036
3956
3063
6399
2607
7136
12646
8977
9667
5204
8733
10797
8182
587
2559
547
8125
6124
9959
6411
10409
8924
2063
5103
10806
6061
1023
169
8128
2271
4093
1105
9058
5315
12221
106
654
12984
11538
8383
7895
771
9545
2605
119
4663
4394
2376
3978
4646
7220
1740
7698
4031
1914
5111
4779
12723
2820
994
4724
5964
10264
1211
1163
8122
10538
12320
7831
10257
6121
3518
4851
9410
8777
6629
10036
4390
10649
12608
8806
1538
6774
6152
6731
6916
11749
5235
4214
8110
3696
9345
8783
6209
9362
8341
7112
9107
11165
11000
3226
9732
9760
4827
3345
8170
11683
7522
8616
10269
8414
3129
7443
11438
11607
11858
3714
5682
10205
6959
6376
1472
7387
9543
12469
2338
3337
4399
8967
11945
10471
11600
864
5122
7591
3006
2449
1202
4039
9061
579
641
661
1309
11293
6630
7530
499
12014
7111
12824
8965
1261
6781
4256
1977
3215
3996
8896
1355
11470
10442
12269
10698
1961
3343
1123
4417
12819
9120
12446
2514
7221
17
1737
9441
5197
8841
5458
11871
9759
9360
3011
9999
11071
7627
4225
6998
10705
10162
11087
3280
2941
10287
1140
12492
2944
7596
3085
885
5358
12642
420
7894
5259
5451
6853
8310
222
7367
2897
2154
6089
7949
1277
8930
2847
7290
4789
4514
3256
12240
4833
9111
10606
2574
670
9862
6281
8765
72
10925
9396
6662
6735
3849
11920
5791
3116
8637
4933
8615
9282
9473
10854
4637
5350
4792
2217
8082
9554
12633
4110
11733
5283
9491
7803
5457
158
1950
6454
10284
3122
7599
9507
950
6605
2738
11350
1694
3582
1317
3668
11757
7685
12354
9149
8247
5155
6855
6882
8506
3083
3926
6566
1361
677
2519
5802
7604
2383
2095
11636
8351
11880
451
5536
1270
8740
10343
11047
2232
2362
2067
8604
1573
3873
11976
3028
9619
1392
1516
4036
2599
5886
11488
9711
7237
5921
5973
7962
8185
1330
11570
277
8199
3998
8810
8876
11879
6330
7692
7061
10886
1900
3595
4144
3003
6686
7172
8887
6011
12404
12046
3414
12044
8910
6997
9729
8496
7733
7576
601
11780
6935
10577
8361
7709
8266
8271
1511
7216
8209
1223
578
3529
2610
12141
3585
6459
333
8474
5644
6055
7971
7844
7933
1610
6568
9029
886
10313
1731
8882
2734
12076
2584
12019
7525
3593
11347
3919
2572
12059
9127
658
7762
6709
2442
10862
12771
4601
969
6858
126
40
7144
3101
4885
4057
7466
8735
7978
8683
949
540
9318
8223
22
4735
9843
3727
9851
1998
10043
9270
3254
1127
3167
342
6923
8582
8099
8189
8005
5912
5406
6114
4033
6653
6531
7109
8029
630
12670
10152
1436
10431
6586
1502
9385
11776
3287
11611
3168
6004
1373
10574
6006
2184
1727
4719
12187
7719
3710
322
9265
3165
11270
9175
5592
2626
1425
9331
4404
4512
5926
426
9790
7450
12340
8731
12341
12571
3987
919
8406
4108
10354
892
1306
7243
7339
11848
3291
6081
1519
9171
7253
1575
507
6218
9775
7695
6104
12923
10666
5217
10345
10757
8513
9495
11676
4722
1314
12021
4313
12833
619
6604
1074
8792
5412
10398
5036
11260
3353
4296
4211
2781
7390
5678
10537
7389
11841
11419
8603
3367
6569
8181
3464
846
9747
2353
2099
5440
615
7411
4690
5505
4253
10175
3366
10112
9946
8759
3118
12644
5546
11502
2759
2210
9777
6860
2767
2005
6145
9884
6429
10224
351
9401
3251
246
11187
10302
6440
10423
6398
12647
11170
306
7102
4035
9417
1431
567
10140
8803
6777
11730
10877
12581
2823
9785
5798
10491
11898
2916
8838
11431
7731
7457
12175
414
238
11223
11355
6652
12396
3745
3560
1709
1159
9749
3649
7177
7286
3164
797
2858
4569
10759
9773
12704
2430
4975
5925
330
12071
3813
7869
7823
7846
6225
6408
12451
12761
8114
1024
7943
3217
10318
8919
5868
7103
11546
1283
3958
1213
6824
2140
1067
12013
2472
11953
3569
7546
4934
3080
1680
12769
2029
3132
3785
391
12871
11949
5185
52
2477
4193
3626
6613
141
9256
7283
11619
3460
8380
3826
7242
946
6326
11798
11987
7340
8878
7990
4188
1874
8494
4561
11870
12369
2651
9323
9758
1441
11743
9481
3836
4121
4949
11242
11122
11195
12977
3854
8162
874
11707
1824
12254
12123
632
2786
6334
3123
5249
2302
5256
1450
1087
8430
446
6845
269
2294
4145
2109
12067
586
1753
7828
953
1984
4944
5742
5213
10096
12685
487
4056
6546
5649
8410
4992
722
3664
10710
2582
5376
11008
6734
12880
2160
3304
1209
440
5008
5556
4451
5969
3413
2396
6946
6451
11596
316
11719
4176
3214
7135
205
5336
1203
11867
6551
4694
4945
10185
12903
5584
12322
12261
2223
11238
12353
45
12347
12397
3013
9177
9618
5808
11936
10543
6544
6420
7483
12099
9800
7407
256
1045
12406
8822
5286
7793
7552
12716
11946
1671
1360
4172
7734
7259
1230
12313
1481
4763
6000
4809
6885
93
6277
2187
6357
11279
10628
12913
9724
9202
4403
4685
10190
10994
1924
7985
1783
3131
10007
8207
5055
4664
5250
10655
11319
4581
1696
5892
5409
84
8349
2638
777
8821
4102
12132
1777
10410
4850
273
1888
8536
6939
5667
11873
10554
7783
5723
2485
5130
9580
3040
744
1762
9774
1865
8121
9579
2093
3544
12495
4317
8718
5019
12372
1240
4026
2649
3183
6790
7714
12710
2579
11819
1281
8706
470
8738
1962
6617
9570
8655
1929
15
11029
7640
5199
6358
12246
9086
1296
6260
491
5277
10736
580
6792
8720
9882
2454
10916
4602
1217
9863
8063
5998
4206
7981
1404
646
2550
9630
5129
2507
1138
1497
8954
12481
2884
9139
10095
4519
12173
5779
7480
10292
10832
8737
1125
8287
6142
5118
10126
11956
10047
3134
4770
8107
10196
12900
3631
114
9468
4028
2573
5426
5349
57
7671
8825
3296
684
3197
5002
10555
7769
308
9883
7697
10700
542
7096
3730
3397
11882
564
5781
5480
4295
12901
9012
5800
12136
1534
3298
9818
9042
9868
10241
968
4050
1745
1744
8709
2405
8000
9480
5616
7643
4023
9881
7662
12157
9912
384
3712
7972
9727
8161
12815
324
10693
6703
4951
1717
9861
3876
12028
717
10077
7613
7458
9397
10465
47
9671
11030
8922
6931
3588
5543
6150
1567
7716
896
11327
9604
8168
8260
4011
7469
248
12279
1487
8133
2988
3909
11663
12174
2663
6821
3004
2632
5448
8566
12949
11715
6079
5220
10100
9440
286
11547
12111
7289
6671
6045
10170
7840
6539
2888
2836
4308
8920
9680
6430
1937
6527
8425
5357
10906
10525
4858
4447
3644
9393
12383
2776
2145
4470
8309
8411
7744
7592
5797
4683
1117
6957
8342
2397
125
1615
11896
11457
11372
7008
5664
9770
985
6165
2859
12632
11627
11004
10660
3706
401
5084
4383
1580
5765
1310
505
4131
5171
11640
7612
8916
12806
5260
11180
4877
2124
10827
10117
6180
2180
815
3901
8518
8095
7163
1445
2499
10055
4058
4830
2389
1034
8146
7508
2036
8084
12129
3187
12701
1902
7901
9951
8324
787
8597
9407
7168
8206
1897
6182
12333
5993
7967
5266
3046
4868
9138
1046
1174
1468
490
10008
11621
8143
5701
8663
5106
2227
474
2561
302
10977
12622
8941
3230
10626
6259
6312
10679
7099
4655
1613
12075
12910
9436
9411
8958
10254
12234
7400
10063
10420
2929
10307
12519
2652
6091
9682
9903
9796
1598
10172
7814
90
4761
11498
9853
7665
1291
8613
2359
9274
7830
9511
11366
3763
3541
7622
10943
10680
7506
9062
2904
4359
8385
7451
1552
3001
1807
7852
9633
10392
3674
7145
11215
9871
2489
9206
8412
1600
6658
1066
9427
5756
9389
8113
3771
12060
5444
1008
7874
8694
12323
11251
12560
11869
11206
7265
4699
789
8115
10310
7547
5169
2967
2902
5858
1165
3095
197
8776
3672
4363
2887
4669
8525
7308
12899
8724
10037
9172
8188
841
2920
8866
6158
4555
6736
1471
5215
1232
1288
1327
1086
5583
9334
10761
4765
4687
4132
3027
82
7207
4552
7279
7564
9928
688
1669
12555
7200
10472
868
1746
8796
5955
11630
6211
963
10105
294
9933
12760
345
6265
7742
3405
4741
4849
10478
3979
8730
12049
7518
2782
9699
9251
7057
9622
9033
10752
4605
7937
11721
12996
6836
3972
1
7309
1643
191
8031
2052
10742
7947
3161
4165
3360
12587
11176
4299
3521
2112
4915
4854
9319
12766
8363
1825
7957
5859
2637
12349
6803
8782
4911
5037
7991
7672
6548
10042
9786
9243
1918
8316
2279
3642
8421
2727
11219
1036
9996
6818
2263
751
8964
11091
3732
4824
11019
12828
4860
8744
3218
6167
3383
3713
3210
7659
743
9233
4247
9090
3272
336
7486
3051
4242
10504
12135
12714
9753
12062
7426
3201
695
5930
10232
890
5003
9283
4162
1662
5113
9628
4630
8285
10647
10488
12648
7214
3248
5331
3240
12
1850
7968
2521
3537
5076
4678
2725
14
5447
2234
12214
10044
12199
9236
1616
43
12139
4445
6649
5425
11931
8606
769
8482
3024
4732
9828
8672
11933
6125
8944
6065
2768
6849
3676
2214
11181
5628
11085
5489
4924
7362
11378
5508
5954
10373
6526
4429
10135
12255
3008
810
6419
4620
2110
6575
5565
5058
4711
4743
9246
8557
12008
10446
503
9352
847
8937
7602
4787
209
10995
11080
2361
7016
4002
1879
5510
704
2282
12545
4688
3832
202
300
2222
239
12195
11011
4316
3966
2413
2893
3456
11950
5946
6074
11726
2834
2212
2379
10006
3687
9768
4658
9398
5380
10353
3917
1547
726
12110
6028
11820
4004
6732
3066
3000
948
8444
9244
2260
7302
2617
2831
8350
2705
9185
3453
7269
12363
12606
7829
12191
2993
7089
5570
3908
374
8687
7796
3796
5762
3036
8940
12476
1278
11832
4475
5320
7146
12511
10564
9870
8517
6914
10956
6198
835
6730
2602
8747
6392
3324
483
575
11458
1043
9803
6300
6876
12362
12207
2871
9449
11333
10262
2038
2365
8208
4348
10992
1948
10024
3364
11518
7439
9478
2901
1735
7054
9025
9704
1313
10899
10909
450
3574
12663
811
9854
5352
10497
8691
1384
8719
10010
10683
9525
476
190
11862
2366
5768
9646
6397
1831
3721
7218
2248
1172
2623
10233
12400
8514
10603
3726
4397
921
5180
11480
3275
10835
5411
3238
7231
42
1521
6137
4222
1300
5291
6066
12314
7479
12057
6258
12526
9475
5943
8307
6778
7065
6220
5373
7925
5540
10969
1357
1137
11553
10474
11993
5138
2316
10857
12630
2860
12529
679
3556
11713
12176
719
1960
8560
927
5545
3231
2969
11211
5994
11761
904
11259
9908
3512
1535
6388
4123
6727
6191
10808
4186
6926
3375
3839
6675
9196
4215
3720
6990
2635
10470
10618
7484
10837
1107
9321
9342
11558
8230
4782
4207
686
11349
9497
8804
6174
12216
12336
1756
2999
8870
3462
3845
10201
3661
3278
10783
4984
347
2950
692
8124
12600
2002
5668
4412
6536
3905
5939
6590
12999
663
7365
922
3157
8599
3308
1231
10493
348
2100
12718
3475
6599
4786
12166
9826
11446
9852
7920
4019
3033
140
4965
1459
3143
1733
10842
4754
4640
9158
12998
1947
3527
5821
12029
9406
11313
3780
3365
11779
301
11032
9102
11
11718
10093
1419
5609
2163
10607
784
2401
8897
1554
8378
3681
3788
11963
6873
2347
2480
8544
9333
9685
514
6340
11046
10774
1852
5691
9714
11307
809
10029
3224
3461
11927
9502
1200
9971
9703
2231
2247
648
7229
10824
2149
2817
4075
1407
11507
8900
12188
5500
2640
10809
8195
12077
6949
3875
7681
9134
7797
7471
9325
8131
6717
10553
12414
6130
8934
12389
3744
11490
1938
3344
8393
7740
11937
9835
10444
4065
9927
2027
8653
12636
7722
3964
7230
9081
3429
9341
3009
2958
683
8055
2917
7999
11787
3910
13003
10894
4369
6644
8442
7705
11534
10082
7919
8012
9155
7402
3733
11755
1607
5574
2075
4463
10405
8384
2330
9805
8745
3803
5140
4799
7319
1412
12088
6331
5163
4288
10479
10544
10358
4980
9654
12590
5591
8027
3305
10856
5182
4045
2643
9683
952
11884
8836
7311
4838
1798
12737
4844
1204
1714
4966
8895
11069
8334
12972
964
9461
9533
4171
12056
3283
2681
4897
7500
5341
8471
472
3741
4287
10522
1128
5612
5631
2821
11924
6801
6771
6132
8886
10020
7090
4448
8352
10225
11413
424
8111
11524
2844
9662
2336
4793
10724
7091
3679
6899
7913
6538
12048
11688
6276
6611
6418
8828
9374
6714
11679
3041
11601
8243
399
4047
6810
11256
10769
3474
1514
11482
5588
7258
980
11797
3373
3064
5658
6553
10281
10386
9005
7989
4001
5348
7052
10244
8594
11681
371
924
7020
11972
584
9950
5573
1620
3502
3015
8404
5274
11615
11212
5059
6678
10863
8598
3384
6706
12510
7029
6812
6989
1916
1923
756
3912
104
4142
828
2441
8779
10514
8215
2530
11822
7884
3725
4419
9605
3191
7642
12773
10108
6691
10879
4784
8268
3379
7040
3212
7307
468
1394
1295
8294
3162
11183
8857
10793
6016
2556
6620
116
2402
4768
735
7842
7690
1098
2325
3225
3739
1458
1319
10242
3802
8610
3587
5359
408
11031
4243
4086
3239
11594
5257
11207
7478
4154
329
7462
7342
4
3359
11844
6626
10605
11618
7577
11441
11111
5750
185
3056
11194
1403
7121
10477
3867
857
2594
10582
3208
10178
4666
9067
5020
3693
7843
1670
1893
2416
2165
3318
807
5571
9377
1811
437
10534
5813
2657
9364
4465
7300
8956
9057
5342
4267
8015
11274
5195
5499
10768
9740
5294
7750
7432
9694
9392
2622
12676
64
5116
6367
142
6869
7491
7000
4818
12212
4092
3450
7601
3114
6934
8318
1131
10663
3637
8117
6776
710
1873
5567
10045
5579
9108
1158
6650
9992
8818
6463
5891
8571
3017
5741
3021
597
8003
3012
4272
11674
7746
626
10796
6368
9298
638
7570
9209
11881
10237
9250
359
4772
2747
4069
367
10586
9910
12058
10938
8495
4627
3557
4603
9643
9637
3334
7631
5134
2139
2752
9063
10536
12973
7077
10766
2399
494
1293
12556
3109
10583
10408
282
7385
6529
528
3052
1649
37
211
4595
12047
5522
1304
625
5952
1341
6578
2761
4134
11503
9523
11061
5672
4816
10086
9880
10114
3463
11336
3371
12711
5284
11110
2078
2290
7293
8033
5699
8094
6859
8112
8258
9038
6913
10976
4029
9420
10251
5005
9280
134
521
10865
1496
9743
1978
4810
1921
6475
4382
660
11391
5700
11186
1338
7227
11672
12002
1828
7318
12540
3037
12657
2030
1565
662
8480
11821
2308
4642
1845
11064
12884
6344
77
7303
6208
6663
9932
6428
8774
2438
2848
5686
6942
6197
820
5314
10370
9955
1058
12626
2925
10179
624
5486
11847
7505
731
8640
5816
7647
6951
10419
4179
4255
765
4292
8445
12750
737
2327
10634
5709
10312
4633
9640
853
331
12154
781
4979
12845
2144
9608
5043
5514
11906
4478
8620
4721
11407
10097
2612
9820
8108
6042
3985
10469
3561
314
11129
9510
12073
9547
4946
7188
1393
12783
8417
6918
5985
6030
5752
6689
6322
304
8366
1912
1366
839
3539
4959
6245
2937
5261
11443
5948
12466
1290
1722
10136
569
0
4684
12509
12128
5029
9400
1395
4988
4913
11325
11125
198
4707
6657
9045
1448
3099
3148
7811
9678
8459
12966
7724
523
5848
7273
6278
826
7132
459
7571
11917
4043
3316
2341
7691
1895
10167
9019
11410
11999
8203
9439
4443
10011
2111
460
7481
5963
4538
9235
12083
7034
9611
8288
1676
5206
2117
8888
8193
9986
9221
1192
10144
6400
5247
898
5947
2979
2250
4896
7277
12960
3840
10747
7033
758
5896
4730
12784
12330
7712
6119
6337
8569
12208
12420
6166
1071
5674
475
1546
8250
10189
9716
2220
10800
10878
3084
10220
11283
6766
262
12170
9346
3779
6647
8089
183
3522
8608
2010
7517
6155
4574
5131
12948
2410
4609
4337
9700
2930
1342
3783
8102
12435
11759
9151
8395
463
10296
10535
3503
995
6336
5774
9519
573
4084
1017
11015
12844
6547
893
6890
5897
11469
10845
11337
7347
1920
8856
220
3169
8807
1122
10541
4624
7896
12967
1800
8392
4974
3550
6073
4335
1443
11934
11492
2867
11932
12740
10490
3310
746
8532
12921
2333
4820
9541
295
10858
8682
4038
7535
4942
7648
2538
12189
2864
12108
2464
9450
5302
5340
5908
11034
7857
10853
6013
823
12607
7930
12436
3331
5404
8928
5871
1555
11578
6800
4976
7368
5710
11692
4970
161
10001
2011
2518
8739
7663
10227
7418
2344
2242
4257
8753
5593
2372
3709
7825
4364
12613
7461
12524
1054
10836
11698
11724
3575
5441
6720
9867
4083
6532
9957
2113
5979
9160
1344
2856
4361
12539
2014
5531
8915
4198
12267
10973
8986
12302
11843
11738
12799
5564
2672
8224
8893
7354
3861
3007
3389
6799
1892
143
7078
10399
11300
4202
4902
111
11395
596
8065
3509
2744
4752
5519
11289
8472
7633
11099
1424
7331
12686
9424
3760
8371
5675
2073
6769
11687
5923
3829
11770
6123
11915
1374
526
12515
8460
5777
2478
1275
3589
5454
6002
3340
11673
8245
9416
701
1438
4937
629
7013
1934
4413
10164
38
1975
12728
1416
54
8990
10706
6837
4969
10068
12124
5145
3686
9513
3615
10941
3820
3628
10014
11928
9304
2310
8545
2378
11554
3466
5112
1822
10910
3665
7929
4522
1786
7087
9911
1778
4353
5639
3117
9537
9383
1544
144
850
5081
4802
6363
12183
1982
7431
5475
6373
7610
1411
2718
5472
649
12785
4919
9524
8605
5390
7687
3988
5114
1713
5633
2349
12557
10805
10838
9131
3133
10070
10062
8534
3657
7081
1248
674
12205
12286
1320
2778
11662
1548
3348
109
6231
9939
10790
6563
4841
12891
2032
12206
12344
7271
9046
7956
9073
3888
11193
18
5132
3586
9632
11725
916
10223
6450
4807
11686
8661
4096
636
9791
12506
1966
60
8833
1597
4087
4281
12558
6284
2803
10588
10801
1594
5251
1031
537
7095
3446
3857
174
3629
12092
2360
3794
10712
8950
10639
5828
3526
6256
3883
2661
12680
4648
755
10340
11394
4808
1076
4729
2835
3935
1260
2900
6579
10155
7262
6083
242
10841
328
4560
1520
3531
895
9344
4262
7607
11523
5476
6702
2318
1877
12352
2107
8816
8955
5442
6201
11894
12946
3824
8722
6492
7636
12698
12620
1282
8802
9210
12752
3152
6725
7205
339
9924
2048
89
103
5491
5867
12456
2178
9361
5621
6187
2491
4160
2600
12316
2548
6272
10791
8251
7639
4322
8700
12193
5885
3406
5495
6169
5831
11754
4375
1302
7492
1911
11756
8573
3264
10971
11043
9498
6416
6991
9169
10919
3554
5560
2885
4526
11795
11432
10643
5968
3690
3784
10473
2585
12726
10633
10866
2711
5160
11567
10775
8489
10494
5866
4936
11977
9913
6759
12287
8457
4360
8515
6226
10139
1570
4106
6954
3323
99
12763
11654
4644
2983
7588
4013
7950
6545
9556
12821
7515
1927
2601
1581
10339
5485
2959
7953
11102
4433
1053
3417
10851
3268
12220
5862
3545
7281
6394
8786
12548
6697
5898
3350
1239
9269
11646
3558
773
7977
863
8768
7356
12974
8010
6286
8622
3349
10741
1480
8860
10486
1658
12730
6780
4479
5650
2244
5287
10291
8509
12834
9592
9645
7251
8498
5673
806
121
749
9598
7540
627
2641
353
11678
4432
10720
10602
7983
11595
8889
1834
4351
4472
8668
1820
2447
4077
6349
11837
11720
7497
8820
12192
668
11342
9576
9569
11348
6343
4649
11461
9673
2977
748
3743
10412
12703
9496
5109
10947
2094
4054
5795
1524
293
11788
1622
9124
7713
6744
3825
9118
9987
5864
7421
8372
5951
11021
3977
1690
5057
11875
11608
1298
6905
2720
6891
4954
1890
2001
6157
1197
9409
1720
284
8618
10840
1946
11082
11097
4017
6257
4909
673
5577
1348
7581
2621
3444
6233
4197
2323
5092
11907
4790
1032
2297
9133
1151
2604
7238
5806
3271
3960
5712
7045
3071
12700
7976
12872
7399
4068
9034
12995
12567
1533
4301
6487
2898
793
5023
6047
1501
3393
1325
10338
130
2091
3511
4485
11561
166
12940
264
9909
2384
11314
10160
2762
1999
2981
9738
7160
8968
1003
6316
5324
3930
3879
10186
2102
9370
167
8565
12329
6071
9022
4100
4152
305
6581
9875
7074
11905
3485
8850
11175
6196
12162
9472
2853
2367
53
8021
4652
8013
1272
3702
6889
9681
8462
3599
2261
3307
944
7465
11709
6302
5782
8736
10501
6424
5086
9165
5637
8142
3193
5830
676
2824
10652
8633
9207
1787
4114
6896
10294
8697
9832
2208
3237
11912
2749
12374
7841
10285
5192
7143
3198
1765
923
1788
4494
1387
10374
10855
12385
12709
3961
12883
1715
8542
11563
700
7042
11888
2022
3388
7580
5724
11666
5184
216
8345
12366
11001
393
5280
12797
7031
5630
10771
1191
10965
7593
10723
11658
12875
9898
2329
5657
12635
5615
10707
6983
10590
8403
7275
12236
10733
12384
5515
10746
12580
6554
6117
3317
11533
11653
10622
3746
208
8863
4515
10248
6628
176
4641
4516
12792
2729
7060
4904
10983
11557
11716
9035
8452
7489
3918
9391
7533
2970
8355
10019
11589
3374
5343
7644
2996
11059
4236
7226
8652
11344
6791
10730
3601
3914
1560
11651
5024
10121
11935
2791
46
2686
12027
8864
12832
12130
2751
9687
10332
5470
1247
1363
8326
9021
10987
973
6929
10380
5146
9006
7066
8538
2790
5606
1525
2345
9380
12969
7725
8657
4199
10377
4194
6592
118
9119
3102
3736
6981
12843
11444
6555
9517
3750
11677
967
6242
7948
5046
6077
6606
5377
10191
2508
266
11053
11393
10273
7159
12105
3016
8454
7116
8456
1400
4185
1930
7899
12597
6960
8556
9426
12134
7838
9378
5044
2000
8521
9162
10352
2656
5569
2771
4362
318
10359
11813
495
10523
12177
9657
9505
1509
5819
4166
3700
5582
6530
12667
6598
8771
11876
360
10276
10456
12941
10988
10210
9384
1329
1963
1925
7301
346
6097
9943
2575
9351
1905
5268
5264
6897
2775
3580
2745
7815
5244
6359
4007
11449
8788
12840
10463
9291
8116
11857
9708
6986
75
1236
6693
11255
11139
1860
6426
7485
3266
2463
8400
699
7182
6333
6217
10984
11827
7179
1489
422
4961
1775
6593
2702
9885
7261
7114
11635
2251
11495
8428
11574
6512
1968
5311
2798
9902
6502
5208
1545
3701
931
6413
9279
1264
3938
3716
357
9390
2736
8492
9697
6525
1305
12629
5175
74
3457
11388
11571
7892
3533
2539
11235
4231
1979
11521
6788
5739
7524
11128
8502
10336
5769
7472
4710
11406
9993
1161
12210
4806
9900
5695
10016
1208
9293
940
6072
8374
10039
11510
12917
3493
2596
4660
7700
11583
3196
317
8999
11740
5655
5207
2469
7603
1090
1004
1530
6537
8539
11009
8927
8586
9255
7437
7598
6612
7263
6878
12041
2891
500
2119
675
12243
3848
12161
3968
10709
5918
9442
8503
11593
9653
7417
9031
12284
2371
2158
8943
8296
2845
4932
7415
6050
6195
11225
7422
3915
2613
7693
1751
801
11900
3504
5101
3087
7250
12325
9405
4628
7467
3321
9965
11750
7945
1624
2058
7942
9550
11742
1882
12276
2774
2780
8340
10961
5660
5158
5
358
2395
10749
10447
7732
8551
7824
11783
11453
2966
8282
9561
12498
2583
12623
96
3933
9130
4987
11812
605
2172
3089
12589
11544
11447
135
11370
9581
12122
7101
6493
12010
12499
350
12848
11682
7537
5953
5524
817
9921
10459
3740
9379
6126
5120
5647
3592
6037
12971
5869
5270
4220
12411
179
8725
417
2874
433
10198
11493
10438
8712
1345
7003
1647
8727
10280
11535
6924
9641
11747
12954
7625
9415
7510
508
12722
1088
6825
8992
10711
1621
7138
12551
6447
10786
6243
12868
11035
10033
7433
6094
11966
962
2369
2701
4955
5558
8621
7770
2636
11773
6008
2062
6214
1082
8564
2810
6750
9281
541
8396
11434
7717
5502
5749
3772
73
7488
13001
3
849
8030
9445
6880
3065
1142
4358
5605
8232
7405
5141
524
2443
7754
11711
4482
6680
4963
2545
1108
4748
3662
7521
7513
1146
10611
12634
4218
9728
6716
5622
410
4070
11606
8439
2213
12978
10674
5295
682
11671
4769
6641
1040
10870
3776
1103
4521
7217
8678
396
4104
6903
223
8332
11151
4504
6503
11689
9492
3341
95
4183
11985
5726
1157
12052
5151
1423
11208
1195
4416
8390
9651
2082
11229
5487
1145
4528
1604
430
7429
6908
41
2300
1646
2568
2352
1792
9368
1512
7326
377
10630
2710
6153
9647
5415
3577
9572
9448
5062
2909
10334
2870
9451
1052
6721
5940
1606
12794
2956
3401
6762
5025
11661
1806
4111
4098
11892
11200
1171
1770
6342
11376
4727
8847
11639
10998
10978
9535
3050
6092
1994
1587
3999
3355
2828
10551
3777
3827
9310
1675
1532
9299
2314
9609
613
8732
4241
3094
8748
5070
4551
9792
1352
1409
8328
217
6826
5205
4978
1126
341
10926
7025
687
12527
12182
11580
12196
1814
12497
6478
12955
3060
1376
6329
12641
6069
3613
1479
9220
8237
12063
1742
8778
1611
6642
6381
3603
9423
1685
5054
7511
6442
8275
1049
5033
3572
7986
3663
8921
4566
5328
12873
8447
3597
12405
4617
4012
11022
8261
11758
906
5222
2023
12742
3022
3300
1116
270
515
6542
9203
4258
8144
1752
7792
4682
5801
12144
8422
7752
228
8587
162
9000
3074
4378
10515
796
2496
11487
8306
9264
12721
2289
5681
309
4101
534
3576
10952
12980
11459
9186
3182
9527
9326
8304
11597
7334
11252
759
6793
9966
409
9098
2468
12112
10467
4251
7257
4905
12905
7861
902
6937
4776
3931
12474
3172
12433
12448
11257
5757
11994
3313
7538
1490
623
2332
3680
6831
7584
7708
9454
66
8302
1220
889
4457
5418
9371
8512
2133
7370
10970
725
4151
8752
5329
8443
12312
4469
5462
7801
2168
12282
12200
3160
614
2156
2877
8405
8212
11298
8286
6279
8240
12831
2549
2135
5026
11436
3684
1636
1943
792
12725
4420
11026
3815
558
343
736
3570
10739
8596
8080
7531
11236
6669
2665
3496
3734
279
696
5326
4283
1687
10128
12930
4354
2772
8488
1228
1333
8533
11978
12791
12147
6844
10249
6696
1418
7536
1111
11360
12689
7001
11809
5623
6204
4216
5460
509
6380
12142
5509
10568
1976
3980
8600
3023
3872
3543
5900
9736
9490
3955
3990
12530
4517
907
7970
12909
8178
6943
9211
9017
288
2046
32
3899
1150
9710
2961
4950
3435
12121
