6804
6179
8648
4679
9655
12368
1007
1056
11133
9543
8252
10670
12646
12959
2040
11572
9564
11420
4656
8439
980
12323
4714
9613
1178
6460
2246
11838
2818
2978
12463
2464
6684
11878
7864
9365
3454
11751
10319
8492
10621
2670
7694
12597
8793
9300
12381
10384
6394
2516
1027
11465
11339
10691
831
2017
8224
12006
6703
8658
9338
5069
3927
12506
5757
3224
397
4337
5507
2538
6741
11452
8060
7985
11039
11803
6954
9832
7509
6106
6505
10185
795
5233
5101
2381
10775
8021
1987
8608
4525
1160
10576
12520
544
5095
2942
9757
3261
12089
12593
10759
6247
9167
1440
656
6887
3696
3028
4467
108
12159
8120
10720
6346
12549
3629
193
12495
6573
3616
12364
2195
10385
7420
10959
8908
4324
7236
7775
1914
11997
1325
8390
2739
12057
10624
6882
3984
313
6627
8574
5929
9643
2623
12046
11390
10919
7179
12204
1428
925
3062
4737
637
5426
10413
1379
6182
10574
10554
7478
12861
7804
9702
1026
6103
3828
8520
3310
1748
12842
4278
1175
6745
11265
6454
10806
7453
168
9299
8249
2844
2761
8754
12869
11668
12880
7287
11370
1392
1051
2748
1238
11832
303
4125
7445
9444
359
1417
3764
3392
8804
6377
8597
1657
7426
4772
3235
7295
3132
7685
11758
8947
4530
11229
1053
1441
337
11480
11308
744
9796
8749
2885
10627
5825
7308
4948
12863
6598
9683
11080
4264
7751
12919
9541
1153
3524
3025
6452
12171
2428
5064
6326
8789
2293
11564
11493
3906
10699
9622
5262
10654
10453
1616
2532
1955
855
9836
3278
11655
700
6006
9899
5814
11709
9052
3174
3652
1262
8485
82
4053
6484
3846
7619
7302
5396
2996
10227
11106
4946
7762
5589
6990
10811
3214
9065
12176
5743
6041
7993
8113
2198
6904
5806
9548
6112
8296
11426
12344
663
12824
6113
1652
10524
3621
1294
6212
11399
4466
12796
1242
481
11993
2363
8629
12213
6313
11220
2564
10431
4646
8335
2317
1396
356
9834
11545
8303
7936
9833
11335
5881
560
6578
9985
7709
10645
11136
7641
1195
12085
5304
2129
2614
5724
11029
12637
8659
753
8902
4457
3283
9122
3281
5715
10938
10021
1280
11208
12056
2959
12430
7875
12452
3242
1143
8776
4448
1473
9648
7756
8738
12379
12828
588
2809
12743
7668
11322
6138
11636
7534
7865
4038
12215
11151
3230
10907
12462
2104
8825
3829
12595
10779
8744
2768
10076
7853
3893
5964
6161
5874
9324
6459
803
1969
3038
3029
10556
6694
11400
9190
6899
1502
6689
8797
3634
8273
6651
7603
10156
9110
6157
8179
2514
4474
4971
10688
7335
7695
10017
8772
8595
12037
7412
10489
11701
5166
569
12850
12349
3510
3605
1047
12231
2767
928
9574
49
4765
734
12660
5148
11654
8148
8177
3161
7249
319
9028
6
8331
4893
10867
8297
11965
23
8563
5767
5844
2911
11891
4376
10379
675
4297
13
5415
8673
12676
11168
7115
10419
5752
5229
11169
806
6455
6400
10190
12966
11340
3363
6666
7700
3539
9539
5204
1220
12823
4533
4335
5849
4351
3420
7415
1515
3308
7286
10334
12244
8641
6234
5109
7846
2627
641
8669
1048
11071
5843
94
11930
1563
5216
12139
8547
10486
9368
2134
3576
5935
194
7434
6507
10271
5955
5129
11020
12167
1534
3269
12827
5093
12227
9162
6184
11604
10651
7583
7765
10559
5321
8708
9699
2174
8582
2434
9178
4554
8269
425
11621
12405
4512
8300
8978
2131
8596
4218
8043
6237
292
138
3602
86
11072
11902
995
6624
4383
10857
2199
655
177
8260
8985
3311
5492
7553
9904
1633
7174
10350
1225
4775
11375
1127
298
4203
21
8934
1387
12138
13010
8647
11657
1038
2782
11735
10252
2899
5383
12152
11199
669
10060
5483
1781
7638
8577
10184
4378
8973
7955
4645
2053
6670
2261
11394
8785
12131
12198
6543
5511
5716
7067
12136
11514
8103
12686
12704
1170
4420
11402
11960
12024
9669
1453
8662
9258
10088
12755
10786
10607
3300
3307
6069
7175
8698
5171
11713
8777
10048
11428
6906
5245
4599
9253
829
1395
8279
10836
11191
8886
4881
6626
4301
11307
6061
427
2920
8865
11050
1318
8703
12533
3840
4156
11851
2064
6439
3762
4966
9165
3809
1218
12614
12862
6974
11853
5885
11786
5481
5163
8977
4292
958
12116
3509
3707
7998
12366
1171
10331
1383
5726
12361
7692
2391
10960
7828
8652
8735
1326
7398
9599
12053
8906
12841
7245
633
12183
8028
11089
12453
11253
9559
7322
4918
3941
1247
2392
848
9199
3754
7028
11552
5894
12054
8132
7224
6335
5273
503
12484
5645
12362
12115
1920
12536
11176
5369
2378
2235
2248
8088
5278
9888
11456
1761
8481
3900
5077
7992
11405
3554
9124
7425
10167
7375
162
8368
7673
10013
12900
7825
8888
6013
5404
5561
7777
939
12087
11479
12272
11941
4333
12155
6475
9353
6063
3221
10058
5979
9893
5028
10168
8157
9169
9097
8556
7823
9846
6474
1650
11601
5554
10136
6754
547
10285
2453
8285
6619
7934
10766
857
9334
8651
10439
12587
9518
3477
9794
5799
2069
5370
12322
9972
4126
11118
2412
7856
4263
484
3787
7282
3712
9269
9817
7227
7368
7002
10134
4159
11180
3837
6977
11031
9252
6111
3844
10101
3619
3035
6566
6881
941
6067
3822
7284
7866
5217
11909
12008
11643
9792
3743
929
3498
7435
11562
181
11650
10033
6458
7016
7944
2304
5213
9913
1209
12413
12584
1661
3131
10784
702
5478
10640
3495
3681
8204
7821
9782
5804
11284
9293
1967
12932
10070
11471
6083
6133
2572
3380
12140
8499
9932
10940
10868
12253
12893
4258
12181
4272
9567
480
5183
3244
10180
2680
2785
12173
6080
430
10375
7920
2797
11182
2029
6936
11923
4984
5796
10609
12521
10171
1586
6640
4414
7838
7697
147
11046
9809
12148
10887
537
6064
4006
10024
4367
8560
9246
9218
6323
5666
9568
7458
5436
11932
9160
6453
8397
3723
522
10340
10756
5684
10740
5441
1731
11128
6188
1804
10480
786
11472
899
1730
5930
8588
11787
4034
5379
11919
548
12160
6785
9482
11148
1252
1094
9934
6781
11461
2387
8871
3740
3441
12355
6609
7333
9691
502
3054
5108
4496
11154
825
3655
698
9431
5061
12388
5838
10052
4046
4627
11893
12987
1634
12386
10251
5509
1158
3867
2872
6912
1688
6604
10369
2299
7446
9203
10198
11583
3781
334
12086
7109
12121
2319
11888
12125
12544
6846
12809
12271
11179
9249
1694
9906
11637
819
3824
5242
12425
9261
325
7146
8239
5276
11052
9631
2234
5236
7103
5616
5606
8242
4803
7776
6833
3267
9200
10283
4704
5592
12504
6706
12649
9015
9842
7194
3141
2060
159
10475
4398
2408
2097
9132
3271
7520
6290
8610
160
5774
12541
9818
12582
3852
1697
8200
3842
4947
4524
5354
12867
4093
3367
1615
7677
4061
10135
7085
665
9318
10188
4260
3538
5916
1455
6002
913
7014
5147
4834
7557
11732
8115
1045
4670
10446
11319
5380
8006
3043
9807
7538
2183
984
1084
10106
9064
10356
11718
2928
6537
7388
10551
8545
12307
10896
1196
4207
11876
9604
5091
68
5761
6068
7999
3835
3775
6789
3483
838
2802
11814
3050
424
10754
900
12309
10800
3499
12559
8403
5719
6492
2985
3009
10952
5931
4231
10437
8501
1116
9573
3106
294
9800
3711
2903
5939
614
1150
4620
7548
9988
4858
4836
11014
9583
5926
5991
350
599
636
9863
7515
12432
6629
5251
1427
7851
5413
9924
1028
8553
9480
1890
2214
11667
216
379
7323
10069
8143
1315
2763
10687
12511
2099
8892
1221
2528
10515
2275
8745
11103
12964
8078
4998
11979
8496
8787
11611
10643
11963
9457
1466
1089
4259
4894
8473
9656
11392
10210
1964
7604
4959
5508
10208
7766
4986
12077
2223
10293
2796
6249
10681
2410
6563
9426
3096
9023
3599
12407
10325
3079
6281
6039
2716
8137
809
12208
1277
2306
11864
8537
6665
1617
120
8786
2982
2260
6589
9472
9526
5420
8366
11779
2731
7018
8944
12564
11438
2827
876
4417
3487
1923
873
4041
8127
1126
10330
1779
9002
3926
1936
7409
10030
5590
11626
10020
1536
10395
131
3100
3782
1281
4341
9517
9492
9164
898
2980
2612
76
11022
6239
11723
485
11475
8474
7122
7278
9215
11506
10632
4475
604
860
3913
12458
9225
11947
6198
7802
12981
3604
12047
7355
10182
520
7901
769
583
10420
5543
701
9698
11928
6968
3802
3344
10650
10948
9769
1499
3146
5268
11670
422
11155
12722
6695
3700
11539
11516
12943
8262
2689
9880
5808
6771
7237
610
9179
10955
5755
7618
12870
3742
2186
12604
56
615
11502
3856
6511
8293
6116
96
11369
5017
12243
12485
2307
8527
8220
8642
7792
5970
12376
7645
3920
6196
4033
7285
11091
169
7262
9606
2369
1744
8192
10304
6673
5794
2666
250
2766
4521
9424
1729
6940
8796
3879
10973
5070
8690
11088
1058
8941
6903
6448
9922
10686
33
10003
12197
6119
8454
6893
11455
4286
1076
1342
2786
5249
5027
2033
3665
8198
2784
2020
10861
9704
10818
9902
12408
12980
2949
7255
7132
1620
2031
4755
6417
174
7953
11371
10341
11531
1879
1945
6560
3023
192
3699
2904
8307
2992
11720
6548
2125
8504
4232
11629
9088
10555
12973
1412
9298
10552
11431
12241
12337
6540
7790
3639
1283
8108
12166
10534
1436
8783
9808
2673
12265
7559
3886
839
9350
5317
8679
5194
9786
7416
3144
1607
3860
11778
7605
5932
5226
5960
9672
4179
10066
2468
7450
12375
11386
6309
3092
850
11353
957
2498
2176
10599
7217
3645
9772
3201
7500
897
9405
10980
8000
6932
2669
1269
10335
9907
9660
8003
10428
6396
10305
6811
1584
2853
12929
6035
10716
3851
2609
6340
11561
923
9619
7550
11173
11446
9686
2658
3596
1357
2737
4828
12102
12119
7312
3260
10872
12879
9905
151
1653
1241
107
441
2377
10223
546
6183
10851
4222
300
1419
5143
10256
2240
11048
10002
12396
7530
8314
12730
2595
1605
924
10965
10956
7951
8918
2354
2547
12670
4001
11352
5546
6468
772
9061
9714
12460
11646
4171
2119
5902
2713
9469
540
4304
7013
3717
7383
7649
7718
11324
4673
2607
8255
4668
2269
12732
12531
11683
8466
8837
650
1251
11904
9285
6292
4193
4592
10655
10793
12752
8020
6526
868
3113
9746
10494
12851
9464
2730
7330
9716
9446
4200
11267
4942
9742
1208
591
7359
6625
8479
1922
9363
4032
3102
13002
5185
2764
2838
5896
1066
5035
2322
7266
12934
4230
11867
10541
7226
4349
12565
8464
10796
3098
2714
6615
750
9058
5648
10150
4005
8236
3084
5014
11906
8942
1484
4394
9230
12740
3476
5071
5044
7365
7715
12748
10264
2947
7904
9468
8517
8477
8482
9959
1019
12577
10860
2365
403
2202
7578
3868
3784
12162
12759
7114
11816
9454
7660
11083
5445
6016
11425
13001
6238
4334
9549
2429
6730
11496
12939
5096
165
3810
7707
2805
2553
11915
3371
12079
11522
9733
9674
9878
8295
7827
7617
7781
705
4371
6889
1243
4688
3104
3702
11408
2114
6780
6736
2997
3674
3776
4813
9644
11158
9339
7210
9025
6690
5287
8835
10133
8056
1457
5099
8254
12600
5284
6847
3247
3508
6320
8757
7199
10810
12968
12799
7531
1996
11359
5235
9086
6149
1386
1145
12514
11060
71
5559
10982
1122
184
329
5528
12019
6387
12002
989
4675
1658
10730
6688
6268
3771
9507
8050
11593
821
2563
9639
3932
51
8211
69
11377
2756
3138
5697
2858
11511
12281
720
8848
10776
4606
9051
12529
10378
3266
1532
117
2608
4969
12694
12715
12782
2139
10695
8775
968
2073
7327
10895
727
8571
10998
1796
5520
9315
4174
6276
4407
9581
44
11792
1494
2342
3052
8912
7973
3556
8111
38
6655
2366
1701
5641
11649
4598
10742
1685
6254
11587
9432
5110
11492
2414
2895
7076
5138
5770
10390
489
12211
474
8042
3768
979
284
4921
6710
4192
5644
10046
9659
7505
1740
7238
1273
6972
9371
6617
1112
6623
10294
7961
12066
6425
8844
5065
1814
10944
4238
8379
1216
1993
3313
8116
4111
4956
1662
1553
6467
3116
1974
12334
1500
11598
4250
4826
10652
4217
8534
6343
4702
1514
4163
9662
64
567
2905
12555
5350
10536
8670
1305
2065
1370
4878
110
8102
6812
9263
11034
6602
3938
9476
8624
4223
8332
12464
12566
2087
7339
7556
9715
9684
9633
6605
7222
6586
5206
12411
4328
7928
10279
11250
7305
2509
8013
1092
4877
9236
3703
8960
11049
149
7495
10162
8603
8223
9406
11925
3534
7683
4505
2576
3280
2957
8451
8476
2847
3801
6637
1081
1205
12952
3710
8678
11863
4967
7841
4701
8784
10789
6676
12360
5434
10140
2648
10255
8389
11313
12963
2398
2874
5326
6767
7551
10175
3862
1805
3325
3425
7341
7304
10945
12475
12768
2288
3793
1593
1643
9900
1861
11318
8471
5671
7903
11644
7277
685
11124
3505
8444
3832
465
3725
10392
1057
3592
8246
4148
12221
6369
475
12120
7508
12575
2852
779
11015
643
5870
6650
5749
10123
9582
1588
7533
6686
6544
7727
11520
9430
4342
6983
8592
5451
6355
12942
12561
74
6231
10462
10275
4401
1599
8112
543
9682
487
5711
6364
2871
1207
7935
12435
2988
9333
11086
456
12206
11239
2660
11053
8590
6701
6779
11812
11417
5946
12793
1618
2692
5371
11582
7860
8531
8693
5175
6756
12556
7246
8183
12873
3854
3813
10953
11840
3931
10735
1866
9047
2579
2237
6955
5782
11614
50
6200
5000
4897
8561
355
515
4459
3919
4016
7357
6530
8139
261
6082
8381
5267
417
10724
5381
2423
1626
781
5802
10758
11434
9204
5602
10144
6859
1664
10859
4320
7643
4710
6397
10774
1098
947
5750
4529
7968
6962
12021
2225
10950
9647
4653
3015
7502
7522
6760
3875
1970
9971
1541
11820
7147
8794
7215
9142
10376
6181
6195
10721
10605
5246
150
12591
3290
10173
8318
7082
3758
11388
624
12350
2765
5179
7113
4043
6792
12592
8917
12907
3485
9438
11887
6208
8554
2779
11634
10830
9609
3285
12112
8894
3778
11041
2694
8427
1478
75
10537
11534
3638
1696
647
3834
7639
12164
6569
10962
242
9233
13011
9981
8683
1004
1469
8502
7501
1863
12624
1555
4234
11162
8607
2151
3623
12522
5435
6391
8328
6091
7373
12229
5718
12852
5973
11166
9536
2090
2749
5599
638
9931
4309
11382
7451
5791
4294
9145
377
564
1896
8887
3433
3847
8080
3726
3901
725
2830
6008
12853
7640
11351
7689
10899
9820
9159
9744
3843
8631
136
61
7012
976
3772
5524
4734
5941
8956
2413
9992
2708
463
3192
93
12284
2926
8838
3089
4543
7182
3048
3671
4191
2397
1465
454
8219
10597
1524
7680
1520
10254
9921
11234
7854
7829
9147
5623
3838
964
6275
4970
7847
10383
10289
5833
11440
8009
9366
5
3419
240
1971
4235
10500
55
8384
8387
12550
9955
12931
11756
1162
2105
6895
7949
8653
7242
8617
12351
12983
2092
8430
9533
3503
5862
2034
12069
8891
2201
12403
2332
7731
11100
173
3760
7061
12918
1711
527
101
9960
8526
4092
2173
11648
8742
7721
8377
6868
8954
11843
6759
3410
11501
9395
8559
7628
7831
4697
12427
11592
10705
12457
4072
5816
11585
6356
9799
5324
4291
8594
3736
1706
9392
5854
11766
7150
801
10111
8394
9383
1528
12260
731
3063
8277
6529
6585
1351
6130
277
10993
10132
3387
4146
8997
9264
2883
5595
8964
6330
2662
2819
7565
7971
6742
13007
11703
1064
5041
9421
3836
1313
7817
7686
2208
5594
10157
9718
11943
6046
6547
5057
5518
2485
5310
400
6948
6738
10797
3327
9719
6374
8048
1627
1406
11466
1369
4178
2143
3914
6487
11602
6851
948
7757
9898
9228
5417
12067
9967
9386
10038
12436
8994
7483
7354
9195
1693
12612
5959
773
3234
4081
7198
10888
2076
11777
12950
5769
7463
8549
10141
10503
8854
8953
9671
2399
6841
8989
1823
10902
7127
6504
1008
11232
9889
2091
1832
3143
1986
9354
9209
4718
4890
2358
2746
9748
252
814
7512
5390
2459
11822
7078
10501
7342
11731
7927
4348
10831
5406
688
10533
936
9957
9862
1655
5247
1000
2441
3973
3706
6826
11791
5504
3133
653
22
11130
11710
8396
4007
7207
10391
11873
9291
4076
4215
4140
8002
4442
12733
6594
8666
5811
2709
2625
10206
10858
8877
10313
5627
4641
12193
8438
5366
10235
5271
10856
9013
6763
10883
3669
8811
8869
11045
2619
10734
4615
215
6327
8566
2589
304
9694
2241
4090
1559
1554
3697
3692
9997
1654
9762
11078
2751
10994
10839
2930
6853
11367
3976
854
7186
2054
11529
461
7768
7208
9711
10327
3745
2178
7395
10833
5438
570
11183
2741
9466
2882
11035
11097
4247
6262
8091
7472
12035
7162
5325
383
12754
1442
12734
5593
1037
1628
8808
9980
8760
10538
8063
4385
1106
6644
5965
3321
3773
8283
12311
12512
260
9632
1723
3971
5632
11395
3447
1954
2857
225
3099
1963
3449
12324
8552
1403
11001
8202
6095
10307
1902
4083
9039
11463
618
3803
3817
11509
3094
1
5254
11724
1937
4783
1540
11793
8061
9777
4787
5850
1975
2787
10287
2228
8138
7867
7587
11958
6711
1286
7309
2520
7837
1223
6662
11536
7344
3899
6914
4770
4084
2153
10087
10546
12345
10145
12822
5374
2449
8472
1121
4847
4685
9375
1257
1088
3205
5376
2433
3226
9918
7754
11574
12829
7000
200
246
12993
1973
12237
524
9074
12737
3831
393
7997
11662
12916
175
9532
6104
1888
11331
10062
2267
2500
2736
6321
3830
6370
1444
3673
8970
12465
6773
12990
4861
5732
2923
8931
11006
6866
230
12205
10086
2239
4860
10659
3204
11615
364
10780
11623
3386
5988
5052
1769
9569
3537
9983
6029
542
4985
109
1103
6165
9283
937
6838
6481
7195
8382
11817
9848
4829
11973
12016
19
5433
1327
11084
2663
11320
6294
4458
7818
35
1355
9355
11764
9220
7482
452
8720
11090
12117
2071
593
8898
11012
592
11064
12111
8196
955
265
11037
10697
9401
6922
57
6295
11834
2448
11333
11830
3532
6528
10164
9479
5257
6752
4354
10015
3492
1523
689
4922
5425
9984
2862
12596
6634
309
1984
11767
4780
7292
8763
9234
1930
9113
9502
12470
1407
11842
9806
3357
3478
866
12338
8979
8424
3996
2262
8505
3741
5428
9317
7734
2370
7390
3296
10415
6674
5764
3095
11987
2880
7716
11638
5621
4762
1841
6541
12068
12071
5408
1079
9815
7738
3839
1180
11270
12040
4135
12977
4460
505
8207
4144
4784
5443
6712
907
3005
10591
8098
11798
9214
9148
672
11007
2222
6805
3935
539
3162
5686
6093
4748
8859
9006
7732
12642
4957
9849
690
946
6207
9781
6457
10044
6871
10903
722
10897
2789
1608
7661
3517
8790
2701
8691
1213
8842
8104
4896
7969
8981
8801
12800
9361
4257
6612
8287
4167
7156
1590
5006
6680
9187
12328
10353
286
4657
6641
9184
802
7761
2327
257
451
10222
479
1368
4359
1854
1671
6951
9369
10582
8589
2668
7091
2990
3316
1099
9135
7491
9814
10958
3109
8998
3872
6793
6312
5712
6296
3695
12226
7675
728
10342
6334
5557
6153
12082
6664
8638
9170
8713
11279
11849
12691
4262
4996
8539
1956
11734
12674
2395
7481
3060
1142
5835
4044
6747
11056
1980
2019
8027
2499
7485
7336
3729
3531
5023
9063
8676
5107
9216
12263
7743
12010
8562
10014
5261
144
7243
5430
6419
12410
3455
2047
9561
11002
12446
10225
12526
3588
11163
10529
1411
9404
2085
6568
9525
12568
12234
10155
9614
11971
10244
11485
2856
512
8695
4719
8206
8468
4501
5635
5805
870
3472
2113
4323
5480
903
5285
3408
918
10207
8123
3093
3579
10983
2421
8097
7419
5871
4717
531
4429
692
12367
8923
5066
2170
7642
10361
8420
4758
11926
8614
5938
7537
8064
7062
7484
11054
7053
6610
8253
2637
4357
11908
9615
9851
10410
11663
11419
2845
8967
1481
6915
5258
122
11974
10093
10004
4094
6482
10864
9032
7366
8418
1645
10487
5867
9994
5729
10507
9515
5475
12746
3522
11647
362
4952
264
1450
8005
7570
7909
6477
6490
7001
1155
6828
10726
7589
5819
9578
8833
10142
1878
186
6748
9057
10847
1135
2902
2629
11297
10397
12961
10068
7329
10690
6531
8126
12128
10127
3715
3946
6614
4563
8615
10267
7591
9554
504
9768
4075
7980
6040
4210
3918
9062
5567
11633
573
9706
5225
7832
10511
1471
6593
258
10465
3393
6500
1598
12984
5347
9189
5886
11188
11687
10764
8460
2602
5124
2351
6850
3123
2117
8741
7816
3770
9838
126
7036
6539
8807
9760
561
1422
10539
6964
6532
6596
11024
501
5779
2778
10543
8800
4852
6056
4227
1741
7325
4042
10535
5852
1067
9949
12025
9257
4023
11719
7205
1336
4305
2067
1287
10892
5911
10094
788
2203
9121
11365
7087
5872
3587
8976
3279
1234
3481
9566
198
10191
9940
3406
10642
6271
11934
10265
5288
3995
12617
3990
9206
39
12671
7664
2096
12106
8498
7813
1709
6222
3757
6685
3422
11763
8245
3191
6715
11844
920
4527
7740
585
7020
8150
4856
12836
8974
1431
2309
5969
1501
2816
2781
5672
9247
4132
348
8443
398
10239
12539
12207
7343
6054
7554
129
3045
12645
1844
10466
4726
10172
4705
11815
7946
4213
10521
2474
6408
6512
7926
2986
8548
6430
8234
9642
11950
10079
10824
4542
1699
12499
761
4252
10468
4936
11255
11276
7669
8606
8826
5679
12948
3943
2616
7771
7855
11588
6597
7391
9522
9597
11855
9026
12558
1029
6571
6433
8866
10000
9434
7662
9962
8212
6872
1624
3767
9839
7040
7338
5968
8828
8650
4392
793
5358
8530
12622
6976
11895
4622
2893
10931
7294
269
8101
447
1031
5151
499
3590
12687
5721
7919
1200
8095
98
9176
2245
4974
7164
9919
3798
172
12510
4025
3394
5660
8864
12478
6354
4914
2158
10692
11980
12877
846
2962
9690
5402
6553
12288
12003
7712
9447
8062
3090
9993
3030
5134
8154
228
7703
1362
10297
8267
3482
7744
4594
4617
3981
2921
7729
7037
10026
4340
6331
9936
5933
10001
8922
7251
6216
1782
10382
9222
12042
6705
3991
9151
5898
11835
5731
5940
2259
7095
9255
7770
1734
10878
12218
2016
11289
8768
9450
12321
10286
10399
3249
11953
5617
3250
1589
12224
4943
5322
5798
1550
11197
4696
2836
2863
7905
12431
4752
3011
7389
9514
7558
654
4821
6525
2126
2591
8168
4902
12953
1439
12586
8105
490
9060
10189
12195
357
12461
12479
12073
7364
4642
5286
711
4440
2401
1978
6096
7111
9373
4449
8493
606
3928
4789
6595
7769
751
394
9829
9191
8011
8075
1910
3694
1191
2597
858
11161
12314
299
3861
9930
1581
6574
10522
575
11494
12620
12762
11728
11108
2828
12246
6347
8118
12576
8378
2256
12014
8173
3883
9546
8040
7789
6305
6961
10807
10179
12371
4736
530
9864
6164
6697
384
7188
12132
7555
3797
8604
8312
11910
6622
778
5831
5987
8174
2418
7204
7176
1703
516
2877
10205
828
6806
4276
5793
2846
10753
7063
10622
279
2961
2958
1856
5613
2630
4720
5560
2998
5401
6794
10934
7429
760
7125
11852
2511
7569
6301
10781
754
7104
10928
12843
519
9177
1424
9645
8340
10613
5165
6166
6409
9302
2456
12598
12731
4929
4068
6910
4595
3732
12525
10586
2727
3693
3747
3088
5184
603
11362
1629
11280
1168
2326
11619
11058
10852
5456
2310
413
5574
6527
1504
6857
4180
1364
6456
83
8541
12358
4397
3804
673
9131
6488
11540
6735
8799
5088
3622
4241
9894
2780
5889
7144
5348
1130
5746
7575
9651
10192
11304
10667
11055
2179
11645
9745
3445
6534
3958
1292
3967
824
5146
12619
2900
11917
6462
11937
8085
3963
155
8993
749
2172
11379
84
4855
2875
3365
11745
12772
6620
11403
11469
11171
7303
6768
6224
2981
5531
10278
2791
8426
811
10215
7096
5198
12941
8654
11114
12199
6836
3284
5202
10231
10977
2966
2005
5537
10147
10203
433
2068
11742
8761
1413
8782
77
7216
12434
2638
6148
10308
12404
10648
5290
7760
3708
1334
5020
12103
8580
9590
630
12238
10083
12719
12988
11688
4285
1949
1297
10760
12696
3869
270
223
3947
7793
1169
11847
11527
6797
7989
10585
1724
12580
7959
1306
3176
10237
12127
5391
11959
6796
2569
3437
9427
6755
3761
3635
5981
5429
1433
11281
1530
6801
5675
1179
10939
8181
799
202
8586
11796
11023
7461
3356
7161
3360
3572
2066
6631
3364
9787
6831
2346
1939
6375
6310
3925
5040
7580
9248
180
4343
11541
2643
7535
8845
8141
9758
11547
5530
10708
12109
2258
8770
7810
743
8343
992
6206
2415
12635
9461
874
4625
664
12097
2540
6576
12817
1041
4757
7839
45
12153
5868
10937
9433
942
10143
930
8470
2287
2775
12846
4992
12775
2585
3502
358
8336
11676
2533
89
4500
7009
493
11706
7301
12196
1237
5032
1258
11181
7136
6552
9653
10056
5173
6916
1531
2938
3006
1858
11966
5698
12883
9856
3651
1762
12886
12928
3442
5646
2200
2685
9677
6971
5341
4565
4000
4604
3373
10610
8209
10855
1307
8015
8816
889
4136
2162
8051
124
2984
1707
5781
8632
7337
737
12392
9885
2521
10788
6255
9963
3127
1931
6863
12761
3960
9537
11775
4199
12357
9738
1839
8715
10299
12826
3529
545
11818
2832
12093
11949
7791
6810
9589
4066
11303
4410
6287
7474
10763
3297
7185
8459
9391
1750
9024
12838
8052
12020
2466
4331
902
8572
8701
4121
7206
1566
5072
10253
6982
7318
557
10016
681
12766
11448
10840
11206
4949
411
3002
8107
5734
938
6185
11219
8712
7626
4267
7247
7203
3874
5534
4647
5880
4228
7180
5993
2703
11112
1669
5859
2618
4386
3880
12780
12449
8082
747
9626
5312
9309
12951
891
4453
11521
2723
12383
11442
9279
1016
1065
954
3654
12618
3080
652
3907
12833
13008
7975
2024
8684
5619
8309
6479
3541
7422
9463
2970
1562
8565
1977
459
9490
11969
10528
1449
5463
10506
12187
11110
8286
5159
3600
8971
3491
156
5762
6827
4518
1776
12030
5196
11589
6272
8616
6883
3720
6503
12899
7784
5315
11476
11617
2901
4809
10773
5432
7842
2526
11140
2470
5900
996
9156
8257
5301
3039
7126
6226
7019
6151
2478
8096
12721
12268
1188
4831
7058
2870
1233
7401
2642
10161
5877
4815
12118
4307
4139
1338
10566
4935
339
12729
3222
6050
188
10467
3518
11874
12451
8428
11225
12726
9557
3705
4233
3212
7682
852
1265
4745
11018
9415
12528
3642
11551
4693
9601
12706
8955
9150
5313
5760
2812
3566
4616
1018
952
2388
1766
11538
3179
5704
4497
887
4593
3954
3956
9668
2667
7705
7211
432
2044
9044
2339
3186
1957
12043
6109
4212
11807
7092
11009
10689
5986
9202
7857
9290
8936
9577
9428
7234
7826
6580
3988
12423
5331
3342
4859
3282
12104
3397
9790
5297
4759
12641
1556
10703
1947
6514
5026
8452
9332
7097
9858
8170
5448
7948
10025
6253
6348
10525
8740
5263
2404
697
8458
3153
10664
10485
11190
7652
4862
12279
1295
10315
3470
8410
7193
2382
6862
8342
12926
5373
5526
9819
12791
9380
6246
8367
6114
2300
5056
2973
4388
8172
9542
715
6683
2693
4602
8550
4962
1508
3479
7906
10565
11591
830
10819
12275
3716
9791
6843
4052
7624
12805
11768
10885
3586
9788
7374
3154
2101
7167
5135
3841
4571
12923
1373
6390
4091
8933
8593
2715
9297
4360
6357
5241
529
3688
5996
2821
10199
10771
3882
4825
5178
3450
2554
3091
11484
1765
12178
816
8774
2849
7637
4424
12548
4031
1458
2549
3008
9128
7269
11685
12656
9734
8570
2492
3625
7163
4584
1259
1933
6478
2367
1358
10694
10967
12095
5584
6100
6173
851
6245
10448
4867
2814
2495
11274
4562
9827
10100
5458
5717
11773
8747
12751
2197
8664
12701
10671
2583
5577
1443
6993
12092
3213
9953
5771
8237
10656
10241
10736
8843
7074
3248
7627
3783
11212
10531
3078
6023
12710
8226
4824
3058
7576
2954
9635
10718
9938
6324
217
961
792
12501
12538
8780
12571
5277
6740
10881
10547
11800
10194
10075
4370
1938
622
12632
4195
10054
1710
7228
7306
10295
8188
10676
719
11439
9529
9986
8925
11819
12448
12266
3514
12669
6134
3748
11043
3018
11491
572
662
7623
3446
11681
12739
8094
4100
16
12304
5753
12402
10617
9623
3567
8365
1261
5351
9667
10510
2301
3948
9000
11692
11447
3719
678
5418
6628
1807
4904
3922
346
8218
11414
7241
3087
5810
6661
6489
9837
10407
4725
7778
9456
9891
10359
642
3617
11616
2919
4680
5576
8573
281
4468
2977
5901
6005
8915
13009
9294
4060
2026
5895
2032
1506
1314
12474
7684
4871
8033
9372
9311
10039
1291
5355
9860
1571
5256
11486
12858
1072
11227
10130
4295
11497
7954
7298
12424
12661
2393
5903
2676
1827
5116
4138
1903
9370
8686
12910
12169
7945
6652
7430
8054
759
7739
11579
1705
1323
6421
12572
5514
6879
10436
3814
9475
11242
12075
10377
5495
2154
4087
11237
8230
9033
5989
8084
9890
3792
12192
7370
2626
9227
4313
8536
10211
6508
5450
6825
3402
8372
3559
4939
5928
5992
8591
9943
12186
6506
10804
9037
1333
10573
2058
3435
8263
10365
2700
559
12884
12915
12172
12830
8779
7543
10527
8857
1830
740
6515
11868
12201
8334
10099
6587
3189
11262
6022
10809
1567
6938
6384
5243
9608
8109
5080
5699
12022
6668
9014
3658
10560
152
1021
2268
11216
5829
4112
5447
1840
6497
5612
5558
2385
3955
8895
8814
9301
8483
1301
12608
10646
2806
3821
2362
7952
2039
2095
8160
6485
7862
7629
10336
11642
5615
410
7970
52
8240
6194
709
1758
10042
4425
8074
7621
3225
6018
402
3041
10665
8306
4883
10121
9245
1882
12308
533
3010
8568
11620
2345
2897
3601
1797
5967
5694
1864
5272
2566
7170
7994
204
5003
8029
8878
2247
10728
10917
6728
6187
9266
10964
10493
4048
6044
12976
4532
7007
8073
11443
5943
1485
4014
3889
9527
10558
4099
1410
324
5598
12611
12325
1266
2650
944
7404
12466
5783
9364
4655
565
4799
10228
6642
12270
11363
345
10105
262
8156
2581
5845
7088
9852
4447
12936
4478
8494
4487
5162
11682
6010
5664
5086
1899
8756
3785
840
4454
3577
10348
4650
6034
1071
3530
7423
11632
9770
12940
8680
3678
2580
11292
7725
10422
2422
4997
7974
4678
4556
3855
5778
483
10496
473
5394
4995
2353
2866
5187
4051
9436
12654
12329
10035
7448
10447
10970
4872
9085
1404
5565
5603
6835
9580
8345
9211
7442
12771
10302
11744
4511
1934
612
12609
42
1692
10296
11477
7572
6591
4366
4553
3105
6178
2881
7447
7494
11989
8241
8281
7288
6160
9098
7882
10269
5601
5338
4749
589
10984
2661
4551
8244
2530
645
2318
11421
8663
8175
10036
1803
1391
8131
5038
6317
3575
11753
8959
12505
774
10118
178
2027
6949
2584
6675
12540
6065
1784
6657
5295
10828
3037
12301
10612
1575
4433
6919
3690
2989
906
5005
6378
4104
8315
8032
11123
10846
8999
2508
2537
9101
1757
7414
5081
3474
12292
8822
2600
1595
12534
47
11372
9459
12232
1704
10322
10905
344
6877
1036
11005
6551
8100
423
10124
4063
9448
10727
10236
3355
9419
10306
8726
5866
10630
11992
9553
8890
6060
4319
7753
1322
535
10057
10974
2431
3462
4129
8962
26
12717
6265
25
3630
2913
11248
3175
12363
3701
12758
12770
4399
1069
2799
4067
12074
8661
7672
5723
10051
10639
3857
4555
4603
3970
5823
12816
10247
1719
5294
12352
10102
6191
541
9330
8298
10053
3494
9914
5821
7499
5995
5279
9175
9755
9235
1151
7803
4184
1921
845
580
5642
10908
10270
141
4422
7460
6066
3569
8185
11859
10031
2357
3173
189
3816
4197
3516
3432
9449
5680
3022
10696
766
11302
9964
295
6967
4761
5482
1454
11117
6144
5174
12433
4375
1642
594
6750
9400
8087
12681
10711
6991
3978
6084
2835
7081
11101
6984
9869
12663
1944
9523
3156
6965
1398
10151
2484
1363
8186
8166
11063
9310
11271
5966
11380
6981
3137
10981
7108
10733
1459
5269
2340
8007
6105
10700
4209
7345
7896
3939
755
7346
11985
11134
3122
6923
2941
12781
7464
2074
7055
6361
11669
11510
1312
2940
1371
12864
5529
10176
4531
3812
11513
6376
661
12250
9895
1078
4557
6434
613
9499
1855
9751
2605
6732
5491
6189
9688
10880
9308
11415
10629
7582
7248
6522
5011
10731
10404
7523
7086
32
8247
10417
770
2224
577
10509
9803
2820
5620
12456
3687
73
10411
11291
2915
12891
7885
6401
1156
3805
11780
12330
3962
684
6682
5389
4764
3384
10589
2296
3570
370
1547
3774
5446
987
905
6311
4103
7773
5231
3044
353
2887
10072
9925
9521
3066
70
5157
1320
10540
10226
3763
11410
6913
7698
8802
4189
8448
8
6036
10658
3358
885
8605
7467
245
12956
10587
4790
12590
733
12144
2497
12986
10685
3024
2329
11150
1185
11003
6373
12527
6840
12845
721
4256
2406
8106
12377
11317
3319
5713
3166
7039
1324
915
4088
5692
8930
7031
10798
7166
9281
1935
4520
7214
1452
3496
8272
2051
11801
5399
2022
7964
510
5618
10276
8896
6960
5208
8874
12621
12878
3833
12450
90
7588
2280
9256
7691
5803
12151
1384
9272
1345
8122
11897
12269
6892
8388
5656
10154
9259
1849
5150
7380
3650
7172
671
879
7027
11899
9351
11218
12728
12029
7258
10968
10112
5323
4631
3959
5498
2440
6582
3738
864
4196
9877
10832
9570
9759
12480
945
12714
1862
12011
951
11813
9681
2133
5961
4747
10491
9503
2769
8899
3905
8053
5500
6924
9700
87
10388
9031
12083
12488
2571
12372
11990
7912
3302
2603
9481
2302
2697
3007
6814
11306
5817
5587
8618
5210
10604
12815
320
6159
6367
1498
4353
3799
10853
7340
10458
8792
10406
2645
634
680
11560
4597
4124
6177
10386
7577
8449
8846
12736
12938
5139
10941
11462
2281
8900
746
2776
3289
3885
12708
12679
1288
7025
9076
4885
7487
8071
2110
5544
9478
3930
11474
5834
11799
7984
862
5130
12216
12219
8755
210
9987
6737
11236
11991
10497
2350
2130
328
37
6719
2734
12228
11704
1773
5882
11708
8557
579
11639
3464
5308
983
142
237
11988
3443
6517
8409
3239
7316
5878
4142
5132
9884
9136
1390
10259
9112
12613
9544
2316
10073
8266
7184
787
106
4248
1111
6606
4355
971
4078
8817
10590
3582
10349
6017
12718
6011
470
12017
2480
8231
11877
12393
5695
7155
12262
11940
6704
11931
6885
7995
4312
677
7260
2944
7075
676
9325
7708
4993
5661
12871
4275
856
7213
9474
962
6824
10866
3549
6360
12914
6654
5158
9277
5494
9083
11794
3128
8665
12820
6557
158
11913
9403
11296
9069
12033
5516
421
3071
460
12342
10563
4911
3198
5496
1276
7418
7693
1023
3807
11102
10901
1377
8406
812
9865
6890
11532
11726
8903
8445
3966
59
4188
11916
5527
11398
11344
4822
3994
3473
12897
6486
4884
1847
1848
7602
9319
349
7379
1837
11831
6815
6140
2826
11920
5780
8769
10298
4612
9628
3904
5499
4095
5239
8036
11618
5841
6876
4509
12896
7674
81
1785
2081
6978
4868
10
10545
6258
8932
5586
361
5875
9068
7737
4133
7962
1488
8532
1510
3756
7635
5705
11769
1087
495
1304
869
6197
3751
4416
7349
11716
7636
12636
9040
1965
6465
3451
8417
7526
3107
2933
2274
10146
12105
7918
10301
10701
314
7279
7378
5786
6302
1659
7887
6970
3036
5655
8047
5470
8129
190
4035
1676
5861
11804
4062
3246
7742
6900
3755
9970
2588
7608
500
6902
8215
10352
3272
1976
1932
4173
1083
6352
8827
9183
4326
2405
12945
11641
10472
5980
233
7283
2948
2712
5024
10328
3636
551
7728
8018
1186
11345
10578
12655
10997
9120
10972
7158
3526
5112
5570
6210
3233
2946
7514
12163
12202
11523
7015
7033
10387
4851
1034
10661
6776
4840
11739
4473
214
5775
3585
11677
713
9634
3053
9219
3424
3042
3789
4037
7616
9205
11185
8243
5220
3292
11028
7382
7145
10616
1756
7021
8904
24
9572
12917
6085
3142
4976
3172
2918
1420
8870
3551
4186
5367
5954
2706
12051
5998
4358
7098
4109
4671
8722
5203
12259
11311
5459
4477
11986
7805
11737
1415
8346
7504
4649
3155
4387
10680
34
4536
558
526
10747
4950
9100
2036
4028
7676
5161
5320
2964
12126
2523
5416
8702
883
8919
10961
9018
6633
1109
5111
9510
1174
5452
3983
4919
10459
10405
2013
10317
1197
12677
1131
1173
7168
7384
5842
4927
6873
12605
5578
6450
2263
3523
12574
9312
11293
1897
4730
2009
1511
448
3731
9116
12657
12546
8081
12256
11841
6172
10219
3051
5904
8425
11994
7713
3298
1077
3593
2352
2283
1574
9001
5582
327
9123
3318
11131
9348
9528
1402
6464
1025
7372
10615
6325
12336
4895
8014
12240
11387
1435
2008
6176
9649
10373
7503
1852
5167
4654
5549
72
1952
2279
9571
5580
7630
3219
3077
12294
10660
12672
12161
9197
148
5493
9092
10363
6493
8305
5193
6446
11526
623
11782
10080
5473
6129
8323
12535
206
621
3698
1791
2825
1139
2103
10663
9192
3543
10358
12860
7798
5607
651
2446
4607
5140
8330
3351
1183
6496
11092
119
2664
4587
4379
6038
6447
6939
5218
6307
9697
4924
10707
8229
5253
11441
8881
7876
7386
7987
1005
10594
6351
1651
7764
5785
9282
5789
2743
5280
2783
239
5957
1684
3911
10987
9118
3270
5467
11260
4445
1950
10877
1985
718
2411
1959
2598
6671
1146
7960
4546
8514
9562
1201
4154
12764
1399
9637
1927
8905
5291
2606
6708
11453
7932
6770
11036
12081
6359
4130
4391
1497
6074
1335
12626
442
9707
9721
488
10611
988
10911
3275
3788
12194
274
6303
5465
9871
8004
2969
3232
3721
6795
9471
1476
6414
1889
11290
3603
9231
9811
5555
4843
6150
706
8429
6288
4089
7666
666
9268
8630
5431
7212
12683
4364
9735
12585
12519
9610
9154
4113
9470
10337
9335
11178
4691
7719
1808
2243
11109
6283
1680
3811
8475
1983
8697
9973
4054
11336
4889
10258
4022
3884
1159
9295
3513
7782
3753
2116
5975
970
4727
4535
244
6809
7265
2443
2698
7328
3256
10930
5375
12644
10517
3255
8508
5022
6142
9595
12668
7070
9075
5736
2517
917
12059
11364
3974
5807
3563
9540
4169
11457
6049
10429
4988
12494
5737
11921
3134
11970
7225
5094
7411
3190
3873
2056
1310
7362
9019
8927
1564
7820
7542
3535
10835
1416
12921
6422
2185
3268
12537
10791
12369
617
1141
12150
7131
7544
9201
8282
4244
11504
12063
10904
7894
6498
6588
10272
2314
1679
1271
4917
1124
3714
11977
1512
10370
7149
12156
9238
9887
5068
111
1349
7598
1254
10504
6042
31
12490
1052
4
7594
3016
1132
9620
1129
1836
4464
1946
8795
813
5604
11111
7561
9627
7922
1742
3853
5953
582
3552
1576
8928
4492
9576
4157
5751
2364
7913
3777
4402
12108
940
7659
2738
1350
17
3565
9822
12788
566
9292
5230
471
9030
5265
10544
12487
7892
9617
10933
3293
125
2115
12834
7840
2721
468
2726
1587
1245
1909
2490
7799
6709
4681
8950
11846
8966
4905
8214
11464
333
8748
3369
12581
12753
8125
6734
11746
10470
8119
9575
4369
5377
2155
9870
4443
7035
8363
11326
254
9593
10743
12447
1972
10976
11473
4716
12699
1663
11983
967
58
6731
4940
1341
10914
11896
10719
100
291
9157
3328
12090
342
10717
317
1596
5990
6775
8385
4545
12114
5714
9991
1032
8271
450
11315
10653
10942
4644
11599
10495
6947
762
11204
7979
2070
5318
12398
2987
8739
4648
1767
7614
5709
10989
63
6946
10481
1561
10402
10969
1883
6992
256
4057
8986
236
10990
3101
7462
3950
5738
4350
9494
9119
9313
2347
12122
10005
3684
1601
4807
7625
919
847
12251
10292
4137
7069
6714
4419
3117
11247
12123
4251
5744
11429
5958
391
10403
11515
5092
8736
11715
4322
3378
7080
7595
4079
7151
6362
6461
10746
3368
4600
3055
10321
536
9736
9500
11554
7834
4253
12416
9927
5502
12050
5144
1871
11144
978
890
5453
5115
5865
9821
9948
11995
1960
11883
2376
11597
11783
1868
9847
12293
2599
2450
12848
4663
10723
11837
2641
7977
7581
2573
4346
10568
2906
3111
4945
8038
3728
10714
6952
9825
8819
3395
4666
8083
6510
2055
1107
6996
4591
9275
9009
7183
1042
9673
826
13003
2276
10823
3421
9331
1591
6344
3343
213
12143
9316
10825
8221
8872
5244
9657
7562
10343
6175
3497
12866
409
7735
7428
12299
7120
4086
10618
12749
4390
1149
5153
9754
5519
4961
7350
12261
5098
3108
3163
11244
6692
12454
4579
1557
6372
10260
5009
1468
5654
5344
40
4214
2535
6242
2250
5010
6004
12282
12039
5421
1332
9830
1074
8718
5669
0
8867
7142
896
7105
1006
8024
8169
1493
3750
1905
3898
602
7646
5792
11549
745
12070
8151
1475
3977
4853
10326
6659
7271
9640
3819
7914
12442
3553
6174
2102
8996
7171
12135
5343
2442
8689
12742
8840
2207
3416
12602
9396
7585
4751
10532
776
6542
3607
11412
7300
10460
4201
11823
1919
2891
10160
7468
2107
8436
6000
4619
4237
8829
12078
6097
10921
4744
12909
3923
2308
6905
11563
8885
8031
4689
1470
2349
1683
12209
1798
11115
9966
3210
5270
7931
8640
11894
8781
4045
11660
5730
12295
4017
11389
9516
6758
8924
12874
4928
5090
2221
7011
5334
7536
1474
3769
3438
1988
2359
9440
5339
1982
11358
9724
11094
11107
8767
11159
6790
199
10139
5688
1900
3135
9105
2644
343
9005
10152
2833
8178
6784
660
7480
1582
7801
7872
5571
3399
9534
27
10673
4975
1635
5224
9188
1760
892
2912
11968
6491
804
11752
5869
2425
1997
9874
10381
11912
2634
4567
7079
1274
11727
6677
8716
6483
4687
3323
11327
176
4623
6043
9411
4841
2461
7899
10620
1167
9730
494
7783
9053
5029
10542
1144
4912
8725
8039
6533
10891
12429
5790
5393
10799
7455
5454
2465
6052
3713
3460
8555
12385
7733
367
10209
2544
8685
5145
11347
5126
4145
7981
4114
1046
10045
3220
10474
381
12502
9382
835
8310
335
11062
1682
3663
5340
1768
1393
714
607
7815
10360
8809
10074
4973
3465
4630
6318
8830
2282
3968
11624
9381
9071
10844
2868
11135
2639
4150
10011
12933
2187
6733
3178
6314
1859
1082
7274
1240
6048
5349
10564
11659
5915
11167
8682
5121
10986
628
6599
2124
674
5693
6145
4794
3265
4451
1877
3177
11376
11213
6549
1360
5924
12315
12318
6156
670
5801
10757
914
9765
12027
8506
9896
8354
1727
1990
11272
5691
10778
4741
9488
2390
2682
12647
12606
7152
1035
2617
8190
235
7256
9801
965
12872
1401
4412
11120
3303
266
10274
4698
11468
4483
780
5296
8284
4660
5403
2843
1329
3848
3730
4115
4352
2384
5170
8674
11258
6001
2867
9020
12935
4438
9826
2488
2707
9262
5195
2811
6856
6911
3299
11774
104
11346
9485
9729
2683
8465
1611
8963
4958
9995
12384
785
2548
7106
5836
2321
4960
6087
10084
11147
9785
2100
1328
6051
9961
5689
11600
9041
1780
2323
2389
4211
4728
4002
12792
4624
4064
4516
2290
8495
11125
7701
8758
12034
6259
6959
4540
472
3794
3021
2193
8201
3259
2728
6102
4204
7671
360
3304
1187
5327
6030
11286
12682
9011
9812
10641
3865
7916
5155
9349
163
347
2137
2953
6896
1489
6746
8161
12999
5976
5008
4907
12191
9267
9347
218
13005
8441
5622
7159
11283
11093
8818
7059
5122
6985
5630
10368
8609
11885
3691
12009
11781
9990
12477
7978
11143
10704
5087
4047
11032
8599
2770
3490
312
11528
4724
65
8203
10677
10882
8823
2303
289
6601
8171
8264
4989
11194
7200
3722
375
354
3082
8733
1389
6616
6269
2907
3209
276
6382
2043
11224
6319
7835
9149
2695
9665
385
6656
439
4703
8681
5826
12390
1816
3800
3415
9168
2823
3345
10777
7356
5883
4493
11196
7157
12995
12787
6921
3074
12437
310
6147
9952
11679
7296
8860
9342
8079
1702
4581
11557
7138
4963
7607
11081
11391
6975
12248
12810
523
9049
966
8400
8405
9774
8812
7990
10946
5055
399
5848
12859
9493
10572
2045
1806
85
4303
10169
6874
3374
12965
12421
134
7202
9853
4435
1911
783
11747
7891
1505
8773
416
3439
6233
5676
2565
8558
10567
667
12422
9345
11008
8152
3979
8810
8625
11635
10623
6499
12058
6726
12765
4632
1714
11309
3866
8626
6880
10396
1073
9016
1737
6219
7124
5952
1426
3827
2502
1860
296
7670
12242
726
8133
4923
11312
10794
351
9055
10843
4036
6122
12957
9882
12182
10873
6495
4732
2135
426
10706
11201
10992
3583
658
9766
1423
5657
6516
4566
5127
12930
1090
4875
404
12365
3980
668
7396
1212
6556
11700
5972
11487
11691
1648
6423
8155
1725
5754
2687
7221
378
9708
8327
9045
8049
10988
12267
7123
5043
1755
387
9969
12373
8863
12032
7606
363
322
2951
10009
6202
7983
9731
128
12875
7759
6021
9155
10248
3200
8487
2344
9284
5307
2375
4380
9217
2855
8189
11548
2927
6092
8821
267
6480
3427
7093
4182
8660
6365
11880
4898
11059
5640
2582
9138
12154
8067
5105
1432
2513
466
5575
1232
2861
3737
5209
7886
927
959
3573
6199
2175
6090
10281
11605
5211
4879
8325
5962
12579
5361
10181
3972
7473
9763
2236
12894
8884
908
12639
5758
8672
7331
808
5542
11004
5936
4608
11285
3608
6345
12745
8248
4908
3040
9551
3026
3019
2592
11689
10303
9602
10638
7722
2552
4760
11228
8707
130
9666
1857
8302
10600
10213
8135
9322
6126
5274
226
11684
8182
9152
5302
2142
10752
9441
3361
10367
5082
8213
5994
11675
5316
12615
5573
1235
11156
1054
818
904
2755
10371
1846
11252
916
1992
1290
1751
5720
611
2790
12380
11755
11530
8988
2655
326
8952
9712
4123
9240
457
12222
12927
9587
9556
12100
6581
14
9879
8646
4667
7387
2914
587
3400
8583
1302
5345
12264
2467
7976
7808
6997
11210
3136
4560
10619
6059
9701
9232
8324
6405
12887
9109
7432
3895
3306
12640
10801
6333
12310
154
1477
8533
8216
1063
8521
9588
2324
5300
8719
4080
3075
12417
7527
6395
7181
7326
438
2297
9563
7774
7796
9975
7393
1687
2313
9761
2971
6470
8788
11712
2884
3662
10516
8764
12327
5386
5728
2447
5248
12818
11517
2432
5117
2801
4618
5078
735
11113
10841
8762
10924
2476
9603
12594
4633
6285
2837
5847
10768
10409
2242
7651
12045
10114
4065
7493
5201
4951
12297
12287
9850
164
1267
4288
3952
9144
3147
11765
9996
12177
2864
88
9329
9185
436
268
8268
4368
2407
9429
3683
5439
11533
5893
4838
5860
1101
7888
2939
4502
8319
960
7699
4488
4508
7259
2824
884
11693
9950
5471
7270
2593
2684
4175
1623
11760
10451
6451
836
6163
5673
9452
2590
6558
9089
5937
6778
8380
10122
2979
9946
11085
11652
6830
7679
8649
3548
12562
1164
1043
187
12786
8585
10329
1604
10635
752
4561
8831
8375
2489
8968
153
7413
5423
12515
2277
3347
5314
12797
3403
4102
12507
3471
7702
7385
1285
207
5766
12174
118
4018
4672
12110
9504
2002
4601
9550
8911
8929
10889
6707
2483
9173
1015
10769
9181
9909
11584
12920
3412
5907
7511
1681
4812
12651
6917
11263
4082
11622
12967
2696
4162
3765
9321
9410
2138
6076
11233
4085
9314
3061
3049
12839
3786
11665
1211
2750
5547
5039
8538
10767
1835
2284
12912
3381
11754
8598
3203
3
8657
6783
1925
7950
12560
10290
5653
4578
4480
4494
4811
7492
4166
3536
1429
2038
6279
2141
10571
1061
2048
11127
10108
8490
6647
9841
4510
4559
12716
10148
562
2777
5639
1133
6444
6787
1050
1842
11061
2004
9210
4920
1875
4823
7902
6136
7836
11343
1451
5049
9477
10608
4767
6888
1495
112
7552
3555
2292
10770
6933
8153
6545
1552
12813
10842
3333
5925
10351
8965
3894
1638
9491
7310
3426
1792
4012
2873
133
6842
12476
4161
1250
3264
4281
9035
10220
8546
9077
10314
10339
2294
11508
2335
9592
10116
5462
5982
8316
7189
7571
1632
10346
11982
12725
2551
321
4754
1644
5364
12517
6663
10195
7633
9859
3017
1278
3627
280
724
9289
6398
9974
1020
10845
4639
8805
7369
7658
8634
7601
10920
8940
12055
707
5851
2270
5566
9174
8727
1161
2424
9172
1715
10808
5033
9237
10273
1573
11743
4469
1787
2165
2925
9376
3164
6073
11576
9929
2080
12258
9241
7996
4933
10813
3085
6336
6649
4426
10037
11141
3238
4614
10423
8128
2545
7141
5948
5001
1819
1592
3291
9611
1380
1873
1236
4968
2196
12445
3409
11397
2
7048
893
10644
3637
10482
9244
10949
2657
12041
1569
8969
8275
7084
11019
12036
6696
4915
867
8806
12812
909
9883
315
9618
4152
3584
6250
1752
6502
2674
7060
2889
4441
12601
1248
5468
10443
372
1843
12631
8746
9423
5084
95
8163
7941
11314
2371
9343
4819
7376
18
2759
6772
5477
10710
8645
4362
12747
4580
2231
5180
9508
8461
997
8338
183
2955
9306
222
4029
3064
3288
43
11730
1062
5442
6368
4585
11733
3377
9710
8408
3453
10484
7399
3057
2916
10821
11215
12947
791
12563
11330
11699
1686
6691
8543
7099
2762
10682
2120
3892
2337
4782
341
9612
1217
12779
7441
5857
3937
8992
5486
10261
8142
6832
11433
2613
238
595
12643
8326
2792
12794
2430
11964
10996
10932
11901
2194
4004
4423
9935
1367
4168
11824
3389
10550
7102
11142
7833
8875
9664
6329
9067
6009
5476
4373
8714
5004
7797
12702
5700
10603
10463
9384
4202
6426
3125
7972
7507
1689
9722
6765
5905
11489
4882
3528
4773
10829
10498
775
3436
5906
288
805
6270
2111
6966
4746
1044
5156
4750
3917
12998
6679
4909
4073
3653
283
3072
6782
135
9630
12972
8301
3417
2057
6720
5250
11238
2752
6635
8524
7250
3480
1713
2157
2149
2754
4284
586
5899
4814
3929
5588
7047
10320
8704
6901
4802
7907
7024
12426
11329
12497
3660
9876
3902
11729
10502
9687
2936
1735
1670
7917
859
3197
1994
4059
10790
1828
4377
508
4906
12099
8110
7201
412
12149
5397
5222
10071
6564
777
7046
10138
1486
4953
9911
7486
11401
2879
10095
4181
6003
7687
46
4771
8373
5342
9340
12000
3677
4820
3610
3589
5030
1647
767
12290
11337
8117
5923
11500
10096
224
1503
3056
6025
10212
8551
11546
3500
3385
9402
12944
6980
9388
302
11195
1602
3073
5756
815
12831
9104
1214
2628
12756
11057
3032
4049
9616
10549
4983
872
9703
4634
1467
4708
6403
972
4311
6338
6909
12236
2426
12652
3795
5949
3915
3612
10217
10291
4141
11914
6590
11436
11544
8578
2788
6350
1800
3180
2012
2774
9336
11145
9835
8434
8233
789
5572
7795
8076
8883
5703
723
12633
11430
2147
8440
3515
6636
2652
8972
12096
8987
528
8278
6944
4577
4069
4658
2935
1943
9337
4363
4930
5742
9798
4245
4605
12903
11695
2729
9727
6520
9254
7586
5517
8077
7814
4462
1408
553
11748
11149
1147
5337
6803
8147
10414
1777
11269
7898
3286
11581
1226
11627
5523
11975
6267
6437
4848
12190
5856
3332
1695
3430
170
4242
10935
9928
4564
6015
2021
3130
11788
5513
3746
7465
6766
8432
11348
1120
8478
10091
7528
1966
1998
11282
6192
12557
2815
9530
12356
605
9977
9944
3547
9793
3488
12018
5238
1895
6678
1270
6608
7143
12798
3682
11040
6220
5019
9641
4990
4763
1538
7010
1409
12335
8355
12790
11126
12885
11981
4938
11889
10421
1948
6693
10478
6214
7632
9385
1115
4870
4711
3949
2859
4165
11962
10250
7496
4190
4131
6926
221
405
3759
1881
3196
12015
1609
4484
12625
6562
1308
219
263
4743
3171
10738
12712
6077
1614
7747
9414
12401
2794
247
12483
8510
2419
10838
11200
4786
7525
12599
5119
10837
12370
10006
10183
7405
9180
5424
5472
9387
7032
7593
8184
8910
2621
9926
1537
5696
6577
6120
8569
2610
7788
922
4499
4640
640
4857
1388
10202
8045
2164
5455
4437
1513
11357
2967
6761
5908
2264
2686
7807
12689
10366
9998
4314
9417
48
5773
8688
9326
7850
6086
6058
5983
9982
4797
3647
3206
6550
994
6716
9506
5237
2757
3504
9795
11349
11427
2192
1462
10245
2772
10785
2632
2518
167
10553
11858
12239
796
1319
7741
278
11189
12777
8416
7549
6070
12091
12906
5200
5830
9739
10394
6171
12492
10418
9778
686
10713
9654
3444
10913
273
12080
9797
3611
3069
7897
8834
5668
5690
7489
5474
4306
4434
7963
12441
631
4886
6232
509
11575
7915
8467
5538
11079
1929
4569
7240
7475
6209
11482
10389
12129
2733
2656
4785
10570
3870
7022
2278
2216
8140
12837
6645
11067
8360
10634
8431
5372
4544
7363
8851
7073
4869
9866
2690
8540
9560
2679
9307
11299
841
3287
4925
12395
11175
3353
3597
10204
4160
9473
3845
5227
10097
11631
11972
2817
1678
114
6389
12616
2536
8841
7320
4097
1539
171
7334
10947
6072
7281
11945
6821
6963
11214
3891
7410
6844
5521
4954
6718
11805
11424
2473
7148
7991
12650
11373
4972
763
10200
11044
3910
3578
3065
12438
6802
11558
1585
7879
12343
7655
7644
408
12627
12547
7439
2286
4910
7005
3145
11268
8256
2531
11826
3675
6618
8975
10702
3921
197
2753
1747
7177
2244
5822
12684
10991
6284
6412
10865
9397
3121
6774
1865
2486
5525
576
67
12675
12847
9271
4183
1794
800
2965
5400
6413
8093
3936
80
2220
4552
5787
3237
12469
9458
10450
4931
5777
7119
1086
6203
538
6358
7622
8737
11944
255
5412
2932
5540
2810
6699
5488
2088
428
376
11717
555
10909
3982
12738
5512
5863
8453
12444
8750
3825
11952
11942
1572
1346
7858
2909
1631
1366
2793
7933
3598
2469
3808
10657
1831
5264
8457
9239
11866
11860
9740
2112
6687
3909
3251
3942
3568
2212
12949
2343
6205
6123
2312
11922
7910
60
3388
10912
8383
6987
6363
8433
6575
3916
10050
2232
2922
4300
8347
2320
8516
9140
9483
2206
2063
10089
1192
6028
10593
12428
3067
12665
5388
7129
220
12052
1085
1665
3405
6121
5888
1263
11938
10165
11607
5437
5490
11146
12807
2266
9584
11074
5378
6217
3348
12130
2010
12179
7064
11784
9435
10229
10007
3506
9945
8920
9442
6969
8916
6280
12975
9565
9910
8055
4613
11207
910
7272
10985
882
8250
2291
10751
871
5759
609
12168
3115
8766
4403
3999
10755
6538
11490
11459
11738
10674
3276
10894
3818
9196
7229
5583
8130
12925
5892
6751
5089
4913
4283
11288
11478
4621
9775
9979
11865
4876
6463
1821
682
10712
1128
10233
10678
3877
3263
3606
5614
8938
10879
2654
2078
12443
1649
9538
10951
3194
1446
3521
3258
7665
2072
10412
9840
11512
3632
11087
9036
1198
11568
9389
5489
9501
11192
12374
4636
3418
2106
6739
2037
1789
1754
2506
3199
2330
1011
11785
4339
5701
7794
8935
3850
1181
11499
2014
11686
11927
7966
7610
3986
12340
12960
2504
5536
6143
6894
10741
4683
11630
11879
5562
9947
12769
4236
12802
6672
10729
8026
2089
12220
10435
1951
10520
1378
3571
3668
406
208
4077
8057
1344
12252
5332
7869
2744
517
9709
7547
11021
3888
7173
2251
3338
10027
11038
2568
5169
6639
11984
2671
1999
4669
7758
4495
11198
10280
12217
8983
2273
11170
5212
7890
8509
6193
11298
6799
11939
6769
679
8227
11886
437
9080
8099
11862
9732
6223
4122
886
1953
1743
4172
3429
11810
4400
11065
7169
8352
10338
10513
9764
10442
5945
4187
1793
6299
2894
10449
11503
5016
1641
8861
10221
3195
9942
7506
6865
2445
7289
4432
1256
9303
10795
6228
10725
8991
3512
3020
11836
1708
4409
10427
5133
6523
11153
7924
1230
7313
2386
2974
2587
2993
5539
3301
9280
11016
4528
9670
5685
11651
11827
1962
2622
1979
305
8500
132
963
8469
9048
2842
2152
9923
3315
4722
9095
11750
2795
1284
8412
11999
11187
7611
9166
7780
5858
7153
1117
8523
4517
1009
1189
3659
229
11294
4833
8280
4863
7192
11287
2159
2491
1298
2444
10684
11861
9920
7564
7767
6813
10971
9146
5215
11488
12662
1134
6472
1492
5748
12658
12638
7545
2348
1533
440
11416
7613
712
6131
4892
2372
2839
11625
11918
3641
4700
10077
3068
287
10672
1675
11257
5934
6306
491
12989
1228
10519
8415
11273
6244
2254
1845
3640
877
2458
9158
1118
7809
8926
8238
4491
3330
5356
10890
1542
10966
1055
8889
9320
7361
11366
4470
11905
4795
2659
12049
2226
3086
6546
4774
590
8717
6315
5346
2403
374
2146
1869
6943
729
7456
6227
5479
2558
10043
8392
1603
12382
4753
9462
2481
282
5522
6385
6289
5283
11075
5597
11967
8357
4471
11808
10561
9678
3207
7706
11809
301
9451
11378
5192
11121
4463
7717
11519
12189
7045
880
11138
3459
4096
9027
5414
1763
8414
4965
477
11507
5333
4127
2368
8612
11082
2023
1829
4695
4206
8351
5440
5172
2620
8949
1726
12031
12412
3649
6536
5114
6118
3140
2272
6442
4356
4707
166
5797
5944
5100
12994
5629
6328
12773
11305
11051
3184
12225
7154
2991
933
5741
13000
2285
7397
2257
10131
4978
7244
12302
9286
12348
6845
5820
921
127
5365
4270
4706
7137
694
7452
3335
2515
4980
3431
639
12705
5628
6012
3254
10584
11132
7117
5763
6033
986
3859
9999
11202
4321
6476
8199
12473
5289
9498
9278
3903
3727
3546
7597
11445
10426
7267
513
11759
9625
7730
10355
2374
7600
9094
8946
5733
1184
5551
7524
1260
5984
157
2331
9552
5136
4731
4738
7044
11698
1249
3314
3733
7988
3580
10034
934
8752
6942
12088
10090
10110
290
4074
6572
12061
4490
113
4699
3484
5054
6658
4776
1722
9226
7877
2205
6420
10318
10364
8480
6349
12188
7457
8016
6107
3083
12513
2636
6322
5422
11955
3149
8868
9663
2896
7196
4243
797
1677
8180
11656
5708
7264
4506
7273
6988
11628
11871
5182
901
12724
10065
6757
3228
9505
11069
11098
5328
5120
8364
4261
12905
492
297
10277
5951
11789
4118
5626
1981
9260
2910
5059
352
8497
11596
8699
10098
4791
4903
8990
5795
2876
7407
4216
6332
6807
8765
11137
10698
1244
10078
4805
7938
7219
1418
8489
8675
9399
10257
10067
3414
10159
5260
8724
2556
1040
11850
4694
6252
3452
5384
11821
3243
1340
9081
2840
12680
2596
4482
3940
2211
3864
12397
4558
8447
4302
2394
11505
12415
6062
1942
3372
7830
5855
8069
8034
11068
12391
8798
8270
3463
7071
8321
10309
9043
1928
4721
4345
716
8522
12203
11316
8333
3475
1289
6241
9805
12664
5922
8322
1901
9958
7231
2140
10464
10288
6440
11384
1496
8619
12854
3160
1812
1353
6643
6702
3227
5963
7704
3486
12908
4845
5085
5306
3167
10869
7008
4662
3151
11661
8729
6293
1924
608
1219
1060
3953
6973
1884
4308
10862
646
11356
6411
12005
9621
8914
4316
1795
7332
12904
476
5047
3614
2457
9725
683
3309
4226
5058
420
1619
12508
9327
1646
10792
8706
11406
6162
12996
4900
5050
1507
6186
10526
10332
6019
12482
3993
6570
3456
2651
9854
6291
3511
5188
8065
12341
597
4282
4418
6190
12467
5034
2018
2265
2191
9968
5466
4406
2804
12319
9661
768
7392
12060
6849
4224
10910
4107
2829
6822
8350
6945
11825
6297
999
8210
732
308
6724
12399
1915
8909
2503
8376
7497
8730
10601
5083
10625
6383
8136
7367
11066
969
1917
4198
10963
9377
1166
693
616
10596
1239
11139
1918
7223
3631
5037
1717
4596
2519
5909
66
7539
6342
5382
5205
8621
10115
1487
2640
6941
11833
1872
8486
11929
2402
2144
11761
9496
4548
1464
7889
3501
3188
1716
7940
12902
8391
4280
3336
12876
9108
12305
4030
8507
4733
6392
3961
2493
9010
6743
395
9776
1461
10316
1995
11221
1296
4572
6934
977
3686
1907
8059
790
8369
12970
5255
9484
11595
7620
9029
10430
782
1771
8945
11566
4098
7849
12255
6927
7819
8421
2305
843
4396
12667
1522
7030
6630
9130
2834
8613
1718
11961
10126
2653
8144
3404
6839
8513
1817
6316
7459
11907
7631
11924
2127
7654
9861
5649
10488
12803
12101
10675
3295
8413
12666
6154
9287
12922
2860
11129
1194
10848
5897
4338
7822
8692
3359
7348
8921
1672
1941
3390
1606
8687
11998
7165
931
7360
243
8980
9917
8313
3215
11725
11157
571
8291
7560
7311
5667
1802
3945
3277
1483
11495
7678
8089
2169
5219
5123
11612
7800
8292
8856
2252
7444
7848
4003
8705
1912
11025
8092
9741
6236
3987
8879
12317
6300
6721
9771
1565
3236
272
6225
4405
5228
10834
11435
3685
11444
9486
7089
11740
11076
8623
1138
5739
4827
12911
231
1272
2931
2210
2253
2190
8205
10400
1597
5977
3704
7436
8358
5252
6075
2575
8371
7880
3339
7133
11550
11714
4590
11590
11573
8535
4568
5887
8957
2691
4854
699
2003
3366
6027
8435
79
9251
6078
2311
10679
8815
8320
4461
4504
12974
1093
1253
5131
10518
7191
2908
7066
4515
7351
5776
5840
10923
12840
1580
12486
3564
3252
12819
7566
2848
12523
2929
2082
2983
4865
9017
10514
7908
1961
5062
10614
1193
7209
10064
7139
8001
10262
11535
9
201
6081
1811
11957
1482
2710
5890
1621
12072
4413
431
6427
7440
6445
4690
6079
8251
2950
3752
10354
9845
5682
10737
3997
10120
2079
3003
10174
6240
12958
4810
784
5985
8813
2150
3034
11470
1317
12013
11321
1801
10282
619
2420
6471
8463
3216
7736
12889
2534
1224
1825
3545
6521
9813
5631
12801
10916
7870
4659
8058
10762
3231
5605
11553
4070
7490
3245
6248
4626
7056
1612
7657
7233
12409
10557
8398
12346
5608
11451
196
696
7110
12969
3989
7563
2524
3273
9087
5164
6524
161
1490
12857
2230
11697
9078
10803
1001
7470
4514
12235
1014
1255
10455
6099
2725
9789
10012
11030
6823
2233
4128
388
6925
4575
6753
11586
4576
6722
11954
3469
259
5461
3739
9720
11354
11454
10875
4804
11881
11152
9828
6110
10312
9103
9497
4842
12274
6141
10925
2188
1764
5552
853
10401
6717
6897
6282
861
5357
9126
1456
9467
9892
12107
9598
5191
2075
1788
12210
4151
9978
6579
2086
12776
145
3413
3493
4887
2574
4347
9912
12333
12673
5018
7077
5634
8637
12937
5282
4674
11073
12888
3322
2298
7568
4476
3985
5505
8893
11790
8446
331
497
9693
10530
1445
8072
7280
9416
4024
4101
12855
12200
2561
6555
6729
1516
3887
6125
6146
11325
1870
4676
7956
4999
12982
5189
771
2145
2719
3823
2501
7293
7371
5330
11332
9956
10816
5532
1885
1600
1891
8010
3187
369
3643
3158
2046
4489
7017
11328
2803
12180
3734
8349
2854
12247
12653
4219
6473
11848
6098
7042
496
195
10323
5910
9107
2624
9288
5564
9954
2360
9857
7755
3401
3324
6215
4977
10548
1833
4549
3059
6441
6170
3033
7579
6135
11241
5846
4027
1529
11254
12023
7518
7925
11948
8862
12532
5643
12569
2400
6501
2011
1640
10569
556
1810
12076
12767
11569
5884
9875
1385
3896
5919
7128
2015
182
10636
6466
4273
5637
5387
5772
827
3689
4712
1548
9003
4839
4450
1203
1739
649
6094
10441
3749
9398
4880
9465
414
12690
9012
9629
4382
7394
4916
1813
146
8288
7072
4682
11653
8876
5385
11010
11249
7947
12254
5670
8852
10765
4899
4289
2475
2396
9976
9193
10454
4941
1822
8628
1991
833
9779
2001
10954
11594
3679
3628
6869
7958
1299
293
12821
3550
3591
878
3779
5051
10344
11026
6204
332
11565
8853
691
687
12001
2341
8402
9747
627
8611
323
478
12978
9607
54
5824
2229
11381
12570
8370
894
10196
6878
6834
6999
1049
1894
8951
449
8644
8193
6469
415
4439
837
8235
8696
10505
10345
4987
20
12007
3613
4583
11678
7584
3561
5501
12212
5600
5460
5142
4537
8731
9728
11338
10898
12735
12913
2451
1013
1712
1448
1673
2168
7498
5060
7957
7026
5102
2995
11407
6698
9547
2539
419
3118
9453
8228
6749
9412
3183
10750
9182
12545
10440
8544
1818
11898
6653
11702
9586
4120
5497
5012
11854
10129
5154
5652
2028
5392
5735
2181
205
3317
1786
8668
6808
10374
7454
11481
5920
6089
8017
8164
11577
1551
12468
12543
12389
103
5659
12439
2148
3150
2968
5073
5563
10978
3676
9328
11418
7263
12230
1636
4310
6660
758
8600
7314
1068
4299
5974
12134
5663
1940
5234
10915
12503
8656
6386
1720
4208
4372
5207
2771
12296
9143
444
12698
1746
10246
6621
1544
3680
7230
748
5812
5053
574
7772
2050
9867
12554
1210
5266
5999
12273
2813
10926
1102
956
1311
6930
6509
9341
3951
6399
2672
10178
2892
498
5864
7358
6798
10240
6251
1182
2722
10408
11721
6931
11251
9737
741
12214
3383
12316
11223
2077
7433
2972
8035
9513
9134
4498
6920
458
12038
9084
5063
3253
9242
3211
1105
10772
4050
8948
6410
8709
549
10197
4818
11409
3428
11892
11936
6416
1356
11483
2219
4229
4513
6308
4573
4926
11119
6380
1622
7319
9658
8958
11603
4274
7749
1613
12394
1365
9034
4582
635
506
1989
2255
7884
3081
12774
4329
7871
5137
53
2161
6583
10103
6928
3558
9096
1691
11543
7443
12347
5683
8643
10061
12703
2850
2665
4798
4628
9408
12583
11174
11172
5363
578
8939
9114
6418
4991
4874
1892
6032
9418
1110
9186
5624
12320
949
1376
4009
9323
6864
4269
730
6108
2171
6393
12145
4155
10047
3624
8265
1024
6953
3667
4106
823
12387
4692
9420
4408
7112
9695
9437
4008
9696
975
7521
9153
10662
11666
8484
191
6429
5067
6918
11165
486
5745
2379
12634
11525
3815
10595
12806
12713
3780
7883
3312
5813
3185
10438
764
7881
2705
3202
6957
8159
4056
3709
368
863
1108
2094
8344
5141
6139
5609
12991
1838
6438
12844
380
6261
10668
6132
9804
8961
9021
10815
7532
9886
8353
8636
620
3520
10483
10508
6277
7003
9106
8620
8943
9916
7596
4849
11467
1518
10424
2798
1546
12004
407
3257
3791
8462
6723
248
15
6607
307
11772
8041
8299
11295
5510
3661
2647
6428
1749
12306
4452
10606
10445
8984
7893
1753
1479
2041
9487
8847
875
518
10263
4979
1698
12113
9022
121
390
7748
12283
8374
5221
5025
5197
6861
5638
9933
9823
5550
7714
7261
12459
11762
10473
10023
2702
3448
1460
3346
2688
8995
9008
8655
8751
8149
521
4835
7299
998
3114
2482
11857
3544
5515
1104
8778
10186
8044
9117
8356
2522
10802
8167
11301
10715
8759
12678
3334
2435
12418
203
9624
8575
62
4149
4015
4684
990
3411
3326
5610
10224
5569
3969
5800
7023
8411
10177
12303
1361
596
4709
12849
12659
8046
12814
5449
1231
11571
3320
10633
12997
9717
1775
11946
3000
2025
3468
5176
1202
3457
5927
10583
1958
418
5568
8194
7650
5410
13006
9066
4365
11184
4164
11705
4455
9531
6852
12084
7634
5710
4249
2505
11606
6274
3218
1437
4040
7190
9425
12184
1893
9679
9780
4021
12542
12233
3349
2122
9207
10357
3391
2649
12175
12898
10863
5103
4982
1570
9229
2611
9393
4119
844
10434
6235
2334
6788
5891
1375
8791
3626
1774
12044
738
7178
8836
11882
3666
4661
3070
12354
5942
4611
6180
6867
5031
8450
1331
7
2975
6045
7688
10018
4266
12524
3944
2800
10471
2436
3159
581
1820
12979
11077
9692
9274
12
1382
4336
5876
12406
3354
9802
2189
8824
4932
8849
9213
7540
7043
10109
7352
9638
2417
6353
1880
2355
4534
9276
435
9489
1010
7140
11361
6854
644
10092
932
5427
3047
1140
3139
5292
9296
4873
6725
7982
2437
9212
11246
10201
8512
9965
1867
4472
91
9897
12832
4430
5971
6700
10886
7276
742
482
12895
7471
11245
10232
3396
10432
822
12757
849
9141
4332
11806
1227
5097
5707
9495
1172
2213
2059
3076
6432
10575
8880
11116
5177
8134
6071
10783
97
12518
8090
3849
4522
6632
1113
9605
102
3027
10827
7034
7160
6875
739
12763
271
1354
12954
11261
8399
7424
5152
5149
11856
11203
11422
2160
11795
8897
9208
8339
7859
1625
3656
227
926
10805
7779
4832
10104
8622
12700
2295
2093
12064
434
6762
373
5681
11217
8858
1347
4665
2681
7516
3229
1119
9783
5914
2098
554
5104
9455
10362
4538
5368
7874
534
12693
648
2635
12623
1517
9422
6260
3341
12589
9115
6443
7118
5259
2204
8633
9079
1157
1568
12881
7930
9579
8503
12185
9600
4431
5007
3012
11900
6402
12783
10649
2455
11334
4664
12603
12789
11749
4937
9646
6600
7986
10242
9594
10243
12628
1176
8839
12298
6415
11341
10059
1728
4176
1509
6436
8217
1916
3519
8437
6115
6117
7107
11266
11278
974
2890
4361
2167
4735
2555
8158
29
3208
9831
12012
4411
5579
2035
3181
8982
5725
10218
6407
1012
1583
982
4588
9844
8743
11802
2675
7546
4609
12378
8386
11275
11230
2000
4389
8753
10929
5740
7004
5548
5469
7065
1732
9360
7090
9824
10490
9093
12491
30
2543
12048
249
9810
10461
5046
4296
12094
11396
5506
4901
8030
11104
1059
10826
12026
2963
8456
6837
8025
11243
9767
8587
708
8290
2052
5702
2084
6998
4788
5747
8261
3657
2338
11935
12278
2560
881
11978
12784
2924
5535
10010
5275
10028
7895
6047
1095
10311
2586
10577
5074
8732
4143
9555
1330
5873
5240
10745
389
3718
12158
4404
8395
5678
5956
1039
7253
2227
5913
8937
9129
6304
8191
3407
4110
12471
6366
2427
4816
2773
7476
10300
5352
4586
2699
4955
7943
5411
3461
1022
1222
4796
12723
9198
7868
3670
3110
1125
3262
10722
625
3525
7929
3331
10787
1770
7406
6800
1405
5853
12744
12553
6950
4837
4629
6339
511
4808
4723
10119
2888
810
41
3241
10433
9362
12707
4781
10637
1152
4610
10822
234
4444
4778
10876
12496
3305
985
8294
2999
10347
2594
11437
6764
10310
6518
5293
5611
9171
4415
4330
1736
6559
6007
179
1809
1030
7381
12924
1204
2452
2479
11811
10820
6898
5912
7220
3031
4777
1352
4147
4327
6613
1337
2742
9713
2136
462
5013
3370
9675
12835
11105
9250
5045
7710
6435
4268
4768
10943
1264
5359
6266
10214
4742
7218
12946
7648
1282
12498
2030
11095
3533
4117
11423
5485
993
9689
3933
4891
1229
6158
7843
2049
1491
4643
7101
1834
10324
11518
6431
6791
5395
10425
12400
10748
4220
9390
8311
8639
1434
10193
10085
9773
5181
8803
1738
7187
3112
7519
10850
11323
9756
11460
12955
525
10693
8259
6026
7965
6669
10029
3806
1463
10107
12516
2578
9344
9881
8195
6908
8882
10158
5768
11690
12098
5917
1414
11342
7377
2007
8401
36
4944
1824
8258
2960
5419
9784
10749
8022
2822
3574
9038
4153
5533
2487
6820
4541
8145
11640
11164
6337
9125
7900
953
6155
7663
2217
10598
895
6519
5311
9951
3648
7647
10812
11235
7324
8197
3440
6713
7307
865
6404
3398
2525
3620
12811
429
4279
1660
11869
8518
1874
12419
1268
7469
251
5545
12339
8455
3193
2128
3157
11672
12493
3618
7873
11186
12249
8362
9939
4677
5335
9752
12578
10523
8694
8677
4325
7135
2438
10631
5360
11696
9903
11776
4801
1148
9059
10739
2615
11432
4481
6554
7861
11360
1543
11658
1096
7599
10153
935
2937
2704
2934
6786
629
10041
2557
8208
9749
1100
10457
3119
5168
7681
4739
10849
12760
10871
9596
8667
7942
12420
9520
10082
10922
4844
2184
10999
601
3672
5591
6124
4287
820
10588
6167
3489
4055
9901
12629
6848
11613
4519
7746
2831
3876
10628
4039
4635
12785
7517
2083
232
8232
3881
3912
12856
10452
11829
12552
4011
10814
981
12146
3013
2542
4934
2567
2886
4010
5075
4479
8276
9908
4271
11027
7130
3004
3595
2249
1097
12359
12610
4020
6057
7711
1908
8419
1721
7852
507
794
2747
7726
514
2570
7083
7029
6201
4715
4381
5581
9843
7094
3466
1136
5398
5997
7437
12300
6424
1610
1666
6648
1303
10234
11099
311
8308
8329
6152
7421
1968
8008
10456
8913
9868
7466
7353
1447
2917
7615
8422
1667
12720
4254
9743
2898
3796
9705
5784
8576
1799
3350
11033
11608
4729
5223
4817
11368
6128
9127
1190
2062
10870
6667
3540
757
10683
12028
6744
10893
5918
11741
7479
7845
7529
10669
1215
5727
10927
9535
11
11231
12277
2380
1293
11578
2745
8187
4318
1316
2439
7275
11350
7050
3965
9379
11240
12332
9356
1017
11771
6935
3507
8407
8515
4374
911
7408
10936
7054
4436
2238
7590
12291
5407
2869
4526
7427
116
11160
1913
9989
9090
12741
10372
10032
9046
3924
10884
6858
1075
7438
7134
4574
6907
11383
2878
2462
3165
3826
11875
7347
1397
3542
2529
12147
11722
10008
4428
3124
8404
5190
1339
704
10580
1309
4225
7787
6860
9439
626
1778
10137
1359
11393
330
8442
10333
3724
10626
10019
9545
5444
12353
5706
2865
2118
1381
10957
9359
2132
2507
888
3120
4116
4769
11770
2718
78
9723
6777
3379
5336
9511
9221
9243
5042
467
9460
7315
4964
568
12890
4550
12481
4756
140
2646
2336
8423
6088
2807
11537
3097
4058
8525
1137
710
9265
798
6229
6020
11096
12607
7750
9413
10125
1002
12551
3152
5815
5186
1674
5662
8873
6979
1594
12223
8728
5658
832
3223
2460
4298
209
7041
12257
10647
7967
1525
5303
11911
11736
1876
10238
3375
11674
9224
5362
4779
5677
1394
2477
5125
9726
9004
1850
3362
703
4686
382
11449
9443
4570
2601
9357
5651
9636
9685
6886
3644
2409
9378
3340
11300
4134
6257
7052
8359
9161
9650
3744
2559
4539
1549
5015
10230
8511
11707
10666
10393
3735
7656
8564
11355
9099
7785
3014
3633
115
4547
4205
4240
6561
2496
12500
8337
2163
1577
5879
8037
3168
10040
817
2724
8146
11757
4981
7488
1656
11609
11498
9073
6298
5636
4265
12685
6884
7252
4651
11567
4888
6829
4393
2510
12170
6986
11839
4013
9524
7057
9137
11122
3646
5839
2808
445
8176
8274
10477
5128
7100
4194
4290
6263
1321
7844
12286
7806
3294
7400
5978
12124
4465
1003
12709
5837
1374
6929
7068
9873
5647
12414
5828
10113
11011
11264
9753
584
340
12285
9750
5832
11450
9680
4846
2123
6341
7417
10128
11872
3352
4456
2541
7290
453
10874
8901
10761
1783
4108
99
10918
2218
2550
10063
9915
10479
137
6646
4246
1926
7541
9194
11903
3376
10499
1904
1206
9855
1421
316
2328
12455
9050
12157
6230
9512
3957
5556
6278
7824
5921
5160
11673
4486
2215
12648
8832
6168
8567
3337
8528
11694
7574
1668
8820
8222
2562
12750
6211
6379
9273
5484
469
1851
4395
6584
1759
12276
6127
756
11042
1199
5674
2121
4185
7317
8700
10732
8124
11193
2717
912
6055
5487
12882
3890
12795
10579
8671
4507
4177
10476
834
12530
1114
9409
2678
9072
4866
4792
6638
7592
10249
7403
6243
6816
5036
1123
6891
143
6031
8579
1400
4105
11458
12971
11671
7006
8711
4800
6381
1887
10817
5765
2373
2631
2577
12245
8162
552
11374
4170
1826
3562
9394
7609
3998
600
5464
1527
12695
6218
7321
2166
10081
6256
12630
12489
8488
464
1853
10581
3182
8086
3615
943
11404
9367
1279
8850
4221
7923
11580
2289
336
2527
6371
1535
12567
2356
5585
4523
9070
5541
6494
12065
991
11845
2383
318
10163
2333
2943
12711
736
12142
1772
338
6937
8317
5199
5596
3863
5113
1519
7752
4384
1639
3240
11559
2463
5687
6024
8710
6994
6727
3992
7038
9056
3423
1425
11013
2471
7121
1080
7235
6101
11664
12440
5788
5553
10049
7257
5106
4864
8341
8519
4740
10995
6818
3382
11870
10906
1275
253
386
4446
5827
10469
11890
6513
7863
7939
1070
12962
2711
5298
5076
6611
2042
563
365
3820
1165
7724
4793
7612
11259
211
6449
1480
550
2180
11570
6817
3148
10854
105
4830
11556
12697
7197
12326
3581
10975
10562
11209
7402
9163
275
5079
9591
92
4239
9007
6958
8627
7573
2735
3527
7239
2156
5625
12313
11542
7745
7921
401
9102
2472
3001
5457
7653
4315
11047
4806
5809
1246
7449
5353
9111
3964
2454
3434
7812
1815
7567
1091
4485
2325
7254
1578
9941
2732
2758
12137
5319
2994
7297
11205
1630
7232
5048
6989
9872
306
5503
7477
2952
2945
8348
11956
1438
8019
950
6870
5002
3664
12573
11256
8721
8771
12688
9133
1521
8393
2177
532
5818
10117
10444
2841
8225
10416
10398
6565
9519
12804
1690
3609
2361
8723
4652
1733
7268
11310
4071
12509
12825
12901
5722
28
2209
1898
11555
9346
9585
3557
6567
10170
5232
632
1177
7690
1558
11226
5947
11211
4026
3878
12588
8602
3897
10782
8542
8114
2760
6037
9352
5305
6956
12280
10055
4427
3790
7811
4637
10216
10744
7911
10602
6388
4158
1579
396
123
8023
7763
6213
8068
3458
6819
5118
4421
12868
6137
12133
10166
1637
9558
8581
3560
5021
10900
3217
9139
10268
5633
1163
6681
9676
8165
8584
11524
11828
392
7786
5214
8121
2677
139
5665
1300
443
5281
4317
11385
2006
5329
2546
12865
7696
12472
2512
455
4344
4766
1886
7051
973
366
10149
1545
5299
8304
1430
11017
2494
11610
9091
3046
3594
2182
1343
371
446
6273
6592
10709
765
7937
9358
3169
7723
3467
10380
11177
241
12165
1790
11797
807
7513
12312
3871
8491
11222
11000
8734
7510
11711
11933
9054
1560
4638
9304
12141
7431
2720
3103
717
5650
9042
9270
7878
11884
6535
11976
10022
2976
11413
3975
8070
4019
842
9816
1745
2956
9652
4850
10592
7291
2416
12692
4293
1348
10512
12808
3766
1154
3274
9374
6855
7116
12331
2061
7049
13004
6286
2633
2108
11277
11680
659
8529
5309
657
2851
6995
8289
5409
11411
5950
1526
1906
8601
12778
6169
4503
3934
8066
12289
10492
10266
12892
3329
12062
9305
598
8635
11996
5405
185
9937
9082
6603
9445
1700
9509
3858
2740
8361
6264
2604
4255
12985
3126
10979
6406
12727
4589
3908
8855
10187
212
4713
8907
9407
285
11070
6053
695
2109
9223
3129
12992
8012
7720
6014
4277
6221
1372
11951
2271
2315
1472
10284
3170
4994
7667
1033
