11402
8252
4325
12861
10621
4715
1858
10959
4947
544
11420
1987
7694
11080
1428
12349
1766
8793
9564
2185
12381
2790
7871
5587
1057
8641
10718
7758
516
3485
4202
10796
3892
12215
5716
11751
7104
3621
1238
11885
1665
10655
8978
12388
12823
8673
2616
9028
11654
2433
9655
3083
925
4201
8825
6746
8753
1750
7678
12869
11646
1315
856
7132
3446
6238
9140
7033
10063
1599
2464
10896
5891
6404
11089
2374
5775
6508
13
10033
1175
2354
6337
4525
9175
12125
7701
8269
20
12641
4457
8908
12282
10210
1653
10624
12368
2969
452
10836
6958
4771
5638
11761
9295
2723
7890
12520
4746
344
7211
5960
1469
8705
2766
12351
11613
12483
12494
6268
2921
7873
11493
10198
10
4467
6743
728
11110
8410
11441
1313
1651
487
10649
12775
10760
8141
6522
8902
6101
4657
423
9643
8472
428
8538
13005
8058
4032
5085
1126
3542
3961
2590
4410
12243
11276
6702
6698
4060
9442
12585
8906
8582
6929
337
2512
8279
7572
6407
10719
10670
436
11410
11244
5010
10461
11364
2089
3674
4722
10222
12847
12281
6963
4130
655
12574
4084
1433
3605
9300
7893
3035
9454
378
5315
12397
11838
12227
4520
825
7593
6949
11519
60
11181
4521
10838
10557
11659
11226
2141
4418
6339
6939
9273
9559
10245
9294
12739
12827
10307
4680
4030
938
7005
12528
9503
6515
4501
8145
11109
11682
2536
11942
3778
8425
7907
8752
7198
12175
4697
12140
1225
7011
868
3610
5193
9071
1872
7275
11066
11695
11381
7985
1546
5001
1395
1124
6853
3166
4338
2060
11190
4623
2102
5254
11497
12997
9480
7521
8474
2441
3032
5668
11474
598
9435
10132
6244
12944
8756
3472
6685
6159
7012
860
5752
10475
10685
7153
12708
1055
5214
6543
7484
8629
8262
11511
7131
3365
11403
1785
11505
7849
133
9263
586
263
3667
5474
10808
11217
4534
4169
7239
10527
3986
3927
10385
1876
8500
8017
2846
6621
7597
9856
4519
10014
1756
12854
10664
9876
10987
12763
1846
8378
9228
9015
8562
7553
7390
1861
8377
12366
3141
7934
8844
1937
11134
11813
12128
9580
12973
160
9161
4080
3046
8570
4262
10701
2949
8640
178
11575
3492
3
3452
7992
6822
46
189
3302
4531
7751
12764
2678
8866
5448
4425
477
4932
67
3541
12181
5267
6907
12416
5773
8741
5556
12684
6545
9633
8703
8079
9708
3505
10715
6135
3942
3910
12462
3026
3029
4295
4505
8854
2666
12952
8415
10877
12908
12744
10573
6805
2724
5381
2110
10999
5435
9528
10598
978
3806
2479
12793
6120
9543
4661
6391
8034
2163
10827
12919
8944
7928
12400
8973
2425
7228
298
10322
4584
10037
3214
2090
10735
11052
7987
9209
1759
6165
4253
1308
9482
11962
11151
4851
11718
3532
2799
12296
5225
12608
10871
10056
11299
2188
5398
8840
9167
2307
1699
8606
3184
2481
1195
10020
3765
5223
2184
3465
2448
5892
564
12539
6317
8797
4988
5476
8300
5545
3616
1590
8464
3552
7531
10094
5628
8009
10500
8459
5116
7047
11940
8289
4286
8805
7127
3364
3180
7126
8846
12534
4351
4933
469
10730
3055
11871
905
5227
9365
11247
9091
7741
5272
6231
6431
3229
981
12980
1190
578
3346
4264
9196
206
12223
10480
10262
1949
2641
1727
6681
4479
3981
3538
2646
1586
5477
5375
339
9577
10329
5883
7163
742
4972
5318
2120
4027
11046
4197
11023
7036
11766
5238
6250
522
4546
6742
7649
7900
2873
2645
6781
2913
11043
11539
1128
7383
8179
11301
12503
5584
6378
2088
6027
12380
3852
8883
12323
2085
6527
10191
4987
2399
11120
7757
11005
11296
9287
4996
7396
2734
9293
6131
2
11211
12896
5369
9224
11909
5750
12909
270
12283
1733
1682
10401
920
11842
11050
546
6420
4636
2004
11865
6900
12131
10634
12216
11987
2406
4533
9169
12812
6501
9833
10369
8740
8553
6430
10548
9920
618
3670
1324
12866
2114
5427
5512
1802
7425
3228
9781
2774
9398
4184
5522
9013
5030
1180
10457
10442
3321
11029
5284
10767
4377
8241
5890
10627
5834
2132
4450
7182
12250
1432
11118
3183
11267
10980
12998
12251
8441
2458
4489
12172
1928
8693
11562
2045
3379
841
1435
718
11307
3735
4355
5756
579
884
4133
7629
2658
12660
237
6039
9190
7771
6635
5362
2560
11467
8537
10327
8709
6479
1149
3918
2500
168
12241
5189
3740
5389
9291
9260
10170
1551
6452
319
5598
4096
1116
12941
11950
8278
9881
10993
497
11127
12107
7729
8949
3598
2855
5246
4238
3433
11096
1453
4447
12829
443
9074
2581
10948
12573
1806
3833
1396
9942
5771
971
9905
784
8862
121
12802
2106
9622
8751
5350
6408
5053
5996
10601
6103
2756
7048
8659
10087
12880
12821
5867
3972
1851
7365
5341
4977
9661
7877
1881
4650
83
6798
7393
12834
6252
7241
4594
1690
761
11948
11982
12828
11300
9406
11822
9377
12979
272
414
10672
907
2703
7622
4543
1366
11095
7537
211
1064
9572
5843
398
7946
10419
4066
2451
1976
6109
5424
11463
747
9339
947
4622
7957
3553
7159
10026
4683
1109
12058
22
3749
7513
466
11212
11523
11746
1244
2597
6605
3158
11093
5664
1677
11624
10803
11161
11907
11601
2348
4986
9003
887
3263
9230
11265
2443
5338
674
12413
5429
9283
9912
6287
6449
8129
11203
6873
8901
12275
2844
11874
5097
8760
10377
3964
3689
10357
2347
8069
12899
11582
2253
12677
5761
2918
6633
6521
137
12304
9103
4000
3073
3543
11694
10337
6890
11153
2857
9425
9605
10698
12871
8430
8424
372
9296
5797
5174
12753
8647
184
2258
9509
11847
1047
8888
10282
560
8360
6833
7703
7529
9139
10292
8821
5232
9796
6616
3700
9063
4002
5158
10802
5297
5792
1809
11136
2137
12770
11336
2228
1335
895
2777
10678
8098
3404
3608
9753
12173
12278
10434
9691
9110
7866
9840
4603
833
9630
4984
1328
4237
8379
2156
8898
9838
1797
10763
3652
11970
9574
9576
12375
1455
6947
6879
6842
2538
347
2578
2227
4909
8977
7784
6180
1961
6263
7225
5061
3851
2841
1757
9899
5712
2593
1230
2403
10440
12782
5072
7045
3132
4886
6556
6909
6622
11702
10784
835
12122
3758
6802
7125
435
4652
7304
1130
10819
10566
717
8800
9741
10585
11262
10635
2984
6466
8135
5989
9993
8863
9787
7453
163
4659
10530
7335
9955
102
11406
5822
6478
5920
6083
4857
7659
5913
1441
2489
8710
3908
173
7487
5486
10656
8314
7014
4428
314
9022
342
2888
2874
1345
3487
6031
10737
7206
9606
3849
9024
7456
9271
4604
8310
10192
11213
11965
1007
659
4745
9479
10349
2924
5871
284
4583
6084
11910
4804
232
6137
4143
10427
12521
3834
6803
768
2936
2617
9927
2842
10535
2523
3123
142
6967
11881
2683
1288
878
847
4254
5943
11953
745
5925
4077
7019
10190
12734
10173
152
5055
10762
9122
8391
5292
2488
2627
2851
2917
1088
3361
7883
2608
3307
145
12553
993
4075
2072
5261
4756
12204
5952
2905
1762
6397
1390
6851
4181
10561
6380
2714
2968
6415
11949
4427
11337
1721
3604
9308
62
10182
5035
8223
9002
3077
6470
3201
6716
10675
2643
6602
6437
8407
6489
10929
1145
11103
9769
3648
1035
7844
7286
10745
5363
1323
5747
1342
26
5702
4258
8516
7707
8515
3877
5419
8533
11239
6814
278
2052
12949
4648
1977
11027
12575
6240
7619
1641
2340
2174
4719
6714
8194
7155
3837
7776
12659
10781
1006
3871
7194
6643
2202
6506
9959
12957
10973
12083
9568
3521
12507
8476
4897
1619
1859
4524
10857
10060
5881
6322
10748
3205
8128
174
9111
584
3192
5838
8643
11324
3504
10631
1427
3400
4225
7465
6830
8910
9814
1069
9861
7749
7897
11648
10141
9821
10848
500
7610
4405
5152
9499
6334
4079
8874
11399
11600
8218
12478
7114
1483
9390
2050
2571
2367
4223
8443
6707
4115
6104
6082
2129
11010
1609
809
10151
10460
8970
7761
2401
9214
3734
2350
10326
7209
10941
9189
12824
732
9484
9320
6533
9219
8544
5819
12542
8695
4164
12683
12951
5326
519
8798
8605
6473
2405
1266
6548
3795
4025
3037
5897
8764
5385
8518
9508
7477
9690
2966
4959
12676
9237
6528
3343
9010
5970
6146
148
11993
5875
12463
10809
8121
10383
104
1962
8852
9836
12484
1648
419
12470
8974
8000
4064
6581
11022
11908
224
11852
5182
5455
425
831
6197
2859
8152
2728
6168
7123
10673
4654
11520
2930
11846
569
10142
10103
2159
9222
9241
12811
4140
1000
4196
12277
5365
10968
4791
10558
7317
8150
11900
4958
6902
12650
12359
9258
11898
6989
5399
11574
8043
2486
7657
11737
6992
9313
1485
6443
3366
3249
6924
9765
8274
3440
4365
693
6563
7526
5121
8273
2946
12469
2130
8619
7404
5130
6771
12810
2761
9276
7847
2217
5298
10648
9089
6363
12816
8199
9078
4152
3051
6041
11182
2134
5755
7221
11064
1907
2474
3921
116
12405
3118
12820
6977
4406
12607
8573
10404
12460
6987
2373
10379
12682
6674
56
12815
8125
6951
3924
2856
6567
4207
8530
11032
8382
9980
8254
7601
9172
4990
6553
3746
288
2190
9641
1687
2813
7641
3710
5539
8338
11438
240
3896
11320
4624
9265
1251
7722
5143
82
924
9706
6236
3767
9748
3769
8286
6998
12036
10297
4041
10790
2394
255
812
9664
10895
3182
12358
6276
11443
10965
9312
12434
10925
1617
12098
10888
12146
8209
9663
8102
12822
12934
3358
64
6347
10532
12229
11941
4855
6458
3727
9985
9908
4432
2220
11041
10492
6256
3392
6913
1540
6903
1761
8316
11017
12076
508
4754
3562
6340
1538
2445
6733
11773
12272
10989
704
10587
4322
4759
9529
6124
12389
10569
451
10421
445
3376
11554
196
467
2958
4706
4092
10594
11476
6387
1624
4611
9738
5378
11291
3528
256
10749
6539
4245
11605
8350
9376
8563
9437
7493
2853
2779
10872
11232
10924
408
7755
6370
7056
9866
4861
629
8891
9465
4769
4936
10622
4689
6096
6344
2055
5835
7679
10830
7941
6221
54
10779
9632
6618
4800
8175
6174
5552
226
12562
4135
773
6941
2785
10510
1508
661
2470
5574
8211
1063
4298
2426
1358
6223
6991
2475
6179
12017
7223
9884
789
5614
1086
9489
7876
1909
2260
2760
7975
9419
10120
5802
6230
8858
3997
6074
4493
6226
7253
5830
1370
7220
8791
6582
7331
11374
9356
8297
4390
2738
10926
8766
4471
8113
9978
10166
5440
3510
4396
6928
3264
10736
486
12916
6500
10100
751
12653
1198
2296
9087
9289
9125
9896
8546
9159
3751
4537
10653
7949
935
10757
3983
8981
9068
6790
5279
582
11377
12825
11895
4035
8747
9426
9957
4729
1380
8841
12807
11342
5901
11690
3194
6956
520
10485
4532
5927
11543
4564
294
10458
7414
4545
2016
9771
681
4127
6600
8504
776
8985
12328
2077
11531
2997
2651
4716
3005
9394
2638
5893
4192
3590
10816
8843
609
4240
6577
8509
12202
9438
2395
7024
7628
4498
1719
756
11354
6003
7146
9424
2816
1479
2920
5776
12365
10743
10746
5968
7162
1201
12302
2901
8139
1645
8409
95
6024
12604
7746
6062
8655
7428
7594
10911
7458
10936
8526
10360
1950
3455
473
11049
3639
12311
9382
4951
10274
7119
8333
2112
10764
49
9834
5311
12200
2684
7316
9766
2133
3463
5213
5226
12863
5006
1863
12988
4787
12837
12962
3799
2704
3781
3016
6371
4875
6524
5222
12976
8674
8120
7150
934
1938
5151
2449
1338
5013
4768
126
8652
10008
12894
11815
12142
7242
12452
2948
5023
7686
10886
3994
7416
1291
58
9458
12467
8886
1329
4433
8015
10340
204
4944
525
937
5909
8123
5015
7674
5250
1569
5777
8757
1611
501
11643
12992
12583
950
8679
802
3681
1355
1095
9794
1980
8946
8527
6001
404
12386
1519
10234
9686
4921
2537
4600
11765
4632
498
4646
11369
3530
12961
11521
6946
7688
1066
885
11274
4139
1218
8002
8524
10922
1801
11884
1589
1030
8422
2385
5163
3844
7799
8315
898
9357
6530
4832
2987
6286
8066
11727
709
10565
11877
6077
9869
12461
2136
1533
2339
892
1870
10250
1451
5573
11598
5563
3045
9468
5188
1667
1805
10954
9864
10960
4563
5410
2465
1555
9476
4967
3714
11637
6330
7800
12222
10096
7658
12242
3237
939
5700
11219
3810
12057
4399
12654
9582
11113
792
7902
8215
1056
4845
6037
8589
11571
780
4082
6178
370
323
4889
2568
574
12085
4147
8190
1655
2462
9757
4704
3345
4513
10109
3047
6724
4608
6894
7711
6549
9107
10813
9183
891
203
5386
5938
3318
10511
2769
12538
3341
7824
8140
1745
1579
3850
11240
7151
4275
2567
9533
4018
5420
5167
2309
254
5685
6395
2257
11108
3888
1700
10467
9092
259
7631
8359
6773
11780
10559
10588
2807
10724
8574
9348
9599
11391
11565
0
727
6591
7973
7405
484
1811
8653
9051
375
4412
6938
2700
8355
6888
11348
12237
1904
12438
8799
1206
12322
10410
5041
6979
3717
12568
5941
2472
6561
8180
3460
5258
2417
7582
10471
4056
1770
10445
3811
7887
6336
7235
3395
10203
9714
4106
9254
7291
8056
6255
5345
7105
6418
7034
7959
7078
4615
10217
2763
4587
8336
6590
1112
11501
11975
5251
5734
5168
6048
208
6213
2511
12595
859
4157
7670
11671
3332
11732
9325
10531
9031
7739
10011
9475
7381
7577
12769
9471
3091
5889
3658
6772
5971
6818
10957
2897
2540
12294
8660
12193
4658
3417
12409
2094
10761
6383
12062
6985
8951
11590
1160
5695
4161
1377
10067
8634
10514
10910
12535
2233
2158
2653
5119
5981
4558
12882
9561
4612
2648
637
10156
9221
1094
10172
7522
5730
5374
5917
3062
8732
2245
7549
3954
12312
11699
6206
4318
5012
9584
5873
7438
101
424
5987
6969
1582
5484
2065
2267
6785
6193
10226
6995
5052
10106
5354
12010
524
1099
3495
11215
12279
8588
9094
11631
2135
2025
2321
7904
1625
6825
12668
7353
9331
824
9780
7792
9045
5549
4154
12910
12663
10062
2431
10942
7692
4481
11801
3900
7523
2006
7088
5485
12340
2602
5025
8366
7055
11242
5846
6829
4559
1742
3814
625
379
5414
2412
5715
9640
836
9639
2125
4099
5102
2563
6569
9443
12761
11716
110
1660
12635
7387
12433
8306
5103
12627
9868
10300
10810
2939
10312
2519
4337
4912
13002
12230
9983
669
6730
3687
7700
9452
10117
4156
10488
3054
6381
1967
1133
2929
11638
8795
8624
6361
12114
8712
8734
7830
8202
7616
8189
2647
1285
2485
5206
4688
8063
9115
11509
6185
4449
2574
3694
5582
4911
1015
12152
4148
11802
2795
392
2080
6828
1865
11710
225
7870
7406
1042
10829
1361
6318
5478
6953
4647
11359
6749
9298
6448
3666
4914
9506
1955
11147
10837
11721
305
1832
4435
10348
5687
3295
4437
10577
11760
1392
9820
7809
8774
12675
6132
390
8950
4517
9353
3039
8608
3575
8343
8922
12953
2418
2429
2655
6997
1898
8469
8923
3072
5714
10625
8124
8398
11669
6273
9385
7498
1343
12420
2596
11889
523
11431
10078
7041
4375
5605
3070
1729
3595
3704
9751
5205
8331
4976
1397
8953
1847
2676
85
9687
7868
11811
8535
363
7085
7558
7736
1131
3873
6248
2664
2398
4024
9724
8027
12552
12619
8384
4259
11753
8836
11048
10898
6400
8584
8632
1062
1445
8868
4551
11255
3299
5361
10901
894
760
9199
1155
7858
5635
143
8939
8849
1034
9165
11957
311
5388
6044
8184
10091
7333
12786
432
6667
8420
8078
4290
11770
4989
3793
12038
1456
6472
8357
5706
2100
12425
5269
9725
11557
10713
12113
1461
12437
3195
6351
364
9290
5684
12102
6160
4737
2375
7443
12355
7141
2442
6421
8008
3499
7172
10882
6049
10620
5215
10623
5965
11415
7429
4731
5762
2012
7960
2586
2287
8559
282
6988
3448
10533
9430
10028
8003
6933
6671
6715
5233
4953
9806
11850
11665
3449
2175
12527
4108
5894
2041
12883
6955
5155
7702
11616
3809
9062
6232
2818
7103
12874
8651
714
5877
1447
10607
8687
7310
1344
5499
318
11717
918
1790
2199
7575
2098
7933
5330
9911
6166
12069
4799
1001
3207
9571
6720
479
12491
4485
3898
6306
10774
6386
557
12147
1036
12002
10628
4888
4806
10659
2569
8704
4728
3589
4858
3239
2392
12260
5567
7293
41
72
10918
5944
11417
3703
4523
6085
147
299
10986
5028
9519
12009
11958
6784
7219
4957
2965
11358
7116
1247
7665
4530
8447
7039
12266
12933
17
11839
352
10289
5033
2606
10372
7693
6944
12101
6775
1948
3958
5032
9157
6761
6660
5546
3215
7344
12559
12687
10137
2904
7634
10547
9688
2254
1633
4940
10259
2224
10637
4015
4445
11551
2753
764
9835
7037
6595
7431
7058
12343
12546
721
12342
12116
10580
11141
8597
11367
9400
9900
10436
4576
7520
8397
11546
10325
7709
8762
6282
1299
12965
11056
4820
1039
6442
10466
7133
10344
12448
13004
10310
4814
2565
3699
5198
5082
3167
9944
12430
565
11762
5321
8549
1993
10018
12835
6006
6718
7994
5993
1253
11915
6057
5604
606
12108
12755
11405
2833
6021
9047
3142
7148
10453
10505
2800
1369
6780
8779
11072
1401
12644
7762
6815
8247
103
12419
1818
2884
11563
1712
6727
2317
3127
3982
12315
10195
6687
6572
3020
5202
7864
4222
12767
3776
3899
2279
5432
8959
3260
977
607
1193
5239
1363
11298
1602
4508
11155
11480
10183
1051
10814
5062
716
4535
4755
10088
10524
6018
8283
11224
2506
9965
9666
4107
10732
1560
6878
5340
9324
7407
11223
27
7563
1807
5473
9037
908
1235
4885
14
5122
11471
12357
4767
11594
963
5783
11289
3489
7518
9595
989
9245
10541
1108
11107
6598
1661
11137
3202
7409
6429
4941
5760
1357
8934
11209
7000
3193
10766
10549
8945
4141
9932
3074
11317
5876
1919
9168
9445
3443
6112
4926
5561
1782
7500
5725
11231
8351
11260
7574
7015
3470
696
4339
9455
9878
2680
794
3370
4539
7842
2556
8502
1755
10666
2167
6520
11517
10783
3677
3427
7099
1703
292
11428
3211
12072
10720
1305
4942
5928
9567
5357
8702
5459
5853
5029
4687
12525
108
10361
4180
8749
8984
9456
9026
5985
4334
5569
2484
10977
11686
4946
10820
2201
12968
11453
10303
1886
6389
541
6705
4753
10754
8590
4619
11514
1671
7090
10405
5742
8260
3824
1824
10884
3027
71
2150
9531
5534
749
9650
9210
5745
901
4770
4311
12831
8197
11572
6490
8162
2235
4234
9330
7714
332
11326
3729
1626
5094
4798
2037
10200
1652
1226
6080
5966
6405
3805
10007
5547
12762
2558
11070
10639
9160
12506
5649
2839
1773
2668
2507
3848
8918
9311
12044
6859
90
5880
2164
778
11696
10272
994
1740
11797
12326
11139
9124
5972
11789
1943
9474
5422
518
3956
4023
4122
6739
9281
1787
2843
7190
11413
635
1855
10504
442
4512
12706
12718
1368
12777
1026
8808
8788
2612
10024
2410
5380
12361
3406
11105
7894
2940
4556
6324
9446
1028
11630
1050
11092
8811
7213
902
8077
4669
729
8435
3324
1457
11902
933
9182
6800
6288
4807
2791
9238
830
2210
2993
11806
4252
12284
1399
6666
7777
3974
7608
10661
3802
8083
7369
9093
6911
6807
9560
949
12106
3265
11201
12942
11952
1385
9707
1405
12336
1119
4232
5619
9432
2021
2741
657
5554
4226
8448
2001
2497
10821
3289
2495
10000
7230
3938
5295
3651
576
6121
8865
9463
8832
12170
3458
162
1087
11971
12518
10679
430
10502
7623
7229
2010
10278
11547
8433
11568
12293
197
4739
5334
4541
8026
11382
3018
6672
7214
11863
3040
1257
6881
4423
373
354
6047
9261
4712
3168
12464
11788
4773
3524
5140
12513
8834
7672
9636
12597
7208
7796
638
8232
11270
936
5275
9947
6105
5368
8497
3130
8253
6663
6491
11087
12522
6090
9020
10805
6364
6195
10381
990
12026
2236
4735
810
289
7401
5127
975
5503
7247
906
4293
8954
3743
9373
11750
2644
10354
6919
11533
10430
4702
10333
2160
10371
7863
9056
6102
699
8007
9783
3522
6298
7135
10393
8580
2063
2685
9682
9162
11351
6374
4270
2927
3721
3477
7552
12758
10483
7413
9462
3143
9637
10581
9546
5464
7288
5536
5565
2894
3619
3950
3713
9067
7852
3821
3092
2015
12558
2456
2636
2926
808
3327
2850
11691
4256
478
3454
11878
5166
4698
5286
2881
176
12297
5160
9702
1178
11082
9545
4617
9436
6835
8765
1580
7395
4221
678
9917
11278
9085
7515
7480
7359
5589
10205
8701
6133
12964
5825
1837
1182
3474
8035
4561
4891
3276
12839
8471
4105
928
5331
11446
4345
12182
1810
7168
11661
7030
8064
10544
4601
11917
8454
5645
3291
2113
5294
7248
3872
703
3755
4751
10489
710
9988
8486
3882
207
9982
8648
10950
7421
2992
4319
2520
11816
7821
5299
3328
10328
9272
2331
5617
984
1209
9259
4573
2494
11068
4542
3901
5098
3663
8540
181
8591
8676
715
987
11681
12800
2772
6676
7461
7569
6657
1404
874
7375
3050
6968
7340
6728
8964
2840
242
2387
3865
12254
4869
1935
12006
3955
10880
7469
7224
11740
5306
4309
8332
10495
2547
5828
1581
4200
9699
980
4510
4231
7059
9284
8698
5136
1820
5308
8498
951
2263
2369
10595
1978
172
9749
4974
10211
3936
4444
5908
11785
862
3457
11725
12878
3407
1053
1621
8228
507
8776
10771
3584
4095
8153
12885
1906
624
677
2119
12577
8878
8092
3707
3647
11392
6848
12316
7738
10668
6511
6610
7491
1939
7009
3394
6754
7466
10693
11541
10051
4340
5526
3191
11538
1556
3057
8855
6934
10394
5523
10147
9256
11053
11714
1331
1271
3941
12195
8372
488
4881
7197
6801
5327
5120
8226
6652
3773
3894
12681
7839
1739
8803
7929
593
5466
1449
7655
9619
4589
1829
4185
6962
4862
11555
6463
1460
8987
1207
1300
6373
10454
2731
6054
11807
10947
12709
2573
6401
4699
8880
12740
10316
5813
12859
1379
9720
8997
3431
754
8649
10487
10878
5613
279
3830
2752
848
12018
1148
5433
7540
5190
12704
4919
11038
8249
7790
4250
11500
9158
7474
3355
11585
8879
5829
6701
3056
7217
4413
12061
2988
3985
2513
316
4920
4701
10721
3012
5914
4681
7176
12382
8142
8028
807
7042
12901
7051
1340
8992
2147
11933
11383
5508
998
8675
922
8711
4686
8510
6134
5812
5430
1418
4578
11845
5500
2845
51
6377
3987
3401
4361
11604
5736
2042
7974
2505
8201
11033
5679
8522
3425
7834
11185
12616
6560
216
4177
2509
5845
11692
10756
877
8387
9647
3561
12014
3818
10481
97
7903
8115
5073
11848
6200
1796
11188
7307
12625
8892
12504
12112
11720
9961
1465
11651
4922
10428
12459
11649
4952
6704
3752
10921
532
6541
1618
10334
12309
12471
670
8586
1213
7394
6462
10280
3638
1526
42
12989
2480
11573
12435
7617
7402
489
3310
2890
8541
11792
2294
538
12666
12781
1240
11102
2023
9565
3242
2059
3135
1640
9403
2744
9217
1373
7726
129
6234
9739
10167
9971
10928
9393
5874
3262
12161
10029
3693
11924
3637
11174
96
5317
8012
10413
10520
11076
1614
12226
11378
11642
5271
10618
12545
4868
5482
1736
6791
3247
1658
11916
6984
10395
12830
7654
5779
5123
1570
6642
1516
6388
2145
4928
4473
9191
2932
1784
10486
7193
4247
12492
7231
12956
2289
10703
11549
10589
7478
3571
8167
10563
193
8790
1827
12646
1386
12832
9540
6143
2737
9615
12716
3282
6188
12276
5348
7251
6237
1097
3144
4212
12028
12041
2830
5855
10057
9729
11875
10030
9171
12751
11149
4244
7089
366
10508
6617
8733
9700
2079
4859
10982
5043
11679
8460
5282
7464
5558
587
1868
12508
616
4398
8455
5869
268
4260
3380
6156
10969
8722
11233
5844
8940
799
8449
11329
7017
12256
7804
7954
2961
10265
5974
11510
4890
12318
10844
3567
7585
3940
69
5933
2422
9974
11311
4557
8690
4073
12879
842
3471
6055
1573
1578
2320
6510
5832
3696
7780
1337
6504
9592
5494
8576
8670
5648
2436
1716
4575
11954
10873
4241
217
4516
12918
6469
5467
3719
7269
251
7490
9867
3408
10180
7063
2499
8330
7639
1101
9036
6275
5293
7691
5827
7730
7352
9665
260
2862
8213
2544
8642
10315
11195
9585
12047
5629
6107
12580
11450
11851
11308
7215
5077
11803
9952
7106
6717
7399
912
6053
5266
8390
2971
393
9372
12087
7212
8106
7237
8341
2346
1393
3650
9186
8723
3527
4128
4213
12541
10305
6777
6614
12032
12500
2273
888
8195
7308
11253
5672
7494
5992
2083
10139
9364
3906
3019
7947
2534
736
12104
5907
6573
11864
11530
11062
4998
10972
2109
4044
11387
4592
4631
7874
10168
4779
6014
4091
8025
1656
12236
10304
3294
9847
9090
5991
12
1272
3422
6008
1777
33
5027
9614
5922
2393
3368
11456
2729
3114
12631
6587
4167
3479
12795
5139
2127
3702
864
4635
7857
4823
9824
8926
914
2332
649
3989
4324
6526
7827
10799
1196
3774
5475
11683
9992
399
6239
12940
10800
6896
5911
11131
4330
2864
8072
11294
3330
1169
2360
10847
9212
5693
3856
12031
6488
9525
8165
9225
4992
8065
8683
10853
1737
9556
12196
601
6823
6656
4081
4061
592
3794
301
7952
3960
5319
4810
1535
6299
10944
10229
7281
5451
643
10376
7719
3231
10228
12929
2994
8744
7677
6612
5525
708
12967
9557
2325
1199
11956
12370
6703
11619
7798
3338
4186
1263
5859
8296
2053
10043
10920
3025
5049
229
8661
10546
5212
4983
11180
5656
3362
3808
1142
8356
2420
2014
11752
6601
10213
10016
8770
7082
1642
6796
2288
6966
10178
6246
12983
11814
502
10068
1037
12007
785
66
4836
11513
10994
5772
8463
8051
5652
2635
2959
9994
11473
7447
7683
6885
6860
11656
9825
9805
5090
3254
9602
3756
5637
7057
956
2712
12458
5051
7805
1710
2996
9713
12000
10562
1683
8600
2566
6917
2557
7356
8594
7444
6884
8186
1330
3245
7081
7794
2039
7459
2191
1147
418
12394
4006
12045
5101
10113
2555
6544
12512
6335
7147
6794
9392
10146
3331
7018
10828
10045
646
3967
1092
3115
9044
2502
4860
3036
4734
12063
2192
3697
10770
10677
6668
9141
3119
9839
4555
6072
10118
6517
1966
9544
7825
1951
1562
9625
2697
2093
10031
8917
10490
4581
7397
6467
8230
9747
3952
7069
8743
9429
5599
503
4620
5781
5203
12892
1436
4476
705
9143
11804
5240
9163
12626
4261
2265
99
7435
4774
3065
5046
3329
3490
9084
3098
61
12694
1060
2283
10568
2419
3645
11355
9101
9889
2252
3797
3285
6095
6619
247
11115
12511
9558
4982
12313
7052
2525
6562
11579
9374
4441
7076
10903
695
11831
2718
12536
1482
3576
7696
4352
12123
9913
2985
5961
5864
12073
11196
3945
8149
5371
10367
1172
3653
9870
11675
7899
12849
11564
4625
735
5634
5438
2962
11693
9731
10861
3732
2673
5514
8495
9170
11704
5038
12888
5346
2467
87
475
3015
1413
11411
10336
6447
11983
12701
6100
11006
6996
8288
2516
3692
8796
10252
8609
9369
2493
8068
80
1082
3980
10787
2695
3159
10552
7817
6194
10899
3591
5409
5449
7787
2183
12303
9858
11357
8132
4160
9593
787
8340
257
1627
5465
4639
5009
3973
2033
7511
12137
529
1509
9616
3679
3173
84
3537
6446
11138
2251
5084
188
11776
6872
4579
7895
2271
8623
4509
11084
179
7118
9685
3384
4938
8631
8214
7886
11256
28
4593
7681
3662
3348
11436
3838
1874
10845
12298
8085
4271
11522
9677
1192
1995
8060
1103
6089
9520
11512
5403
8090
10053
8290
1684
6695
8212
2310
5157
10452
11302
1970
7354
8259
3430
8575
5964
6975
1850
6302
540
3762
400
12818
5489
11014
4504
5770
8966
6007
6542
2919
8769
6205
12873
12890
2054
3080
6013
7998
4038
5935
10740
7280
328
5553
12046
7538
8136
12186
7565
3419
10507
8912
1532
4440
9863
9218
6127
12551
7303
803
12856
180
11490
11947
11502
4372
11194
7938
1542
4379
1933
7562
7038
6826
12396
8188
407
7671
3585
5596
4785
5999
12917
10534
4480
1708
3301
8768
3977
8490
4662
6852
389
6943
3789
1892
10025
10592
1072
5036
10149
10789
10615
6957
10411
10144
599
3480
6923
1071
11208
1896
11063
4764
700
7016
7210
9318
8176
11934
359
1261
12601
9929
6866
8998
6940
1422
2124
4205
1895
5133
12673
1013
1438
7592
8023
3220
7995
9583
2057
1163
7108
2415
5851
2709
3947
10801
123
4781
12645
1639
18
8127
4892
3171
5260
8681
1046
10975
4676
11672
3539
4547
7942
960
3068
12086
187
3405
6961
10688
9248
4366
12134
5769
7468
12269
7912
8096
7773
8914
2316
10663
6476
3109
2068
2255
6266
4991
4896
2517
9395
5861
12154
8327
5665
3197
405
5291
4962
8005
12308
6321
8483
3839
3886
8828
2675
6291
8789
12199
4248
12191
2805
10859
4028
10209
5580
1883
11821
117
6259
3516
9850
2107
9338
8016
1701
5208
2061
2826
2975
2613
6325
6219
11469
5342
2911
8439
1488
2770
1470
1227
385
2618
12602
6342
8525
10163
10907
11973
6850
1168
12117
6736
10364
7186
6937
8021
8948
698
10090
9075
694
3150
843
12670
3929
9590
3281
5469
1216
2979
1899
8935
463
5888
5493
4882
12939
3549
3188
4916
6215
8598
1494
591
9697
7999
2389
4656
338
2017
10076
5479
2751
8281
5071
5268
12669
1089
4985
7003
7611
8050
10160
4113
12996
11901
5210
7966
9388
2765
6445
1597
5591
4475
2101
2179
9727
9262
6758
11414
7955
3840
8689
11647
9347
10127
12733
8250
3556
4179
12285
12029
1400
7471
12141
3923
648
11452
11744
10362
12217
662
9019
8622
12136
2330
816
7723
1528
5324
4703
8777
3100
3000
10456
5646
5066
12180
7066
4415
10788
1232
5242
7259
4062
1426
5978
7923
10662
9695
12481
2693
10769
7075
2437
3484
1668
12791
1707
9096
7607
8830
9439
4116
10261
2240
5245
4469
10230
386
2211
740
11832
3782
4750
702
3979
16
9136
5497
1321
6384
9501
3095
611
2292
11754
3175
9689
1311
3124
12074
5063
2096
6753
12794
5862
8782
5332
6661
10409
1606
12966
12339
3698
2297
11836
3412
3259
8268
1139
10121
12290
12324
9114
8845
8395
9940
6566
7295
5081
5650
10111
6760
1841
12232
11558
6460
6514
12356
12347
12617
11313
4876
153
12640
5633
4522
12431
10494
10491
7448
11897
7098
7386
1120
4159
2000
12672
1576
1518
10129
2032
6863
2303
7948
9285
8221
7178
3271
12765
5184
5252
5608
8699
4950
8554
5870
1607
2424
2740
11021
7706
2323
995
853
10306
130
1123
11569
5146
6516
6285
5257
138
9799
11826
7218
9025
459
10851
2725
106
1317
1011
6162
1110
1391
12124
8405
6509
12177
4570
12376
2736
12197
3636
7862
7139
6457
8036
349
1857
5074
2868
12796
5610
2934
5791
9483
4087
4395
8614
3101
167
1525
580
1129
6411
1303
8520
6187
6264
12377
8738
485
12850
11758
6097
5805
12531
3304
11235
8654
7031
1014
9188
3566
3705
968
3890
6983
1440
9023
7470
6603
11763
9050
8235
9819
2682
5787
11663
12004
7427
2719
7914
9768
6918
9166
4048
2788
7606
4931
4374
12787
3800
12881
12982
10750
12609
12105
12561
8638
1771
4453
4682
881
5673
7165
3251
8837
11994
3627
12931
889
11264
12480
5884
9304
10005
11044
791
1151
8662
12265
1734
12813
3600
12596
1903
5079
581
9803
12219
12630
6920
3514
10981
8344
6228
5595
7964
9549
875
9941
4705
5800
12750
7007
8968
9375
4775
4566
2368
777
2956
8583
12680
9936
5137
9328
11412
7423
8657
2819
9684
10758
7292
585
11339
11040
9931
11979
8107
9473
10876
10380
7699
7437
8193
11058
7337
12801
4117
3053
741
5504
5930
10296
2716
4083
1417
12412
5767
4131
2272
10035
8417
7457
12103
11272
7675
2521
11733
3011
4606
12505
8729
2804
5789
7879
5413
5651
11931
6138
600
6247
9964
4233
10257
3706
1040
7227
1176
6817
2522
5096
11169
6726
12806
8482
1511
5128
9963
8041
2355
6624
4187
7021
6352
11
5042
6139
5898
63
6950
8664
4747
8108
1049
8969
7536
12745
9306
11419
12429
2026
5738
8386
7578
5818
7097
1678
2247
3953
8080
8931
6056
9447
5937
8835
480
8694
10187
5576
6978
11972
11279
1765
4738
5280
7322
4507
6631
9987
12060
5142
10150
6673
9660
1789
12077
5060
4634
5353
361
1591
11119
7061
6309
4696
2528
1406
5236
10567
6059
8778
6328
12774
2203
2955
1916
12003
8133
12923
1003
7046
3305
5456
8827
4387
9450
3577
5682
4389
7382
12258
6647
7175
11433
8291
12891
11081
341
2623
2634
12035
12305
10283
5228
8521
3121
640
10077
5950
10940
2667
4784
10772
3613
6123
11700
2047
757
12748
1430
5726
11945
6690
1223
2035
969
7297
2376
3131
2869
1365
3381
12130
7915
6043
2046
6793
7586
8810
3889
4462
7426
6454
11178
8081
9185
5982
3494
10255
9381
2559
9626
903
5322
5390
12374
2762
6942
11376
5803
12972
3506
8501
5808
2194
4673
7495
9815
6931
8804
7884
6575
5231
9857
6149
7054
3198
10870
9698
2991
10465
4302
1654
5572
376
8781
4488
11008
4548
567
12439
3544
7128
45
9875
7815
12391
2341
10525
11879
10614
6810
5070
8511
11658
3602
577
5626
12960
12210
3164
11171
4633
10232
5244
11249
1387
911
3858
9613
915
3106
3615
6050
2530
350
5396
6604
3775
3152
991
9363
896
7989
6593
7110
10382
9433
2166
8154
10285
2726
5967
9634
3905
5969
6106
3730
7264
11004
9600
3415
5377
9467
7793
11603
7614
3630
5333
1843
12164
672
4142
2404
3374
1679
2261
9138
3695
7541
7647
11527
1372
2219
7102
10807
6973
10284
10591
6459
3014
7149
8413
563
11297
8714
7533
2143
7880
1354
2941
547
8192
5099
9496
11674
11485
603
8620
3350
5393
7962
10832
9703
685
2576
4618
8401
6700
11935
7077
4291
10751
5290
12843
8626
510
3501
1781
1018
7071
2717
9973
2572
1183
8730
10038
3771
6477
11111
6343
8688
8536
35
1177
6899
3933
10185
6067
11117
11526
5625
12994
7152
8755
11707
9346
3426
12502
10516
10072
1454
312
6571
9235
91
6175
12970
11667
679
2208
628
1334
5872
10071
846
790
6607
11904
9123
4794
6945
769
11230
11345
6990
9243
8692
7507
4655
11779
1695
2172
3218
10646
1091
11444
5426
3569
7743
5059
2903
1277
10519
2707
1106
1953
2011
9239
9894
333
1646
8313
12696
7763
8890
10596
4314
3551
5325
10597
5150
7120
6723
6176
9198
2315
2689
4943
7545
8512
6564
3486
2155
5164
10276
7969
5918
2169
12710
1649
3999
7329
1917
1990
12860
4690
9194
12754
5680
9072
8261
3432
5034
8938
2051
12188
9461
7510
12369
6461
11951
8942
5197
7605
8376
1768
2776
6706
4392
4856
10266
7939
1029
5278
4470
12099
11400
6167
1985
9512
2318
1041
7367
2293
982
1419
4830
11611
7124
3441
11516
1093
4651
12300
11186
11150
8691
6837
4285
8364
7528
3272
10883
8419
8161
11122
5711
12633
897
4483
1529
6586
9368
5024
10470
12427
269
1292
6788
11350
3931
9935
9173
11164
8321
3798
11173
6154
4294
961
3629
8904
11650
6912
2018
4829
12059
530
1882
12667
7473
9960
7872
9119
10722
4235
774
6537
2838
6350
9086
3437
12691
3488
2204
10073
8677
6069
6182
11221
2304
2535
11854
11475
10478
8668
6119
5686
5678
438
1840
9079
8869
2430
4436
10247
10238
7117
7379
2820
10243
1662
1722
11823
2891
12037
3680
158
7745
512
4306
12893
2935
3196
4526
5091
7257
3597
3560
763
11243
5912
6495
11743
7801
12926
8426
12868
9118
6409
9530
9692
615
6254
1079
2657
1074
2327
5858
8988
5722
11012
12720
7547
9065
9441
12736
4641
4239
365
5699
11440
9967
5904
12329
6171
2370
9550
10311
979
517
9937
4966
12441
7530
1997
2087
2552
12977
12410
8983
8775
3738
8187
5445
3311
870
7778
3791
3189
7298
9255
9404
7001
1941
7460
7258
11074
3688
4478
9678
1502
1012
4047
2607
9628
4280
2400
9410
12235
4629
3745
11277
5948
7860
4484
7113
5856
12851
10138
4363
9337
6357
2633
2887
6627
3396
8517
2677
8492
12120
9421
3187
3063
1162
11636
623
12935
10554
8636
12127
2594
10044
7279
9607
11488
5490
2062
10012
955
2832
11729
12584
355
9542
9705
11425
2397
8111
11507
7439
11855
5154
7249
3635
6125
12913
9903
7289
5310
6731
10705
9164
2933
1204
1210
5691
4039
4675
4149
1302
8166
7953
5694
1952
1463
6767
6320
10786
2713
12220
9671
7263
8982
2822
3326
12436
4732
10967
11349
9845
8468
2892
2198
11984
6808
5372
8809
8861
4420
2073
1121
634
588
7325
1265
10992
7260
7321
1769
1945
6439
4301
11257
7818
3995
3033
11808
9039
8607
2007
7564
2909
6315
10815
5868
4766
3275
7548
3300
11333
6034
11200
5921
10990
9676
1979
10626
490
9979
2103
11116
7544
1273
9319
1971
4104
2409
12118
7032
7892
1674
597
6659
252
6483
4887
5397
1052
1389
8436
1728
5878
5559
9226
11805
7347
7632
3420
4923
8375
12248
6559
6290
6163
10107
12231
10451
6592
551
5954
7588
1287
1446
8955
4792
2582
11368
1691
7184
2598
5480
12442
6952
455
5454
10224
3770
9305
782
12337
5704
3784
4503
7940
4574
3267
12865
1680
6806
4460
6776
10727
356
2082
3110
209
10398
12759
1821
658
8581
3009
6403
12509
2546
1998
2817
3274
11912
7320
7358
6241
2628
9012
5065
9826
11591
7472
6042
6535
2280
8750
249
2639
11894
2550
4684
8257
9579
12207
6747
3861
8412
9000
12261
652
2630
10391
10935
4939
7062
4033
10171
7060
2439
7747
5132
1783
3536
2216
9038
11887
3661
8989
10188
6713
7690
11552
7587
6406
12514
4416
7650
8838
7272
9153
2977
5281
2526
10346
8403
10785
1
11639
2998
12938
10143
6128
10199
6552
9812
10140
6960
10951
855
12496
6060
12564
2218
6444
3626
4848
7888
5491
12576
8850
4029
1969
6111
999
10900
427
7662
6099
10529
6235
8900
1489
3163
2342
4757
7984
34
2298
12019
9938
265
4797
5496
6576
7561
10913
11817
5020
1310
4893
7086
11258
4973
11856
6492
11484
1585
1964
12252
8404
839
3559
2469
7411
6574
7305
9053
4052
9793
1764
7010
10798
12070
4011
2099
3258
5519
10931
10396
1194
5719
10645
11861
7004
5940
3907
2239
2551
1222
7775
1241
8062
1550
1414
11187
11992
6233
5866
6210
5568
8319
723
3155
396
1416
2829
829
8780
9551
10684
5924
12159
12599
4918
8957
2585
4321
7819
7164
4549
9130
10256
6628
12027
1269
8110
1349
10359
10674
4500
10775
3563
10375
11810
7236
2461
9227
3076
8813
2138
7532
822
7216
5089
8130
12176
426
12686
6513
7754
11853
10125
4997
647
12698
9611
11689
12348
561
2745
1495
8558
9314
4344
11621
7637
11034
6427
1478
12958
6507
8633
8217
6203
322
8995
6153
2603
10602
1298
1075
6004
2589
4031
6877
7254
9268
3518
5823
9976
1738
10759
12474
1772
4710
7301
11986
11922
10059
6609
651
12163
1096
8875
10165
12020
4347
3829
7207
9340
8453
9396
6596
4927
3079
4005
1019
7936
9785
2173
9604
748
2553
12091
437
2487
9674
5304
9802
9658
9763
7261
7850
8168
11609
4666
12353
9288
4336
7240
10479
3880
11899
3975
4793
2674
7756
12198
11584
1243
8787
4568
12738
11925
8105
9449
7481
5758
12292
4438
5437
8889
12001
2266
7361
1048
3726
9597
11862
6307
11595
8853
8097
11556
11290
11985
9810
9984
5677
6849
7420
271
4278
10887
2349
6327
7489
11980
7022
3580
5764
2301
5344
11967
12299
9645
2957
929
4166
10476
7967
5336
4826
10179
6432
3048
8374
5670
4402
6076
2893
11112
1080
9612
4644
10345
759
11465
2276
10643
2432
1215
429
5698
1140
3491
3747
8577
10570
9310
622
4717
1879
5741
12015
8018
9547
10641
972
6392
4562
6261
1487
7865
3919
11241
5713
11389
7788
2161
2313
2837
7514
6770
12495
6428
3902
1239
11206
1833
11024
9756
12572
6484
5404
4332
2438
151
528
3378
6654
11179
2802
7202
7362
7027
6022
4640
12724
11919
3656
1496
2104
2165
4001
10671
1220
11459
11570
6689
4466
371
6358
7064
5980
12612
11550
11606
6639
1424
3066
1307
10676
566
4834
2960
2584
4790
9350
474
2849
11275
9849
10207
7770
3760
5669
2882
6655
3389
9618
6116
9596
166
9871
2663
2610
1491
1381
6558
6538
1788
3970
7820
12352
9040
8245
1972
9591
9415
9055
5806
12093
8961
553
11657
10943
9541
9537
1234
6551
3280
5048
6086
834
9586
3233
3403
8156
10206
8932
9270
12582
4691
9069
11135
7935
9860
639
5931
5538
5283
9342
1603
1245
4134
11152
5654
9644
4227
13009
3554
4146
6867
11407
5124
11534
4847
11318
7905
5488
8905
7432
826
12485
4552
2650
5683
3932
8618
1963
4455
3949
2711
6827
3515
8491
2246
10181
3962
9998
3136
5057
1647
9200
608
3170
10242
793
5796
9205
3509
8893
2352
2372
3785
12540
2226
8545
11129
1693
4628
7802
12664
3963
4895
11607
7283
3450
499
9898
4317
11892
7680
5405
8506
10126
12378
5735
10537
7265
7065
2384
1388
5148
5411
6453
296
1322
9808
9925
10503
8148
9798
8725
1476
13000
4663
3869
2759
7744
5639
1081
2413
1009
8087
5852
1923
5256
194
7882
5831
10212
4833
1260
1314
1799
7371
8144
2333
6982
7323
1636
1521
12169
3764
9844
11529
2885
12455
11207
650
4850
12395
8994
11132
1170
7826
9782
8004
6372
4277
170
12778
2447
4671
8270
7668
5481
9831
8022
8264
10086
11460
6209
12886
9518
2396
11629
8428
8
6634
1934
3512
8442
568
4929
12557
3582
212
6980
5100
11888
6207
6691
8972
6326
10251
5219
5078
11622
7742
4840
7663
1152
9752
6184
9679
4068
9736
3555
6052
11168
3581
4864
10741
10019
3467
4349
8071
11261
2466
12498
3842
11312
4050
3779
5532
2105
7846
7983
6474
4373
10560
1989
9052
5230
1830
3792
3642
5343
12618
395
12421
10196
1309
9176
1352
7589
3618
11524
2699
8911
4852
1249
3878
7604
494
3564
3270
3042
10049
4609
70
4341
2476
8457
11304
12587
7199
8337
10363
6670
4138
8284
7122
1017
12183
7861
4220
6712
5763
9366
12911
476
8380
8909
7524
5031
3067
6186
2378
7636
6799
5528
3006
7624
1166
10462
2305
8596
11800
11019
10694
11684
12544
1714
11035
9775
9649
124
7339
8093
7330
1940
10822
52
12530
324
10697
5165
6677
645
828
8967
11057
6440
6201
7154
631
5743
9021
8240
12221
12529
10915
10731
9379
7789
7625
8206
3531
12746
4824
10543
5463
12606
4975
9773
2876
5105
4057
2812
707
313
9493
1984
1730
3911
1864
9478
3914
2126
3517
6294
6063
7891
214
6854
5983
613
1290
5705
7290
6436
2075
4707
8329
186
3780
1996
2757
29
10135
5798
11202
11504
3356
2091
6864
4464
6019
2878
8046
1186
1475
12652
12499
10157
12054
11891
10384
6009
3984
10916
9030
5401
10258
2380
7074
4356
1259
9504
2794
7981
1346
4789
3857
2860
7270
76
4626
9817
7848
2209
9240
6948
10055
4292
5502
100
2972
7028
7972
8427
7557
8116
6220
6623
8174
10583
2324
293
11421
11981
1255
6620
4538
4668
10892
9966
1867
10418
12454
550
433
1297
1301
12516
720
3860
5947
9104
8178
3216
7906
9351
2213
9095
3090
3292
12789
11963
11968
11677
12111
4269
4443
5187
11163
12712
353
1371
8785
7072
4496
10373
3533
3478
10351
3935
5932
4287
7449
4808
4151
9402
5008
12864
4343
3937
8927
2295
1490
59
5289
8352
12638
10773
1212
7035
2916
11991
1856
1594
5804
491
12610
11154
11091
8171
10739
7314
8786
12936
439
3812
5379
5623
9539
8564
12674
687
1336
11713
2282
9662
9609
8715
7573
10949
9359
3508
8666
4045
3671
12722
8172
7721
7488
6396
10493
3030
11772
10891
9704
1531
4458
7336
12532
11662
12346
4954
483
11330
5172
9859
5108
12689
8818
8225
6329
6795
8716
5577
8864
1497
6192
1822
2229
492
5302
11306
12705
4812
1078
7084
6390
6012
10690
6792
7685
12149
2775
4721
12756
1181
817
12563
2907
12554
11946
8963
10509
583
8746
4783
9843
5737
8531
1076
6862
5111
9299
9371
12845
6333
12517
9930
5594
12273
12016
604
4782
3203
9852
5703
4442
940
10227
9008
1549
5575
7956
6065
1203
6632
12925
7591
521
11625
3912
8339
12643
39
7716
12095
4051
1359
11628
7174
11818
2501
10464
13010
6229
10995
12451
3212
11489
6845
10824
4074
4300
274
6645
219
504
555
12023
10162
1908
3398
1104
713
11055
9712
6752
1692
2092
10355
10039
9249
9116
3117
7137
4994
8560
461
4305
6611
5305
6738
11347
2950
9788
10742
8450
801
7250
1002
149
10842
7603
12639
9726
235
4588
1834
12488
7913
10017
6838
3125
1537
621
3992
605
6367
12040
3841
5518
2858
11435
2268
2482
2865
7463
6532
2274
9855
12772
910
10093
11288
4960
7638
457
1754
9909
5815
8754
1059
12771
2980
9121
3322
8446
6809
7364
3711
3669
11734
11293
9017
4930
6140
2554
8084
10890
9155
12971
8578
10433
12088
3879
958
8513
9538
3503
1702
136
11130
10134
6183
697
5483
1670
6594
9151
4599
2473
11741
4123
3617
3325
10439
5644
1663
5211
3134
4835
5724
7924
5224
3256
2076
10998
5896
5054
357
2231
3013
11437
673
3825
9315
3540
4494
10930
9587
2149
6281
9673
161
3283
539
5364
4805
8173
6311
2256
6422
3439
1588
6625
12203
11593
8859
4727
1557
7765
5019
3739
3820
4102
5624
8615
7644
12390
12986
3535
1318
11774
4078
3238
1563
6451
3337
6599
5179
1242
4320
11106
533
12817
2111
5517
3041
10879
10368
7181
865
6190
3232
4934
4451
13008
858
12457
2427
8887
1669
5106
9943
1462
11926
12615
904
3801
3424
11869
9286
10342
3804
10085
335
10962
12647
8962
12392
8014
6110
2040
12259
1262
434
1844
7996
5360
10497
9278
2609
7627
4605
5710
2067
3603
1715
4580
2232
3089
3146
11088
8024
1174
10022
4679
4945
6557
3607
5759
7803
8947
5667
10080
1236
3853
10389
8237
3611
10650
5093
241
11295
2687
10579
4577
12445
6000
9481
8489
4700
6434
9234
5460
11997
4822
4772
11036
724
5910
165
3682
1474
7885
5886
966
12264
10866
7318
5602
11172
10985
5273
4178
4487
11051
676
8814
1752
12497
11142
5786
11227
9562
2889
11653
11042
9144
9081
4795
1792
2170
7660
9588
9552
4397
227
11283
8196
6251
2450
11561
12048
8353
12685
11608
397
7785
4901
10518
11775
10042
3340
9515
10613
1505
6417
9497
9730
3498
6887
5421
513
1568
8181
1512
4434
12565
2588
201
5807
4865
6994
10446
5733
10320
7581
4518
9004
3944
11191
10343
9208
4249
8542
1146
11540
6519
8566
8470
7485
10046
3634
9742
7689
6064
10047
1946
9242
6177
9895
3545
6729
3817
8031
4
5997
2009
9498
11281
13003
8812
10889
8700
9266
5200
8824
3094
2583
11125
7718
10447
4499
8295
10733
12208
10914
9076
6523
10506
7294
12714
9977
7764
6157
9105
6091
5262
4394
4359
9083
8708
1027
1643
5406
1411
12354
5320
2284
5461
1362
111
3418
10133
7189
6020
3623
800
838
1957
10370
7408
6493
5220
7991
4110
5177
3757
12263
1798
230
25
2883
4013
4730
7859
4904
9378
8429
5185
11332
7841
5129
11923
706
11245
12414
1100
1135
4841
2806
10400
12310
9521
449
11314
9527
8243
213
7334
11237
4086
4866
7673
2081
8528
6305
3657
8920
12549
10860
4219
12334
5192
6764
11668
682
1954
205
7442
8579
11158
4216
8727
8612
7734
4198
7274
10617
3034
10841
2483
4627
7828
12065
7158
11660
10522
614
10288
4819
77
6199
4452
6348
9193
6243
1942
511
11990
5125
3342
10729
6906
6494
1498
1022
11045
10856
10545
6719
4497
1638
4569
5434
3675
7145
2825
1873
11353
1434
12637
3153
11009
2249
4955
3766
4274
2013
8628
5196
7556
9842
6375
8924
409
8242
2058
5824
3507
1644
12629
10240
11067
9761
1572
11099
7391
1871
3436
7609
4170
1522
5248
9303
3416
3724
10152
9460
8070
2953
5391
11477
4529
549
9485
4597
12449
12205
8630
12211
6649
231
6534
43
1598
7927
7612
1420
6583
10652
12321
2176
4621
12257
6503
10095
3235
4257
1289
1032
7502
12067
4364
4072
6032
8011
5826
4544
8477
952
4090
5086
9767
2733
10934
11620
12468
6262
12162
2416
2570
297
9179
6570
9555
12993
4125
12053
3335
5436
8815
1776
11867
3217
2743
3965
2356
10616
1523
1753
876
1786
1061
6811
9711
1746
3104
11123
6144
413
5521
10186
6910
10515
4059
12730
11455
9623
12335
9532
9734
1117
10155
7559
9784
2600
11515
7951
9453
10119
6999
4162
7342
6151
7020
11423
930
2212
2945
5788
8388
12362
10365
9598
6015
9522
4667
5441
2735
11065
4368
3557
10082
5749
3409
1767
7067
5785
6641
12729
417
11666
12415
4811
7838
7560
1127
8669
3534
2755
5366
4097
7083
3096
11536
8604
8318
4386
9246
8937
12611
11373
2463
1090
6844
1312
2659
9893
7648
4063
7595
6319
4268
4203
5533
2391
109
5731
8411
9791
4809
4009
10159
2095
7727
3891
8820
4037
2880
11518
9772
779
12145
10966
3386
6870
5593
12201
7932
4463
6071
1398
11133
8881
9923
6499
12877
3244
12157
4867
7341
535
5234
2086
2221
7643
5723
9928
11234
10268
2005
8784
10811
286
4150
2604
8461
5850
5936
775
2434
246
2665
8503
11581
8444
3044
7328
11537
1348
11506
771
1553
509
11664
7971
10839
5689
11210
2587
2326
12697
2444
5199
12320
9399
8216
2727
1458
556
11731
3269
4194
10864
5766
233
1723
3796
11146
7111
5204
6303
4315
762
10823
3352
1403
620
7306
11214
3768
12185
1450
4155
8952
3655
7410
9759
3367
9345
1731
5780
9082
4103
6393
3287
899
11795
10415
7049
9581
191
4915
12167
5621
5083
6683
11673
9651
8006
1890
5069
6278
3946
2171
11020
4908
6257
4367
374
1294
5916
6880
2861
3138
8200
7921
9106
8548
6783
6597
5092
7845
3038
9236
7645
8101
2383
12052
5407
2983
11079
5417
3473
10976
3004
9043
1749
3061
12876
7993
4980
737
11100
9956
5841
2382
11870
8771
12126
5746
3741
303
7161
8672
2285
660
3421
10233
6974
6456
10855
9016
458
236
5542
1849
1410
6471
6778
4760
11627
7807
7299
7990
440
10753
12570
1016
5632
957
2328
4968
8851
12841
12895
11960
590
4112
4913
6349
4208
4963
6756
2290
3928
12224
1008
10868
4217
7505
10657
81
1503
7180
11955
12523
11128
7555
8569
9996
3754
8061
1659
832
1284
11322
6901
11796
3870
12887
8731
1688
3482
8965
1514
65
4265
9934
10298
4279
12138
7918
4380
8392
3867
8421
8001
12690
4329
12426
6608
9187
5453
1111
1672
5002
6376
3120
3108
3744
9510
10273
8496
12371
8885
12950
992
12080
5131
8266
2242
7917
2746
8205
308
2334
7372
9195
3186
11375
10412
3359
11809
331
10122
6843
5149
2710
6697
3893
12726
2414
3003
10689
6965
8082
2162
5156
8817
9102
3922
1676
12776
11479
8561
11849
11175
534
4726
5524
11086
3248
190
10437
8856
3712
7543
1564
10374
3334
2944
8680
1539
10961
7424
12274
8635
5543
9059
2468
1675
5945
3664
10912
3021
5056
4714
5114
8396
5661
12151
5934
1860
3633
8794
7901
6435
4837
6502
3266
6356
6300
8678
9750
8431
8365
5118
7185
1132
68
5956
2177
6993
10253
11404
2686
2421
1975
8551
11486
8033
2533
5303
6613
8263
6568
5666
12655
2322
11287
8418
712
8307
4565
1666
9417
9848
368
3162
2579
384
11199
8277
3646
9589
10341
2490
7832
2810
8169
7144
132
7451
5153
2915
4098
220
4802
10686
3081
6734
234
9804
12179
4720
4400
11090
2967
4678
6314
6136
11998
10642
8151
12519
8210
6665
9744
10089
2189
11587
8276
8645
6555
12805
9948
1559
7282
2440
12844
9416
9370
11458
8958
9367
11747
10216
1085
8601
5976
12742
12192
974
1282
9264
9422
1421
10831
3246
10765
8073
5186
7476
10955
12476
3976
8126
8346
4326
11709
11798
9710
415
7774
12702
11426
12785
11442
11371
692
7200
6981
6338
6874
9
4313
1073
6768
6346
215
5728
6588
6051
10881
4378
5194
3149
6692
6547
8819
10441
24
10064
10263
8465
10387
10572
1696
7324
12932
8086
7986
7898
11768
6148
8160
456
5657
351
5191
5709
3968
12486
6916
6292
6093
3320
3372
2611
1448
1237
6925
10097
2989
2264
4204
4713
5946
11685
941
4348
6118
5000
3496
5847
3720
2029
1779
7626
8621
5018
6410
1256
7355
1650
12447
8137
3678
8933
5636
11434
3459
11025
12393
3393
12628
12408
10353
1918
9150
9575
7963
8975
9088
1466
8303
9722
11284
12288
10734
11769
6971
5007
9231
11268
4776
9735
9145
12268
11745
12978
5562
2407
7008
6293
10710
10416
7087
10331
11487
11615
1554
7366
346
12840
1845
12064
10215
5882
5221
8383
2692
4670
1925
12399
9302
11159
8451
8251
738
4089
5080
9220
8475
1153
9513
11938
12110
11454
360
9120
4069
10712
12150
11015
1947
845
8568
5849
9652
8112
9073
8131
5470
2286
11820
8986
10997
7092
684
12600
11101
8616
9440
12280
3519
11553
8203
8857
12768
12955
6438
94
3383
4748
4454
10208
1862
2679
9569
4744
7878
6079
12731
10009
9386
6426
1471
8555
10264
3875
12651
8534
11341
3411
5249
3017
4514
3917
10665
2828
12624
9397
8547
6505
2691
5022
1219
9638
4272
10600
9675
5109
4206
1828
9553
1709
5544
6964
5959
11075
1068
4183
9534
327
5171
6196
10154
2778
2234
2250
6272
6787
746
10695
8362
1536
12049
12244
11360
12715
2652
4925
5768
7384
210
3253
3303
150
8839
7664
10123
7920
2694
9646
7452
12717
1171
10794
12622
6413
4610
12927
11697
10709
12364
12741
6898
668
11819
12921
2270
2116
12363
8207
4017
12189
12270
7881
10744
9914
11266
8899
9427
5663
9629
3172
380
1705
4817
12930
5110
3177
6379
2097
4664
9737
1464
9434
1402
1083
7309
5487
5507
3594
10084
1893
4144
182
6646
377
5442
3722
5903
8903
12598
4362
1375
9755
4838
12556
6475
2066
6267
4801
7440
5301
3200
9760
2238
9099
1214
4323
50
10455
1637
6629
3943
11069
2084
11343
1880
7313
1143
8143
10499
4602
7731
1275
10909
931
3587
1835
1741
6289
8271
3845
2363
9926
6578
7822
8870
482
7829
2498
8873
10923
472
1507
2024
12547
4409
2947
7976
2931
291
3925
932
8871
9316
10538
1778
12867
11730
852
12852
8719
4124
3998
2773
7196
5676
2275
5017
2121
6033
8801
7797
10553
12042
5929
8979
2446
10175
3876
2986
3313
5535
5727
11976
4070
10536
1113
9457
8208
7546
10612
10308
6498
48
2362
9890
5627
7512
7697
7167
2706
5717
8915
10919
5955
1813
8792
11830
12301
4765
11114
962
6283
1515
1657
10571
11932
633
9986
10897
8980
3297
7044
6763
2452
9383
10236
2146
7666
9811
6081
171
5209
6485
3574
959
667
7687
5516
9764
11548
11007
10034
5176
12922
4100
9950
7769
10953
8532
11906
596
4008
3397
5394
9060
9011
1561
11977
9945
275
6425
11583
12345
6868
9654
12066
9329
7385
2708
5811
4900
10459
5339
8032
11097
11380
946
12401
8308
325
10835
12703
11143
5942
10952
12367
6150
12984
1924
4653
1878
9997
8285
4894
6198
258
11589
9035
4229
336
3240
11652
2908
9341
9610
917
3685
9939
1697
5820
12119
89
9891
10865
11362
11205
9005
1628
4978
3179
3606
358
2669
4026
11918
10390
4872
2423
4058
10852
9915
844
8585
12156
12214
9203
3102
6158
10302
4276
10893
7772
10699
10590
2793
3223
2278
9694
4763
7315
8831
8044
11470
8484
5050
4461
12533
4571
5902
8876
4407
2620
12848
250
1583
965
7988
8119
10603
7499
4560
12493
12472
12155
2543
6070
3385
12144
4189
1866
7278
11764
3112
11873
2758
1164
6932
6214
6455
12981
3278
4020
1054
10945
5794
8280
2943
7266
10231
8220
5064
11166
12728
10449
3991
3413
4243
5161
8921
3511
3464
2020
11860
9916
2337
1276
11077
10826
4303
10904
9830
12021
4101
3736
9098
686
6678
228
5962
5708
10550
3777
5296
11156
9954
4899
5836
30
144
9885
7814
7840
12760
2074
7837
2898
5277
11183
4176
12168
3500
4665
7646
11000
8091
2970
10254
11246
2754
7302
2896
8222
626
11451
12443
12109
5349
3286
1875
10472
4839
12808
1136
11346
7080
11964
3022
4381
9746
766
1795
131
1629
6709
5854
5630
6170
976
5169
11157
9897
9846
177
644
1552
7633
4424
1877
12129
10347
8724
2923
3316
5609
7422
1901
9277
1211
3934
11755
6284
11880
9253
2008
5578
6834
4831
6464
348
1600
1484
2768
4649
5274
871
948
12875
5757
1902
2886
4905
9904
5418
1956
2454
8432
9853
3349
5611
3388
496
10420
12402
7682
2701
2048
8287
8599
10667
12605
9882
10804
5352
5653
7621
10098
8239
7922
12838
11825
10991
953
850
2690
4870
447
5566
266
10932
7812
6861
295
985
10964
5243
806
3526
4401
8368
12588
5784
4331
7724
422
744
10640
4014
8523
1279
3129
12404
743
3250
12907
3672
3154
8960
10338
6686
12636
8423
7908
4818
6741
2999
1296
7977
9500
6675
9389
9181
9100
79
11393
4215
12560
3105
4643
515
11286
441
11321
3148
11599
12398
5229
5183
8772
8109
6277
3064
12566
11617
9886
3993
5550
38
12862
866
1711
8826
10983
6762
3614
7945
7350
10237
8385
1748
3683
5201
531
4506
1295
6615
5615
10605
1156
701
5076
8773
9344
12928
10840
3222
3676
12218
8100
3157
12330
2730
12725
2848
7831
5816
1973
3319
11705
5979
8349
9918
1817
10792
11061
9526
2661
10725
4685
12780
5520
11748
5241
3219
12187
10874
7332
8941
9401
7093
12148
7517
6323
9906
7501
10249
5585
1383
5423
11495
2353
772
6721
5255
1842
11824
6114
2028
9464
7319
10582
12325
9411
3620
4404
7909
481
9180
2225
6970
1415
12510
8971
8039
9274
1231
8996
12314
8592
10176
7506
2457
3691
4878
156
4762
12213
12096
11532
157
3185
6312
3456
10130
7377
8639
6876
11966
2721
3023
11481
10406
11602
12446
2750
3236
12100
2605
4948
12797
3583
6710
10177
3586
6820
1577
6644
6648
1848
3978
12954
1612
641
3113
7980
1010
11799
11641
12225
9659
12902
5821
9745
5915
12327
2866
7554
15
10777
12024
74
2344
5863
8347
10795
12642
2390
6253
6904
394
7713
3161
6922
4586
11031
4786
5307
6249
9919
1974
9323
4752
820
4853
8371
7576
9307
4109
5748
6225
1724
9594
3086
542
6589
7767
125
12034
5216
3087
5014
6172
12548
12158
2671
3624
1814
3826
11886
169
6313
2180
6280
2195
666
12319
1442
10260
5373
11914
5218
7781
8919
6565
1320
21
9048
5795
7277
3347
1407
5016
7931
11121
11868
9413
9132
2338
12524
5447
7195
6369
3007
4695
4527
1930
3951
5356
548
1548
183
5005
6271
12648
12033
12090
10849
12779
8514
8309
5316
3513
5975
11439
5087
5640
345
1188
4384
2928
9969
3660
7661
10974
11338
4163
7273
2478
3298
1558
4426
2049
11859
11738
78
11782
283
4190
11464
32
642
9466
8134
1747
11124
4246
8456
12578
12482
320
10660
7600
12490
12995
5590
12969
245
7419
4054
1982
11462
7620
10431
7712
10687
57
5446
11525
12056
6751
7782
8671
11735
12022
10956
8138
11472
287
2379
6579
900
4419
6711
4422
7360
5607
105
12317
3160
7705
1986
1114
2411
11927
4430
11644
12747
10867
2591
9958
8806
2601
11422
2222
8696
3103
3181
11794
9800
198
514
12991
11491
7479
3339
10408
2863
2460
5660
12688
3592
7497
6846
10158
12132
8494
6871
11678
243
11790
10161
12271
140
3169
6211
10469
9601
8543
12289
7276
9358
12453
6164
9129
454
10894
9883
5600
9061
9492
11189
10700
3428
7584
3261
6682
1959
5809
5778
8258
7389
5782
36
6819
6269
11632
823
1853
1869
1927
5926
10818
8610
7810
1718
2196
3165
7109
2359
6216
11162
804
5603
9109
7454
9018
10299
8305
3971
5506
1374
2140
6883
6626
1631
5631
6606
1635
9774
11843
2815
2836
9407
2453
11995
12286
3447
12743
10630
9779
2660
6359
5335
3493
185
12749
10610
4211
4003
2964
9946
12030
2207
6737
5428
446
5115
3213
4174
1706
10513
12699
7112
12920
3221
5247
1920
8282
6640
821
9816
12757
6554
12373
11708
4502
9536
6882
146
12905
5840
5492
3822
1154
3813
11596
2108
10501
10996
5107
2797
5095
4411
1005
1280
9902
12855
5443
7930
5988
9080
47
11309
4230
6270
11841
10001
7534
857
9360
12947
10714
4536
1233
2056
7171
8783
879
6769
3609
8183
6424
4129
5555
4016
9887
6486
3093
11401
10010
9778
4582
11259
9058
3807
2824
10599
470
6765
11893
8479
12403
559
9251
5003
11192
6869
3306
401
664
10013
2262
3649
6398
44
9387
7177
3815
12614
9472
9809
12295
3786
3071
5842
882
7179
3151
3382
4477
10755
7965
5606
2300
7720
8706
6068
330
7525
2696
5744
4137
9813
2942
7542
4088
8335
6584
6630
6836
5696
3476
4046
997
2197
3659
6580
369
7121
3099
6529
10286
923
7417
11165
796
3111
3391
2847
4021
5671
9488
7652
1913
5597
2514
4210
9990
5531
4195
7732
9635
11315
8481
11273
9352
11837
9142
1815
12379
7961
2022
3344
107
8665
495
159
1020
7446
2895
8458
11140
11828
7635
9776
1325
11890
656
7043
12456
55
3069
7833
4316
267
3369
11503
8312
1541
4849
7100
3377
4741
9511
2624
6412
4370
9648
11228
617
2542
127
10003
12160
12914
3715
12233
5358
1197
537
10438
8399
7539
5674
3601
37
8571
4417
1122
4267
6038
2131
3803
1472
10806
12246
2562
8565
11073
4979
12287
2867
1944
7968
6416
12586
2545
10482
7170
9535
3502
11577
5075
12228
1431
3525
7138
3052
1911
12423
5300
5498
9989
7725
7875
6847
4283
3444
4591
7392
2148
5382
1185
5848
9336
2364
9874
7618
10984
9872
9495
11248
3315
5270
2621
8684
1378
9548
10050
12945
2471
2811
11508
11829
10448
9865
3156
4263
7255
1165
1038
5159
7050
9335
4369
11592
11578
7403
7486
4540
4312
2654
3084
1704
1595
6142
8999
6394
2912
954
1004
1025
7919
7813
2151
1632
680
2814
1931
5963
6155
6936
11384
4842
11742
1634
12385
1044
726
5162
4388
3243
872
10644
752
8272
12723
4242
11177
11827
6061
8508
12475
11144
11305
7768
5402
4465
3226
11094
5237
6540
4674
788
6481
3904
5004
1437
154
12306
10027
9790
7415
3728
10092
1804
10906
12247
4956
2308
5951
8054
7748
7203
6181
12987
9420
7535
11334
8047
10220
3308
5113
5509
1571
3835
8122
12055
945
10979
2518
11225
8697
3107
12943
1912
3862
758
2789
10946
12331
6005
3497
4224
3990
4778
2152
388
1351
7232
11783
11292
6893
8842
12008
4924
12826
7378
7006
12773
1425
9995
2345
12872
1102
5355
10041
10542
9213
3529
4474
9354
8993
12727
6341
10682
12262
12567
10002
9953
8089
3832
1915
3224
10115
10246
12165
11028
3866
6145
11688
632
11170
5
1616
11429
8848
9888
9049
861
6680
1274
8302
4692
11184
11610
8759
4358
6745
12050
3390
6028
10291
10578
6531
6161
2764
2803
11996
4550
9201
9409
340
12752
3957
6113
12959
7835
10270
12904
8667
6638
2019
450
4863
11218
5879
4333
6856
4049
8328
3414
6855
8095
2122
2640
3126
8550
2477
7808
867
11483
6316
10938
11310
412
2990
5658
9066
12267
11715
1673
12350
8164
86
8367
1894
8763
2938
3082
3461
2670
5384
2215
261
8663
1686
3684
1530
3387
9362
406
3716
849
7823
12884
7095
11385
9975
9184
7735
3546
1826
12803
1604
10324
5707
11736
8400
4780
12737
141
4630
1137
12946
4439
2619
653
10726
7267
6088
552
5720
1252
2792
11728
11193
6774
3959
155
9877
9709
9972
3701
4472
1467
6748
2561
273
3881
10854
1254
12963
23
7567
10747
5548
9135
2954
11936
7806
3847
3897
9949
12515
2329
1831
4970
3140
8473
12406
610
8745
10917
7400
8480
6365
4171
811
5288
11325
11778
2742
4854
6222
8976
11394
9837
1981
10604
4376
2435
2154
8248
7351
6025
8487
8761
8361
3481
11876
6279
7300
8088
13011
12097
2527
6147
10593
7737
9202
3578
1897
4010
5662
814
5765
5259
1480
5104
11220
6679
9113
4567
886
7752
12089
770
10933
10669
3375
5899
7166
2314
11466
3916
7357
3859
2767
8611
6840
12212
8646
3926
1854
6212
98
11840
4093
221
5697
11449
5370
1517
2637
192
1932
7759
4284
10680
7583
10069
7482
12082
11251
6759
2186
7997
7695
3147
7467
1202
9207
2388
9057
6308
6694
3903
6797
9721
4408
2241
6959
11340
1999
9391
2705
11882
11844
1605
4590
3632
11252
5774
5612
9334
8907
1250
2672
4642
2720
9156
10066
4214
6191
2995
1988
8311
7136
1543
9418
3451
970
7262
6821
11687
2128
10021
12903
4120
1376
6684
10778
12234
4971
410
11331
6217
12013
5329
5642
9244
10523
12012
3402
7271
4903
11386
8929
4616
3930
8304
11777
3078
1033
7753
6058
12465
5312
2852
10065
4511
3966
3854
6450
4158
12537
1566
7079
11356
6345
6935
11698
2580
11327
8055
1045
927
10629
11372
4310
663
3279
12719
4308
8603
11468
6353
6040
5799
7243
1780
11858
7436
7445
8265
3024
8728
11457
12501
5905
1364
767
3059
3309
9962
4043
10015
391
5754
2564
8685
11352
2642
8507
317
9951
6
1622
4598
12678
12372
8146
8049
2906
2503
5530
10388
3435
9487
1839
8991
7070
5790
5751
4040
9470
1217
3895
10108
222
10366
12081
8936
3353
7101
8466
8293
6891
7740
10526
2539
9204
10971
9477
4034
6002
2702
942
40
1412
10576
6914
731
9573
4266
11222
3190
4346
6385
11988
3846
3230
11784
431
8434
10927
9970
8075
5571
10070
6744
3816
5688
7979
4825
2291
12623
2951
6732
3049
4486
9933
7571
10356
2043
10963
8735
11229
2038
10717
10378
2504
11365
3550
3737
12721
4694
6218
5659
12790
2003
8103
7733
11482
6331
8114
6480
6468
6202
3116
12679
195
2877
7982
8370
11018
3466
8244
8499
627
8707
7026
6905
4297
1601
135
7029
12937
3673
2688
7760
12788
2632
5314
1150
8040
10332
4209
7889
9197
4165
10444
765
5039
6892
7073
10812
6242
6087
8467
4094
326
4637
8406
307
12255
3031
11238
4709
2366
3241
6026
12384
1159
11711
4495
4255
5126
9807
11739
4393
3622
5416
4188
4749
4677
12658
3787
6066
1791
7978
11567
7613
8234
5026
6831
4193
12766
11535
9131
4354
9621
1293
688
11866
8895
10707
4917
5643
12897
8322
11545
6189
3631
3277
7926
2193
6915
7766
2595
562
8117
7669
8233
9642
3434
1760
5540
3133
7568
12661
10194
8739
3759
5313
545
4883
10267
3139
10309
6725
2625
12814
755
8292
6487
11586
3438
12695
11724
6693
5817
3178
11580
334
6092
2783
10417
6016
8037
11857
3199
7326
4121
813
8185
1248
1443
2034
2335
5995
4191
916
8742
1067
10153
411
11395
1115
10079
2230
2030
4383
9216
8758
5701
5887
8916
4846
6152
11959
6779
2508
4281
7204
3296
6073
9578
12711
302
2529
5839
1717
1803
6117
9669
1281
8557
2976
10101
6046
6362
10223
1452
6585
1610
7944
10521
1520
8019
9257
8369
10797
7238
9127
8104
11767
4902
805
2748
9777
9431
10036
3008
2781
7398
2631
734
4528
4492
11071
202
3883
11397
2117
840
9317
7412
12589
10248
8896
2343
8059
4111
1926
11833
4803
12383
1506
6332
10407
9029
4296
2982
2455
11640
10352
7653
5618
9215
12915
5088
402
8204
403
12068
7222
4614
10197
12071
8736
8897
6399
2747
4019
3043
5601
2649
2532
1070
6972
8877
5885
12079
5328
8099
7156
5235
6662
11418
2492
12078
2223
10846
9851
4607
1228
12906
1408
9152
3909
973
11098
12422
3010
3761
8393
7363
10468
1567
5718
10970
2902
9297
863
9563
2662
944
453
3783
4672
1229
5721
1732
988
1158
3565
6813
6296
12432
2974
869
5359
2910
10696
10432
536
11834
781
4964
387
9343
9718
10817
8348
7656
6908
8894
4553
2299
9174
7570
12846
11496
5395
10425
2739
3336
5180
5837
310
1473
5551
1838
9211
3209
53
7380
1499
11167
7173
3572
9828
6108
2178
589
11370
9516
3423
12804
12139
11722
5541
3001
1983
1118
9077
10780
3920
1593
619
527
1286
3823
913
10484
10321
9716
8013
12665
12479
3690
4382
7910
4813
10702
1992
7779
10692
5581
7667
573
11989
9494
8394
12092
4880
164
9252
9880
6804
1587
8539
6310
11597
12657
4718
11388
10271
7107
1268
8067
2496
5347
750
5692
2871
7509
4118
9740
12489
2200
6926
3399
7527
5923
11059
1327
4725
10551
7349
1356
11060
8157
986
7450
6075
9469
1510
11528
8324
6857
8990
7140
1077
383
2732
2069
3748
4236
1246
9758
8010
8038
4342
967
7519
837
9414
636
11670
2115
12898
819
9280
6927
543
11126
5037
9148
10611
9603
4935
2575
471
5285
815
1623
1184
5195
10006
5472
12819
3137
7836
12239
4788
11197
4742
12344
10564
9126
6875
9380
3208
6886
11160
3887
6750
9423
8325
8345
10905
12924
11269
1283
8925
5175
8158
2626
11939
11236
4613
10902
4645
4828
2377
5376
3733
9117
281
2237
11204
5939
7783
8928
7343
2311
12526
7869
4228
5973
1596
8767
11756
1808
9206
10201
4145
5400
1713
1493
1885
11706
797
8229
12732
10429
3227
5557
11432
7698
4042
3831
5457
8030
2123
11719
11379
239
2044
3097
2541
10706
6036
8644
11969
10330
12253
3333
13007
8726
665
675
6419
4335
2428
9064
8020
5263
1481
5505
10105
10782
6354
3145
421
7855
1179
4907
1326
1534
3252
8505
7958
7388
1968
11974
2782
8529
1613
11430
10104
8317
9355
2798
3686
9250
6497
9444
12948
12209
12206
5583
3363
4796
6986
3668
8416
5919
10825
5513
11285
10290
671
3568
10032
1584
883
11726
1141
10768
3843
12809
2796
468
5647
8275
7503
1173
2002
10102
11344
9349
12833
10204
1492
10636
6098
11408
9112
10651
1888
3520
818
5510
2153
1367
2549
6465
2371
8298
5144
11944
7684
1735
11047
8342
983
11447
8246
11039
2306
8613
2064
6708
5958
12094
2622
3234
12011
7550
890
1547
10202
9034
1914
6122
6699
5620
6094
11427
10633
1743
1384
9907
3453
3996
733
1812
3939
5383
8519
2963
9792
7376
6297
7244
8587
12039
9797
7708
1023
4965
1208
2973
4468
7492
873
11544
9786
11198
5564
5529
9097
6260
1189
9033
9801
9554
9269
6525
4660
3742
4456
11445
11618
3753
8147
4733
416
4459
2031
1360
12115
11280
9046
1685
3523
10978
7462
2922
6414
11316
248
223
753
12783
4736
783
4490
4036
11913
5957
12621
5387
1775
5990
11282
12592
8219
9275
7169
5217
3317
10608
3445
11013
7002
277
2259
9178
2312
1098
4981
4949
10584
12440
8294
10214
7911
5309
4182
12411
1910
3351
2722
31
10131
10539
3075
13001
6141
7630
7856
1900
4993
12857
595
3718
3360
6304
9617
8094
10294
4446
9070
12332
1836
10116
6954
8389
8198
8170
5439
9007
1043
8720
1468
10295
3357
12799
9789
8414
5953
10221
3354
10414
10323
2875
5468
5367
7053
2157
2787
3599
1884
5793
4022
4353
119
9146
7311
630
4153
11390
12974
10189
1144
134
1021
175
11323
11037
5011
11883
1574
8627
1332
9361
11003
3884
6688
3665
3002
3462
10061
10218
2269
2357
5732
6173
6832
11461
10937
3558
4004
8802
10136
1774
6368
9627
7599
6265
8717
1565
11634
3206
8236
12387
9229
4708
9192
8833
4871
9733
11250
4289
10114
10319
3314
1991
1339
11492
8658
6650
8042
6735
5801
2614
276
9459
5586
12784
4777
3548
12579
9681
4071
3288
12900
5181
10988
1816
5170
1758
9267
5592
4877
11542
9656
7205
12184
3210
5323
11054
5112
10738
7704
1459
2937
4638
10958
7602
8686
8737
10691
7327
3483
2809
11011
10397
4743
10317
8163
5622
11793
12842
2302
8860
9921
2319
4758
2914
9137
11937
8593
9326
199
11759
893
4421
654
1084
11588
7296
7579
122
7642
4218
3312
5452
5425
7590
9770
6839
11448
9631
6227
9292
9901
6078
786
8323
9818
7285
1994
3204
7091
4357
2835
12051
8381
2978
5067
8363
4844
10885
6930
12713
244
8488
7252
1819
12133
7134
8358
7096
9668
9027
9014
2577
8231
7370
6245
594
12307
6130
5515
5833
2786
3058
1439
9128
304
10058
5337
10496
4816
2925
6757
10858
3028
12428
5047
11559
7094
5147
1620
9384
5145
5527
12333
9999
5810
5994
10244
11366
7245
7566
10235
7504
4827
1544
9491
3948
5537
7068
2771
1527
1501
12571
5134
2715
9054
1958
6897
9001
3641
12245
1575
4328
10040
10654
8943
8445
5135
4371
7750
1316
4482
5895
3284
2854
505
2749
11930
851
10708
9108
9701
2078
12569
1065
11903
683
9719
9892
10473
2459
1161
5641
12999
4873
4007
12084
10647
1258
10862
2118
11712
300
4299
3410
558
9042
118
7312
10403
8408
4055
12836
3885
795
6976
12238
9680
2361
1107
5690
1689
11623
9333
462
1698
238
4403
6295
10339
1138
9223
730
6651
10512
9428
5998
8053
1187
6441
711
689
2548
1306
7916
7434
9405
11271
10443
10145
6858
92
6889
7246
8930
1720
6204
6035
3864
12005
12632
12870
7373
5860
1891
12240
3828
5044
2281
113
10423
11680
9841
1793
10128
612
12477
264
12291
7345
8057
1725
8326
11749
8552
9412
3731
5570
9683
10279
8485
10609
12075
1592
8354
6274
7676
6546
2698
9301
9879
11676
8255
2801
2144
12360
1889
9133
3442
4995
1905
926
5655
2365
8617
10450
6824
3122
2615
1726
7867
10555
10287
3088
9829
3225
8816
464
4724
3128
4815
1382
382
6786
11786
7795
10843
7854
1936
4821
6010
572
4132
6512
2831
4282
602
5560
1350
367
7284
12735
11303
1630
9451
7950
4572
6664
10004
1205
8301
12555
1191
285
3725
5415
2821
6433
10225
2515
4307
2510
11633
11999
4723
5141
12174
2870
798
218
1800
6766
4360
7
12190
4596
5814
9922
8637
12171
3708
8650
2205
4414
10281
10908
11335
5253
12985
7580
7183
10081
921
343
11929
8438
4114
253
10301
8052
5984
1278
3819
7715
526
7843
11791
7013
12590
10834
11361
2823
1965
8159
12889
8748
10586
9321
5431
11499
7346
3788
12912
6011
7157
10681
3579
10174
12581
8572
11612
11703
75
9795
12853
10275
10683
7551
2381
6129
10793
4448
11416
3588
4136
1477
4304
9723
5857
9327
4119
9233
11905
2491
7188
3915
1664
8884
1353
8402
9006
9862
10148
12858
88
909
10399
5178
9309
5900
2181
6382
420
9566
11085
5495
1224
2872
6722
4327
2524
7615
11961
5117
4431
1751
11104
381
8478
2182
11978
5588
2243
2248
9910
12487
3429
4065
315
2531
10606
7710
9854
12043
8595
10863
1167
6029
1681
8074
1333
11424
7596
8956
3293
7025
3060
2142
10875
362
11002
2070
1608
10850
880
5977
11576
9672
10241
1921
4693
7508
120
3323
7925
8807
5753
12792
7192
5138
8462
2879
12798
11016
5450
2358
7598
3643
1157
8045
1615
1545
4172
10422
10193
9608
10124
3596
7717
10716
2206
2981
6782
12649
11771
3628
9968
11787
2187
7191
10474
8437
4554
10048
10833
4012
11148
12975
1823
4937
2036
1500
10498
8867
8872
11896
5740
12473
3174
10099
10424
10023
4199
4288
9620
11921
8602
7040
2402
5579
12444
5949
8823
1409
6017
10314
6755
8625
725
722
6921
9507
12593
12341
5906
12338
9715
5408
4273
6653
4999
9732
5865
3868
12194
10711
7851
2899
12424
9670
11781
6816
3790
996
4053
9653
4585
306
1694
9827
7234
9717
8556
11911
1105
115
11757
8155
919
5412
12143
1922
4126
3468
12591
4168
6696
12603
6402
6045
4906
9832
4874
4711
1394
9149
9570
8227
7115
12178
2784
11566
12990
6366
2386
2071
114
12543
4173
7187
10791
9924
8076
854
8452
8320
2808
7651
3750
10723
6740
2244
10540
3988
10728
6355
11835
3772
4067
11145
10632
8656
448
1270
9408
8713
3654
3268
1058
309
9322
19
7433
11478
3573
8373
3723
3085
11943
6258
7516
7256
8440
1444
11614
465
9332
11494
8029
7943
9147
8882
3371
10575
5986
5392
3570
1852
12249
9041
10164
8822
9486
6423
2408
11176
6669
3640
7791
739
2277
691
10528
6126
10704
5616
11396
329
4429
2139
2952
11398
10075
5739
5458
7338
12671
6636
1929
7160
7970
280
7201
9490
11920
9762
10219
3969
3874
9822
139
8238
1429
11498
12121
5040
8256
3855
3547
112
5511
12450
10318
1341
5045
6023
4879
6030
6658
1221
9981
7640
5681
2656
7374
7455
10402
9154
2168
1763
10619
11626
8224
5287
10184
4076
10169
10083
719
9991
7853
3836
943
1960
8177
6115
6301
5444
506
11928
6518
12417
6360
7441
2214
3763
12166
9247
10269
12550
2780
10386
3469
10293
10752
5351
4385
493
2592
4515
128
2027
8334
9523
460
11812
827
12692
8913
9693
11635
1887
10638
8118
11655
10350
9873
11083
10313
10054
1423
6865
200
6789
5021
8048
1825
10392
9009
11645
2827
6895
12025
12693
4350
10110
7496
10939
5207
3913
4969
1744
10517
5276
10358
10426
4843
10658
4884
2351
8721
6208
4595
11872
290
4740
11001
11254
12662
1134
7728
5675
7348
262
11723
8847
6550
5058
93
11409
11030
7786
4175
12700
9514
7483
6536
10574
11701
3290
7937
5068
1304
7368
6482
10239
3273
6169
12594
7287
7023
575
321
5729
3644
7143
9754
11328
7418
12620
1031
1024
4491
4910
2834
9657
7811
9279
11319
10776
9177
10277
3827
9728
11560
2681
9696
4761
1524
13006
6841
8718
12407
3625
7142
4251
6496
444
11263
5265
9282
1504
9232
3709
8191
12613
6812
10074
3593
11363
3257
1794
554
11216
9502
3176
2900
7233
5501
571
11026
1264
9743
12135
9134
1125
5462
2336
7896
3373
7268
10052
3612
12418
8182
4961
12634
4898
7226
9517
10556
7430
1319
9032
3863
1513
5471
10463
73
8567
3255
10477
1347
570
7816
690
7130
9823
10869
8682
12707
12153
5173
8299
1267
9524
8829
5264
9624
6224
9448
11078
2599
7475
9667
9505
12466
964
1486
10335
8267
1200
10435
7129
3475
12656
6637
8493
2629
10112
4391
4085
