5971
11878
11106
5851
8794
5716
4985
4430
7495
1007
11400
11402
9742
1748
1160
11399
11276
9268
2433
4325
1801
11208
4575
5614
6238
8649
4657
1395
8691
12825
12405
1175
8261
5960
10948
8263
7180
2304
7867
6805
8423
9415
6756
9564
12349
11110
947
2878
6511
6633
3485
4895
9393
8866
9333
12535
12155
6185
299
4949
1056
7976
12351
5786
10624
6523
11066
2185
8468
702
1247
10385
2060
8180
11453
1777
12167
6963
6569
9052
6704
12595
9110
8044
5254
9525
705
3093
337
5720
4791
11942
12575
10730
1374
10763
11080
4293
3880
10691
9457
11604
3833
1858
1874
1272
6890
5719
907
7218
10974
9507
11082
12204
8531
427
4334
8974
1126
6508
232
10670
12991
10442
5638
3288
1750
6162
6180
10384
8985
7907
7776
7192
7695
12959
8715
855
12243
2045
11919
22
12626
8546
9482
5752
12870
4192
1789
11134
7538
9338
1238
11975
10548
6685
10394
12089
9528
10858
10056
12934
6291
7164
7195
3298
10745
11434
2254
9522
5586
7211
8563
5315
7254
5232
3651
6452
2156
4781
3902
9838
7397
162
4412
5834
3763
2603
11339
4352
12861
628
10654
4922
2648
241
7430
7865
5085
9677
1244
11011
10210
12501
1699
7296
5493
9755
8641
7499
9577
5103
6867
11798
5344
1533
5214
6768
1553
7391
378
10283
3724
1219
1057
5027
9059
2252
9468
10922
12683
3241
13
10718
11751
4137
10946
8770
12463
10677
6577
5925
4920
6431
487
3810
3534
781
12573
12263
7421
6873
7455
10198
783
8333
2199
7708
5857
10271
10227
8742
4309
10150
3621
5896
1494
11846
11909
7247
10191
10645
11091
6635
8800
7161
8357
6743
11724
10813
9241
3787
11914
5094
1266
8201
2024
12095
11417
1205
3695
1262
4024
1655
3026
477
1785
11262
8225
1102
11465
2418
1257
10770
5796
7183
11916
10676
6383
357
8944
3616
1756
2449
6025
872
8754
9142
9633
7486
1557
744
8093
8280
1601
8826
9643
9444
4715
140
8658
11779
6578
11352
11968
5578
6695
8400
11072
9136
8909
1060
8009
10637
3747
7494
12966
3793
2223
11664
7336
12607
2761
613
12929
3624
8327
11006
6213
3566
4815
9348
6836
6082
10500
4255
3942
2040
11322
4758
4453
12915
9763
8473
2059
10797
1124
9619
4449
7650
11601
11468
10699
12869
8677
4981
10649
3077
6244
5147
10207
1172
9454
10349
859
9302
11219
4282
3098
1817
9214
9783
7105
5873
1355
8993
10720
5553
7076
3849
4418
9939
8650
4201
2942
6286
6349
131
6754
10840
2790
6760
10723
8612
1867
8220
4841
2576
4148
3808
10534
5143
7730
3811
12005
10057
1802
7961
4184
3765
10910
858
5913
3452
5008
3790
11782
4498
4937
9038
6108
7831
7438
7212
9124
12896
10759
588
10701
6651
12617
7679
10053
12021
6796
6471
1193
5230
2651
12652
2593
436
6521
821
731
9247
6027
12237
6561
7581
560
9190
11190
3393
4258
7975
2846
7901
7554
7877
10601
12193
10620
3351
12808
7229
8059
3459
9850
11956
8911
5702
2921
11748
1868
10483
6788
6847
12102
7742
12009
4503
11471
7939
9169
12376
12412
8975
10562
4479
8282
9140
8
3347
3279
2306
11993
11289
10182
456
5684
851
6995
5827
12057
9438
11579
1658
5604
4997
12366
3606
3195
8253
12880
2340
6307
11660
9226
2374
6336
1590
1130
4543
12919
2301
8881
9085
8103
7723
3701
9375
6984
9915
12786
2316
9701
6618
1168
7454
3565
6420
10838
2415
8121
9263
10297
10942
7012
10401
7509
6782
1551
9062
2406
11245
12161
3506
5062
467
11874
11690
7791
6934
8486
9945
423
12820
10513
9665
3564
11073
1230
11097
9974
2195
6666
8273
10063
11048
8004
2644
1761
8620
1294
10460
6967
7286
7974
8483
9933
6166
7805
110
7850
5272
12294
7351
7512
11172
5895
12202
2239
5721
5915
4762
193
7266
11450
2944
4779
6118
12536
2201
4025
9655
7148
210
5496
12526
4186
8781
6976
8934
10059
569
12899
12433
8692
8761
11373
2200
8880
2312
2813
10072
5138
6107
11116
7203
4559
3927
10132
8962
10655
8561
12229
10246
6784
3473
11199
9968
6881
8119
11484
6125
6426
11183
1385
3696
3135
8519
2734
4008
209
10306
10292
10201
3155
11304
9410
6149
4814
4259
6447
4984
9246
9431
9801
2548
10440
4963
288
7570
1692
7772
7873
1389
12414
7129
1455
6276
2628
11876
6214
8738
978
2276
3027
11937
3818
11646
4102
4659
508
5990
4123
2390
9261
5580
2515
11516
8418
12323
3677
11204
2228
3831
6287
1428
3569
5936
5501
3707
4973
8910
1405
6179
429
5871
11470
4294
9983
1043
6481
749
5177
9955
9362
12322
10185
2693
5911
1679
9042
5797
3266
2705
12741
7675
9031
6301
3162
11101
105
10255
4202
294
4514
6553
2997
4213
5381
10386
7699
2867
416
1585
5503
11392
9456
603
2639
991
12425
12873
4324
10832
8054
4670
4627
4615
4896
4991
4632
3947
6879
2231
2897
7189
11095
8217
471
12045
5693
6515
751
8058
9808
256
897
2191
9300
3986
1357
8883
12253
2417
6048
481
3961
718
4261
11024
5203
4878
10881
6718
10578
2274
1094
6958
10108
6878
10733
6148
1377
12965
2620
2144
11497
10033
11775
1430
9144
1829
2716
10368
1896
10275
5891
6036
10
2039
1411
9196
11587
12885
8129
7605
4879
4613
1617
5688
10300
2064
7243
2485
1396
8274
1872
9797
2993
11162
6932
7553
462
2233
1037
6269
10694
6309
4183
1947
3350
5646
7642
11255
6274
723
1032
3449
11467
9475
7058
2053
4436
12781
12368
11680
7774
9696
5539
2183
3980
864
7700
8787
4401
8633
6344
12118
1910
2951
1328
5732
10408
9248
12410
949
11786
2355
7060
7485
2434
1050
1107
5664
6466
1334
11109
12696
12183
12116
4480
12737
8326
12100
12397
2134
1149
10982
1733
2394
11877
12399
10360
233
2876
8879
12731
12213
7895
2799
6210
11191
4248
10756
11648
1307
1524
669
10921
4200
9581
12172
4098
1062
2190
11163
4403
9013
11708
9547
8440
12650
1086
3733
5652
5172
8626
10727
10664
1063
7872
5810
9015
5195
3161
9782
2277
2307
257
7561
3144
8854
7522
646
1903
4264
10704
11386
4680
13004
4026
3025
479
4731
12184
3648
6643
8358
5279
1766
2202
4219
7044
9138
8712
1941
2923
2281
4345
10740
10563
4084
10345
434
4501
11133
9075
10539
2164
3141
12964
5686
9255
3052
4478
3711
4744
7709
7869
10071
11438
10130
12426
12962
5055
7759
10295
12048
11527
7332
7703
12511
7600
7828
1139
6139
6988
6219
2534
6838
3881
7480
26
2403
1372
7576
9435
10719
10721
6948
3386
12603
3400
552
2441
2063
2642
3183
8337
5588
10014
12565
8979
8104
10269
2388
4837
2265
2933
7991
3125
12043
10882
10633
2206
7117
6780
2903
10748
7582
11381
1301
6373
11793
5683
12101
10245
4130
8369
5491
12787
12162
10186
1853
2261
11250
3369
12973
11186
4064
10398
8405
2794
11019
12612
4402
8862
6841
9781
9903
7770
5284
9481
6859
74
3233
1081
1361
12888
6470
10188
2847
7097
873
8276
12016
4316
715
7889
2235
12420
11864
8109
11031
2857
10175
7303
10639
2616
1011
5163
10778
12188
2572
9165
6449
152
10008
9866
7006
2493
9385
11848
4664
446
2278
3262
3799
3001
1239
7919
5347
5362
2132
4636
11267
9194
7445
2990
5049
8351
9125
6621
154
5110
10541
4085
2528
4830
9642
10965
9746
1779
5093
3307
2
10122
9694
11539
1907
4511
5979
11718
4128
494
4755
7672
4831
7610
9356
7545
1263
3483
2250
2431
5415
6951
10842
7702
6646
741
8255
6700
4746
3427
9238
12110
842
591
6727
12255
2930
11268
2412
5047
6130
228
5893
5538
397
10998
6500
1764
12066
4701
10464
6377
3769
8390
5016
45
12053
1410
9378
778
12143
12107
12994
7855
9208
10473
6793
8456
9066
4490
11312
4677
255
12837
11300
1757
1441
7319
7291
10935
11970
9990
12159
2135
5414
11415
8737
6299
10643
10505
10875
6997
8082
12077
12352
11179
9290
8589
10896
7125
8767
3106
8051
12262
6037
1177
8149
6798
3915
7401
6445
5304
972
5231
2404
11616
2654
10952
5420
2427
3814
12250
7423
35
10696
5894
8072
3751
2872
2341
4484
270
4405
7389
11375
9985
2806
6638
8917
10553
5116
177
1281
780
6308
3894
1809
8571
6120
10001
7237
2021
2670
4882
1898
2104
2365
3174
9474
3159
12362
12634
5704
8764
11994
9653
8617
8860
6281
6534
9686
10947
8146
6849
9223
4284
5676
11189
8852
570
12824
10331
8233
10891
370
8503
12688
10773
12958
3715
12812
12646
10897
11152
10681
5296
2926
302
2707
4702
3928
6124
3334
4016
1840
12750
12467
2960
6093
11735
2236
4260
5189
12402
11284
10467
6941
8590
8003
11907
4829
6989
8028
6294
3532
2708
11311
8314
7890
3009
6675
667
9913
11863
1890
2481
8655
11167
11750
1849
2244
383
898
9721
9657
12810
12329
2283
8922
10549
9370
3117
5153
1881
2014
9788
8809
12947
12883
4457
5213
8388
828
4240
8700
6711
260
7788
12068
4369
6950
10679
7542
5291
686
6395
3390
4598
4340
2220
6421
8702
10738
7773
2186
10653
6101
3045
1619
5785
12739
1635
5375
4809
554
11511
13006
549
7484
2936
2392
7342
9559
6220
7668
12059
8874
12304
1827
4129
457
7328
11331
6982
11042
9693
4127
1734
6774
10307
12483
8832
6245
8783
8819
5269
8727
12311
5733
6385
6032
6766
11905
364
8166
925
315
12550
6993
1805
10569
11656
5383
2536
3345
5011
12364
10038
1838
3775
2712
2984
7963
2731
11657
12534
12271
379
9794
2504
9473
11838
8733
6371
5246
11803
6095
9604
5474
3372
5261
10121
10804
2267
12993
7747
12658
9906
11062
12035
939
3412
10975
463
6539
7344
827
1815
3667
61
9585
12240
12552
4628
10593
3491
11642
12630
4398
11610
9516
12247
9453
8045
9148
3089
4140
11038
12528
7666
1343
1728
9997
4160
8425
9306
3122
2375
7011
572
7840
11624
5820
6073
3517
1895
6656
7240
6151
5504
275
10383
7903
6332
5421
2090
10277
11890
2332
4075
6612
3877
1261
10208
5951
8676
2475
11135
4751
11075
1443
8055
11585
8595
2606
10490
8214
1299
6568
4410
4452
5443
3005
7468
12670
7287
9592
3396
11253
665
6602
658
8731
2458
8344
11002
11410
10468
509
909
765
5755
273
11478
1187
6977
4998
10656
8062
5386
12127
7275
1906
10536
11451
10634
1595
7902
5840
9960
8061
9078
6916
12944
6267
8116
1862
5166
3337
4034
11834
77
11875
5405
10785
3261
3129
9759
2520
4039
1841
9366
8342
6246
7169
166
5159
7854
5305
6846
238
10378
4783
10994
7479
148
2448
11419
8236
12801
7038
11226
5722
8640
11947
9152
1729
11176
8915
3499
6800
1904
11291
3465
7521
2396
993
3933
2816
8637
12659
3682
10698
2743
12331
6803
200
12113
9909
6068
10334
4308
11926
3971
11761
6391
1499
13003
10686
9432
6917
11214
12072
12088
1527
2027
10102
7467
5519
12852
5802
12430
11198
7894
8383
7717
5389
11977
6742
11557
5271
5217
10642
565
8229
4205
8299
9440
3036
7848
1399
8540
4873
12375
2258
3269
7185
6347
10841
9924
11408
5794
12484
6781
11902
11936
2530
8952
8605
7853
3408
7330
7269
2688
5148
12324
7897
7598
9765
253
9929
9036
3660
6741
11958
263
5239
2782
7835
2364
4216
11665
3300
1083
2538
5852
8748
4952
312
8183
9606
3620
8077
5881
4683
9967
9461
6679
7947
7724
5468
2602
5543
2062
2717
1218
11169
685
5876
10559
3584
10282
10278
2560
4953
5015
3202
3184
640
11028
10967
4825
1650
3706
9846
4109
12950
11111
7669
1315
6038
6725
6619
3721
7372
9999
6990
7959
8359
9923
12976
7221
4495
3065
8080
11227
11504
7112
5500
3127
8734
4147
6255
20
12545
8697
3521
9830
5932
10367
10043
2544
9450
1855
11216
7932
673
7949
2337
5987
4151
5635
9785
5081
11972
2755
10555
347
2553
7778
12221
12403
7355
1014
789
1990
12846
4386
4070
7985
2862
12290
1225
2596
7984
11980
6296
2347
5482
10746
12789
8939
7888
3898
1071
5215
4560
9576
2237
2841
10714
11332
8189
12589
2808
5981
10457
3817
12753
9073
6335
11608
3826
11151
10305
4695
748
7927
1885
6176
2679
2080
2113
1173
10329
4933
11329
7026
12277
425
4465
6753
11490
4960
5890
3042
5397
12690
10707
9397
4101
768
8176
10167
8625
11763
5471
3848
1784
8416
8393
9322
12619
2510
10857
12232
4355
687
7632
11577
6974
12769
7483
2721
3968
466
5250
4171
960
5682
2352
3234
8792
12709
2955
8221
3097
7199
9935
10425
7500
7613
12830
9216
6237
11925
8352
7701
7777
2269
1434
7063
2453
12866
690
4894
12695
6900
5672
7219
5285
3361
4956
1593
12446
6811
4942
6497
5633
921
2095
8084
2003
3755
8780
5889
5245
4577
4853
8615
8740
3830
10382
12151
2494
317
598
4912
5808
4356
11544
4346
6065
4921
9705
9541
2004
12211
10646
6527
2624
8000
2393
9910
2383
1820
8547
5024
12772
6131
3003
7382
12219
8018
5313
6775
1084
6392
8239
11904
9636
1194
12106
9065
512
10458
6908
9836
8171
452
11069
8668
9834
4074
6787
610
8799
10925
11494
11171
11088
1843
4876
6571
12181
8041
10475
4946
12723
1009
8065
3514
1476
12160
9978
8973
11296
9258
6257
3219
9648
12111
8088
729
2580
9658
10697
303
12792
11884
12954
9376
7436
12147
3845
7386
9422
1438
5747
3409
10172
3809
3002
10026
10035
2293
2117
12948
3192
5788
11094
149
6965
2262
3870
2554
9673
8812
7175
12759
10372
1964
1489
12054
1291
1793
10747
356
3297
10254
10482
5114
9738
7335
9630
4748
4542
2694
3166
2746
2889
9022
1346
2890
4750
11099
9409
714
10818
5922
63
2115
1203
1607
618
167
4252
8908
7109
2869
8804
12020
7887
4842
192
8178
9003
9061
5428
1684
1589
8431
441
12542
955
8089
5838
3781
969
4119
8472
5607
7540
10764
4737
4376
4593
8591
7122
11197
8873
8588
5698
5124
7662
7505
8528
9483
1398
12734
12809
8245
3642
3308
8257
11933
127
3214
3426
7955
7059
11247
5327
7913
8542
11345
10067
2428
4866
11678
3794
9079
12339
5927
3477
4198
5224
2612
11689
11832
9969
7812
1125
7965
5361
286
7928
9872
3079
981
5488
8575
8687
7787
2500
10931
10689
7501
7905
6250
12239
4155
6752
3242
9786
9398
1796
10432
1706
11477
5636
1250
8142
5757
8921
3725
9242
6513
11849
367
10900
7841
535
7634
2986
7693
7958
7704
4263
12905
1718
2747
11714
12495
8555
5521
9895
6312
666
3292
10420
8444
8001
11043
5470
8006
12980
402
7819
8537
6510
6054
3263
12394
5800
7357
53
6869
2188
7215
2627
10788
12449
7255
11036
11696
9818
2770
12539
12908
8559
1207
1762
11743
5874
1767
5957
4404
2168
9237
3496
7508
12223
6091
309
9927
11495
6201
11912
4941
12940
5928
12104
9741
9229
8376
10437
3431
2968
11817
6600
8984
7825
8132
5292
4594
5262
7461
7216
4738
8411
5550
6411
11361
1577
7233
1677
10215
5060
8642
9533
1700
2408
6271
120
3823
2272
4050
12234
9662
7020
3727
2908
9364
7515
7001
10938
581
1157
7394
4446
5416
12842
8568
10605
4774
10956
8583
3761
2338
7843
2634
8899
6389
5524
7337
5077
7584
2320
6955
5899
8053
11487
8259
8551
7032
4520
1845
692
2470
9546
6321
5233
206
7925
2757
3803
12134
7612
6531
7590
9865
4771
86
7124
8859
7184
2256
264
9897
8705
12346
12380
9730
10267
5002
4139
9262
1465
2125
726
735
12577
10671
2311
7210
12269
11034
546
8455
9501
6555
5507
12674
11969
11444
3729
11857
4471
805
12857
7137
4869
2089
10421
10625
7482
12137
1092
6802
7207
10519
9920
6769
7015
6985
9540
7010
942
5235
46
7099
11363
6026
3509
8332
2348
2595
9232
3100
911
3181
6925
4079
920
4450
11524
1909
2282
10005
11185
4497
752
4521
6663
12421
10860
3489
3718
9441
10923
12398
10041
12983
107
4855
4291
6528
10632
4860
11733
10070
11508
8279
8380
7838
4699
10782
9287
11998
6835
1688
2424
2894
9946
1911
10618
11921
11182
6129
802
12050
4193
6945
5101
965
1209
4144
5423
265
2065
7027
3304
12225
7348
6493
10889
1186
6049
8402
6041
9368
2999
7132
1724
8923
6901
4924
1005
8407
12459
5487
11853
6885
5795
4741
5120
11662
7016
2121
928
8507
989
12076
10990
5318
8680
12049
6353
8942
3543
3643
4807
7617
8894
6418
10423
8611
5830
2096
8771
12818
2389
6334
10119
12114
11564
39
4671
9028
4793
7599
1382
10648
12868
1059
12122
4138
7908
950
8870
10365
2979
4122
7024
10762
10669
2401
8078
11505
9345
6239
2524
5714
3652
11591
12310
9304
7003
2992
12046
9626
2766
7834
12667
10803
2987
3419
6078
1321
11630
8524
6689
2880
12498
1409
2395
6150
10663
12157
2137
7427
10801
3930
4757
5510
2384
7875
12738
1003
2800
10308
4061
11052
4989
8192
10506
8673
8038
2980
11012
8795
3829
4162
12236
6809
9799
11593
11242
2410
2545
3719
11821
5097
7779
9981
1746
6850
5130
7864
5846
11305
4227
11801
3680
10323
9761
4595
11129
2315
11112
1955
7595
2758
7601
2609
4271
9123
1703
9488
2928
2317
2430
2205
9285
1418
2667
1852
823
2099
7459
9822
12126
7213
11825
9116
3313
7548
7280
10088
656
9616
11051
2925
143
8019
12691
11346
12340
11702
6086
755
9313
3216
11573
3041
8750
11712
2482
12715
7765
6014
8021
3738
11510
12785
3327
435
3625
4986
4597
9714
1136
6961
7982
4146
3604
10524
12969
13001
12485
9103
12678
5832
226
12041
9873
10079
9106
2709
10550
3619
9563
7648
1847
7422
9297
9687
2672
54
4093
12951
7225
9988
9171
6807
7893
6532
4792
6197
11039
6897
5877
2723
12330
10244
1518
3007
10715
12663
1485
8674
5343
9228
2075
2129
3114
1038
9249
7123
3228
1970
1576
5100
9926
4752
11102
10658
10142
6042
9143
835
11354
6127
10157
8988
8075
11523
12855
12684
9184
11873
11521
11637
10962
5197
12578
3623
9305
3766
6455
4232
10491
2855
9615
11703
173
7301
12377
12823
3637
4569
1860
7384
7973
2260
8339
7829
8449
3758
3254
9476
10572
2673
8097
1973
7222
691
6771
3070
3333
11971
10665
12191
8235
12073
2343
11756
5263
5944
12834
10251
9017
8465
2608
13011
10488
5426
3022
10256
10846
9521
10703
11701
12829
12911
7208
3510
8086
3123
2070
1594
7868
597
1332
3494
5190
1905
5756
1776
11742
5287
4862
732
7162
8622
11543
3864
10554
8549
626
8094
9222
12740
11001
7304
1260
12480
11924
4947
9596
6682
8101
5302
1142
1612
6882
4096
3325
887
3132
5001
3108
3464
10409
6920
9973
2253
4019
1369
3238
3615
720
10181
1256
12884
8613
9805
2108
12434
5142
8187
3843
4616
6970
1040
7320
3929
8557
3576
10376
10821
3380
10225
11551
2287
2196
3563
3466
1185
9105
7226
10887
231
1471
7244
5853
12
3628
3147
6552
7224
3415
3377
10799
11561
10941
970
102
6417
1128
4315
5581
12146
5400
6623
7350
7418
8403
3689
12681
10456
12745
2985
7827
10330
10514
10327
8035
1946
1267
5569
5053
2898
9235
12744
3454
4904
7331
1402
442
6324
10431
9458
1314
9005
5498
7821
5249
2922
6465
7236
3280
3945
8994
9141
9033
10462
7426
5656
3985
2685
2550
4547
9542
1758
5737
2464
1103
4768
4073
2978
11918
6826
9632
4652
3887
5907
12497
10673
11486
2954
9484
4322
621
6202
11168
9529
5778
5970
2661
6953
3932
2535
4121
1408
6676
11130
2724
5240
7107
2111
6502
5870
6320
12228
10672
1486
1548
391
3118
6606
3862
8745
5745
10847
8283
4788
1544
6069
5790
445
10530
4654
1558
13002
5630
5082
8977
647
4678
5557
9355
4796
10206
12989
6152
12231
2172
6750
6080
2286
7141
5241
11029
5726
8370
12520
9314
10348
10661
9002
9212
4875
2704
11200
3978
7310
6183
3448
2590
9109
4226
10313
11000
9309
6102
6388
6792
97
496
12643
9954
7104
9118
5242
6387
8701
2042
6586
8391
6524
4489
2462
1954
1113
5667
7073
3389
10525
3462
8786
10884
10418
5560
11264
12838
8340
6221
6764
101
12672
6529
11583
12992
5150
9580
2068
8427
10203
4914
7995
8664
5741
4600
1616
12608
4603
12196
5199
180
5590
10212
12967
7651
76
11870
6981
12133
4850
6402
7126
2128
1147
2280
11047
3972
12491
12682
9855
10567
5394
11063
7089
12632
1714
10091
7429
1537
7343
11562
8538
11738
1666
10343
7986
5448
11251
2248
6998
4190
4455
12452
12602
12805
6816
9956
1671
2540
9925
9149
2109
829
10452
3245
9684
7270
1742
6979
252
2729
4257
4330
11640
157
544
6960
9704
5083
4043
5212
5366
2016
1727
7785
8040
8719
8244
5559
377
734
4134
638
5205
12085
10065
186
8539
5878
472
2300
2753
1490
10068
5312
5988
10016
12124
2476
1137
4820
4856
11139
11035
11962
1673
6259
6072
11973
7373
6548
9471
7572
4712
12492
12839
9861
2443
12532
6631
8060
11688
12569
10077
10695
8474
7395
803
3997
12093
11538
5666
12583
882
9198
9382
12372
6288
4439
7682
2402
9601
6226
10400
6370
6104
6692
7217
136
7659
11529
2660
2669
12175
3507
12435
940
6164
8574
3368
5321
4719
7661
6745
12762
4804
12675
12615
1686
9296
248
217
6058
4283
9049
10316
8609
8010
1295
11747
1716
984
7663
3074
10871
7697
10377
10177
12206
5191
4926
7727
3487
4906
1851
9497
8858
3481
4115
3834
11949
3505
8510
9008
9445
12017
9093
9828
7967
8920
3963
12086
368
10087
7871
3512
683
5253
9119
8331
2819
8884
8224
8707
2962
7007
11621
1572
5252
44
8278
10596
11953
3363
11518
4071
2700
4907
11652
605
5184
12423
1208
3953
10557
818
9034
11737
11655
11850
2399
3177
6490
4675
7085
1285
10573
6310
1704
936
12454
2302
7655
9331
497
4318
12614
6453
8906
10659
694
1987
10279
2167
4965
2950
6772
6205
12197
9807
12803
2329
7558
4928
10973
3572
1682
3545
540
3550
1566
2114
8275
212
1952
10436
4440
2546
8067
4496
12328
9853
8577
9334
593
8158
4525
7866
6199
2210
1836
10131
11041
3050
11891
9489
9176
9526
7775
7852
1473
5466
7248
8181
7022
5169
4331
7054
10163
3391
10226
5360
12708
9480
4231
3227
12719
8443
7513
7960
6832
11452
841
3549
7420
329
4739
631
10410
3869
3726
5544
8130
6033
5084
3282
4580
9683
6910
11406
9821
9321
6456
10140
3383
3437
6094
5310
6055
11806
10338
7937
4867
8603
11433
5775
976
6119
9401
12806
9271
5137
12712
6614
9621
9878
3302
9162
8212
6884
3683
8602
1627
4018
9416
12701
6926
7194
3939
1936
8971
8579
4389
3802
5427
8361
9329
10592
10690
12832
8290
8940
2633
5791
11119
128
10096
4546
3832
3158
3082
8878
7979
1554
12168
2864
8681
3935
6525
12244
12975
10914
3289
10183
6208
4983
2811
3133
5038
11421
11414
10736
1068
3974
5803
3756
8888
8788
7911
12537
11981
2084
12067
9417
9756
12541
529
6441
8714
5438
9843
1530
67
9098
7931
4399
11405
2971
8251
10917
2314
4852
9888
4581
6450
3547
2719
6076
3284
7929
9135
12171
1448
8203
5317
12755
12517
5486
9890
3911
3873
11795
2380
6574
8184
1317
6559
4722
11131
10815
2763
5707
7722
1264
10347
6138
2413
9506
5494
6311
502
10581
5068
9569
8310
7626
7152
1012
961
10501
2487
4377
10814
12538
9517
7374
5771
9699
943
5234
2574
12770
6599
4669
12680
406
12717
7533
6660
5392
5744
12576
11635
12165
11161
3014
8285
4233
122
23
12201
12494
11287
8154
6677
9858
3900
1394
3030
1469
4176
9885
1536
4718
862
11397
7671
4972
7056
292
8199
7800
11475
2585
4164
1807
10890
11017
12518
6674
11376
10229
1811
4759
4930
11501
5883
1931
3700
663
2953
4297
12936
9575
11323
7053
4044
4380
2577
4087
12848
12970
3981
7021
4888
7444
62
2416
4832
8304
763
7349
11395
1540
5624
4463
4396
283
5437
7257
12386
7956
12796
11290
12851
8126
3703
12821
7106
10010
10558
934
2547
12390
4518
2773
6952
9260
857
9571
2519
4207
1720
4572
3574
8837
8516
5618
12038
895
2582
12666
11685
7892
11107
3559
11174
2212
2174
3046
7769
2101
2000
6009
12169
11158
7398
8379
443
8210
1089
382
3156
929
9288
2777
12063
5456
1959
11076
10449
7909
4761
6645
5202
3247
10955
1308
10805
8998
5789
4299
4745
12469
1198
11709
12413
2071
10137
10940
5052
2057
10222
5640
2139
12468
6820
10366
4191
4505
9293
3669
8663
11641
2397
4799
7654
9010
8778
7136
5669
2775
1387
2769
11209
4373
4056
12417
6366
1510
3150
8872
642
6230
7042
10754
12361
6469
7171
4970
7586
8572
5485
6406
1812
9876
4223
12419
1388
10502
5919
8729
4705
11607
889
8943
11194
5314
4507
5325
9862
12448
12071
1620
2988
11502
11727
7019
8441
956
1436
9021
2969
8777
7789
6023
3893
4117
430
5174
8718
7731
6726
5875
7048
6673
8765
1422
9367
7250
1433
4040
11413
4339
12902
12335
9747
9848
12056
7677
185
266
11334
9130
9789
5010
1052
12605
10651
2499
6931
10589
1047
8953
12407
3215
6488
3160
3371
12639
12230
12641
7550
7130
5793
5835
8347
5678
9832
8153
9816
11598
6662
8435
674
480
10753
5095
4371
11457
12790
9381
11671
4136
2652
7131
2238
953
9018
7660
9447
6074
5410
11649
1574
4526
1795
10926
3436
2728
4513
4743
9944
9335
8597
5299
10393
8679
10448
11854
7163
3846
11292
791
92
5118
12692
4126
7978
8395
1077
3784
7496
5436
10089
12284
7750
4225
6592
3791
4274
948
6491
5717
3012
9055
2197
4982
5908
1031
7641
11234
6706
6729
12227
12305
7314
1770
9942
10600
10594
2703
6565
643
12840
568
323
1393
757
12853
9573
1356
1080
7246
10575
4844
9275
4823
2270
9622
11602
11987
5730
6297
4491
10084
3785
5817
8218
7593
9702
1503
7276
12120
3414
5449
11592
1771
145
1933
7111
8413
11698
5357
1118
657
10173
5774
4092
6904
6947
11520
4235
1508
3
2787
8118
5662
10508
8957
5171
6401
3671
3268
7064
9310
10194
885
1669
10895
12530
12415
1070
8017
3525
810
12898
12645
8243
5566
12995
12584
5326
9538
7923
1110
2284
6546
478
8898
5731
2471
6617
652
9472
6359
1500
12721
11509
7232
932
11285
4835
280
2725
1013
6318
8725
10750
2657
9202
6234
8354
11439
188
4256
11177
339
4996
189
6579
7261
7414
12441
4881
38
709
8450
1844
6386
4803
10007
10939
1614
1226
8262
64
3251
7145
10487
3278
8929
10314
672
12706
11989
1482
12512
1624
2015
9966
5917
10141
8808
11889
9989
7822
7267
8631
1818
6279
8157
5267
246
9265
7443
7539
8983
5139
2600
11778
6833
7295
2710
8627
3472
5655
8293
1090
2604
4884
10317
6105
1956
5040
11542
5165
11677
10802
10744
1622
6739
2303
11294
8336
3650
5483
5997
10322
9250
8305
5076
10621
12099
1863
908
8947
6968
10148
1765
9108
12490
10568
8522
6017
5769
6045
10170
11396
11943
7447
10551
9343
2297
5152
4104
2142
10886
8252
839
12336
6177
1277
6762
6854
4754
7953
959
12047
10422
11279
4310
8601
11686
9593
10029
4674
330
12553
7000
2435
2292
10478
4975
2061
3239
8076
7638
5592
4028
4323
2189
2722
2666
10492
4311
5906
12203
7437
7198
12158
9346
11175
12847
12963
1360
10980
3272
1235
12455
8533
6132
860
8946
9320
10565
2055
9402
2715
1133
11930
9867
7409
5848
10373
1171
12445
1440
3991
3318
6006
5035
5812
11299
6163
2981
9047
12119
3777
9074
11695
5007
5323
6996
10783
4472
12685
9627
8696
12504
8969
8232
9102
3739
8141
11243
10156
5918
12069
1652
7544
11448
8938
3910
7665
9053
6892
7205
2916
11210
764
8614
12953
417
4874
3085
4742
12742
4407
6713
4347
2982
4338
5584
2655
8023
3608
10544
1401
7782
5398
1690
12928
11531
8138
7685
8208
9574
3906
8432
8033
4042
8703
8608
6971
1710
6203
771
9107
11632
7492
8756
5828
10402
12496
11350
8918
8895
12519
11443
11791
2219
2896
11611
5734
422
2592
2425
5220
3492
15
6061
6486
308
11442
12024
8324
7317
11540
689
9298
11274
11441
3092
4038
4994
7045
2675
10859
4611
1502
5761
8518
47
4208
5422
7876
4253
12317
1447
12456
3315
12028
854
2617
7670
7916
8789
6691
7375
12749
4886
1093
4434
11964
8430
117
9877
7416
5308
11313
7452
3607
9117
7446
1626
12391
6671
11261
4773
10494
4915
3379
6123
533
1213
3309
11829
11541
3411
9931
1036
6522
10351
4303
1359
4851
2013
12082
7735
840
8091
4573
2702
12447
8355
878
2587
1028
12960
7941
1076
3901
6517
1985
10199
11961
3116
6277
11374
6135
11530
1857
10828
7143
2400
4691
1723
971
1915
413
12152
913
2591
12510
698
3149
7079
2977
11054
12524
1421
4060
116
5479
6938
11774
2714
10542
9854
11693
9767
5675
12353
9462
11401
3663
10346
11633
8073
11084
2932
196
2833
1196
12001
1588
1797
1206
12396
2727
9943
1002
3169
8670
6740
492
7518
8791
1354
12025
3688
1223
11554
9695
7
7488
8995
11628
11492
7680
7989
6501
4246
8580
9698
6112
9330
4885
104
9567
4214
12303
5661
3875
8442
4516
7575
3614
11888
6133
12117
8436
5930
2158
11326
1329
6935
7920
1217
3825
1234
12522
1878
5087
1891
6716
1150
7290
6083
9635
10611
5113
9372
10099
3796
4172
3771
11336
12360
1109
7018
4351
833
37
1233
3748
1025
3745
5039
1942
9681
4279
9279
2472
5792
7541
2339
10318
845
8636
4379
4629
8610
5989
1140
12478
9048
2170
6785
733
12751
1618
8964
1792
11493
6467
992
1697
7410
2178
2322
282
8864
8666
5512
4047
9706
6541
1897
7587
2641
8470
5211
94
6427
9396
13010
11707
11781
9819
2295
11823
10739
8882
11259
886
9649
2680
12653
1786
4661
1306
12629
216
4833
2901
7408
1309
6506
8545
1023
10873
99
3709
2157
12058
1054
2387
7388
5388
9829
7431
11590
1609
1681
2056
2888
745
1978
8446
4265
3283
9992
3835
3580
2891
5434
10392
6443
4237
410
10617
5884
10009
3336
1459
4692
2034
2432
7806
2791
7333
7383
4723
4110
12859
5050
6263
3776
242
6601
5856
8397
3613
2478
9389
9523
10406
5227
9776
3855
2163
10361
787
7197
10081
1108
11040
837
4689
9403
10430
1598
9764
10912
9837
5208
1179
531
4154
1363
4195
12610
12215
6703
4350
6994
11157
10358
10920
8240
7365
11589
7235
3596
8511
11010
9802
1265
3600
2698
12389
11184
6423
132
2299
4321
6825
2166
2877
9063
7771
11071
8268
11096
11547
2083
6845
2480
10706
2264
5300
11351
12893
10195
7329
32
11767
8350
6861
12367
5999
5912
5346
10577
8014
6284
8048
3956
6290
8797
12775
11797
4382
12638
8966
7999
1112
6516
4319
12979
11740
12943
5475
9717
9623
1993
7621
7951
1289
10280
4908
353
4384
1884
1132
5369
7490
390
9582
374
8202
2091
12382
3813
2614
5464
4001
7664
6368
711
1698
12910
78
5078
14
11221
1413
3742
3059
557
9203
405
9531
4251
4648
8978
6939
12579
1166
10934
11449
2407
8630
3949
5277
1726
10512
8373
8364
1773
3633
2818
5942
6282
3187
3257
7535
8844
3271
12302
1925
51
1755
8454
6468
4220
3470
2138
10641
9154
9430
6165
9595
5048
4776
10381
11974
2555
11498
8223
6791
6804
1141
10710
6842
7014
7729
10598
12344
7741
6484
2093
2468
11716
3655
5984
10504
8185
2102
6690
10076
3260
11545
10045
12373
3516
1416
3658
4784
12341
3175
6169
8604
5809
2031
4181
3828
7009
1253
4055
9294
2920
5322
7645
1096
3668
3138
7134
1033
160
4602
11409
10751
11348
831
1153
12735
12586
1241
2976
5131
6683
2367
2192
1803
11939
8406
2333
739
4734
6701
11426
6348
12482
9000
8234
6748
5051
11503
4342
2241
4531
8505
3908
4961
3295
10798
510
9812
2379
11045
3324
776
6540
2100
5587
1380
9220
2750
5695
7944
4015
8056
5256
7943
9664
1029
8965
5387
2767
12214
12623
7878
10320
12242
5642
12400
8114
3553
4375
12694
324
1004
12096
9614
3388
10498
8459
3010
8802
4978
10075
10291
8318
3344
866
1808
1861
6087
12881
9426
7647
5012
6911
2255
11992
1478
10309
1243
567
2469
11582
7824
914
7292
3008
5478
9513
5615
1303
10230
5933
7552
2506
1287
4601
4506
3859
9617
1290
11899
8897
11281
754
121
648
3255
5385
8115
9145
11790
10537
668
7289
1456
4710
619
5541
7315
9892
8924
12355
12379
4499
2844
1034
11067
8043
7231
12010
9605
9067
7251
9486
5270
12125
1927
2706
9798
2601
373
4211
11353
8912
2752
4013
1591
10479
12404
8798
5571
4813
5490
10375
11546
7945
1556
10928
411
10867
10599
3356
1001
10823
3167
8378
5937
2313
11224
10684
11706
6670
10155
2439
5968
10582
195
4576
1318
3374
5476
7017
8805
1943
8638
10564
11710
9167
124
3358
9070
12754
1701
9492
11659
6625
3665
2362
11258
9609
313
9868
2491
8949
12580
11865
12920
9224
10149
6562
3264
10213
251
11597
10885
8135
9784
2120
9583
8113
1180
794
4747
5091
9707
4304
3039
12523
12793
10179
958
139
11246
8170
3921
9958
6573
12736
8556
6266
8669
12843
6473
8807
5843
4460
6029
2066
2368
8497
2618
7434
604
6899
4141
7849
5723
6414
1085
6063
10461
6650
5773
36
11138
6667
5708
1542
1156
11027
2522
2940
5265
4733
5574
5442
5804
7896
7969
7392
4474
6409
10151
1643
2148
7278
8567
6059
11626
8520
3538
3237
11425
11638
2044
1220
9158
11658
6595
2409
6563
298
4027
7536
2948
7179
2853
11528
7658
9899
8386
4556
11940
9502
8068
358
7230
9904
6594
7407
10446
5577
55
11893
7406
1928
8256
8151
7206
6333
3090
2187
9647
7120
5687
7323
8466
10742
10289
10116
158
1828
2507
1877
10780
4663
8586
4787
2557
72
9404
8813
1338
6442
5831
5547
5167
2350
1516
11954
3697
8412
7764
10354
7768
4317
2087
12799
2335
1046
11713
2151
8495
676
11507
3211
333
7187
4438
5210
227
10650
5644
274
1072
12654
176
5583
766
2961
316
5639
8475
747
3281
5934
773
12710
11445
2473
12418
6654
10789
9631
724
893
12977
5940
1019
8230
905
1437
7283
7345
1115
5872
2975
12661
7036
1567
5061
6429
3964
12679
11586
3013
5967
8120
486
822
11321
11077
6222
11536
1484
3478
2659
6492
3287
4033
6011
1653
9744
2756
6943
4756
5194
3259
9666
7994
12616
11499
11819
6360
3353
12014
4838
901
2218
2821
798
12942
11118
7119
11595
11666
1498
4182
6582
516
4068
11722
5613
1654
2279
9281
129
4030
10774
5718
7780
3936
9395
10811
11196
10588
9276
9046
6323
2848
7376
7692
3940
12365
8267
2966
11008
6512
3440
12129
5591
3786
5303
4078
7676
644
3842
738
784
9787
12321
6923
11668
10693
10263
11639
5862
6761
4641
11265
7381
6248
2860
8341
8271
11480
9957
9379
2915
3552
2346
9178
8816
8517
6448
3035
3217
5983
5806
10984
5551
856
3290
9624
10499
9724
10018
931
11859
11464
5457
6812
4658
11788
10854
2429
4354
2900
12320
3714
4859
7316
8071
4553
9594
12841
11007
2736
1663
1022
11684
4292
10856
8484
10806
2828
11723
6597
7061
6357
2674
6096
4163
403
11739
1693
11609
424
1908
12150
10288
2211
10232
838
10260
6040
3346
9774
519
469
3392
6823
11928
8334
12835
3685
8098
12154
5914
2594
4687
4865
7096
12333
6477
5953
1930
10724
8902
4230
10294
8371
11881
2232
2126
4786
7818
4789
9311
10301
6862
8711
4422
10379
4902
4772
3011
9823
2184
9752
11741
11525
10058
10892
10712
10168
12525
10640
7121
3205
9006
3342
7204
11411
4583
10950
6253
1886
10817
1912
7589
1772
11369
9023
7491
4609
8231
7519
9504
5472
736
4107
7710
11282
7912
688
12245
8790
574
8648
8052
1348
3404
8195
3038
9675
10631
7711
6158
10816
12570
1039
11474
5352
9215
3838
1058
5198
8487
9659
12655
9186
7249
10668
1099
12178
10749
9319
6629
12444
2344
6652
9120
8652
10237
8593
3101
4714
6681
9394
2532
9101
2762
2369
7933
7080
118
7369
4362
2774
8732
11432
8801
9970
3062
3049
3072
2112
5956
3142
10660
6801
542
8286
5407
2147
7146
5826
3273
3925
3439
547
12424
550
1087
3840
4614
2874
1229
3520
1753
7072
11455
884
9509
3982
8325
12474
7037
11588
8422
5692
1739
5548
7477
10576
343
6888
11213
7074
5576
1923
170
11206
7948
7763
310
10253
10526
3220
2318
10061
11393
6081
1835
2815
3594
12387
7842
12795
8766
3120
634
2823
11780
1951
11897
9032
31
4901
6627
946
9269
11764
5251
9883
8907
7847
4424
2133
5275
1659
12687
6007
2516
7133
8190
10538
9894
9027
1446
10836
1349
559
3844
10189
12771
2072
5403
983
9586
2713
2009
2419
5647
4048
10795
4950
799
11681
9494
11548
12761
1747
8776
3048
11362
87
1298
10257
7577
2326
9201
9411
4642
2974
6696
4179
11317
10050
9949
5823
6384
138
1549
8330
4676
9748
11456
7193
10340
10031
384
5348
9132
10390
4552
10419
1254
5784
4509
9902
1562
8272
5825
3610
11086
12924
2437
11600
12385
7846
6374
1082
3570
996
1744
5134
1725
536
8573
12327
9667
607
4185
8421
4095
722
9514
8165
3973
6551
7555
1934
12055
814
11770
1668
8759
12264
3523
3154
12594
3736
8069
3066
8365
6275
8822
8172
9400
9971
1347
792
7404
9685
4447
3319
4124
6751
2564
5947
1119
8763
2092
5333
968
9219
9326
9713
12844
10831
12757
119
3684
1822
1155
5264
10959
11729
12141
4277
12431
2645
10729
12493
2834
9257
11239
3023
6476
12783
576
4433
10777
172
11661
1376
4890
2941
9690
11762
712
7568
4834
9512
9670
6699
9086
1560
11295
5329
3585
4477
3061
8143
11862
9697
8560
4775
9012
11920
4527
9753
2310
7755
5226
10829
10944
6194
3879
1645
6413
1069
11277
8991
7411
5980
1708
2748
1144
10105
4911
11752
6632
8628
12128
7046
9369
8375
2850
3051
1539
4421
1920
9555
4065
9882
108
5424
7466
12686
12581
2420
2573
2517
9688
8032
5779
699
4415
10027
10250
4419
1592
11753
3599
12287
6596
10126
5022
8458
6060
1452
12858
2217
3067
8657
7745
9308
7804
5209
6698
10184
7448
4688
2887
10495
9760
6570
5929
609
12503
5371
7419
3403
11385
8508
8463
8815
4623
12266
3975
3172
5909
4555
6566
8112
237
6346
3856
951
5991
11995
82
881
2551
9425
2726
5129
4234
12338
2030
6015
8654
10231
1429
12547
8429
6808
8857
296
12826
6556
6236
11796
3876
3299
3208
761
3575
6738
4524
11634
2613
289
1248
4889
8241
1569
2461
5088
7425
6822
2382
4812
5958
7458
2289
2568
4681
11481
7808
12007
1509
320
6233
4969
875
10810
7083
2098
4432
6100
9316
1531
9459
9680
12130
11222
7502
5425
1199
1337
13005
6575
9553
6731
7399
592
7823
12309
6173
2732
444
12347
4387
1507
11391
8830
10136
9893
6543
1780
12508
7507
6813
5880
7622
2871
1676
161
11358
11437
10574
12622
7031
7738
6181
8849
1814
11288
12408
12285
6647
5045
12718
4877
365
5156
7857
4673
3588
10678
10547
3433
12109
938
7940
440
12030
8303
12549
6799
1749
3081
6987
4014
1532
11697
1121
6241
10987
300
5201
392
1648
426
6795
10932
11986
7656
12428
9163
9273
1088
4286
4476
11842
4740
5892
1236
5537
4031
4647
408
617
4549
1114
1041
3937
5293
11950
5477
5320
11955
4780
12726
6062
9452
6397
2451
7144
9613
12699
11672
6430
7706
8249
5579
4529
2718
9299
4275
809
8543
134
1170
1138
6554
4656
677
2026
7156
616
6249
1515
8576
5509
7201
3230
10614
1899
1051
10808
11015
5289
7435
5341
10326
12422
10284
4794
11320
6161
11120
12326
602
4103
9597
4053
7643
5963
5924
7366
2571
11155
11731
8298
4690
7075
2802
2321
5887
4977
10319
1098
3679
6856
3958
7885
2681
1324
12280
10791
8904
11115
1227
11372
2649
11384
2360
4445
12174
5273
12567
6864
2946
4052
12062
2041
6734
8288
5855
6626
11512
380
3540
10591
9692
1024
11018
8839
12195
11728
944
1584
8992
11605
11053
500
5072
2209
1963
573
2054
5465
7196
4094
2883
7234
5461
979
1181
1545
12224
12453
525
5996
9282
6436
5364
12354
7062
7284
5608
5623
11614
8623
9771
4041
8313
4732
7168
2650
4515
5309
11880
8820
9757
770
3759
6103
9019
12437
587
3567
3530
11894
10453
8122
10082
3348
1075
2243
12747
6589
1091
6830
6746
4964
11089
2875
5712
9323
966
3760
1311
12987
571
2455
5452
2107
4206
551
1378
11236
1900
1331
9549
2772
5013
8901
0
4483
11188
6435
7915
7442
12209
5358
10820
11522
9175
6485
11275
1642
9917
197
6770
2837
1958
10356
1743
8682
659
7294
9266
520
620
1870
11229
9716
11085
5910
8309
2525
7559
8937
8147
10145
4448
4005
11378
10004
5204
8227
12876
6777
12892
3355
4640
2023
3541
6919
5992
7802
2505
9170
9377
2963
8387
6351
5601
11515
491
941
6066
11594
12956
3778
4651
3863
10666
10397
847
7094
7832
1914
7297
3364
4736
5653
5609
7028
8927
11315
11565
3428
12758
9934
7362
12791
1445
11606
11117
6028
4721
6407
6567
11150
671
2161
2371
11804
11923
8002
6457
7639
2105
1656
12098
2788
9094
3749
4999
12877
2957
9153
319
6661
4916
8460
10324
6735
8585
2405
10094
12200
3107
9096
4381
5057
2106
12854
3773
25
9778
7981
808
2989
3909
3871
2671
363
11103
1660
7272
2376
1493
6200
8639
7402
9708
3995
5356
601
8785
1386
11165
1365
12308
12957
12897
12015
4114
5626
9618
11927
4564
527
8928
8587
2391
2305
11124
1237
9811
9589
10995
4592
8092
695
3500
7149
11496
3451
9952
8477
5528
2020
10607
5849
3508
10825
10092
11965
3762
8581
3629
8758
12660
10259
5985
9641
4456
2366
11647
894
12027
9857
12930
5290
5306
5516
9562
6192
6444
9211
9729
11810
3170
5363
7158
4361
6608
8374
2006
8258
3475
3193
1517
7688
12671
10901
3737
2893
8773
7585
8356
8087
11114
48
387
3139
5713
679
9464
8834
2052
8887
3837
8222
2640
9496
5935
9715
341
489
6381
11717
2786
1167
10223
4131
3919
9928
12332
5454
3716
10414
6412
5670
2266
10919
1888
4728
9578
1778
6707
7715
12388
12588
8693
6172
4704
8270
3458
3224
6235
5631
1231
11416
9423
1948
470
5037
4493
5170
10728
7628
7102
704
11835
8349
4554
11083
9796
12752
815
9099
8515
4459
5902
1580
3143
2019
4539
9291
3865
3841
3445
8152
4221
7753
3605
6410
5229
4954
9891
4076
10374
9024
11104
3710
2913
307
1104
8931
801
11303
3708
3029
5921
10022
2288
183
6136
2240
1871
537
7093
8050
706
9256
2575
4209
5433
10469
6509
6314
3892
4955
7962
5463
33
9530
4464
4959
2225
3080
4927
10638
1165
11629
3866
1848
9160
4306
184
980
5288
4726
5513
6251
12831
10293
3562
8717
3789
8536
8034
7298
5353
10166
361
12705
10623
5175
6090
12505
9879
4863
8398
12746
1732
1362
10039
3456
12990
1873
9
8292
3821
2567
10680
5975
8817
719
1526
5481
4897
12817
11514
7035
5080
5099
4451
10930
8372
10311
1597
113
6819
853
7657
6684
2996
9210
7971
9147
3236
371
10171
1859
12218
5180
7930
2739
1475
7728
2817
7798
8726
9656
2051
1740
7627
703
1451
9092
4637
12370
4238
10328
3323
3032
7478
6298
8168
3732
126
9150
12850
5526
349
11271
7252
4935
7040
3126
69
2801
10369
3020
824
8796
1971
4936
11217
1188
9129
10413
6487
163
3587
5711
9437
1816
12031
1832
12546
1937
8385
10523
6330
9413
2691
8269
7464
4217
11231
6641
2025
9998
5176
1340
1806
8936
5781
6896
10243
8980
800
12358
888
8592
8204
7077
8335
10781
6585
7608
6367
3918
696
12906
4229
8150
9527
9795
10364
12487
9168
1284
6001
6999
4105
1735
7549
4152
10916
9887
5563
12343
6913
8323
6542
8926
5508
1190
4187
1268
12900
1883
11856
7086
4899
8246
8360
7719
3728
10616
3399
6499
6424
10793
11951
12800
5029
3058
2909
3004
8496
5102
1705
4295
10069
5401
1027
2336
826
5026
8594
4416
12260
7322
4568
4617
11807
2342
12935
5525
8970
9689
6744
4057
3858
8099
12115
8504
10236
8030
4002
1480
10997
8167
10913
11967
7253
7088
8869
6937
4062
3946
3221
146
11142
2919
6664
5460
10996
4504
6293
12918
8328
11734
6773
7997
3801
6895
8381
7081
9515
10357
4749
7987
3047
12894
12461
6265
8890
8685
2442
12065
4932
3054
10870
5186
528
7300
3191
3019
11879
5384
1916
5535
3095
10866
79
2851
3083
10268
9360
2884
3165
3420
9466
5154
8177
12863
12814
2242
11394
1630
6927
590
5223
12767
10708
11218
3635
493
5549
11079
5056
3222
1383
449
10332
9383
9964
6
1358
9399
10908
11836
2870
3153
7794
7227
6680
9487
21
7460
1326
3922
10270
3836
5351
334
6637
4145
1608
10218
8491
12500
12044
1639
5593
5492
1391
1804
10986
10879
495
11460
12938
11318
8831
5324
10794
3235
6865
5408
8699
9608
9043
3839
9446
10178
8117
6940
9544
11298
5417
3357
7716
5108
8659
606
3690
9668
3006
8163
168
2463
10298
1634
11552
12315
4428
7760
9568
4113
3659
10359
2809
12479
7127
9200
4081
3343
2686
3407
12903
693
3432
12673
3891
2831
10465
3294
3886
9191
8123
10595
284
3522
6954
9711
2638
80
10066
756
11883
12625
4550
12864
1432
5450
1636
10933
2868
11446
10915
3954
4417
2153
2858
4857
7013
2854
7748
9056
5931
6903
9991
1367
6709
4645
1412
622
1505
3063
6620
11144
11316
4166
2143
12392
7358
5620
4585
7583
8757
6077
1523
7511
12177
1368
774
12166
1283
11654
11575
9646
4242
6146
3944
3410
3851
1834
141
7228
5402
5520
11044
11463
10387
12540
6694
8950
1426
6721
11760
9490
10471
11237
7043
4522
3878
3752
589
10716
4049
11580
12208
6972
4826
1879
11847
1442
11121
9267
421
10971
9341
1148
10233
977
12912
3501
1565
12986
10078
7439
6482
6936
1629
6376
11335
8501
2122
6361
3196
10476
4467
2973
7935
144
10985
7620
7546
12142
2937
12502
11985
4006
247
10093
680
5901
5807
4273
5595
5816
4910
1271
10904
11078
4502
10450
12393
6494
6907
11273
982
7176
514
12300
5545
9060
4086
3638
5406
7652
1826
1195
2905
9749
2273
3140
10234
4858
4724
5257
12281
2018
1232
11170
3021
1450
8107
12794
175
1538
11556
4470
6659
8861
8867
12703
11269
12251
1568
8156
12274
7440
11302
7678
8784
5844
12276
624
4203
190
615
7795
12342
5660
2214
6587
2446
10603
997
6944
6128
2049
2457
7712
6300
6693
10517
4111
869
1504
8672
9566
12090
8529
1222
1255
3467
3656
204
12811
8266
4222
5977
3488
199
2711
9328
2123
1049
9900
4012
2690
6322
8665
639
10052
12707
4537
3381
7489
10303
5905
7475
1599
4709
1731
7379
301
10115
7807
71
414
6818
3524
10796
7705
511
8526
7844
1074
2625
2622
8312
9137
9090
5582
10977
945
3850
1604
5740
6156
6178
6545
9433
1842
5028
4948
2490
2213
904
517
7917
268
6433
1492
8990
2558
6959
5064
3805
10493
8635
790
6966
9975
5236
2032
9554
3502
1319
4508
5086
633
12713
11757
6189
9650
8469
34
10775
9628
11256
12401
12258
662
1960
5833
88
5760
6375
9965
11359
12722
1683
3087
10120
5244
5511
2450
5868
5978
5238
10898
215
6514
12374
12312
8914
10705
7543
3513
11238
393
1674
4934
6292
12587
10020
9040
8752
7041
7186
3182
11513
963
6454
9587
9174
1407
9663
4278
6942
12319
10853
6778
614
2646
8457
1696
7573
12697
2589
12318
11944
9734
2452
927
6558
6099
5255
11431
5738
9159
9253
10312
1463
2207
6474
7110
3816
3556
6319
11125
8553
9217
7898
7352
2356
2086
12662
4528
8647
9240
7339
10735
4541
8686
4420
5725
2623
6519
5112
19
9726
11423
293
3201
3527
12618
11379
3243
10159
3754
708
830
12499
2824
12272
3267
5281
2029
1575
7157
10264
8127
5359
9182
9363
4621
4468
12083
737
2077
1191
6702
8191
5772
3957
6340
2563
1055
1529
7155
10960
11650
12597
10238
8893
9151
2543
3256
5451
12029
1736
6557
562
5532
12845
9947
1352
6583
5768
7242
254
524
9001
133
12439
2296
4693
7469
1799
8124
9121
5982
7346
125
4925
7851
4298
3286
9089
2345
10784
4444
9037
7881
7996
9637
214
7138
5338
8368
11613
10006
2780
6243
9539
3053
9922
2411
12289
5373
9588
1212
11225
11462
11769
11572
8321
4864
9831
11683
11869
3824
8480
4931
3469
8955
6717
7926
3338
366
7188
8498
6572
8131
3847
10169
6044
4967
871
6439
9365
8049
208
2529
11784
8932
8064
5742
9344
11773
12732
1953
4435
8667
8144
12631
6196
5268
5799
4300
12103
7757
1511
278
3040
6560
7891
7726
11132
12997
3976
8544
11160
9035
12411
5598
4037
9639
5106
9083
8981
6240
8377
8513
2945
10822
10051
1751
4618
7239
4327
6341
742
1066
10849
4824
1854
1339
6342
2653
11931
4987
5188
5622
10023
7147
7139
11720
12729
9030
5842
12998
1672
4870
3326
8735
1468
11319
9543
3314
12515
8846
4481
9731
6339
11673
6285
6537
2569
5690
2257
8414
10240
9387
9826
5753
1621
612
7537
11744
5680
5158
3037
825
9420
8020
7739
8419
4778
1715
7564
6328
5067
2169
2165
11427
10522
11982
70
9292
2994
9183
10106
6576
12298
12727
12163
6876
9672
8753
10242
4716
6737
10363
3387
10503
6851
12609
2459
5597
5349
1164
8155
12039
8500
8424
10459
2822
7082
8598
12798
6261
5025
9817
2807
7223
4090
4979
11789
3970
8698
2570
4022
10969
7781
5391
2588
9195
285
10993
1342
2662
3923
4100
1344
6315
12836
6705
1403
2873
10713
2291
523
906
9164
11911
6765
10702
1169
1417
12862
7034
8683
7055
7588
1981
782
11988
8744
4486
12350
2906
7874
6628
3484
11205
8550
9984
10954
2523
12019
465
11915
1754
1880
8169
1977
291
697
2839
3551
2929
7413
151
10964
7262
7341
11615
8891
11056
11469
10991
5259
682
8102
12288
9743
11147
5023
850
6278
6613
12170
6616
1825
6909
7614
8399
6779
5764
521
4173
9898
5196
8090
11146
8829
7556
9477
6295
8684
9534
12257
4204
9745
4968
10416
12822
10239
4545
262
9570
973
10037
12222
9875
10135
727
3555
4510
8367
11755
10273
8941
4054
9557
5380
7721
9156
9113
2852
6064
2958
4032
2259
6188
5149
7140
5431
4106
6113
4366
6434
9993
7241
6440
1501
2676
328
8843
1752
3734
12022
7260
5075
4769
11917
2830
12955
1461
10211
12981
7992
8651
7737
83
5941
1528
10021
11153
9660
7983
4199
9700
11223
10937
10429
418
11108
5943
12931
5986
1986
9561
5146
7534
11935
12192
12466
1939
8499
987
12554
12635
2684
4707
4475
9840
1392
2251
12306
221
9412
27
5467
11211
2514
12081
534
9833
7952
10809
2501
5637
2559
2952
3630
3055
9962
2751
12427
11555
9479
9307
12268
7783
11687
1667
3099
7174
8438
2127
109
1989
9790
11941
6019
2781
7135
5964
6887
8074
1998
11025
6615
4966
8806
9236
9813
5453
9610
198
4849
8716
2597
7432
10757
5805
4336
3780
10224
5567
12529
10302
3197
4482
5219
4939
11599
6067
11560
1719
716
4077
7596
4631
12889
3078
7338
6860
10407
1251
2048
1026
6992
9847
2150
1313
6688
9478
2549
3210
806
8320
5396
3274
4703
6141
8133
2179
6206
2361
12724
2881
7465
12145
9185
399
11459
8343
7845
2607
12179
2182
12698
10570
11485
5998
1276
498
4393
3819
9332
5542
2226
6839
3782
10771
7988
6047
7462
12813
2203
3016
2643
2566
12656
5222
415
3115
11380
10333
4228
2440
10877
12149
710
12907
9272
12359
12506
7182
12381
6084
17
4153
12807
5495
8607
11978
1759
130
4913
10988
7637
5248
11800
9871
4767
10833
6153
11301
7385
6759
9251
3134
1192
3914
2991
1497
11440
1143
476
1030
11166
3330
12267
5523
7879
3720
1768
7815
11983
10865
6893
3398
6302
5969
2542
8022
8930
6260
6159
4646
3611
6858
321
6630
4827
4571
8689
5332
12139
4818
1969
236
432
11699
2552
6495
8175
4570
65
1633
2180
4808
9919
1224
1111
5145
586
11622
1552
6640
2965
11625
3198
2436
6678
785
6584
11154
11705
9625
12292
6581
10951
9359
10472
9508
11532
7946
11009
1067
12763
11297
3057
11037
5440
10134
3180
3764
5502
1991
10561
1161
9556
2483
6242
4118
2414
9095
6174
7934
577
7756
1638
7005
6223
503
2832
9709
8600
12895
12023
1116
8774
10531
12647
5073
7993
3722
7396
2043
12700
10080
10734
5207
1846
4178
4548
30
306
10252
8960
8841
12212
12334
9434
4167
8875
8845
3654
5042
8743
2503
7525
4557
6806
2486
8207
1929
1550
1837
4992
9921
9088
8564
5173
8237
11207
2695
3853
9301
6022
7473
1327
3474
3592
5200
12275
5603
2171
2631
5458
11309
3678
4588
4088
2842
518
8159
892
10767
5006
3104
2696
8464
8439
9252
9044
11005
1819
2247
448
43
1304
1415
2275
7567
18
753
398
758
3461
7354
11913
2465
10276
5221
964
6964
2508
12606
11030
1097
8264
3895
2899
1300
8569
9710
5335
1717
8384
3232
6345
5459
6031
2118
5127
4320
12544
10566
8558
4197
2069
7689
5331
9213
7754
4944
4212
1901
1980
3757
12974
11057
2531
9388
12596
4069
6634
10235
9511
5489
5181
985
8865
7799
12555
750
10248
1919
3378
2017
8081
6024
12714
10228
5151
10104
4917
1323
2795
10711
9634
11692
844
2074
1105
1520
10652
11570
342
6590
3366
1921
10667
437
12551
6732
5658
1474
9051
5445
8128
3571
6224
10752
11603
304
507
8728
717
3770
1210
4400
6331
1178
11472
12097
579
11818
4149
5522
4174
85
4604
9661
5950
7526
10445
713
7118
6016
6126
1640
4665
5885
5585
11966
6564
4365
4344
10981
5654
7302
1628
10755
346
4010
9050
10161
153
1982
4395
877
675
4923
4488
3340
11178
539
5228
4713
7766
5858
5689
5939
3376
6460
4335
3000
3460
6186
3341
2230
2840
7972
6605
10635
8959
11244
8535
9600
12004
8996
1279
455
7387
4097
8855
9851
655
2720
7265
12949
9007
7238
6232
10389
9645
10787
11549
1830
6116
3960
11016
7667
9177
10272
10613
12797
1661
7371
1101
8751
7510
10355
9994
2513
9340
4729
8619
11342
7181
9827
187
1460
558
10953
3916
11617
6363
1713
9775
6051
5606
9804
8956
464
10509
11730
9732
5033
11489
2033
6653
3188
4685
10046
12442
10258
9814
12384
7527
9505
6672
1644
10629
3362
5589
9418
11746
8348
2263
5611
9127
3617
1813
10219
9231
6229
178
543
245
9026
8226
11340
12514
11852
5439
8675
10776
9599
3977
4249
11389
4766
2198
10217
4610
12748
1061
3121
9859
721
3573
12436
4958
10768
5372
11533
9122
6390
8951
8136
11855
9572
8739
142
7649
6003
9860
6380
12316
12464
5018
10315
2354
2742
2215
9146
7950
1924
11934
11212
6461
9674
191
4267
9204
2085
1689
9054
3666
10335
11676
1341
3443
4218
9100
3591
8389
1134
4239
1615
2141
1506
5864
8871
2474
9979
9470
1519
269
10760
7271
7744
3086
5379
6870
8079
473
12804
900
5558
9318
9792
9189
6658
49
11220
10192
8316
8987
10427
3291
5746
12207
165
11726
6154
2949
12092
12728
3861
10262
3905
3401
290
7810
5898
2964
7640
6763
2002
9439
5903
6857
6184
331
7860
3673
12601
9076
9188
5121
439
3490
2611
11420
3686
1992
7471
1534
3498
4717
10819
3328
438
10662
9495
3207
4485
10610
3537
9703
1146
11938
2935
7177
8713
1487
504
484
1926
4544
1431
9069
7023
11553
4624
1555
9503
1564
10350
314
3661
12768
8428
8039
3277
6043
10187
1875
2610
7530
11193
4612
10174
6665
3798
10180
5054
12649
2771
4494
4189
6894
4892
11828
12301
11149
220
12283
6636
1662
10834
6155
7792
926
8238
3636
433
5527
2861
9550
3421
9565
5370
12828
11257
2173
9750
6588
5552
11068
7793
3444
2556
8584
8694
2825
9810
395
903
11851
11032
10428
354
10129
4158
1769
11070
2479
10438
6840
1940
7359
7288
194
5295
10741
311
11232
6400
7532
6915
5705
11959
3450
7859
359
4301
3962
11745
7274
11820
12475
9976
3519
10073
957
10894
10899
5819
3429
3854
5216
580
11100
2271
372
2783
2859
3601
12521
8671
3435
1439
2309
225
3931
1680
2146
7733
6712
649
9406
3646
5393
6117
5993
7506
2324
11387
9769
2422
12613
4045
1932
986
6350
3640
8853
3912
9115
12241
4391
1335
7691
10344
1712
9986
5162
5798
12176
9728
3979
4009
813
9428
5046
3920
9536
12743
7400
9602
3899
9839
11252
5418
10101
461
11871
5316
11868
8012
6642
9611
2911
3329
11215
8042
8145
10627
9972
5694
2386
5748
5674
11845
1131
1275
9806
10812
1962
5286
11963
629
9579
12012
344
11711
6012
1997
3967
7069
1741
3406
8173
10580
8708
1571
7820
8125
5337
5829
578
5009
12925
7412
3112
10380
5564
2760
2216
1135
12509
6973
11844
611
3568
2035
5141
3322
1216
6000
4845
207
12946
4063
3413
1774
4313
2689
8634
11090
7353
3015
2245
2181
12978
11280
11704
9896
2154
6425
6922
239
3536
1613
788
4532
388
10861
12927
2227
6160
2010
9911
8502
9951
7091
3130
3119
9712
8311
1016
2917
3495
9131
305
4035
10845
11675
10266
584
8260
7767
12121
1008
8205
4215
555
11653
9206
4288
6110
3199
8281
267
171
1603
636
3136
9545
11910
488
2804
8646
654
5765
2630
10963
4785
6747
11461
5954
6855
6790
585
8140
4059
6978
5030
7752
7858
1053
52
4540
375
12913
7562
10214
12875
10972
12711
3276
2664
9884
9907
5815
12543
10221
6114
2682
7200
3185
7417
10371
10196
7049
11945
5339
2377
3788
2298
8690
3249
11046
6092
12878
6518
7557
1122
8624
2636
3031
1583
2385
9751
11428
1513
135
2785
9780
12566
9727
9469
11861
11568
6398
8289
6639
2956
3068
8462
4606
1042
11482
10800
5014
5629
11307
10835
9407
10608
7067
730
11159
11328
8461
7563
2005
8139
3422
12185
7052
8490
10085
3741
9233
2912
3693
2805
10205
12451
6758
5517
1794
564
8847
2398
11908
3176
2701
9835
5813
1974
8963
4487
11824
10683
7424
4083
5904
3171
10202
9936
777
9081
4003
3044
8036
3934
4819
4116
846
8453
6122
1010
1065
1182
10674
11691
3204
12378
6733
7531
5836
9963
12933
974
8548
11765
3632
3425
3194
12356
11830
11418
11721
3310
11759
1457
6352
5641
8823
5697
8186
7826
9259
9558
8514
3137
11435
9901
7707
12780
6256
8215
2656
12307
1176
12600
6143
9777
12040
2022
7463
60
11026
12156
9172
5811
4805
10434
2082
8810
12273
4608
4822
9068
8838
8534
600
5663
93
5916
12486
12180
876
11558
3924
4993
4840
12856
2678
10843
3955
7108
7814
11293
10424
10644
12999
7066
5534
11283
10439
179
5900
5307
9652
1201
6520
4578
6121
10047
12604
12006
4224
7008
12982
12865
7746
12585
3332
8599
12599
6924
8836
12238
1856
8782
6464
8011
11840
6550
8493
12105
4409
2229
5847
4760
412
7761
10876
9199
4329
4694
12984
6547
1246
4157
9039
3882
10118
7190
2294
12008
10872
3681
4443
6035
12833
41
336
10454
5157
1464
2561
11136
8216
1694
9218
9537
7966
6382
561
213
8110
5735
538
11488
11619
8037
4011
2584
12432
9352
635
5602
3662
3103
3024
5193
7749
2668
3926
11003
553
899
7503
3349
7281
6428
5119
4903
2119
3316
9009
12279
10546
11407
1631
5822
1535
10109
4180
1095
3618
11833
1419
9682
453
9058
9607
9644
8300
10310
2865
532
7326
12513
11596
4427
8277
3989
11248
1949
5783
1120
12640
2907
1079
2357
8242
6852
3548
2663
8721
12533
5573
12773
7487
9173
10399
5696
4268
3896
6657
12136
2518
4411
11792
3370
4245
2353
10062
9959
2454
7368
8643
6211
1322
7863
11344
8723
7390
11896
6097
7524
7361
779
360
2784
5225
1481
8989
6622
10927
11651
7113
12470
8948
9128
1641
6343
6883
3649
11960
12782
12002
2492
3602
10049
8307
9754
5376
9881
5861
12348
10515
3293
10281
3244
4388
8724
431
6668
10015
5019
3951
3226
4551
10048
4836
11957
10532
376
10451
8265
10396
3959
11314
834
548
12003
156
1869
2970
9114
2028
5041
3735
8889
2325
11805
10481
8008
3373
3969
7380
4725
5959
9324
5274
10017
2512
11571
5727
10584
10339
7516
474
4727
3034
6364
1791
5003
11618
9077
7220
9932
8015
7142
11308
12887
3852
2444
2797
12034
11644
5258
12937
6538
12556
3577
5187
8967
11278
5432
6057
8824
7415
1296
4188
8105
6463
10164
11202
6071
9317
6598
8291
5178
641
6326
4247
11310
1269
9671
12061
385
11999
11403
407
287
1117
11682
10103
9722
6714
8095
4067
1151
10158
5441
5673
12558
8420
6875
235
1559
9886
12123
1100
2308
10054
5419
1211
4165
10336
1045
4650
11526
12624
6669
11365
10123
12916
5355
6891
2827
5065
11325
6273
7209
2208
12560
5294
2323
5973
10945
9225
11454
10918
10869
2488
2849
9870
6399
4909
7606
4700
3312
1573
3822
7674
8521
10002
1563
10127
340
9097
11404
12450
2856
10209
3246
4619
8961
1546
12471
8570
12819
10325
2826
9815
6905
8401
3702
2319
7690
6372
1979
12291
5821
11424
9421
2204
9995
11087
11064
2073
4372
10011
219
2738
2838
664
6480
3712
7305
3395
7268
4679
5107
2902
1453
1707
3301
12473
11260
8213
11887
12871
3457
7811
7528
12788
1893
9451
3903
10636
490
9342
8247
4821
9347
10403
11948
9139
7308
7615
7245
7279
3723
3252
3476
6365
460
11356
4644
2076
707
5367
3265
4383
10848
1021
6393
2221
6880
4802
2741
8433
6070
6810
7603
10957
681
5859
11180
5283
12138
7128
1999
5706
10970
7103
10095
3627
4353
4579
7751
10370
12568
12642
5780
5677
2381
9239
9264
8775
7924
6604
12018
4357
9720
12527
5365
12220
468
12516
8471
7797
7954
5743
4392
9424
4940
3109
6046
6142
7904
8301
12784
5280
5515
1623
4730
999
9112
3320
6313
4586
6004
8306
7057
10036
11122
10362
7299
8954
4561
8479
7273
5946
10154
4770
1414
3382
9874
5132
9912
10489
3583
12299
2882
2358
7173
11694
9045
12406
9280
2863
7616
5625
12148
2160
7673
459
7004
9651
6134
10874
3772
759
11128
11903
922
3717
7604
3676
11033
3744
3043
7523
650
1578
2924
2423
1824
6147
8437
3657
630
2619
7334
7560
5824
10342
3993
1020
6710
73
68
9612
7313
6649
12000
12051
7033
5938
5926
4466
12592
10112
10961
5319
10060
10098
8196
10463
8565
6720
5218
10878
1048
57
8695
11736
10692
6687
8294
9353
1333
10216
8851
8085
4442
8148
11946
7942
8916
7886
5561
13007
8662
1763
2779
8366
5390
8827
7065
205
3503
3365
6283
975
6451
3704
9629
10647
1152
7154
4175
10411
4735
5282
12815
5703
3631
1158
4394
5850
8999
3595
5762
10200
10609
11816
1586
1
6167
4429
5395
6824
2581
2467
1129
5863
1297
9852
5136
10717
4538
10585
58
7377
2249
5117
4099
5399
919
2829
12079
6247
11235
10013
5777
6204
123
513
12293
11181
5090
12572
9669
10657
10090
12460
9863
112
9373
12571
3402
11808
8562
12443
632
4243
6902
12901
11898
9737
11458
10552
10999
7629
9948
4582
1722
594
623
4168
5484
7566
91
6962
2222
4533
11922
10863
4363
6437
10700
8315
9980
879
9996
4847
12591
6980
10024
3438
11148
1381
3455
7367
5767
12416
7591
5882
2562
3994
8661
7856
12210
4135
1370
3740
9844
11388
12011
3225
10903
3730
1935
8319
11270
10441
12917
2088
1316
3860
5628
13008
6722
6378
816
12985
12233
1123
5096
10983
75
8296
796
4091
11815
10556
6686
2497
10117
4535
4196
10391
7623
4370
4798
661
10590
5168
5021
9584
3687
7529
8596
11145
12078
6404
7051
1477
11667
3589
6198
4080
2130
10097
4801
7360
3705
485
8835
3868
8958
2886
10220
11343
10153
338
1202
3579
400
1938
7370
369
7504
10042
9357
8976
11535
12644
10976
12611
1379
10193
9408
11636
11173
5144
66
1278
7114
4763
11567
3430
5192
8162
8621
12562
6580
6438
1293
9723
10579
159
4880
2136
3820
7433
10337
4558
1602
3988
6329
10486
1691
281
11370
6912
1892
10190
10146
3111
1709
5776
10044
6010
7025
2007
5854
6170
12369
12465
2110
7833
6013
3731
8856
11929
8541
6187
4655
1496
8445
9535
3535
3983
8919
95
3872
447
9467
7493
4565
1495
2586
10470
7653
1994
10743
3468
1606
3626
10247
5679
1972
6225
1687
6268
5105
1995
96
1944
12254
5556
9011
2047
3088
3173
12941
3779
3639
1454
8779
4437
1721
451
10560
335
1649
7070
10685
8492
6369
2539
4408
5555
8452
9500
12032
4367
11627
12313
9739
10012
12909
2697
10731
2605
11783
2456
6715
4696
9155
8760
1833
12438
6396
348
3943
318
1350
3539
3206
11559
11768
1983
10055
1913
11093
2495
4082
9041
4868
3441
11812
10064
10583
6056
482
9770
8660
4753
4023
7698
9510
1288
8749
10790
10025
1345
9082
3941
1444
11584
12217
8506
3557
4492
10147
12189
7258
7743
1044
10110
5330
3209
1472
10125
5739
12779
2885
5837
12112
1325
9548
8066
4458
2370
7456
1782
8968
9950
1427
7068
4891
4697
545
4795
1483
8877
3713
7579
4811
12472
12429
6356
10028
3423
2246
243
1371
7050
1073
10675
2037
4461
6872
9386
8525
9419
4020
12132
6723
8481
9205
5962
6868
5066
1400
2665
4990
9161
5350
7498
9349
12108
4943
249
1678
5260
8903
2939
8083
2046
9084
10030
5160
10516
4360
10034
9691
3151
11020
1760
389
7736
12676
12664
1491
11814
9520
4667
11201
454
2740
3311
6728
7635
9286
12033
10353
11500
6137
6358
3889
7580
2351
6079
50
9180
1373
5133
6207
5298
8161
3582
9640
40
3966
5709
5004
4893
8287
3644
5182
7644
12760
9733
3482
4790
505
7472
12564
10968
7039
2363
5801
10261
11799
11997
8566
3857
8188
3699
6085
9849
5089
12961
8297
11506
6498
5533
8509
7882
3416
1922
7918
1702
988
9392
5621
12094
5409
11338
7718
4112
2629
12952
7998
5469
7405
12296
5691
5685
5377
4883
3999
3480
2744
8179
1831
7980
660
7910
3965
2373
10844
3128
6530
258
9181
8025
1561
2599
6827
6140
10133
3359
5034
4634
10139
11021
10296
5505
10682
10687
3033
3913
3800
6462
2152
8160
6928
6479
6814
3397
1488
566
2285
3331
10868
11447
10286
6610
2124
12716
5243
4872
1018
12314
12665
2647
6607
1449
1695
1467
12042
10352
3073
2998
11670
6052
8828
7318
5514
952
9277
3743
9016
3586
684
11065
2765
6030
7725
4817
3806
1787
10992
10444
3827
10909
5183
8811
2814
106
7714
419
625
3992
2193
7968
5657
8868
11822
522
12559
10966
5206
8164
2194
2372
1270
6603
7307
8876
230
11578
7312
11187
526
9590
1000
11886
8986
3131
5994
222
891
4150
11669
12249
811
11952
5032
10839
4431
12620
3917
9953
10204
1320
5266
3493
6002
5729
4810
3306
5920
9449
2578
10518
12725
182
8945
11286
3590
12070
9519
3546
3285
762
3178
5869
12052
11719
8392
12252
350
2526
637
11324
4423
6549
12190
7481
1305
9244
3753
2692
8704
9987
218
6459
10533
595
2159
4046
2699
7611
11794
12891
4530
12776
4132
11357
6783
501
4698
4296
11327
4343
10827
7578
10285
7517
12926
16
4007
2745
8730
5301
10114
3950
2843
8322
12187
2904
9809
700
6168
1889
4287
5070
6355
4462
6303
7630
11023
4314
5546
11519
6719
2097
6254
1006
1605
10612
3442
6736
10138
870
9126
322
4846
8814
6533
4
10630
297
11013
10772
3223
10765
12507
12458
7816
9104
4633
8616
11991
5763
5059
6305
6957
8308
6403
11990
240
3897
9221
10321
12476
5109
6475
7646
5766
12248
5161
767
5499
8741
1522
11228
12226
10497
10628
12531
9598
11367
3888
8219
3561
12074
3071
10074
2234
6821
2078
6317
10758
2496
4307
1353
56
450
7497
2579
8532
1127
12882
6983
2938
6874
12026
4660
1984
9448
224
6986
8840
11195
10862
4368
12131
3179
9938
7325
11055
10893
2615
12921
6789
5480
6115
12140
5063
6708
7090
11014
12153
2131
4666
6217
10274
9157
2330
10622
326
820
10520
10929
12872
867
10888
8024
4156
5115
12774
2635
6877
2914
7801
6648
4254
155
3907
3250
12669
6730
930
5668
6175
6171
10597
1711
5736
868
1646
1968
4843
8476
4596
9192
2378
3360
12988
12932
4500
12593
2943
9793
4089
5888
10545
3218
211
11566
2155
7883
1839
5164
9498
3948
3783
3674
9736
8722
11377
2511
1078
10388
1917
11771
6591
11569
6776
352
11050
2733
5750
7092
4305
3248
4711
4638
583
1730
8108
4337
11466
6755
8720
10083
11233
6797
6145
6394
11061
10540
5123
6272
10958
8007
12144
653
202
7625
9187
4341
6109
7363
6212
5945
1525
4302
1745
863
1242
5699
81
5342
11192
12704
7803
11366
9072
9725
10851
3653
3904
4861
8346
3240
896
5069
7449
7732
5715
2334
3417
1384
4358
12235
7990
11491
769
1670
4720
10902
8415
3405
9772
4589
6853
4523
9339
3339
7870
7191
9371
10761
3691
11674
7758
6507
3105
7457
3603
8485
7165
5447
11772
8582
12598
1647
10732
7098
9825
8198
2632
4800
2327
1579
11645
6848
401
8467
8530
6215
817
11831
3229
4058
1788
5966
2983
12651
1570
3447
9791
4125
3018
10911
325
11901
7880
3231
4004
5413
4887
3076
3984
6536
883
3672
12064
11843
746
9914
11337
7813
7936
10737
3511
12488
11330
5328
1366
4378
6416
8488
3804
5619
6898
2895
5247
10880
5531
4684
10936
4374
12371
9207
8029
1965
11483
7311
7837
7450
12282
8645
11754
12383
4270
10341
1800
12173
11156
10837
8821
1657
9025
1479
11141
6609
5
5612
2910
8606
2835
4269
11550
3335
7321
8182
4241
3296
9493
2737
2934
2918
1637
8197
345
1521
5185
7356
11837
11787
9758
9762
795
5518
575
7569
2328
5758
12720
2008
11885
6644
5818
2658
2565
4473
1302
4971
6216
7786
3987
6593
11479
2845
843
10615
6231
1470
11249
12904
7476
2001
8710
3692
7683
8100
3375
10455
6193
1154
4312
12409
4626
2793
11349
10949
12677
12648
1423
3675
6863
7619
11996
2426
725
5079
7899
6535
3560
103
5378
7592
12733
12164
1274
9552
9930
11574
1950
3578
3529
8382
10779
5155
1902
6039
272
147
596
6624
5643
11563
3996
5098
12199
8410
5972
8762
9916
5570
7166
3157
7884
483
8478
7922
223
10405
6075
7256
9254
8194
6611
5949
3998
11429
1174
2489
499
8362
6337
515
6227
9351
12879
8896
8317
4072
10474
8353
11785
10824
5237
5575
10128
582
12440
3418
475
9295
8803
4244
2796
9905
1514
3113
2466
11643
4900
8134
5058
3305
3486
8137
9718
12182
9800
6866
1675
12563
2892
8016
3890
12013
1512
6289
1390
4161
2537
9227
1184
10906
11663
6843
3504
5710
890
8913
6697
6829
12489
11127
2445
12186
7282
114
9779
4385
10484
12702
8632
7977
12633
4406
2103
12246
5632
7790
9289
3253
627
937
836
4765
12874
5473
9740
8842
8057
2484
994
2931
10606
5125
7809
3168
9560
4962
4672
5782
11364
5751
5276
5961
9460
6262
1282
4816
3554
6209
2866
11984
1611
11126
9499
3186
4290
1957
10510
4281
924
5599
6946
7914
1258
8997
8863
10528
10086
4649
10433
1435
5135
3446
2776
9961
1420
4517
4957
9303
12914
3622
2764
6432
6749
743
4036
9405
4289
11932
11802
12091
7324
10417
9620
3792
4066
5562
3812
5724
5948
1810
807
9841
3531
10019
4359
740
1876
8404
5867
8363
6422
5568
10786
332
651
1685
4000
8933
8972
1582
9766
10521
9940
7970
5649
1351
5540
918
1312
6088
10905
10162
7636
1966
4976
261
12194
3094
10586
12265
9057
12080
967
2583
7964
678
6190
10143
10722
2509
8027
5462
2626
4536
8554
9678
3463
8892
4625
250
6415
5536
10404
3807
5429
5651
351
11360
12582
10165
1975
1204
12860
6195
6544
2820
11263
7263
2290
916
5866
12135
7762
1240
13009
8426
9845
11867
819
6419
10415
9869
7441
9824
10107
4951
4285
9270
9133
12295
10480
7403
6496
4620
4566
10507
10144
11620
8284
12972
3598
6280
7957
2140
3544
2959
1286
10111
12627
1249
2081
12922
608
4142
4708
5554
5311
8228
7306
7520
2421
5374
11809
2012
7167
5860
701
12923
12693
10124
10447
7514
4980
5497
995
6831
7938
1865
12548
7116
9014
6157
8409
9337
1162
2331
12259
8523
7565
7696
1259
3148
12816
3200
5128
7861
5770
760
8747
1737
6325
2541
2359
6757
923
7900
9230
3515
8494
4194
6889
9325
8527
3163
7172
6020
12395
7686
7624
6478
5071
9518
9358
1610
164
10496
1397
5000
775
12756
5617
386
10466
2447
670
7340
11623
9442
10571
24
9091
772
2438
12481
3317
9064
11679
4995
11872
9768
8005
5126
3060
915
4988
4426
6767
6503
7100
8111
6306
6053
6828
8250
4929
7594
10807
1988
9029
6106
11839
5297
10725
6817
2533
2836
10529
8746
3213
9350
8656
6218
7740
7428
5104
12574
9485
728
1310
8447
2116
10241
9676
10830
5043
2460
8302
1292
1364
259
404
9977
11059
849
8709
1228
11725
3593
8417
2621
12945
10426
11732
5354
3091
9455
12886
7551
6228
5955
4938
7101
12657
3385
4919
4272
4567
90
5044
42
10197
12802
1543
1918
409
3146
12996
12337
9278
8193
10943
4534
10850
8338
5111
8394
150
8408
7597
11137
4630
111
11430
7150
2502
11164
7921
9856
8886
5897
9735
7817
12037
11272
1823
2521
203
10412
12477
9524
10688
6489
1336
9937
12867
8396
5412
11098
11081
4017
1738
9354
59
12363
11266
9315
6906
4397
7202
3634
2477
6304
7393
1781
3258
9020
5671
4250
2792
4280
852
11383
7451
4777
4169
5036
5814
169
10864
2149
12766
6405
7364
12060
12849
3203
4328
4563
11612
9436
6182
7327
174
3558
8254
5565
5345
12036
9004
1850
5665
11203
4276
7259
11900
3645
12764
11976
9327
6021
9591
4425
2268
9941
1145
5017
6018
874
5610
7178
8451
234
5648
5435
7159
1581
244
7071
2176
4639
11240
8818
9336
9234
6008
2947
6408
3424
6252
10989
9209
5529
355
5092
3767
6834
9274
12198
2067
7029
7453
506
6316
3190
4170
3952
10626
12590
1967
9380
786
7030
9719
8755
11398
6844
4848
3518
5995
3774
3394
5020
4905
4662
11049
5382
4266
2995
4706
10792
11382
4668
12621
11092
2759
4591
1252
100
9982
2036
9820
6914
3533
11371
7470
11022
4332
11576
9361
9283
4159
6050
954
7684
9197
9390
563
7574
12205
5865
11826
5600
327
10176
11715
11858
10477
11105
8772
880
6975
4653
7602
6144
6724
3028
6458
1214
599
10826
9465
7293
3064
98
9080
11882
3270
12637
5444
4512
3526
3612
10003
5404
10040
10769
11895
7862
6991
11060
5749
556
428
3321
9842
9679
6886
11631
1163
11827
10032
8900
7214
5839
11811
12325
9773
10978
11143
11140
11534
12628
2927
13000
3145
1798
12778
10924
8512
804
3189
3164
1864
12730
2598
2498
396
3874
11058
9889
4782
12971
6005
6483
277
28
7047
271
2798
8013
5572
1183
1273
1424
4635
6338
10979
5923
7547
11347
3815
8026
6930
11123
10443
8063
3075
8618
11113
5140
9864
8825
7607
902
1406
6837
11892
8329
6929
11537
9880
3124
12084
4262
6472
11355
420
8848
1547
8047
3938
5845
2145
11776
10485
11004
4349
2527
1887
7784
7264
12765
10604
7694
1404
8434
8489
8768
9245
4029
1015
8736
11581
2349
4605
6111
11422
11517
12261
5336
2879
4562
12075
1197
6327
137
962
8295
2177
5446
2687
11412
6526
4587
5701
2803
8629
11473
5976
89
6918
1632
11476
793
12297
181
6815
4607
84
10852
4236
12216
10602
11074
295
12890
5605
5430
9491
9654
3698
4519
6921
362
7839
9603
10543
2967
8209
7087
5886
1664
12968
10907
9414
10249
7720
1280
2175
3453
12827
645
2768
6794
4828
11860
797
6379
8706
7115
8688
9429
865
9443
2778
990
11230
7347
4051
5650
11241
1587
9243
7170
8982
1541
6089
1894
12286
3641
8448
4333
6949
4133
6362
11906
9427
3542
917
6258
11813
6354
3102
7084
7609
8793
3797
6933
4686
2094
3647
2677
3354
6505
3885
4643
9071
998
912
11254
1106
5965
9374
8248
3056
381
861
832
1882
5122
10527
812
11866
9111
4682
11766
7309
5754
2683
4177
11306
3367
11333
12561
5681
12256
3017
1600
8070
7633
3275
1215
10287
1945
10160
9193
7906
3152
11436
7153
5700
7687
12557
6969
9312
935
9532
7160
3352
3581
11841
1035
4364
11368
7618
8206
1159
201
7002
4143
1221
12270
2749
3990
6191
8211
4210
5728
5179
10435
2754
9463
10113
12636
9179
910
5411
10511
10883
3694
9803
2050
2224
12357
10304
4120
8833
5952
10619
8046
7151
5031
5627
2637
8106
2011
848
5634
11758
4413
3746
7078
5616
6446
10299
10152
8096
11700
3609
4599
7796
9087
1245
394
2730
6034
1665
12457
3110
11979
3883
10535
11390
276
2812
6655
4974
11341
3768
4945
8653
1462
10265
279
6504
5879
5455
1651
2810
2162
9134
1425
10100
12278
3670
4898
3497
2058
12689
8769
1458
5334
5841
11
10726
9908
9384
8935
2789
3795
1064
8905
7830
5340
7713
8678
9918
458
1330
4854
3479
7836
5005
5074
1961
8552
1200
1790
4021
4108
8174
7631
3867
9551
5594
12345
6871
3303
6956
5659
11777
5596
5759
1625
12087
7681
8578
8925
5506
5974
5530
4839
4918
2735
9166
8850
9391
10709
7734
1976
8345
10587
4871
12777
3384
4584
3664
541
6264
5278
10000
3471
3069
11749
4469
3084
4574
7277
3096
2038
8885
4806
29
5368
2972
1783
4590
7571
3750
12462
1996
10766
12939
6270
115
2079
8482
1866
6786
4441
5645
3434
4326
933
4414
4454
5787
1375
4348
3597
4390
1017
10855
7474
3212
3528
6098
8644
7378
7095
3884
7285
4764
1821
8031
8200
12668
9638
10395
1775
9284
4797
1466
10290
1189
4622
229
1596
530
