8642
12368
4680
6805
487
4922
10670
5614
8909
11878
1205
9644
8794
11276
3062
12364
544
7133
7287
1056
10057
8440
11846
9161
12260
7865
564
12595
4603
5512
12416
10959
11604
6404
7459
8044
1134
10211
8421
2921
588
12349
3724
7457
4325
1664
5001
1551
516
1247
1627
11421
6853
7336
11374
5587
6108
1238
4264
4918
8059
7045
574
1160
2159
12394
6273
9886
12944
11759
2790
1648
1748
2363
5773
11111
4402
1750
8273
8568
9667
9565
7872
1164
2536
2613
8861
5424
3054
12863
11751
2433
8734
7107
2738
6508
9481
3049
4713
2185
11410
11867
1864
11145
3254
12947
6698
11630
1126
2190
298
4399
5242
11390
5381
3402
11399
12734
9394
11453
5966
11601
1180
6911
11002
6461
1154
10151
3047
4746
6753
11564
12483
11129
6101
7586
2997
5720
12523
2563
2072
7867
5804
10941
3177
10424
1817
2859
9527
9358
1756
598
2101
9633
7164
1085
3678
5479
83
8918
7859
9544
7686
6149
10481
9984
11471
9387
4617
5240
10430
1328
9111
4334
10189
5483
11702
8855
5861
9597
10064
7211
370
463
3578
8841
7573
5027
11637
1418
7548
12542
8162
11916
11265
10454
11497
862
6675
1388
8698
7871
10838
3013
10664
10379
2399
10247
10635
12146
1884
1168
550
10808
4771
2846
12204
4703
858
1390
5553
2457
6708
4731
2994
10458
10396
1334
11076
12462
10996
1828
2252
1185
7271
1057
5834
7779
12611
7342
6179
2761
11780
4393
13
10386
621
9143
1881
5786
4132
10701
11221
6804
4256
1907
884
7519
11028
4799
3378
10799
11108
12738
7019
1863
6791
742
5607
5776
5016
7008
2184
358
1149
12450
1421
1898
5873
5299
9831
1687
7587
2658
9689
10596
7549
3269
7409
12837
9453
663
3862
4308
6818
11072
7183
9271
5814
2089
4381
2398
673
3408
10468
8411
5708
12994
2412
11116
10124
10985
8915
9298
10260
10266
8884
4228
12866
12528
1904
2254
2104
1872
6501
7216
10948
5422
10751
9456
12945
8416
4884
11052
6887
11477
1810
7117
7906
160
12515
10946
5802
5925
8975
4702
4817
9854
7580
10980
4715
5874
211
8704
0
9584
11555
4125
2195
1885
9702
3765
9638
10836
5752
12962
10965
1370
10718
9837
11842
12701
11687
6134
10726
4590
12995
2516
10938
6830
12973
10367
9348
11179
8923
8171
11162
11854
12167
2197
4682
12341
3202
4543
3947
232
10901
356
6702
7372
1591
10083
7317
6350
4105
2508
1804
12632
7855
8826
9989
8019
7721
9430
6798
5372
2074
9142
3606
7495
3082
10960
6666
9602
5972
11701
5820
9089
12025
4425
2472
5845
5775
7306
8138
6746
7858
1305
7439
10813
272
10947
10814
983
10878
10382
9136
3771
12953
12736
8672
10822
8797
4837
6009
824
4916
8853
7210
8726
1426
1973
8136
8101
9828
7480
9578
1469
9287
1417
7377
8106
10577
11638
12370
7953
7845
2924
11546
2425
11766
10071
6915
1271
10950
520
7982
7195
10042
6715
4032
8228
12659
6984
8935
9599
297
10095
12197
1844
4744
938
7438
5644
9095
10570
4355
7793
8815
6862
11643
2018
4754
5590
9197
985
1852
12628
5311
10361
12485
1647
1672
7330
8497
8121
2807
8537
613
9754
10557
4722
6441
9176
4141
6044
12896
11763
12982
12241
6518
9355
1045
6455
9588
11239
6975
12781
5904
6922
5219
11659
4375
7249
8174
4984
9572
9273
3108
5353
3204
1198
2422
9802
4791
7574
11134
2889
3419
10922
5085
7655
11011
1063
10471
1044
6869
1109
362
9877
6080
8368
9349
7849
9282
12797
5711
9661
8216
3849
6407
1769
10129
508
12544
6833
3704
4751
3822
11926
7434
12070
12192
5174
6033
9397
3513
8893
5765
10549
3067
12909
11616
6809
11655
592
1335
10661
11706
5291
11187
2743
7743
1617
3865
3535
10733
7679
11654
11796
8825
9404
7784
11511
1257
1699
4432
2907
7274
5837
9371
10015
10401
3655
6137
3951
10072
12516
12123
12183
11623
10248
6415
12065
5167
5900
10683
6148
274
5840
11022
7873
10005
6496
8945
7578
11368
11026
7760
3451
1693
10442
4689
5747
5890
734
7776
7810
6674
5362
12230
2394
4841
8270
6305
9115
6929
3041
6236
7613
4380
11112
130
10629
4734
12397
7030
4269
12149
2741
10291
686
10754
9354
7408
10645
8176
2069
11781
2584
684
10921
6771
468
9694
12877
10330
6303
1855
8242
6185
5357
10121
2204
4706
12212
7892
68
2186
12304
8105
2986
6301
505
1794
12131
6570
12302
1623
6769
6861
2896
7581
9315
2181
12961
3144
2471
7844
12254
2520
6326
703
3964
11877
4657
3142
11106
6483
380
6070
8259
8102
4770
11415
5358
6966
1615
10627
5230
2711
5443
10168
4411
9905
7897
4095
11942
11633
1310
12681
9085
9183
9589
12742
1768
11193
11954
2192
8819
1887
7561
5732
9272
4136
4596
10621
1543
2872
9163
10394
461
10896
2241
11958
9526
8998
3868
5379
1564
241
1834
4717
1791
6969
11777
9058
8614
12410
3895
11355
6877
8644
3715
2076
2134
1273
10724
11156
8669
12082
4732
8677
2176
1267
5270
4398
7047
9313
9432
3196
1862
11645
3762
1614
9678
11095
8194
8832
7853
2590
1401
8961
7820
4008
1761
5920
7854
5597
3345
2691
7024
877
9725
8527
250
2971
3975
5163
2837
6649
4098
6725
2427
7406
2467
2238
10555
4501
11264
1299
7560
1688
4597
10862
2055
6790
9079
12634
12737
6425
376
11928
6782
474
7585
12702
5410
7494
6028
12643
12061
11173
1245
7889
11185
1813
7
1177
6345
5096
3860
3955
2239
6700
10698
8211
7284
6156
8302
9623
616
178
2369
10882
4156
11653
7036
5373
12089
12014
2301
9839
1568
8902
492
12256
12373
8031
8511
5907
7546
10855
7742
5656
8753
11289
11952
10109
320
7800
9330
6048
4353
163
3651
4020
10127
214
1550
2466
6424
10776
5093
10308
1673
4676
12899
5318
883
3505
12854
6293
5279
11975
12460
6467
1074
5365
6633
864
12242
194
4307
9568
3115
3864
4395
2138
9361
5123
4362
9228
9337
10004
11293
4654
4311
745
4655
193
7015
4932
12992
4514
10688
9044
9664
4370
2580
4575
1684
11243
2462
4333
6490
9891
3083
7132
4583
5868
12849
9289
4476
7245
2895
11729
9715
11909
1279
6974
2976
2930
4178
4580
6934
2016
10351
2210
9560
8576
3452
9092
45
1725
7328
825
5748
6864
3248
7078
3869
2818
12578
10199
3026
3785
10201
9629
3538
51
7491
4954
11865
10760
827
2964
6109
2168
8423
7263
1170
5065
7755
3353
2188
12038
4035
5680
12162
8262
6265
3131
3922
8145
10548
10734
11927
11160
7231
3491
11226
10881
7338
2400
6349
11142
7423
9359
5265
1476
5466
3521
9006
6078
6786
10372
131
1093
6802
6206
9459
11131
12181
9104
12470
6951
6168
978
8499
5244
11272
9695
6309
8811
1860
9242
5446
10456
2449
3387
4897
10526
2841
11402
12003
2681
3364
4525
5034
5214
5375
6470
2365
434
397
12405
1721
630
3181
10579
11510
8770
2090
4906
7282
1233
548
369
5652
556
4759
39
9037
1184
11992
4099
11697
2120
8301
7143
12566
60
10767
10600
3683
12360
5103
4526
4459
4195
506
3574
5504
2086
10126
5238
8257
6089
9918
275
6792
11529
10541
7898
8948
1118
9618
3956
5197
7966
12111
6811
4813
12106
10730
5042
1053
12903
12148
375
3928
5292
831
1163
2673
1843
12582
10843
4536
2053
7739
12683
3085
11694
7874
1212
7401
753
4049
6247
9718
5435
3492
3781
11678
4277
10423
12168
12392
10139
2854
5709
8456
8549
1851
4738
10054
3241
4366
5475
3191
5243
3952
3833
6308
8379
8513
4345
6367
3380
7127
1210
2556
6336
4338
10100
7374
12098
2707
9045
12693
7673
6466
11068
11656
9563
6972
1451
1171
10513
12697
7942
7782
2135
7255
8444
3738
8913
6278
1014
11135
12739
12447
8914
2043
11082
1176
12284
4892
10932
7467
4747
868
5579
1050
9574
9577
4239
11955
8847
11917
6555
7123
3370
9292
6306
11692
10460
11061
4202
10873
12261
180
4427
4704
11619
849
4455
6716
6874
11036
3201
7479
3195
3390
4022
6140
2730
1031
11671
4191
7598
1080
997
9327
185
7998
1495
11947
5542
6219
6372
10246
4492
7251
2589
3436
9910
6718
906
8828
10743
10761
2206
5366
9041
4653
7617
2481
3193
3126
10387
1656
12448
3121
3677
11715
8010
9626
3187
9815
2679
10435
6371
5444
583
5955
3628
5833
4042
12687
5999
441
5035
5521
3045
189
6487
3052
8184
10294
4887
1901
8475
7109
7340
9798
8781
5719
3743
5367
4441
6382
11455
6352
6035
11255
12910
12770
9739
10515
3687
4812
7131
587
7075
1192
11066
9610
9485
10501
1422
10619
3234
9454
8987
8529
3786
9719
6734
9803
11695
6104
9795
1241
8163
2749
2035
8630
8522
9759
10725
5116
2106
7433
1043
7702
7866
5075
7460
10276
433
9908
9416
11019
7527
8201
12412
3915
10668
9057
10074
939
6325
813
4987
1153
8451
1223
3674
147
2339
11582
8328
7156
2927
8674
1653
4535
12651
2540
295
7813
1196
7108
652
12293
10171
4321
10451
9805
334
14
9884
4977
7693
8391
8321
8484
3024
5688
5761
3426
1117
11060
10087
4422
7995
2787
3399
6860
6495
26
12006
404
11479
9294
2145
5937
1807
4551
2834
12974
5811
11420
1836
2402
12589
4438
8775
7006
8414
1494
1216
6608
10897
144
11968
5618
6429
2009
5508
8326
91
6348
1450
1668
9014
12152
8253
8237
11559
8137
8170
7199
2217
12560
7035
2025
7300
8641
6166
10818
12271
1430
7361
9310
1861
3175
7086
8639
2551
9226
10954
7940
2332
10149
11957
5745
8100
12323
8889
281
3659
2279
4218
7414
8652
3356
8394
9800
9297
11148
691
10695
7169
990
12188
4226
110
2113
3961
12689
6859
7174
8622
7663
6240
6193
6460
7993
6082
2903
9507
8450
444
1839
6619
7522
4003
11509
1811
5713
292
4772
5055
6873
10918
6406
9924
5063
7061
4005
611
2439
8022
8713
11558
6313
4471
11996
7777
12361
2308
10791
1877
10845
7971
757
8710
9772
5478
12298
11483
7094
4484
10326
46
12076
3424
1818
12314
11188
12381
8448
3396
287
10063
2059
12630
9738
4632
11914
593
7577
4571
809
6161
5315
10362
12577
7238
6014
8780
7386
3329
12350
6688
11700
5208
6176
2857
11189
3792
7429
3894
12605
294
12495
1015
2021
685
4150
4943
11561
10591
12918
12728
1788
3349
12161
1782
2931
4584
424
6519
9524
2037
345
7329
3351
10840
9586
2486
6294
10487
5490
469
2437
7196
11212
9237
9084
11835
7324
2417
9231
4816
4818
7485
10884
6347
2705
6252
6542
8251
10494
8461
1499
2698
5309
5124
1679
9331
4043
4351
5941
2282
141
1588
6788
22
12263
11474
9123
7749
527
8839
2510
1084
2296
3810
7321
7798
5140
1105
1307
718
8488
3872
11414
4
7674
12821
10076
9316
11248
8585
9091
1040
12916
1106
5964
910
12243
1704
10226
7857
639
2621
10328
1285
2405
5880
6970
12585
12980
9367
4389
7950
4102
2746
2842
6685
472
6255
10453
3925
1553
11260
3887
365
6233
2374
3454
12007
7770
11224
2302
6823
4683
7745
4667
10524
10289
12210
10773
9346
11631
6383
10257
11352
2193
2759
9603
2277
10784
11738
9175
10479
10046
1739
5493
5267
4792
4297
12417
9408
7856
10200
3747
9820
9651
10138
8408
7630
11515
10872
9548
3212
2194
8806
5838
5841
11804
7067
2459
4942
11507
1771
4933
5844
4418
11562
5316
122
8924
5750
3199
4198
7382
8314
9596
4519
12928
11690
10336
2017
11997
12813
12572
1837
4910
2416
9747
4679
10777
9850
2436
2333
6448
9598
2397
5965
7959
11580
11672
4197
11618
322
7653
337
5543
4224
11291
1226
5438
2354
4279
8628
5014
7878
8829
9721
4118
1893
3510
1078
7723
5812
4234
7606
6955
6427
9433
8944
278
1332
9252
3427
519
10752
7172
1201
3465
5317
5865
165
9564
8791
2694
10614
9833
7771
153
2532
12535
7243
6896
8129
4594
3737
4489
4367
4776
1577
8460
2357
6780
2675
2851
11102
10859
11871
8392
7594
3037
2024
7975
2012
2093
5144
1089
181
3924
3549
8759
10585
6450
5008
3648
12895
4557
1062
3309
1453
5784
8805
1932
4450
3995
10258
497
11905
9888
399
6052
901
6880
8976
2370
6816
6059
4705
974
3145
1779
12782
10819
6391
11024
3807
12772
3920
7774
3732
11244
11943
6022
6203
12846
4078
347
11322
1446
7505
7860
9393
5185
5328
1493
3343
9814
5539
7924
6
9029
3192
518
1399
135
1698
10317
1309
9166
4235
656
1841
2648
10218
11186
9639
2431
12594
349
3902
1007
4821
11765
2720
1331
4217
8167
12083
4060
1136
8907
9108
10649
12926
5497
10256
9829
5668
6416
2669
3972
7699
9167
5588
4157
10193
12848
6095
4736
11064
12264
5502
7536
11971
2032
332
1859
2085
532
2873
7553
11411
6102
4994
875
12530
9801
3320
8623
11568
8078
5641
1187
5513
8874
344
7181
1659
6781
7276
2343
2364
9741
3261
1692
12979
6075
10432
11246
12623
12850
9401
10651
1161
11432
1442
7367
4133
1382
6169
12732
9997
3090
11339
11269
9949
8221
4315
11838
12975
5409
9842
10334
7570
4861
9013
1341
5881
11330
6262
1218
10520
9749
7614
8340
9680
2579
11712
9838
8757
10870
12377
3908
10301
7136
4050
7582
12027
8921
5113
4764
9081
7735
11836
372
9090
1760
7501
8903
8845
5254
6789
1301
4588
7126
12653
8193
5700
4537
6995
2097
1823
12510
952
9696
8399
348
11367
3149
1090
7093
7612
5147
8636
12355
8620
9760
5945
12294
560
6739
4554
3362
9878
1343
1414
9710
12141
1232
2499
7057
6318
1489
260
6704
9703
4958
7797
12870
8126
12282
1631
3302
10407
6875
7691
2639
5699
12666
4659
8821
9931
12919
3557
5905
1604
2506
2211
1540
12991
947
11023
11890
4087
10305
4767
2504
2831
5787
5282
1552
3718
24
10476
5205
1407
7961
7939
8900
10961
10300
9474
9219
859
9860
2847
6997
2005
7260
1993
2668
8550
2823
1199
10322
10601
4981
2334
2517
1312
9666
11371
2004
3412
9751
9631
6935
3575
808
7369
6076
2083
502
4368
12684
12514
11569
11756
12938
10868
195
3909
2806
11563
5395
7349
8120
12913
6867
7999
12107
3209
3065
8830
9682
10637
3076
1800
9066
11749
6224
10488
12021
528
9506
1358
8692
2379
9475
2019
7065
1385
5753
836
12231
6087
5936
11790
456
12907
5528
9737
218
9288
8503
9336
7421
9508
2167
819
5453
374
5939
6231
12993
655
9483
3385
9825
9375
5669
12452
7949
6723
5092
3823
3474
5053
9291
3912
8479
313
3012
7555
280
11458
12108
9887
1424
2470
208
8043
38
7778
4244
8653
4369
5983
11412
8347
5209
10545
9787
7903
6296
7488
10869
4474
1619
3734
1209
7363
8336
3516
4725
929
10153
6764
8790
5115
5882
87
5951
4839
11174
3205
4806
5989
5760
1024
6322
12468
7936
11525
4286
4843
5783
5544
3603
5494
5241
1825
8255
7512
8799
8571
3727
8554
11271
12888
49
11752
12845
6314
6386
3664
3335
7063
11591
8367
9001
6743
7151
9722
7341
9038
10865
6058
11435
2503
9932
3170
6572
7388
895
8661
2214
4639
7038
2729
2898
3265
10
10335
4972
3774
7242
4053
3992
7619
9956
9243
5962
7483
6988
7060
3219
8263
6977
7397
4288
8009
12008
12789
9490
1840
11235
11413
6111
9132
6831
2839
11983
414
11534
1621
5043
6732
8860
1204
2102
10554
2461
4388
5427
12932
4491
10472
11533
7344
7703
7385
1529
6745
10748
4480
7717
10478
8333
1913
3442
4862
10448
9566
1727
10609
7229
1477
8743
5977
12224
5666
10662
6907
1685
10284
4874
4974
12976
4463
7554
10592
9640
1799
6475
2676
2366
7010
507
11015
7469
847
9417
11710
8183
921
10893
10484
3096
6892
3619
11526
2326
12213
1300
3974
7976
5451
12317
3749
10339
2748
4587
11934
3953
8528
8880
5576
1145
10952
5876
12374
5049
12391
8844
7862
2622
1735
10593
6241
1114
5196
5029
1922
10112
2348
10942
11589
10598
10360
4524
4103
6421
1536
8890
9926
11913
567
9492
7725
3746
1773
5164
1927
4406
3918
4219
6546
10736
5100
10934
4695
989
3933
615
2023
1169
5792
12022
11081
4733
8431
6064
11805
8540
1816
10402
6950
6594
5233
4479
5849
5864
7277
8064
7540
7669
970
9840
9816
10016
1373
953
11531
157
1732
6266
3017
7120
1919
3475
4320
159
150
8004
5332
8235
7100
3745
11932
11354
8659
1094
5791
11586
12262
1829
8561
1545
3179
2353
4755
4130
12100
6159
6291
7822
5337
2660
11931
11447
6609
8804
2985
10780
10069
12755
1252
12569
1889
856
4119
12235
6520
5625
2992
12096
5913
12548
9070
6481
9712
7430
10452
4505
6113
8800
11211
2809
1892
6976
2096
1375
9894
3967
8377
3284
11038
10556
6229
5080
5883
3299
6756
6812
9464
6705
2635
12828
3324
4168
7390
11159
9687
10281
5914
2938
6462
5037
7952
2530
6779
5796
7037
1767
5296
5801
1638
4531
9378
8875
5928
9625
7106
6244
1856
12551
12718
11485
11069
8178
12441
6565
4220
9641
5048
3722
8109
4877
11748
603
2068
11583
2756
7955
2721
11536
9364
12586
2284
964
11004
6472
5658
4664
1822
4201
10687
2529
264
6944
11104
3778
6201
5097
3293
12934
936
6381
8635
12601
4851
2125
1605
11773
7532
3532
3560
828
12822
1894
9897
631
118
2760
11921
6957
2853
2450
3927
7362
12555
6275
5835
10989
6449
800
2081
1360
11680
5290
6184
10410
5566
2207
11298
3409
8779
8793
3598
6271
3518
1219
11443
2271
5628
6465
3656
4896
1283
12780
9373
12847
9265
4758
5469
8266
6650
7396
2233
2514
976
1812
9679
3110
3257
10455
1239
8180
7833
9669
4520
7198
9438
1838
10214
1416
9093
8398
11426
5120
4485
8225
9534
8491
4959
4898
3271
11772
7638
5554
11327
8750
12786
3405
5665
11044
11105
12655
4982
12574
4999
5136
3748
5019
6298
11427
8172
1396
8992
759
12694
5484
6622
5534
4396
9938
8290
12825
669
4434
12682
16
11813
12591
4324
5491
6132
10048
4275
7877
3825
2388
904
11147
5788
8232
6098
4850
10854
992
12133
10434
3819
3432
8736
1259
11025
3457
8187
8891
11470
4642
79
3935
9392
4142
1265
7904
11887
2795
3563
10606
7179
2816
898
1515
10713
2108
7801
11628
4895
12097
7711
13008
3166
1059
11606
565
9350
7150
448
4227
11986
115
9948
1474
10323
6474
11416
10221
8862
5686
7071
2585
5685
9414
11308
203
1019
4317
2299
9755
6468
4160
6980
6434
2403
4047
11519
4622
6454
12406
7023
820
9476
8559
7213
10346
8760
3423
2257
7270
11384
9370
3141
11814
3111
5176
5585
8649
5278
5010
11001
8054
12154
11107
9514
2418
8175
5499
3870
116
11031
729
10530
12172
653
7118
7370
12464
578
11736
5933
2620
2949
4611
3169
11051
12019
7022
3455
4775
1821
5076
3307
6607
3812
7927
5304
10889
10742
8233
9065
9728
11666
8852
5040
3033
6453
11279
2227
7592
10133
276
12385
4940
10399
6714
12915
4496
1572
8910
7039
4651
8186
5733
5919
8613
1193
12820
7175
2056
2336
7823
1137
9720
706
2767
4620
9398
4332
1392
5415
10559
7165
8112
7697
4926
8931
11753
12311
3525
3700
9428
1224
7868
5871
1682
7461
12871
9763
464
2836
9946
1710
10253
2205
2915
1438
3768
109
2476
7487
4468
2884
1108
3876
12541
3393
12012
6245
48
2667
11284
9326
8993
6629
9268
9785
2511
4304
9230
6707
1955
6595
10522
4048
11357
5799
12365
643
5721
2554
9835
9713
4387
10823
3579
5102
12138
7590
747
8212
9774
4921
1152
5586
1613
9729
9892
254
2712
6164
12110
10475
2771
2443
3114
5660
7200
9322
10188
4069
5463
6912
256
10696
9917
3795
11238
2376
9153
11728
6989
4312
11662
9709
8281
1503
9247
3168
3506
6947
5423
4924
3806
1522
6664
7531
11649
11629
10208
7983
1467
7894
10853
2156
5630
9050
6921
4963
11097
6354
4903
9011
4875
11798
1858
9235
6906
6217
10857
4995
797
8114
1378
12676
6644
1720
8219
1793
7861
3381
2115
8018
11075
1642
8876
9727
9944
11475
8664
7565
5431
12536
12299
881
7091
4920
9356
5077
11652
11071
2747
3407
4606
2769
9323
7056
7539
3070
12384
3355
11532
1130
6287
5789
10196
7688
3989
6324
2966
4096
4401
6762
619
1744
1707
8565
1144
10357
9389
9624
8658
302
2496
640
1842
12344
3544
9875
12618
2387
1728
6850
8617
10017
10067
4669
1092
10225
4859
11253
1594
1462
6741
3034
6909
1924
2766
7145
7319
5114
11268
10499
5619
5987
1708
7986
10957
1719
7521
9960
11203
11855
5266
9853
2465
3621
7018
2833
10566
9208
6133
12731
1733
11956
1329
1544
7642
9220
5525
221
6103
774
5706
9988
833
6210
8850
2581
3394
6982
11792
5131
4745
12250
5779
2232
3942
6091
3923
2157
35
5997
7201
1625
7178
9391
5976
5832
11267
12081
10080
1365
1873
10019
2939
5400
5203
12324
12792
9400
3008
1119
8996
6338
12395
4447
666
2765
1410
10238
2153
1883
4430
12920
4187
7640
11621
10691
1580
12214
6485
7737
7583
12914
6221
7883
6414
9003
10681
9023
7576
3971
6043
5657
1120
3103
3914
7647
5536
8351
11045
11370
12290
5971
7320
12726
11182
2880
5084
8286
10848
9529
11864
8426
10320
5117
1131
5361
9465
4419
6497
12031
4609
4081
11139
1701
2307
10590
12382
3615
1589
8218
11324
10774
10385
4460
2969
7192
1533
9064
3403
7741
1826
455
768
4221
7963
458
3215
6286
940
4306
8506
1695
4976
8665
11976
7513
3607
3960
9275
5736
2404
4374
10036
7371
7116
4073
3300
2070
1419
2137
445
4593
6037
7212
717
7052
5898
853
4634
8492
4159
4983
8150
12564
4820
9338
5159
6713
6403
6153
4180
3476
11539
11132
10532
4883
11387
12861
6689
6509
4908
3404
2331
11305
145
9945
11524
7690
10697
2060
4433
7152
3903
958
6084
12764
513
10677
12839
7804
12941
2902
2826
10794
12328
4243
1110
7413
10807
1896
5934
1592
11743
10623
1490
3226
2131
12418
11048
2103
7751
2246
8867
7957
8474
6031
4259
5227
638
9063
8098
584
1483
7915
1524
9009
10023
435
2534
10967
6177
1949
6363
6987
9756
5095
1886
3826
2419
9499
5359
3081
2051
10714
188
12959
2793
4907
11323
10120
8240
11551
826
12680
11084
9683
2908
8312
11940
9512
3776
7508
4483
1
4282
3227
1005
8936
2688
263
2914
6556
11642
6978
1747
807
8963
7044
3120
7996
7595
227
3547
12207
5687
7529
1272
8505
8574
7869
8040
9583
10037
3939
2356
11130
8595
12492
2900
11055
11220
9779
238
5231
2974
7563
8518
6783
5087
9959
8155
10166
1624
9202
2599
890
8858
3930
4384
9762
7209
11746
6392
6827
9847
8370
7283
2892
8060
10209
2739
6502
4260
4467
559
882
12629
6701
7154
5906
11350
9557
5584
11577
2080
4298
4636
11386
9866
4148
7054
4964
1730
2492
12218
12658
11032
3906
7499
4723
10416
8217
12095
5440
12785
12729
6942
10810
1556
7176
8621
1457
2946
11407
1405
2222
7206
2576
12768
11285
12567
9060
8122
7020
4174
9981
3965
7604
7928
3963
7141
11309
8754
11741
12469
12132
5473
2588
5737
10318
605
869
23
1428
4757
7148
3463
3244
995
6913
11863
2191
1854
7046
12122
9797
607
10905
5813
671
5094
8127
9047
10030
7425
2260
8619
9852
7422
4842
12058
10463
9520
8307
4071
5418
6813
2594
3211
43
6068
2973
3699
1806
2553
9995
4853
7794
9198
10827
8946
6727
8577
8413
6768
2740
982
8339
2948
9654
2734
3273
9604
2663
10576
11699
10605
7838
10206
9477
465
11000
1561
1020
12274
9224
11876
8768
8230
11062
1746
1964
776
8686
1470
112
7333
10313
5654
9791
1519
5217
5246
11385
4938
10519
12691
6868
12983
7137
11115
3866
12142
6471
52
6971
7891
8905
3852
340
11774
5998
5122
2565
1569
10179
385
2875
9174
8546
4203
2820
2066
11989
9873
7207
11620
10894
186
3001
6010
12905
7281
11602
941
12695
3985
12581
11718
431
4000
9642
270
12823
3828
4128
708
8420
10267
293
7450
6003
11610
216
6545
8803
3148
4618
9777
2324
8021
8785
10280
10119
5915
6597
12208
327
10658
4824
9952
11505
7128
3494
8788
3391
3673
8387
9601
9823
6726
3053
2493
8472
7621
5738
5239
10732
8833
6280
8557
1361
1783
2291
3163
12704
3100
2281
11094
4004
8016
7463
6522
1555
301
470
7415
146
2704
1322
9893
2655
12433
8926
712
8223
12258
10647
12216
1288
9138
4544
8195
3761
11361
3410
2692
9301
9790
7978
11439
2909
7530
12413
10816
6073
4016
7110
9077
10641
4214
5696
10991
7302
11898
4781
9933
5281
5651
11907
4066
7079
7746
7432
8823
12279
3519
12504
5023
12886
11400
1908
3155
9191
1994
11364
12001
8668
4955
9086
3891
9351
7678
3311
4057
1610
10828
12714
7990
1585
5757
10263
1876
12937
991
8048
5275
11585
12408
140
13002
11762
174
2502
8934
8512
9650
8093
4960
4507
5351
285
12773
5548
9923
7695
5749
3783
6018
10821
11966
12289
2750
723
6902
10172
10679
10757
7478
4779
7124
7689
1655
4797
589
8338
2764
5770
9530
713
6680
5416
9929
2541
471
6938
12356
366
2547
2152
11346
705
5182
1820
3802
237
10962
9280
3400
3232
11977
8737
1715
8152
12881
2075
10925
496
9334
9531
6949
8095
1749
8476
689
4327
7747
4650
9896
9199
6124
8531
9684
524
9927
1123
7981
4894
12219
6256
11208
7296
846
10540
12011
12807
117
11154
12540
7656
2571
7607
10864
2965
3824
3416
8722
10343
4798
646
80
10274
5510
10583
7278
3991
5795
2623
523
1400
12466
5695
555
12436
10443
5143
10235
1935
8882
1765
8533
10194
11163
12428
5221
5347
3140
9455
12439
2359
12015
10115
7985
6799
2539
5462
6927
1172
1683
11057
3616
730
11788
10997
63
2044
12402
8310
12985
6581
3462
8979
5378
3389
5862
12064
9489
9094
6923
8789
12305
4917
6493
12740
11822
7084
9941
3600
8866
8732
851
8014
9958
12109
2829
3759
8744
7523
11803
651
9469
618
5892
2863
8980
2983
7842
8046
152
478
9913
9930
7034
6631
5613
8196
785
4206
5810
5638
220
12
9778
5550
2943
10995
6158
7322
10140
8960
4838
923
9116
10304
6143
1548
258
11895
12735
1397
11472
9971
8422
3815
12565
6173
1263
2956
8135
11726
7327
3478
10624
1066
6319
3982
10014
1986
10553
4871
4661
8929
5993
1460
9796
5854
1501
10910
3260
3213
10173
6284
8017
3197
4390
12525
10302
1906
12648
7907
1293
6692
1181
11454
1696
8627
1492
7944
9539
3238
1879
7352
11089
6480
10667
3203
5028
4074
10405
4405
137
12371
11750
4158
8130
1415
192
5573
5015
6999
12030
11237
899
5067
2250
7205
11369
2087
1786
11165
4625
92
1025
721
5561
9969
10644
3333
10951
10268
5069
9386
12741
1542
5459
7648
32
6721
12745
11199
971
12996
8434
12312
2498
8697
4164
12940
10920
5878
4490
12119
595
12546
12649
11034
6253
1517
11552
12465
6514
3599
7533
13011
4344
12116
6754
8751
7559
5384
12493
2936
3728
8638
1183
3592
2672
7041
11043
9991
6388
1018
11614
4512
3773
8311
12660
2295
536
12375
4852
1784
3112
4728
7315
279
5642
7310
2967
11993
9966
11502
7473
9874
4899
5171
4741
2378
5529
3983
9203
914
1995
12319
945
1348
12318
1179
55
6239
371
5739
10474
9636
4668
2003
7765
7337
8483
12978
10702
4539
10485
4615
9554
8725
12273
1345
8000
6304
3346
3855
9547
11383
3625
8970
4675
8820
12446
12948
7272
8895
5263
2844
12987
2029
2817
12237
10034
11005
2811
8349
3623
7417
429
8552
2362
1504
8553
8496
4979
6486
1017
754
12524
3997
5601
7752
3548
11233
6418
4989
4193
335
5562
11109
4209
98
11717
625
12424
1028
7610
4663
8075
3554
2100
9072
12432
8896
8265
184
11594
5482
5615
4803
2166
3185
3482
4694
5461
11332
9405
9206
3693
3035
432
8504
10310
2670
3484
12203
9126
5198
4039
7197
546
3907
5325
425
5674
6220
1369
9381
12911
3228
6389
4726
201
10930
2283
1780
3769
9033
3373
5626
12330
8694
515
12455
4145
6077
5648
10164
1429
8616
10215
9300
7658
674
1124
8624
8369
5495
7705
2941
7055
9332
4825
10982
8601
1808
5609
12500
9119
4760
1237
438
692
6015
12158
2953
2918
911
4815
3466
3739
6985
10586
3347
1570
9549
4840
12686
1939
12791
9431
3151
8236
11936
5577
12727
7230
7879
2487
1268
5426
1167
11035
924
11704
1809
3756
749
12935
9059
5829
5908
5081
700
10483
12608
4631
7267
11318
3016
8964
10467
5538
5661
4458
12454
6602
11501
10219
12950
5730
10706
9458
6851
2351
3670
386
12434
1100
486
1777
9347
2674
949
1215
9662
8409
5856
6992
1981
4831
5389
9054
7187
1253
2996
6065
10764
8755
3178
11209
8989
4870
3536
752
8165
11553
11902
5889
7662
12951
5215
11231
11852
6551
5859
8103
2984
11301
9962
7938
5690
5057
10943
12326
5312
6395
12826
6183
10395
10571
6030
11074
5047
11441
2441
10144
11858
3635
6899
7326
7448
10793
11880
9561
9550
6564
6397
726
8445
1464
3751
8714
4857
7819
6422
4149
3764
8606
10797
12924
10066
6492
7895
4192
9434
3278
5726
10620
1743
3310
7715
960
1039
6399
10184
1678
1530
11286
10860
3480
994
2494
8132
2033
6712
64
10107
9491
12669
4281
11342
3658
4585
10655
7314
12270
2140
5388
330
198
11818
8575
5743
8224
4833
5141
4241
3006
12042
6196
1923
6094
363
207
10753
8675
9830
4177
12332
5346
9083
1929
4860
6204
124
477
8501
7080
1712
479
6632
2367
2482
8337
4200
11406
6317
6131
11698
11624
1004
10329
7597
10551
710
3210
9158
6612
11840
7077
5207
11527
12827
11885
5772
6613
10275
2426
4065
82
7252
4250
4836
10999
1758
7043
8943
1027
12853
10393
1052
7305
3069
3853
8140
7134
3252
4300
5599
11964
634
12028
12893
5157
7634
9882
8477
10983
2469
7828
9139
2212
7418
2664
6024
1681
4830
2792
2390
4089
770
1355
4888
3189
4568
12602
8149
1443
7437
9179
1456
701
3753
2411
3959
12612
11634
5973
6062
12685
6251
10327
5932
7510
7217
3911
2610
12637
8567
7266
789
10252
10671
4598
3489
8873
7543
4153
7538
1741
2177
6888
6738
11613
6234
6380
3838
1734
5740
9137
12160
1315
1244
909
2715
10544
499
10447
1327
11266
4600
4440
794
10420
1502
3167
8267
1772
5236
12851
3565
12769
3840
7096
485
245
1026
5681
2772
9954
197
575
5501
3443
8166
2583
4613
6214
2891
2699
6378
2258
4905
3242
10613
1389
3713
12590
3558
635
1512
727
4276
12179
4848
10800
2751
11029
2230
4424
2848
12963
1775
4452
3977
1303
637
7493
3882
525
10123
2714
5718
11889
10875
5383
9630
657
10940
1437
4154
3846
2887
10287
1070
3775
10292
8433
10062
2702
11358
3831
3322
1571
5594
2218
59
1461
4716
2292
622
7082
6436
3153
1795
6554
5797
12233
10974
12933
7918
744
3689
6573
9311
3487
6353
9992
3842
5911
6506
12336
12503
9067
5476
1480
5935
6360
11216
2867
6825
10612
7489
5808
5413
9912
9757
2278
8202
3590
12751
7048
8119
11767
7295
4691
10110
2762
7162
12550
1801
10588
5166
2163
1383
7462
296
7458
2409
1116
9466
11063
2414
10450
12968
8117
3221
558
11541
3731
4305
4740
12713
1022
4739
1058
885
6088
7558
1016
9600
11708
1909
5918
9156
1636
6736
12223
9546
3630
1420
3854
2446
5437
9376
5237
12351
6451
11839
8055
1934
5280
161
6327
2442
4529
11117
4093
12009
6763
9299
9906
840
9699
7402
6344
1297
4604
10503
12810
12457
1107
6469
4944
10672
737
4789
6538
11487
10626
4045
2614
4085
10978
5408
2910
5128
1363
562
9339
3701
10958
2220
2269
11240
5806
9157
12435
2182
4730
2352
7346
9994
5162
4026
4762
10966
2098
12211
11155
2490
12977
114
7155
11275
7147
7486
8053
148
2600
5195
3375
5830
7911
5815
4318
3342
11799
12631
10856
12561
2791
9771
1009
3496
11668
5551
5393
7058
3450
872
11349
3562
4510
4064
4506
2703
2736
8410
11703
10755
134
5488
8761
10028
7102
6611
8396
2933
5183
7224
7687
11401
10413
5371
1448
6205
5213
2683
8154
7286
4237
10665
4213
13001
3937
10480
12505
10891
11251
11995
3691
6998
7081
5778
9343
9730
8681
9740
10908
4186
8028
8922
2607
3591
4577
6815
9303
10975
12401
2330
3502
6547
7303
6598
7365
617
3910
368
12652
7142
11550
2421
8514
5186
12997
7652
9517
12890
7158
3074
1139
3929
5526
5582
3415
8955
9269
12362
3945
11785
9976
125
12705
7680
8885
6575
6396
1071
10032
2267
9435
4743
6063
2478
3845
9192
2484
10429
8097
12068
205
5145
2905
1275
2922
8731
3595
7232
2959
11287
9445
12834
9858
11227
413
7184
9384
12281
8598
662
5570
9898
11949
3445
11099
1996
2991
5148
4782
780
7968
4309
12147
4314
2641
3255
1260
4619
2548
5119
9403
9708
8843
8838
522
4379
1936
4108
7334
6856
4204
2408
7943
9714
8590
3672
8247
9149
8264
7064
12071
9274
1870
4790
7395
5253
3800
11826
6588
9383
3986
7004
1067
9576
5050
9200
261
4681
5507
3056
6359
7053
5111
12661
5061
4488
5839
11521
7222
7441
2773
12965
2763
5261
2542
9743
11508
11261
491
5313
9987
5852
3486
4991
3010
9227
6189
175
11192
9688
318
7726
3879
3275
8359
12596
9097
8605
5024
1408
10663
7980
3791
6890
3198
5556
10790
11343
10770
2312
4538
1554
10397
5930
3183
3306
6681
2901
3690
501
1745
5827
4980
11861
521
11054
8999
6682
168
740
7111
11030
12431
12725
8608
1374
9943
6527
9324
9461
10903
12662
7049
11866
8161
9876
9390
2310
7503
9307
3948
2612
12463
517
12066
11450
503
6679
3617
5574
9653
8542
6339
2615
8058
2327
12609
2014
8572
2937
11146
10312
10128
10427
1954
2835
2202
7358
5089
6600
9042
3282
9556
10306
2454
8030
12174
12240
8376
10272
11554
4962
10877
3043
8157
1736
10216
9980
9792
11912
8596
7507
2110
1148
3291
360
2088
8548
12776
9732
9698
11056
129
8181
6735
6331
5417
304
12900
2871
6055
1073
10972
1663
6814
306
6943
3398
3171
11325
4697
5134
979
5200
9503
10558
9776
6604
9999
2174
2794
4934
12844
9849
5960
3437
12257
7168
437
12721
7357
4735
8498
3581
4437
10527
834
7033
10103
709
2920
406
4947
10953
4254
12423
9706
2523
5938
6160
1956
3449
10811
5777
2732
11938
8334
4773
303
7239
11467
3568
73
9102
772
10709
2619
2886
31
2695
8272
3901
9937
9190
8393
10338
4417
10135
10165
6295
3094
3736
11021
9768
2774
5518
10565
3438
11013
6953
12802
9775
1827
1867
11434
9863
359
4645
1496
217
4340
4272
5223
7947
6334
7783
5308
2725
5138
10053
8352
8892
9270
9569
9500
5402
9986
5012
1069
5620
10161
2380
5107
2318
2215
12024
10254
5568
5154
2507
5156
1487
12635
8633
3368
9807
788
563
1488
5887
2389
8787
11739
4091
9402
10602
10158
2560
11310
2008
70
20
1079
3639
9498
9672
10035
2605
4720
7732
6719
10085
12234
4923
2112
12494
3816
8090
11516
2001
4167
4937
8988
5056
5610
4056
9744
10058
4210
2723
10192
2919
5698
9082
2862
11499
1831
12245
1989
1207
4127
4855
8081
6794
6213
543
1211
7616
9538
537
6671
6212
2572
4346
12860
5212
10933
8656
4278
6638
12673
12575
10195
5405
1447
11334
10704
2340
3050
6855
3106
3459
1158
8208
9733
1757
8720
231
9925
7728
9780
7516
10176
2458
12155
12390
2993
10607
10113
5086
5956
2603
11049
10560
10703
1637
11381
1781
4457
5276
7398
1596
767
4996
10319
10500
4493
5226
7097
8928
7841
1557
10552
12750
2528
6323
4581
459
4400
9035
3417
484
3164
3473
6121
12195
2026
6610
6784
10355
12369
9911
8042
9379
10170
6694
8937
10047
9784
2757
7482
9423
5774
1805
9150
10788
4724
659
4391
12159
9276
3583
2597
4914
7724
1633
1277
5474
209
5152
5653
9781
8325
11351
3086
1173
9151
12519
750
5323
12760
11918
2970
8384
11959
403
8256
8412
2273
5531
12277
244
4079
12867
2234
2261
12185
2988
5088
10311
9229
10227
12811
6268
5967
11320
7435
6154
4559
9277
4889
7556
3624
12340
577
8401
3830
6761
5822
7551
4397
12708
5224
4027
11605
6881
6667
3469
3893
9264
1256
2303
5464
12135
12627
7651
5079
2808
6876
402
5066
4442
10347
5530
6637
7609
2828
3586
11587
2463
11821
7029
12497
3858
4310
8798
8436
81
1629
6299
8933
8357
1190
10437
5420
1248
6919
1317
10879
4880
11832
7618
5202
7821
4236
9374
12449
5059
8115
6444
12843
317
7355
2071
4337
9717
3262
11823
10198
5433
1703
11137
8147
8685
7204
6357
10223
9279
2906
2360
9810
4222
2455
3472
3511
1344
8558
694
10259
7190
5505
2830
9022
442
12094
2293
6505
5286
9447
2744
11873
9032
3867
1595
5038
11124
4268
2386
9705
2578
1356
4453
5211
5546
4993
10705
3285
4503
4628
6720
284
12337
1528
9967
4348
6340
10801
12545
1513
4205
6312
5105
5807
2335
8220
10502
7913
10728
5109
2799
12048
12706
3962
12088
4700
704
6616
5189
4714
5070
223
10141
6645
1156
6599
5441
1330
7941
9700
11849
1888
299
12587
1454
3752
6463
5078
7392
10104
5910
11431
10518
3620
3702
7373
8709
7428
5004
12266
1976
9004
11321
1601
12499
2775
11256
3433
1010
6431
90
6559
9140
6499
8123
628
8248
4658
11127
5673
12522
2825
5612
2187
11603
233
1278
2251
9510
6651
9821
5153
353
8191
5943
3883
896
1230
955
2265
7419
6027
11657
5717
5326
143
10234
1535
5369
10156
5480
6693
7701
4408
2079
10001
2513
5377
5385
7672
11037
9655
2633
12129
9594
7090
12799
10187
6297
2684
10381
12663
480
12787
6835
12488
10969
3328
1384
2064
5158
1064
4986
8741
6866
2383
7537
7170
6592
1054
1208
6677
8748
6447
715
777
3968
8579
7288
1061
21
3118
11776
12206
8573
12315
697
7223
4372
381
58
10217
12733
2395
5567
2912
10408
4973
4966
6118
2483
7298
8381
7796
5533
8113
11775
127
2304
11884
10512
6170
5729
4869
2894
12471
4777
8949
1033
10498
5450
7934
5560
12190
336
8581
2290
504
683
3566
9249
11523
7666
12626
5031
2677
10008
8771
7886
9341
2647
545
9305
860
9318
10812
8069
6222
5003
212
4067
3841
6198
10631
2638
2429
4511
5884
6042
9078
7562
5523
2342
5428
3524
11340
11344
1562
10342
5617
123
56
12487
7292
9824
1047
6696
6361
8727
10152
2286
6838
9129
9731
3411
12880
11194
5944
3904
7766
10711
7909
10325
9658
4140
9634
8153
28
11464
5558
286
8388
4287
12334
5234
4083
12592
10084
787
5926
8974
8372
9471
6433
8459
3958
3240
9407
11087
748
1946
933
8604
3497
2876
4062
841
12554
6446
9114
9217
5104
6663
4194
7991
5471
4863
9889
4508
711
4326
8442
5472
6627
3406
10567
4211
2317
1723
3279
390
11484
4835
2006
11572
1391
12186
8463
10007
10669
771
12990
10493
1531
7826
1600
10521
9607
100
12029
3304
9171
4601
11328
11207
10070
6394
7099
9134
10375
12039
5589
7709
5675
7257
5442
11270
667
11893
4530
11611
4144
8655
9746
1759
11088
12873
12130
6072
3504
680
3979
12269
1778
1311
3113
2500
12517
3490
2319
12421
11274
4292
9030
10581
6843
1505
11153
9320
11456
3880
9170
3794
7112
10384
8190
11573
9697
5707
11518
9427
1431
4415
11520
2850
2007
3605
291
10029
12017
932
12767
1952
12101
2515
7470
5432
311
3348
2717
1077
8814
11461
6017
10835
2121
7066
9871
12150
12794
529
3898
4629
8679
7637
1146
12858
11170
4436
5175
6879
8291
5374
1479
8134
3622
10867
1890
6263
3236
3941
9172
11489
12707
3665
2325
5604
10745
7733
5940
11935
12898
2475
11445
8156
9342
5139
12387
162
6226
482
10038
600
11714
9965
8534
4354
9977
8868
4737
1785
9676
7818
1133
9245
12955
4104
9412
10890
5622
4152
10376
11404
10832
415
6752
7852
8331
7304
5272
1930
956
11806
93
6523
12509
7275
11217
8578
3
4965
6882
11140
1646
7811
11627
12607
1662
12459
6393
4267
12762
1452
8373
8294
9493
5683
5002
9647
8872
951
3079
658
9773
1075
9377
8159
10844
2644
12539
2341
12806
7921
126
573
1671
2716
1848
1857
8591
4451
9159
6584
8067
8952
5912
4341
11080
12043
3249
2381
10388
3483
10796
8425
5598
8849
2527
11963
12173
8296
377
10093
3556
7620
1962
9817
8404
2361
9890
10710
8878
10250
1104
11247
7159
784
8001
5457
5419
7812
10337
4443
6321
4753
2954
11423
9109
8901
314
12112
6126
549
9124
870
7675
11783
812
5958
2148
11422
3237
8611
2229
5026
6964
5872
9173
6948
5448
10858
7684
3705
2777
7484
6041
1101
5396
3188
2432
10680
12438
2945
1287
7677
5287
1403
3267
2119
8215
12724
8783
11547
4829
6328
5397
460
5794
8141
6419
3694
670
8865
6946
8277
9188
6432
3629
10568
4957
3468
12855
4112
6409
12600
12558
5616
1189
4925
5682
3559
5058
3184
10510
12657
6897
12678
3374
12812
934
6910
11868
4030
2518
5968
3988
4185
3650
12491
11522
10086
44
7850
8666
8689
9685
1270
4084
10444
7431
9015
3027
2975
1306
9532
8047
3173
4075
6620
5863
2753
12790
11896
11793
10849
3251
762
8763
7608
7236
4172
12151
2305
5697
8061
9973
6591
7720
5439
12034
10010
9885
7756
2593
512
1803
10904
5251
11481
6960
7113
1878
935
452
8632
7042
8452
11393
5514
535
10477
3066
10722
7629
4900
857
200
9516
9652
5547
7214
6477
12832
10354
3530
10599
893
728
9110
3161
7007
8350
5985
2800
4407
11418
4518
12193
4975
3636
2406
65
7698
1508
10769
2678
9121
409
7626
4992
11492
4614
10964
10775
601
900
9542
3708
3229
4763
407
8707
4247
10643
5394
2126
2479
10233
6039
3274
2344
11675
8563
1912
2048
7802
10871
8385
8854
11249
12445
2183
12301
8345
1471
12226
9049
539
10805
3517
2591
2537
2158
1686
5894
7498
11314
400
3127
5782
3165
6398
1645
10505
10091
5005
9612
3266
6849
9429
11175
6639
11830
10824
9535
9046
1630
8
11232
996
4866
10052
4015
11230
8870
6665
11755
3509
6842
3350
4712
7014
12857
1234
10902
8801
10081
411
3413
11242
5891
8323
3313
11114
9141
10309
3312
1364
1915
11761
4968
9421
4385
12557
7534
7566
805
2028
1835
4115
11673
2649
5624
3780
760
1652
3020
10190
10636
12425
758
12930
6653
8025
11696
10689
7734
837
5855
6250
6557
3716
2598
8543
8418
5018
2845
2727
10883
5702
10914
629
10589
6540
12265
11640
398
2546
5575
6500
4028
4742
9261
12921
7748
751
11258
4719
10514
3099
10815
6994
3287
8932
9443
6373
1497
6900
2165
4876
8680
693
5763
5269
8486
9
8538
12897
2728
3288
4873
3295
5339
7393
8560
5817
8070
6614
1697
11953
10116
11856
10786
8199
11851
2231
12456
838
8864
2456
6870
4472
12139
176
2856
8599
3453
6034
7967
3886
675
2407
2814
10369
11303
4010
12259
3434
10040
2883
3719
9793
11245
1738
6215
10717
9957
7790
8092
6123
12222
10251
7311
580
7240
6016
10654
11617
4038
5425
3207
7660
2415
4499
2653
1308
7550
591
9659
12353
12748
11716
382
6655
11171
8037
2626
8716
2602
3729
5867
8816
1971
7247
2065
8701
8670
4582
4931
8967
12059
5259
1264
6615
1281
3514
11556
8269
9643
609
6337
8062
7447
7901
449
3088
6279
10806
8362
9919
4761
395
8777
9424
8038
10582
8087
3051
3580
8213
8443
4449
10031
2524
7161
1000
2625
7888
10740
8203
9509
2742
12901
3679
11707
9846
11210
606
11789
11419
9920
6920
5245
10293
3224
423
8784
9413
4684
6872
3653
224
8813
12393
5636
8724
4783
823
5627
11937
1097
4670
12215
6079
149
12645
4556
12057
1484
1055
338
12220
10610
6579
6528
11985
5350
5481
8919
6507
11825
1966
5647
10244
4116
1902
8354
4252
1098
4313
10802
12062
191
8752
9130
450
11770
5710
1538
12715
11008
4647
5310
2347
10270
4912
2575
12819
3717
8360
7475
11007
1792
8173
10175
350
2934
7791
1042
352
4329
10692
4448
8363
5764
8827
8226
11405
1250
10136
12711
6996
1254
12191
913
9903
10002
1178
62
6270
12320
3425
3000
5988
5177
10349
12719
9970
6958
6894
7193
11392
5519
1992
4251
9809
12054
4063
1925
566
3520
6097
6012
4371
9947
10693
10378
11570
11252
5731
10412
128
5137
6533
12646
7380
8415
5645
1798
5206
394
5870
10652
2904
5828
5071
3222
40
9333
8535
1135
426
11754
5903
6040
10533
4867
8390
11482
11138
2710
6759
1963
11119
12998
6710
6007
8295
9368
37
1724
866
4561
11881
6772
835
6828
568
8289
10445
6002
4696
7829
3063
7391
7738
379
5545
2116
5825
3567
5320
743
10622
12073
10224
5268
11096
2345
1713
12476
5923
6606
10721
9103
10988
5692
1796
11086
9018
1359
2981
5781
3889
6717
12817
12902
5580
4969
7643
229
10356
10787
2268
10099
2485
11047
11816
9724
12426
4322
4686
1498
357
6990
3259
12709
11365
6457
4902
2323
3143
12346
6258
12699
6128
8837
908
3609
3134
8521
6390
1221
7644
2240
10562
8647
3046
9177
650
8650
7788
3009
8756
8954
1650
9478
2882
6548
3057
7635
4445
4242
4640
1868
12052
2236
12482
10648
2149
8254
10279
11335
10682
965
2755
7977
1599
6749
4299
11681
9221
4927
9742
4886
2911
10886
2709
7138
2680
3588
213
11091
9073
3217
2980
4163
12117
12576
6567
3564
396
1225
488
5434
4284
10373
10976
4253
9939
11650
9686
7931
6071
283
10207
5793
230
6590
9934
12970
10125
462
3331
11647
8458
5646
3577
988
6858
8356
4139
9883
2289
4845
9711
2329
2531
1658
3225
8615
9836
12187
2640
876
4656
10633
5535
10715
1423
5229
2255
401
4502
10220
1023
5485
4589
4652
12656
8355
9541
12091
1611
582
158
5603
11329
6541
5986
7125
1917
12999
9450
12960
4161
12358
5338
11543
9867
3498
4323
9675
1527
12859
2438
2718
586
8871
5853
9396
12671
5917
1165
4106
6593
2052
11296
6482
1819
11632
2410
4301
9039
1425
7262
6846
920
2558
5468
12127
10024
5909
6228
6819
11046
6374
7092
10993
8143
4392
7840
12403
7490
10919
10180
4648
8293
4359
3150
3174
6150
731
10895
2435
8711
4207
6516
8676
9055
12840
5382
6729
5289
1865
5329
1368
7514
8192
8490
11262
2564
8545
11098
5303
3641
10880
3681
8796
11006
925
12016
5161
7068
3534
10735
4208
493
3158
6807
9036
4100
3576
1012
4316
1337
3539
10377
8395
8374
7451
957
1910
1832
12876
9608
9113
6413
1674
10768
12309
6939
7969
12047
10892
11567
7916
5897
8118
7456
918
9511
2321
2706
4911
7692
9865
8957
4509
6537
6580
9868
11396
9207
9486
2082
4124
892
2474
4794
5118
4470
1037
8904
242
2838
132
9281
12906
4885
1709
361
10817
8626
5846
12816
10278
3613
8969
6703
8342
5091
3808
917
1705
12060
5179
5819
4285
2788
4274
8906
9071
8298
10446
4778
1691
4913
7444
3990
2225
10457
12885
4303
10392
8077
12477
3040
6006
9979
346
2538
6773
4409
9502
907
10348
6320
2049
11999
12079
6197
5848
4553
3571
6478
5957
5608
6691
3766
633
2813
11202
5090
10640
12552
11040
4271
473
7356
9990
9822
10440
2881
1340
798
725
7762
4070
873
9622
1737
373
1325
4621
3018
8688
5000
11548
12225
12467
9410
11126
3892
7095
1065
6038
2264
5826
765
7827
9961
11498
9758
202
3905
5633
1676
11463
3055
29
7076
9425
9304
5126
3710
10060
3608
1295
9372
4356
475
9122
11191
9352
2180
7351
9845
12667
6981
9645
11377
8494
11978
10240
11900
9515
3546
5879
9395
9646
11894
11684
1191
2852
5655
3456
2693
5190
7624
9411
9593
11740
5331
11158
4586
12217
7905
3793
647
11168
6854
9254
9028
5767
5467
9783
11841
2030
3754
3071
2322
5333
1379
7912
6659
8887
11278
4413
10088
8250
1731
8383
8886
7603
4807
1967
8245
1716
4546
5746
2247
7050
6641
5922
11348
4293
5108
61
1150
235
9704
2270
3272
4608
9238
6442
2957
9617
6119
12622
12836
12593
7135
9764
8051
11457
850
2189
7332
11495
2505
11150
2512
10145
1532
3671
4672
7005
10350
2288
2998
8316
3572
12407
1670
3789
12414
6476
9369
2628
12342
7657
8859
6837
494
12285
12746
5172
12884
3294
8696
2130
10945
6004
7805
4012
9088
8718
8966
11920
12865
4019
7808
6332
11073
8991
4335
12322
10707
10160
1789
3461
97
682
2550
7403
10039
4037
10642
7834
2958
5295
11493
66
12641
11579
8260
4357
9813
11206
1398
4882
9665
8740
9076
10650
6172
4516
554
3354
5051
7027
6672
12049
9972
4527
8200
10931
10708
590
4599
6211
428
4461
10700
11705
11157
8453
4431
8020
5741
8049
1236
226
4718
822
8984
3280
2687
6678
5324
9360
4865
12200
2287
8288
930
534
7661
10759
1402
8324
8758
4494
11535
8094
8489
9811
7453
2935
6658
328
71
3156
12221
11250
12894
4709
3048
2041
12105
1565
240
9582
316
2932
6956
5344
11677
9632
8002
11733
5210
10913
6770
3987
8739
5595
8327
8455
6484
4041
8065
3569
7265
4504
11869
707
11465
7835
1874
8107
2424
2731
10561
3817
5064
7354
2084
12308
12563
11438
6146
10389
5766
6585
977
6020
12115
3763
11811
9290
664
169
6884
7628
3460
10511
7013
2561
3123
10837
2708
10727
12077
6566
12744
1235
12232
6315
8487
9165
5691
13004
11090
3950
2665
3676
3993
6776
4811
4515
2196
2259
4793
6993
5694
4002
9246
3318
6274
4498
3011
10739
3827
6914
12868
10929
1547
10108
8643
12929
3881
927
11794
9562
8322
6498
6829
8005
5407
1980
9518
11149
8693
4699
4001
1458
9663
10678
53
2926
2940
1261
3723
6370
9716
11050
1974
12801
8836
3253
2460
8473
11669
3068
7384
1574
7683
5991
5948
7218
8607
3471
4795
12878
2372
11685
2315
814
9441
10365
6676
4666
3680
10616
12835
11929
5979
6144
2719
11403
2248
10758
9668
3573
944
11486
11801
9470
6190
2562
11742
10756
5662
1319
7763
4294
5032
3980
1041
10638
2796
5803
8330
6510
8439
1657
11394
7089
2596
4034
3813
7122
4435
9195
9185
1321
7557
5360
8738
12778
4890
10298
12788
11442
4541
5250
2982
10273
12380
440
9993
4495
7632
430
4674
9982
10403
3061
7659
177
67
594
5520
11388
2917
6125
6695
7350
6342
6621
11787
5017
7474
3317
12026
12087
6777
7389
781
9462
4296
5302
7364
7241
6385
4630
806
12033
10746
6787
12156
5257
1102
11853
138
5836
986
6983
4868
8705
8817
1436
319
11504
11167
12093
3206
4082
3268
3014
7500
4549
13005
6152
2413
2468
11078
3129
943
9848
9827
626
11683
8282
3515
10547
10851
7011
5445
1304
6822
7000
7908
1440
1969
6199
6130
8729
2077
7994
9388
341
2923
7436
11151
8631
8280
154
5193
2146
12331
11872
12247
6803
879
3744
4750
5260
10482
735
1560
1602
8597
7254
9169
9329
12518
2999
11663
12800
9016
569
1284
12113
1597
8959
8308
11143
842
6452
8747
1213
12942
9915
5447
11946
4266
9225
10660
4131
2785
12400
11843
9543
10766
7220
7772
11925
10846
919
10096
10778
5744
4988
12688
12415
1583
12904
9862
215
6086
8965
5403
6924
10491
11721
2179
1032
1931
7504
8104
9186
11452
2219
8287
7816
1249
1314
4255
12984
4721
2147
5995
8305
7730
11850
2609
7589
10288
4786
9144
3779
3015
7085
9040
3859
9573
8733
11236
11581
9613
3821
4595
11302
11939
1608
8449
738
6728
11648
5975
8034
1376
9187
11437
1441
8908
5843
12989
12157
10659
384
786
541
6445
5188
12398
8050
3216
514
5509
6940
8052
2316
3077
12553
3028
11362
7062
10712
12717
571
3799
2002
4564
1516
5949
2306
2223
11012
5285
790
597
2263
8210
2020
10830
12949
9258
4673
11
6355
2050
8441
11882
6662
12409
5009
5436
1983
12121
6302
1159
12931
2150
3414
8177
6504
4690
12766
10331
329
8588
863
10750
3657
12547
11646
11723
4029
12474
8238
2170
8429
6267
12559
389
5256
773
8279
2309
6001
4289
4513
7736
8108
2010
12184
5809
392
7105
4487
9951
3940
2477
2942
12253
5348
11911
3529
2624
7443
7293
7636
12287
11317
12543
4126
99
10763
604
5151
10428
2423
3258
13010
10539
10675
3638
11196
9233
3078
3247
8968
4909
7410
4170
9184
11319
3829
2897
5036
7750
6115
3286
10264
3669
10630
11353
6165
7031
12604
4774
5284
8857
11307
1991
11409
3440
2735
2618
12677
7547
6630
959
8074
702
5
3938
8300
5678
8447
7366
3969
10213
9953
11560
8712
6438
8011
5631
11970
3835
821
7884
6045
7568
7803
874
6379
1875
12670
2164
19
3832
1203
9859
1612
4319
4426
5129
6587
9181
4532
11528
10804
4610
7420
3383
11183
2501
4970
1395
2824
7404
7654
10043
10131
7945
4052
11782
2832
7876
7308
11584
7511
7896
1942
10163
3552
9950
3528
7144
3301
1563
1500
312
12777
6817
8454
3589
3366
3314
7481
7708
5022
3801
383
5340
7234
11459
1928
11982
7769
8243
11639
10154
6916
4123
1526
7412
891
9449
3245
3643
8261
12831
9236
6195
12869
10368
12310
10299
2
6235
7815
5264
2768
7569
9439
8026
12102
12404
2105
76
94
5877
120
321
6310
187
1579
12783
6991
1445
8317
3755
2812
10285
8035
12642
10939
9940
4240
1255
7471
9101
6259
3973
5273
10094
6848
3386
9975
12606
10798
3537
3614
11177
2587
10986
3584
7541
1393
3023
10078
3843
5430
3137
11039
10459
12144
11950
1432
1897
2151
6249
1349
5074
681
420
4143
9769
12967
7003
6765
5978
8640
4080
1660
8927
3512
8231
1088
309
3147
5952
9614
6603
8846
4265
12730
1087
1292
3231
12124
7526
9010
5045
4109
9215
3243
267
1559
8769
11488
3949
2629
12501
6800
5676
2928
10068
5664
3441
5452
2870
8417
5667
2868
6074
5771
10155
4849
3814
12086
3550
11786
1274
11331
4475
1289
2843
4701
9112
10528
649
9832
315
3160
265
10059
11092
2256
2294
8600
1132
3133
9504
3157
8285
11948
10923
204
10232
12690
166
7710
3585
1286
1576
1641
2978
8124
393
6553
4349
3863
756
1186
12795
8971
1411
12182
5818
11769
11660
30
3944
9895
7166
9571
10210
12640
3966
1320
170
6029
11778
2172
9034
2960
10719
612
12153
8695
342
11888
7958
5398
5030
11003
10861
3818
10321
5127
10741
11682
5857
269
10916
1036
11576
11378
10316
981
182
3044
5391
9048
7707
3596
1352
11725
2038
4881
11800
10390
12472
3321
4784
3522
6967
2178
8229
8371
10936
4633
816
10055
1298
10792
5406
7899
1667
2643
8818
916
10438
12051
273
9752
12329
3957
9204
9479
9002
6530
6110
8071
6411
3836
6456
12757
1590
6742
183
9501
6366
11391
9782
1068
10102
10242
5974
11473
2173
10639
11870
3256
1188
10425
11440
4822
7244
5399
72
8039
2377
8258
11597
6549
84
11744
10191
8500
9306
12118
8428
7571
10694
3741
11988
11366
268
6093
8091
8547
6056
9120
1112
5465
9627
5025
5470
11593
1654
2253
6264
10383
4212
10676
4051
4342
2783
6785
10056
11123
7989
8609
9580
9319
8699
11831
6181
8646
1957
8015
6937
1626
1240
3264
2221
5039
9901
6968
11860
8419
3777
11200
4834
5386
9147
7226
3936
10000
11844
10118
4011
7167
12537
2944
7353
10079
2213
8594
3135
7269
4497
10449
6090
8066
4635
12774
12280
9259
9590
10977
8480
9189
5961
12032
6571
10723
8562
11176
3152
6626
8586
11886
4708
1587
9196
9216
8973
6008
8182
4685
6049
10255
889
4117
12278
2160
2521
7754
3740
12378
1869
11503
6647
2780
5780
500
1999
6341
5716
11965
3711
11810
9154
8024
10433
7919
1510
2858
9691
5429
8380
8762
10181
7681
12754
1394
3934
6051
12798
3089
1302
9649
3246
8397
4555
551
8703
3787
6061
5390
8824
3976
3996
7863
2522
1643
33
3223
10295
8468
4626
1182
2645
7964
7787
5496
12531
3125
7932
5557
6652
2045
7922
8916
4801
8222
5300
12430
339
7312
9480
11969
12013
7318
5500
13003
6583
3597
4365
3384
4360
3388
2123
10495
10418
1899
852
4602
436
10185
10564
1546
9909
2686
10504
12644
5541
2770
4230
5178
8776
10569
6810
1871
5020
12957
167
11070
9789
12747
8076
7676
3418
2604
3022
1478
3325
7807
12379
5569
9648
5921
4945
9362
8977
6544
10045
4182
2977
9008
7988
6335
1649
12176
11713
3981
9043
5639
10517
8007
3330
95
2495
2696
10473
2057
3750
4122
9068
96
7965
1313
7956
10906
9210
422
7098
3190
9900
4891
12966
4693
8478
5455
12679
12236
2611
6605
7375
12268
5192
11807
8378
1269
453
6793
4290
5605
3610
3499
7130
4819
9000
5216
8086
2659
6709
10290
1366
5592
9552
1162
3003
103
11514
4006
11980
10523
6901
8268
4077
4990
1718
11136
9340
9317
10653
10782
8089
3857
4094
1726
4262
11590
5963
12099
2280
11120
1316
1766
2034
7744
257
9240
12036
12664
1472
10441
104
5970
6543
5307
12345
3531
8648
984
4350
6932
1706
11337
3553
11424
4055
3005
9325
11336
4961
5460
9974
190
6365
10998
9856
11408
6569
1372
5458
3372
4649
2925
7757
10130
993
2154
8708
6292
2662
7051
10632
5734
6806
11565
1143
10421
8073
739
3686
6182
5754
804
6290
9736
2559
3896
11808
6401
5271
902
4190
10863
1509
7900
3117
599
7405
10353
11294
7910
7442
3837
610
741
6141
9855
10747
2337
12883
6021
9674
259
4956
3526
6582
6127
11059
6642
614
11469
7376
10236
1776
3885
11815
10496
4382
8536
4832
3593
11506
10090
3058
10866
4058
676
8593
7502
10628
8495
1702
12891
5931
2601
11791
10098
6300
966
2671
6151
4009
11664
1266
4120
10439
8863
4858
8169
3382
12804
11797
5992
9525
2890
9619
3660
12163
746
5742
11542
5503
42
7253
5498
4412
11722
3649
11190
4223
6926
1616
8315
4478
6936
5334
1598
6100
12300
9460
6635
405
2685
9761
8662
8012
6282
7203
447
12239
530
2133
8244
8382
3495
5517
3847
3479
3662
3682
8023
7713
10898
3916
11670
5033
11444
12419
1006
310
483
2549
11679
388
10174
2798
4567
3999
2401
11201
11674
11166
3654
9657
9457
4978
2566
1002
1634
12134
7202
9232
7360
1326
3730
8888
2092
6796
6511
9418
4361
2111
3703
2013
8427
581
2385
8765
3357
12228
10462
5785
5262
3742
10795
3943
1866
5578
11933
11764
2758
5552
8940
5851
9606
2448
8466
11833
10009
3379
9799
11735
4688
967
12771
4171
2142
1764
13006
2577
2373
12712
8951
364
5130
1717
9148
5756
11292
10839
12461
7497
5722
1371
4592
2950
2849
9592
12775
720
6238
10765
6207
4828
12338
5532
6646
10178
7572
12692
11478
7951
3428
1845
11430
11829
12475
2916
782
10231
1578
9357
5099
2313
6535
10537
7427
845
4280
12125
4796
3485
10847
5725
2242
1121
12427
3954
9098
8667
9753
7002
6918
9484
2781
3508
8234
10699
10340
3668
1575
1690
12486
6532
3036
8278
8894
2141
9806
3119
4893
3477
1573
624
9335
12617
1593
8715
8982
9519
6180
6494
2355
10574
4199
4040
5199
10968
7727
1206
1194
6755
6628
11395
11491
9794
11100
4826
417
196
3377
963
2428
5860
818
897
9620
9537
12126
12520
12004
4998
2061
6534
308
2636
12292
5549
12248
4295
11161
6512
6145
11994
2784
8706
2690
10169
11734
10572
12175
8524
11596
2114
11961
1449
6821
9321
8822
7984
2095
9056
10937
7716
696
8990
1386
11904
6568
119
12128
1584
10573
1549
6375
4844
6269
1367
9155
12473
3109
1060
12829
2039
12327
12283
8834
2094
10912
3107
12784
2078
4215
6925
6162
7764
861
1979
8925
11819
12521
4444
10887
11257
10077
8742
12674
10150
10841
12069
972
8013
10979
12238
7843
1534
3363
7378
679
4031
10885
6105
4088
1537
7596
7250
8084
5581
6903
9406
10956
3633
1651
243
11462
9575
2235
915
4173
9765
10809
6107
5715
10111
5173
8981
9248
6285
9420
698
8683
722
1127
5454
2375
5875
2274
1246
7476
7946
9100
12080
10597
6531
3467
12808
6488
1846
2533
11737
6552
11375
4054
5684
903
234
9312
2650
10237
5982
9914
7466
6067
1333
410
1900
8309
6057
602
10604
6200
6845
1984
10203
5098
8950
9285
12040
10049
277
4270
11973
7846
3297
1412
11922
6857
7173
5996
1166
12056
2480
1336
542
12988
7072
8682
8139
5515
8767
3101
10297
5705
490
246
3856
4258
5392
2893
6847
10018
439
942
761
12178
11557
5082
10314
8205
10380
10803
1111
1903
1511
467
1975
12363
3899
12063
5602
5895
2063
1099
12075
12303
8329
3707
7668
5401
4377
10575
7933
5072
3640
3305
8510
10307
5572
7273
2722
5671
2349
4878
6625
4612
355
7917
2779
688
3277
7704
3283
1347
5621
12275
7294
11077
9497
12041
10492
12925
6232
9437
3637
6891
2962
12177
6965
6417
12946
8148
12496
11397
3136
10315
11300
7601
3220
12166
7359
11545
9536
3523
12000
8778
9415
6155
10981
3998
12321
4330
7012
1141
7083
2697
1943
2821
9841
1096
1581
6230
6489
11042
7290
2606
1514
2899
10044
9482
6085
3873
4184
12325
11544
1125
7535
4014
6171
10578
7368
6839
12756
2200
1948
11017
1138
11951
4231
4175
12164
9213
12749
8618
855
3645
7407
2803
5204
7665
12053
6194
121
10006
3626
5044
5916
8319
3337
3709
10197
2297
3128
11065
8365
10202
8406
2592
1377
6686
12478
6673
6362
7261
9843
1029
6092
9193
11578
12209
1338
2392
50
9559
13000
547
4245
9609
7761
8570
7449
8467
3064
2651
4915
7248
8457
7935
9146
8364
9818
10874
11436
4169
9788
4383
2067
3448
3798
8582
225
4804
1774
6601
1700
6289
12085
540
6277
2224
5041
12841
12023
8912
3091
5492
10466
844
9690
326
3820
1950
12613
4952
451
8719
8032
1960
2878
2136
1220
11128
4233
11433
2129
6120
77
6106
11198
5591
9024
9278
8249
8835
3646
69
6539
11079
931
1427
2627
2737
4135
11760
9487
7593
12306
9555
12614
7194
6661
10132
4257
331
12440
1755
1380
2855
8144
4800
5336
12532
10404
12201
5355
3604
4517
3696
5305
12879
11380
8133
7279
4949
11428
247
3541
206
1722
665
6254
8303
7445
6623
4967
8206
699
553
3446
2952
9521
11500
12573
12570
5380
5942
7885
8361
9463
4638
7542
980
11213
12136
9087
8942
8131
690
12889
7848
11222
9074
8284
3805
9194
4179
3186
8313
4534
1945
839
7347
6136
12196
10762
12255
2171
8795
9681
8516
579
11010
10026
9513
8036
2861
179
778
5929
12579
3545
1323
3970
11636
10101
12002
11476
5677
9968
2000
7579
5805
10842
7233
9861
8772
1895
446
7001
11195
12145
12580
3618
11184
8911
2358
1243
5885
11376
8274
4477
9302
5735
11449
9808
10419
12502
3371
85
7786
9026
3507
2027
1661
8402
1455
8465
6329
6122
12481
6586
10296
11848
2464
6517
3921
11125
34
8341
2249
47
12538
11338
1409
12969
7974
871
887
9587
378
7831
10685
3897
3675
9902
443
3533
9964
2929
5106
6408
6281
10935
3627
3582
8541
6889
9257
11875
4665
12625
6261
4343
5953
12763
1013
8085
6186
9558
3376
7979
5060
9296
8610
8691
4951
3796
2630
12650
9135
7348
101
2054
466
4465
3758
10820
677
305
7881
2497
8897
1990
10436
6426
4232
6905
3540
4420
3029
627
815
3159
654
7758
7706
13009
10525
7518
1677
11180
11727
12367
4183
5758
4394
6187
10580
2617
8786
6333
9444
9446
11282
12599
1770
9553
7383
11480
11824
4013
12513
11897
251
7246
11837
6670
4481
1988
12830
11259
6697
5013
7622
17
8481
7157
3890
4788
2338
9209
7719
1603
2701
11719
4059
10114
570
12251
1815
4872
8400
1998
3726
7153
6690
8128
12818
4802
5235
11857
8580
3797
736
3315
2689
926
3698
1518
11910
12084
9128
10167
1011
8146
969
11658
1787
3851
11451
1195
210
2036
7926
11608
894
1814
878
6135
6047
11779
3735
3926
5516
10182
1763
9467
11152
1944
7851
7492
5768
7837
7773
4146
11747
2634
5301
9096
10228
6054
6525
11223
105
10324
10162
11283
7228
1751
7345
714
12908
3319
6526
5247
2144
11812
6529
12923
8721
2226
3561
7645
11847
10971
10431
199
8343
12533
11693
249
2786
4637
5611
11460
4528
11944
5298
6643
817
1202
5201
1711
533
12045
7472
3341
7177
905
4523
12571
2127
8462
5759
10341
10603
6000
3339
10286
10142
8407
2046
12437
1972
843
4114
1357
10222
8746
1353
4646
11802
4273
289
4846
9904
6384
2453
7235
11398
9353
9440
6005
5335
12917
9027
2789
9106
8068
11277
6402
8702
2109
10834
4522
6227
7416
9436
3594
9595
8690
7104
11356
11612
6550
12862
4046
538
7325
12276
12752
4044
10686
912
3359
9099
9523
8700
8551
4363
4687
3931
3834
6917
4605
2420
7468
11574
11215
6316
10963
4410
5980
12180
12074
4188
8142
1466
1961
5954
12619
7454
11517
10205
8519
1350
2384
7424
12044
12339
10406
6954
12137
9419
4416
8654
11941
1290
12852
12018
7440
3661
8082
7464
3004
11906
766
3684
2869
7839
8297
5486
5866
2815
8645
10183
4068
6624
481
9834
8532
2632
3239
12249
7455
5021
4092
2972
6178
4864
5412
8879
1175
9851
11771
552
2797
7575
323
7825
7809
9899
4935
8592
9472
5007
8375
3421
2543
1008
5150
5629
3587
11110
7171
2961
8555
12316
7847
4261
10414
4953
11205
10020
5319
4533
10061
6175
12295
6157
12638
10106
6099
5364
8530
5306
3663
11009
6369
10025
2118
3092
454
3788
12616
3075
1174
1523
5149
6019
11915
5762
1048
2724
5896
6473
2776
300
6023
8446
4810
10277
10137
10538
5790
10907
4678
10744
9819
3527
5563
12981
660
8673
10371
8099
5724
6941
12986
3124
1486
7280
2452
2300
6405
5650
8306
3634
2011
6167
6346
5232
9879
6945
7987
4879
8151
10370
9328
2642
12842
12675
3447
8160
7180
1086
1740
5125
9422
7890
6634
3296
1291
1830
2266
4548
457
4462
8276
8556
7387
5969
2989
4570
1473
3601
2519
288
3666
9286
7221
5869
12805
7753
3182
11359
8569
4246
10789
9125
2489
4660
12229
9267
9244
8515
4727
9031
2445
12010
12198
2237
4007
5555
11974
9069
12703
2208
7925
12939
8684
3072
9522
5191
11820
6410
8006
10543
9080
2595
9118
11691
4248
8678
5222
3340
6036
7870
5368
2314
11363
12347
7768
4196
8584
7299
4364
419
1916
4403
57
12759
11373
5170
12598
12348
2963
12753
10550
4521
10345
5387
7032
11883
3884
2545
9250
8660
8930
4404
5634
9707
3984
1582
8493
9996
7639
10409
5637
9726
2228
7631
10464
5564
4941
8179
10333
9005
8403
7792
9605
5228
3326
2143
4036
2117
7114
6423
1665
12272
5218
6928
8657
867
1507
6013
2866
8063
1958
12583
6025
10944
10990
325
9234
8304
10097
173
6577
8808
6931
12366
7729
11592
802
641
6435
9262
11874
11219
1140
139
12815
8389
4946
975
3352
4692
3488
6208
5902
6863
6513
12194
3692
4591
7191
1324
6657
1689
561
11417
1762
732
6750
5006
832
1091
5184
74
6066
11103
10924
5370
1034
2031
5823
5946
8430
6376
4985
6428
1115
10411
3782
10229
1905
11281
6895
2995
4446
11622
1475
763
5714
6841
1639
987
11121
12875
3697
1435
3844
4607
1433
11862
5769
10261
5352
510
7258
6237
8564
7009
10243
3303
10970
2656
2128
6731
4155
2346
2244
5596
8096
11991
1914
1941
1197
2552
5297
1439
15
8111
5755
12267
8883
4473
9017
3233
1985
12443
6117
1200
11241
1128
6758
2391
8723
6060
333
6515
10011
12743
3435
9283
10825
8348
10542
10716
7893
6459
3208
2124
9127
9345
4919
1481
3361
1251
998
10241
10249
7316
1921
9363
7237
10363
12803
2582
5132
10497
3431
324
5249
585
9734
4110
4086
7836
3790
1729
10615
5322
10779
2525
3946
2778
12227
1339
4111
973
3667
6668
1113
9677
8947
4573
3809
11312
7817
1959
1404
10646
9223
8083
4482
9701
3030
1072
11641
7399
5727
11513
11315
10012
2947
387
4787
5011
2802
7696
6112
41
10534
6032
1021
2272
11382
6139
11379
6775
5225
3542
2990
12199
10050
7920
7309
10204
9615
9218
5511
9545
12343
2058
5155
4928
4644
5133
9628
12758
10749
3360
228
11758
7188
4352
12872
5255
8318
7864
948
12335
11540
12420
12372
10262
2526
4569
11689
3358
8956
8997
6218
12720
3154
3327
5321
1318
1434
3365
11827
11133
5487
4347
8810
829
3848
6636
12286
9399
4856
3397
6536
854
9495
1694
5959
12615
8899
239
11333
8209
4216
9222
9255
10117
10850
6192
6046
6343
803
9872
5421
12288
9382
12716
12489
4971
9928
10536
5858
10146
4616
1742
142
1586
9308
5068
408
7650
252
1666
10529
3612
8271
12388
10490
6852
6669
3932
11033
6795
12429
3116
5314
7025
11923
8432
661
865
10992
9869
11575
4018
4827
1222
5283
11169
9162
5404
3122
10587
3038
7970
6733
11234
4711
1635
9211
6744
11290
950
10634
12490
5294
12037
4823
11768
7509
928
3839
9075
2062
880
9344
5330
7335
10073
848
4162
648
3647
5073
2631
11326
6618
2569
12814
11122
7694
9020
2810
10899
12352
9921
5723
8730
7264
11254
4386
764
9907
5054
7285
11990
6458
8848
12165
2573
687
4662
12603
3804
11720
4358
11960
5728
9133
2682
11299
7289
7160
7520
668
12383
10833
10065
999
632
5640
9770
12793
10731
5924
791
755
2047
4540
12090
11795
2285
5712
8566
12170
12104
9012
4263
7664
9616
6283
572
7219
4847
12722
8189
2132
5540
6223
10082
6767
3276
1142
11600
3725
4024
11817
6246
3900
7140
1824
6961
8629
7611
2275
6083
5947
8346
6377
9637
5083
8438
7323
7524
7544
12035
7712
8851
2666
8079
9442
8523
5593
10303
1485
2568
9253
5169
10075
2951
11014
7307
12636
1151
678
6479
3784
6826
11041
4780
11979
3338
6986
7189
6747
1926
7960
1525
10089
6026
8056
4904
792
937
8625
8507
12624
9284
8782
5950
6257
11967
4466
7115
12143
2262
2203
4378
3336
2216
11466
10265
11311
2654
4249
7146
2822
9857
8978
5623
10657
3139
6832
12386
10159
12072
8437
5101
8168
10092
12359
4097
10888
10594
6311
4808
2805
7016
3978
6387
3439
12526
6706
5800
2557
367
12549
8292
427
9916
27
3132
11899
4129
4464
2320
12698
3235
3162
12952
2864
11496
12333
11067
8198
4151
12114
11058
6574
6561
7814
2913
4624
10737
10364
11297
10157
9864
7700
6979
7880
262
11164
12588
8728
11686
8802
354
10051
2161
7379
10926
12964
7615
11280
3042
8502
5277
7343
12411
4707
11962
6163
6248
10489
12050
10422
9260
4121
8164
4558
54
8029
12451
10987
12958
1753
4574
10426
8687
2819
1997
8227
8008
10212
12887
11711
9692
12511
11891
9496
2434
5376
10729
3281
6358
106
7641
9671
6272
5187
8812
12765
6933
11083
11609
4766
1567
4021
5927
18
8252
9804
2509
6558
8831
1882
11549
3878
5135
10690
5886
107
3470
12723
3429
8509
11341
156
3444
8185
9448
133
10366
4677
10003
4429
6216
11306
3570
8110
1982
3025
4729
8482
3706
12244
4189
1095
12506
8353
9551
7026
719
4101
7552
8469
4936
1276
10531
2451
6364
8651
12864
282
1262
8856
7625
2155
8958
5816
1970
3714
8214
946
5252
5274
8517
7633
9007
3263
4576
1258
3757
3688
10617
9385
11204
695
11347
3767
11178
6400
2827
2073
4950
3392
3913
12484
11020
7069
3458
8602
10772
12912
7667
8239
4643
4710
9812
9380
1566
9180
6751
7722
5824
236
1346
1850
7074
11118
9611
4641
11588
9585
1987
12956
9239
11745
9488
9426
11598
11919
6904
10230
6562
2198
476
6687
10829
7381
11981
5110
1640
12892
8589
3877
4017
11908
7477
4765
12252
8520
3501
489
11984
1880
1342
6147
4165
7731
1752
10546
5981
11784
10041
12761
8583
1506
1227
8366
12584
12610
3551
10400
779
642
7331
11809
10915
253
9748
7411
7605
526
6898
2879
5180
645
7759
12796
7830
12291
10134
151
3032
3874
7682
2608
8241
113
7515
12498
8953
716
12140
6730
11730
3146
5293
1541
3200
2840
4756
9935
5850
10900
12480
11468
9214
6760
12389
3021
7937
8525
5449
2350
8335
7914
11494
7119
8917
5670
8986
7649
11304
12202
7923
3644
1940
10674
6684
343
10027
12103
6959
3395
1920
7584
12055
1520
10984
3176
9533
6188
9241
9635
5522
4176
11595
10358
11144
7646
5663
11429
2616
6963
1351
4769
5342
2162
10417
9505
811
5821
3180
7182
1463
9693
9660
4328
9750
623
11709
6836
5901
2491
3760
10013
11667
9540
8471
2888
7795
1622
8877
3401
5506
5168
7400
11263
5659
6096
12171
9062
5220
8983
724
8027
12824
10186
12710
2637
5046
248
2567
3084
11626
4627
11537
6699
2199
7591
7600
1003
5194
3087
7670
6878
10359
8033
1387
7832
9922
509
9107
11924
10415
1354
7225
11295
6840
4414
7602
795
4439
4542
6202
5672
9145
7139
1214
1231
5527
7256
498
5160
3007
4076
2754
8125
2396
3292
4997
8197
3019
290
1046
9021
5888
3652
12307
6330
8774
4748
7394
9201
1891
962
11229
9266
5847
1468
6883
2860
6491
12512
596
9468
1381
4225
11225
6885
4552
6242
6260
9061
954
11018
5524
10852
11530
7185
1933
11313
10507
9826
10673
412
2657
8764
5062
7785
12882
7313
1968
6930
9881
10911
12529
1802
9365
7882
3130
4331
4560
1129
10720
12668
10177
7021
9164
6576
2586
3803
1675
4373
8939
6711
3994
3060
3039
12954
2752
1607
2955
9745
2865
89
4768
620
7073
9051
11273
3721
6962
2430
3503
5751
3811
8842
4563
3861
11879
4166
888
12444
6648
7446
2987
12169
3214
10147
9670
25
9053
2745
8735
8995
6440
8792
8435
8941
7887
8539
2091
11214
10611
6437
5703
86
3059
9570
3316
12922
9178
2328
12046
3420
12654
6886
3685
3218
10684
8072
222
10876
7973
7149
3695
6563
8088
2574
11599
12357
9656
1847
3093
7929
1620
8717
5632
6808
11972
4302
6307
9409
1155
9766
10398
4147
5327
12534
4752
10831
2040
351
11360
3230
10271
7291
11181
7268
5345
4550
1918
5414
10148
11093
3097
8898
7163
3720
3888
8424
8485
6209
3104
7297
11172
6243
4901
9168
2488
6114
9019
7623
6081
6724
3308
7452
6464
7186
11731
1459
8207
11345
4134
3194
1951
7215
8116
8332
10283
608
10461
10656
11607
2733
6617
2175
11903
2570
3095
8972
6174
8994
9117
10584
8544
3369
9366
5704
6351
12078
2646
1076
12396
8344
7780
1242
7017
12639
2804
10771
4025
9673
4623
11724
793
7954
6722
636
12458
801
4578
7799
5146
10783
5411
5600
4138
1406
11425
7088
1911
4061
3138
9152
7972
6069
10955
3031
12833
6824
7781
12665
7101
2874
8320
11732
576
8508
2371
10917
10994
9212
10352
12621
6737
7567
3875
6640
11987
672
3770
172
6430
4090
10282
4809
4238
4107
4814
2099
271
7685
11141
5984
12313
7040
2243
9251
5537
10625
3422
1833
3543
961
12809
6050
5679
4229
4428
1035
266
4339
3430
4785
10785
1444
108
5899
12442
1482
3850
9293
2022
12874
7465
11016
1938
8881
8749
12696
1606
421
2440
7517
10738
3289
7339
1628
5489
8766
10927
1413
7496
4545
6908
6865
2201
4572
557
5349
531
6973
6191
10508
830
1038
11490
11197
3105
6011
5649
12620
2885
8003
769
8283
1853
2298
1122
810
307
4283
12422
5559
8612
3102
8634
2555
3632
5701
255
2393
5565
3611
7806
2877
922
7028
7564
11566
5994
5571
8405
12779
10781
12672
5635
12189
6439
6844
136
11085
7627
10563
7506
12005
78
2444
9942
7525
4376
11389
9451
7775
7962
7740
9844
7599
1296
1539
8188
1754
11644
11615
1001
9978
11901
886
1947
11665
968
12562
1294
3344
9767
10391
1465
1618
12936
3250
4671
10105
10332
4749
3631
1051
4805
7714
6138
6356
9591
416
7301
11228
7426
5583
7070
11945
3917
9256
11859
5354
10486
11998
11448
10022
12205
5689
7208
1228
11676
1082
9567
6952
1217
6412
9263
7767
4023
4423
10143
8920
6766
3712
9579
2311
3172
8840
9452
8470
12507
4929
391
1609
6578
7588
10245
6521
9528
12479
6420
9025
644
4698
12399
1790
4948
4562
2544
7059
3602
3002
75
8663
3290
1669
12527
9473
10033
11101
12067
799
4454
1644
1797
1977
1030
12508
2169
1978
12971
1081
3270
10269
6656
6443
12568
12972
2122
10469
5052
12597
5831
9309
8587
2661
3464
4336
8041
7545
9581
5121
6368
1632
1953
8158
4456
5356
7087
1362
6797
9963
3323
12453
5288
7129
2447
5477
12120
11288
8985
2968
8526
3298
7671
6276
10608
796
5842
11571
11828
9621
7718
6589
418
3098
8386
6116
4565
8204
6129
2652
8358
9983
4113
2979
1147
9985
1714
9052
4072
7103
9880
6524
2245
3481
12633
5341
3772
9205
10122
4930
10509
171
6774
12376
6503
511
10516
4033
7902
12296
11218
11635
8464
11446
9735
3080
4486
8809
3500
11538
4181
7227
3871
10928
3733
4579
9131
2209
11834
1558
11113
5343
10239
2782
10021
3332
6142
10909
9955
8807
11757
10595
6820
7992
8773
775
13007
783
2015
5456
11625
3367
1849
10949
10666
8275
6893
2535
11688
4500
9295
8745
6740
8045
12943
9870
1103
5112
10374
7789
1229
9936
5798
2700
12246
12700
6596
10535
5248
3919
11316
6660
8869
7948
11512
6560
1157
9723
7824
11930
5181
6654
9786
7259
11651
6053
2107
2276
8080
4291
5606
8671
8057
88
9998
12092
3493
6778
11892
4566
8246
2801
9314
9105
12856
2139
12556
12297
2726
7121
8962
3555
2382
11845
10973
12354
1680
10470
10506
2368
5990
5643
5693
102
164
11661
6288
8637
4547
3073
733
9160
7997
4421
1083
12647
12927
12838
3334
7930
10826
1280
2042
6871
495
1937
155
6834
1521
111
4137
6757
6801
11053
6225
5142
1491
12020
4939
6683
10465
9494
11027
36
3642
5893
9182
5165
219
8299
7875
2473
1282
6748
8603
8938
4854
11372
10618
2713
1965
4469
5363
10344
7528
1049
5258
