6804
2040
10670
10624
10210
9832
11751
12089
11276
9765
5774
4998
7445
9415
2129
9110
8410
4946
1779
2867
9402
11307
9167
11838
655
12325
11420
1569
9052
10500
6811
4060
7211
8099
86
6194
5216
9742
9729
3488
8641
12463
10640
12494
2528
1106
9133
11480
5136
9828
1761
4670
2236
12444
397
12118
6420
11263
6927
11539
5132
5693
10064
9217
5871
9925
9480
3902
7864
9609
1469
5348
11410
9927
983
11351
3485
7420
11904
2997
747
2439
12825
3923
10833
11896
1056
12951
8222
7222
10621
7854
7907
6388
12221
3724
9968
2198
1699
2846
6184
8420
11262
3598
7289
8530
8725
1753
8252
11204
4708
9662
8934
749
12775
7620
1440
1054
11243
3738
8927
9883
5192
858
1057
319
5093
7641
7822
9850
10228
8228
8680
12368
1190
5715
6389
4127
12021
1679
4369
7804
12590
12690
11024
2026
4817
7508
6230
1435
9136
3028
425
6066
6063
10797
11374
12869
2774
10180
10372
6587
7188
12595
11011
11208
10691
7740
1589
2734
2633
1272
10136
12388
9285
4656
11110
3420
8909
4401
3141
628
6183
3971
8241
9444
8546
11571
12420
544
7210
9226
10153
7580
3442
6684
3459
10457
12536
4580
8292
5260
4112
12205
1879
6908
10988
1727
4373
972
4572
11051
8644
1243
12554
1299
5117
3245
4000
7751
6414
3705
11580
11052
9094
5289
5482
9425
5577
7903
6507
8616
13004
6356
11155
12650
7729
7403
10120
2220
4518
10959
12181
12294
1247
8035
5528
10649
1160
10985
1443
7286
8622
12931
8242
4729
2008
8081
6050
9498
5821
12944
2728
12036
9613
12514
12111
2422
5242
6968
8789
6568
9739
4346
6810
1428
1437
5107
4524
2479
5013
6745
5964
10245
4842
2181
8643
10509
8324
10981
12996
7733
4865
6119
2880
7949
3380
2607
6793
6941
8196
7920
9291
11397
8262
2704
2382
4772
9737
1177
10759
3062
4323
12751
2330
7899
4955
11216
162
8663
3423
8974
2438
7662
11072
3045
6906
6703
11148
9648
5820
11081
5688
4882
375
6006
7108
11118
3574
2249
554
2031
11452
3361
11111
8068
1688
7553
349
1700
8273
3565
23
6739
10103
10282
11175
7707
5385
2549
131
10967
5513
10066
11389
9434
2956
3627
10576
1832
10956
12392
4667
2585
1398
3052
10599
10536
2567
8272
9339
6368
12610
108
7290
8893
11327
6866
432
6697
6
7882
8120
4147
4065
3796
4821
11603
4033
2242
2645
12045
4679
12864
5639
10986
12990
7012
2187
6890
9311
626
10804
5375
3652
9394
12846
7451
10091
3492
10155
8920
11143
4550
2348
4514
11498
5896
6980
828
5184
11489
11331
12516
5122
7137
8975
2707
5284
9118
9053
11194
2444
1789
3356
5873
10765
8011
9289
1812
7824
2941
12166
8098
10510
5358
3735
8430
986
8199
12265
11403
1449
38
11729
3079
9931
9565
10359
2554
11323
1655
11823
7101
8710
1551
9805
8501
4929
1777
1653
10751
8807
495
2884
6985
11817
12433
1766
9896
5613
8048
1624
12602
11727
5492
10634
7016
7743
2613
2168
10549
5502
4302
7189
9680
4829
12837
569
5299
8077
4398
3439
12131
996
10677
8987
3564
4185
1143
3963
11641
4938
12185
5167
8020
11917
12968
7310
10871
1806
8137
9923
10686
9222
1599
12167
2568
9543
5588
8691
565
4760
1712
5026
7479
1058
2489
8954
8145
3830
7082
6962
5690
968
781
10607
2202
9116
12468
1776
9380
9582
2110
12973
4862
8216
2919
7292
867
4025
5525
6938
3083
4433
1124
12682
5331
7480
2449
12850
9652
1748
12535
10085
5243
11108
1494
2420
4499
12452
9611
3755
10469
6715
9874
3086
8016
10119
5032
6595
10130
8080
4333
9232
5499
8711
2341
5500
4917
873
7154
7341
7455
7725
7701
9639
6636
312
8881
5969
11804
1041
5537
5357
885
2851
2097
3353
12338
11601
537
3721
4735
9261
11878
8728
7376
4448
6283
12324
2762
11520
2113
8635
8754
8965
5320
4320
3817
6322
12613
12044
12564
5354
6819
8345
10896
5383
7288
3496
8043
5214
10841
2102
9125
6355
8235
9795
3155
226
9203
9148
5317
9177
4605
9292
10449
3677
7296
11521
2979
8908
984
3364
12976
739
932
6148
3162
12877
9429
2246
10273
2559
10278
2847
3881
3930
2200
6141
4937
9225
7787
9691
3986
6191
35
9638
12641
4449
11214
2063
8570
9646
2693
8610
7724
4951
6903
428
10436
11661
748
10747
3233
12637
10071
6022
11348
5784
4027
11116
11463
8756
7848
3940
2179
11240
11287
838
6007
8653
2551
9804
3922
11491
8028
11820
5845
12128
4790
7130
10720
741
8213
11708
7771
7659
5069
6754
2935
11496
4488
6410
8596
3920
4757
7934
7537
7597
9973
3879
1784
12119
8463
2062
7558
4654
641
5263
2428
1477
11408
4404
12163
12155
11508
1964
1137
899
11732
9061
9711
5527
12189
4450
7759
12347
5197
11876
2374
2616
7628
5926
12169
246
12543
9078
176
673
3058
7430
1743
338
11114
7337
12465
8915
2628
2285
12843
5445
3310
11436
11526
10524
713
3042
9075
4271
2611
1176
7202
12285
11402
9843
12152
9209
1230
3009
7928
7913
3331
10035
11863
8375
5719
11145
6717
6346
4360
6583
7208
2064
10870
12330
3321
3543
1666
3171
6522
10053
11085
3484
3350
8901
9195
3365
6196
7991
6400
6800
5165
11058
12695
298
1446
12396
3050
2603
7109
8280
4683
1486
6333
10637
12519
6981
12544
8226
10316
12915
2563
8281
7433
4625
7498
12312
6060
959
12603
12962
3144
5138
8947
5338
9193
1195
8482
7665
730
2035
5451
11223
10742
12653
3810
1860
9643
9601
8114
3621
712
6098
6406
9397
9454
5824
6479
2503
12635
9629
3098
12220
10796
12583
10495
6975
3585
9398
7231
6683
12485
4823
1047
6680
539
6970
10873
2009
5421
4600
2112
7815
6885
8657
10760
2629
3928
7586
181
10233
12332
11697
6689
10806
1238
5000
5062
4697
2701
11718
548
5905
10218
3201
8491
1510
10490
9294
7276
6428
2978
7065
9834
11783
7594
259
8439
9772
7959
7481
12677
11914
10859
740
2569
12959
2033
7666
10854
11643
1606
6323
11765
419
10327
12301
3027
6783
1452
5989
3511
2472
3588
745
2882
251
12961
11875
8828
12589
10573
4567
9419
5979
3970
11546
8614
2926
9241
10966
12232
2496
11561
2099
4630
2719
6661
12621
1538
5667
3623
11846
10263
7908
9663
5363
358
561
12326
6409
621
6354
8892
663
7277
3682
2381
742
5141
5567
8395
6079
12061
12948
11229
3078
8876
5068
751
4610
10222
6799
7830
8085
8108
3976
12464
12528
4909
7266
8170
9732
2028
11911
623
6140
862
6074
10784
2690
5681
7014
11158
3035
10289
11221
4883
12858
3616
4872
7032
481
6563
614
5361
10470
9700
9683
5166
11683
9211
11625
1089
9853
9760
2595
7566
472
5247
1202
3123
12077
10342
11836
12707
7023
12712
10451
3071
2578
1548
9066
8797
408
9350
7453
7970
7778
11256
4884
4321
2257
11352
2259
3534
12842
8599
10733
6110
6397
2475
12574
4520
2556
10291
2945
2795
6451
1891
12213
8150
8303
10460
5473
5578
7543
1540
11705
4959
6245
9972
978
3232
7827
11844
7837
12577
4161
1861
4461
10325
8301
4745
1970
1051
506
605
7099
12611
7560
12419
126
11671
11292
1652
5271
7847
6058
12739
9669
12555
4188
2536
8176
1060
7011
2433
4300
12666
4617
7926
2387
8631
2910
11553
4723
9012
6692
8688
9586
7059
2594
11967
11842
2036
2537
9621
10701
8527
1735
11434
2660
10904
11012
7153
9941
12110
1521
4952
8234
12781
6395
12520
1294
1745
8492
10135
10329
10674
898
4274
8607
5495
7425
2514
5930
11265
8295
10236
3706
5346
2513
7801
4291
4028
7673
8149
11159
1783
9248
5505
1290
12470
12966
9295
7466
2427
1134
9692
5861
10479
10667
92
2056
10293
5432
1730
11685
6288
1372
6868
4109
1485
283
10753
8285
9752
8795
7569
2679
773
1908
6755
10925
11478
7582
11965
4263
12606
10704
1741
7072
4582
1216
9342
6158
6784
2598
6187
6471
12260
8294
10737
771
519
10369
7020
9293
5356
7622
6730
3154
6961
10882
20
920
5843
227
3933
4399
10052
2353
9096
11885
3887
4977
360
5842
7538
12605
10501
3914
2716
4203
7802
587
2157
7889
5594
938
4915
8925
9271
8034
109
10379
10318
9826
1026
9969
462
2326
5390
4940
10063
8559
12509
4911
12334
6405
3358
7697
9347
8946
6705
4329
9224
5751
9338
11308
1544
153
9074
3718
4548
4053
9625
10513
12754
1654
804
8154
6845
5248
9259
9948
3046
5208
846
8779
2610
11231
11014
7509
11682
3115
1838
1695
3800
3637
9748
2461
6776
3636
4395
9799
186
2807
24
12755
6438
9836
3799
4609
3646
9244
12806
10121
3996
2289
9619
10172
2458
3583
11317
2666
12876
5701
3124
2761
3399
5372
7022
5229
7672
1592
1093
7955
10305
12847
9870
1931
3975
10829
11271
8647
4503
8500
5759
9462
54
1219
1420
11994
3654
210
10821
6577
10382
10976
7702
6134
1206
1910
3592
2167
10654
5922
3414
4213
10408
8873
10096
7750
4661
12041
6829
3730
12226
1433
2294
8341
9702
10323
7914
5538
911
2788
5837
6360
10827
2527
985
1175
6310
212
9083
12547
2869
6070
1921
4145
8651
4181
10351
2658
11644
7721
9129
7058
6847
11840
8883
5185
9970
12616
4024
3131
12612
5517
7693
11163
5077
9370
9421
2459
6064
6415
9139
8778
2725
11257
10582
10367
7965
10390
7007
1218
7329
12893
2340
6068
8978
7078
10231
252
12269
6330
6253
10005
12272
10080
1990
4229
12375
8012
10296
564
3884
6997
4880
5880
12116
11781
11566
11044
2936
11544
4011
10703
1138
1650
8793
7468
331
8030
12254
7658
11311
12298
7972
11534
9655
1627
10603
269
4390
5382
5813
10217
9093
12428
6642
12215
356
5020
4366
5890
6314
1869
9199
1553
2500
4495
1
6113
7334
1034
10199
10474
11769
5131
12453
6442
8291
1140
2561
5092
5674
3382
7588
12376
9823
10788
184
9666
10112
566
4914
1252
12112
8791
10661
3026
9157
783
1762
1264
2024
1955
2566
9785
4190
1493
1941
8864
11005
6177
3927
2308
4921
7107
12632
757
1224
989
12377
1318
10604
9287
5933
2541
4618
8617
1457
6993
3765
12732
1631
1380
5335
8326
12812
1584
785
12413
11416
6024
7314
4707
497
3688
7345
5891
7223
5043
8589
7557
5497
5040
12801
3222
5838
8819
4281
12476
9837
12351
3742
491
11707
5707
6447
6850
7284
3025
4535
3961
4222
4132
6665
6548
12316
8837
6788
7944
8079
12087
1915
11438
1081
8054
11046
7173
6163
2494
12881
7194
9479
8898
6686
429
3806
11622
7323
209
407
7359
9536
5756
3547
10800
418
3756
4621
3673
4356
182
8936
6547
11073
1472
12803
10991
8197
3229
4834
6709
8838
10050
6486
3237
4244
3571
12382
3948
9871
4303
2888
891
12070
2504
1077
4101
12282
8356
12322
2526
2470
5470
9367
10137
1489
3225
11584
9255
10675
1770
2529
2681
4368
12826
2731
8232
12046
11043
7836
9857
8639
8685
116
3550
630
8200
214
9488
3690
12604
5387
4096
8203
4933
7832
6859
11112
3942
8743
12359
10585
6719
7051
10453
4830
1898
10204
3039
8944
11201
11938
4774
3880
3373
4050
460
2627
5469
10221
9943
5892
887
3877
531
6935
12394
2185
5872
1726
6627
484
12618
3632
6632
6460
7229
12997
10022
8024
5380
4487
5519
4038
9929
12725
5830
2434
1813
1231
4069
6491
5249
6418
7247
12711
10394
12836
883
9031
11090
244
12360
19
9681
10081
9632
9134
7373
2996
1983
11030
6663
6911
10580
10215
8134
7803
12481
12524
4337
11428
6042
525
9999
3695
12073
871
12985
5967
1405
11267
7260
9076
3090
5484
5217
11336
2317
1455
8569
9106
3211
5010
7375
2736
1642
6246
11062
6329
2466
12723
889
3479
7739
7772
6644
2973
11742
4251
8060
3953
7648
4927
8256
8839
3541
5181
2385
8702
4305
6662
2558
9866
3464
850
7561
311
6667
8075
527
7865
10564
6862
11464
3419
11749
11500
594
10814
8055
11386
7755
6208
9485
3665
5154
9818
7968
743
943
8799
9913
6462
9698
2319
1920
7547
2659
2448
8968
5082
9180
8084
11125
6500
8351
9564
11045
7369
8507
12054
10960
1676
11448
7905
8221
12746
12768
6760
2498
4806
11868
4472
799
2664
5959
9369
5642
5015
11693
6154
2829
2532
10909
2600
10255
3397
813
5552
5220
8742
7271
6249
10555
7105
6112
12424
9936
8107
736
10433
4444
11741
6165
10111
26
6175
1399
9331
7417
4542
2816
12311
239
11907
10653
9519
6529
12136
11008
2043
8932
11653
2924
2002
5678
2665
4758
4975
8676
5875
12938
9098
12774
7349
1855
1562
4058
9191
7268
1261
10345
10455
12398
12873
11658
5413
6564
11050
6212
4840
2815
10548
2571
9469
6331
6198
11645
6801
11583
1714
2588
3733
9715
8988
4918
8572
10350
1722
5319
7790
10476
12276
1453
11211
8950
1626
5665
3122
5155
10190
7441
170
6560
10908
3324
9787
6658
1520
6439
9838
2672
8339
3465
8238
10478
4422
3174
2334
10207
3041
7650
7036
5088
10927
7505
2950
1297
3798
12994
2522
3378
10815
7544
6316
151
9464
3051
9822
12390
10147
7363
7021
12823
7642
4881
9961
856
9508
3271
64
11819
6846
379
5183
2222
2114
3053
6669
7335
10711
7186
2365
1881
9159
12314
9250
690
294
5245
12454
7421
8985
6813
1147
1267
11406
8329
10487
5277
2760
1792
10092
4828
8004
11910
8615
2476
4966
7163
2980
7520
1149
7556
39
7161
6385
6879
11758
12421
7576
9858
12523
3267
1129
9722
5870
12596
3596
9688
11032
1528
11074
12115
12403
2786
10717
2105
7087
4925
4801
7812
4206
8648
12639
6651
5241
2834
3355
7957
10579
5766
733
6051
5171
2581
4218
5563
1720
1906
12687
11150
2005
4052
9770
12224
12097
2938
4039
7825
8994
11825
2107
9800
9754
4319
7461
1295
4351
975
3905
6227
2296
12724
995
1454
4653
11226
3825
11975
3369
3317
9218
2785
9499
7228
8147
12039
9354
4431
5637
5938
437
4682
520
7867
7527
11432
9801
10409
8960
10632
8922
4295
1852
393
10087
3241
5191
8286
9099
1505
1186
10198
7686
3260
8312
4680
7077
2994
11041
250
469
12474
5246
8857
9537
8942
4232
8678
12914
916
12385
10164
2070
8895
2051
4066
1744
11442
4615
7387
11378
5523
11540
11999
8090
10722
11849
2091
52
2668
12489
7034
5397
10113
12125
4067
8143
3295
11785
9278
11924
524
4397
3209
8462
11569
7974
556
12888
9610
9726
133
7346
2153
5754
2030
12816
1092
12565
2673
1708
2383
11807
7106
6889
9458
3158
2218
10888
3945
4783
3377
12969
2194
4808
7647
3305
12970
8207
7182
6511
12253
7167
4396
12361
1062
12617
7424
12059
4382
2010
5734
9988
687
12286
6593
2845
208
12374
8227
3538
639
1465
12492
7232
5011
7883
4207
997
2670
4491
12999
7148
185
5574
6798
830
3477
3126
6704
10364
3097
5948
8586
5581
7485
2254
7053
810
10922
4310
4265
11589
6979
3883
4412
6045
5691
5060
4779
1101
11235
4792
12619
7664
9215
1646
12085
7304
4008
9343
1916
5644
453
5161
3911
11465
7635
1023
4200
4426
9695
6478
4956
11805
1781
6580
668
7321
10419
10175
2149
12435
7258
267
1567
2333
7870
7262
11031
10895
2887
4920
5058
6603
12892
10659
5433
2969
12860
2612
6986
3672
831
12678
2550
6399
6619
1827
11688
2484
12956
9372
9878
12063
1755
9606
5970
6639
3348
5865
11036
8383
2142
1163
6910
8830
552
4226
4935
5730
7095
2787
10894
705
9917
3449
12219
8432
4672
7695
2096
8633
3892
701
5833
962
11458
5918
8503
11930
12258
7967
10193
2792
9946
12772
12053
2101
12188
5304
2106
6437
8436
11728
1262
5370
6256
1507
6506
5072
5034
10211
729
10534
1287
3030
4394
8696
1165
2193
934
5520
6557
11803
12241
12983
622
10785
8608
2833
617
1508
11353
567
10458
6681
1450
3904
113
1839
10725
11441
12292
4131
8314
5480
2255
2084
2560
2060
215
4436
450
12599
3699
9069
3242
280
9784
11609
7862
790
3686
13006
4350
11944
4513
10012
12525
9915
5288
3275
8144
1014
2191
7849
3600
1180
7811
657
9922
3330
10385
5353
11726
12460
1414
6037
1039
11857
8255
7139
1596
3005
10863
10642
1601
3835
4770
7897
7749
7111
12313
1078
5643
12896
3359
2111
3729
8769
254
6892
4525
1382
3067
5099
11425
4314
9596
7866
11664
9983
7497
3795
536
2322
10518
8889
6159
9097
8040
8748
1020
2468
3978
1579
9893
7157
2133
9744
3034
6923
7683
1046
5927
11185
8511
9677
10817
12245
9659
3301
9533
789
8897
4072
12835
4866
6215
11642
2721
4292
12056
12106
1550
7617
11757
10852
2961
12127
88
3815
8694
8357
12042
3480
3580
56
11258
7206
2808
9277
8033
6877
570
12560
12309
737
583
2047
11605
9105
6682
9733
401
4894
11940
5692
9484
12348
3919
7342
3327
7610
41
11679
762
503
10953
5618
9138
6401
5455
9238
11078
1000
2547
8224
2119
631
5440
5095
2053
502
727
3270
5278
12430
6848
10253
9548
3048
1804
9406
12645
4184
910
5234
9065
2822
193
6773
12898
945
7195
6550
8588
9816
6904
11562
3221
2604
11554
9855
2429
2082
4583
2095
8251
5660
8990
1172
2485
9149
10459
2814
10398
8749
10958
4904
2451
10974
12917
11390
11329
11509
1764
2331
6219
1870
6954
10269
3179
9731
10980
7871
6691
12381
7516
11106
10907
7679
6837
11582
5
12786
8464
5648
10452
3089
6332
8206
4105
4627
12930
11427
1133
3161
10952
2531
12389
1419
4763
6270
1021
1270
8686
12121
9041
2048
4402
7368
7217
9527
12856
3863
2747
1887
1681
9777
7156
3370
798
10968
3991
12437
7670
9368
1313
1729
11168
4179
3063
9040
11858
3958
9300
2038
11986
1061
1348
8860
9206
11981
3753
4591
4307
6061
7235
2813
3110
8052
7890
2968
9945
8139
7426
11672
2373
5418
1156
8474
4352
7263
10771
4138
455
300
6831
2329
2952
2440
5420
1022
10482
8891
5695
10261
6881
9990
1840
9146
3782
3445
9566
7887
11810
3819
5307
12151
7169
11750
2279
3256
5544
6971
2552
11916
3080
7124
5957
6008
3633
2457
6340
6654
2643
3947
1749
917
8494
1448
4530
4017
4134
11322
1994
5070
4009
974
2131
12317
12257
222
10365
1872
9477
9728
12425
6896
11414
8604
10596
353
8350
3346
591
588
9674
11971
9755
5073
11054
5758
12748
8624
11690
7371
6293
833
10613
4387
2130
1957
2425
2228
5103
9550
6750
1404
6380
148
12007
2830
11674
7132
8327
3909
7718
4979
9682
6606
4780
8454
811
9003
2430
10146
6480
11422
12397
12000
5404
2132
2661
2214
12597
12442
686
9361
1907
3040
6320
2312
11771
10277
2032
1615
11722
6100
3282
2986
10311
4725
5868
1616
6967
684
732
5907
6499
2437
12573
9978
3731
942
378
9514
3500
4297
5617
4241
12671
12950
2039
4324
6259
2621
11859
11487
734
9275
22
3214
11171
4785
10867
8049
5503
9602
11020
55
6601
6038
11950
40
367
3460
11495
3436
9038
9346
1018
8957
4737
6459
8818
2579
7691
6107
5669
6365
4939
9214
6205
10163
6498
7878
2766
7652
1068
3145
10480
8836
8518
8485
11191
1902
2386
5146
6978
571
7446
11545
3404
10530
5904
10179
2272
3995
7763
12133
11928
6449
4169
12657
7394
2589
9032
7178
5029
3234
7
9841
2509
648
9859
5378
444
7214
4489
2872
6319
10235
5231
8296
3935
11533
7680
4209
9933
5545
6931
5928
3177
6218
1736
9353
10307
1338
3985
12346
6600
10249
120
3454
9340
11320
6821
4948
9814
10876
6109
5112
2963
678
681
10165
8567
7062
3763
2708
8550
11630
1441
1686
9194
4885
3849
7489
3645
6263
8650
6843
486
369
7487
12467
11787
5949
8448
7997
1327
3268
9223
9616
12704
12355
10885
9921
3739
6807
11202
12674
1229
2177
12343
3082
660
4421
9466
2159
9165
10932
3402
6646
6277
7846
11417
5724
6630
58
7043
7090
3116
12300
4176
11251
8940
7138
9714
5097
3273
1492
6065
10748
2848
6861
2239
772
5960
11922
9332
4612
4899
7978
7918
2018
2674
10246
2894
6197
7587
12369
528
12588
8884
7002
2720
5859
1277
9675
9103
2823
2396
3494
6518
1996
8008
5777
1802
9771
11173
5255
7493
4719
1514
8592
1954
1570
4658
12154
12705
6019
6972
2124
3548
12383
3748
3228
3790
11419
11695
4673
2351
2163
10856
9174
11382
4501
5063
2079
2441
4874
9497
12025
6426
1162
10287
4453
3732
11499
8290
11250
1895
8429
11881
3839
4055
5768
31
7510
1625
9574
8948
12901
9279
4474
8788
10225
886
5173
2976
9992
8660
11633
2046
11767
3388
10094
1207
10630
3049
11919
1242
11347
2162
1491
10000
3761
3757
7291
6436
8331
672
11894
11222
1591
4853
4764
10847
8902
4796
10106
854
11435
4545
1995
12229
1293
11302
4410
7452
5322
523
6264
6781
9260
12415
6565
7690
7852
5634
10892
10151
9546
3853
299
9790
6357
12920
245
2350
2238
1364
12306
10568
4675
12904
2183
3610
11850
293
9366
10808
4419
5786
5760
7413
3896
5035
8315
7408
261
5298
3554
10387
8851
152
1952
8488
10995
3307
10647
8253
4559
6919
9412
8010
320
6816
4056
4006
4486
7618
616
1161
6918
6321
2286
2460
1853
5343
3426
9063
10413
8450
10755
7555
4887
5295
4960
6855
1322
236
7716
6735
6359
1084
295
11668
1674
4634
11961
6932
5253
1732
6504
8637
10545
2852
11038
5464
10014
8553
5081
4254
5910
8820
10391
966
4810
10844
110
1885
8063
7808
5855
11511
9518
1185
1925
11872
11648
5178
8101
8536
3997
1559
2955
4269
2085
1791
3833
5914
2630
2263
2590
10271
6596
10336
9363
522
2442
2939
10006
9482
598
6080
11953
1314
9716
263
5608
2023
3069
8332
6699
9844
10189
1597
8863
11897
1739
11852
10317
3693
6854
9605
8208
10928
5683
1533
3311
89
12296
4463
5152
2495
1825
8733
7404
6609
5414
6309
6990
501
5479
4848
1605
4645
4464
8156
5064
2649
478
3133
542
11124
5844
8113
6915
3074
698
11995
6396
4034
4477
9806
7085
3918
12734
5364
11835
1086
1767
8699
11519
7121
2965
2150
7122
5828
456
12558
6869
2122
10743
2174
459
8962
1408
6149
10068
1395
8620
10620
315
693
7269
12207
8529
255
10805
12459
5373
8866
10407
10420
8523
7987
1108
6494
121
5895
12095
4122
6304
11377
11955
9505
9880
6780
6168
9059
12890
2858
12659
5381
9861
3172
3205
228
12538
12373
4954
8490
10185
6274
847
10008
8980
11600
4733
6718
812
611
7013
10707
7145
3837
4189
10234
7891
8910
1239
7203
2199
5746
6712
7246
1424
229
10065
11532
12626
2677
4042
10916
329
6749
12718
10331
10822
8519
929
9352
8937
10203
3829
2565
1362
71
8731
1357
11021
7017
6324
8524
10404
593
8117
6126
7325
441
1734
12776
10334
477
2087
9411
8729
10764
11993
6520
9971
4619
10750
7948
4687
8972
1539
10491
5800
7855
1835
12921
8707
11680
409
4701
2086
2934
8794
10257
6240
3675
11797
8993
9786
9642
941
9705
1192
2991
1782
11700
4924
926
9374
627
2764
2092
549
4892
3076
8071
12164
2591
2676
3941
9437
12553
5916
12923
8471
7427
9776
11822
3077
4196
10368
4786
5985
10015
8467
5542
3424
7783
8269
7333
758
4057
3084
4950
3625
3838
12965
3103
8343
8824
825
5009
3249
5462
12828
95
9282
10416
72
3875
6857
6998
11848
10444
11064
4575
12501
12157
3774
6812
10294
399
12168
9712
3936
2482
11210
1661
6421
2862
7681
12933
2737
12506
9049
6969
7770
8472
12813
4649
3974
5444
937
4498
11289
2757
6057
12652
1248
11349
8009
8706
2304
1445
9290
9869
9320
12321
7945
4063
10618
11900
2735
8732
4365
4083
6483
7570
12787
13008
5995
4944
12075
7428
2678
6419
11936
13011
12764
1253
3182
8038
2143
8348
4980
2054
9779
5172
1987
3262
7448
8126
7177
4357
11809
8484
7407
12023
4332
9015
12204
7075
6375
7293
5388
10664
9636
6284
9313
11573
12005
5651
582
7370
5980
4993
2777
1168
3019
10423
5033
12370
1873
6010
3108
5300
3804
4133
8919
11445
6602
57
7019
808
10803
2694
5261
2712
6013
11089
3366
5966
5016
9028
2424
3319
12550
12811
1070
8859
8382
637
10758
8138
6964
5148
1085
3345
2718
3100
9364
7874
5666
10724
6674
6318
560
12953
9060
8827
9404
7068
12043
96
5244
5120
9704
3325
4743
6047
7982
7581
5055
8535
3894
6455
11297
11060
332
2663
2432
5194
1594
4167
3427
6369
2052
6731
11536
3334
8805
11483
10133
3088
9441
123
9892
4864
3848
6660
84
7158
11082
106
3386
4174
7089
1347
12513
1436
10544
4968
1800
2637
241
12340
7197
10150
1197
9614
3054
4204
12018
1183
2358
9274
7114
7392
4345
12033
8554
12443
3679
1099
445
3400
2580
4051
1928
12143
543
3394
5898
803
6472
4383
4773
4423
1930
11187
11747
2929
4318
10697
3794
7364
9693
12473
518
4430
8814
12870
7752
12730
6036
12107
585
1979
10891
1352
2524
709
10935
4014
7933
7336
12912
9400
6280
5877
4262
12350
9510
8475
10422
5215
667
6721
12660
2861
2156
3043
7001
1810
4080
12906
4664
11514
4023
1011
7318
2535
2140
11328
4709
5700
12531
2299
9523
3594
4668
1392
91
5412
11291
11801
3939
12993
2287
368
2363
7950
10021
10169
10836
2229
6136
10254
10466
10167
10187
10930
2959
10270
4466
3095
4446
5996
10666
8381
12218
8385
5744
5710
9516
2398
5293
10025
10810
8542
7539
11456
8032
2501
902
11613
4907
7694
3073
7676
3391
4584
4599
5518
1531
2059
8340
8628
6379
2391
1662
1471
6467
4242
1075
3514
3551
1053
8245
5640
12083
9448
11948
5501
277
7081
10356
3215
840
1621
7251
2034
4906
7799
5631
2817
4987
6664
4690
2160
8338
10807
11818
7942
1205
2367
8148
11244
11413
2625
4552
2453
10709
896
5264
328
3403
6878
9910
2599
2270
6977
11157
11167
4953
8319
2169
11793
6723
3467
2446
10906
7979
130
9051
2923
4015
12261
1462
11129
7881
4751
6965
4414
6082
7126
3687
6517
7367
2045
6582
8334
197
10349
5672
1181
1524
4752
3703
9035
6678
6928
644
11181
12840
2405
946
7405
12866
2380
8526
2146
12769
9615
7589
724
6040
12303
6579
10438
5829
10656
2394
1384
11264
11647
4579
2900
3895
2827
8140
5189
6708
12941
5902
4590
10182
11724
8871
8682
3906
11565
5057
4934
1819
157
6028
12601
482
4749
4978
6214
9114
8580
4255
12800
8556
2966
12998
4795
6117
1321
1484
8848
8316
9438
10321
6746
5975
5275
8566
7885
2491
610
11912
7773
12487
7354
11895
10633
3453
9008
2804
1071
1639
5629
5620
10125
6585
11856
3741
629
271
3431
922
8001
12971
8426
10629
1618
939
5391
2342
2041
2729
8790
7327
5227
7264
12277
3288
8015
8321
5506
11172
5393
12357
581
9478
10721
12283
10517
9764
6162
3873
5465
3814
5352
8772
10831
5339
2240
12855
8493
2412
12299
10274
5748
12
8931
3787
12104
6272
9660
11342
142
1532
8865
4629
809
3376
12848
1715
8645
2606
6317
2020
9501
1546
1391
6416
10060
5483
9792
2310
7459
12451
11675
9580
5882
1376
12142
5365
3669
12625
2003
3412
5389
7025
347
9981
1374
2402
10866
3238
4139
1724
10933
10938
10178
9894
9108
11285
11612
6949
1611
4231
7220
8388
188
10267
12091
7583
12447
10887
6995
9773
2462
8188
10505
7064
5313
9121
10301
7391
3
5713
7104
5441
3567
2755
7267
7668
4308
11136
8850
11246
597
2280
3584
1434
268
10238
5560
1823
12274
5826
10688
8761
7904
12638
573
4893
2543
8704
1809
11227
10304
11870
1418
9126
6124
11795
8744
7243
7494
7000
3153
602
12689
1379
8248
2723
7076
3081
7796
11007
5652
6693
6446
5399
9531
8606
9046
4403
9005
5450
4626
532
11475
10581
11503
1351
11269
7541
9852
2593
5162
12668
8594
5778
3850
3018
6432
7465
5591
8276
12364
6266
2315
2510
10734
515
998
3409
753
10122
2313
7322
7542
10918
12252
7049
12737
3274
8100
8027
1976
4428
5488
6423
11101
7646
3490
9840
5571
12387
12412
1312
4142
3775
1886
4686
7278
10057
8201
11268
6305
7989
12149
10699
2090
8194
619
6698
8354
7828
4144
5283
4186
3300
4791
12209
7761
12484
11711
10683
10430
3085
11314
11156
83
9407
9810
3700
10292
9453
6570
11629
3006
10007
7585
11245
11203
12228
1212
6228
9230
2821
7406
6551
8767
1977
834
12120
2264
12614
2883
5456
8146
6543
8642
4694
6555
9604
8031
6118
6828
5878
4475
10946
3269
3878
12949
4623
2646
6339
12186
11782
837
1643
7350
9140
2058
4322
4198
9775
10099
8046
1209
11518
7458
1080
754
12498
7624
365
12341
9906
9302
5076
10940
6139
9608
1107
8051
8163
1578
11426
6386
6071
9560
4889
10809
10237
2933
6512
11962
10046
2763
291
8619
8322
12902
5818
7422
3869
12710
3337
12145
10851
4022
381
11752
10047
6348
2292
6581
5779
7128
5750
578
8787
9976
5662
11798
8006
9011
3710
424
4230
6540
7820
9471
8822
2946
5558
2675
8094
10665
6178
10033
5923
1517
8390
10731
4731
12716
6390
12067
4603
4631
4858
5222
8806
3614
5946
11279
8916
2176
4805
7834
864
10727
2586
725
483
5036
2303
3505
8373
8534
3599
1935
11525
1211
12365
75
2297
877
1527
5329
12310
7443
2170
12158
11220
8571
2210
7604
8532
11577
6576
4216
10868
11800
11604
8734
1751
1412
1157
10016
6466
7631
10473
5297
12090
2639
6556
7008
1796
6125
2356
6482
8609
7502
10541
2165
5410
11851
8926
1110
5078
1410
6255
11037
7144
1851
4528
8399
6161
7094
12187
42
11188
7066
9535
8037
5991
1778
139
2981
9686
8374
12799
6244
4901
1463
5664
11249
780
8517
1481
10623
2307
1281
8561
11691
5610
8445
4912
2421
2467
7116
6545
9725
7671
104
7003
8675
9443
9399
7486
4325
6328
6501
9600
8662
4976
1328
5193
1848
6315
10250
1586
7379
5531
7437
10761
3528
3204
4247
5401
3430
1004
6179
1482
11831
4995
3168
11585
12908
421
8480
909
1237
2237
9552
7562
8184
9740
7227
2592
10258
10728
10493
4756
8167
8854
2418
6566
13003
11379
1803
7532
9598
1932
11450
1693
7774
10561
3900
12521
11127
11915
10354
2486
5782
2339
4205
2355
4538
3474
4585
7530
8967
10768
8310
2049
3075
5137
5265
7295
9620
9962
3944
8465
10041
10754
12624
1657
12302
1922
10915
8135
12504
10547
8478
3320
7256
12180
1076
6825
7115
7572
2781
2744
2072
8347
376
6199
2932
6716
11990
4372
10511
7775
1308
4044
4214
3888
3094
1934
11177
6617
8279
4867
952
10494
3363
9557
3072
6867
8966
1483
11788
3290
7390
7999
8924
10617
463
7343
6072
10283
4393
4845
7181
9829
1349
11865
12845
11979
4557
10268
11212
534
9023
7630
8869
596
9607
3281
1953
3393
5301
5023
9360
12022
3659
7052
218
6005
2151
5332
9423
6260
11730
11233
980
7602
11134
7817
9403
7843
2195
2452
12886
6033
5050
10309
2562
1487
4721
3202
6311
7298
9793
12747
904
12862
12867
11133
2881
10260
9635
6237
878
12761
2190
5425
12791
36
8181
3988
10467
659
1121
7483
9747
4286
11893
1583
1867
12757
4084
12745
665
12852
8899
10792
9890
8496
5377
7685
8190
11176
9465
7578
1670
5787
2144
68
1988
5019
7742
8166
9205
12698
5573
12408
4967
12004
3897
10911
9055
7813
11001
9905
6950
3576
8127
949
9362
12627
7449
10838
1169
11813
787
766
3109
10498
12593
7722
6840
1503
3343
4106
11738
8104
4353
921
5624
4818
4468
3216
7522
11387
2877
3783
10532
6052
11592
9124
11137
10639
11581
12366
1488
5805
5394
5597
6108
8069
769
6192
8605
12770
12654
4688
10406
8230
398
3140
7412
2749
947
11734
5984
6955
1151
9151
3527
4211
7212
4965
11270
6115
9430
642
645
12380
944
4411
4154
9723
3289
9221
4650
11165
4316
5386
8745
10789
6826
5757
8129
12512
282
6435
9710
234
1010
11301
5235
6574
5510
4417
5705
7131
8912
4652
6106
9017
5511
12016
8165
3150
480
3597
11513
2074
10626
12477
9987
1842
6806
1629
9424
8777
7431
11780
6279
9064
9296
9952
10931
1986
8458
4459
1307
4526
1923
1198
12417
4175
248
2282
7180
8689
2314
6093
12496
8056
10326
7239
12819
9183
4945
265
9152
10330
12266
237
12807
9676
11367
7639
9186
11618
9166
1971
5067
7521
5467
12557
8070
579
6769
10562
10693
559
5376
1123
12032
10239
7705
8473
875
6391
7923
7183
3003
2138
8344
11985
6302
2984
8333
8712
11559
4272
4943
10431
4342
3983
5466
3586
517
6659
11019
7084
8461
2262
3692
4676
6146
1245
5699
5310
4635
1220
4264
7605
866
6505
9774
362
9335
6542
7595
10160
6176
1498
5486
7909
12505
5254
322
7546
3117
141
6655
11652
993
551
4793
4717
1306
12196
4375
2703
10400
10791
8646
1257
839
4852
9123
5186
11570
9835
9833
11556
3410
2369
7953
2636
196
122
8855
2404
6344
8997
1610
5426
8740
4182
5704
9002
11098
9237
2844
636
4478
3555
5144
2389
10641
3630
4506
6020
8336
10443
6384
8759
874
10313
1032
12894
10706
5267
10223
951
1878
9570
11512
4607
9175
4813
12510
7840
3451
5903
11042
12563
3809
4007
5919
12165
3371
155
5647
530
11898
8544
6827
6561
8131
12534
5962
9819
4822
3924
12744
5889
3167
9902
6707
7488
10168
10556
1332
3240
10964
7619
5792
8455
9243
6814
9951
1701
7265
6476
12934
5350
9907
8416
3012
6377
6383
9334
12488
3338
2620
9268
8762
5860
12945
3061
11415
720
3855
449
258
11529
11282
12942
8826
3769
8162
448
3296
1690
2784
12438
11901
6411
3068
8407
6597
111
2266
12038
3303
12841
3010
4930
12240
3960
10702
10929
3773
216
13007
6521
928
10539
5218
8261
5504
12982
4831
2361
12696
1373
7524
1268
11469
10056
2197
3455
5682
9797
8668
8547
1826
396
3180
10105
10428
10605
12760
3667
5489
11703
7712
2502
4964
253
3696
6589
2211
12140
10468
9474
9549
10126
10335
11200
1512
1024
3937
9511
11883
1516
2597
3466
599
10086
2336
1500
9021
5799
10878
8760
4742
5595
8017
1330
461
8587
11120
5303
350
11100
6650
9182
8868
2135
4435
5188
6513
1948
8487
5294
6464
8318
11710
547
47
6823
5965
3037
5327
10232
2505
471
8239
10159
6537
2800
905
10013
238
1397
6121
2217
4259
4026
6763
8558
12991
8168
12315
6572
11794
5649
4537
801
7678
545
8187
8447
10550
12362
9067
1696
8417
4665
1632
2318
10032
12190
6094
10009
1978
8025
5221
807
12238
6211
3603
5554
5822
2584
6382
1543
12647
451
8059
3934
5158
6759
8403
5769
4669
1733
433
4771
2521
1678
6917
5909
6153
5252
85
9314
6613
3392
5239
5998
2617
7794
3137
9181
4415
5583
1346
16
5135
10496
10802
11099
3132
11013
2175
5056
4826
6431
8870
12103
1557
2794
3709
8250
3428
2605
2164
12822
2570
2928
7307
6626
1305
12729
1232
2309
7083
256
6984
3662
1709
9455
12702
1834
8989
8582
5454
11931
9914
12742
4309
8878
8887
5600
12193
2252
1042
8435
9684
7798
6203
4237
11602
8073
8953
12372
1656
10763
9559
11454
12670
12661
1310
6940
1703
5514
671
8861
9664
3357
11942
3236
8771
11867
7880
9283
4258
7117
3220
1027
12096
9176
1568
8169
10816
12777
5153
5781
9006
1689
10417
8367
10767
10319
8441
177
618
7526
12234
12656
275
9389
5345
8476
5559
10171
4997
4148
10461
2243
4064
5790
4235
2006
8700
9158
207
9379
893
2949
6127
3778
6756
7030
4306
7365
2128
6533
9545
7184
3552
5212
9960
10786
9895
8595
7414
3417
10322
1607
6035
5883
4569
12556
8815
7829
9304
6235
8180
7086
6912
7166
912
10678
11627
11193
5211
7869
2447
7704
12995
7418
1217
7809
5027
11772
8775
1850
10773
717
2753
9603
9520
1525
8353
8438
9980
4285
5174
3549
10969
7915
1933
5770
2576
2219
4270
2401
10837
6254
1945
1854
814
3406
3921
10447
10857
5308
12161
9329
11048
10787
12648
11593
7409
11139
11278
2384
11923
11588
8212
6761
5572
5850
6688
7565
337
11770
2856
11205
2137
10646
11563
4075
2011
3111
1585
9086
8022
9955
10247
7674
6741
8061
5804
5180
11736
163
11789
2903
2899
12854
12268
2614
12450
6789
8352
6685
4923
11670
4778
2925
9851
12295
10425
3590
7429
3607
11376
12853
10869
11310
12356
10450
4517
9696
12134
5490
5727
7170
3847
3788
12363
5351
5233
4659
7320
12199
4108
2136
6338
201
9540
199
382
11161
10778
11392
7754
9169
11481
11405
4252
9132
8776
8365
9377
12849
8083
9481
5920
10019
656
5250
3544
5801
10884
3831
12050
3719
12981
9769
4001
11346
6376
3647
1367
9107
2911
4856
8304
12064
11624
12728
4527
5427
7894
8585
470
1389
12441
6758
6515
3210
2921
6588
3946
5367
7886
6762
3381
9724
11066
3059
1985
1997
5869
6899
7050
3011
8802
12034
791
3526
11485
10984
1282
9617
5566
5168
2542
3808
1897
2635
6239
2687
5548
879
10612
8684
4570
1304
9940
8509
346
12817
11934
12598
9431
9269
7935
12318
4249
5714
11304
6123
7440
5762
10631
3033
9401
4159
4442
12074
10627
5071
11363
1439
4097
3031
9563
1511
11462
3056
4059
6818
2520
10705
4257
9965
1572
3147
9762
4839
8625
5471
6371
4765
3859
6456
2403
5127
6983
9555
2930
1723
8082
8763
9513
12080
8444
8396
10315
7237
2525
3734
4458
168
2738
5448
10987
958
7980
1837
3515
1573
6822
782
4896
1943
8623
11128
5496
3620
304
12932
1587
5458
7313
2465
7550
9949
8205
82
3396
12733
6495
12693
11068
12773
6874
8811
3868
11548
7074
12984
5130
2216
1095
464
6367
3036
6142
6236
7492
11444
9678
7241
11209
12231
9189
10662
11232
7234
2305
9542
493
10862
8977
2548
8917
9467
10996
3143
7823
7692
7029
4279
6677
12078
9575
6909
633
2898
1044
634
3418
601
11388
11946
576
4005
3650
6122
5706
10098
8384
10543
4467
11296
5532
5884
10597
2354
6095
5556
1522
10039
10392
9934
6258
11523
4962
2372
890
11303
11978
1009
3181
4543
10442
12248
7714
11280
2273
1208
11096
11440
3826
1547
7994
5423
10625
288
1370
8597
1112
9867
11084
4111
8097
7525
5725
12371
5866
8541
11343
6690
4010
4990
4197
2392
3517
11959
5623
6598
1438
4812
5340
4021
11550
9117
1808
10861
3293
6034
6174
5403
1763
3575
4602
756
454
10845
1604
5921
11572
2075
11884
1155
3203
2477
4992
11744
5709
150
1944
12288
669
4294
5543
4443
9529
9025
3866
5810
1877
10644
11926
9160
3208
8727
9974
12401
4509
10366
9791
692
11238
12824
12753
8433
3907
5655
7397
5025
11628
9628
4224
8504
4560
4454
6747
307
6363
11746
5037
5223
9201
5157
1721
1575
7859
4587
10148
4172
11339
11606
257
6966
9734
11887
9703
11217
7992
11141
5761
8880
2572
4837
11871
512
12239
9824
2582
8349
1924
12339
8259
6243
4500
12475
12863
247
5658
8067
6295
8516
301
195
12002
6898
11126
8346
5671
4116
6152
6953
7171
391
3226
377
8894
3523
339
11239
1798
12174
9197
387
6349
240
11070
2987
2393
10947
8693
8698
10893
8302
11076
1710
6519
8770
8738
6223
11806
4447
6934
6947
10376
4376
5776
10572
12663
3266
586
1326
8713
2706
8386
6488
4844
12726
8574
4536
5636
371
9783
7592
4662
4879
3932
8581
7280
9085
4999
2641
6372
242
2860
7732
10219
2557
10997
6247
2073
6099
3298
7609
11424
8649
4739
2123
11997
510
6524
9996
696
10919
2118
5825
2765
6292
5763
1506
9753
3611
4348
2710
1451
853
3542
5114
167
3577
8903
2188
135
8210
8249
860
9056
5226
652
7338
6575
9521
3127
5676
7472
2061
2517
12630
9386
1331
1857
417
7601
306
11952
6133
5835
4113
5075
5485
11026
9281
6201
11154
7187
5384
8422
1651
3553
4957
496
1178
9170
3828
2868
5509
6273
9849
7006
297
1164
11991
841
11714
3093
1019
8591
5614
3612
6676
10454
5113
5809
9381
6477
352
10415
5697
6312
8362
8943
3004
4898
11299
6114
10114
1958
2863
8697
7382
9267
8178
5679
9623
7312
231
10726
2413
2161
4703
7892
6924
2756
6238
7040
8941
8629
8415
11213
4744
9337
4413
4677
6440
12928
12126
7384
7513
7110
700
5124
7611
8906
7730
5007
3660
6771
1182
4121
5793
11763
8525
5198
6591
10095
7623
6675
1665
8
3546
7496
5780
8786
9142
9242
474
6534
2651
6054
7645
1184
6182
2741
2915
8552
9587
4714
7381
2368
6216
990
7172
5729
12946
9196
3886
10569
4529
11218
10770
4225
10926
9185
10421
6905
9026
6666
2809
1603
6594
4195
12633
12631
7758
2705
12830
11864
3251
7112
2715
13002
8019
8835
7961
10507
960
6637
3641
1037
8638
4636
11472
74
10694
12065
6571
6015
2530
4592
6327
9730
4988
12216
1170
4208
12829
12607
12139
12270
852
10362
154
11542
12236
6077
11590
10977
8394
9276
5472
8938
2988
5753
7374
4994
10295
7477
12939
4949
10435
7503
11677
8896
442
3512
2411
12024
8874
6539
10739
11018
1005
3736
6958
10801
9070
9373
1228
9517
4199
2992
8804
7490
2953
5268
7831
2864
7332
8823
5259
1667
9082
6610
4240
11430
6635
10241
8418
10262
12223
788
12919
87
3525
6086
1254
9393
12009
4405
8886
11206
10601
3235
4926
3952
1235
5992
11504
6422
2840
6766
1067
115
9246
3024
8955
1556
4846
1415
12436
7921
10183
7782
3824
10574
5952
10132
10740
6999
10127
6916
2375
6062
11743
11095
11253
3362
1760
10508
2942
3136
1757
2471
6408
9539
12692
6204
1150
12255
12634
12503
11393
2493
7744
2415
2943
8737
11437
11097
3606
3354
286
3864
10689
8800
37
10874
5977
9654
1795
3302
2186
12642
12068
8555
8153
11717
8575
738
3587
8717
4586
9750
706
8275
7482
9860
3198
7661
5325
9333
7608
8058
11407
3929
3618
10715
4571
12092
10062
1984
1291
6193
3657
5102
8981
2644
10592
9909
4180
4637
10333
10730
11740
7976
12958
8753
4328
6128
10598
5522
7150
4078
6011
5368
7435
5798
485
4416
10793
8214
4349
12784
2417
10395
9483
10117
7629
12233
11255
6285
9162
5309
8758
4886
2835
9077
1515
4991
4347
1888
6608
7627
6544
12135
4521
9204
6929
12391
12329
12079
3138
4140
4868
12586
2189
2948
2371
4289
10101
6645
707
5550
7015
10134
7213
3827
7097
10512
7657
843
861
9305
11340
8515
11326
3643
12414
9307
1429
1286
10110
8451
5924
12440
32
1442
6188
5164
12099
2400
10286
12664
2343
950
4958
12880
4732
9044
8565
10864
6143
4740
4336
2388
4700
5438
11998
1280
3306
3318
3807
405
10840
7501
9568
7727
8945
6018
8560
5887
10344
1200
823
4339
2806
11957
5931
3299
2298
9904
11853
8047
12013
1007
1136
1409
3841
475
4903
5487
9848
9634
10672
5568
4288
284
1889
11651
7607
3032
3374
7442
4437
11854
863
12794
3622
9451
7988
10990
138
4565
2004
1334
3954
4696
10174
2811
11992
4117
6172
5988
880
12778
7795
12349
11964
11198
2825
6973
7540
333
11721
10036
7152
1698
1716
1432
9258
3890
3178
12562
11039
200
160
12872
3617
7966
777
4335
1323
12703
6590
5041
342
4825
12549
1063
7360
93
2849
2799
2233
9461
8215
1706
5702
8440
7963
9000
4191
8041
10586
11004
12515
12533
12903
3000
8093
10839
336
2231
3197
2483
4086
11951
4315
12672
3980
10756
7226
4922
5061
11530
4614
12423
3845
10373
9446
6803
90
11312
11190
3332
8231
1946
7535
5006
11882
8722
3745
5791
9024
11178
9939
10945
3725
11295
613
7568
7764
7319
12040
169
5202
3570
8423
3408
7456
380
4036
6032
166
9460
4095
2751
4141
3200
6289
6229
3846
6733
2831
1271
10738
2944
1171
2275
9759
5881
2360
5732
9532
9253
1474
12497
710
8841
10528
6090
217
7766
3065
882
1456
8225
9231
9416
8825
7506
6167
7745
1303
114
6465
12411
9727
9030
4290
7877
8785
10714
11083
7330
48
9487
533
8397
1980
2323
9234
8929
2015
6452
9926
9018
2857
2748
1694
1668
1311
6120
7853
3984
6992
11094
6220
10776
6880
11568
6839
4160
9284
1341
4470
11649
6381
2546
779
842
1416
9944
9679
7938
5460
857
10673
12762
10475
9813
555
7136
12206
7149
2669
10774
979
10825
2436
5139
7004
7998
4850
9977
7514
6876
11091
27
646
10941
574
4726
2379
4370
5195
2779
3106
7599
10905
11079
514
10188
10097
3727
10735
3118
6347
7205
11982
7309
7450
4378
11293
12094
1002
4250
8976
9966
6370
11102
5569
11063
403
5742
11195
8512
3385
1043
9758
10324
7606
13000
6502
3581
1096
11345
2691
11811
7626
5592
6281
11892
10937
507
2820
2696
3493
2094
10535
10744
5316
7308
1905
2456
10276
888
702
11587
7191
10371
7351
8400
1029
9456
11927
10716
5337
8867
8661
11490
7261
8409
6514
12141
4088
2244
6492
3501
8050
6960
5579
5627
7839
5306
2859
5140
3813
10038
5125
12960
12584
7528
11976
8123
7737
8152
4236
1794
7947
12727
8726
10481
2093
1353
7632
158
3509
9473
11059
2152
7969
7785
9928
11153
5733
6887
4857
2390
731
2291
9043
5717
1109
3014
7460
6724
12587
3966
12900
994
11517
10029
900
12290
2907
12566
3387
203
3977
8923
4734
143
4684
8741
5589
913
3475
7856
6429
3252
5170
4775
8189
7236
11219
1213
1545
3979
12129
3231
11065
624
3121
8563
7614
5476
4913
10855
1719
10220
9807
2215
6652
8998
5590
1028
4380
3438
10264
7478
11182
11537
4099
2583
5369
2478
2480
9789
7045
1756
11564
5994
11117
2497
8652
4799
9319
8670
8508
2182
1166
6864
11473
1333
1972
4555
3255
4223
7315
3771
6824
12082
806
187
11725
8634
6987
12887
2226
2964
412
4875
9815
12117
8721
8849
1098
3183
11494
9631
7708
5596
10570
1406
3885
3698
76
2276
4711
8160
5030
11712
9995
10546
6851
2274
11689
8486
5468
8846
4767
7162
4381
374
10506
5443
5540
3166
2638
12458
9911
4787
10026
1998
9422
10865
8192
2998
178
2209
12170
4803
6989
8119
6083
1476
11802
8545
8557
12575
434
11974
6427
1387
12878
7833
2362
10306
221
2284
7385
6185
12108
6387
4832
1179
173
1773
8505
4754
2473
5424
5847
5115
12499
6535
5453
540
11474
4800
2268
6303
8935
12927
11179
323
10522
7844
8766
6039
5917
7410
5400
12749
5083
8709
7185
1817
11453
1901
8379
4091
2419
2120
11786
6615
5673
10972
6138
9954
6614
10794
10962
8784
3491
9262
8513
308
2204
9010
7230
7713
1899
1371
9985
5355
9875
927
11527
10386
4079
6836
3604
7533
4460
7706
5773
202
3663
999
1013
11958
11662
6004
3243
7512
6740
906
7500
11457
8576
5943
3411
6778
10300
2206
8045
3336
325
10746
4485
10463
9147
9092
4671
10347
11610
1758
9657
7054
2972
12756
2019
117
11467
2126
7242
1863
4843
6441
4564
9163
2977
3640
8533
4276
4776
2742
1167
802
844
7563
9827
3395
9670
1926
2623
9583
8665
9882
4452
11131
10310
5199
3681
9494
7041
4931
7033
4620
12972
1836
6394
4334
3244
3722
8211
3803
1713
2634
4016
12011
8468
2740
7621
8882
10502
11773
12987
6490
8173
9007
3707
5745
7901
9665
10652
6053
12500
9150
99
894
5406
1918
8298
65
10011
5897
9309
11261
8282
1680
281
9272
8257
1033
8695
8044
11080
5806
1788
9522
8781
12889
13009
2837
10594
9048
12214
3351
8872
3199
4819
5999
9538
13010
9699
9506
2553
924
8064
12358
1865
11620
223
9470
5447
12591
1904
101
2885
4963
674
3530
107
6894
12335
4298
5431
12175
11843
6300
8964
8551
5605
870
10955
8125
4386
10897
11616
2843
134
6091
5279
7715
8133
3812
1249
12416
4098
159
7436
4971
10668
12060
5439
7362
11761
4755
8918
5481
1633
4037
670
8736
7096
4695
44
9491
390
3836
4747
490
3196
5961
132
3566
12839
11516
4762
6250
7484
12333
354
12256
6430
10090
5901
3684
10339
8692
8549
7366
7835
2212
4227
5407
8479
3441
4245
6772
9062
9101
6743
12797
7746
7463
7100
12954
3860
9975
10660
12177
1565
4936
9763
9235
9735
977
7710
7070
447
3664
6296
9831
595
8198
2680
10424
1030
9877
12508
11768
1201
5811
11381
6017
9475
11839
3965
8412
7981
6392
10983
4916
7667
1880
1300
2873
3762
190
10584
3793
5311
5953
6605
4798
7748
6633
334
5785
9644
2999
7147
10503
2253
7975
5106
2067
6893
1260
3135
4340
9071
11492
6343
1882
7756
6298
3175
1641
7091
2642
2853
8757
3990
504
8171
5858
4239
12409
1600
8095
5582
6443
7655
3666
4202
6790
7977
10067
12979
1447
4982
2773
722
9315
10043
11890
12628
8803
6554
1518
7160
9109
7474
5059
3456
5731
6248
12014
6510
10521
6622
1875
10397
12284
5541
287
9935
11290
9137
1038
10609
12113
8335
3522
1193
5515
9885
2173
7135
6151
5045
12810
5951
7416
7917
11067
11449
4632
12124
1663
10380
10352
7039
5449
7283
3767
4311
2077
4642
11399
3415
6725
6268
7193
3170
6815
8809
9257
5323
2745
3536
1335
4722
6252
314
11567
9440
963
3649
9872
5615
4546
1542
1841
3766
7545
9144
1407
4483
10834
5402
5819
10606
5272
1617
6132
8039
8995
931
3728
5925
8376
7201
7281
12676
5031
2080
9530
1991
6996
438
4657
11022
6901
11459
9396
9198
9796
3557
452
10842
8364
5349
6287
9920
5149
1769
276
3972
6026
6792
11694
7800
9190
8537
4129
4043
9912
4367
2154
11433
7395
5876
260
4596
4408
11017
410
12805
7272
4128
9504
5976
2733
4728
1929
4784
6444
3999
8128
10934
11614
9798
10077
12697
6820
8598
8177
3908
12929
8266
5182
12227
13
5547
8739
5561
8984
6722
8930
6104
3910
1288
11949
10713
11737
9047
436
12259
592
9445
3165
4343
792
1049
11396
759
12478
3368
3341
10671
1411
7274
6736
5302
2727
5771
10563
3389
1684
11776
5508
4228
12246
4608
1814
5973
12448
10030
2145
9492
12130
12673
1704
4143
9701
4283
1951
12838
1470
1772
3506
8363
8983
9745
4660
3407
384
164
10139
7777
2574
5788
3764
10437
12172
5129
5743
1595
4566
6085
1467
330
9594
2499
10830
5512
1554
1122
4253
5177
6794
3223
2805
5435
11236
3560
4594
1793
3468
1066
9738
11284
12344
11259
175
8914
6242
5207
12202
2025
9436
8829
3101
8013
11524
5628
3638
385
8583
4054
10248
7757
3257
1358
1966
11023
112
3529
9227
10872
4330
10256
2083
11316
3217
6481
509
12307
12655
12210
685
3723
6073
11735
2414
317
505
6702
3092
8182
2208
1152
12943
8578
12571
6920
8026
10020
7141
8425
6956
6398
7654
9756
7734
7400
2301
1683
848
392
2797
2902
3342
8342
7769
1754
10998
2914
98
1738
11479
2596
7651
4151
6883
2803
2671
12055
5963
2021
1422
4473
3002
9414
11482
10131
11260
5126
3322
10608
3713
2290
3176
11288
9591
11028
9554
2534
12337
11394
1225
9371
8260
10775
8284
10338
6620
1315
967
7613
3096
5797
892
5347
4301
2523
1459
9668
2516
10170
7179
8812
919
1444
2828
7868
10226
2655
4807
10149
11053
11362
10244
1236
3842
6210
2184
5003
3792
2826
1275
4553
3772
11477
1285
4490
9989
10434
3313
778
12081
10448
7165
11657
4183
11334
2836
10441
4551
7355
7688
7462
7922
4841
278
2488
2327
2014
7198
11186
9220
12741
8368
3818
3157
1461
9476
3893
2993
7810
11636
7625
2897
7638
70
5937
6525
3874
3499
11713
12353
10978
7035
5366
4878
6450
1400
12457
1956
3962
8446
9584
12918
11702
5116
149
651
9879
5935
6849
9930
8904
4869
12217
8247
4092
355
5575
800
6269
7517
5633
7215
1797
8018
6257
5396
144
10554
8528
5609
3653
9661
4493
11003
3969
2714
1008
10679
9073
8905
1113
6963
11762
11355
9323
9938
2818
796
9033
415
935
1780
6213
6753
12988
5530
961
10583
11989
2841
11468
4597
11621
2125
4409
9898
11899
5576
620
6673
8600
11586
1050
11365
7491
5584
11597
6710
7353
7444
11010
9365
4432
11935
492
10762
10899
7071
6186
1919
12434
901
6271
9013
6612
12859
750
7233
9029
5864
6306
10523
1598
6729
7279
3446
2435
5546
11615
1188
7423
11335
2180
8220
9359
776
3304
8612
7791
12029
6653
220
12030
1801
6224
4876
8355
6081
7872
3421
2640
9544
3469
10826
5982
10681
1612
8360
7962
2081
6313
12035
3339
4860
10577
6959
3333
9919
12146
1226
9298
9697
5024
10949
3823
10141
3998
4900
775
2250
4331
12017
11361
3993
11845
6282
9534
11598
5098
3716
11224
7936
2905
7851
2796
607
161
9351
5434
6516
12490
1593
12788
11409
3573
3956
1571
9036
4558
6696
5292
4073
4187
5956
4041
10566
10900
9839
6155
3285
5670
4019
10272
3797
2602
3533
8000
211
3463
1940
4293
389
4094
4035
964
8611
819
11855
7005
11704
12293
2619
7129
10004
8683
3250
11029
12263
3457
6775
232
12691
5100
988
7703
10010
2652
12857
12336
9650
1936
1145
12977
136
4655
3119
577
4663
11400
3938
8217
3263
3352
6701
8720
4238
7026
3715
3615
12031
4287
4782
9016
1728
9376
124
3105
6578
11877
2017
395
1052
9761
5087
10939
6425
2724
11635
11170
3440
5645
970
6711
2895
7571
9947
11827
7254
12789
1480
5334
10069
11833
3683
1055
8520
97
2335
2044
6562
9135
12743
3776
8309
7531
4598
8105
4077
1417
5689
786
5477
11183
12472
3851
6402
9707
3697
3856
7946
4338
9567
440
11560
8142
11274
9630
1016
3425
6694
683
9847
11754
2399
4861
2288
8755
7238
9953
6679
4562
11812
12924
8195
3678
3017
5716
4361
4299
9671
8577
12572
4973
10520
11659
1647
9846
3384
1309
4789
12808
5004
1479
9188
9572
10018
12561
2995
2127
3913
12957
5203
3531
795
9741
2247
6000
11673
10994
10567
1173
12058
10280
10600
10337
9579
12192
1403
10462
12291
6374
4243
2445
11814
9512
10184
192
1637
647
11681
3780
11880
6137
4170
249
7788
9216
5200
6241
9991
5315
6649
6553
8074
632
4233
9210
5841
1999
4761
1402
718
4588
10243
11354
7225
12685
1204
11541
2490
3898
8174
3001
9155
3070
9982
9420
4985
3206
6988
3744
6021
5533
2722
327
10456
10259
1912
11908
7814
12407
8833
273
9387
8091
1135
11623
4713
8003
7518
10970
9245
7240
4836
5430
5395
5632
7523
10206
4003
12305
3559
4441
10818
12393
8792
9068
711
1613
12088
6714
11281
9997
10944
708
489
5342
9378
679
9468
6412
2912
2431
5326
3844
6170
7287
832
9553
12201
2790
5555
8141
2241
62
7636
9803
4312
6957
6552
1862
2347
2366
3595
5422
606
7591
10588
9627
10658
5054
9042
4157
12546
6939
872
4392
12975
8888
716
11189
5507
4648
12429
12105
5611
11608
8183
10381
827
4544
5017
4891
9375
676
2518
6342
6930
1636
4554
9256
8307
7352
1111
851
10538
5318
10388
1087
9322
9273
11733
5708
9428
7615
5201
4706
8086
12620
2916
2940
10358
11828
689
2819
9145
7653
6586
13001
6445
8096
10465
11130
2344
7931
774
7924
10240
9618
2378
1214
1148
5747
5796
7140
11970
1718
4429
9562
12323
2688
10104
8391
172
2012
5912
11720
7470
8477
3107
2865
7717
5723
1283
12771
318
10200
7911
10651
11963
3497
4540
9942
5661
11049
2577
7027
2689
600
2037
12183
12015
10216
3861
7937
9856
5240
5794
5772
7067
11956
12936
6900
11678
10526
137
3670
5752
11109
12331
2245
5286
2917
12057
8172
1849
10559
10084
4119
11933
8459
12102
7079
6417
9288
5650
11791
8218
658
3563
2377
8270
1266
206
6105
563
5808
10850
1301
435
2104
5005
9884
12159
9821
9037
10525
9239
73
3422
2974
5626
5111
8236
6852
3579
3507
8337
4873
6157
12144
7176
10975
5680
10492
2538
4969
12715
3087
4166
147
7792
7471
9405
8603
3532
3508
7302
9112
5565
2271
3857
2989
4641
11006
8671
5712
2139
7399
2667
3104
2886
7971
8714
11364
957
8161
12195
11507
5205
6173
9958
11476
845
6169
10514
12012
7476
1883
11332
5814
9888
11412
1317
10418
7339
6618
1640
2951
6458
2876
3916
1187
9208
9084
10680
884
6290
5955
3258
10957
3470
11937
13005
6795
7682
7347
10780
4049
965
4156
414
11862
8405
4705
12354
6530
10040
6351
4941
7457
6485
2337
8627
12834
12262
11684
7380
10883
8510
9503
11000
4032
9449
2078
10076
1858
9301
4574
5807
3520
4974
6638
12406
12404
2068
11242
8982
416
10718
1072
5899
11759
12462
12093
4158
1774
5452
1523
815
2931
5941
3786
5175
3568
6882
4870
11105
1622
2775
1413
2618
6672
373
10881
8747
10483
11775
6765
5978
7954
2875
8274
10698
171
5929
11886
262
2260
4479
12694
7415
3791
5074
12766
1830
2455
6526
3642
500
12445
140
8404
6337
763
7689
8971
3013
12832
12552
18
2772
6076
4471
4100
12518
8654
9306
4327
361
2769
4877
3060
2221
6135
4932
9089
1939
4124
3635
3437
1937
8328
12688
6473
2957
8313
6860
826
11631
11501
1302
12182
8832
174
9709
5656
11779
1967
2409
9950
10741
6069
1846
2539
2321
4511
6111
9808
12426
426
553
9316
8730
12926
7805
8159
10736
3291
9897
9817
2626
3720
895
8687
4678
11266
2108
5553
2789
11966
10690
9130
4215
1393
7393
746
10942
3931
6670
11575
6870
1658
981
11748
2555
9100
7125
10551
9328
6470
7696
2962
5094
2754
1960
230
1623
4689
1199
9673
8862
4152
4261
11824
8243
9541
1125
4438
7573
7767
9812
3401
1139
10820
6713
10993
10823
7377
6734
12304
2469
6641
3535
80
12793
1859
10445
1634
1460
8204
5176
12646
3674
4130
11888
2767
4681
10943
11497
7255
5945
5599
5291
8389
12427
6974
8246
5344
3822
2982
6463
3714
11057
1126
11016
81
10162
10073
9004
9087
4391
3195
12940
10384
8378
66
1158
5110
5663
12865
465
5817
7507
7687
760
12243
12721
691
8723
7644
7133
5047
615
11034
9778
5290
855
7221
9286
10622
4087
4266
6352
2958
650
7826
10749
9551
8590
129
9344
11069
4149
699
11760
5598
6088
11356
2870
11254
11709
11879
6433
8424
1091
6012
6559
821
12273
11047
6720
649
10166
11147
3151
3142
9249
11248
14
1431
9432
2281
3471
8808
7218
11996
8268
59
3540
661
69
494
1828
1973
10575
4012
12156
10312
7919
366
5728
10828
4400
9916
6952
8377
11075
6858
6378
5494
9317
1336
9171
12010
3605
12913
10979
6489
7073
8116
12551
8111
4090
11357
9595
5668
11774
4123
869
5646
3704
7270
1342
8602
12386
3676
9993
1831
5362
4359
60
8656
3207
4816
6291
12250
1649
9050
1975
457
4120
11300
5698
6770
1383
5516
9526
12480
11321
10055
11146
10370
6166
8121
11306
213
2300
11574
5722
1947
11113
10299
7324
10719
3694
1074
2227
8157
7044
9
12978
2682
6301
8297
10516
1644
10027
7898
12439
11333
4601
468
2622
6817
3994
4794
10648
9653
9039
4578
10363
4456
3634
1263
7873
12640
7159
1737
5079
10557
5104
4137
12001
1660
11837
9091
8655
7098
4718
1423
9336
3448
9119
7311
5187
9341
8664
6687
1430
1874
5939
11841
3658
12871
9766
8175
8289
2874
11230
8821
11792
12767
1818
10446
4750
4476
3433
6532
1421
3510
7383
7930
11739
10571
10059
4736
3483
3561
1903
761
6835
5038
6584
10308
4104
3247
10515
10589
6509
6907
9459
4802
12319
9957
820
12517
7993
4613
10128
5437
3749
10157
9862
9247
2695
7146
7902
12916
3711
3169
6144
4532
10116
5625
5044
10088
9889
12049
11847
1911
5053
12802
1938
7816
4103
2089
6742
6116
8300
4061
9395
5736
6951
10251
8358
2022
4492
9830
8992
466
10853
10843
6856
12622
11954
5557
2065
12461
7103
8330
1771
12796
9887
12153
10343
5359
9213
8573
7092
11122
8584
1959
5478
51
5371
9959
6059
12222
12483
5888
8666
6671
1614
9266
191
2624
5604
7927
4888
10288
11324
476
7196
1747
11701
4074
4046
10054
4114
2838
5392
9019
6195
11471
6358
1354
3029
5549
2908
4420
10657
7388
8057
3872
1097
9463
10877
2370
9782
6232
10602
5236
3717
1549
7879
8092
5428
10849
5091
6523
10374
2854
4136
8845
11920
5694
12542
8254
1856
9104
10813
666
7559
10177
10
5118
8774
6497
5854
973
12378
12735
7731
6234
5142
1893
1350
2947
6341
1558
2650
8427
6982
4644
715
7735
11552
1366
1276
6286
11460
11576
7600
11119
1119
12297
6294
1707
9418
9127
9556
12197
794
1519
8801
3987
9901
1552
10692
1750
7895
10912
12874
7282
3057
4273
5848
6221
12861
6209
7253
1752
7127
10902
8877
7590
1073
11925
3562
9081
5429
2648
10281
4282
313
5108
7709
8089
458
1102
9388
12608
3230
12264
5601
3329
8506
10107
12100
2232
8264
11247
4045
11815
2148
1811
5839
9924
10578
9641
9327
11891
11777
969
10048
8933
1692
1385
9886
12884
2798
2311
3967
11151
1159
3375
2782
1968
9649
7102
11371
643
7358
9864
7038
6863
8956
4482
4753
6832
156
11228
1251
11558
5257
5065
9719
5738
10375
5983
10777
11977
7328
2990
5657
6278
5105
10357
7113
5336
4651
11860
10440
2265
12899
2698
10669
2155
12809
10399
8320
8810
4201
2050
4507
608
12173
12818
8361
12992
341
5273
3689
4317
10298
2700
1630
4280
1127
7765
7780
8939
5840
1153
8042
5968
8679
9318
6796
10205
5321
12731
1130
4698
5950
4153
9781
6307
8223
5580
9192
7677
11656
10024
12275
11650
7245
3134
11869
3023
3486
4418
4125
10610
9111
12680
2783
3146
2906
11164
6834
3754
3264
697
7549
9417
5085
11341
3287
11318
11832
5341
9202
1913
10948
3624
12615
1215
5823
12527
1672
1992
12706
5270
4986
10832
1401
10486
3834
12815
7603
11522
11929
12402
2739
2203
3227
9312
5475
7389
12758
8579
675
4217
11969
2121
10353
7031
11555
4919
9265
609
8996
9720
6067
3344
11932
10619
2824
1388
10108
1131
10645
4089
12280
3631
5942
5109
2656
11149
7244
662
5262
4093
5493
5803
11619
1473
7876
10685
10396
7845
1117
1006
5606
11121
10403
4364
6189
7057
12432
3959
2752
12198
9240
12875
10079
4126
5862
11359
7207
4820
12132
180
10145
3759
3326
768
1278
12540
12114
1069
11071
12137
9624
7741
4577
9058
11015
6623
2711
7357
10115
11639
3524
1768
4076
9743
12683
8007
1620
11283
8672
8421
10655
12582
4984
956
5314
11547
12200
9179
6752
7983
1581
5638
8921
5593
3102
4797
3982
11372
11973
3462
817
9489
8408
6231
7473
12576
1950
8240
3312
2922
9525
12194
12883
12935
5001
3891
467
10914
5971
3064
8466
6933
1132
9528
2088
2901
1174
3297
3789
12581
6897
5296
7224
2235
2166
7467
10173
7142
3629
6777
703
3498
1012
7579
10302
5232
11337
12922
266
3276
3149
1697
12287
1191
3055
10320
1001
4455
12028
53
473
12281
10072
3539
6629
5121
12868
4171
2657
1425
11197
1065
3651
5894
2890
3309
3482
2893
4192
3259
11040
9178
12708
5765
7300
8005
7861
11431
8701
3865
6744
12062
8959
3973
4178
8483
4905
2985
1031
3925
10710
9820
6791
12649
8844
9168
12466
8401
4155
4029
5958
11104
5405
4048
11808
10229
1296
1564
9588
9486
2839
11699
9128
2100
9391
1962
12230
3758
1499
10195
11056
10611
12072
6362
11596
12171
11607
6048
2178
5089
11686
9984
12567
10227
3852
102
6628
1325
5147
11330
2758
5739
10472
11398
3443
8029
2055
6156
11698
12003
1673
7656
4362
835
6802
11009
640
6764
2261
4849
6393
5409
8419
8773
12579
2743
11611
165
430
12526
4173
2879
11667
2545
5816
6668
11180
6808
3416
3047
5687
529
4146
6267
1805
5134
12783
5022
535
9057
3750
816
6921
5654
12267
5616
1227
5008
1059
11687
6926
10089
10214
4389
9141
8179
2683
11298
2069
8109
2141
1361
9585
5086
7123
8499
3644
8719
6599
5539
5051
8325
4013
8428
8632
1142
8847
9384
2147
12308
6945
324
225
5156
3461
1820
8703
4541
11719
2251
279
9383
4260
4788
7728
2481
1892
635
6936
3968
10565
4715
723
612
6991
5586
11988
7660
10682
12568
15
78
7643
7088
359
3889
11505
2302
12955
1645
1844
1833
9088
10002
5619
11902
793
9578
7995
2608
10348
11506
4531
10708
744
5049
10411
1355
11199
2892
6147
3820
2406
7612
49
1269
3191
2016
694
12289
6569
7973
2223
11660
6361
3784
3193
4221
5986
11309
6454
6844
8366
1909
719
12882
9161
10558
1141
406
2213
487
4640
11061
4712
7762
11834
9998
8115
12759
8393
10028
3950
770
12717
755
3882
11939
1942
2850
7842
4699
4497
2587
6631
8106
677
12418
4970
4193
550
6096
7504
1982
4646
2258
9299
9658
7726
1478
10950
6334
8601
752
2001
1324
12251
205
7475
8681
5893
10192
8674
11861
521
1608
11549
11918
10161
6592
10766
3619
2609
8875
2512
10314
12345
1582
5720
7402
4691
9090
296
11626
10389
1274
10109
9348
8842
4508
7634
9507
6206
4165
10769
6732
5675
1466
11035
12150
6842
11294
11829
2896
797
10049
3444
12486
654
1671
11654
4326
4210
2967
7925
6469
1677
10328
4633
8621
1258
11947
7884
4070
8372
8305
9868
2778
8323
8843
7297
7711
1884
5210
5209
11646
3901
6634
9622
10999
2686
9413
3130
2098
3248
3120
2515
5411
5096
4480
4374
7818
9472
836
5954
4809
11087
10723
11874
5795
357
12963
10591
11196
9433
10275
7819
5900
1717
4018
5535
7257
2771
3593
11906
11980
9573
2338
5415
8369
11486
5324
4643
3981
2256
12967
1705
2918
12720
8002
3760
5151
5635
394
6624
8856
6541
4522
7432
5419
11461
8907
5408
5622
10464
1377
9865
7047
5684
12905
9825
9022
21
8258
6027
5832
10074
7554
6640
9854
10961
513
4040
4720
7943
8780
10045
5160
8151
12879
3519
4082
4947
11889
3726
6251
7464
9767
4424
1154
2699
6308
12211
6461
12242
8072
9408
3964
9392
4434
12785
7575
6101
7469
305
8963
6222
9863
8969
2395
9200
4358
1468
8136
3608
9900
17
1989
3989
1981
9496
12469
7916
9794
1118
1040
10383
3194
3802
9576
11215
7698
976
11873
10783
3367
8658
5066
1993
8233
5204
11784
2464
499
7850
4425
5990
1396
4838
4702
3152
12907
7303
9647
12271
10898
3518
6025
10360
7174
9500
7080
9694
6616
10628
5417
5282
6888
5602
2920
12109
9027
6946
2397
11756
439
6014
8543
12719
3582
12699
1914
11692
10795
7669
6145
3315
8885
12980
8359
4275
7929
6325
5281
1526
6129
10696
3478
12278
940
3272
11484
3008
4523
5612
6546
5048
8751
8949
8112
8951
8288
12410
8724
9876
948
12779
5686
10951
2631
12592
2158
11401
6751
7060
5677
11510
4102
12911
7434
11821
508
1365
8548
5915
9187
9173
2171
728
7209
1829
6937
8853
3328
10982
8834
9708
2196
5703
546
8164
3218
3992
5333
4071
11
11987
9233
5046
6207
8193
5442
9356
8752
2954
3578
2267
11960
1740
3781
7275
9640
8489
8130
859
4624
5993
11599
10042
4556
8708
9690
2770
11103
7515
8750
5374
1105
8442
11429
6913
7294
8062
2878
9270
9685
7738
4355
5947
5906
10936
7906
4481
4568
11241
9054
5867
4194
1502
9597
4611
915
6527
3277
9687
11640
5718
8449
3516
805
224
8308
9577
3481
6643
12006
10917
1974
5981
5863
6611
6276
6774
5775
8186
3316
4628
6103
3858
326
1742
11447
3188
3335
1329
11169
3314
714
204
4768
10303
11972
9891
7577
12559
9986
6180
7663
4268
11778
431
6353
12833
10533
3360
1965
7956
8999
12580
233
1048
10890
285
6366
4445
3805
7747
6841
9357
10560
8521
11375
3691
7806
43
5039
4573
1298
10650
9713
625
3737
8979
3752
9768
10903
11676
4769
8568
118
6895
12570
12798
2533
128
5851
4164
10471
7529
8277
3372
420
7551
411
3190
264
4604
9280
146
10527
11237
10209
1555
9102
765
12101
2791
11184
4427
4777
9001
3503
4897
10848
8132
7858
8783
11418
3186
3504
383
2793
2278
5659
11632
6767
10138
12790
105
9493
1602
1580
1682
8852
12342
12738
6075
12446
5190
9164
9751
3487
3955
1725
10332
11225
3286
5145
6573
1203
127
194
11531
1816
183
10279
3294
526
5276
4177
3915
12160
8705
11766
4502
9918
12629
9809
849
2564
8014
11383
4942
914
11272
2909
9811
8735
6656
5534
2269
7900
9154
8531
6748
4002
11984
9122
4639
6044
6225
3383
8900
11313
7781
12585
5206
3602
11384
12827
3185
2891
5789
427
4724
10361
498
7398
11144
9780
12020
4741
6016
2201
7951
4313
11275
10061
10023
6872
6089
11338
3917
516
11723
8764
9427
12740
2702
372
2224
1246
2306
1927
6994
10432
6448
12495
6336
5491
2759
6558
2134
8677
7042
7912
8538
6453
10405
5740
4484
10123
8798
12713
2293
7199
2364
2426
303
3192
5042
10920
6217
5885
7893
9656
4827
11816
4212
6853
270
3022
2207
5987
1221
386
1128
11192
6233
4519
6809
4344
9899
2027
11903
3708
12910
1876
2109
7046
5228
12686
7454
7301
45
7640
7779
11135
11488
4457
4219
3957
11557
8831
10156
2889
8263
2013
7939
4296
4107
103
5128
12522
10340
4516
1534
4989
1963
10923
2116
3609
11538
11152
3173
11273
4730
1360
7396
3434
50
6648
829
1083
9590
2971
1807
12765
562
7960
9143
6925
9558
10811
1497
9410
3212
9452
5280
6657
2983
10860
10835
28
1094
3862
3292
10410
12709
8431
10051
7061
11905
8673
5498
8630
5834
12530
9547
3476
5726
4606
9963
9390
12052
7552
4833
5123
2927
7378
3876
3899
5857
12138
5360
7250
6102
11655
3021
8498
12507
7200
9589
6838
1687
12395
8124
6779
925
12225
8986
12986
3951
1003
1731
7807
10477
3278
5251
3349
8267
2913
5764
735
11344
6226
5179
292
9457
10782
10954
8021
7675
10695
12084
4815
1536
1319
9435
4685
12684
5169
784
10616
6031
6726
11669
8961
12891
10921
12071
10346
12700
3854
9120
12548
5436
5133
4593
6130
5474
4895
955
12027
12367
12675
3495
5213
4710
6030
7155
7192
422
8973
3671
67
235
10102
9263
11968
12895
2632
3537
7204
10965
8813
8840
6202
11909
7797
7248
12147
3447
6407
198
4704
1541
10017
4539
8746
3007
1390
7499
12449
4616
5416
8402
2423
9184
488
4110
8958
1566
10499
4533
12937
11493
9667
6055
1386
12885
511
12532
3747
12249
4439
12831
10341
9172
79
1079
10181
2066
12051
10427
4863
5874
930
5269
10201
9593
11077
3015
12493
11543
2508
10093
8191
9581
6884
12328
4738
8299
5196
6475
10285
3943
5159
345
10083
12026
4759
6785
8913
2103
2346
10355
1359
1949
6350
5974
9325
12750
682
9324
954
10963
1765
7069
29
12405
2192
7037
7863
1896
6922
1427
4031
11716
335
11638
4047
12399
10531
3435
5767
5285
3712
2408
10488
8209
557
7175
3926
580
7574
1711
2511
10595
3840
5225
1426
1628
5529
4981
9908
4835
6786
2866
8387
5587
5379
4804
9349
2324
9721
10519
9967
7593
4692
9020
7786
3347
1015
3779
10529
3949
9718
11166
680
3746
1344
6097
6873
11551
6275
11395
3751
6871
4341
3452
8088
3777
7285
11799
3770
7439
5150
3016
7120
1574
3261
4972
344
9228
8158
9236
12736
12208
321
6891
10003
11753
933
1345
12148
936
9937
1787
10031
3413
10144
7821
12048
5536
3816
4595
11368
61
11366
5755
3066
2575
1241
1513
584
25
3323
9502
2463
5812
4908
125
8690
10202
5101
8796
11591
4469
11665
2615
10643
4510
7344
12471
3472
5815
6345
4
9881
7009
11277
4890
3513
7151
11138
10824
3655
7316
4062
6262
11943
9409
7990
6131
8443
8185
10230
12623
1702
316
5524
10078
8879
363
3473
6737
6902
11369
8928
10504
12237
4547
8502
12569
572
907
9382
4115
1495
10846
12491
34
272
6002
4859
10378
12964
9009
9355
4284
10058
1866
3626
7985
4576
5711
8858
1194
11579
6299
2349
8469
4983
4847
5526
9490
10401
6496
12722
1675
1104
9802
6043
289
1786
8380
11025
12714
4363
7784
1240
538
3613
7317
1144
11666
7447
7875
6536
8102
5090
8514
3668
5621
10910
10542
3113
12069
5886
923
1273
5312
9592
8452
10414
5330
3450
6706
11443
11404
119
9254
8406
11174
10687
2717
1894
3811
3279
3128
4246
9115
5084
5846
6508
2692
8765
5018
11107
3246
10426
1843
3219
2937
9626
12925
6084
12076
3685
5143
5028
4150
5463
0
10158
8306
10252
10191
11528
10176
8398
10140
7932
8626
6265
5328
1337
9345
8278
5274
7386
7986
8564
30
8562
2647
5737
4256
2000
2810
2225
100
11142
3502
9672
7952
2029
8816
1821
8667
145
3253
4496
4004
822
8287
11350
4379
7519
7857
4465
5002
12456
6948
7048
5972
4515
2376
1234
1864
11160
3091
12529
1917
1279
3680
10075
1146
7564
8669
589
9326
7361
11411
4163
9569
6805
8613
4220
11380
3340
8271
11466
1114
4589
10973
3265
10001
4716
1292
8540
8453
9842
3458
5585
4693
9156
12844
6181
12643
8497
7896
10663
12897
12578
10497
1659
10242
6538
1116
3912
10143
1664
8244
1890
6484
5163
12651
2654
2410
12431
4928
10266
7273
10484
8103
11423
7495
3224
8265
6029
5735
918
897
77
11764
12820
6833
10485
5562
5219
7063
6424
2730
10213
8066
9330
11115
3239
1509
6056
5012
6738
5459
4781
4766
10798
8413
10635
11421
10037
10889
1115
1284
1900
5551
8768
3038
6944
11446
10971
7684
3867
7299
9252
695
446
1340
991
8370
4581
1590
9599
9153
5564
6757
6865
5831
2685
9079
6797
7838
1775
290
9442
9757
3870
1969
9524
12681
10212
7326
7699
219
10757
7941
664
6457
3591
9385
1394
12179
7723
2248
590
1535
10553
12782
10034
4871
12636
1464
4384
1638
2071
12086
10593
4388
12019
1381
876
953
2115
1504
3801
9956
7024
63
11706
11358
2057
6782
6647
9515
7958
3768
6493
7633
2234
11595
2726
4855
6009
12665
11027
10429
7028
5230
5696
9034
12400
7719
3284
4622
575
8782
6531
11370
9080
5853
8087
1799
4020
1490
7259
4902
12701
5934
3903
2076
12792
9509
7598
6326
3639
479
3489
1082
10540
6528
1223
1609
1369
8640
5936
865
10819
5852
2802
3701
7776
5014
10082
1265
558
12662
11790
3184
6190
6200
10913
11315
7964
12379
1222
7018
11439
2960
8659
604
1036
9308
4505
3254
8065
4234
11578
2855
1120
6830
1045
2450
8283
992
9717
11092
2492
8414
11286
2507
11305
9447
11234
10196
1339
1691
4534
8636
2653
8618
6297
388
1577
11945
11360
5080
6700
1790
7596
9633
2042
12212
9746
8970
2
10489
6046
6886
4748
10070
2776
10615
9303
7567
1560
8237
2697
12821
4561
9426
10402
11731
6413
1529
1196
12066
1669
4494
1356
1785
8411
5741
11093
5446
12176
2443
3164
8371
11941
603
2544
9689
12600
5827
3160
11132
2573
9964
1961
5287
11913
2732
8991
10799
11983
12609
12384
5398
1256
4407
9251
443
2345
12047
4168
9736
4277
8481
11252
9571
10684
7249
7419
423
5940
2295
11391
12327
8890
3189
7793
4504
3114
11140
302
9749
9651
12279
11826
10118
2230
5224
10636
3821
12541
3139
5238
12947
10745
6335
10781
7164
1648
4377
11451
10142
2320
6487
8078
8110
11921
8053
7372
2975
6364
8036
10197
5879
10880
6728
7348
8076
10638
2601
3405
343
5911
4961
4371
2474
5836
9903
11055
2904
12037
9131
10989
3187
7401
1368
12479
12989
4824
2540
2357
764
1090
10393
9873
10875
11745
3740
2709
11755
8392
7548
12008
7888
5653
6403
4248
11634
2117
4068
2332
12502
5802
1530
9358
5721
8593
11515
11696
9321
2407
10284
1871
9229
10752
3390
6023
7055
2325
971
9045
4851
189
4385
6942
5908
541
11385
1378
2328
7306
12123
7649
7789
9450
11594
8952
9845
1250
908
1496
9264
8219
11455
9212
1501
10732
1847
9439
2519
9645
8437
9706
987
767
10208
5052
12247
3521
5603
9207
7910
726
9014
3601
1025
6468
10590
10858
309
2283
6567
9788
1233
1088
12795
10439
7190
12780
2746
11715
6607
11502
11866
3398
2684
4746
12974
8229
6261
2506
7118
11470
1537
9095
10587
12667
5570
8293
3429
7700
12178
8460
8434
12669
3308
7841
1576
12244
7143
12482
6727
3159
10614
6474
310
5685
12235
6914
12763
2316
568
4162
12352
7534
1017
10676
1100
9219
2970
3871
12422
1363
7760
5256
2871
12952
7720
6875
4638
4118
7940
11637
8716
6625
638
2832
7536
5641
348
8122
6434
12511
11002
6503
9072
5932
868
2812
1588
3280
881
6001
46
364
1189
8718
11325
824
8202
1685
10879
10124
8118
1259
10924
7860
10100
11123
4354
10412
12545
11830
1619
12455
12752
3020
3556
3648
1255
5237
7252
179
8539
4406
818
6171
6976
11373
413
2662
5913
340
11319
12191
4727
7119
5997
3545
4814
6041
6160
9979
2842
7637
8317
4081
12804
4996
1868
1244
5305
12594
2801
94
12909
7438
6549
4135
3558
10044
6695
3213
8456
12644
5944
1064
2359
1210
10377
1343
7305
7411
7753
12851
11535
1635
4085
2750
5521
5630
10700
1458
1035
12098
5021
12203
7736
9561
12162
3432
982
12539
8457
10290
7356
6003
11162
11088
10992
11617
7010
8155
903
2713
4030
4304
2277
7616
1103
351
12122
5749
10186
5266
1561
7056
5461
10224
2487
370
1475
6092
2416
4647
4267
6787
6078
2172
8911
6373
2007
1563
5258
6621
5457
8495
2352
4462
5119
11663
6768
7984
2768
10779
8023
3572
33
1759
704
6943
653
4440
9637
402
10129
7584
6604
6404
5607
5856
3379
721
10552
4811
10265
1289
6164
12320
7093
7168
10152
3702
1815
3099
3843
7511
4910
9113
3785
9297
11796
7340
1822
9310
10537
1316
8817
688
8470
3832
3743
3129
10194
3589
6049
8311
9932
10886
3163
6150
243
274
3156
1320
4549
7996
2205
4666
3112
11086
10812
404
10790
10772
400
7768
1375
3569
1845
10729
11207
3148
1746
9495
4563
3125
10297
2780
12184
9612
4451
12814
12679
5783
5849
8522
3628
7219
3044
10901
4278
11033
12537
7134
10712
3283
3661
4512
10154
4674
6087
7216
12658
3656
7331
9994
1824
8715
4854
2454
