11878
12959
3083
1007
11133
8935
8044
6389
3724
2060
4514
1569
4791
4498
5285
10506
3940
10053
9416
5928
4657
11572
12595
3478
4658
597
10740
7005
3455
10384
11642
12181
9565
5889
3062
9272
4127
9633
10858
10036
3387
1106
10524
356
5348
544
8792
3288
3667
9210
2040
10548
1392
9076
12962
10806
3830
11111
11185
9291
9204
11962
8838
2422
8006
11348
1690
2496
5786
11307
11466
1043
6116
6399
6812
2258
12425
5720
11751
1124
1272
9111
11109
11646
1766
4325
6753
4418
10035
1257
12861
12009
5553
3765
11276
4881
9946
8411
11029
11072
8255
8528
4570
1385
6602
2330
8263
12617
3833
5291
11376
11408
9544
4028
4450
222
2503
3007
12736
11232
9703
1542
7336
8335
10896
1469
7771
4709
6511
8569
6842
1230
4946
10350
1042
7459
8867
11510
12447
10007
10733
4956
2200
4338
730
9644
10218
2844
7722
4903
2468
10385
9674
2426
10691
2578
7927
1748
1810
2712
3488
10730
9197
9971
3970
11813
11208
4026
1812
2411
4715
4967
702
11210
9858
9286
2428
26
8911
4192
5579
10410
3677
260
5077
11110
8497
11968
6850
2941
2502
7540
11480
12037
516
2839
8472
7031
6180
11697
3361
261
7877
6461
8241
2859
7941
6805
3026
6404
3279
2516
12224
1908
924
7114
8011
11436
1688
12735
11432
12973
2186
637
6891
7099
1176
5981
152
4400
6107
3172
12355
12351
10954
5785
5296
256
10096
10967
2956
12635
9153
6896
9013
1245
11162
3492
4539
11472
5449
12167
7391
6545
8832
473
10751
2026
9313
984
7233
11247
3597
6332
3781
4932
7199
6440
912
1326
12426
12430
4735
4039
2816
11310
11821
8582
3325
4425
744
4853
6861
12532
6231
8300
64
5336
540
1734
7789
176
1008
374
6662
4119
6735
11069
5147
12259
2160
8664
1035
9418
9426
5836
1156
6407
7344
5384
3392
9028
2357
5519
7960
5505
8513
2500
12110
12666
8243
4533
8149
10694
3818
8632
5343
11844
7647
12242
7416
10536
10291
9889
6322
11884
1061
8342
2955
3815
7830
4395
3234
9499
7797
12629
9803
10721
3266
11863
11245
5617
1449
12696
4071
11961
4999
1529
9783
2439
11582
11373
10607
7935
4786
6069
668
2030
8858
646
9596
820
7408
3189
11422
3819
12514
997
7863
4927
9663
11170
5401
6623
8136
4785
11908
1285
349
7446
1296
5956
11331
12382
3576
6506
8444
10989
2544
4866
10987
8943
6009
2425
12683
1667
7871
4879
488
8333
3498
8781
2387
989
10804
2504
7854
2283
7921
2031
12526
5514
11794
8273
12184
4920
7902
8515
3976
9053
4885
5711
6318
9824
11134
11265
3122
386
6273
11456
5108
2588
1074
7552
9483
5163
12621
9141
8600
11786
3087
2794
5347
8417
1137
6674
12638
3919
7469
4583
12729
10611
3747
9085
4060
9601
2570
6139
9707
2307
2531
3573
3510
1202
3163
7587
2471
9697
8843
1869
8597
2978
7020
264
10200
10227
10102
1033
8473
8428
9708
6994
6531
7909
2888
9208
5243
117
12161
5240
10110
712
1172
4308
909
10174
1699
8471
10143
2044
12356
4737
1494
12050
10674
11289
8493
4412
2083
8642
10175
5037
12889
11114
8390
9425
5134
6401
9885
8427
232
205
12102
6120
4443
7372
11580
9411
8334
8760
6672
10744
10699
4681
4798
3343
2183
7404
8166
12628
12479
9794
6823
4270
6068
9391
8053
5965
2462
3002
10797
6388
5137
2864
3527
2005
6238
2479
2105
10395
12978
757
2406
11453
10945
2869
9035
11604
7989
4396
11545
1132
5543
3963
3202
12521
9545
9607
5138
12634
11592
6732
9536
3622
834
8061
975
9954
10493
6698
7131
2495
3330
9181
3998
4194
11585
4720
9242
6833
962
4033
11670
5466
4630
12780
4475
7662
10494
11747
9850
2430
506
5944
4298
1504
8512
12549
1182
501
12441
1941
11613
11078
4884
3059
343
588
12264
6462
1162
6960
8985
11443
12089
8227
9605
9382
10170
2896
5381
7569
5960
4390
304
10926
8805
10322
7089
1835
2286
12467
10599
489
6500
2042
315
10654
2566
830
9888
6867
11620
6982
3263
10212
9880
1239
5931
8574
9969
6250
3439
5562
2465
6950
20
3023
8554
2773
6202
9482
9612
6841
7554
10876
6614
10381
1567
9213
4659
9788
6802
2099
3614
8519
10852
4700
4986
8612
9836
3989
2643
7795
3429
7825
6485
6965
5534
1175
4938
3204
5919
6358
7082
11847
2242
4449
875
1226
8049
1198
7254
9036
7749
10554
7756
7440
4402
3575
7714
6007
8587
7493
9415
2168
6071
12682
9356
1515
9843
8182
10423
8434
983
7291
132
4808
12230
7884
6302
1852
9766
6352
2849
5070
10452
6204
5422
10889
7706
1
10013
12838
2269
12763
12344
1619
3426
11056
378
5613
9136
9878
11914
485
6067
1541
5236
3694
5254
2581
5478
2800
12409
2260
7056
6490
10832
5849
1818
641
5904
2988
10209
9479
1627
1443
1367
6142
2157
2743
5741
11633
2431
4386
12886
12463
4838
8380
6341
3257
4403
5572
4013
12753
211
4609
12966
6879
11699
2589
1658
5242
8348
3158
11339
4979
3892
8859
3321
9310
6577
8577
11120
5058
12329
2658
8761
6395
12977
12185
274
12791
10010
5937
213
8903
6628
6684
10503
7687
8440
5241
1166
10642
4399
11321
5719
10976
2097
4165
2799
11263
1750
9718
733
7247
1168
667
11351
7790
5250
3297
2388
2087
12345
2747
5571
12794
4662
10455
5636
405
11204
10065
3738
1955
2872
8072
7212
1294
4398
9554
1351
6971
6390
7182
5300
2444
103
8701
3993
6084
12414
6676
3377
2319
993
12748
2847
10002
6653
3590
5344
2421
1453
5154
1668
698
12413
8086
8178
9058
10211
10183
8327
4377
960
3595
7447
6424
7841
6080
9132
8082
3565
7799
8565
7605
5342
10839
3311
2202
8928
525
7972
9038
11182
9062
4854
7456
7862
11674
9239
10762
8780
761
7228
1901
4705
9772
10519
1958
12054
3358
2818
9404
8623
11097
12774
12710
9121
12292
9341
12331
2305
10900
12443
11854
11732
9616
5233
8589
11538
450
10961
7619
8625
9717
4576
4680
10428
12716
4935
12222
6970
12378
495
8187
1930
8078
3651
6770
6977
6355
7968
3534
578
10512
1205
6489
9233
7739
1889
12588
4011
6656
11048
1896
7430
8826
8216
6638
13008
4103
1238
6736
6832
7491
4679
2103
10571
5721
11024
6300
5443
2036
7668
7761
503
4017
9403
8937
9578
2292
12930
11178
6569
10495
12243
11672
10907
8261
8083
1194
10017
8059
4926
12602
12811
7558
1514
4025
1686
2237
1456
10718
396
694
12214
2764
10033
6082
11803
6880
3058
3415
8495
6304
2132
7296
10840
2562
8188
11258
8730
3662
6211
6334
9817
12656
8580
9646
9349
12125
7243
8352
9143
3636
5847
11323
2163
12021
11305
12294
235
2295
3433
1973
1754
5012
8391
7485
2236
6353
10668
8975
8713
12163
11359
6405
1140
5891
5501
13011
5234
8094
9673
2662
9205
7848
7530
8419
2047
8126
12343
8129
5371
207
11793
6704
11364
9656
9632
9901
6114
1851
12036
3473
2041
11622
5814
12566
6277
5002
1185
11651
11685
11654
2730
6685
7238
3740
11931
5627
7742
7295
9257
5271
5302
9653
11717
6549
681
11256
9287
2027
2467
10173
1266
3828
2470
9494
7509
12960
3607
4660
11106
8219
12475
8571
5520
421
7702
8537
3147
1087
8382
10663
12730
4202
6682
10159
12272
242
5014
11079
868
6920
3520
1579
7623
1399
814
11411
1612
891
5089
11638
5923
6986
8173
6738
851
4101
10946
1970
8326
7829
6984
5620
33
3519
2348
11065
9988
1485
2957
12684
4830
5248
1331
11421
174
4209
1838
10206
9841
2623
10316
3986
5859
12075
5955
8124
9602
12088
7537
10038
4552
8030
7861
6046
327
6262
10865
4590
776
8457
3631
4211
2386
3280
6731
10429
9611
2841
1183
2175
5127
3930
5046
11877
2350
305
6360
2867
12743
5671
12262
4890
3996
11584
10208
2641
11889
11365
101
12645
9432
10770
10207
8501
1987
7435
3470
2528
7436
9412
11144
9455
5560
1992
5198
10497
3982
3401
1608
192
11005
559
7750
37
7769
12198
11352
4807
12482
278
581
10394
5451
8388
12688
1942
6336
8435
2089
12870
2029
4180
5038
9509
8917
504
1234
11966
10613
5791
4730
3281
8794
3503
12767
11068
3543
2577
5730
7535
2211
3670
2035
7262
10624
9392
2625
8489
347
3119
9250
1883
3379
5238
9369
1563
4275
12290
2234
6716
12323
12136
4987
9849
12203
7481
2277
12542
487
4181
6747
9763
7643
8976
12354
3019
3898
6666
920
7603
4408
6556
6398
12133
10236
9561
3003
4952
3230
9305
9669
10992
8223
12058
3056
11441
8163
626
1643
67
6101
7231
10780
10437
2427
11798
7723
12251
3356
7066
9460
2813
8663
11239
7490
7486
4436
5034
10281
9406
981
9016
12394
8165
5714
7070
3194
4688
9983
11959
5967
490
10041
12644
2921
8056
8686
7939
12519
5518
10069
6645
1935
12227
7998
8659
2028
585
4964
2460
8346
7245
594
8128
4301
1498
8958
8972
6308
802
1102
5790
12516
6616
3292
11765
6288
12364
3813
1307
12282
7164
799
2511
6431
10857
11963
3463
1759
11326
8089
6852
2609
8019
10645
4921
12544
535
10784
684
1391
8448
4032
2219
5338
10818
6767
5525
4072
11498
865
12708
486
2532
7277
1994
5817
3594
9638
8705
12518
8012
12915
9224
12530
12318
9636
6014
4193
10622
8608
5118
5231
12725
11410
3625
250
2370
9776
3098
10446
10838
12288
1557
5618
3167
7239
49
7541
7973
1483
6631
4801
3733
4130
5357
9495
9471
1777
6349
7466
5796
11774
2023
2392
7123
8433
4282
3468
11857
11662
8468
5592
1826
8611
1487
7580
7012
2033
6022
12452
478
10237
12652
5745
12079
9770
10094
4789
9970
12362
3177
6077
5839
1687
5895
11021
3041
11743
2586
121
4149
1959
2051
547
3338
6828
3416
5039
11216
9754
6239
2352
2096
8169
4369
1649
4611
10383
5946
7751
3337
5426
7957
9439
5547
10962
1700
937
8548
3453
10670
1201
1716
11255
7395
402
1428
3538
6997
6764
9145
12387
1435
1599
7521
3582
3404
11370
7955
5222
9586
11686
1752
10904
7904
7171
10870
6062
3695
7386
5307
11415
9529
1437
11947
12200
8122
8280
9498
8518
3632
9203
126
3759
7740
10696
2489
9182
12616
3909
6681
6951
9540
565
10661
1964
7299
2391
11010
8968
4716
3308
601
136
10650
6804
7563
4459
6515
4963
3055
6717
7285
653
10760
10507
6192
2576
4441
2706
4230
12945
5949
8651
10997
11345
7542
2017
5830
2006
12961
4454
6366
9639
6905
2081
3211
6032
8568
9853
9771
9534
2477
2485
2537
11257
4327
188
11950
889
785
8125
3877
6421
3934
7227
4567
1740
5825
9996
5216
12429
1939
8081
265
2322
873
7170
12828
294
10329
853
1830
6783
8460
12591
3465
6808
10268
4684
130
8645
8765
303
6952
8103
6525
2176
3731
11954
7492
9381
2229
93
10833
2078
12392
3079
11433
12577
5333
3939
3121
6047
5479
3285
6863
11714
6667
2394
1122
5001
7011
8485
5356
5819
2463
7018
768
11087
5293
8557
8354
1860
11282
4843
5913
6790
1366
2821
5529
7270
5982
6539
3380
8203
2547
510
9650
3915
4391
10184
8866
2276
2167
344
11223
7786
7653
2205
6319
8749
12031
2453
2708
7534
9503
5272
3183
9537
2072
4500
12862
9655
8446
8171
10048
6707
5143
11561
6711
7772
6654
2512
11838
10453
3553
8876
570
7165
10621
2648
11231
3650
3637
1248
11227
5508
9796
12458
10950
11094
6593
8549
31
62
408
3703
2996
627
9829
1129
10981
2788
11454
3505
12955
10767
561
11314
9979
11661
4139
7244
4375
8561
6550
6669
9528
9271
10908
11909
4069
1011
1722
5244
8994
10108
8969
1855
6155
12537
9900
7326
4771
2066
8809
7112
2510
8387
1771
328
8055
1899
320
7572
10931
11533
7458
748
11044
10282
8299
1397
333
6269
3679
4891
6108
12951
3770
1388
12186
11970
10669
6426
3139
3591
10600
3901
7202
747
3721
1673
6356
8246
11597
11066
2766
1480
998
9477
3471
11987
10436
12876
8296
12067
10387
8882
6206
10701
5298
10681
5661
6779
2836
6553
6755
5992
7947
9215
9065
6745
846
9163
1174
7992
8648
11151
12932
7549
1986
6671
9566
11243
11148
2139
472
3107
11469
8680
5283
3912
11369
12919
1395
1103
10468
524
5128
9299
5286
10847
8013
746
9699
12719
7745
9104
12829
12596
7224
306
5638
3154
4096
10288
778
7874
4494
11588
230
11882
2050
9782
9797
8736
972
12856
4279
7210
7405
1499
11145
12775
108
10168
10482
2195
10113
11529
8310
9073
12353
4936
10331
5692
3992
21
5425
8180
897
9756
1209
1309
2550
10334
5184
7076
251
4143
11061
7421
11291
2085
3103
113
9912
11034
5274
11301
1415
9714
4161
8430
12646
11495
8282
10610
6734
690
3767
12847
6546
12304
4877
10968
5693
9553
7075
4364
3983
7369
12049
12648
2513
3851
12494
8502
12995
4215
12661
9370
12846
2239
10510
8119
3593
9872
3181
10680
8825
1402
12935
12860
12370
5925
3638
10420
12799
12508
11705
8740
6275
8735
6976
824
3125
850
6773
9497
4610
9804
11971
7951
4051
589
5512
7494
9048
7200
5713
5664
8429
4712
3715
4091
493
9424
11587
11644
3974
11858
308
4405
9178
12788
4578
9953
6722
10936
4018
4497
9097
4592
1828
1134
8292
7037
7865
4867
9721
10714
4981
12470
3149
6183
9731
3383
9507
12415
2220
5355
6278
1454
11667
6115
8462
3521
10939
6311
2487
8696
2758
3944
4702
5433
6403
12502
7211
9866
1031
11776
10656
11014
3334
2997
552
12420
10326
11837
2606
3251
8649
4404
5453
11874
12175
11218
6883
4109
3710
11378
4912
425
3706
12459
3987
560
5829
4663
5696
4326
9664
6432
92
5699
8844
4732
8498
3438
3391
12503
6465
6164
11690
6554
12333
3532
12265
221
7640
2165
3583
7567
6065
6782
1837
1410
3861
7757
3518
4930
6820
2832
10597
316
8004
6703
145
36
7342
10414
5040
6146
4484
2733
7167
5228
3353
5358
12758
6866
2980
2979
4765
2374
8728
1938
11788
9945
1913
9806
9831
3603
11678
12250
7483
12657
3451
619
6188
5339
12117
3127
8205
7667
7801
1737
11559
8295
3224
3093
9355
5515
10969
5894
5569
5640
9510
12579
4950
8945
3839
6807
6376
4976
5399
8902
8140
7078
5875
12587
9017
8038
5775
8290
5246
8505
9696
7051
2037
6548
4832
8195
11137
239
12313
8756
2170
7455
423
11163
11924
4128
4524
4465
10284
4557
8450
9138
3000
12349
246
11011
6544
4452
5495
9896
986
5650
1045
7781
6559
4761
9352
2147
8526
4345
5932
8996
1263
3199
11723
8575
8681
9223
7063
6963
5645
4565
8445
6572
90
7467
4586
10345
596
2313
10233
11202
6367
8918
2943
7697
6565
4185
7187
8698
6261
636
9518
11403
12998
3567
1802
12625
10867
3045
2273
7794
11367
10560
12691
8220
11128
5608
12106
2125
1374
3046
4050
11278
9910
12759
12405
411
10604
9173
3407
5934
10193
3572
10366
133
4685
11652
3039
5675
5662
6900
3540
10491
10222
12938
2232
3275
4962
2263
10933
9080
926
10593
4777
4219
4748
10689
7151
1618
3312
836
12965
2616
6298
6975
10332
1865
2904
8762
706
8506
10608
8544
2527
1966
2271
12764
10122
8110
1306
9481
63
7988
407
6799
5911
8848
10533
8454
10667
4423
2445
12218
10747
6948
10943
933
12042
1244
1421
6798
12700
7102
2981
1681
11303
3022
6787
10895
180
4846
12802
5387
8741
795
11611
2185
12746
8981
4629
4654
5010
7398
8990
5366
12650
216
12761
3544
3730
11566
9530
10556
10583
5860
2420
2069
994
7235
6505
9798
12445
336
4352
4756
1582
6906
6471
10043
4968
6742
7220
8622
9046
253
10551
5482
3309
9660
8614
4431
7034
794
4543
6919
9715
3042
8555
1026
8123
3070
9667
2173
4701
9004
708
4483
1648
521
8482
8297
6743
125
7652
7658
4895
10949
12306
3214
1123
7586
11497
7125
12389
6630
5208
9328
42
5939
24
12850
10562
4264
6847
10221
8172
9951
4683
8381
9218
8988
10927
2182
5
9137
11116
5239
5391
12010
978
6899
4931
9647
12380
1017
6272
4461
4900
8201
3999
1951
2645
3548
555
11964
10528
12867
2074
12048
2666
5085
7570
8504
236
7365
12948
398
5142
677
7462
11738
669
5677
2627
170
212
10582
11362
888
7930
6538
8849
4435
4255
2791
2781
11172
2151
7032
7911
480
6750
1616
11741
2014
293
12633
5363
7333
12180
10713
9237
4822
10905
3629
2660
9810
12872
6557
6458
18
10541
4000
1125
11102
12784
7812
955
1001
7584
804
10086
1160
10421
5265
5632
3512
7733
1440
5635
73
7971
3793
2437
8003
2015
9486
5494
5017
6227
6327
12934
1051
7835
5020
6329
10974
12721
9944
6996
5201
11965
9775
6801
2343
5471
4522
2254
4166
484
6924
4902
9827
11420
8912
11595
5871
1170
7471
12277
2438
1844
4445
2932
1760
1088
10253
11514
7419
1956
3954
11322
1588
7680
12417
1997
7759
1965
12928
2481
11397
10764
519
267
9320
8670
6816
663
4848
11918
12756
5555
352
10732
7560
11473
3698
1327
5312
5873
9294
1020
12687
9943
12391
4378
7730
10586
3757
12820
650
10795
3437
11251
3772
2522
1853
8288
4859
11500
12140
8198
10994
10719
9643
6103
3472
5656
11129
11534
7833
1052
9043
12823
5047
973
11839
10139
7441
8722
5540
5710
1436
9693
8016
5712
8313
4446
5826
4640
10228
3228
8991
3951
6843
8483
8101
2602
3160
2110
7036
10391
8563
2353
2914
5396
11431
10004
4971
1063
2594
2250
11434
721
5227
4351
6972
4439
116
11995
869
2054
6813
5887
6034
8556
577
5082
4898
330
1782
11039
2961
2814
611
1974
6179
6534
5450
7088
5062
11547
8351
1203
7504
6100
12897
7970
1358
6472
12059
1984
9184
5027
10274
9453
6680
2776
2702
6165
8142
104
6171
9285
1472
4038
7924
11778
3842
3395
3430
630
8783
12244
2268
771
8191
1319
3949
898
11925
10077
7117
11707
2282
11076
4521
6918
7561
1345
12473
157
6909
11508
10940
12433
12971
10633
6988
12871
8527
12572
13007
201
4826
7230
1078
12419
6962
4526
12253
8374
9177
8621
6897
3452
5412
10851
5498
11465
9034
10991
9152
9236
12864
7748
10393
12199
3246
2751
10087
6287
10753
10435
2789
5670
6185
12879
7683
8379
8317
1553
7760
6872
2607
9031
5567
10509
511
12599
6584
8278
8638
7426
947
1376
11043
11682
9211
781
7267
10796
7463
9353
4787
87
862
5200
2327
3761
10530
7208
3192
10089
7806
5210
866
6917
2243
6391
6956
12193
5857
8704
3047
5299
2244
6686
8181
11400
10628
5908
4668
5621
10176
12338
2912
2410
10588
3682
2156
6969
5548
400
10445
6172
5755
9032
5979
9263
5470
6932
2524
2735
12252
1341
7496
5705
340
9315
7194
658
1595
6648
10914
11334
2455
4626
8957
8752
2518
3347
8321
8695
7738
9144
2091
11451
6236
10232
8490
12865
5389
7107
11590
692
5330
5376
12073
1342
8371
2908
4357
10717
2953
4636
9374
11122
2558
12705
11787
1783
10302
9645
3398
2572
5375
498
5192
10107
9389
6167
7071
839
3364
7130
1282
7162
3293
1267
625
8406
198
4462
5672
131
7339
1317
11341
557
1235
6846
10306
7280
1952
11342
7536
5464
10516
4010
8459
2414
3852
10755
11796
5121
5102
12873
10243
6112
5493
10779
5768
4571
7133
877
6907
2964
12056
12485
4422
1710
12581
12483
2568
12166
10293
9056
418
11138
9264
12859
7324
792
2024
3479
4591
12107
7709
2827
5145
3442
4347
725
5080
8158
12213
263
12818
7758
11203
11643
838
9614
8455
11540
12275
11212
6581
1362
840
1744
11550
11448
3221
1944
6761
5481
13005
219
1310
3838
10448
3390
4355
9573
4092
3773
10079
11505
4480
3256
6541
1708
10807
12785
2971
6913
7704
10568
7778
8215
3948
2629
5314
8700
3657
1300
10093
12880
3804
10657
10287
3061
5094
10798
11354
9935
4227
12403
12881
3937
10484
12601
11142
4014
8097
9940
12926
1018
8828
4198
10297
12624
8941
10272
1572
11504
6663
12740
6713
4065
7671
10577
10469
11742
12401
1729
86
10310
11442
2587
2922
6851
8242
1996
3028
9385
10977
9168
6560
10064
11009
8184
11677
9368
3497
9867
5587
5500
12991
1680
10587
5991
8051
10105
12112
8401
2772
1096
7480
6835
2019
12677
8896
3655
1765
4510
2850
4304
4492
7787
7100
8689
10433
12377
165
8108
12022
1072
9761
11308
2915
7425
11168
3578
4004
8389
1845
10574
2787
5646
12702
8258
9302
11524
6719
1857
5648
5264
5726
6526
9597
10614
9421
11389
3327
11101
5337
11849
1373
628
2993
10132
7596
5702
10134
4513
8592
10960
12535
5157
8750
9716
11356
4336
4711
7069
5851
10731
4015
2328
8340
12400
12673
7810
11353
1318
5281
4804
3666
2397
796
4888
3681
11405
11080
2605
10897
8244
11876
1222
6658
11865
8936
6998
3580
655
12949
6003
11489
10487
1615
8715
243
6519
7624
10216
8036
7823
8639
11386
2045
10397
6641
9095
12281
3835
3906
6845
2449
6359
10729
4641
3210
2505
5584
5614
1371
10834
4081
5927
2894
12038
4671
8879
2129
4376
7367
10185
8739
9508
8604
2703
522
11860
11671
9981
7595
11123
1937
8535
3858
2008
5455
3722
7105
4124
8690
134
833
1146
12833
8824
12569
4993
2930
4691
10074
6768
4599
6618
10215
9027
2760
2945
8840
6529
8423
9593
3875
10422
11306
4793
6925
9047
1784
9668
12887
459
1858
6208
2976
2694
5460
910
11149
8562
7600
7433
391
2519
12898
2119
6369
12786
6622
9194
8619
11941
11401
2364
9906
12451
10720
12808
2464
2166
8585
6176
83
5643
5035
10400
10460
4315
3955
3244
7248
514
2332
1671
4328
4870
9934
7893
7313
8008
7094
3001
9916
6333
9244
6072
9702
12812
2310
7108
11279
2777
7290
2249
5752
4394
5186
12013
923
1769
9312
11224
10893
638
5218
10836
8551
2960
7417
8723
3094
8971
9629
2365
1806
640
12335
7116
7347
3811
9997
1084
6138
6771
515
10230
11402
8754
1243
8716
10814
2011
2892
10873
2049
10307
8353
7500
780
2705
3118
705
6232
8499
629
961
6168
548
10578
9098
6964
9124
4187
1533
7196
4504
3038
1242
8889
11648
8875
2080
798
2221
4385
452
4517
7085
7527
3271
10711
4232
5150
6814
12832
5538
3741
3457
11426
11556
8855
5474
12712
3507
821
2746
12874
1299
2737
3979
1585
7375
296
8253
6503
7566
8973
7908
3501
9142
11861
10104
4984
7636
7853
3560
6763
11496
9713
12604
4841
3348
2104
9677
10231
7343
1551
1041
346
12585
10347
10845
11817
273
938
642
2649
10373
9308
6651
4922
11992
6871
9692
9088
7363
238
2107
2622
2665
12461
6028
9336
11666
948
9712
7074
70
4213
7397
2413
9986
3925
4534
2575
8708
12291
9037
4619
4421
4243
12435
434
4456
10768
7488
3068
11543
5086
12202
12707
4763
3568
175
11544
2933
9634
9295
4708
9665
2669
1741
4027
8237
7325
12953
11691
7027
4503
6967
9887
828
2456
587
1669
6991
4389
12159
11523
1948
6670
6973
7195
13006
10584
7641
3626
1368
1807
12011
8952
2400
5598
3336
1854
847
4784
4738
9755
3502
7172
4379
11398
4365
11630
6760
848
1037
2551
1273
10483
3382
935
2779
12111
4040
4354
1510
7815
8510
7695
2217
7629
4957
12007
1727
10432
9930
5235
9413
2086
7711
6940
4041
9962
6378
1677
1593
861
4916
11750
11055
8819
3797
3936
1804
1004
1038
3713
5221
4520
4602
446
7124
9191
6705
3768
5104
11037
456
5947
5263
9467
9871
1902
5354
3569
7961
8139
1523
7351
1799
1438
5574
6724
1518
9417
3889
2146
3641
7412
6597
8372
12320
8134
3294
3645
12453
1151
7115
11902
7356
10881
7991
1389
2340
5224
8087
3799
4566
11728
12032
2484
7380
3063
5930
3302
4383
1496
6279
8398
4835
6051
8214
10756
2854
1803
2372
6130
9678
4090
5119
9941
8339
11475
7669
8995
11614
3340
5076
7190
4195
3466
9317
3994
6486
11980
1121
8375
9220
10278
11455
4362
6086
1633
12187
7261
3159
2642
3584
9452
1187
3329
4747
11478
9736
10254
10072
6756
5088
1249
9790
5970
1978
8400
1119
6362
5050
9950
3508
5418
6933
6890
7354
2056
852
12316
5593
12527
29
4478
12773
5334
5369
11607
11150
5976
12982
8314
3450
4121
10189
1080
5323
10952
4303
11295
7765
10475
2808
9008
3933
2323
9598
5247
1396
4356
602
7515
7897
6406
5566
1056
1231
12592
3381
3535
9800
11161
9873
3218
7300
612
3647
12468
9309
1355
6295
1654
7997
5689
7503
11832
12914
8893
3727
4490
12307
4559
8438
1462
2336
6702
10417
536
12402
12240
1628
11650
4256
11509
4133
2358
12074
9024
10399
6296
1130
12654
12583
61
4218
1262
11007
9388
1587
8132
12132
6178
9568
10244
1590
1489
1684
5155
11423
1057
6999
1915
8361
11820
12233
6806
914
783
9199
940
12123
1535
579
10265
7681
12041
1481
2424
1503
12336
5802
4797
1253
2215
9156
10666
11626
3254
1491
12455
8148
8193
6213
6715
6394
807
7101
6015
8524
3809
5890
6119
7502
9023
9846
10759
11131
5681
10338
8376
8366
11893
9902
6661
9396
12805
12221
11022
4349
2690
10505
1550
6147
7529
5329
394
4677
8865
4380
12902
10705
9734
9293
10472
979
8491
10627
6776
8015
7154
5468
10819
3903
7592
11452
4844
2095
10921
614
7728
1509
3170
4607
4873
1250
4768
6020
3526
110
1039
5442
5975
9300
4572
11688
1905
10871
5521
6468
5446
11236
6521
3261
12997
1171
458
10496
11156
8447
10425
3458
5877
10471
7931
5969
4632
12564
5912
6520
9161
7816
8286
1796
7690
1545
4146
2619
5024
9700
11196
945
5056
9100
5359
6397
10198
3493
2822
10372
10405
8218
12431
499
7142
12120
1288
12637
6514
10459
11591
1763
10513
10488
9919
7403
5161
10140
9603
71
3600
2608
1347
1606
10238
8564
5822
10824
8150
6008
872
3252
6021
3339
3850
8703
7284
9854
11361
11512
12922
10542
8721
9435
7610
1816
5838
5789
1195
151
2179
7097
6855
5549
5032
10658
12488
4851
5611
2769
3882
8734
7866
567
5682
1411
7305
5629
3701
3744
10220
3689
10693
5402
9066
12386
4045
6781
10915
4893
2920
12215
5131
10955
12970
2846
5765
9335
9133
1356
2189
7000
5170
6380
9610
1466
2584
7872
8413
9899
397
8974
12365
1044
6411
4410
4201
5701
10289
1484
1301
11462
6038
10149
9723
8480
7269
1277
9958
1859
10539
1196
5112
10986
6137
4855
4783
4414
2418
11446
189
1520
5044
9431
10734
2214
10821
6305
9834
10975
4621
4865
527
2020
773
12501
10355
6145
8144
6212
2939
665
870
9877
7223
7597
4549
4350
323
9965
2248
2062
1575
7929
740
8744
6600
1237
11748
10746
8196
9685
12121
10634
8426
12396
10966
4020
7555
12809
6217
12363
10750
38
772
6730
8534
10012
6803
9183
7120
3009
8724
1981
3444
193
3287
12254
3929
8224
10862
11802
7129
7283
5651
7077
8437
11506
5099
8788
856
2536
7886
10313
11479
12478
6420
139
8960
10303
10532
8829
11089
7901
5055
3604
370
3902
2106
10925
12669
270
7087
3977
5197
8350
12545
571
7579
9994
4343
3073
4358
10773
4437
8718
9753
146
6454
12143
1304
12144
7189
464
5942
11041
3011
5935
3030
5340
5403
1918
377
1086
1907
2190
11200
10620
10438
3972
887
7729
1276
5761
1749
12766
2880
10153
241
7237
4908
3406
5211
11374
10728
5385
2141
9738
11520
3283
7394
1568
1426
6931
11831
7192
9619
1532
6664
2651
5416
4293
1108
4940
8967
5779
4563
9985
784
2916
7422
10294
9504
6078
12975
10371
9599
4310
8691
10161
10918
2861
8079
2032
8909
5888
11205
8291
12590
5691
3402
5315
10325
9362
2632
9261
6350
6723
12319
8731
12474
54
12713
142
9839
6575
1536
6413
6373
9684
3927
4960
11004
12462
481
12539
4634
9961
58
10114
2582
9922
4579
476
11892
10229
3814
11761
1776
12434
2678
10081
8135
393
11311
6737
2318
9201
8106
11153
3728
4529
3446
9592
9321
5487
2306
10637
12701
11764
8190
4551
2633
1169
2842
6721
7523
6098
12706
3109
7831
6105
6026
5603
2520
7575
2810
8439
2756
12194
1070
1611
11347
4939
3564
11081
8281
3015
2488
6552
395
7286
3668
3635
2046
6558
12361
5676
2100
5036
1335
266
11049
2591
12002
4598
10673
11273
3237
5352
621
10439
11767
3020
845
919
10527
11726
6134
6443
1874
10068
1206
9238
1081
8156
7464
2948
11569
4237
3687
12065
5404
11907
9915
7271
8815
2963
447
12523
10275
2535
7926
5245
4878
12584
10356
1488
7700
1540
6885
569
3013
3137
12796
6740
10531
4075
10204
4073
140
3220
8070
7178
4727
4840
8302
5885
10234
1646
10709
6766
3084
3014
7788
12869
1463
11283
8469
5321
2458
6673
9063
6048
12790
10781
10082
6310
11573
8992
9025
10648
1524
10763
2830
8766
7933
1862
7145
424
5397
13010
6690
7222
3961
10014
8487
10324
6942
991
1050
11715
10201
8618
4871
9676
4455
572
12807
7779
12895
8033
9828
3707
864
6194
12641
1377
12204
99
9399
8337
9987
9662
7030
6893
823
3349
10844
8476
8558
6256
1538
1433
3500
9094
7649
3165
1455
12064
8145
9720
345
2404
1190
10778
3669
9956
6400
9307
5093
6955
3897
11616
4488
2902
929
9562
262
5423
1511
4661
2845
5289
8742
208
2654
404
7507
7346
5477
11246
7221
12077
6752
6276
6081
1444
9347
2441
1692
7448
4008
4387
5116
8817
1711
4958
8665
8640
9689
10112
2025
10162
3763
430
10793
10687
2022
11972
901
5673
11290
12151
412
10016
7545
10951
4203
4585
9026
4297
6626
6347
1405
7389
9543
10888
551
5469
11757
1009
11949
9589
9332
8593
12040
4698
11176
5484
4696
3621
2919
7915
433
12769
3262
12003
2553
1021
9091
12667
3810
2612
7505
8304
9686
3203
4493
12104
11694
4381
918
8961
5374
6598
9231
6978
4919
3545
2492
11187
6097
2925
6173
5188
987
8251
11736
3161
8694
5841
2208
2373
6587
7059
3301
9848
2874
4620
5290
5114
5657
1002
2834
10052
858
3136
11886
11853
9740
1144
1785
5490
8517
7956
12225
11897
11797
5115
12279
10810
2290
9465
11173
6099
7159
4535
9952
307
9747
10223
282
5386
12424
3847
1820
12436
12135
8588
1882
4142
4154
3496
12348
2331
1218
977
9628
1284
10743
9292
11549
10920
9905
6110
970
1712
1508
143
8402
234
11164
2120
6854
2434
9773
8656
11921
11113
1303
8443
3511
89
5866
12695
1115
11952
9193
7622
9112
2058
2259
12931
5346
1359
6045
7477
7842
1189
7068
1954
3102
12016
13002
7891
5706
12324
8886
1576
2557
7282
871
12358
6524
6748
9458
11637
27
4407
1261
4949
283
471
2138
2942
2858
5473
7547
3384
3209
6087
10561
9105
7785
5623
244
9541
8331
1271
8452
9122
11846
3243
8956
4460
11716
5103
6571
1516
326
7443
3462
11799
1713
4248
1459
8624
4131
4335
2883
12100
8293
1293
2770
8127
4009
12817
11499
4049
10727
4647
5269
6884
2113
8405
8964
3316
1363
1161
9040
4022
12726
10067
3269
4332
10203
11019
8222
12314
6055
7140
2142
11875
10169
5276
11615
11233
1120
8906
3223
6504
2907
6869
8962
4113
4208
4882
9219
6643
12371
3522
7132
6266
11990
11779
8018
358
11729
9921
7984
1682
2815
11700
3229
1075
1517
1513
8239
7004
2316
1762
2721
8687
3180
12957
10811
8315
7217
1229
10665
9807
2256
2998
9710
2191
10196
3049
8412
2611
11270
7497
3151
6023
5667
8073
10357
12411
10213
8319
1094
5159
9968
3769
4821
7451
2672
4086
10327
4589
214
2043
22
2863
1635
7879
11689
6343
10305
1471
6762
9249
4509
10349
9757
3688
413
5294
5924
4261
9957
9744
800
10791
9623
12742
11792
2538
5659
5735
5684
11197
427
7890
3370
3157
6291
1999
3506
8813
11030
4426
12504
8091
12500
10409
10660
1233
4271
2117
5320
631
6604
12266
11933
9999
7969
8661
3931
4776
8226
10056
10454
5729
258
1732
9577
4056
3314
931
4648
12207
12008
9306
2075
7916
4813
2652
4427
1247
1422
11939
3166
2825
11564
7965
6143
1706
9139
5049
881
8359
11380
7126
6070
3663
6693
1197
12258
5722
7259
11336
5025
2356
2689
12469
354
9963
10985
3630
6778
5217
3131
1726
442
4580
9749
11746
9998
8464
4864
3250
953
3893
7564
672
8669
2131
11993
9640
5936
9096
7275
2079
4799
12381
7512
10676
5353
2329
8363
1343
1360
4687
6508
5202
12428
3445
10546
11050
4947
1555
1641
4828
7316
7734
7918
4744
11491
2339
3367
9613
11031
3571
3639
329
12398
11720
9931
4029
2297
9811
223
11461
7774
9279
1746
12498
1774
9724
12943
10653
12301
6498
1390
11888
8268
3222
16
7048
8583
8185
7686
4479
11934
6054
4689
7804
2304
8323
2657
4850
5041
11312
9582
5377
7384
10651
7793
3577
2395
4909
591
5063
4775
6607
2935
3888
6061
12249
8989
8397
5109
5771
2419
1287
7226
3652
10009
1652
11562
3557
338
300
9195
10590
8307
204
586
10084
2884
3032
3186
1610
6036
1751
4773
5630
709
2302
7768
3080
12276
4670
12969
11135
366
9768
6827
3692
1439
11658
1290
6337
124
11253
10829
5642
2435
878
3185
360
12940
2440
3267
12789
7144
12229
8453
2974
4138
6312
12831
10261
5747
9164
2681
3918
1554
11045
6487
5806
1382
7311
10386
12359
5961
5096
80
2893
8170
3697
5634
9228
8841
5846
5486
4518
8637
12017
6214
8233
5513
9942
7980
12941
10335
12162
729
5751
5316
1773
5818
5428
3101
4924
7242
10059
10683
4569
7516
6749
12672
11486
11782
3806
12271
6660
1512
291
12675
7357
5570
2144
5008
8404
1637
3798
10737
10639
3284
12678
4417
3355
4954
6375
5380
9346
6640
8001
5421
11259
5079
4955
11901
6190
5784
2284
11136
4024
7724
5048
11555
7907
4340
12851
2201
5517
10606
7427
150
4110
10757
1827
7287
2647
605
4210
10111
763
2731
11579
8764
10598
9252
2199
8684
1101
4911
12511
4182
11704
5951
8069
2630
9591
686
1621
1150
2740
3617
9547
563
8801
700
6958
12115
8054
5335
9813
8854
5019
3184
12368
9357
7273
11379
7975
11198
11589
2506
3428
10197
4307
11298
6576
770
12372
3004
10032
12334
7240
6427
6989
11881
4176
6177
6689
6627
3491
9180
3780
6446
8115
123
371
3268
4102
8199
9060
8655
2583
6463
7251
9387
9489
11073
4713
1770
2126
863
9262
7234
155
11189
8521
12840
10963
6853
7168
5095
2719
1638
10679
9743
497
5522
791
779
4762
12693
5457
8539
8023
4150
12171
7881
7571
7657
10702
5968
6113
6987
4606
995
8465
6018
76
8871
3012
10511
3619
12630
7359
4019
12768
357
12990
11627
4988
298
11391
8153
4704
2918
9911
957
7001
12793
3025
6652
3891
5576
12375
4413
11449
11734
3941
4152
4616
3859
9207
11890
6387
6363
8572
4012
162
12925
10375
12091
8543
837
10802
342
2181
9103
11852
12014
5261
96
5900
841
8970
1832
3431
3035
8116
47
5129
5870
1617
5406
9990
2968
4635
7528
10754
10703
269
10848
1887
5319
8467
9296
1620
1478
12528
769
12260
5270
10953
7371
6649
6915
3368
4515
10103
4929
7152
9324
7887
3873
11880
6579
7701
5075
9879
1798
12095
7387
6104
3845
12787
4309
1477
8590
11634
10050
12197
3787
6241
1863
12510
5552
2999
531
3855
12560
11316
7044
1497
9526
3646
2875
1906
1419
10837
3530
10358
416
5655
9894
9378
7083
4233
10431
3017
1349
2114
2639
7616
12326
10248
8102
8727
5754
8898
9926
9835
8007
7377
2446
2701
12947
8481
77
7179
7002
9524
5209
12025
2317
9234
1065
2895
3290
8547
2362
8808
12598
6409
6005
9501
5033
5295
3282
11467
7411
4468
5021
50
11001
11492
8262
8596
8997
5158
6481
4429
9739
808
8028
7098
10309
6157
1493
8474
9410
7954
10649
3529
13009
12670
8479
12543
9289
10678
2722
11923
9764
5554
3739
5985
6523
12055
4820
7328
2927
2196
11795
4098
6562
5812
9131
6274
6603
12122
5654
10361
3494
10146
12757
11976
11117
9401
138
6466
752
2180
1447
11118
11815
10190
4982
988
9893
2112
7232
3784
4393
1786
6245
7445
1573
5458
9745
9687
2898
14
9855
1624
12027
5132
2261
6452
8357
10142
1993
4117
10473
3711
754
2831
10269
7276
5902
12942
4723
8887
12153
12849
11165
11895
12020
4827
382
7559
9380
6497
1308
2262
8674
7388
2433
4643
6106
12269
3215
11358
2973
1755
1578
8037
6784
6754
12987
7204
3092
10777
4624
9430
6935
11850
11058
7705
6892
1357
5277
3921
2767
5578
12173
9371
10260
10816
4486
4046
12643
4894
1403
4757
3720
5607
12239
2402
10346
10911
6561
10972
6882
7940
3179
12665
8702
1181
12289
12841
10249
9711
3581
8425
10118
9386
7727
5680
6043
9980
12904
11269
1501
332
5051
44
9061
8532
3973
7317
2561
4388
2071
4080
5213
9340
11810
4231
11724
7216
3696
1188
10813
5811
12047
4141
3957
10363
1280
4137
6938
3113
9728
385
8607
8478
11628
10191
12658
7885
2891
9423
3995
11994
11483
6131
12668
10210
111
6567
1528
12412
7543
6321
6655
10362
2994
3601
215
8771
11040
12078
6758
8267
8567
10594
11296
9609
9774
9429
2351
3886
7713
3649
3474
5439
1659
4382
6289
4627
3193
6568
5940
6064
4519
6089
4892
7763
4054
9441
7288
4066
10726
12559
5394
3342
8907
9327
12679
6780
2812
2736
688
11944
3709
2216
6619
8151
5528
4695
1678
4928
632
11471
2021
3469
6868
10095
7845
483
11000
5444
1212
932
4005
12367
12671
2803
8121
1312
7588
1208
1375
4061
10525
2829
11159
11696
2889
11867
1544
3894
10938
12538
10547
3743
7677
7776
287
4896
11553
2164
5253
6408
4975
4889
9331
7923
11071
11287
2563
6822
12268
9284
4943
6438
1936
12567
10165
4675
4508
3483
10686
732
4597
10382
7533
12390
2661
6533
387
5139
94
6611
154
3212
10922
12321
5559
12911
5005
3332
2385
9089
2771
7410
6699
7538
4697
2359
10947
7016
2713
3789
11220
9488
4575
6237
9301
8538
7274
8043
739
4323
1297
12923
6928
4196
9225
5876
12342
8416
7401
4622
9769
6974
12921
4678
4034
5190
6361
8424
4505
9434
5526
12312
2614
8017
12984
3423
3884
3040
12119
2828
11357
8209
1650
3227
1445
543
12810
3726
9860
3277
8021
12127
8024
6536
6207
11596
3200
7556
1059
3561
9706
1598
12206
1843
12497
1270
8343
12421
8799
1142
4184
3618
8436
4136
10092
10682
3441
5533
4262
1111
11485
5306
8868
3536
4299
11477
1275
892
12293
3344
11771
2018
5015
4068
1091
3825
7948
5601
4907
11825
3760
7834
10698
2931
2848
11542
5616
107
8393
5106
4814
1665
11991
2004
4273
5310
8328
158
3140
5609
7252
6042
3750
12217
6002
3372
46
5994
7086
6456
1561
5409
12854
4242
2300
1005
11986
12238
2726
5783
4852
9275
9624
13001
2809
743
4642
9367
8093
9832
231
1227
5511
279
3335
8870
10246
12573
4942
8927
6647
4809
5180
9608
855
11038
5793
860
12517
12576
7257
12273
11042
6453
2102
9343
1693
11780
4739
3628
6364
10636
2873
4546
7654
3365
8329
8658
10158
9005
7308
9992
11752
6323
3489
3558
10864
1914
999
10152
9627
1842
9805
12051
9079
9725
10085
8210
7155
9726
10982
7021
1564
11900
3633
12325
6589
5954
2881
4258
2442
12555
687
2631
8407
10344
9072
11425
12580
10481
11277
4674
10280
6477
7609
5980
879
3971
8027
11360
7028
9490
5456
4994
11602
4905
3188
9535
2473
7160
11775
11315
7318
12062
3848
12247
6865
11119
6317
11913
10812
11444
4811
9648
4205
8953
9226
2592
5262
10073
9241
9440
4384
5780
467
9594
5974
337
9851
6199
12350
2926
9822
9247
9149
2337
1666
526
7818
10034
1925
1135
512
4749
7149
3748
12465
5205
6455
7631
9045
3477
10595
10026
8238
3033
9933
8189
893
10333
10352
11834
4845
203
399
539
2682
12328
8303
12908
883
6878
2275
9464
5594
11328
10672
1337
153
9792
8800
5914
12806
8092
4359
6791
7340
9405
224
7966
8137
2198
9042
1030
4948
12905
11693
5703
7856
4731
10003
3950
12063
10337
4815
11862
8693
3528
9235
1027
11868
1714
6342
3675
6126
2514
1739
5092
2324
12589
9575
60
10776
3985
6109
10202
1988
11759
4470
9512
7747
5280
8746
11568
12843
5152
2695
12302
3566
10706
7628
11025
7696
6460
2457
7362
12126
2862
5906
9125
985
5175
11399
8609
5536
2405
4268
10178
10774
10486
11332
2790
4306
12711
12337
4042
2636
1107
4596
4114
5251
9741
4371
5309
9018
4107
11701
9221
8204
7297
11195
7376
9408
10868
8418
812
6475
2754
5144
2876
4171
8283
5411
10766
10470
98
9588
12979
7518
5465
1834
10276
4314
7852
7813
10245
210
9560
466
1505
2203
4076
7828
9533
7301
2517
5958
11809
9359
6675
10380
12749
7524
10534
8546
1417
10130
8494
12681
11783
8650
4858
9681
1311
4416
10247
6563
2257
2720
2059
4582
3408
6162
10887
6785
9443
9581
760
2280
8048
8874
12722
3427
9651
7061
5212
7484
8786
11583
1630
10474
4037
4601
7294
727
5915
8456
11546
9555
8396
4474
9523
10062
4742
8118
1152
3843
8635
5179
12714
8308
8620
4970
5792
674
9802
4608
3295
8040
9428
4760
10664
8606
3053
8254
12660
639
6
1136
2900
3421
5311
680
2038
9937
8864
12196
1705
1885
616
9451
8852
3658
2716
2761
609
8449
11051
11388
3788
528
12219
902
10492
5973
5140
11733
3447
5762
12300
8104
8603
6290
2604
4770
4914
11830
1100
451
10786
5531
689
2811
9658
8057
2903
10725
7832
5220
8316
10126
7
8616
4331
7472
5445
482
2308
9003
12066
7982
7122
4346
11355
11899
10023
11275
12322
8
2053
4603
11675
10320
660
1543
2184
3091
10348
12114
3150
3531
5733
9165
1969
7139
3890
4537
9154
1792
5030
9778
3771
11085
6402
4925
8159
11054
6522
12096
10944
9202
12827
4487
5678
11008
3389
8552
9890
3756
5959
3863
4278
7205
3791
12228
2209
5028
10101
6135
6751
7180
6441
9767
10241
12912
1215
12280
10374
5622
5225
2579
12855
5983
9414
1332
3323
10956
4874
11951
5331
11969
3807
10195
309
3036
7279
9784
2376
3225
7996
12507
8714
9833
3905
4951
9012
10859
12985
12752
2326
7289
3644
12149
4409
12737
12246
10166
11983
3164
2383
11381
9274
530
7808
2393
7450
4540
3480
4372
5541
9146
12558
6091
2067
9444
6580
5905
11387
5649
7875
1032
5704
835
12553
436
8595
7981
4172
4392
284
8966
11958
9604
8032
1850
11476
7725
1370
7802
9334
3947
3817
5110
6220
1145
1676
7967
9480
12410
12408
8458
9617
2774
6033
5815
11095
5917
2161
3870
6371
7539
5962
1720
11835
759
11828
12804
10150
1644
7191
228
6923
7350
4122
5395
3132
7867
930
10565
12878
137
5589
5414
10066
8626
11284
1338
8420
5896
4444
8857
5196
6496
11530
4933
11418
9461
9049
1429
3537
9909
3289
4059
7762
381
9363
8358
911
3156
3749
2335
5452
9436
3514
643
3031
4363
9366
6314
148
2246
4333
4779
3486
1224
1546
4318
12582
11722
5679
9895
12116
9793
9198
6470
5407
4188
4523
620
7489
10141
12487
8146
5943
4246
2052
4774
11179
6516
2685
6328
11725
2039
6697
11234
6613
10447
4245
742
8785
2380
5867
11139
5834
5169
12130
3300
5009
7501
11088
439
12821
1336
9785
502
3693
12842
7773
10336
1223
9572
2347
11920
12209
1055
9875
5794
6860
12128
129
9542
8276
2279
4973
3783
7880
3820
7635
10856
6346
1537
7348
8096
9932
2288
2700
8591
2171
4754
9298
10457
5770
3672
6439
3317
10842
2899
9520
353
8920
4707
7805
10935
8998
5773
8657
5523
6029
6836
10523
980
2596
9732
7338
6229
5862
6795
7717
6320
12015
7229
4272
583
9659
5660
922
6491
3778
6442
7517
8360
11070
9358
3111
313
11027
11988
12444
5130
3487
68
1490
11727
3831
10251
7698
2879
4664
9159
1452
4934
4699
6594
12205
3865
10643
5869
3120
3599
9216
4451
10823
3037
11064
4750
599
6258
8486
12929
9522
10055
4489
7214
8160
3100
9245
8890
3089
10704
7634
12164
1764
12418
3606
10018
1387
4285
4254
2533
6095
6293
1586
10354
10498
9457
12568
384
6044
6555
1605
7409
2574
9361
9433
3123
9311
10771
12709
12085
455
12755
8383
11
7478
3516
811
11450
12154
1458
2554
9690
1815
1217
6726
2545
4145
9169
10404
0
944
8923
7341
5187
8959
8654
1256
12141
4673
10239
12340
12113
1519
8208
12801
9281
3352
805
1703
11894
8924
3829
11570
11731
10283
6788
10097
2507
10252
1664
4965
12520
2970
2077
6688
7617
8154
10860
4300
379
4204
2482
4466
9288
9837
6039
5966
9372
647
8341
4693
2228
11474
10182
6601
12257
5256
3700
9642
9548
1200
5215
9230
11318
1313
4764
520
6281
1252
7396
722
10983
12853
12723
7368
5230
4581
7928
11885
10692
355
1154
7573
9283
6492
1718
7312
12622
1010
8461
7666
7796
9192
10646
12747
6830
12697
4085
12076
6824
10214
7499
1995
3917
2123
390
12339
2034
4224
8143
5606
11756
2193
6428
12699
7024
9928
2638
8410
376
10815
4212
9348
6944
1482
11090
5596
4740
8309
3515
3078
6326
10490
5882
7958
11887
11594
5026
1698
9470
4003
2454
6904
6351
6423
10301
7186
6757
5223
9280
9781
1530
7256
12442
11635
11294
10843
12720
8228
8751
9679
5591
6448
2092
4238
5723
12182
5059
3862
8247
7060
2659
11532
10
1006
7023
4064
4617
2432
10830
12068
11020
4649
7949
11740
3258
1602
4842
10801
2982
6759
10151
1790
12883
4501
9070
2447
904
3006
9463
1298
6819
7320
12035
10255
2951
2264
9939
8202
12795
12910
7033
12994
1805
4277
8067
9531
1022
6136
8641
2483
5612
2548
5219
217
5454
6862
8409
5532
1354
12783
4996
4733
10037
6840
10039
339
6016
4047
3399
10250
1221
2525
10295
11006
11457
3394
2947
9333
1117
7008
9268
3238
2634
7896
1961
1719
11785
1898
3461
11297
4030
5436
7109
3484
11127
12989
789
10021
11115
8753
5167
1036
4457
5963
946
12824
4432
2983
2013
8895
10300
12993
5910
5459
6331
2699
10741
9502
10501
9117
6160
2478
10854
7581
7470
4502
8797
12692
11460
3690
1214
9020
5545
5916
8020
11760
1394
10020
4722
7925
2493
11624
8644
7514
2913
7843
2048
10930
9727
10377
3960
227
7824
312
10019
664
8232
1475
3298
11368
11199
2911
6794
6821
8877
6838
12263
704
2192
4316
6954
10413
4803
496
7454
3034
3678
4548
4140
10545
3834
9001
8167
7361
10630
84
41
11552
10080
2429
4944
78
12028
9055
682
542
7754
12570
8120
8806
6013
5287
5728
12317
678
4368
12303
12297
10581
11167
2266
3766
8523
2055
7718
4819
6592
9733
7685
4111
1131
9514
7197
9976
7053
3171
5472
6124
9571
185
6201
10697
2675
5183
541
2972
5275
5483
4631
4223
11577
2546
3326
5023
9618
4125
12109
5317
1884
6316
12157
2871
410
1128
3420
12655
3935
5581
3723
12147
7601
5090
10948
4781
12098
8802
8811
3369
5054
6073
3226
7913
12481
11266
3128
10789
7920
8915
12754
5874
11629
3832
1448
5586
5690
12315
7479
7218
1264
2016
11581
7638
3168
8138
1093
11525
6990
11692
5203
3376
523
3509
11059
10878
1412
10480
12983
6657
1990
5066
3805
2109
6636
6286
7869
11755
6149
7676
5171
8155
10970
1047
10027
2610
7148
5078
10157
8131
1723
3412
5324
7415
2272
10890
11222
9171
2820
8948
3099
1928
4458
9622
2989
4983
11790
2878
6151
9082
12152
7379
1968
4862
4406
4442
11494
11063
3414
7423
9447
367
3910
5824
2542
3517
10465
5303
12241
8285
8141
3005
12374
3216
8790
11250
6695
6339
8683
3044
1631
1334
925
1596
9823
4644
5018
7691
112
5258
5367
11536
6993
4724
2887
11977
1809
10913
10655
7119
3206
7798
8677
4612
6484
2303
10451
5043
161
9075
10155
10850
10063
8362
9478
11154
10088
8336
10787
11262
9064
9134
5868
7017
11077
1971
7511
5146
6946
3286
9569
6789
10575
3719
1697
2763
2371
1112
4856
8322
2750
3665
774
11551
8298
12270
2155
2314
9989
164
4868
3794
34
1400
2676
12094
10640
8846
11808
15
8836
272
6221
462
457
1365
2954
6325
7983
12779
12836
12060
12944
6092
8951
10424
9688
12385
6605
5772
11241
1793
11047
950
3869
9052
5777
2486
12437
4560
5842
4433
6260
12830
6635
9449
8672
10226
5893
178
11017
1846
12248
9304
9670
7621
11870
3755
10133
4453
1147
8084
12142
4206
5441
5884
1295
11181
7590
2698
3060
10855
6856
10285
5707
10098
9364
257
685
11930
8252
9258
7246
1972
12093
4686
5892
7715
3318
3153
8529
5716
106
120
7840
934
5997
1709
3946
7630
5432
12169
5953
7836
11632
5318
7665
7661
5497
8269
206
8891
2204
5091
9316
8835
10205
11811
9462
1779
4214
5322
2613
3373
3169
8509
831
7922
1742
11812
3776
3547
7015
1848
66
1424
5580
8194
9129
518
8853
803
6632
3393
6132
3299
4796
9176
538
12762
5461
5284
11417
9397
4937
8368
11319
9030
8005
5006
3205
3187
1870
8287
10061
8294
7855
8776
10601
3920
5278
1110
11501
1916
237
2369
7995
10758
8745
11158
1378
59
12770
12376
656
9938
7599
7452
6811
7442
10477
12432
1425
9516
9750
10677
6583
7837
592
1384
5252
2349
8403
7298
7648
12477
10328
7185
7292
5069
7764
5759
3155
6169
8355
1000
2853
5687
348
12950
4872
406
2121
12448
2509
6252
11470
3303
1924
1054
2354
288
9780
3117
7506
2748
9039
4229
6385
9635
3129
3872
6205
4876
4588
10369
4887
11488
10264
4021
11829
8090
9620
1012
2390
1931
10070
5072
6543
6396
4886
2663
8332
48
12858
9861
6094
2474
2341
52
827
8905
5781
8475
12771
11680
4558
4875
2149
6041
8213
10739
10886
12210
295
6025
11458
8441
1180
1479
10609
12765
5827
6493
4587
3021
6096
1767
4174
3065
9448
8162
10060
9746
3324
7741
182
4915
12406
12427
1090
1255
2101
2940
4990
8503
7675
6800
12
6354
3812
11910
1735
3980
11188
12191
3198
5370
8986
10959
2381
2556
1819
7406
12781
11091
12724
7522
2727
1674
3333
11599
5362
7468
6012
9842
6691
11427
7382
10177
2909
3777
11864
12496
11372
4244
4249
8062
2267
4482
3539
3425
11225
6733
4164
4469
6887
11082
11264
3880
8878
10916
750
2274
8706
3758
894
9067
4329
7106
1866
8598
4547
6873
12727
4795
9282
10450
6985
9407
3443
2064
9521
10820
10591
341
5907
5177
8256
1025
4755
12815
5148
4044
477
3242
1098
4286
6687
1707
7177
10688
7355
276
696
1321
11228
2252
703
8221
8484
7746
3345
8675
3052
11221
10406
9525
9563
12813
11192
12906
9339
6629
10685
7054
7889
1895
5748
8264
1795
3774
12992
8320
12525
4283
9041
6306
3328
5715
10923
12071
3490
8861
7820
11978
10046
7598
6859
907
9762
2159
3736
8318
1872
10188
9155
1867
10917
25
12053
12639
7236
1976
1398
2285
2543
3686
3274
12837
9948
10748
2559
275
4276
3932
7156
8894
3417
755
11174
11394
9029
11997
2212
5921
1157
8301
2865
5496
5797
5365
11213
2693
1761
3786
11424
5105
12547
5437
10742
5736
3984
12894
4153
5535
2401
6163
1656
11659
1728
8899
7618
11502
7095
6959
1148
7976
8260
5845
5413
11396
4666
6706
7413
6370
1232
2230
9140
3075
8987
7526
12882
5191
465
8793
6159
4420
9326
2838
817
2384
11636
9799
11519
4189
6644
2270
4531
1470
8873
11625
6365
2251
10365
4053
314
1067
3419
7864
4959
2530
5685
10529
11013
6922
7304
4401
12546
649
2321
622
12105
5938
7903
6144
11214
1967
7753
1034
3969
6284
5341
12751
815
12310
8378
2728
1780
10091
10001
5527
7475
4313
3821
11819
8820
2
6088
12976
3320
5292
7664
4247
4186
3201
10602
7892
10360
8367
226
9515
2333
11384
3605
12012
5575
6418
5101
1894
12741
5666
1679
5739
5550
3923
9188
7307
8111
8772
6234
6251
11789
6877
6166
8225
6668
9127
194
2866
11926
4094
7883
10179
5485
12139
1594
2153
5647
8789
4472
6678
5865
11206
9314
5810
11575
1839
777
7860
8881
1173
6004
6357
11749
2241
11404
9351
6683
12379
2342
10005
2744
6001
7719
734
11155
7166
3734
4078
8421
311
12309
7432
7919
3611
9260
4295
7620
9057
11843
745
2785
9078
7917
7047
723
3729
4126
444
2697
4216
7003
6848
9966
6957
8164
12234
12777
12274
5565
255
7113
2759
5987
12189
3609
2459
12835
3975
4170
1886
12623
9253
4320
7241
7461
7851
8779
11554
474
6307
10398
4794
9010
7042
3585
3313
5133
968
12603
3579
2398
10144
6392
4676
6122
2389
240
11248
7358
4290
12256
2995
10906
7253
11096
12118
8271
7977
5237
3095
74
1286
1910
6197
7959
1840
4499
2140
6746
4169
53
5304
229
2765
9009
2084
2360
9002
5475
4530
5097
10120
7193
4913
618
9084
12893
8045
3588
12460
11981
5588
6796
5833
5372
9099
9113
1640
460
12980
11772
713
11409
8633
11619
4321
2480
12561
7314
11242
10879
12499
9150
10441
6501
7272
9157
9826
11840
11201
5373
7946
12216
12772
8514
4001
7215
463
12825
7699
7688
1143
11435
4506
3241
10929
1380
1077
12731
1085
11960
286
509
10569
10875
3138
9683
7814
5061
6502
4650
6936
3966
3134
12986
3623
5737
5626
5125
12680
5174
9484
10808
566
12907
3097
10416
5491
10100
7591
10707
1099
8804
813
8709
10128
5561
8029
3296
10675
5694
9445
6140
5652
4568
3207
12631
8305
7952
8133
9114
8525
691
9446
9587
9584
2937
9456
5848
1269
1548
11601
12043
8488
3260
890
6609
10279
825
8787
2108
5989
2692
4134
4651
2450
12176
8270
5683
12286
5427
4978
5899
11237
11333
2687
10187
7962
10342
388
39
1911
5619
11548
12069
9329
4353
7128
6450
12674
2361
2796
5813
7682
6267
9469
3634
9606
6608
3592
12586
2363
7905
5897
3953
11445
8035
4089
9913
3659
9760
9816
10647
7266
9179
4322
3620
693
9227
7520
7987
4725
3616
2073
4883
10570
75
8628
9625
3272
11313
673
1486
7593
2063
4016
11330
8559
11841
11035
8042
9742
8432
11713
1900
10549
10392
6035
9022
775
290
2135
11753
10932
10466
11252
2967
1060
6810
4305
1177
6263
5901
1962
3270
6282
11235
8080
1581
1502
5308
9338
6961
11641
7633
7736
11392
8077
11563
8235
8566
1943
12039
4257
12168
7203
4334
720
8034
1381
1871
564
3085
12097
1325
2001
7964
7407
9964
5605
8784
1420
7315
4746
12018
3
9074
3551
5503
5957
3306
1814
6303
7637
1408
2595
9189
7899
1352
1225
17
7302
10419
956
1797
12232
6494
7873
11125
2618
4057
10123
6264
7783
3753
10071
11053
5305
2188
1985
7585
3964
8373
4035
2088
1758
574
1534
4155
7532
3952
9229
11304
11631
12891
2124
1104
10449
1558
11801
3485
11215
699
3195
9862
11842
7583
6244
12267
7181
9019
1023
5828
5964
11057
6606
11989
1879
10942
4292
6049
8531
3422
4945
2704
11349
6696
6133
202
5563
11937
9337
1240
6774
11429
5107
9395
1427
6340
1603
6574
4717
2986
11922
3413
2860
1468
8594
11668
3051
6152
4036
1283
4447
12557
11744
4419
3816
1738
12575
5542
6127
7080
1324
10440
8643
4225
1794
5872
3988
10270
7576
1979
1892
8692
5753
6050
5637
5419
1655
1434
12782
10794
7035
1836
6381
4156
4280
3435
10880
6425
12183
2990
3076
5126
11207
7364
707
7487
5881
10286
8550
12888
8759
5698
8370
606
10323
10735
8324
9186
4869
3245
6383
8147
537
12728
738
10135
6714
11905
644
2590
6292
8095
7073
10585
6633
11911
11075
1685
10518
9574
8775
6257
8074
5065
3219
9830
3259
11663
2345
2090
3174
3114
4055
2723
432
11845
10164
517
11383
4148
7932
2738
9649
2338
3885
3513
12778
6637
7979
8872
8634
1149
8738
9214
7043
8234
10805
12963
7045
11439
2946
12734
5507
4267
4160
607
4728
10659
225
1725
4495
1073
2136
8919
3826
11028
1653
1204
7615
4766
7173
2929
8667
5738
8542
7868
818
6610
1076
7249
9570
12006
1265
5257
1379
11608
11906
3304
716
3691
2255
10745
9487
8757
5544
4266
8031
11836
2752
8112
8066
4992
12440
245
1441
7038
12369
10030
9505
2817
9344
11074
7007
2061
6457
6200
9190
461
9259
6532
3868
9838
2472
8492
437
11869
8560
9014
12814
4972
7906
3307
11518
662
6483
1393
8747
12554
6488
1192
11484
2539
9959
8662
6315
4226
7319
1069
8496
8338
6513
1570
9680
4613
8541
1404
11606
10029
8266
3363
6393
4294
801
7910
3612
8039
10090
12211
9884
2852
1893
7374
8386
9212
11343
5668
1522
11292
10515
4604
11936
4067
10427
12004
5583
9123
965
2977
8217
6507
10629
1833
9513
4088
4847
6793
3366
1945
12918
11419
6011
7878
11617
867
12698
8999
9506
10075
11267
10891
7019
6815
6057
3110
5686
6218
10715
11092
8798
1717
7176
3782
8748
7381
440
23
3598
3278
5003
8200
3823
1609
9511
4836
1003
2534
7345
3802
5731
12165
5663
5000
9206
2508
9256
10379
11718
9051
10024
7393
1329
11160
767
4105
13
7650
843
8179
12155
11919
3867
753
1066
6000
12884
550
10828
11015
5393
7937
8807
3082
10051
885
5378
3671
9278
9567
1604
5435
4910
8385
1983
10605
2094
1808
12466
6430
3240
1409
5879
1418
9904
8979
12476
4236
8717
1724
8732
4291
10638
4923
679
2938
3354
3350
6659
7378
2686
8284
6966
4200
6476
3752
2635
11482
5390
4904
2564
12311
317
5590
3556
6566
12704
7092
10912
3938
9222
1028
5431
12640
10180
445
11130
12937
8085
7508
6590
5398
9119
5504
2296
7104
10463
11141
1364
2802
7803
4106
12899
4901
9438
11647
5325
7551
7163
8939
737
1878
7373
9269
5214
751
7067
2218
7645
5800
6255
5206
6209
3081
8712
1745
5864
2416
3574
2226
8803
10156
11935
1105
2093
6330
4816
6297
4093
9852
7780
8578
6765
12797
11428
7826
7439
6570
6617
6184
8601
11873
12170
8833
2962
9354
9093
11390
3841
876
6345
11916
2870
2174
7183
5903
5410
1539
7604
11337
2826
4319
7752
615
7137
3552
6141
9791
1495
12967
1933
12192
414
11929
2311
624
1960
372
4646
9251
3664
8630
10522
7103
5273
7022
8025
9576
12366
3018
7474
3876
10154
10145
6240
7731
2855
714
4694
10217
6927
5189
12551
2910
9217
1634
849
12395
10127
8615
3162
6235
9691
10415
6650
422
2677
8257
1414
2368
2573
573
610
28
8883
10632
3213
2851
5602
12800
8207
1113
11827
2673
10772
4296
5229
8954
2934
10106
10937
11416
9908
91
654
921
8925
683
3152
4637
9903
11806
2585
9671
4485
10242
6052
119
3191
4063
11244
9459
4287
10573
2717
1923
4074
12649
3175
12423
1661
5087
2688
3542
1991
115
7674
3434
12383
2177
11996
167
6937
2423
6777
10078
4339
5448
1888
2628
8888
6118
12397
1695
109
764
4430
10827
8767
1591
156
7046
1179
6953
4048
4805
11503
11211
10378
12384
10312
8599
6621
259
12524
277
9427
9101
12739
4857
1929
3449
9666
5709
10902
13004
11274
8060
1639
9273
6379
3264
8950
2145
10782
4361
10364
5539
4618
10825
9949
3265
6981
4144
468
10898
1691
6775
8041
711
6881
3704
10514
11558
10603
9868
9801
657
2798
695
11866
11833
69
11217
3968
4714
2936
963
5488
1903
9120
12052
8631
6348
4288
8884
11859
8522
3792
7084
1704
12131
9719
9000
10044
12956
181
4476
2194
8520
990
8052
1040
8399
187
5757
11609
787
4690
8002
1811
7473
7608
102
4995
12954
5405
6744
5424
11521
7546
6701
5420
5136
7656
1831
6253
11463
3276
4260
3499
4860
2709
2377
9491
3742
4906
8947
10928
7072
10076
1788
2745
7888
1675
10131
11681
10589
1702
5724
12255
6826
11293
6374
233
4829
10028
2640
8773
2857
1841
1957
9564
2552
11018
10566
6063
3448
1560
3764
10163
3077
10171
12852
4311
11703
1562
12146
11288
6772
4880
7207
3504
9974
10615
2127
3273
4528
12330
3550
3064
435
11317
159
2580
736
10444
2691
7055
8325
8581
11612
10799
5615
1683
5740
10544
7188
2076
6769
9419
11915
1950
171
10321
11219
9322
9918
10616
4790
9044
3071
7553
6301
9856
9977
584
10458
5599
11464
12484
11541
3922
6642
2753
11320
10186
10973
8229
7895
9876
3456
7453
1626
9595
12690
5628
4473
8814
8058
5855
1268
1849
2238
3716
9864
9077
11107
2210
11695
365
8885
3315
11687
1015
8856
10998
5766
7943
9982
1473
8818
453
12138
3310
9672
10258
2783
1127
2768
10330
6230
6710
508
9814
11152
10430
562
10317
4792
11327
5922
8579
1191
8627
12531
218
3255
8050
1940
9847
5840
10467
2098
7090
6834
2797
10964
5557
6259
10407
951
10835
2724
12422
4115
7079
2715
1097
10257
3943
5880
10724
1696
10411
4167
635
11363
5492
11393
8726
9107
10489
299
4173
3705
12750
2187
10559
4584
9701
741
2281
5929
8652
4553
449
5467
3322
5952
4006
7846
2711
6123
9527
2065
8777
697
12493
3374
1251
2626
917
9840
11698
10049
5695
2115
1580
1165
1159
5022
4665
9556
3436
1601
57
7644
10866
11645
3106
118
2137
8507
1549
3990
9360
11710
9006
1083
144
4817
2729
12030
9185
9323
3248
2540
7264
8212
9967
4428
322
11108
2762
9011
10367
9819
2985
7838
186
11528
9661
895
7944
5573
8249
8831
12416
7135
10841
10500
12600
3067
5782
9492
9069
8516
11033
2162
1016
3615
11190
7039
9266
10025
1316
4438
12890
12913
12471
12201
1920
12438
4302
1413
12305
3800
12903
2755
10993
8940
88
10319
12694
4645
361
1024
5282
6728
2959
11975
6076
8026
11565
10148
3913
191
4628
2521
12662
184
12663
8197
2154
5595
8963
896
375
11414
10708
6930
6338
8277
3654
11943
6285
10934
3546
2664
7201
11948
3088
7614
4561
8679
10235
12896
5164
8993
9637
100
3959
11735
623
6889
2991
3844
3066
11366
5742
12287
4899
1048
9883
7743
1210
3661
9015
65
6415
11230
6445
1613
4997
6639
7250
8617
12407
2461
9318
7310
5844
6700
12816
9377
11169
939
3476
7782
1014
8676
2452
5499
373
7025
4782
12996
7143
996
2116
5749
10359
4669
731
11784
12177
4703
5489
6929
9844
3732
10000
4639
6829
7366
1353
8673
3440
12909
12045
12563
1917
600
5259
11507
4222
6870
3642
3822
9147
2178
8576
1220
3965
10883
12029
2571
1302
12101
11238
12574
12084
9947
8186
505
7670
7213
6941
2541
8699
1442
10662
4240
1258
7655
9330
3554
10376
1289
12188
2917
7303
10853
1571
12446
3725
9991
5123
1589
1577
1963
2197
9972
8926
10903
10558
5100
9345
5920
8938
8914
4538
9759
7352
3808
6535
1622
3608
2958
4758
8647
8014
5624
11737
11052
10042
6725
8500
2436
10054
10125
9641
5440
8088
2650
982
12556
5971
3133
7767
1791
6225
5361
2786
546
1953
3926
1527
359
4605
7672
1801
8774
12732
1625
10618
9116
4099
10137
1450
6831
3236
1623
7589
6968
11702
5697
8098
281
9081
12606
3656
11706
8384
10980
1873
1921
1566
11653
2795
4079
10849
6040
6797
1259
5878
5776
163
728
3803
8869
5688
12548
2621
10299
7258
6926
11438
7385
7847
8863
11329
2835
1982
4239
4116
8733
4263
448
2897
220
11721
4411
248
168
12296
13003
12087
5821
4863
12513
3400
199
659
3785
9815
9118
3351
12715
1383
12223
5067
8130
12826
8816
7265
10119
5392
5950
5193
3610
3878
10885
6191
11531
9923
2749
4159
4179
1407
9297
11805
2152
7449
6271
9630
8795
4281
3836
10909
2671
12072
4544
5052
2793
149
11719
4252
11026
7858
2782
7735
758
4941
9995
5883
3533
4615
4082
335
1881
1932
11917
8668
11032
10136
4745
8364
3779
2346
6037
7737
1607
1584
11576
289
884
1824
6093
9929
11487
417
7392
12659
2819
8211
12137
4324
6894
6249
5945
10011
3904
2707
6665
11967
1721
8980
1236
6085
1432
11186
10626
9086
2172
3846
2412
1216
3148
7613
491
12080
10869
7321
9162
6727
4360
8414
11535
4897
11016
7703
6921
7225
7712
12061
7626
5988
11375
10353
10267
3074
4633
10690
7331
1361
1781
11673
3495
325
6216
4985
9196
12490
11281
4726
12174
1139
1446
7330
10266
1461
10803
5831
11240
5279
5400
9863
10749
9200
3454
532
7418
6222
9102
1079
5057
6591
8729
6467
4397
6547
4511
7639
8311
6903
5408
11459
1281
8113
2491
966
8345
9474
11261
11517
4806
11229
5153
3874
1133
1199
9390
5852
5113
8949
4778
12480
11623
297
9083
10846
8830
7309
3801
4317
10368
12718
7434
9050
11593
12952
183
7766
12917
749
6888
3924
2598
5071
4525
12308
6817
5255
3410
7710
908
3424
9881
368
8710
438
7811
10910
5767
6857
4837
11112
11942
11896
3418
1778
5510
4199
2415
12298
6215
2501
1600
11395
12404
4953
4718
11002
10314
10877
11912
11285
4178
7692
79
1864
1013
675
11226
6595
1947
3253
11679
19
1064
2499
12614
3860
10884
4424
9398
12540
7263
9787
10567
6174
9751
6512
3371
10031
6283
7938
2068
6947
3481
11062
426
10022
11745
11657
3048
7127
11649
10224
11377
11955
7136
6154
12927
3247
8688
8392
12686
7438
5990
7548
554
1350
11560
6368
1138
1736
9978
5463
4348
793
7498
5232
12332
5639
4464
8900
4614
8152
9450
4800
9865
6433
7323
4772
9698
766
7755
6148
2944
11324
10160
11493
6195
2739
3232
7894
351
11557
11957
633
8897
122
6983
9705
12388
4818
2710
11823
11105
1904
1647
4542
7353
5083
5564
11985
6995
9
10736
874
197
7057
1274
969
12515
10256
10979
11711
10543
2253
4434
127
8720
12611
5267
10464
4706
10296
1291
6837
40
12717
4593
2003
9394
7990
3143
2009
2928
6911
10219
4220
6469
3105
4692
3116
9325
3640
4158
429
3854
12179
8536
4367
12495
4415
676
12565
5162
8977
8109
9277
9748
4253
9276
3928
1058
10520
475
3090
5625
4123
5993
2668
1092
8470
5266
11610
1636
7792
2877
12607
3146
9825
992
3978
9818
10924
9626
5509
2312
9472
10576
2617
10831
4070
9068
5537
389
556
5156
8000
11709
10826
5835
10861
6412
8845
10499
4918
8629
10958
2741
3027
10619
12875
10765
7673
9812
8274
12613
6268
6019
7081
819
5568
10863
1670
6224
11621
10109
9654
12299
11999
651
6198
8442
11272
3467
12019
10343
2757
2213
4710
8275
12636
900
7974
1817
11302
11807
10389
12090
6615
3712
2134
11938
11527
6473
1689
1320
2133
4917
11003
3375
8183
7134
8064
7999
6030
10292
8904
10596
3660
9786
3900
8114
608
5011
10434
7945
3360
12626
4961
6898
4496
5349
7150
6718
4002
6210
6480
1467
7332
6187
7839
12341
6181
5823
12610
6242
12005
11166
5610
1153
859
927
4966
7444
6517
8737
1632
12001
9580
8847
6053
9267
3057
12533
5141
7574
12208
5998
10535
2245
6910
7784
7744
10298
6677
2494
11773
11147
3086
1757
32
5732
12819
5182
3104
9248
6444
5122
12086
10555
7147
5820
6344
1531
12733
12024
12148
12237
5803
648
9409
3718
1211
8451
11132
9126
8533
4104
9246
6901
964
842
4831
10572
4825
11012
3708
2366
8100
3962
2012
7460
1876
9583
8834
6596
7513
7058
10971
11664
11184
10995
1614
12360
2950
8711
1775
5600
1946
5977
8837
4577
11140
10508
1743
12534
6414
1328
5301
1029
7582
3958
1401
5725
6243
5804
4342
12457
2653
6542
7870
492
3837
7678
5124
2408
310
5863
645
1701
1348
6980
2007
4527
2597
2207
7642
6161
7721
12946
5658
3916
9496
7293
12491
8369
11683
11299
11883
7175
9243
11655
576
5978
2823
6495
6509
4259
6156
6646
6849
580
11982
9174
9128
1431
12745
11781
10625
3824
949
9809
6825
209
11338
9984
5585
905
8586
6729
9590
3239
5850
3197
5111
810
1825
9160
9115
11640
5166
786
5073
319
5788
9172
5178
575
558
415
8913
10775
1645
11124
928
4168
9109
8511
12454
8570
8230
2476
1126
2130
6818
12506
12486
6203
12057
10537
4545
3024
8584
9752
12509
2906
1909
10418
10315
11586
3396
7544
11891
6474
3359
11871
10892
3895
545
8791
95
903
7260
6153
1731
7565
7091
9549
1823
5718
7390
3142
12981
1228
5068
10340
5886
5165
3385
5858
9148
1592
7531
2278
8682
6912
5856
4337
899
1474
6478
7198
7335
1877
10006
5809
12620
9557
12936
7594
549
9631
1768
4788
5074
11430
10769
4374
11516
8431
3072
10901
12505
6017
4974
2382
7659
1339
3249
11193
4052
179
9789
7651
6874
7822
5744
11413
2792
1049
3523
7049
285
5764
10402
3879
11067
6510
1219
3176
12958
8678
6246
1246
4241
7821
4250
1847
12738
4839
12651
10984
4729
6121
9466
6335
8545
5379
2601
2885
3008
51
5763
3745
6792
12892
1241
10563
3475
9891
10047
10341
7775
1897
886
9539
6447
2523
6908
5117
3653
1989
7337
11816
8955
6518
12346
593
11350
11177
324
5524
7809
11856
8157
12160
959
5081
4147
10116
9993
8236
8755
2599
5805
8306
10800
7898
1254
12327
2549
4084
5415
9175
9657
3754
2620
8929
10502
4177
3357
880
2725
12933
8930
882
7859
8613
9694
7716
553
4183
10557
3029
6712
724
3735
5996
6128
788
10788
5556
7349
9758
4810
2801
3790
500
6125
141
11660
11818
135
6844
7013
8175
3795
5327
2399
3112
4652
3613
9400
10194
11763
5746
10504
9473
3341
249
12373
971
5168
9538
1629
9130
5798
1813
822
2526
10988
7457
3405
5506
8347
11157
2378
2265
9559
2655
6886
10456
9071
6464
9765
3751
55
45
12245
9722
1975
8646
12619
12615
7525
1912
3887
974
11171
9342
11183
5972
9493
11121
8279
1114
4989
1597
10462
5986
7052
11385
10121
160
12900
10671
9882
1163
5984
2965
12456
3555
4087
8862
2856
9232
4289
10273
710
10874
3291
12236
6527
10443
2923
4467
3714
1186
4269
6309
4824
3881
12226
11903
7510
3386
12284
5861
9777
12863
5837
8312
8365
11309
3775
4108
3409
8046
1934
11848
2804
5734
6090
3346
7800
4751
8395
12920
8901
8908
8810
4118
9920
3746
976
4849
6058
534
247
12278
4129
10057
5268
5808
5288
3684
604
12536
4132
7857
7209
1095
5064
8823
4312
3762
5438
12220
9087
1207
2291
5633
2667
4753
5326
2379
7062
12885
10521
9874
12988
5173
7495
2057
10723
11036
11300
6934
7850
6075
12685
1046
7819
1642
598
1457
3911
1369
854
56
419
10129
12689
6864
3126
10965
8422
1278
10783
1464
7306
8075
5185
958
11898
5669
10738
11984
2225
5577
12512
9454
12399
4653
9255
1787
7606
2969
9579
8697
9303
10479
1155
11974
8922
1856
7153
363
10978
11973
443
3233
2298
7519
1556
11826
10872
10115
10785
10612
4471
12492
7161
2143
7096
942
4463
4373
1416
7550
7014
1386
7770
2805
1068
9209
2734
6422
12642
9936
5854
4135
10752
5941
4780
5351
4058
2235
11618
8685
6074
5631
603
12108
12145
11371
12571
906
12489
2301
765
7437
10899
3145
12627
470
8063
2952
12357
9135
9779
177
252
6233
5383
4562
1574
9652
12261
1118
8636
12472
3942
2843
9290
3141
9621
4175
10370
4625
715
9897
7612
1344
12124
2118
10426
11437
7121
3331
9859
5795
1193
7994
11872
1733
735
8117
200
11998
9675
10099
9808
3525
9158
6875
7010
4151
3866
4752
3624
12594
613
7557
10045
9350
12000
428
4969
10552
1164
3096
3857
9924
11086
11800
9857
6599
9914
7429
513
7268
8105
8707
6386
1476
6129
7118
6564
2233
5774
9373
30
10308
8946
10716
11770
292
6895
719
12877
8660
7720
2837
943
3981
5708
8719
9907
3208
6739
10684
362
6437
2475
12608
12295
11023
7329
12044
1651
6059
9021
1279
3643
9270
6679
10957
8231
1772
10311
6943
11574
1430
11209
9379
12190
1547
8009
11194
2490
10388
9695
2966
6979
2807
12178
6528
12562
5644
5360
12760
10579
1423
4721
3914
10941
10700
1526
726
7663
857
9475
11730
8984
4228
6482
11603
369
5313
11904
12092
12034
7414
5462
11684
5176
4741
3907
3589
6436
5084
9898
4573
12352
1660
7050
12450
2624
12283
7141
10894
6786
3010
11046
6254
6111
4344
6992
3144
10058
8245
3648
1977
6449
3559
8821
1451
10631
11180
4217
8921
7157
4638
1260
8666
7360
5760
97
9585
11539
12552
6294
4719
11804
7817
3627
4507
9108
8671
4007
2824
1891
1789
12612
9166
2646
2247
7791
8250
11762
8477
6540
3549
3460
6024
6417
6625
10290
1465
10919
82
12393
10538
2443
1800
7476
12033
5199
12464
3945
8022
9955
2169
4672
11656
8933
4097
2670
12834
6060
4991
4235
1919
8259
5135
2082
7400
11571
6158
8653
4100
4574
4207
8272
8206
169
9167
10478
3737
7876
2515
6280
12541
1861
2111
9917
9110
3899
11676
10564
10623
7963
11249
7041
3680
105
2529
8344
2231
590
2905
7660
3683
3541
7900
8942
8068
6006
11175
12676
9925
6083
190
5060
782
2637
5816
3702
7985
4234
1663
10790
10485
2148
6377
809
7627
479
4251
8827
5756
5045
114
12964
7607
11578
1672
4823
11928
9468
1998
2886
2287
12231
12939
1330
10644
4477
494
4554
6499
5151
9442
12618
10809
9552
3997
661
5429
11855
11490
4448
9420
5769
9365
3602
12916
9437
5476
10117
1927
1662
3991
9730
4767
4120
9170
6582
3570
7934
6902
6299
826
2227
166
2684
6916
10263
844
8076
8540
3524
5297
11412
8415
10401
12822
1715
12529
5674
8573
5194
7882
5368
9820
6372
6530
797
12134
11268
9735
4980
5516
2656
8796
6585
1694
2403
5717
12156
8860
3069
2206
2128
7611
4112
4977
9007
11824
6551
1747
5332
5004
11271
652
8768
1141
268
12103
7482
3856
10635
1082
11769
941
1507
6079
8071
1314
10412
5898
7431
671
6226
9519
401
6578
6186
1019
5948
7465
3796
7219
7420
12605
9240
6193
756
3464
4366
11407
454
2924
3482
1875
7111
3883
9265
9151
6419
12578
172
529
5434
9973
10792
11598
11791
4031
409
8839
3319
2122
12593
936
2833
2882
9927
3673
12845
2367
334
5832
173
4623
3378
4221
7708
10408
12839
6720
2679
6313
4834
9375
7912
10390
4594
11254
8605
3908
9551
10461
4812
5260
11766
7689
11945
8931
11103
2497
718
3115
11100
8842
6945
3685
8822
7950
9500
10277
2299
9550
10996
3849
8769
4274
4163
4157
12129
5149
2806
10192
364
12798
2890
3196
5430
8602
2742
8880
954
2355
2683
11093
10592
1062
2644
8983
8932
3190
2718
8466
8099
2240
4516
4656
2569
1922
8289
829
7602
5480
5530
7026
9376
12653
11099
5799
302
507
4440
5843
2696
11739
8782
11932
568
11712
11146
8463
5345
582
9795
43
7953
7383
8508
12046
7402
6588
5195
11758
11940
5388
4998
2451
3411
10259
2674
4
2732
6479
12972
10199
12866
4667
3717
10526
5653
4564
5758
5665
11098
9187
6537
11060
4555
2293
5007
392
11777
7732
1821
2417
8174
10580
1552
5417
8265
6270
4600
7278
1525
7424
634
7327
10172
3967
6056
4682
8851
5364
12449
6434
1406
4077
1158
2294
9319
2775
10040
11346
6219
5382
1340
128
7694
11382
666
1500
6858
7707
4512
2320
10403
3397
5750
5582
4481
8161
6170
10882
6612
9682
6624
10817
9886
280
952
12609
1657
9600
8530
2565
11851
2778
2010
12023
6410
2150
7334
12744
6384
9845
7169
10990
1071
9737
2409
6708
12522
10712
4861
2901
6451
6416
10015
11280
1116
9476
1372
3130
318
12172
595
12848
3853
6117
4491
6223
9033
12347
5053
4043
11143
8725
12550
3217
12083
420
1333
7679
9960
12968
6382
81
4023
10550
2780
7064
5013
12803
9532
10517
1926
3563
11708
8892
195
2469
6634
5204
1167
1184
670
2223
8778
469
717
7428
7065
147
11513
4736
762
6248
5031
1305
271
9092
4370
7399
2289
2555
11526
5787
915
2466
2158
7577
1178
11126
8240
913
12974
3362
3459
8356
8910
7684
11879
10147
7578
806
5641
4833
3562
4541
9821
2000
4556
2498
7978
11665
6247
1053
5597
1109
10553
2992
11447
11515
11605
6620
3182
5933
3388
2325
11814
12081
2344
1868
3135
5995
12082
9615
3840
7568
12868
617
11953
383
7986
2600
7693
11567
916
5160
431
1949
4190
13000
7914
6949
7110
6066
12195
3587
1521
72
1213
11511
10181
11639
9384
6709
1292
1730
10124
8394
11669
8978
4162
7006
12597
11440
8377
7255
6182
5604
12664
2714
832
5926
9059
7281
12285
5042
3432
12150
12099
11768
12703
7562
8065
1323
9485
11260
12776
11468
9383
6741
3043
10695
12070
11084
6010
4062
6102
10710
4550
9393
6189
3699
8010
4341
1346
2840
2222
11340
1460
10318
1980
10476
8248
6839
11946
196
8812
1756
2868
5546
8349
7040
10540
321
10722
1753
9054
9254
1583
2784
4595
5029
7093
7936
5207
380
12235
3108
7174
7625
6809
6914
9704
8553
8965
10761
6586
2987
12158
2448
1890
5551
7158
3676
816
5181
3173
701
5226
1880
2560
9975
2975
6265
10396
6939
7807
8107
8763
8743
8047
11927
7632
11537
9517
7777
3016
4759
10999
3403
2309
5909
8610
6435
350
5249
6459
441
8916
11335
5120
1559
3674
7646
2949
12901
3305
11344
10008
3235
4083
11325
1565
10339
3231
3596
12792
254
5328
4191
10442
4197
5727
9709
6694
6175
4284
6031
9869
11191
1315
4655
2615
12647
5778
5016
11481
8177
2396
7009
4330
2315
11083
10138
85
2407
1829
10240
8330
4532
7029
1089
6692
10652
8176
12999
7146
1822
6228
5743
7993
12924
403
7206
8770
5098
3956
1506
8408
5918
9546
3827
10271
6150
6876
2224
967
2593
7942
4769
9729
5999
8192
11522
6573
9870
12632
301
12439
7322
7370
11754
3896
9422
8758
10167
2567
5801
5172
6196
7844
9402
7827
3054
2375
5502
3586
10262
4536
8168
2984
533
5447
11104
790
11286
11822
11406
3124
8934
1492
10822
11979
3050
10351
10083
8982
4265
7138
9090
9558
5807
11956
6027
2680
5350
10617
10641
1322
5558
3178
5700
4802
6324
9106
7184
4734
7849
8850
3864
4743
2002
5853
12026
12844
3871
11600
10304
331
12212
10225
8944
4095
2070
2334
2603
35
7726
9892
6429
12857
