11209
4680
10186
4325
4657
12369
356
10898
9339
8649
8440
3083
10671
12090
7509
4922
2392
9458
11411
6180
6255
5716
7702
1748
8705
11266
9644
8044
2365
6261
5085
7782
4184
11107
6685
12312
12842
11879
9529
9502
10005
487
9984
656
1987
12960
11605
4430
11617
11752
6978
1617
12618
8101
3489
7867
1260
12867
11642
8333
6431
7511
12382
108
10809
7580
9833
5186
10386
8486
2921
10307
9574
4592
10049
6508
10897
5925
9577
2818
3765
8971
9349
6967
3425
12451
6716
11857
1686
4572
12063
7427
6602
10156
11033
11520
10393
9191
5940
9633
9403
502
189
7287
6754
2978
2668
8629
38
10763
12283
3623
8304
616
5526
7823
9796
1517
3311
3167
11365
12146
368
10646
10496
11064
12350
7695
8848
1455
12282
7561
6203
4514
8642
4977
4292
3288
4570
7850
10669
7503
5172
12307
689
6461
6238
1789
2016
5
12006
5500
10494
12573
10057
10183
13009
1247
11169
203
516
9734
12101
9204
10141
9442
5389
10199
9707
2844
5350
6594
9223
6291
10597
11688
12054
10485
9032
129
11909
11183
2464
9601
2277
7164
7284
2091
10872
2516
527
10567
434
12569
9053
938
1180
12036
10719
9968
1408
12259
1154
569
7459
790
5889
6826
3124
518
4729
8540
2986
5607
7409
59
10837
10408
11878
11552
3093
4294
5802
4885
4045
11943
8791
6519
8337
8442
4324
255
9777
10275
11604
6378
6743
2698
4713
3726
12756
12352
12415
206
2060
9721
9330
1624
6963
5435
11975
7723
4130
12802
4702
3289
544
9141
3762
4659
3059
7590
10204
4065
3265
8035
11624
3058
1645
1376
8411
3223
9377
8676
6941
8943
5055
878
106
10189
12868
7499
11839
11850
1885
8010
7383
8909
6460
3652
7147
1238
7956
7924
253
9463
4374
2761
9761
10154
2846
3940
1210
2002
3724
53
10369
1063
1779
3144
12899
5107
7270
5119
7620
7517
10500
12606
1385
335
8392
4597
11393
10894
5543
6988
12120
12185
12378
5568
10168
147
3019
7296
2997
1642
3181
9103
4016
10635
3333
3030
6139
12585
9743
9656
8580
2523
8890
6421
5740
2190
6684
6454
7446
1550
9387
9341
4084
9264
10160
12417
6802
9814
7008
3070
8675
1313
12674
10722
12694
2258
11705
10625
4850
9967
5582
7656
11265
1242
2875
5335
7484
8780
11213
3860
12711
1381
9355
673
211
8531
6299
4164
8643
9623
7276
7560
12728
3460
7508
2286
12071
10867
2254
6239
7993
6586
8796
4362
12819
5120
12994
7722
2450
10783
895
5422
6808
11331
1763
3387
12379
7454
4068
1881
10663
9931
6159
12418
2577
8218
5200
6165
12225
11332
9712
2526
1540
12746
2001
1785
10823
7646
10283
12547
11400
12219
8395
9084
12072
12525
1131
12574
9692
11001
1621
2225
7904
9879
4549
6101
598
3809
3146
8655
4075
2773
6472
3941
774
5673
9317
10893
7662
3023
7123
11527
797
12140
6909
12131
8658
2606
2717
2097
12254
3784
11049
3134
6694
11833
3013
7015
8776
11767
11773
9787
5553
3512
9889
12657
8721
8774
9324
860
10445
7872
10853
4740
12349
4501
6850
6104
5803
799
3345
1006
6720
11277
3079
6905
11830
3325
5683
7582
9599
9826
10675
10747
5314
9035
2101
404
8377
10071
9632
11044
4345
8677
4207
3951
3538
8087
11027
6533
2547
1603
2889
5968
99
1709
10437
4668
4824
9563
6401
7879
12341
4711
8653
11821
6387
11937
1085
7961
3033
4327
5960
8583
817
302
3465
9407
5706
7124
11247
5929
6588
7192
5465
3519
5586
9357
4500
6467
11298
6430
4525
936
2949
11466
5512
1672
3633
10342
11845
8720
7573
683
7087
12497
1630
1685
4687
10887
11509
7788
5544
856
1497
563
8606
12458
6084
12542
5240
12626
11290
664
11485
12710
10195
4408
7734
1196
9999
10936
2374
362
2505
3991
11902
491
8527
12755
8884
4627
1485
10390
25
9866
5875
6745
12570
4183
12623
13011
10248
1772
12332
6865
6614
12609
6375
2241
5254
6947
11692
10088
12330
1350
5084
4240
883
11579
3749
101
2623
6108
6813
5801
9929
5880
5795
8628
12936
11920
8106
8988
2239
12182
4867
4347
6829
1558
9026
10482
11598
4372
11041
2484
11848
6861
4008
8009
9020
989
1326
8673
6987
1995
10447
11111
8432
11060
2353
12344
6176
8313
2676
3535
11578
10046
4150
6483
5409
10756
416
2317
9705
9950
8862
214
6143
322
9634
11917
12489
9583
4497
1191
6906
1156
4333
12260
6007
7151
4487
1653
9713
6175
5300
1339
7429
4428
8541
6629
4502
10721
11333
12593
11506
2382
4264
11227
9567
7679
11771
5847
3614
8817
7661
10234
2426
12058
5317
83
391
8359
11159
11564
4243
3626
4182
4105
11565
5768
9936
6141
4828
6355
12898
6839
4843
1635
4344
6325
8369
12622
9685
583
9161
12571
11187
1955
8339
6373
4737
10069
4681
1671
7018
131
1513
6997
9142
9605
10556
1453
3851
1543
667
12954
5130
10859
564
482
5127
4255
995
6418
1620
6235
11071
3638
11722
3704
12057
1280
10962
10956
3667
9628
2658
6926
7586
6708
5029
5214
7972
9318
4926
5508
1018
6548
4590
9515
5702
12654
7585
10622
10645
2275
6900
2199
6318
7660
7853
10514
12119
5853
1572
9287
10753
6617
8053
7774
12244
141
8830
1700
12413
3257
7689
12167
9630
4004
6027
12579
4227
11115
8972
2
3740
4973
11761
5517
6273
4983
9029
10121
270
7974
10822
6709
9050
9916
2023
10668
9940
12535
594
7539
12651
6082
11446
4634
7404
6843
3701
9892
11969
2990
2415
9316
8815
11086
150
10293
2428
7889
7671
3469
10932
3850
2953
1215
3165
5358
8022
2692
6949
9830
7282
5761
1928
4556
11854
12169
11122
9036
669
4835
9959
11421
12995
10096
8081
9927
424
8174
997
9176
6927
1922
8348
215
3548
6601
3997
6404
12631
7299
4144
12265
6557
10842
12805
2017
2012
9079
12672
10930
4097
11306
5236
6635
6770
7866
12735
2128
3273
6920
11532
8387
2886
2510
11220
1443
4397
10215
9825
8567
12733
4664
5455
5726
2196
11164
12453
7395
12645
6972
9011
6564
1366
6592
1021
5808
4784
2741
9741
8750
9688
1562
11993
6637
2134
11409
5047
8315
8098
226
9484
12437
12122
10935
2427
3880
6783
4265
6841
2169
6287
2492
10259
8668
1473
1741
7133
11130
6792
274
1103
8055
7132
6794
9291
899
8070
5275
4225
947
12576
3531
9995
7397
17
2792
3735
378
1595
8568
2102
2265
3923
7914
705
2163
9336
12029
4531
7297
12939
87
5977
2399
11006
9917
10627
3344
1589
3341
1398
3386
12782
6388
10246
8579
4892
6701
4035
12083
8255
4435
10704
6075
801
7998
10658
7805
1007
11083
12543
10760
4376
7274
4277
1292
2129
9007
7024
3075
10637
4881
10603
11297
12436
11126
12168
1774
655
6237
11794
3307
10193
1340
3077
4573
8698
10947
377
8316
9524
5198
2869
11498
2878
5284
3000
2252
955
10688
10542
4383
4192
12134
1827
5905
12597
2307
729
9150
1907
11141
9569
11753
12496
6393
3579
8782
10180
3329
7769
12740
11700
6703
10165
6233
9138
11367
3712
4746
5080
2785
5990
5324
9023
4744
10535
4877
12758
12011
3488
4838
1287
5721
8162
7984
9532
9208
9203
11629
12014
3492
197
12956
8012
1580
8537
11576
4499
6713
1949
9506
9934
11134
3322
12831
1023
6065
11668
12872
7920
5452
5153
11491
1262
9421
9425
2029
11117
5590
8620
2272
7351
11681
6162
6846
2787
2867
2841
4213
1738
10138
4958
5927
12582
161
9369
8955
11063
10460
3247
8264
11137
1435
10700
98
7852
1542
793
2232
11414
11215
702
11125
5686
11158
7321
6011
4440
5318
2223
7143
12031
9895
6032
4669
1293
11385
10755
7703
6445
4356
2759
7892
2580
8612
2938
12536
3426
7243
7496
3823
2188
5806
1966
6095
2137
12495
4412
2573
8654
11378
11548
7891
8043
5815
4407
9108
5545
7075
4127
10179
5384
3893
4308
4314
4201
466
1975
11361
9218
9795
12450
6465
11193
3485
11195
6539
6310
4616
4929
7017
4
1554
2546
8985
74
1052
9541
6267
11098
4887
3475
7912
3611
925
8468
4540
12502
8930
2206
2456
9432
481
8674
12364
11201
11744
14
9876
5542
840
263
7693
11263
9222
7750
11693
4735
4020
8611
5456
2037
5949
5141
6063
12873
10966
8287
8021
10399
4231
1457
6523
835
9119
826
2480
9957
10332
11023
6033
10506
6009
1273
1332
2734
10387
9348
5921
10391
7250
4196
8557
8456
6018
3423
7566
8006
11190
4796
2883
182
2701
5217
2136
10353
5156
7127
1438
6000
12176
12519
12996
8785
12563
1469
5103
8623
7501
4853
11337
2729
11497
4845
6706
2409
9146
5112
4861
11075
7349
4780
8630
10153
7384
112
7882
10351
12590
10495
10701
5305
6490
9732
6976
6279
8499
11136
1011
2609
2262
2351
2885
3151
4003
2009
1880
12677
1750
298
11808
7714
2014
7485
11257
4674
7527
2019
8521
12096
6332
12821
8185
8422
8757
213
6066
11402
8420
10232
1957
11184
7098
10148
1294
1999
11468
9111
7592
8078
2104
6343
3196
7895
2075
8990
2608
9271
6935
6675
3242
7311
4718
12008
6257
6893
10623
7041
2962
7285
5779
6426
9461
1726
380
9110
2200
3245
4934
10690
3089
2109
11716
12933
398
7431
16
9858
6078
10484
2412
2175
10759
9311
1490
4205
5798
8520
7795
1409
5362
9597
9327
9426
401
1596
8927
11940
7080
12967
51
8823
6068
3670
9607
10149
9429
1883
8839
2718
3865
10376
12671
9789
4968
3157
11979
11825
9315
7593
824
6867
9338
3054
177
7832
4951
8176
3743
21
10618
9319
7025
9163
267
4302
9725
12449
7101
1355
9310
1128
8880
52
7858
3024
7971
4777
8703
11118
1556
11309
5400
1665
12139
1594
3408
5617
9337
3794
10741
1421
4552
6322
4392
8947
9009
5539
4981
12509
3927
12847
7266
3263
7478
12286
8488
4920
11318
10084
7058
810
719
1565
9302
9812
9122
9001
966
6707
4678
10467
4128
3464
7455
137
11647
245
7213
8132
798
3078
11583
1480
2600
1160
3682
2909
6785
1445
12754
4158
8291
9188
12700
5068
1439
3955
2784
5174
7061
4160
1414
1764
2418
12463
10922
12610
10448
7102
3859
3327
10427
11178
12017
10132
6183
12813
5069
4726
2907
431
5675
3964
3155
2903
9891
3105
712
7818
9997
2535
6352
7468
3908
12186
4139
2920
8647
4271
10574
12481
2106
10739
2358
5657
11732
11245
13003
8922
11356
325
7742
4947
3349
2406
5682
4986
1504
10742
12798
8547
2864
11250
7775
4433
5151
7847
4732
8892
8050
5580
4172
2376
5981
5972
11214
2391
5067
1773
1243
868
9134
5431
10999
1876
2180
2090
11153
6725
12849
4228
11695
2968
7694
12241
10673
11910
12442
10261
7576
8935
6014
9774
10361
7363
8738
5793
12720
9720
1352
2832
8321
8587
4083
10992
5817
6966
5328
2219
5353
3018
11420
749
6306
8859
3616
11132
7578
6016
10680
12149
1529
1608
1070
2414
11109
3607
8183
2301
9386
8295
12304
11503
8717
4306
3361
570
7115
11074
9572
2139
3933
11324
7865
124
10521
12486
8605
5922
1639
9882
4932
3442
9114
3365
9691
7049
4157
4815
7798
5634
9174
1137
10998
7426
1331
10609
3649
1591
6908
6444
9235
2404
8357
6786
10909
6253
6236
1570
10001
9763
6402
12395
3001
5833
11916
6723
3314
10287
8789
3898
2828
5383
11863
10219
10018
6270
5961
7304
11284
1924
11387
6172
7885
9912
7097
574
2782
7302
4154
11013
8449
364
7581
4921
7481
2776
3571
1609
6569
2722
11258
11120
1109
6828
12252
7784
9044
6726
12864
2120
8826
2340
1668
12862
8458
1047
9581
5458
12632
3833
7016
8418
7759
10732
8984
7808
1429
4913
8626
11094
82
1057
7355
5711
6570
1374
8633
3182
12855
2667
1761
5453
11310
961
332
3420
10350
11128
2798
8122
4504
3267
8504
5653
3161
3646
8733
9542
703
1870
1228
5164
730
1167
10731
11539
4011
6983
10023
3705
8805
5411
3206
5842
10308
1509
5402
3815
2496
2673
1065
12540
6509
646
8011
7792
7903
9189
111
4398
4189
5915
9839
11678
4200
11651
7611
1170
4873
6083
7831
3433
10385
10850
4869
7764
12804
3287
12505
571
12492
12273
4809
6965
5704
8777
9686
4432
725
11803
6207
839
8250
1447
11511
901
5325
5820
8448
407
3992
12285
4257
12230
8391
9186
5796
3867
9944
9462
2926
7720
10636
531
12346
8849
971
3466
9821
12295
10611
976
9197
3445
345
3108
2151
9171
6690
10782
9683
31
9065
354
10610
8148
9746
5091
1257
3405
1407
2638
9083
10251
3792
5377
331
5143
8877
6951
7534
4829
2294
1508
10827
8702
5336
2055
8170
232
10912
6797
6105
3404
1404
4404
3729
11424
12087
1837
12659
8737
12137
2508
6891
9067
6247
3629
3281
4579
5511
8362
8781
9075
12852
3677
10553
11727
10648
8175
2665
7407
1096
4622
12
7158
5072
11172
9877
11888
3733
6822
3683
1623
12174
2368
12660
4208
7650
6671
29
9359
1551
10616
7272
8017
873
12988
7150
2043
11723
5804
2501
3853
11281
3806
11590
3739
8904
8057
5920
8891
10151
8004
10360
11741
6639
6700
12780
1854
721
275
4601
7487
11679
4427
423
7237
1162
12981
4123
7773
10249
429
12402
5057
330
6577
5897
1501
3748
1492
3995
9320
5090
2226
7271
4859
6439
1946
12785
254
1029
7726
5372
6399
5108
6833
10788
8937
5197
5378
7381
8237
5003
10380
7112
2281
4990
9314
12707
3444
4640
1832
5187
2504
1163
2284
6021
8867
8069
264
7860
6342
6256
4261
11929
6441
12879
1183
12641
8466
1882
6064
8539
12365
2994
11995
8341
2167
1208
3342
1796
6019
914
6762
7183
1416
201
2458
8460
2489
10109
8177
11733
5648
2207
2850
11390
2118
8792
4563
9303
2367
11655
1277
12578
11588
10652
12471
4489
11703
3852
11354
2183
5159
3212
1805
2114
5439
5827
9993
11816
3017
9306
9627
10194
6520
10288
555
3214
4262
11631
11322
151
8962
8672
3487
10525
7218
12082
9124
4174
1598
8644
7163
8573
10439
6048
12405
1699
8366
9507
7412
5410
11535
5011
4883
3007
12411
6200
12895
12615
1320
319
1342
950
12923
4837
11983
751
7735
11966
4670
796
3211
9803
10373
7281
6663
9353
285
3248
9411
10820
219
2438
12521
8597
6860
5966
8975
4448
4704
1239
61
8171
12978
1281
12524
10790
12903
11720
1615
5532
8589
6545
2774
5597
5533
5887
8302
5010
5700
5625
506
347
6798
1682
2663
1871
9190
4998
11758
7057
36
9679
12262
8519
9759
10961
10738
3195
2107
11636
4425
468
2652
1920
1602
6767
4342
11804
4165
3271
2195
7806
4874
681
12588
4834
9604
8811
3227
9058
1564
11226
8524
7418
741
10346
8365
9307
8581
4816
6752
7047
926
6006
6960
3016
6263
11986
3532
12812
6171
5658
2389
11194
6827
9998
2618
5117
6106
4098
11942
11072
4984
174
5939
1193
12583
12251
11999
900
6590
3360
3742
1418
2766
2871
7829
9922
8033
5131
7298
11143
8986
3694
12443
8212
2708
12477
4099
4706
12108
2572
10116
10474
6911
11880
6625
3692
10994
1399
4014
9890
65
4355
3230
1036
2752
7387
12656
3235
4559
11014
10344
11442
6522
8882
10470
12566
3231
8303
5818
6498
3114
127
6145
6231
4278
8590
10362
2347
5812
2964
2975
8483
11119
3761
7259
10829
10736
5251
8865
11826
1978
1925
2482
5556
12351
12363
2401
4040
12198
2716
11173
4725
547
2666
3291
8719
5914
3032
4688
3218
10392
2642
12595
3793
12281
8827
5896
10106
11090
3567
1351
12334
1629
5696
7194
9487
11852
5184
8518
6784
5814
3113
6265
3046
8234
3690
12180
12275
12046
12078
6337
12673
3123
12797
11144
3547
10517
9273
5923
8845
9865
2010
6677
12676
1660
2579
12719
8681
948
6611
5279
13010
7216
12184
3385
10087
9052
9034
10144
5028
575
553
119
433
5099
5176
5468
11699
6124
152
1716
12723
4399
12577
3502
8538
1708
11941
411
9249
9747
12901
722
6333
8350
5811
3894
7905
7120
3569
12020
8844
8624
6820
4088
9365
809
10097
11606
2563
4122
686
7428
2829
916
10714
9641
2933
10762
8018
9942
9126
10119
11851
2259
4619
10743
1308
7118
421
11224
12238
6338
4313
191
9640
10174
12991
3825
5535
11304
7613
812
12465
8076
12423
6902
344
12027
7989
5387
2396
7227
10289
1147
2095
10064
1172
1095
3769
9896
6410
2234
2217
11936
4052
10237
11795
3713
1735
6293
12240
2804
4548
5158
6718
582
4697
10921
11625
8863
8155
7312
11363
6698
7553
6567
5019
11053
4976
9037
10928
6087
3622
8548
2162
10834
5777
11289
6673
6575
5832
300
8818
2924
8019
9976
1058
12979
11923
12086
2123
2141
5476
11670
4357
4351
3855
6312
10619
11338
2928
1434
12918
10841
10100
9211
10415
12150
11566
7292
5212
11068
4691
7165
8091
3987
11256
12949
9251
11380
286
7883
1368
10306
3559
6307
5953
10592
8714
4406
7488
11040
5963
2690
7855
1526
8963
8523
3662
9751
864
9848
636
12826
10628
6254
2455
11389
8873
8372
3060
10814
11900
11374
1628
12125
5656
12191
9420
12490
1387
8408
1476
12526
8987
2251
11638
3496
8507
4492
8105
12955
2348
951
9227
1059
12021
4112
5744
5154
8335
5837
5041
1195
8966
8741
11340
4827
8118
1136
787
4683
6623
10882
7420
11515
10864
5572
4928
1370
11632
4067
12965
1493
8210
9323
12839
3914
11653
6862
3835
1357
2400
1896
4761
210
6050
9192
427
3147
7106
8041
10284
10601
2355
10931
11218
1055
3829
10773
11165
10424
2694
10566
2397
10032
3403
10053
12328
4230
5840
8585
9259
7155
10676
9635
9946
12148
4169
10420
2082
4673
2433
11675
11661
9156
8196
9000
2942
3302
6998
4685
3696
1296
3449
4418
12117
5587
3882
26
849
10294
2442
11174
3770
4483
9827
2390
3243
4942
3636
8343
1792
6110
10943
5060
7532
4765
2653
3540
4667
6894
5226
2536
5342
12452
5523
6029
5663
6668
6406
32
1643
3720
6936
6667
5133
11150
12771
3427
3842
9678
8142
5991
4199
10124
1552
8786
360
5869
8451
606
8659
768
3610
12685
2437
5205
4171
2257
10511
13012
5614
9769
8770
4557
7100
12123
3628
2998
7825
11877
4790
10870
4994
517
5670
11232
7783
7111
8059
12698
10728
7943
2316
10757
6041
11334
12732
11004
10832
10781
11268
2710
9910
8103
7245
5826
12321
1267
6242
970
6910
463
7472
718
12757
5892
5530
1506
10322
6505
4295
2925
9510
5669
12127
5772
4334
713
10388
8699
12126
3889
2422
10906
3706
7713
7531
4630
2855
9972
6777
11925
8982
107
1692
6051
10804
8533
3812
9168
11522
10754
5094
11069
5831
2498
7973
9852
10920
5347
4836
12985
1201
12113
7954
11241
12565
4642
2157
4645
10818
8569
10216
6432
10146
6274
7014
2789
6487
7385
3513
12327
1723
8233
1251
6039
9322
2035
192
5147
7414
414
3074
5501
12767
5290
3681
9375
3903
819
3389
12830
12851
11620
608
9301
11682
2585
10363
3364
7471
2672
7842
2603
357
8216
9829
135
102
12097
706
9935
6136
1499
6111
10797
7654
3883
7794
8847
6851
577
5430
10954
3931
4094
11796
10171
8980
5688
5994
9565
12925
6335
5935
346
11327
7055
3587
888
828
1386
221
737
12827
7923
6823
1613
7873
10800
7154
7668
9953
3871
11746
11664
10821
7771
7898
7262
2063
834
833
5638
6308
1425
7936
7701
3506
5032
1139
11618
10162
11973
4894
159
1149
7894
8577
9117
1406
9371
9819
6475
504
11873
7045
4776
2026
4535
2296
11110
7408
165
3678
10881
8056
2074
10197
9475
2544
2165
1791
4733
443
10130
3036
6168
9480
8015
10507
9888
11035
10908
12508
5894
3301
3508
4898
8502
10489
2887
12280
6488
10129
6969
8790
5534
8968
6040
7639
5425
10147
4724
5836
3346
334
6046
9923
97
2780
5547
10093
4705
519
4831
1601
969
3320
11030
7269
8967
1828
294
8850
5621
3593
9924
10576
2966
3351
7861
679
9455
1532
11623
9695
7317
10852
12102
7013
4802
1403
10076
2767
5327
9196
2285
11112
7053
929
9494
8332
6759
9135
5650
4204
9675
7348
4603
624
10806
505
4900
2740
11121
7493
8311
9655
7770
3490
6316
12993
11958
8574
6659
5784
10586
7241
10409
4624
242
2996
6887
11222
2144
7740
2387
9990
1852
10225
9760
5308
7793
9402
123
11585
12888
5518
8410
6571
5692
4538
9297
12749
3368
9665
3338
470
2762
5449
8820
333
3493
2268
1689
8450
1301
12541
9172
5291
4121
5162
7951
149
8866
6913
8570
3668
6964
2647
2874
9047
495
4477
370
12466
5838
3902
7583
3511
11595
10890
1038
3164
11650
919
4793
7843
12567
2329
6022
8586
7907
12326
10573
2805
4985
6627
10142
2627
9960
4972
312
933
6731
1049
11508
10816
1396
576
11447
5413
982
9213
3717
2372
4080
4891
8385
6347
6026
4369
8964
9094
6804
4276
2649
3714
979
10270
143
4703
4081
4336
4762
10875
5077
11422
12817
2068
8876
12643
7778
5962
12269
4808
9884
10569
4980
10008
5339
9228
11403
12003
3732
12194
11012
10366
9974
9294
4061
3374
5207
1487
11312
3965
8852
4233
4896
7240
306
1275
8479
4457
5822
1321
4996
10172
4384
6989
10081
12044
10717
8159
290
12790
4818
5250
10163
7379
2602
2089
10702
9299
4766
478
6510
958
7893
6182
9859
8690
9538
8939
4857
3216
2715
9702
11029
10343
8421
110
1035
7607
7901
3102
4907
2341
12255
2487
611
6537
2086
6768
2620
2807
3807
4625
1040
10414
10257
4576
8061
4236
10318
8301
10471
9346
1274
5785
6810
291
4529
8378
11455
6572
4010
8952
7505
12161
7718
557
7697
6413
8398
2912
336
7549
12603
1305
11747
4060
11349
5121
5753
10752
12998
875
2570
12040
2520
1056
4933
8799
9534
2447
7608
6386
1614
4030
10379
1157
4541
4441
12763
5332
1100
4841
5718
8244
10068
8203
3086
5884
4774
11002
1165
10164
5829
1849
11788
10886
6534
12599
194
2117
5024
6292
1569
6779
12257
7641
4993
2077
1187
6753
11906
6982
12667
6350
4001
7928
4210
10848
6666
4893
3501
10352
4498
10750
11482
4999
3666
11321
3330
11449
4644
1043
8309
2343
5979
12059
831
10095
9714
6485
1330
8219
6882
3150
3468
11176
11516
9041
1015
6628
8857
9003
9019
8223
10662
5276
5971
11353
10862
6553
9800
3686
4018
2797
11792
3967
11113
9356
9851
9594
10927
6166
9980
12447
11362
7780
9867
5882
337
8708
5835
10531
8576
11994
4587
7562
3483
8687
4280
5388
10080
5157
8513
9516
8048
10630
4027
12094
8771
299
6385
3534
9798
1001
9489
5183
77
11481
4826
714
10365
6837
9700
792
6857
6199
4671
6549
5148
22
11223
6775
8897
10451
5179
7232
10273
8883
765
261
10260
1268
2375
7557
8352
7372
9699
13
1729
1045
5238
1656
1169
7632
1952
889
2478
4930
7791
4132
8270
7290
8716
11448
4923
4621
12601
3915
8682
2398
9727
9147
9662
3557
6091
946
600
3407
12089
12181
11621
3491
12067
11048
9846
451
5034
4202
6962
4602
6975
1223
9631
12953
2742
11439
7669
7817
4450
1891
8137
978
5684
11724
6660
8403
9290
11357
3563
4338
1530
12359
10650
9828
6092
7568
5234
7796
2287
1030
12243
7963
11785
7157
3005
12026
6311
3396
4582
11945
6739
8253
5995
11489
8704
3293
4309
5495
8933
9735
258
8133
10846
10540
56
10839
5213
6367
1253
4745
12242
12638
2072
9559
6980
30
9004
8008
6832
7504
6017
3578
12922
8289
8426
11434
5626
10838
2899
2327
9399
13006
7510
6362
1974
11116
1225
12151
509
1633
2243
8413
9902
8109
2645
12989
4352
5748
12909
2314
7835
6536
11901
5983
9512
223
2103
3383
12342
12231
5385
7477
9266
2965
5799
7648
8224
9522
2802
8631
7600
6881
4788
2115
11243
6319
954
6622
5391
3968
9954
10612
10563
496
4431
2626
5769
3728
6552
10450
11538
7929
1812
7897
7533
5552
9225
3256
11563
11000
8828
5759
9054
12323
6295
3606
10828
7167
12358
2736
5982
8256
11500
3715
11248
9469
4136
8380
8953
6455
11956
8027
5182
8910
160
10099
4931
3366
1360
11895
12608
10221
10
1312
2731
3822
5789
5438
6309
8211
11660
2220
3116
8858
2604
4246
3651
5737
3975
2730
10208
6464
3177
12311
4135
2847
9791
8707
89
2961
7486
3727
4111
3673
9265
3110
7675
3473
7332
12426
10715
599
12880
6584
12396
11271
3486
10178
1790
7874
2995
2657
9354
6494
12005
1216
8747
12647
11142
2013
6817
5507
9483
2913
2283
1561
5496
9016
1474
10874
6626
6876
12990
838
4214
6093
623
5294
2873
2486
7223
2044
5114
1806
4378
7364
2979
5399
4852
5014
3431
4095
1129
11731
4161
4071
10665
9175
8023
6531
6878
12612
5209
11135
10034
8526
10986
12433
6558
7322
962
6128
12498
6766
2902
6381
12875
5367
4550
2700
5033
2877
9880
2509
4198
5821
3834
1937
10697
7716
1546
10468
6874
8290
10435
6262
7542
9406
12223
12734
3382
8666
4758
12267
10638
12392
2435
6946
5401
5999
12355
5701
11282
3477
7952
3470
4426
10070
11465
5643
7382
698
12368
4481
745
3232
1884
8310
2605
7968
9051
4734
3184
1525
2768
8762
7139
6541
9286
11440
6544
11495
5219
2589
10957
8066
6609
10209
8861
12434
3911
5903
3757
10218
12776
10953
11077
2538
6131
3324
12681
2201
8370
10744
10476
1285
11259
4062
11970
6934
10348
739
9564
9649
452
9576
4833
6220
640
3401
11802
4964
9739
9626
1179
9379
6161
12808
2289
11398
6705
607
5274
2079
10111
4274
1824
12366
410
4578
11712
1684
12091
9212
12516
9602
6071
785
11003
10210
7545
8525
4505
8214
12834
5281
5083
4694
4974
10486
8595
513
10345
12783
11377
6995
3168
10190
10430
9595
12934
3107
3241
7636
11028
4534
3451
5407
10282
3661
5695
9143
9844
2474
548
8428
3099
811
12527
7859
11496
11525
4511
9459
10860
278
9086
9804
2236
6750
8401
9776
9205
6634
2675
1843
8712
3608
2851
6945
4232
6806
8072
7724
8746
2111
12337
10876
1259
7180
7179
11574
307
10929
10594
1712
12688
788
7453
9549
1597
11739
4437
8976
9038
7339
7378
4743
11476
3045
9008
3524
41
3928
10396
4698
10799
5765
10394
5116
11167
8739
1842
6081
4436
2150
2943
537
4367
7238
4759
2939
6836
5433
8222
9546
8854
12041
8379
2056
2311
1053
12361
3439
12503
12268
9850
12861
5040
3891
8111
7334
5950
3390
12840
735
193
8801
12039
9835
6452
1203
4419
3454
9112
6380
3186
5447
1112
8374
5604
11472
2432
2800
6138
1793
1450
8969
5615
3352
4967
6840
12552
11140
2533
7881
7785
7964
4742
417
12517
4082
12971
1123
7324
9233
8875
5664
1117
3021
12380
5569
5754
10192
10724
6640
6357
3877
2058
4888
5646
1000
12930
2833
4120
445
7261
1972
1947
10585
1775
8749
12627
9013
7630
8455
2059
12602
8202
2813
858
881
9248
399
7548
6086
1235
10276
10656
2330
11239
7350
9772
7978
9749
11347
1175
10449
2093
11777
11762
7807
694
9737
12947
9752
457
3993
11199
1325
474
3754
9868
12038
10252
7199
2597
6631
6765
5850
8172
12856
3419
6286
0
2711
1553
12586
8893
9383
11989
12920
10048
9551
12429
5660
4043
11519
4551
1081
12557
11062
7707
4637
5825
3375
8881
241
5190
711
1903
7071
1448
2954
6025
11711
1784
292
4252
9612
2315
3337
1578
5313
5562
5012
12461
4797
4806
8977
11596
5478
6885
2693
8209
736
9606
8075
4610
10713
10761
10242
2989
8693
5538
10899
8895
1177
397
652
10547
12028
12682
4880
11264
10316
1412
5363
4979
9663
6734
11454
4445
4721
627
10948
9159
7255
10940
1959
3773
11042
7129
9548
2441
6024
12725
173
8342
12388
9764
7369
5906
6955
4773
9198
1648
12665
1654
12769
10446
1724
3926
8322
2488
7743
4781
10398
8112
2153
4479
1705
2795
8367
8603
1911
2377
884
7425
8829
12448
5613
57
6651
8423
4380
6
4908
8842
4605
3095
4307
9092
9762
5651
8619
1254
7890
1830
1307
6142
8060
3758
6415
12706
11375
11581
2161
8215
11020
5630
3149
2993
4153
3989
4658
9180
4771
11011
1178
869
6383
6578
5807
4401
10892
371
4059
9836
6408
5781
4151
7899
3811
7994
163
9963
10055
6466
5043
5764
885
6807
6772
10428
8467
4119
2511
7169
7604
7113
4755
8
4689
10845
4134
5414
4446
2946
6144
91
5916
501
5513
9481
7521
1472
6996
6855
5303
7678
941
2531
1984
225
12554
2637
1016
8800
12420
4598
10458
7359
1428
7415
10326
8563
2963
4821
5510
4792
9650
6304
7939
3817
3261
3507
8736
6562
9394
2202
12714
8150
11770
5053
8555
7985
7884
7244
12141
11665
3119
8686
8637
10691
12129
12886
12738
8995
12383
5763
2189
11293
8351
6512
293
6889
8156
12836
200
9587
4266
175
10113
11540
10779
5959
7814
4911
1544
11883
3372
9989
128
6886
9334
8911
11558
10438
3434
12823
494
3253
672
778
12983
3957
1917
3582
5457
10020
11344
11
419
7303
4848
2227
58
7839
1814
8358
12482
1809
7104
118
7231
1102
4038
1182
12287
2373
7234
7099
10325
10329
9166
3260
4220
9755
5007
9694
5056
11366
4941
2211
5326
6621
9973
9057
10677
7207
10737
2388
8923
12419
6942
9388
7917
12709
5548
376
7918
11105
11507
10877
9185
4851
7196
4903
11066
12859
10413
11171
9236
740
10590
13000
8079
7672
5022
10269
6788
6314
3335
24
11872
11984
5096
7220
3209
1033
9018
4982
7390
5070
3180
11630
272
1303
8195
3634
11708
6503
12620
11467
4288
2648
8475
12025
1637
3139
8261
2839
9165
10054
4253
2880
8522
3497
9256
523
365
1681
12475
10801
6116
12316
10181
2313
10558
10833
7649
11480
9376
5687
1760
7767
4242
1094
12236
10593
9309
11088
2062
1702
5579
637
887
7319
12121
2336
4079
6103
10698
6276
912
12551
3296
12878
1867
6824
7469
1402
11834
12306
4537
7945
1658
8068
11659
12158
11654
2930
8298
907
3503
1713
5805
10518
2705
6979
6769
9504
10624
4712
2835
10621
6229
4191
8919
12869
5203
2794
3458
6251
6595
8013
12787
5540
12889
7042
10913
1872
5479
8896
7520
11903
2084
12381
7442
9331
5522
6747
6012
6096
10090
2799
4423
541
10910
9140
5986
11161
11551
9718
1237
3543
10002
5849
12100
6619
9518
7595
3321
7288
7926
5666
3575
2366
12293
55
8558
3896
2146
5942
1121
11156
10674
2948
8168
7208
7637
2158
10854
1910
12050
12511
7688
8944
2712
10302
3650
12051
62
10977
6670
8286
3857
4937
11278
10321
7677
8560
8129
5788
595
6201
5947
9667
6778
11861
3192
789
9045
5594
11694
8134
11933
9129
1431
1834
85
1392
12520
9391
1240
2149
4411
4393
7828
5743
5319
6849
1650
9158
10983
2288
12460
11100
8312
1718
11669
10949
5241
281
8425
7990
8887
8390
1777
650
9786
7335
9932
5312
12857
2419
3617
8240
8756
3961
1022
1125
8591
8334
1258
6153
10649
3698
11019
2555
9466
3121
9490
9590
12959
7787
7435
1202
566
5665
3476
3716
5520
5589
6384
231
10604
4250
3800
11672
7419
5746
2624
5474
1826
1227
10383
10127
2682
2036
1833
3707
6117
8292
2951
11765
1655
12594
6249
7043
9195
4633
6888
4938
4117
10911
2630
1300
9918
3764
10299
1002
9805
603
372
4311
6459
12917
9358
9956
7336
12964
9187
9864
6157
9962
3545
7337
2379
5146
10429
7932
7958
9535
5001
12473
11841
11864
2810
3791
11932
3237
3821
1932
1327
2927
10764
12345
5760
10745
8265
9652
2253
8974
10526
8710
9561
12484
6596
8139
2991
12138
6484
2571
11087
2320
5591
1500
10978
784
2209
7910
2005
6953
6610
6449
64
8501
8297
1823
2022
4359
545
2519
12261
12768
11205
3402
12675
2471
4533
7789
406
8229
12894
4442
12128
9342
4652
3319
228
7091
2462
7495
12007
6107
9783
11163
2532
6864
3452
5169
8813
6174
5049
3400
2959
8584
10290
8821
3639
11350
3580
11233
4438
3481
6728
224
4270
11018
10207
400
6448
6177
1249
7084
913
3484
8459
6613
12736
11530
9028
12018
852
7256
5247
12642
7536
7967
8484
5470
2194
10271
8065
609
11096
9252
9799
960
8003
12512
3909
12975
7846
2812
12931
10580
7752
6873
8752
5705
5255
5828
12401
2459
8957
1914
5918
10255
11430
4175
804
3277
9325
12400
3708
10502
5379
6442
3398
310
11836
238
2677
3062
10483
1861
10512
12568
3755
12288
5023
11718
9441
5268
2430
8388
7156
2507
10695
12319
5845
6179
7206
9115
7294
3509
1798
19
7851
6122
3303
11471
9378
9096
836
11131
9118
1026
12298
2911
11254
10419
3981
11203
11462
12156
10139
1768
9862
2083
12239
8096
12788
8062
6961
12697
5506
867
6213
8131
5013
11355
4653
4589
6076
6468
12883
6566
10530
11696
5463
5483
251
11846
10718
3409
5581
638
1536
5475
4180
3080
678
8266
3399
3866
2124
10027
12224
6185
10720
4069
6674
10974
2485
5504
2918
1915
1176
4539
5564
4753
6848
8701
2706
9553
8461
8405
2973
3315
6147
11769
10843
9854
2856
8979
12263
6968
10051
1415
7730
2021
7004
3945
5027
11436
12926
6481
12425
4237
10767
1710
3354
6030
311
1973
8164
8140
9397
1082
8685
2897
10176
2960
7416
11401
5611
11479
7538
12792
7822
12946
4647
1265
7352
1361
1567
3003
3278
12778
9182
10009
8808
12301
5155
9282
11070
5473
11812
5531
7424
8622
7474
12510
5870
11912
4801
7871
12822
9603
8662
1706
12179
9073
12896
10849
453
5467
12048
12845
6760
6414
3239
11513
2545
6341
7130
4623
6069
7174
12629
1752
5895
10078
1846
8417
4148
5907
8920
3010
4254
11567
9615
4856
7673
9578
3025
8514
10041
6194
5885
7189
6223
12729
8598
1218
11395
3566
1087
276
8125
5571
7236
12619
1317
2444
7664
10339
8415
2085
644
9625
11587
4146
7483
2506
10545
6729
9014
11827
12598
5973
4066
2308
9731
1140
1859
2779
12034
7436
538
3619
8528
8638
8279
3523
8299
8740
759
6858
12683
9614
4365
3520
11663
1127
10311
1432
4340
11881
9215
8330
628
5286
3008
10000
10987
2553
249
12546
10085
11922
701
6929
11039
5375
4272
4717
8386
11931
760
10780
9770
5975
11619
3416
11855
12107
7705
6489
479
12068
11557
2689
3202
11383
8992
145
4536
12636
4782
6711
10951
588
7026
8960
12549
5231
11626
6416
4738
11478
11057
8588
4138
2628
12762
9810
3031
10647
9756
4273
1669
4608
5585
12188
9139
3183
10532
4636
9090
6434
4282
7799
7946
9401
3830
3453
12893
3581
9813
12439
3529
11426
12605
1962
9454
5839
11197
7329
1101
7725
3797
5036
3881
5659
7265
6937
1106
7448
1328
10988
1146
12438
3472
4468
7035
12844
3932
12065
2402
8477
6301
665
2688
9724
3051
1159
10543
317
9920
5694
12291
10013
9244
5598
5502
7249
8251
3250
9782
3929
11460
9102
1930
10682
2540
3191
236
8661
11059
456
10244
9255
390
7596
4221
7579
5697
54
5608
156
11634
4723
12081
3660
6349
8534
1783
4665
1153
6010
3197
5132
3521
2633
2224
3200
5100
12712
3145
7229
10655
2945
7036
3693
4361
5834
4326
5181
379
11775
280
622
2863
8375
1290
4140
10372
7638
4181
9413
10564
6126
8121
5899
1770
993
7826
5296
11667
8108
641
4987
4844
7445
12963
12818
279
2143
3249
9240
8040
5774
4940
6100
2362
4532
3494
6719
1358
8669
2204
6925
12274
8236
2208
2081
3068
1670
11955
11610
1683
1186
2271
9904
1144
3162
11689
3556
1194
3787
1732
8371
3471
6245
5482
3369
10017
5908
10606
8082
2702
6994
3044
11586
10256
1902
86
9709
11537
753
4032
9064
780
1032
12085
5232
12750
1588
3292
8088
4517
11280
8029
10155
5864
282
7022
2300
2031
8832
9661
1310
11260
7338
10066
12115
7965
6097
4485
11582
6633
12248
3845
6991
10973
8608
12043
10397
8744
2145
662
2461
12430
10136
11801
1537
8604
1107
6646
7659
12534
11633
8646
9151
5208
8143
7610
924
11236
7900
3824
11684
11658
8433
7763
7225
10896
9257
3310
10456
7749
234
3756
5528
697
6396
9693
3977
2331
12958
4013
11713
10247
11887
9768
12544
6224
6184
10382
10039
1599
9938
1250
7353
10019
454
146
6771
844
7085
3246
5993
2898
6877
10776
10510
11320
12532
11162
10463
11726
851
5139
9433
11050
1168
5987
2534
12781
7821
114
4863
2328
12938
8161
6915
7081
10341
11154
1528
731
9206
1110
5026
5728
2354
6580
5529
1166
8268
4528
9017
2764
6757
2870
8242
4814
12493
7864
1844
1397
4078
8554
5008
11079
6774
8529
2463
8734
3056
7328
6112
5866
1231
1074
6918
5690
11908
393
2854
8032
367
6331
1413
2231
776
11138
2439
2974
9039
12690
9200
6054
6638
6652
9380
6830
5640
7959
12858
5509
1246
9645
12695
9154
1380
5755
5933
3799
3312
12166
3776
1667
1616
1762
10771
7367
8600
3205
7772
5427
8154
4682
10777
688
7802
9680
3876
11526
7162
9887
7849
11294
497
9690
7704
8726
2707
5934
8407
12564
4012
5708
923
9668
6296
9666
7327
10885
11644
3921
902
5792
8903
7737
1677
7450
9801
11456
5355
12648
12633
12731
11186
4337
11288
8898
7185
12339
10527
7624
7161
7681
552
12789
9216
8556
3584
9537
10281
4239
10122
10077
9439
9676
9831
565
3554
10778
11419
11255
11949
9717
3435
12207
7803
9684
3069
3109
9947
4948
6645
4832
2916
9040
8469
4813
8318
47
3448
10317
7377
6956
8784
8184
2865
8160
2596
5606
6632
5823
11613
4218
5794
8325
4786
10296
12016
10347
6259
6115
4456
1134
12035
6102
5841
621
5278
8260
3887
1234
6192
10370
8030
5063
9952
12737
10813
4902
2304
9558
11494
7145
9986
12042
6704
4882
2651
1080
9797
11360
2528
9274
6764
897
8338
1541
7012
10733
8429
9616
2423
8679
7197
7494
2215
8758
754
726
7264
7880
172
3251
11292
1877
471
7546
10226
11772
1219
9837
6507
12976
7645
5480
6691
10570
266
6187
11559
8189
3172
5878
4234
967
3725
3719
7577
6641
12621
11897
529
12592
2823
2521
11228
1913
4251
8651
12480
3462
3437
4871
3568
2661
6351
2724
11607
12916
9556
724
11405
8047
10384
2932
11417
2947
872
2524
9697
10600
3983
12810
5106
3101
1143
3576
4415
2754
11734
2607
10238
2890
10411
6546
12024
10537
1916
5668
7657
4899
2051
9074
6871
12073
5346
12061
1797
6598
4459
2683
3133
9907
11034
4858
2164
9802
11944
7029
5356
4692
12221
3766
1943
6606
11571
11760
3814
800
4676
11453
9715
9157
4878
8879
8765
5952
1395
1515
11299
1934
4444
10374
7079
8200
10991
11919
4087
10571
289
1673
2121
4363
11323
4046
11860
8107
10330
11568
5444
4520
5396
2152
2192
9467
9088
6072
8419
9609
9283
9822
5440
10235
6880
3002
5118
3962
1935
11886
5081
8500
7916
567
6424
4256
10143
9002
5890
499
4466
8472
3919
12157
7002
3394
2830
11697
12528
1745
4822
5173
2417
5824
3326
5797
1224
11938
4545
5052
9520
9979
10835
1013
2983
11985
11316
10509
886
602
2008
5969
3679
1401
11148
11867
1836
4316
5109
8663
11160
11934
3924
8276
520
4209
11185
2349
12235
6715
10404
477
11384
10840
10355
7038
8834
879
10873
8641
5469
1997
11977
8180
3669
7063
5259
3695
6150
8416
2559
12055
1422
4580
12730
7544
921
2049
10503
10727
5285
8511
7490
2557
5877
7700
7512
2140
1122
2958
5376
11499
6346
5330
5365
12208
10410
2216
7594
5397
11868
2466
5272
3972
2342
12828
11470
3873
10062
7368
7813
12153
9398
2914
10916
12116
12409
11950
11965
4849
12999
1419
7046
71
6356
3974
11104
6856
3777
7325
3788
11133
6624
5344
8561
3654
11666
209
5932
11217
2809
956
5672
11463
4944
573
8192
6241
10491
4349
8755
5492
11701
7758
12246
10982
5499
4381
4467
8363
5338
5883
5497
8399
6897
349
5609
6574
7896
2381
5943
11078
11780
5289
11371
6345
7003
5858
342
9885
10769
9897
2777
1217
6948
12462
4716
1241
1411
968
12033
4739
5654
805
5970
6057
4301
2988
8949
11211
9250
11781
10865
7801
7647
9925
5633
1583
2274
6538
795
1940
5020
2098
10196
521
11786
8307
12820
7252
9495
2565
9525
10229
8194
5418
7306
1071
1511
4846
4817
8700
8562
6197
11464
10279
8099
5871
975
8809
2384
2941
4358
9389
2551
12360
5134
8314
7676
8207
7475
7096
475
7011
568
12717
5257
1133
3671
10945
8383
11326
104
4286
7906
1261
5295
9575
166
3071
10220
5178
11829
10810
4575
3982
10052
4289
2247
2431
2425
5855
11379
3976
1263
3011
5734
10441
7277
4321
6604
7110
4019
10274
10807
5560
8067
8825
6854
10313
9636
11093
631
8443
11674
11524
8779
9214
1953
6130
8870
8173
6372
7601
309
12098
4565
10184
8860
11231
12192
6654
8886
4076
3203
9435
9540
2888
6852
10043
12759
8812
7432
10047
1566
5073
10135
8709
9949
3663
9183
5514
9860
11092
12467
11065
2069
7824
2595
4260
4109
12689
8138
9095
10969
10297
5273
9066
10938
2270
1698
709
11725
2057
11175
8064
7584
3029
7376
8727
629
9841
1853
4651
6511
2781
1288
2318
4386
1477
5758
6232
2159
9921
10844
2719
10582
3594
994
4975
6722
695
7033
1889
12212
1592
11342
11981
3207
5719
9270
6907
2586
6077
11998
6037
2280
9046
6118
8274
10605
9779
7365
12310
3653
4478
8691
11330
3381
7966
6662
1993
2714
5201
12701
5997
2298
9871
6151
8609
4591
12205
7869
8545
1076
6727
3527
8932
75
2788
9580
539
551
12945
7121
6474
1715
6417
10245
3863
12791
11399
257
4799
1584
3198
7960
1256
803
1118
3034
11372
207
12832
8445
11748
11348
3565
3630
2246
3269
3760
9951
5819
3158
4382
7523
9585
11114
7690
3586
4884
10333
5699
12928
3136
4104
11602
3204
8336
8158
8326
9167
8280
12885
5843
6074
6809
1714
12815
10061
3609
5938
2970
11964
8039
6736
5891
6717
11296
43
12800
2133
9818
2808
6981
6803
8049
2490
4416
7467
9059
9726
6952
7211
8275
1895
2173
167
596
10640
8650
12863
11216
268
1998
1981
10794
7153
1232
3406
1017
7006
3510
6121
8509
11749
4715
10629
6504
12927
9395
8783
9600
1992
1693
10262
403
4268
2654
10223
7138
10224
10295
8296
8743
9279
8344
4101
8550
11017
3920
10544
8454
7934
2326
4455
12468
2763
808
12217
6289
3132
3009
12696
8248
4830
1794
1205
7346
9144
1264
7358
10058
7005
3039
9913
4890
7198
2470
10560
11997
5809
2395
11601
10461
6559
4137
10338
3632
6298
10126
10534
7933
9123
4825
4701
109
3169
11954
4595
3856
3984
3843
458
2212
27
2403
6446
9452
5913
6001
10407
5361
381
1028
1461
2378
10177
3658
5601
10679
5163
12469
1348
2472
10792
9498
3549
7170
2493
10710
4421
8347
9514
4039
8152
9722
3737
11056
5783
10158
11597
10749
2125
3895
7721
771
10336
10117
5466
6250
2894
4751
2862
3685
10615
1173
10726
3094
7215
9229
612
2611
7766
10866
7119
3674
5595
8157
4248
6469
1818
5519
4215
5215
11067
1444
12109
1725
3942
5830
2132
8263
5874
9646
827
10323
12373
3615
5050
8147
7021
10267
5171
10707
12338
1892
9785
8340
9098
7754
3745
2644
4263
12404
2321
7575
7711
12187
449
5477
5097
3954
746
13007
9807
8635
7563
10422
6853
6782
9292
168
4957
2884
939
37
7009
6735
11037
10358
12432
9611
2709
11870
7142
5674
4491
1873
6985
5115
2670
9027
2775
12421
5691
9855
4876
2130
2893
12897
1740
12796
1879
659
8071
4518
610
9293
10406
5074
11202
1483
3958
8645
12630
12935
7128
7090
10492
11043
1767
9493
2881
9903
10335
6521
7056
10161
9820
11976
5064
11351
7571
9231
1344
6031
9815
11813
7623
1744
7547
10729
6060
682
4924
10024
11987
7886
10185
461
8615
66
343
6939
321
6374
2743
1150
12913
9503
7991
1314
5321
1951
8042
7239
9620
7054
5340
6556
4995
4643
10473
2827
5168
7027
9955
12951
4865
2587
1164
7172
6502
6993
7556
5218
8869
5967
9106
3348
243
9543
7254
3537
5578
2352
11859
8632
3767
1458
3035
620
6657
3391
4028
10214
10888
8610
4581
1373
2542
11369
1821
2842
3175
2357
1424
5392
2222
9873
7077
8187
4490
10666
4420
4707
12887
2550
4506
4057
11295
666
6058
5644
10602
9586
4635
2335
4596
8045
748
11429
3173
10939
841
8462
1064
2685
4897
6642
12686
3782
3886
7996
9991
11911
4090
11427
252
11988
558
1680
237
1868
8715
5555
10466
3635
2030
8607
3259
6463
10683
4970
8936
3516
2040
4389
12912
11533
9262
1192
10003
12611
3397
5964
1362
4269
2267
7221
4997
9765
7902
10291
4070
1664
2028
3125
2483
1863
8221
846
10524
126
853
11614
6389
10552
6493
5846
5136
4096
7456
7204
7498
3541
11547
12562
3625
2882
12530
3072
11593
3436
7655
8888
1733
12940
4839
1651
4769
1019
4650
5956
9738
6154
922
5223
1866
12172
6368
7686
10319
977
9347
12973
10709
8093
1919
2371
6336
11648
5941
9704
6916
2156
8837
4402
1145
12124
645
5152
12390
11505
1284
10798
6044
11612
8206
7942
9025
1904
11081
8978
6225
5636
890
5549
9673
8199
643
8025
7344
3612
8381
5751
5516
11869
10454
11656
3827
11828
7919
11339
5333
870
10746
7073
1315
11643
6217
8711
1271
10188
6240
1625
2858
68
7745
7589
11832
4141
7683
7699
6724
4649
9447
6938
10123
11242
3052
10115
2860
10253
1470
6164
1747
11106
12245
11352
7983
8235
12220
6049
9988
1048
9477
12504
12110
12545
10434
9127
12386
4992
12399
4719
11219
3971
11051
11151
10263
7398
469
4904
11370
383
6252
11015
5420
2790
10639
1446
1703
4699
3012
8843
8493
4756
6579
5671
4543
5584
7062
762
6805
10377
7640
5536
11253
8751
825
3680
1099
1765
11572
7076
680
11045
4194
11026
4778
1799
9434
2370
8713
4354
2822
3432
9048
4991
6681
3858
2291
11521
4037
12132
6453
5649
11866
8806
1531
9681
5859
7175
10128
1811
8503
9526
12264
3780
7834
2119
9560
6688
2250
3878
1862
12703
3879
488
4847
915
375
786
6658
12049
10914
9899
2632
12911
7696
6008
9593
5105
9492
9511
4056
5926
10661
10924
11308
5756
3979
6477
4348
1822
11487
12680
11728
369
4770
5618
9555
6363
1388
12625
6597
1093
5576
12367
6285
8355
6366
4684
9173
448
12843
8308
5297
2087
6320
8480
3642
7840
2635
4465
352
1563
12133
7765
1184
341
1734
10145
2687
4804
10805
5978
859
7609
3700
10231
11413
5204
12604
3819
12523
432
10591
6819
6163
2050
8728
11946
49
8680
4222
2076
15
12371
8051
615
2491
9104
4785
12135
4854
5221
12277
7800
2582
5424
604
11704
1751
12515
10104
7159
5185
2407
5167
11991
2177
3602
10694
10312
5144
7437
11616
12444
3373
7692
4503
862
9961
7458
12786
7226
8494
305
4318
6212
7712
4413
12766
11840
3884
6583
4178
9350
7876
1778
7333
5237
3517
8447
8288
1753
4409
2383
2168
12961
9400
9672
6630
3960
9531
2639
4953
1657
8323
10050
9733
4022
632
2088
9505
12556
2218
11244
4283
12213
483
11358
5252
1496
5210
9971
7330
4803
1618
8146
6796
9453
9060
11782
7020
139
140
3028
3467
6914
11157
12691
6167
12485
9177
4110
8481
1190
6478
11856
1757
12980
4142
8273
8110
10357
2548
12015
6795
7614
720
2592
2166
7140
10959
6209
5233
11300
5791
1674
8169
4366
9221
10970
12600
8894
5639
4118
3574
11817
4736
9788
5472
10933
12070
1697
45
742
12777
7263
9207
1964
9258
5264
3938
10795
6290
2276
4371
7857
2468
6693
8135
260
4507
4073
3810
6219
9566
3522
12506
7188
6842
12080
12948
12318
3217
12343
8227
7134
315
8437
4368
1901
5776
11177
9784
7719
7618
5620
1766
7982
1034
12992
8778
9474
9742
5004
6971
8320
3600
10211
11084
1304
10436
11603
9237
10191
2825
4855
11939
3838
4162
8241
918
5505
9304
2238
9659
6859
4763
5166
93
5366
8046
1579
1717
10021
863
8695
1641
4298
1489
3844
5852
12882
3718
4405
1675
2282
8634
1345
6959
9523
1860
3702
9488
8246
5750
3063
10847
3226
549
7171
5421
2904
572
9533
8532
10815
9557
9706
8259
4585
4458
12794
1707
3744
450
11445
4323
2424
4332
10091
10479
11188
4009
5082
1200
614
4453
6450
8356
11055
3188
12446
9422
3160
8902
906
12391
4515
7286
7987
2255
8474
9943
8692
2305
9863
1309
1037
12147
11996
7289
9404
9643
4956
1295
1135
1661
6288
115
7507
8601
9332
2610
1524
5593
5557
9728
6114
5123
2646
4510
4126
9381
10433
2007
12348
117
9886
2821
7354
3065
1364
9638
447
295
8824
11561
10903
12130
3801
9366
12292
593
4279
12584
5563
2906
2725
2613
10513
6390
3014
6892
11392
4895
8470
8822
10033
7755
6676
3393
2640
12652
7997
6423
11918
6132
5150
8220
90
717
3723
6844
1906
3112
8759
1969
5165
8085
4820
10692
7370
485
7082
9275
12393
6746
7848
10118
8795
4764
908
11971
3905
12684
4443
1869
10946
6028
1494
5253
11152
1463
10452
5637
10493
2263
6218
7833
11815
3043
1527
7845
2147
12500
11458
2977
7066
1810
4577
2457
10028
8163
5262
1781
965
11328
3689
10599
6470
528
1466
4927
9
442
2737
8283
11407
9982
9816
5957
653
2245
11025
10243
3027
3514
2631
670
9473
7396
12760
4912
6173
642
8130
8956
10515
9790
843
11009
4840
6305
3298
6932
6931
7109
7756
9856
355
2591
10462
4677
7205
5434
9363
2952
389
180
3285
12613
11046
1921
10166
9313
11673
11212
7979
9113
661
10472
507
7095
7733
556
11787
116
8269
2229
8732
11549
8406
909
12752
12410
1898
1044
1690
12472
10706
12616
4102
4527
7177
1612
996
1073
937
2034
3888
9431
6073
361
11766
6924
11170
2641
8005
6422
2615
10228
9071
5641
6870
76
11431
6933
2599
4211
7815
5574
11637
639
7212
734
7184
8489
1994
10549
3978
6884
9849
4185
4791
9451
188
5881
12664
4385
3129
4522
446
12336
4031
1965
11611
1838
10657
3553
11890
6329
9440
2815
11874
11736
10902
5461
12279
5554
2039
12513
11536
5071
5101
12474
12596
1929
4862
3208
9767
7064
10423
2210
2495
4562
12876
7744
750
10170
7313
4661
8652
5216
4496
12170
3429
5039
5220
12561
7440
11279
329
3378
4074
12427
5778
9592
2956
10791
3944
9133
7955
12175
5642
235
9360
3317
2982
402
8838
1346
9513
12408
11554
12692
4512
2066
2513
3786
2497
5054
3613
8361
5912
246
2757
2556
6686
3295
12538
3350
3676
5436
3645
12052
8578
3836
6712
3479
7326
9428
1545
12412
6702
2092
12635
11577
1936
4176
9598
3240
8089
3340
1512
2176
2750
230
9970
11615
8115
4493
12112
6222
2588
6653
11423
7028
11036
11594
9965
4530
472
10455
8496
7564
5678
2221
12455
515
8414
7441
9280
11155
133
3925
11835
3605
6655
1005
2449
6818
4695
2502
12640
4193
10016
12624
2680
5524
1090
1341
9945
7642
11865
10546
8179
10031
677
12428
10584
8123
6868
3137
2309
1933
9210
10793
1491
12193
5194
7635
12581
2171
4639
10045
6062
3106
3772
10157
392
3796
3759
1627
8788
12105
10305
648
35
7135
153
5861
6776
9496
10561
6226
11486
9160
2481
4085
8404
6211
988
1353
2578
11779
757
3190
5537
3555
5954
8166
11898
5235
7728
7148
1097
543
510
9464
121
6440
1486
10963
6500
6636
2616
10824
12454
8730
4173
2849
2561
69
3090
4638
3199
8178
5369
10968
2025
9049
1816
8950
5380
11990
5315
7506
11396
4439
9657
585
12019
3525
7152
11180
7777
6227
7685
1115
7522
5775
2892
9080
4966
6327
6780
3339
10944
756
4720
296
2614
8794
2080
842
752
8360
5227
3937
10240
3392
7093
2866
9573
11896
1835
6587
12389
4296
2011
619
2148
5000
9870
7540
10074
7316
1291
7863
4879
9562
8226
10405
7836
1878
3323
7345
932
12256
8476
6672
8225
3768
7000
8846
6479
3379
5429
7605
8281
755
138
7887
3174
3234
46
5727
12809
1377
4905
2803
6600
3952
5782
12687
11200
7149
12639
4868
716
12309
8393
6425
8803
7988
1289
34
9329
9385
2477
8742
7060
4875
3148
8946
11438
9267
229
5283
136
2004
10725
10516
5741
1874
910
4086
9618
5503
11698
4216
605
195
2834
2876
10901
10641
170
7361
11127
11512
9911
6816
7253
3026
8670
710
10266
324
10579
2337
11905
8188
10770
3731
9869
8760
8546
5493
1230
12234
1776
7010
10159
2612
10478
1111
2053
8127
8492
12114
4960
2581
9539
3219
10079
9063
11267
4410
7753
218
2848
9184
3837
9847
3854
6215
7482
7413
8914
8614
11570
12741
10481
1244
10421
9519
3528
12655
896
12206
473
10285
4470
12807
5161
3038
4772
12572
769
4546
10915
415
88
1691
2446
11641
8553
11543
1985
9491
11550
7260
5038
4124
2266
5058
2469
5145
11021
8208
2699
2746
7953
7980
4663
4910
484
4026
2155
9994
2160
12314
2732
8648
7652
10955
5122
12200
10889
12715
8038
1039
4606
3526
9281
7031
4229
2116
6749
9254
6524
11461
11935
10012
2214
7554
78
9547
8958
617
318
3166
2861
11108
1647
2857
983
11196
3087
8864
6958
949
4114
10036
2814
10213
6323
10175
8928
12387
11889
2733
2634
1161
4093
3290
10990
10015
10796
1
9298
6661
12943
8400
2879
815
4370
1229
12228
7050
8951
7362
3343
11168
10375
3904
11824
5443
10378
2853
12249
8382
4315
12900
79
7268
11754
8804
3963
2650
8599
6513
8181
658
8491
2048
12678
1465
2819
413
7279
5612
10529
205
7195
2772
455
7555
5863
3590
4247
8277
12159
12152
6407
8868
7909
5860
3111
12972
12705
10182
540
92
10356
9966
3518
6280
5170
3304
5762
5731
5655
1769
3659
8090
7915
11858
3804
11823
2112
5919
2297
634
1950
5046
4488
4482
9701
2999
1694
4946
7394
5416
871
8948
2295
8191
3771
12890
9288
9771
2445
4451
959
8660
8272
2064
6405
9710
420
10499
806
3076
12646
6300
3789
7976
6123
12084
8575
7247
12092
10768
9476
10167
12644
5451
10993
6098
1829
10187
9832
2203
10133
11810
11562
227
10583
4728
11842
12663
6599
7122
1967
4909
3560
12253
1855
2664
880
11948
10589
10475
917
9589
348
11073
10705
9373
3128
6714
6576
6476
9022
3699
9806
7356
10519
6821
6188
5341
3179
12589
2541
12816
11272
9708
5271
11346
5494
8141
10811
10010
8193
3779
8941
11510
10975
467
3275
204
3907
3122
12142
437
779
10103
4463
9061
3418
10550
8232
4029
6059
5211
12372
11388
2479
11307
7706
3897
5306
7938
2065
6149
12702
6005
12079
992
2264
5386
12848
10327
10331
11800
12479
5244
6398
2363
9239
6986
10562
12892
7392
1420
10587
1604
8165
8530
460
5016
3813
1788
1206
5311
3140
1009
8463
6721
6377
1719
952
11225
6943
8855
8994
1815
436
10371
3055
10774
5404
4872
578
4050
8766
3104
7228
10766
9664
11523
3734
4574
6561
12924
6554
1078
8917
7202
2967
7588
4293
12751
8706
10504
10740
5102
1319
7992
9898
2937
4238
12362
12853
1462
7044
7526
3411
1505
3233
2429
9162
3657
1923
8331
4168
6137
10884
1611
3441
3098
2529
3187
2306
12739
8506
9482
4666
1211
103
2703
7760
6457
12347
12247
6697
9272
5390
6023
5790
3153
1142
9443
3334
2334
4988
1004
1155
6158
4379
5393
5911
7072
4245
11790
2475
10480
11715
4754
4494
2922
8878
2659
2073
186
3900
8436
7947
2303
12284
7278
10152
8571
1851
8102
6354
9958
2590
9128
5931
12012
4473
9939
693
11639
105
3135
4474
10304
12106
196
12276
459
11286
10523
10632
6392
6244
3930
6221
6379
6348
3299
3828
10572
3410
675
1688
3644
3620
10131
855
9992
1363
5202
11759
12136
6738
6928
10328
9099
12854
10417
9068
10664
2345
5757
931
11382
7741
12669
775
4864
973
5394
6412
2193
308
4760
6679
4034
6328
7257
2569
10654
9364
5454
10029
7665
3539
1502
3504
10581
5018
9682
6501
1848
12617
5089
7340
7935
6618
3096
8285
6699
10981
11452
7476
3376
2099
9137
7569
7131
23
4400
1802
5260
6272
11783
4212
4794
3546
199
11336
6397
8245
382
4033
7597
12718
10937
6607
8945
7126
1807
1041
11238
5076
12010
5331
9674
7034
8097
7386
8198
1383
3948
7444
9670
7530
10014
6551
625
3141
5661
7331
9419
3049
12022
1582
4125
11325
2269
8549
687
439
4285
1084
11892
2955
8182
580
7856
3802
10137
4072
560
8052
11797
3309
8689
67
5491
3950
12747
584
9584
1151
6977
4113
4567
2527
5985
4058
2359
5680
5888
1433
8582
12548
1046
7922
1894
850
12183
1638
3892
269
6135
6970
9031
1393
256
10559
4452
5459
9012
6370
9164
3268
10651
9872
8239
1266
5898
1652
4544
5137
10075
1236
9010
2127
2760
70
12850
10803
244
3238
2530
8925
8384
12944
8317
18
7373
1571
1912
12384
5736
1945
11843
11474
5191
2957
911
10575
11992
2071
11415
1479
2935
11640
6620
2539
4305
8616
5596
534
5992
113
5307
11573
10551
2385
10765
5464
5550
9125
8773
6230
1212
5619
3973
4414
3803
3
8564
986
8636
6921
3947
10059
11492
2249
2636
1378
8014
4163
10073
1574
7473
9773
4823
5061
1437
6647
3551
5909
8439
6170
11091
2560
2671
6543
10659
5616
2765
12294
12784
6113
9905
10995
10082
9121
8639
700
1336
4886
7708
11575
6799
2518
6195
2845
11410
7949
2574
1622
10497
2931
6447
3115
3142
12745
12668
1886
12464
4918
10997
6793
5946
8201
3279
9091
9740
1174
6324
12649
4553
5685
8028
2448
2753
11007
5351
1739
11657
4106
4403
216
2032
2751
5489
12748
314
12178
12722
12431
3015
4036
8327
3820
8117
5603
418
3665
12375
12004
2324
1467
1214
6382
4542
1255
3790
144
7830
222
1737
5406
11978
6790
11737
10879
6919
7603
4179
7030
12202
6365
7841
6695
1727
1687
288
1221
5732
1939
4329
3631
5872
11182
134
4613
11386
5243
8258
1749
8722
2621
11139
1850
8231
10863
10693
3901
9745
930
8124
6376
7878
385
791
781
7747
3085
3463
11915
3601
728
5088
1888
9076
12905
11207
2460
6080
12226
6608
9276
4509
158
10337
5573
10125
11285
9824
10201
1659
2454
3913
5293
6814
72
8186
12324
3970
2138
1897
876
6403
3286
9392
7684
4524
5301
3220
12203
2436
4115
5045
935
8840
1804
5098
11982
9622
9977
9613
530
12023
1704
3603
5371
972
2061
3270
3831
11928
9409
10400
9015
522
4206
12774
11518
12074
9312
4116
7406
1079
1279
1679
3170
11729
11871
3143
4795
9550
2567
8353
9610
6339
6353
5766
2122
1560
1390
11914
6358
12088
6152
5928
3875
9230
8512
7995
12303
2770
3424
6730
12155
5900
5042
3505
861
503
10958
4258
9277
7709
9723
5738
10703
12772
12164
9930
1605
2344
1576
2405
4339
4373
4901
581
8748
4611
1088
10960
10368
2594
12376
6751
7674
8095
12053
4800
7357
3459
9217
2872
10861
5242
6053
2078
4727
10102
11778
3332
9465
9471
11147
562
2738
9308
848
498
373
2517
5140
3362
10198
4812
4614
9130
9340
1996
12013
904
11276
5488
10110
1979
4259
3736
80
11805
654
764
4190
2558
9201
11274
6015
6526
1619
6591
6612
8243
6196
9536
9948
2543
6181
4954
5623
202
586
3084
4561
5498
7251
10557
8505
3953
4917
2191
5364
9901
1459
1585
1941
6800
9568
6692
5195
1451
10869
3377
6260
12320
7141
1961
11005
12908
9089
5800
3599
3313
12952
8037
4632
8768
1875
8000
1644
8793
7875
9750
8973
9719
6303
4617
7230
2900
4607
6585
7191
7032
7083
9608
12370
2319
12553
10060
10941
10426
11592
2726
12416
8552
1077
7280
3117
1062
11542
3595
4089
13008
12457
2713
8907
3082
6429
8230
6801
3457
12397
5398
6085
7137
4235
11893
6923
9485
12047
2256
1976
1510
3691
12775
2679
7729
7768
8566
7176
2622
4750
10976
9145
5945
9729
4317
3482
10217
4566
10092
12773
9460
11008
6957
4341
1335
11022
366
11791
4641
1464
12060
4989
12218
12795
1986
4588
9983
10340
7975
10037
4055
7224
8114
3808
1286
11962
5030
3697
11707
635
7550
9415
3353
5980
9242
5958
100
8959
3210
4654
6643
6271
8617
8565
3573
1989
2936
12693
60
11757
5677
8136
7779
11221
4747
6038
1269
7291
11853
5749
10056
7107
7529
5142
9120
6506
7911
7727
8464
1631
3480
928
9838
3596
9457
11262
4749
3138
3998
12499
2184
9100
2453
8991
3297
7908
7628
7219
5246
6497
9748
2054
10324
6950
12866
5976
4656
8002
2984
7214
11099
1482
10578
12942
9744
10072
7513
1590
1758
6678
1893
10787
12196
4023
12297
2684
6248
6178
5948
11844
12841
11730
5059
11819
6756
2796
11315
6334
592
10169
3305
5739
11807
10595
12653
6565
9544
10025
4860
4955
10444
12907
84
7570
1132
5460
4103
6297
11743
6228
5767
5428
747
3004
6282
4281
857
9845
10277
3589
2971
8434
5280
9909
301
6540
587
6361
1600
12177
5712
12537
5662
10689
7950
10748
3358
12974
7698
6763
3530
866
1031
9637
10528
1926
892
4422
4945
7633
6042
7736
11418
8324
6436
758
12829
440
10895
5862
8427
3583
2681
1318
3588
5462
12278
9530
7051
7423
233
2185
3846
1471
4156
11891
4600
2322
10687
9570
9448
9412
8657
2778
5267
5848
1927
11089
2891
10907
6582
5037
1338
9642
5904
7068
5876
3154
8345
6930
5879
9344
326
11124
9450
7037
920
7067
5813
4064
12009
1248
2172
9328
8031
13005
7449
11849
2522
8544
882
1534
10880
4267
1120
9132
1634
11052
1020
10314
11145
1367
4476
4690
11032
11544
9295
10236
81
1349
663
7160
6815
9878
11443
3781
8831
12743
8665
7535
7400
3592
7565
1333
12104
727
3577
1960
3899
5002
9509
5357
7731
4454
11412
11031
12914
985
1983
1730
8453
6896
5304
794
12986
7543
8723
387
2917
1272
4217
1014
3118
5239
9077
8918
9621
2987
441
4609
8542
10891
9696
601
11806
9781
1329
2394
394
4434
1847
10831
248
4783
8431
4925
9793
11774
7166
8627
6206
9220
4353
12744
10469
3922
4346
12501
10830
4526
6615
1721
2896
10730
2045
7307
3022
12445
11317
4700
1696
6020
10202
4916
5786
9285
2721
1787
1050
5266
6890
11206
9055
12201
7925
6486
7070
2038
7757
1678
4558
7411
7941
7616
6542
5075
1061
10425
1666
9024
3533
4620
2811
8036
9629
3414
11504
7937
426
6435
5248
4586
12216
5745
10631
5487
5856
1813
6869
8145
7146
10206
11569
802
6340
11930
12793
5189
11591
11534
8684
12154
5229
1371
4919
5689
11341
5432
73
10173
3215
11234
11123
1400
6277
6269
984
10227
7209
3357
10522
3752
10758
2583
12335
8094
2323
2018
8452
3751
6391
4870
7525
12199
8092
8441
10972
5810
4461
1728
4714
5079
1072
3999
3839
2142
5910
1233
2584
6530
3618
8621
3990
532
5558
942
4328
8916
10723
12300
5135
3073
12910
816
12937
11951
591
6696
3163
3417
10501
10716
8438
2290
1503
28
1607
2070
1522
12215
4025
8753
1577
5051
7927
12099
8113
2929
12233
9794
10626
4787
7862
4449
164
11968
183
6555
9278
10775
297
9780
6156
11721
524
8618
7810
10094
3336
7666
3874
2042
4284
671
4571
12679
6480
12997
4244
5527
10120
10883
12634
8929
1514
8816
10401
8915
3159
7235
9056
184
6491
733
12877
12906
7403
9384
12305
11580
6155
830
854
6214
10857
6427
2046
5917
10105
10233
7069
198
6189
7644
10617
4810
3318
6665
5780
2601
12881
2739
122
11676
6036
723
6787
1970
8471
2361
11230
11501
4807
8306
10334
11756
9390
5857
674
12478
6903
10265
6186
11635
4959
1185
7405
12356
4131
9900
9438
4006
11541
10735
7962
12941
1742
8697
5546
169
353
10459
8267
5709
2110
9669
8900
7433
2067
5270
3367
9170
1535
11129
11957
6395
8054
11080
11907
10030
11229
7125
5230
11391
11246
8731
10917
8457
10364
1795
9914
1743
12764
9414
6371
5206
9908
7366
7401
1559
2100
4599
7105
7173
4936
5599
8775
7347
10258
5551
8543
12801
4299
1010
3861
8497
1636
284
10089
8841
1440
6514
5703
1323
11709
1060
11961
2003
10971
12522
4952
12982
3890
3795
486
10354
9194
2182
208
11457
12518
3561
5525
2674
6140
12045
2393
3687
5292
11750
4291
11484
4789
2660
9062
6035
696
5199
1204
2292
10607
3443
5395
9284
9072
7643
10298
11488
10301
1632
1141
10905
8394
4021
10952
265
3562
8446
6451
1454
3647
10965
12069
7514
5086
12266
8798
3966
10412
5177
12076
685
10286
1008
9410
4350
3254
8872
10964
8625
7258
676
12929
10812
6090
7587
7518
5066
7402
8856
12950
11102
5485
8396
7999
4615
8667
10712
4779
7574
6944
2537
4287
2126
6847
1676
3225
6689
7430
8515
1539
11483
660
5017
6835
11972
6589
217
11926
1012
1391
8938
6344
2108
5787
11776
2356
12302
2228
8204
3438
1977
5065
12560
1856
7913
10711
327
171
8836
1938
7114
6603
2205
11784
3946
1108
4360
4484
5851
3939
3280
2695
618
6045
9591
7797
11627
5343
7717
3283
10241
1124
154
2411
500
12670
2826
3347
4748
7201
12811
8238
11477
10685
11553
974
9753
5901
1384
2824
2187
5635
340
6317
7461
3542
10359
8853
10539
12803
3570
7309
11555
5733
6954
3778
6246
5698
10536
9116
4513
425
12814
9087
2198
1746
1098
4424
10038
6761
1944
8510
11764
7103
1119
7222
303
6169
4648
11685
4672
3131
4330
3785
9449
8120
11875
12211
8833
12977
12398
7844
5288
11686
9030
4159
12770
155
11103
12806
11683
1104
9268
7940
9478
4224
1968
766
6315
2969
7434
9246
1908
142
9343
5854
2727
6043
1736
7275
763
7462
692
4472
351
11763
5521
4604
4375
4555
1426
704
316
829
11980
12270
11952
11691
11416
3943
4319
1297
10598
6940
11038
11838
5403
4965
6266
12317
7168
10416
3228
12165
1722
2678
3885
12325
3412
7622
7421
9499
10856
1423
707
5334
10634
8271
12315
7182
6482
3152
4516
590
10985
807
9405
12333
10083
10667
11717
3774
6863
3201
10403
3041
476
4935
7466
3916
10086
4693
8761
8293
2380
3088
7059
6496
2564
6974
782
12237
9651
4943
4969
11024
3711
1356
11435
9131
9639
4629
12833
8074
8444
1857
4053
10487
1105
6003
7762
5316
11662
1405
9456
7040
12483
1887
10858
9468
8190
11809
10772
3656
1354
10708
3641
10614
4249
7658
11822
1980
12143
2278
6462
5104
7653
2410
7186
185
3255
12222
7342
8482
11531
3370
5681
7203
7375
7680
2174
8128
10980
2836
6811
5282
5124
9736
9969
8373
3415
10453
8412
8664
1780
8613
7515
3066
11469
8498
8814
9823
4297
5035
3564
11745
3637
9247
12891
3746
1252
4005
9352
4049
10817
1359
8940
8007
271
4391
1495
11359
3455
1516
511
9305
5484
5902
4471
11529
10044
8247
2593
12779
2135
6125
10040
9224
11329
12062
9437
559
4906
8819
7746
2720
12424
12587
12299
2302
5490
10264
5715
945
10431
7200
3067
11963
2552
2852
4710
8678
11237
12476
4387
5180
1484
3969
2723
4395
3266
536
11680
5577
10588
1865
5771
9193
8981
287
9874
6528
2655
11475
761
943
2748
9082
313
2801
3037
8889
11837
6515
386
5773
8901
3178
4612
10465
4187
1197
767
2758
5865
11862
9234
7305
8694
12111
9155
7086
1662
12865
2749
11208
5924
7820
12271
5873
3388
10789
6563
7371
5722
12258
12727
6471
1520
3447
5624
428
6593
132
2237
4000
11622
8874
8073
6879
5629
11609
10878
462
2745
6433
5592
4768
12902
11251
2704
6278
8144
12459
5345
3935
5382
12204
7
11799
9766
7528
647
1701
8729
7541
6067
898
10596
9105
1449
980
3097
1890
684
8961
3428
11690
12699
12354
8998
8572
963
5192
2831
9554
9472
11058
7460
3956
9070
10660
11314
9919
405
11473
8851
8908
7187
10851
10868
3478
7921
4757
6516
5269
4241
7551
1369
3688
7811
8688
12197
4177
3684
12001
9711
7854
5310
1207
3430
2686
7627
1825
10011
4017
11798
5412
2338
4709
5752
5125
1533
8965
8983
5725
8376
5602
9579
2816
9687
2242
6428
2806
3721
1586
9152
6191
6359
5570
10108
10505
12837
6899
691
11335
12753
11406
9677
11010
8153
11270
10548
7667
772
5228
12650
5025
12329
6529
8593
4015
7246
1845
1954
2494
11953
3498
2325
2047
3047
5188
9226
10785
7809
3300
2299
12968
3130
8871
4275
8409
12195
12704
7242
5868
5720
3872
9245
7295
893
10134
2310
1198
6443
8080
8167
9436
3100
1626
4290
4170
3959
3456
11818
11899
1538
4519
4396
1958
5441
11913
11789
3185
3276
7631
3552
953
3655
2293
4133
3868
1209
5006
12118
4971
11847
3176
10349
8536
4390
2473
6094
2786
40
5631
5541
9199
514
7065
8086
7267
11924
777
7838
6992
6120
3193
9893
12637
11394
3703
220
3869
11811
7389
338
744
10734
2515
2769
10900
2980
7615
11671
1475
905
1840
12533
4042
328
11545
8001
9470
4568
821
11589
3848
5707
738
3798
5110
9209
3042
3384
10568
6409
1024
4048
10520
998
4560
8559
1245
5405
8754
5256
6492
9617
7447
5437
6109
3006
1864
11517
12209
11645
4842
6984
11947
12970
7001
11885
2940
412
11459
9754
7039
2197
8656
4963
9417
7463
10967
630
6047
2838
1086
10686
9527
10268
3627
13004
1442
11303
1990
6283
7621
9545
6148
1181
4675
5667
6070
7748
4480
2771
4077
3061
12713
4166
5816
2015
8835
6648
10751
7341
9361
10565
4007
12860
9987
4322
7877
6208
8906
5723
11240
5249
2420
11275
10642
3832
2452
4300
10926
9043
11677
2230
6369
2840
2213
3053
3229
8683
3818
4626
1282
3048
2440
814
12871
7626
9703
7078
9382
7516
6234
11373
9333
5093
9179
7612
10063
10620
818
11959
12724
3604
5015
4662
1410
259
2369
8197
12313
8495
4939
6733
1555
5298
5713
1756
2919
10443
10300
2096
8205
12915
12340
9758
480
6644
7479
3244
9671
3753
3675
11302
12874
11451
464
212
10786
7691
1918
5370
6160
3020
3640
5359
6360
1322
2755
7190
2186
2908
3092
5588
10007
6099
9326
9647
9178
7870
9964
11305
7439
5128
7738
8228
10112
4708
13002
6364
2566
8942
11793
13001
3171
1610
2421
9521
5263
1839
10577
3395
3440
2261
8924
1963
2837
10098
12666
6052
7283
1226
1092
8254
6791
5423
12984
12229
5930
1324
7837
4811
1343
3500
1334
176
1278
190
6866
1931
5974
3262
633
7310
8119
12507
4304
7465
1606
9362
2408
10440
11249
3624
5309
2033
1025
6326
8249
435
11960
409
2279
4303
5354
11235
9269
9817
8797
7776
533
2820
9479
1379
5566
10477
6664
1557
2052
1817
5742
10042
7804
7374
8735
6999
9445
4312
9351
4002
6527
3994
4730
12514
9006
2514
2629
178
8954
6034
11404
11687
7970
2669
6198
2105
847
8718
597
9296
4149
9486
5770
9424
10254
5710
7715
11204
8970
6568
8100
12064
10541
9081
2625
987
10006
9808
9261
5258
5628
8262
11894
5373
542
6683
4108
2910
8257
8252
3912
6411
4547
11514
8063
5442
6055
5196
2793
3091
10613
4054
4889
10303
11397
2575
12377
11768
7500
7682
3272
11490
1858
10464
7457
11556
8305
1337
3461
7786
11719
4469
6616
9042
10292
3621
3841
7117
5988
7088
7591
8905
1831
5129
7019
845
1956
3081
5138
6243
12838
1189
1427
2972
2950
9926
8278
5193
9778
7480
1549
11097
1649
1283
1365
12441
7552
6079
12550
3763
9894
11192
1786
4195
8473
3709
9427
9300
5149
8104
6732
4495
273
3849
11814
4186
7957
11076
4767
7300
5998
1820
7930
6649
9238
12414
9345
11269
8024
4197
8016
1375
5936
9093
5561
9153
1270
9528
10681
4523
7739
11381
4508
7502
12962
2791
12144
5937
732
3722
4331
3741
5944
1498
4914
6268
4041
8696
1519
3328
7273
9843
10239
4044
5486
10508
12614
2113
2000
9881
12435
9552
438
2346
2843
11884
8077
10114
9853
9219
2859
1003
11714
7812
8996
4335
4226
8490
6883
8921
8364
877
11181
874
10309
9243
4660
5647
3906
7074
5724
7116
1801
5261
3356
6089
7687
12385
10989
5605
2094
3294
8551
8596
6281
10490
903
11343
6535
5445
6456
12308
12232
11628
3986
5426
2696
4962
304
6258
822
363
3274
187
10555
11210
9883
4219
6525
2413
5693
2020
11742
3050
10996
6419
11191
6495
715
12708
5867
6781
10934
6193
3591
12957
1316
4950
3499
8058
1587
9136
3213
4741
6294
5095
12742
12529
6789
7410
6904
1481
7318
813
11047
2386
1394
5329
4594
7210
5714
12032
396
649
9981
11444
7089
12103
10608
7393
9393
1646
8767
11921
6758
6650
2027
4915
10678
4343
820
5730
7320
9408
9811
12661
9501
743
7492
10644
5996
554
4696
1803
12353
12799
11345
9374
9181
5984
12932
8640
2500
3826
1800
2981
10672
1171
8397
2154
5600
9792
3918
4464
8217
2273
12921
11904
12406
9809
10381
10670
10150
2443
10140
7443
8913
157
358
4866
10212
1298
3264
7181
6872
3805
1126
2934
6825
6420
5632
12272
9367
9757
12075
7629
7816
11584
11166
3450
11368
5559
5893
3446
3870
9653
3359
10950
964
7360
11502
11702
12870
8912
4961
11273
4143
3331
6687
130
7519
10643
1593
1568
10538
6895
1971
4188
3236
5349
7343
6264
3103
10919
699
5048
7751
5021
9005
7599
1054
11198
11252
11189
3308
6917
7986
10004
10310
11740
894
4024
7617
11364
7489
2465
7625
9416
1436
1988
3672
9430
11646
7417
4618
10923
9975
2240
1188
12030
1158
1075
7634
5225
6573
5381
2364
3864
12662
33
6004
4798
148
1116
6518
9260
1782
465
339
11735
11425
7323
9730
11376
4949
11149
3558
10871
7602
493
1389
3949
9658
9078
9857
6330
823
11546
2244
5352
1547
1306
12716
6394
2923
12825
1731
9716
1276
11291
5368
3996
8508
9834
11054
12919
837
5374
12403
11876
5419
10278
94
6875
613
8763
2525
7023
3738
3597
7452
7144
7094
12056
2643
3284
7732
12440
10826
7868
9444
3057
865
7537
1027
2248
7651
9232
7969
5679
12575
12824
934
773
3224
5287
11313
6275
6133
3648
359
6119
5735
1771
11649
2992
9253
651
4145
7052
690
12145
8769
2041
8282
11101
4051
2350
3840
9497
11287
12210
489
4752
12171
9368
5583
1982
2895
6973
8764
2549
9446
1905
10230
3847
9985
12322
1130
3422
12407
162
1573
11432
11441
1488
12658
4100
9335
2332
11755
10808
5610
5955
4722
283
589
4167
5565
5515
12487
8725
1456
8424
12394
2944
1430
6210
6581
1575
9588
12491
6190
11528
262
10200
1909
6744
5302
125
3515
2783
8435
9517
7827
3775
9928
247
2170
9101
1819
3194
8594
2503
10979
1138
95
6437
579
10315
10395
10653
10432
5323
3064
11433
4521
11599
6146
4417
2179
179
3371
3222
1695
10554
2976
8602
3252
9500
7248
395
5645
2662
3910
422
12539
10067
4569
5575
11652
9107
10918
277
6127
5160
5299
444
1302
3747
6302
5348
12289
5471
2554
384
9996
1452
2333
7007
2817
5175
1460
9937
10280
12456
10457
10855
12726
10022
11016
8989
3664
4155
12559
7888
3934
9906
7391
1991
4584
6682
5277
626
2697
374
8926
3495
4631
12296
11831
3380
525
44
7790
1152
11061
2476
7136
1222
12761
1051
4646
5417
492
7981
3598
5844
8999
9842
8151
981
7558
96
1220
11085
4775
10942
39
2434
3544
4047
512
1942
8026
2576
3126
12580
6922
9021
3936
10825
2181
561
9069
12190
6990
11710
2451
4731
1521
12531
250
4554
5481
8149
5408
8346
12846
12374
7451
2178
6680
7559
5951
8787
999
5009
4686
7314
2562
3120
1311
12835
3363
708
8213
10925
7497
1417
6216
4583
6517
12357
1382
5222
9085
50
10802
7388
239
7567
11608
2617
10904
3816
9033
12721
1083
9370
5087
10320
2619
4475
9418
9648
9915
12331
10442
10533
2360
7663
4152
320
3985
1199
12558
5448
4223
11820
2598
11751
6204
1068
8284
8899
10784
8034
6499
3421
12488
9149
8934
6669
3040
6532
4364
11437
8807
6755
3306
42
2260
12987
6202
12966
2467
10819
10026
9289
63
10488
1518
8517
10101
1755
8319
3917
9202
5113
6710
7710
2339
2512
7464
10498
5337
4063
2756
3750
9861
1948
4447
508
8368
3550
5717
3127
12163
12422
10633
6134
9775
9097
6773
12002
6834
3316
5567
5322
8671
5245
7819
9619
6002
1441
12173
8084
4147
8402
5031
8535
11560
1478
6400
12214
10250
11301
1720
7301
5265
832
8516
323
8997
8724
10065
5747
7470
12189
2416
2131
12765
11882
5126
6901
6898
9508
1213
7048
12160
6812
2868
940
6205
4978
12884
6088
2744
550
1523
1899
526
5446
5320
9933
3730
240
1148
2024
11493
2985
5092
10272
6742
2499
5989
7108
9941
1066
5886
9169
12555
7781
7948
2905
6737
11319
8745
8349
770
3572
5044
6741
388
3536
2915
1640
5078
8465
9321
5729
11179
5450
7380
3643
12591
9372
7399
4460
10984
10402
11283
10696
6061
8885
9423
11600
1114
5415
2568
4388
7193
8478
12290
8328
7438
2006
991
2901
4628
6473
8294
5652
11311
9978
7670
11927
535
8126
4107
1841
4819
10836
120
11428
2691
3156
7233
9109
9263
2656
6912
8487
4310
5627
3282
4462
668
12000
1069
3221
990
9875
7572
4429
10684
12227
8300
9582
11738
8389
6056
8329
944
48
11082
490
4320
10699
7491
9571
4092
6560
657
9624
2235
1663
7931
9698
7944
891
11967
1900
4377
6831
5676
12093
6013
3585
7761
6845
1808
3258
1548
1468
12607
6313
1507
11261
6656
12037
8083
12628
7524
7977
6458
9396
783
11706
9660
10203
10035
12494
4593
5622
3474
1067
181
3413
6550
9654
6284
10107
4203
1113
11450
957
3189
8772
11408
2233
11146
6748
1754
1759
8020
8116
12077
10389
4805
9840
927
8810
4655
3783
2312
350
10205
10367
4129
6321
4564
11095
12250
7598
3862
8430
1042
7217
20
9148
1089
4091
8931
7293
7606
12470
1581
8354
6838
9689
12066
6438
3980
5005
2747
8993
3988
408
12162
9596
1372
11974
5224
1091
7092
8485
1347
5360
430
2735
7315
10222
3355
6605
8802
6740
4486
2728
6129
546
10418
1711
12904
6547
5965
1299
8592
4394
3710
12095
4679
7619
7178
12969
7308
7422
5062
9241
5111
