4680
7019
2818
12089
7459
11208
8272
9906
983
5720
8641
9643
11530
12584
1307
8332
6108
7866
2846
2392
5801
8673
12344
11659
397
12959
12364
11062
8439
12617
8902
2731
9836
6238
3309
7758
12138
11751
5023
11420
11641
12392
12122
2997
8303
193
1238
8684
6867
3724
7133
4818
7852
11877
5786
7420
6770
8530
6179
5442
3387
2046
2056
10268
8314
11190
11471
6107
2433
12838
11168
8437
10393
2174
9501
1544
7701
2767
8695
12311
12983
7611
6250
216
12520
3002
67
6096
6963
3865
6756
5873
2921
8973
8769
5435
4549
4714
12309
3267
3904
3781
6185
11846
10307
779
12737
9123
7094
516
8849
12727
12923
9202
12820
9915
12280
12603
8781
6508
2986
3108
8223
3578
3179
3485
9088
7585
8233
1624
2502
8970
11110
1684
8800
12592
2040
6743
7203
9296
3668
7015
12160
9155
481
3070
7213
3027
5055
1128
10718
10245
11499
6149
4184
11790
6853
6666
9314
3531
8292
9464
4972
6805
5960
10650
12564
4949
4485
2622
4734
12818
9526
841
4994
4671
866
595
1057
5384
6681
1251
11696
12519
12393
467
6700
415
11628
2016
10198
2316
8936
2004
9402
1688
10120
3039
5747
8260
7183
6779
12898
789
10167
11896
10483
10214
7341
8744
10067
1247
5648
20
8127
12007
8944
2675
2399
4557
9980
3393
9601
8143
8608
4659
11385
3363
7274
7293
1866
11844
3982
6947
5186
12896
1140
8579
3623
8774
7606
12043
10452
9724
7680
11299
8792
7802
11975
9731
1438
10345
11567
2751
824
8537
4207
10226
10965
1337
9392
5133
11031
12250
9806
7897
8473
10038
7105
12463
10014
4349
8785
2756
3062
86
7603
6229
7801
2609
9872
12294
10464
9975
1946
1299
3726
6684
8541
12549
11715
12382
794
10654
11276
6579
10168
2156
10151
8419
303
12064
10817
2324
364
7137
849
5042
11030
12396
9437
4762
10410
8395
8390
7038
9604
10724
8388
9664
9250
8795
10287
4531
2760
11838
5465
4759
9631
10432
3898
1412
2227
6816
12077
12762
901
8017
5414
5807
8806
11046
12942
11131
3638
7605
5016
8971
11813
9727
10188
182
3894
4630
6490
5193
6139
4873
8628
788
2190
10956
10951
5179
8373
10451
456
7036
12715
10837
6467
4751
7751
10269
11011
2125
3351
5793
1916
9616
10290
9298
12173
12531
10122
4791
8639
9588
4387
1409
9188
10624
3776
9761
12147
10063
10635
11603
3298
5386
2782
11309
2842
11826
9610
5579
3077
6373
10304
6621
6762
12587
1301
9094
5234
8874
726
12674
10953
11403
10388
838
2809
6355
1969
10761
4347
11853
12637
10934
1027
9187
9457
4867
7591
5475
8558
1617
8361
4590
3506
2825
5148
5797
589
10132
12834
8978
3396
8714
9518
7431
11616
8521
2194
10644
5166
12550
5304
10282
7930
7163
348
4682
10470
9838
9310
2618
578
8814
8076
12018
11573
12295
10571
11345
12002
9962
4518
2195
11052
4825
978
1691
4027
6945
3379
2139
9642
7401
8366
1008
1867
63
555
8691
25
10124
12260
8860
5446
3242
12861
6968
8756
434
4201
5567
6420
4916
4028
9110
2754
5604
11132
12485
4937
445
7238
7125
6629
12054
11969
8562
7649
6798
153
7031
8957
11347
6909
3530
2020
7017
10045
11358
8722
7679
10486
2768
660
11431
11770
606
3058
3304
5273
3180
9338
4342
9773
5660
7609
11803
8047
8614
11080
4128
10175
4654
10359
8659
8033
8900
1504
10958
4141
1667
6760
12137
2029
4537
7882
11561
1779
1399
8779
136
12858
9206
357
11874
9061
1428
12179
5740
12416
5754
1927
1947
4213
4683
305
10994
10515
6925
10712
7071
1941
5022
3576
1063
6461
593
9488
11819
10869
2213
11783
8235
11143
7697
9576
5889
8189
7907
11922
723
9542
6203
4262
8782
4257
7429
12808
4544
5144
10326
1602
8462
3392
5312
4171
5018
12001
3801
1546
2839
9739
7512
8872
4189
3793
9959
8657
10563
7093
9974
178
9983
10668
12870
5533
4658
12885
11173
10408
10159
10352
8071
11401
2341
2880
12046
365
7517
4568
9065
1031
2098
10462
2423
8703
2718
10392
4
11797
11679
12573
10306
1559
8817
8049
9362
1362
7052
1987
10335
4737
9487
3339
1505
11413
7673
12630
11915
8818
11925
10819
9323
4957
6101
6339
5761
9483
929
894
6632
2141
11374
2702
11565
2032
1489
4781
7296
11523
9523
2978
5374
2680
4545
7349
8490
11268
4473
3977
4298
11203
11027
370
1935
10579
5716
12567
6942
11520
4750
8412
4012
8740
4382
7822
4102
6864
4514
10190
12410
1044
12498
1185
7369
10935
11534
11788
4983
638
2670
11391
4874
8448
7468
2343
6337
8764
730
3355
7814
8704
3140
8449
8239
12850
11855
3600
7173
4519
1511
10835
5416
11893
11929
9763
2097
9832
2365
6272
5792
3762
10390
11744
212
4008
3254
11164
2172
10814
4613
2035
11355
7447
4459
10179
11451
131
1119
8289
2833
1787
11991
9502
9828
9079
7114
6424
4678
8601
6079
5073
12760
4345
11192
9528
9859
8286
7170
8683
9673
3763
4902
11338
6225
6411
5805
689
10765
5092
2665
4814
280
2184
1719
2769
12650
2660
6769
5795
3261
11758
11990
2362
9288
11028
12809
12658
10089
1996
5439
800
10106
8891
12669
3228
7781
4260
487
616
9271
215
6697
11820
9290
11262
9742
7345
7646
11252
2734
3667
498
1728
7538
4192
10328
7053
3342
3809
12814
11466
10872
3555
12208
6231
515
9083
4877
3105
7054
12893
2135
11317
11594
1061
9480
3570
2643
2061
1069
11923
3183
8232
669
6571
5892
3735
10022
1955
466
11152
10507
38
5694
830
4281
4035
3289
12483
8922
1683
3704
9225
12566
11400
11583
10524
7041
7003
7455
2763
7045
10691
11538
11639
8484
12213
6660
2398
9734
11114
3643
8602
9524
4731
8690
9869
12123
4050
5696
1973
419
1777
10803
7678
4364
0
12292
2867
4984
5383
12810
1424
12718
2602
7411
2557
523
5741
6785
2785
4713
6029
3942
4657
3280
1525
5221
4794
438
9751
10140
12899
6359
11352
8253
8182
3025
1606
3589
10322
8578
6109
12061
7759
2193
253
10173
4256
3964
1877
994
2538
2348
7352
10527
3147
10938
3732
6967
9732
8784
2159
8599
5914
6406
752
1369
7391
2493
3214
9624
1692
4330
12670
8454
13002
7465
7586
9409
110
12819
255
11048
12577
5324
12595
12288
2252
6024
4901
12339
12783
4160
1204
8492
3350
11154
2721
12951
9656
337
1172
12340
106
10204
3317
1687
5422
5982
1408
9633
1055
9390
6637
12258
11548
8252
12957
2938
10996
6091
9120
4679
10744
9393
4474
4252
5756
12466
8852
5096
5562
9795
3319
7477
150
6934
9486
11706
2945
2991
4443
2678
3583
6869
137
5551
663
3047
184
9666
7522
9726
3749
12606
7425
12825
7537
8674
673
9499
10191
8113
7746
3249
5277
7732
307
8611
8712
1909
9904
7980
1841
6207
6858
10649
13008
4918
7007
12513
9509
671
5825
829
8210
7559
5966
8281
6790
12843
4715
6914
7205
5628
9152
12532
8294
764
9703
3475
1859
9741
493
6938
7260
6480
10241
9907
5116
3599
4367
7324
83
3979
10478
10993
9965
3284
231
3083
1534
7974
12910
5103
7864
6458
4977
5301
6676
7647
7348
2876
9192
10720
11369
4448
3701
11689
5652
4233
9075
11475
4566
5511
3717
2488
7858
450
6391
7619
10407
8188
5803
7328
1705
9885
10178
11966
10309
7330
4132
8063
7193
2260
6569
12860
9286
5127
4454
5147
4702
4376
2153
12240
11169
11524
1243
12352
2977
6673
11379
9319
4365
1283
12442
1693
3460
10946
9070
5453
4998
1096
10207
905
8498
2318
11695
761
11183
6817
7179
3773
10311
8647
9525
664
12568
11611
6261
1245
11021
7694
2203
7924
8082
4521
4019
6728
2606
8658
10651
5787
327
3674
3989
1266
6950
5267
8651
11199
12100
6576
9441
8738
11873
4743
968
4098
465
3144
12764
12341
10181
10361
2720
11020
3315
7350
12038
2781
3
12449
11760
7326
10331
12812
9438
5164
7878
8915
10871
10517
7334
10369
1847
356
2055
4438
6184
9414
6564
2744
11933
9782
10931
11186
2072
5424
6555
9407
4421
1094
1537
12945
4335
12376
5800
9988
8822
1934
2774
12862
10997
11902
12524
2960
11832
3054
1582
5381
1134
11997
2628
2627
7492
6455
4419
11704
5994
4579
5506
4732
12928
10831
105
6369
5922
9765
7655
3912
5216
9661
8622
12732
7423
2563
2932
12496
12492
4039
4165
6135
10273
3671
9808
12537
1495
6418
10887
10185
12192
11191
7135
5174
4077
9766
4663
5965
9233
1449
3028
11069
7644
5903
5884
1173
1081
9400
2736
5841
2800
7631
4701
1586
6291
2237
12614
5440
1965
7085
10257
12193
5546
12136
2555
6609
5347
2459
9354
2757
8059
11598
12118
7509
8966
11667
9788
11017
8787
7287
12465
5192
3955
7498
6904
6951
2070
5315
8675
7557
8954
7869
2007
5400
12411
8851
1179
5025
2292
3364
12224
1832
7004
8410
5495
8043
10289
7942
7597
7890
12349
5572
7845
7965
4851
8548
12678
3910
7567
2192
4615
3905
12570
4717
9053
12085
5199
11818
8968
275
56
144
6237
2385
12285
1551
6901
9699
1295
12555
1638
1234
9377
11549
7993
12095
11377
7077
250
138
12507
9599
5616
408
1522
4016
6944
11126
12554
9595
9190
12157
6931
3959
2003
5688
1367
12074
3374
12944
12199
4218
11775
6450
11049
5001
12529
1211
7406
12169
9801
2221
8056
11563
4363
4926
13005
1210
5927
10342
9755
9203
5565
618
8009
1741
2742
8539
560
5783
6533
2148
12777
12933
3728
96
6443
10187
5564
5597
12943
2410
3194
12590
6278
5798
6361
11297
2210
8221
11604
10573
6236
2402
330
3983
12065
4939
1153
5890
3268
3936
11941
883
1839
3358
9769
8152
8506
4484
4695
2258
6366
7820
8821
10149
270
2197
8450
10685
6820
1772
4258
11553
499
7158
2875
4892
4227
3927
10646
6127
2
9252
2724
9063
12375
1803
1018
8444
8843
10347
7295
7638
11646
13003
1591
6806
11909
3102
278
8368
6900
5779
7739
4894
4406
2074
8605
6565
5176
11862
2173
10387
10371
6113
6784
12743
1168
5896
1776
4879
217
2049
176
9267
8635
5311
10500
7634
10008
9028
11455
4952
6430
10722
7039
9636
11340
3914
135
2666
7005
1411
10773
271
2294
3449
11957
2134
7282
11489
392
10561
11756
609
4126
2044
6807
8909
4666
10576
4765
12536
7846
591
3935
5708
9870
1870
10007
11195
4255
690
5767
5999
159
2838
3902
12738
6895
8646
4927
6169
2974
1356
3403
2847
12994
7988
950
4766
6687
2113
5209
9758
7628
10645
3282
7067
3195
8013
6080
10674
4148
10534
3390
8772
11093
4903
1010
6196
7992
9211
1915
9878
7141
4656
10719
11627
9883
12528
2500
1070
2064
3044
4476
780
8898
5654
2189
8416
5246
7268
12
3695
911
4446
4361
9998
489
8485
7014
11795
5418
10119
3881
9997
2460
12175
11295
5010
8038
10960
7167
11823
9448
3665
4542
3394
9239
8377
5962
3740
9543
4871
2188
76
1493
2792
213
2053
1007
5950
574
3607
3951
6577
6194
3184
805
4674
817
5426
7288
5906
8356
11699
11601
3272
2513
6084
5872
3636
6289
769
11964
4263
5184
10029
7873
5476
4979
8226
6604
809
3784
8094
10900
2683
7626
1503
1034
11429
1278
5777
97
8288
4758
4885
540
10243
12247
9345
6154
2566
7284
5060
3682
4772
12851
4181
3437
9669
7622
2244
11196
8752
1665
3132
1471
3661
12176
8273
11729
6325
1377
597
12995
9799
8729
5
12712
2775
803
6346
7393
9135
11926
10634
11697
4530
11950
7941
6255
1016
3016
8620
5774
1734
12183
12060
10763
143
6421
1496
1242
10343
329
10952
7010
7021
2976
3508
2733
12478
4931
8329
12196
1958
8862
8417
9647
1180
4144
4685
11908
1643
7693
4430
11502
9591
298
8596
8588
2124
4033
319
8414
4358
7066
4876
2417
1084
3799
5126
1625
7056
4022
6158
4551
1024
957
3612
2510
6872
12005
4434
2379
737
12329
9189
3529
1414
8212
2993
46
3157
8270
581
5105
9373
7380
4232
3812
11450
702
5810
10886
2013
11381
1049
10585
4929
5206
369
2924
12713
4235
11040
7187
2235
5690
3365
1223
8425
2030
5788
12455
141
442
12976
4004
1361
10759
2323
6392
10444
11714
10177
12612
8979
2747
12916
1920
12252
8196
10694
3265
8254
9786
3967
5649
4740
3093
10922
776
5363
9444
8630
2329
3247
2985
1521
11816
1982
2726
8925
11753
716
10713
5584
1853
6884
4960
4206
2077
5929
8741
1757
5732
9387
168
944
2298
12837
1553
3097
6365
1453
7995
4789
1809
3813
1293
9712
9753
5181
8020
11212
8124
12684
6765
9702
2762
3817
3398
9875
8758
4594
1816
8540
4940
7584
5753
10135
5163
6539
10549
4259
5180
4096
7211
5988
6640
1366
1508
1452
10667
12114
10910
3360
2005
5685
12941
8770
527
8834
8672
2901
3490
12816
10538
2287
10130
3528
1712
694
821
8457
9505
2054
11236
8545
2100
11918
1208
7887
4127
12766
9787
4379
3842
11508
6702
2811
4302
8312
1675
3754
1605
5916
4293
452
11942
7127
9105
9415
11755
12832
4398
11947
2270
7643
2409
9482
5675
335
1807
6698
10705
6254
4534
1060
11633
3159
3227
12962
480
3603
919
2601
7333
10936
6460
237
2928
713
6071
1019
2447
1423
11936
8884
2791
11891
7953
1347
12904
3574
1821
2590
10302
2349
7382
729
5874
5102
5991
7250
4829
9708
5161
9919
2452
378
9113
4264
10961
5250
6180
349
753
11228
5012
11231
10052
8587
11112
1329
4511
11439
11911
4986
5490
6918
3756
9074
11308
9086
3155
1447
4947
7535
3703
5909
10698
6053
1593
9276
571
1716
2400
5776
7577
12361
11557
12464
2047
5261
1313
7677
3241
11371
7799
6531
8382
856
10169
345
6591
9908
3976
11701
4373
1794
7702
9935
2175
8603
6623
11271
10126
12772
4730
5441
12069
12197
10955
1642
10510
2274
8840
4142
596
12734
6175
12676
1334
8854
10825
10541
8170
4101
4139
11006
8276
9700
1441
6587
5529
10385
3208
5351
11992
3897
6987
2167
389
1068
2369
11324
12934
10661
11341
6380
2605
11396
10754
8760
1389
10327
9394
2129
4414
4415
7256
10239
5901
5907
2207
1297
6068
3545
9958
398
225
5138
11725
11166
8053
9109
3691
11982
10403
7104
11972
672
9720
6633
7639
8959
2588
12406
4953
9816
2771
2564
11287
5976
10991
11296
6989
7047
224
6672
62
11072
6266
8365
3792
6318
2357
12585
11977
12621
5254
2753
4716
10979
5108
8052
324
11593
2133
2730
3302
3854
5861
12965
1188
12781
6808
7298
7337
6257
2805
1436
9781
460
11485
3708
837
4755
8309
3384
8585
5773
244
1735
10221
6952
10004
12028
9690
966
11446
10760
12142
10516
2870
12207
9695
9428
2799
12930
3888
8500
6143
12395
8554
8376
11617
10155
6862
11938
4688
7101
4710
9582
7854
10494
9185
9435
3222
6566
10105
10419
10766
5834
8367
5956
6680
2516
8003
11949
12563
12447
8320
5062
5459
5759
10734
4433
1707
2449
12545
2105
5356
12468
6946
6388
12611
8452
2142
9107
6409
537
1827
9330
10305
6081
10087
4878
635
4886
4042
3337
9325
8290
5286
1599
4840
8830
2843
4091
12450
11511
12316
825
958
2539
973
6328
4923
7762
3059
495
2770
11596
3788
4567
9145
6582
661
4360
6262
3895
4318
8102
6809
9927
84
550
3038
8001
9658
12873
11123
12412
9372
4251
4294
3256
557
11424
10841
3154
11032
12317
12227
10738
8172
10057
8696
157
8924
8021
7931
11727
8369
12640
6638
7092
2206
12402
9229
12360
2801
5342
1257
9180
12627
4792
10026
5281
11884
9677
5101
11780
11106
10098
3922
10480
115
9370
1214
12544
3409
5887
12058
1799
923
6788
2856
8046
8058
8617
3971
10995
5749
11473
6801
3078
1433
988
12891
8358
588
3527
5097
9771
6102
8832
1984
7614
6899
11412
5290
1285
7770
9401
11042
6606
5242
9550
437
1289
4488
4243
3117
8431
10557
5039
152
10884
71
10079
4718
10954
2041
1940
94
6469
5325
5729
325
7769
7573
6273
12205
3431
8825
3060
10730
4934
8262
12206
11370
1254
10283
5672
975
6704
3741
3182
10186
3686
8885
1041
5744
1714
7683
8216
90
3141
7528
1045
7491
7920
3820
10325
9654
6120
2944
10433
10631
1229
9561
11683
12525
9558
2836
6589
10864
1755
462
6021
8145
1710
10608
2784
6452
4914
5945
6534
6187
2941
5512
7240
7309
9364
11899
569
5009
11224
7123
10870
11333
9454
12659
1880
692
7823
2080
10568
5387
3347
11290
10110
4999
1290
3250
10792
10752
6626
10490
7327
1943
11291
11802
7132
11243
234
1419
5728
7068
501
11723
10442
2442
2994
5541
11575
4442
8794
9676
12351
6880
7855
9389
9711
9707
10255
3053
7859
748
6476
10889
12257
12888
9752
8917
4632
1100
12049
2534
10446
404
7857
8837
5343
5115
6712
1793
7037
10398
1231
7761
4507
3619
7757
11432
207
11354
1462
9775
2827
8763
8242
7432
860
4267
2946
9522
4563
7686
482
9831
8713
12073
12220
5501
926
344
2871
8778
6483
11082
9051
3635
10033
12975
5944
5932
12946
5727
11375
7320
10222
1392
10248
11247
11551
3825
9376
6823
9833
10802
11458
2068
3042
5094
12535
4912
7323
8406
2073
7414
2366
6726
4962
2752
6799
7392
843
1232
4906
11171
4854
12297
1056
11380
828
10512
12055
3318
6011
10228
8012
3980
6768
11423
7172
9275
2476
12221
10706
1292
2293
9339
12807
426
2948
2508
5135
9212
877
3816
11349
8341
12503
1700
4705
6043
11434
10085
6599
7593
1869
4348
8162
9245
10978
4151
5230
7821
12956
9925
10827
4075
11764
6256
10877
127
8489
11133
11848
10774
5832
11402
10303
12908
9458
7737
11676
11241
10924
544
7124
2354
12680
7493
7563
6512
9471
5113
6000
4859
9140
5328
3146
3177
10854
7164
316
8507
11515
8776
9039
3153
7949
9899
11934
6674
11289
2268
427
5034
3719
1744
12148
1267
11527
2161
3972
2659
6775
5666
7166
7772
10559
4967
5191
8911
10528
11731
12279
12256
7020
9813
11472
2309
219
7734
6390
11335
1782
7635
7196
6377
8178
4865
11158
1107
6040
430
10334
5851
6848
667
7805
11155
2458
1126
8918
4569
3090
5310
9050
2218
9344
7743
4037
1653
10027
11092
3133
3973
7779
7206
10537
1774
9167
7408
10901
11500
10484
11193
10613
5646
9419
10907
4109
11937
10153
1015
10379
12083
11467
5397
10434
7331
322
6746
5478
10911
3848
10285
9032
4199
707
3158
10511
4135
9242
1854
4020
12429
9532
7427
2254
10874
11063
8727
8037
3015
247
11081
8166
2165
12660
3872
6661
12868
7387
10447
11637
5942
3987
8440
1778
149
9733
9557
5731
12370
3542
4588
4780
7220
5590
5509
2465
10964
2848
354
7398
9304
8134
11513
9424
6195
1589
11118
3939
4728
8471
8995
5484
5218
2629
10751
7572
12219
3633
5471
6317
8326
1520
728
2031
3279
8532
9963
11580
12310
4180
2879
5362
4783
10476
3181
11914
2301
8087
3129
11644
3373
5461
1264
1078
10860
6352
1992
9819
6693
6595
4133
12516
10862
1303
3554
909
6163
9142
8946
3440
1182
10514
10276
1117
10070
8099
1632
10778
6200
11384
9684
4649
7575
12415
1133
11609
5933
8183
5160
6253
897
3748
9279
2478
10508
839
104
5705
3606
7721
1459
7505
10071
8827
10081
1620
8327
410
8581
6259
2042
1103
12798
10082
4031
2552
5291
2595
4858
366
6126
5272
3209
4245
11796
8392
3524
9897
1739
5553
1396
2036
11204
6883
7738
8264
9912
6875
11932
4223
12177
3292
11572
451
6218
1826
10611
1020
3642
11983
9901
4178
7076
7610
3063
12040
4764
8997
4915
9967
7534
6955
6715
31
11532
2554
10192
6679
6018
5175
6886
10799
880
7952
6396
11136
10217
5709
6881
1125
5064
9807
4572
2567
3426
8762
9746
9445
2168
8923
9723
12602
4616
9898
7065
3418
2344
4279
7843
10525
9890
11987
12270
12025
12336
53
8577
5796
7981
1184
8146
4797
3652
6499
4405
9030
7804
5487
2707
5629
4497
12334
3953
5411
9634
2345
10729
4561
6157
9318
11847
11161
3462
12588
7074
2821
5317
6740
2303
12902
9210
5706
4980
11034
1320
7987
3981
9944
3378
6814
10852
2873
3941
9698
1745
11888
12538
6643
2884
10743
9175
7204
1874
4785
7542
9201
32
3424
12080
48
5110
3928
7853
7169
10046
4580
1014
11673
11139
10136
5799
10552
6560
10028
10683
9619
4323
4884
831
2090
2439
11761
5806
8
11437
5576
277
5684
10968
6061
9398
12739
5840
8631
6498
5172
9301
2267
7476
6434
7811
10692
903
10856
12229
5760
5468
10015
12190
1564
2331
8147
10906
5947
2069
2272
6345
2222
9341
12779
6876
11662
6092
547
7353
10715
4319
5444
10699
4803
2608
1227
254
1062
4007
7998
12127
3082
10987
11638
4246
3996
9169
8357
3975
11568
9578
6722
3551
10339
7836
6270
12733
58
341
9847
1124
10758
12273
352
7130
9447
2338
54
7794
1805
846
8027
5119
7776
9226
12253
8992
2939
5703
1082
2899
5085
2043
5955
6086
5472
10439
10657
87
3084
10030
11965
7117
279
11587
5769
7662
7715
9821
7009
6034
3580
916
759
5037
3907
5620
2649
11608
6975
9353
8886
11700
13
9265
2904
6861
5477
5957
2138
12989
9172
4753
8660
11140
2086
12530
6372
7048
7544
2106
633
6376
10828
1032
6750
332
11691
12744
8061
12752
11919
13009
1975
7740
4526
2393
7357
6631
946
7994
6353
2314
3138
11541
4627
12019
10914
9503
2600
7685
10468
2673
605
11009
11351
3844
12952
9009
162
1228
1435
9701
1046
4898
10251
8914
5349
4081
7153
10582
5526
12035
5615
8668
8819
12303
2890
3958
8969
12881
11137
1583
7928
1750
10547
8576
8002
4177
6367
4183
6961
2084
214
4397
8801
2935
5483
4508
9940
2382
8199
4248
6465
12919
650
2011
4944
1885
7810
10804
1590
11163
4495
11738
4003
3649
11339
4498
8921
4273
74
5428
11390
7243
6284
2418
7909
6794
3019
10885
11103
1011
4822
3458
5586
12079
3333
9092
6548
7860
10506
2679
536
7889
4920
4841
1387
4494
1862
10883
12144
1588
11521
11109
12667
12996
12155
3001
8073
4913
12802
4407
6690
10629
12505
10578
309
7705
6960
12575
2934
10689
7792
5408
12120
4897
11362
4125
7674
11441
3099
3484
6739
11279
2703
4503
11647
8618
4018
5318
10121
1308
8908
9449
9873
747
6035
7599
4510
203
3191
10056
10297
8387
7870
8719
10428
4823
12286
6671
4686
4393
9057
3850
9064
2104
2115
6962
3629
11058
7999
3509
2503
7553
9674
10696
1434
5961
2517
7397
1576
8316
9856
5578
2743
2091
9077
12939
3057
3296
6448
3003
3023
1568
1780
11366
2358
3739
12992
7868
8097
10540
5830
6804
5998
10974
2126
12070
10034
11536
7377
175
2065
8899
5263
5656
7325
10755
10807
1
12582
6232
6763
3034
6025
2614
6263
4677
9313
2807
10363
7784
996
9168
10367
1332
3335
308
11392
12729
1162
1630
8962
1230
4324
815
132
4437
3456
6338
5712
7839
3405
783
6830
2111
11235
1105
7433
647
2759
1689
6865
7159
4981
11443
6085
2313
1052
10959
9264
9590
1785
3631
2965
11806
9426
5385
4466
4554
3736
13000
1104
5000
954
8866
6501
7030
2102
4625
2657
1857
5111
5568
10593
9293
4396
10351
11781
5332
10200
7881
10648
6374
6400
2909
11304
5589
9154
7294
5052
9923
5772
1685
8606
8460
7975
823
3391
4798
1506
10880
10881
10338
7652
8649
5582
3081
8282
592
11213
12322
7583
5241
6440
10391
1030
8861
4893
10665
11177
7430
717
4571
11264
6670
10823
9388
2014
3990
6803
4305
507
2480
3297
3834
6060
4936
1698
7703
11038
9893
8823
4795
1621
7911
10084
4821
8249
6381
3197
10782
1286
10195
8869
17
5405
7371
9789
11237
9433
11748
12098
3168
10115
9302
7984
2266
3947
10701
2889
5941
265
9889
10409
11636
12090
4116
6251
11839
10019
10353
293
2483
8389
1878
12359
6299
4504
1262
10223
9087
5258
9855
10277
1892
10726
3085
7900
7706
3651
9374
4691
5366
4637
3711
7795
5757
9114
12578
1026
2844
7394
10065
12076
8108
3827
129
5717
9826
301
11554
3434
4525
10350
8718
5297
9812
1139
2374
11954
12204
6224
10279
12226
11640
10553
10805
12804
2942
10502
12892
3625
12628
2181
11522
5344
169
6602
10767
1988
8958
10321
12631
12736
1855
2472
4432
8559
11916
11272
8701
742
12044
3893
7367
2282
1701
1830
188
8096
6885
7379
6514
6349
12644
8750
9098
8186
953
9025
6283
2778
9814
5299
1773
4205
920
5128
8549
8708
11223
302
6130
12289
3500
4391
8526
7923
124
100
9248
4327
11329
6095
8423
554
10253
12380
8945
2713
918
4402
6778
8913
11094
9934
11669
11690
4669
11084
6791
3251
1929
5516
2487
4130
2796
8791
11645
655
4265
7689
8664
11967
12051
12241
12724
4761
2051
9622
5870
258
6849
1633
4071
9459
567
3110
9308
2059
12780
778
10998
10621
6882
12130
8132
10768
3597
12526
1481
4709
11416
539
11653
6404
8671
9650
3653
8735
932
11654
6608
2711
1371
1167
5913
5262
12974
11277
11632
379
12178
543
1187
12542
10602
10441
500
4467
4368
3293
10898
2831
5210
11066
10005
1727
114
9343
6285
7386
1600
11463
4401
10600
12066
3123
4079
10182
6725
4622
290
8877
9497
10308
12714
8193
6718
11794
8980
3757
7192
12757
10905
3995
11579
5973
675
1811
2719
8100
7554
997
9713
3532
8084
1629
5993
7428
3934
12931
9266
5195
5863
10003
12231
7725
1614
7963
7856
2704
799
12140
7355
12346
5054
8269
9422
11465
2430
2355
2209
9124
2160
12692
4817
1740
7763
12890
11421
11778
3760
3514
10000
3446
9102
10425
5295
10681
4938
12200
7057
12254
5104
2663
987
4395
12746
5984
599
11574
4500
11962
9843
11251
5233
10394
8811
12786
268
8333
5340
6375
7128
773
11263
1846
3030
246
10333
11625
3956
3866
1644
5076
2096
607
6731
3585
4021
10912
9492
7467
449
7251
5809
5421
8799
11767
1535
9026
4581
12509
8190
7351
3605
6457
3345
8662
9952
12244
10194
11543
5827
12262
9839
8586
443
12232
3285
204
8929
4326
8934
9320
9256
3171
1203
9716
1455
5036
6705
1341
2136
5256
6181
10639
11879
9675
9767
9141
10496
8955
10440
10574
1956
10170
9423
5573
4747
6192
10587
5571
6953
9418
5091
12150
2363
1071
7934
11900
3598
3366
10836
11901
6368
2178
10554
6072
1951
12903
6082
7440
12593
9281
7875
11512
6395
12523
4416
3252
11205
10544
2220
1895
8636
11550
10893
1146
8555
10842
10180
11053
2511
12693
11886
8509
4522
10
6720
12698
11483
6172
9760
3045
1881
1967
4461
4282
4286
7964
2295
12088
4806
8344
5821
12673
7116
1939
4173
5676
1474
3212
8553
4322
5687
6581
2813
7018
1450
8008
9938
7681
2140
4340
8667
1260
2378
745
11085
8360
7658
9829
2280
4490
3507
3826
7771
4587
3174
2456
6190
5817
3011
12900
2479
210
868
9602
11059
7736
2737
2773
7402
7426
1581
180
2586
627
10300
6714
6331
4435
6014
7581
11346
1213
9986
5868
2443
4597
3359
6929
5474
380
7356
5819
7957
3018
4477
7390
12880
12719
5011
12377
9825
1802
12191
8904
3692
7933
395
3185
10797
542
7925
1087
11655
7042
3438
10603
2412
4439
5530
9446
8179
548
1650
11910
9830
26
7035
5734
2696
12182
4285
1483
11209
8060
5151
11404
2450
11921
12115
2637
7148
5719
2531
4067
6567
3068
5492
7506
9049
11836
6343
11497
5149
1067
7072
2464
12882
5014
5337
12914
6748
9796
3428
687
4712
5614
5924
11677
5766
2211
3313
4061
11875
10301
8007
9652
4553
12859
2058
4515
5410
8766
9928
2559
6007
12586
4693
7648
107
2444
10716
4610
6686
6860
10532
6650
4481
4114
5934
1738
11876
9108
4105
6336
640
1478
8678
2912
7565
3626
9646
8039
12313
3276
8031
503
1663
1130
446
12805
580
12721
11200
7299
2327
5670
3283
2454
11782
177
12753
8092
7400
9593
8543
7043
406
12854
8402
5765
512
8019
6350
8135
9213
10789
734
3320
1871
1131
11772
5594
10678
10224
11817
10400
200
1788
9929
5736
4280
5169
5331
4501
10080
5619
7516
6540
3111
10293
9982
453
9495
9208
10143
22
6138
3407
6051
12889
1767
3160
4343
2147
11269
1109
6150
6116
5853
1771
2033
11000
12050
1572
5106
2549
2212
7368
6911
1752
12312
8717
5137
8612
6170
475
3442
5430
12846
458
8251
11261
1798
6985
6551
4899
4431
4824
8453
12141
7588
8655
11693
8919
3581
2228
1164
3733
4700
9474
11047
5707
1333
7950
11754
8953
2078
12338
2772
8757
3946
11742
9045
9040
2028
8783
8404
9193
7315
9644
2732
9360
5770
407
9198
11774
8010
3517
9683
1664
3080
9981
336
11552
12756
5632
938
9326
11172
12765
3985
5626
12793
7176
6678
2256
7025
3986
1937
4499
8004
4807
628
629
8079
10013
8244
7000
2284
967
12159
820
7395
11562
9347
11244
7209
8820
5581
12431
93
1485
11789
3521
1834
9469
3933
11418
2623
4001
11170
8261
8496
2822
11016
1157
9717
7378
7254
4976
4773
6706
2296
113
3770
5930
10948
2025
148
3421
1023
8745
4350
2339
7207
9846
8681
7640
695
8331
6307
11643
12223
10024
662
11015
8721
976
5575
2083
5908
9984
6242
693
10018
12166
12300
8304
4664
8350
6065
8280
9993
5664
3868
9399
12695
1274
7656
4221
11854
1558
4844
3224
2651
10399
2630
12128
10116
4158
5305
1468
3563
5369
191
7144
3148
11734
12806
9783
12922
6754
10405
15
6912
8643
12116
6167
11656
2132
11724
4970
12884
11881
3647
2641
12704
3218
3655
2872
11516
12924
733
3700
6979
8759
12332
5816
10077
1637
5534
9864
5768
9517
8459
10051
11134
8656
8737
11417
10252
5123
7064
10404
9173
11773
7338
5473
9630
2940
4648
9115
4800
9970
3340
2152
269
8709
10818
3823
1272
7827
4837
197
6932
9194
7495
3929
8648
5583
5846
6464
5388
681
1116
11426
714
10970
10771
10577
3231
1466
10375
6811
10047
9004
11074
7470
7454
4672
3029
12797
11930
4543
7723
5612
5498
2099
7536
5134
10572
7404
5259
5580
563
2556
5056
5183
9156
2790
189
3595
11068
1315
12969
9531
108
3884
10357
6542
11144
601
11800
9615
12543
6902
1562
1118
5655
9200
5497
5518
8482
9455
2955
3511
6429
3453
3215
6777
12365
1722
2238
8755
4661
8865
6919
68
10794
11258
5196
12265
7185
5677
6321
3113
1120
6642
9996
10748
4668
5723
9047
2107
2672
12239
3960
3759
2587
5040
11313
10109
10840
10550
8497
1647
11148
3349
3321
9067
7175
10591
5784
9059
1804
7436
2214
3035
10298
11382
10531
10313
6786
7564
3294
684
999
4634
6032
11035
1648
1357
735
1270
9879
1679
10137
11045
5035
11474
11239
3835
11054
5633
12750
7011
1634
11928
7102
11394
7954
1123
9033
8926
1373
7764
4787
8519
3569
10249
2829
3463
3676
2144
2528
9380
2967
10605
3537
12162
4099
7188
12865
196
611
508
10878
2426
3847
6937
51
12432
5651
6993
6506
11480
12444
5044
11087
2766
7162
3429
8931
10940
3590
1273
9721
792
9000
8295
12426
2351
12705
266
11211
9379
1574
8943
12817
9740
3856
6271
8965
7197
6077
11232
590
7696
490
44
8311
11075
3346
8720
4115
2415
9144
9539
11298
7091
786
10373
12106
1383
5079
10811
12460
5739
9545
3452
11776
9034
11122
12181
5491
8268
12045
8103
3522
12337
10416
469
10963
9936
10212
990
4420
906
6137
2352
7236
7416
2145
10157
8733
3917
6978
1498
10711
12745
5808
9621
8679
3455
6333
4963
8029
621
1759
11939
1518
7312
1265
6764
7230
4582
1754
5236
7322
6742
5607
7261
4860
3098
11980
2690
6437
6971
9178
4862
4621
11327
2532
8032
8828
1348
12784
12966
3257
619
11332
6981
3802
4848
3128
5637
2312
5611
12439
9197
1451
4129
7921
2492
6829
10594
3362
7485
11857
7194
1543
8754
11334
1351
10873
10985
11924
6826
582
2154
4329
1999
12769
10062
7410
11107
3435
5389
80
9259
4328
12954
5145
9641
7232
12059
598
10355
6855
6209
11488
296
12688
8893
382
9218
6439
12877
2202
9403
1291
11586
8088
5284
7766
9165
709
10636
2283
363
3709
416
1571
21
3908
4317
8194
2937
2998
12010
8014
8963
9818
9027
8337
10060
11012
2922
5969
444
8104
8796
3513
10227
12454
4032
12174
7145
6695
276
6752
1608
7090
1059
2092
5227
10542
10521
3245
2577
5419
1417
8407
11741
10704
9645
103
9874
8824
11737
10844
7146
12385
1569
6789
7532
4724
11284
12436
3616
11245
4086
9849
7774
8790
2421
6859
8868
2610
9477
6870
10776
6561
10341
9876
2650
4555
9529
8335
9857
12264
2988
7912
2632
6751
2247
10917
7191
2050
12672
10628
6835
6668
9228
8149
1910
10830
8910
5673
1136
2250
12620
8363
9655
1577
1284
5275
35
1277
4644
10286
310
12758
2981
6707
3325
2278
4307
1514
7935
8167
4321
4535
1051
7850
9131
10838
2914
3033
10274
7475
2391
12097
7152
11728
9515
3190
5556
12710
5205
304
3769
11539
9580
4620
1789
5496
7996
8486
5071
10721
1661
8563
3775
7479
533
3968
409
5738
5959
7752
12075
2548
448
3406
5215
4040
11867
2603
3269
3778
941
1316
9736
576
4331
5360
5925
11710
3483
6832
12925
9888
8493
5326
8645
9823
4253
9421
11615
4064
323
1170
4182
3950
3783
9440
6332
3471
2631
4292
10299
5197
11311
11494
1372
3611
10892
59
8141
6559
7210
9249
979
10944
10709
6387
8680
5448
8571
7439
11529
11407
1977
8504
8154
1748
9689
11215
1610
6441
7973
3266
1064
11479
5886
1472
6607
11256
12583
1163
5470
4723
2835
5598
7760
9617
11607
5131
2438
5539
10368
10575
2537
6522
4479
6471
8057
8022
583
8725
1552
7750
10989
77
8501
3984
6017
6287
9964
10975
12471
3466
1889
12350
1921
4313
4146
5447
8567
11376
1812
10205
186
6627
701
1930
10786
4589
4057
11043
5981
5157
12006
3478
9008
4468
4457
2233
4372
3356
8881
613
1573
12624
10366
4676
10237
1953
4704
11671
1202
10314
3540
2611
1829
10488
4907
5858
3301
5043
6019
8442
11189
5087
4863
1017
6399
5090
9470
7787
252
11116
9391
5029
2273
7951
11976
6276
1501
10821
570
2342
6796
8259
6519
43
9472
3244
7024
6449
12500
7059
12113
5996
10146
712
12840
5413
12225
2088
6543
5004
5814
1998
2008
11041
11540
8209
2076
2364
648
11175
7514
6757
6047
1321
10141
3903
8229
1098
505
3586
7690
3104
5121
2249
12277
7910
9340
10076
3557
6131
8994
4409
12094
7058
3328
12195
7151
6033
5457
9305
3849
1702
11217
1529
3730
11457
12788
3014
11940
12700
1353
10562
9564
9383
5992
848
1510
10764
2837
11490
12511
4703
3608
1342
1843
2525
4989
5251
11373
3712
6641
11825
2845
7838
10455
1176
861
878
4639
3480
8638
12958
8890
1169
12789
2814
2535
7602
12533
3170
8746
6527
353
4604
8699
2589
6334
12384
5842
11630
4857
421
10152
6280
6940
3343
1175
7046
5919
6837
7724
4845
3427
4240
8732
9577
1365
7700
9258
2356
3852
1742
8967
12477
9060
9800
9207
11064
4311
10365
5686
5093
3561
10281
3707
5505
11757
2434
11180
2504
1344
5833
7959
7867
2427
3919
3944
1405
9718
1404
948
7245
2806
2746
4228
11184
2741
10086
3815
139
907
6625
10564
11230
6980
11955
1491
3400
3125
3088
1645
8634
10473
7304
10846
763
3009
6063
2157
11365
9371
1981
12771
12091
711
4541
5303
12296
1542
4834
2462
9774
4229
4059
11125
7219
8085
1212
865
3211
441
12879
836
5238
12569
8070
8888
10615
5313
11843
4951
4895
6442
4965
7050
9563
10930
7472
4198
194
1736
5398
5704
9076
5353
1499
6152
750
4455
2491
5155
668
9005
1587
9710
5038
1484
7985
545
11546
4875
6658
960
8011
6493
2758
6535
12371
6776
9639
1891
6083
4529
8383
9084
2828
11786
5764
1786
12690
5189
509
12397
8705
5348
4969
10793
4528
7510
1171
8298
6300
1628
5354
2038
4179
9035
2121
7201
281
4241
9357
4745
9128
11606
5057
8793
2735
8434
10475
9613
11314
8180
3118
703
10288
2166
10010
12977
9715
9090
12594
9
3230
5521
8400
7321
4799
9292
2037
10489
10176
7607
12445
1088
2262
12709
11722
4971
7777
9566
8123
6517
8050
741
12608
2714
12109
3494
10059
12501
2819
9404
7464
847
3307
8894
797
4202
9881
4699
977
7281
10430
7098
5762
3295
2892
145
5260
2925
12366
3377
1597
7292
8939
7061
11278
12343
9549
884
7244
4910
7051
6344
10546
3765
3444
4768
10690
6732
1825
412
7413
12304
1248
2182
3089
11621
8177
10017
9973
8185
10041
12623
9895
6652
6408
6360
2381
11477
8525
8287
1461
12063
3550
12970
3243
6215
2920
3371
1828
10966
7966
11105
9089
6928
5330
5557
5715
7342
4118
2319
4453
5544
4617
8207
3166
3705
6155
11070
5691
816
12755
4911
3923
9749
685
7576
3219
9886
12494
1899
7504
6416
2543
11650
12251
9735
9295
10457
10263
3685
11821
4159
8642
8089
11651
3782
294
1670
10044
2026
7851
7442
5089
10746
374
8411
12111
3433
9995
7596
3106
1635
12981
3430
4830
4225
5983
3680
1791
872
11187
9678
11730
1296
5282
4411
1945
4266
5118
7819
3515
5751
1717
9489
10551
2779
1397
3270
1972
11234
6586
5653
163
6797
7669
4793
8629
2431
5855
7496
1196
11880
6782
2149
2930
1796
11779
8151
241
11399
4853
11316
5481
5329
7982
11858
2457
2169
1141
10519
7189
8214
12833
12574
12414
6177
2321
1896
5585
3591
11344
5813
1429
9948
7450
3000
12556
12189
8208
5194
6977
2536
3130
1108
9548
5150
3743
718
11007
6220
155
11280
11713
1300
7633
9396
7138
8711
6507
85
10742
2654
9991
12821
12228
5407
4601
2120
4104
1095
11952
827
4697
1470
57
760
3940
5309
6991
8583
6412
6503
2146
6959
4276
7217
8707
12342
6031
8128
1250
12423
8091
12652
1197
6611
3963
7023
3329
2671
5980
4336
12274
2306
5152
10745
6892
11127
5438
653
4742
64
4359
2898
5804
12792
4692
5502
521
8422
6156
2396
8610
9614
2712
2682
5623
8937
5084
1318
1845
7228
615
12613
7812
10020
7180
3220
4121
10402
11681
5794
3702
8025
6504
10147
526
11766
10570
1570
12165
7421
7653
2648
12548
6624
10096
857
4341
10658
9129
3486
2196
10427
4356
1541
12610
3353
9262
2304
1795
4556
4325
3954
4932
4208
2975
10197
10090
7171
361
7242
1527
11321
8768
7122
3112
8211
12558
11642
12510
12803
3287
6709
9600
632
12171
11220
3187
10210
4547
9896
9473
8522
2093
9410
8749
4191
791
6342
2446
1379
11323
5658
3226
6926
1446
3122
7871
11010
1042
1403
4517
11503
1575
4006
5820
3064
12689
6330
9924
8511
10113
12266
9068
1904
12836
11487
4351
6129
3491
1322
6851
654
5902
2524
7100
11968
156
5237
2982
10386
10581
10443
3839
11419
10927
5638
4043
710
751
3622
11100
2085
8985
8723
9738
5399
10329
8813
5445
6252
2183
1156
10957
9436
8378
165
11556
12013
2854
1619
7594
10232
2436
7111
10612
11305
9017
10503
1905
9146
704
2395
6038
1378
4269
8515
8393
4565
11961
6943
11771
10448
8481
12997
705
9607
3488
10949
12004
400
4577
947
11359
2861
1442
4820
10292
12937
11044
12694
2377
10659
2297
3192
9363
11265
6451
2155
9425
8528
12096
11785
6248
10358
8472
9943
1224
3139
12963
8508
520
5702
8990
4992
339
4238
10735
8682
2542
1872
477
4134
12053
4523
10001
7642
12037
2257
6221
9006
12230
7927
10114
10832
4935
10950
9611
2644
6500
7235
2550
7665
934
2372
8114
12559
12408
6556
6495
7297
4802
4708
12234
1092
12552
529
8081
12108
2596
4592
6903
10134
4428
9694
4385
8000
236
8385
6423
11150
3541
6062
6839
6415
11452
6056
10220
2866
10815
8941
5857
3539
7445
8064
12474
4835
6385
5288
11912
10824
3303
12929
5088
6730
9687
12827
6783
7961
6620
3137
8595
1879
3482
12720
10770
8505
981
3548
10154
8222
11438
5669
5940
11913
3049
3388
4706
12249
494
9941
3169
7904
11378
12605
8346
1354
5733
10317
3761
274
9333
9013
2243
513
3477
6596
5718
9950
782
2368
10420
5190
9451
4599
1220
2205
3892
4451
7252
436
10533
1331
12482
1280
7917
1256
7684
1058
3988
8850
2360
4162
10021
6969
4516
1144
2122
6879
12082
8424
3281
6198
770
7657
4095
4900
1406
6402
5920
5292
12691
871
7733
3803
9640
10262
5203
1709
6655
11833
1288
5513
4131
11635
4539
12164
11665
4140
6983
7150
11631
3499
11174
7833
3713
4390
6323
2568
12324
917
1036
7314
91
2725
5523
11904
10437
8842
11943
7079
1566
9638
4195
5222
4888
12955
5075
5345
10737
7184
5866
12383
1507
3552
8572
1669
5921
9237
11454
1178
12422
8371
11994
11945
1797
1636
3621
11207
6850
5818
2749
151
1294
7936
10072
9461
5323
5847
12748
12105
12927
2322
8277
3846
3640
12287
11089
6146
12031
8626
8613
1674
4429
11147
233
8396
5253
7979
4756
6070
11668
3497
5265
6494
2158
4026
3468
4804
396
4400
5456
6831
1978
12188
6444
405
793
12103
11882
12740
6905
8054
10896
781
9261
2448
4988
5083
8670
9649
2687
1611
5098
2307
5406
6781
12110
6425
6041
1555
1858
1708
3841
3696
5050
9269
4684
4564
1006
12330
10422
6530
6398
9612
7384
2242
2886
1422
530
6320
10501
6557
3602
6597
8436
8956
10415
7598
6378
1959
12702
6703
1326
5678
2499
8130
1512
1083
3334
7354
6414
3547
12681
9331
677
11831
9609
2310
3808
4300
7824
12348
7902
3714
2463
12217
9541
10566
11981
11712
9805
9382
2695
5617
8204
10127
2048
8987
6513
4635
1360
6484
6924
8308
8164
11331
2186
12518
12149
5680
6401
850
1206
8883
9452
4117
4333
8836
771
10522
10234
5214
4143
2881
1189
261
2849
4068
3694
4726
993
2709
5867
9637
8156
195
8805
272
1000
12326
5869
1980
7578
951
3560
937
9036
1043
10680
927
2777
2179
12697
9018
8375
3492
11871
4106
7202
8432
3114
3026
6836
10899
686
5232
6562
9073
10777
10406
6087
2012
8467
12139
6613
10165
8789
3041
476
1901
333
2137
6841
3121
6204
3008
2021
1926
12367
5721
7497
4985
4849
377
49
7452
1268
1649
2574
4291
5542
8529
5849
1783
3443
4088
6134
9116
7225
2863
4080
7388
10976
549
2162
4169
8808
8867
604
1715
12725
7623
2445
845
696
5644
10967
6433
11121
8615
7168
8479
2231
12666
3024
12979
1613
12373
1579
1983
11859
3859
7226
4250
5897
3512
2512
1849
10315
9744
5856
913
5165
1191
12560
1557
10655
4954
4838
7343
6887
9504
2394
9985
6216
12161
5063
12472
8006
9029
9268
4164
6327
725
6854
4641
1004
10857
3119
11623
5401
1654
8408
4576
10962
2645
6301
2521
10586
855
11091
924
10753
2887
9283
2786
1516
8380
3584
12121
391
12932
11257
4244
8846
6583
7688
11227
6759
4909
10787
6308
9263
1618
7340
7518
11326
13011
11198
1918
6923
3223
5781
2470
12042
2325
12452
6965
5679
12168
3617
2245
3459
7767
2226
2299
3066
6645
4763
1192
3650
1391
7412
10863
4828
8153
3021
1560
8935
870
10337
6058
4904
6550
12235
7891
350
5231
11835
7373
12973
6930
5952
11889
321
12308
5357
2616
8016
10725
9161
683
6384
8438
566
3901
1766
10049
7663
8677
7026
7722
7006
9662
8142
3670
6183
10590
1986
4058
12401
10199
2877
5899
9884
2315
3861
6721
6617
11033
3050
2970
126
6277
10295
2954
9378
9535
12233
8112
9626
3465
12761
2560
6057
7044
8538
7215
9041
6050
4933
5051
10783
2490
11798
18
8247
3961
6160
11828
12212
1022
2022
9209
9171
8106
3380
6363
11079
5171
670
9056
6827
1233
8101
9728
12742
11328
12664
6957
7791
5030
5219
3588
1601
812
1528
3258
680
3806
7612
12741
8858
682
3965
11003
5605
6688
12112
11716
8920
631
10133
10100
1906
2509
8399
4193
5528
11805
568
12125
3566
2990
807
1323
1050
3966
3747
2288
4270
7903
10607
3198
961
3408
9776
9790
4107
3697
6219
6201
833
4810
3305
10381
3036
11917
12699
1469
82
6574
5494
7273
10800
8573
7753
4598
1497
11578
6713
2668
8669
4890
4072
2063
12596
2346
630
12869
2232
2915
2717
5522
7060
2995
257
2489
125
9653
4651
6736
7446
5467
7107
11525
5320
1246
11026
4051
10915
8131
4412
10376
3127
5204
5778
10012
10523
5159
4090
9257
8078
666
1883
12409
3998
818
1556
9012
6178
6066
12967
11870
9629
6241
6125
11680
3410
3389
11178
1040
5987
2216
7381
9355
1718
11692
2367
1240
12915
1565
10627
1075
5618
3620
5143
4707
8845
228
9118
5158
11793
11282
11019
4846
4770
12813
5625
9125
9533
3498
8228
1072
8742
6563
8527
6313
5077
1626
7661
1622
4614
12198
4200
10061
3831
1074
608
7372
9682
12677
367
5200
75
120
2440
2424
7155
2546
5745
7796
10280
9994
9679
478
11096
3932
12000
7895
11558
9841
6001
10756
11622
9413
10791
11285
3729
5213
11310
7848
10460
12008
7782
7383
1400
7486
11619
6459
5412
9303
9312
6118
6744
4277
6202
8336
910
1310
722
6208
4687
1476
425
4595
11415
7886
11935
7040
7716
819
262
10855
1239
4084
886
7888
9164
28
4136
12248
3288
12785
3662
9300
34
6518
10064
893
11533
6755
2060
1672
9216
5878
9484
4922
12985
7728
9822
2251
1731
7958
699
12646
8359
3746
1328
12639
7121
11517
6379
1439
4452
2859
12003
2926
4948
6772
9327
314
972
9093
9865
9930
5346
10849
12135
5643
6954
2658
12029
10610
10426
5963
7075
11986
4611
7247
7629
5167
5917
12901
4371
4968
8747
9627
5755
2215
8948
6696
6244
223
6585
12917
12301
9337
11763
6593
2832
3572
10630
4444
10417
10323
4832
11405
4778
3357
52
8334
9730
665
8144
10372
3683
6197
3863
2750
11259
7558
5517
896
3051
9754
4735
4462
9306
6022
6824
10344
7108
7161
12119
4670
4046
8116
6856
8095
10894
8765
4009
3845
12453
3326
11039
7399
12842
8370
6920
7989
562
1694
2241
4811
11363
6558
8488
1974
4354
4782
3938
6753
5499
7266
5603
360
9560
12972
8838
11765
11425
12146
10108
7861
10160
3188
5482
1567
12835
9162
1012
12828
11292
3997
4197
11589
7847
3811
11129
10670
9804
11461
7664
1957
2002
9411
7938
7366
8716
538
3369
6410
8403
9949
875
5298
1817
5008
6657
5701
10845
1549
10101
12203
3173
659
3887
12290
12773
11907
511
11974
10312
2583
9434
1753
6594
11564
6006
9756
3644
7265
8117
10259
2336
9759
3673
6878
6662
8044
439
921
8607
1652
2275
12009
2911
8420
4070
6176
251
3832
6311
5986
9837
3658
1079
2810
8494
9635
8568
5045
1381
1882
518
8875
3074
5285
12909
7790
3766
7237
7385
11585
7474
6306
10091
2903
7803
1864
8685
12571
6958
11903
2857
7033
11248
4790
8751
6890
9270
8201
1580
4374
12541
1380
9232
9016
3086
2187
10710
12683
3005
5566
6341
7471
8418
7778
2261
1314
3067
6907
78
5450
6988
11460
623
11270
7580
9554
140
3672
6573
4856
5425
9850
3496
6990
4631
743
5336
4460
6491
9598
459
2455
10449
11459
6997
9957
4337
12547
4819
12735
4338
8421
8238
8930
8689
1993
10637
6161
9987
6012
4278
2973
8632
2191
963
6888
11906
7178
8584
840
1444
2963
9620
7540
2862
8570
9091
876
3609
4112
11218
10479
3943
2802
8468
12553
2519
9153
6470
8855
11545
1724
6153
7501
10943
3604
12420
5864
1181
10513
7526
12581
2738
334
6537
5006
4509
9902
6042
9762
4540
4314
9054
11098
12479
11707
3201
6298
12129
7335
637
617
9356
7208
7359
7448
4403
4375
10230
4272
11482
12867
317
2964
939
7306
6094
10769
1244
9665
1276
6822
9217
5306
11993
4578
10206
6634
11674
1725
4993
12305
10465
6217
240
12039
9072
4187
11216
4422
12791
7636
12629
9121
50
4005
7948
11721
11266
11951
1177
1676
10294
10556
8815
8352
3156
4168
7149
111
1894
11759
383
9019
8773
7438
11736
12986
5479
5264
7621
12456
8028
9951
10798
284
7214
7695
7264
3216
8036
1114
1888
7773
10055
1013
7229
9132
2062
9868
8035
3896
3163
5142
1660
10278
8619
4796
2373
2045
7316
2496
5460
158
13010
2224
11065
6948
859
5634
2723
1149
3648
11894
9247
719
12379
45
8982
625
2330
1530
1106
1309
10687
10851
7709
455
5657
4034
7456
2087
3930
4506
12987
4217
4489
10296
12514
9138
649
8702
11777
10518
7595
1991
10937
3382
5771
9014
2467
6921
3457
9747
9977
758
6016
11595
3558
2474
5031
2204
6510
7545
7461
3489
688
4585
11958
109
11108
1194
10606
4087
1005
5559
2361
2034
8871
10921
864
6292
4852
5394
2984
3395
8325
6436
656
4295
4675
3721
5536
4626
6326
3613
746
5334
4774
4978
201
6908
11672
2581
10853
7489
2612
7675
10545
6538
5943
7049
3467
10859
5080
6413
9946
3974
10042
4157
1425
2715
11985
9779
11514
5953
2776
12557
11153
8200
928
10567
11307
4097
3978
9381
291
10418
3065
5053
11657
1183
895
3805
12293
12936
12458
9900
3447
3010
12314
2716
11719
5689
7842
8879
11963
4808
3107
8353
2494
11255
9465
9223
10236
5208
12515
9750
12291
11435
7645
3794
2598
3920
9297
5154
9538
7012
12794
5423
10847
5790
12034
9182
1942
6026
1198
5524
9880
6663
11414
3348
7453
10801
3239
10728
12404
11887
11188
479
11815
4505
5321
5358
4711
12242
826
7099
5003
10389
11088
900
10474
9475
7157
11531
8807
2018
10412
11732
5300
1407
81
9937
4392
6578
2291
12638
4296
403
7106
12158
2150
2506
7503
4015
8621
12841
5862
11445
1515
10075
11510
11852
5429
4344
9007
7362
8853
5493
8597
11648
7358
9078
8339
11670
6212
2902
5635
7800
2983
8739
6020
6186
11746
11242
8463
8271
8560
3777
2708
1385
8066
7747
11809
4268
1101
10215
11406
12152
3134
9737
5229
3544
7561
2815
7303
1677
7798
10820
9953
6871
6554
4465
9369
8889
7519
4239
1009
3229
10229
9913
11824
541
10980
7087
1659
12708
11004
4304
5007
11988
9706
7186
4880
8248
12665
2931
4608
3375
9174
7500
6568
10781
10492
4698
4815
9659
7013
4943
7462
8330
7016
9254
227
7731
6838
10092
8999
4167
12508
7103
9467
5339
2916
9565
12325
1743
2269
12284
8514
4754
1463
2290
12302
11481
7780
2923
10861
7940
6896
1952
7808
1112
1699
2052
5061
11427
12021
3797
3481
6758
5596
9835
7877
561
12811
8809
10009
10267
3149
1792
1539
2281
11960
11182
762
4855
3186
10897
756
5836
8775
11002
10535
11658
12236
755
9466
8516
9519
8005
7915
9406
9892
9291
956
12092
4424
5843
1517
5335
7884
12971
7275
4487
7364
7849
9342
6008
9299
7376
10977
7825
1127
7227
6199
9112
5780
11509
10879
12363
3116
1961
8513
6747
9905
8542
8873
8466
7676
10032
11210
2000
1053
10780
5224
3523
7711
7744
2408
7717
6446
4089
8345
1401
2131
5681
9926
5949
5748
2823
5065
7862
6312
5838
6045
11827
5936
785
5359
7589
3533
6347
6030
5621
388
12261
5958
10662
11050
8355
4812
492
2681
8878
10653
11973
11330
4681
8026
5968
2677
8536
12187
2950
2416
23
2300
8580
11717
4864
4990
1808
6630
7978
7365
6356
2895
6927
10601
3445
1431
8974
634
7991
6659
11
11599
4746
12654
8250
6488
2808
12636
9955
2860
3789
12407
715
8213
11073
496
2729
9160
4066
5099
9352
2112
5601
40
6226
4472
1994
11201
1368
4586
9048
8321
2276
7562
11829
4065
10054
6240
2116
11130
1760
285
3628
5454
2584
7339
9916
8561
732
8461
36
12107
12268
6052
10172
4074
9911
8901
1695
3632
4469
4047
11288
2240
6524
4119
6716
804
10703
2289
12829
4757
11686
3860
3838
4946
2114
8887
2992
8215
2437
3275
2764
4689
4831
3807
7142
10848
7972
12911
4000
6843
9853
12237
5548
4533
468
435
11498
2878
4044
9785
12389
519
6112
3962
3200
9663
2498
331
2527
12656
6428
6735
6986
2780
1913
4842
8133
6249
9238
1690
5368
4958
9420
10890
3510
7216
9729
1364
7550
11325
88
2919
11834
1819
1723
9709
10693
2185
12400
9697
2739
3900
7632
473
6191
12020
134
12998
9082
92
7032
7566
8591
1523
9375
912
2347
9478
1820
12438
8098
9834
11526
12276
5235
1815
2370
5997
3414
5865
4384
12790
9139
3538
10260
1761
6545
1363
9594
2027
5627
9003
12299
1440
5376
8042
171
3095
10319
10053
10459
6616
12269
2585
8582
12717
8231
5462
1201
11162
1159
9778
7894
9181
1612
11462
5561
5268
12872
10095
6485
371
2592
3535
5338
9219
6646
11978
1415
2620
4185
2918
1646
9520
2689
5469
4827
6419
2855
9097
551
11661
6432
6845
6046
7840
2905
10196
9273
768
9692
3948
9432
12682
11703
8305
8788
8313
347
7830
10858
5280
373
11411
11348
11702
4908
8315
10808
7865
2326
2745
7415
4048
2255
810
858
6357
1756
7797
9559
2865
10969
12759
1454
2413
9163
485
5599
6846
12497
8171
384
6310
9011
9412
7816
4486
1594
12446
7317
6036
5900
4287
10918
5698
10382
6727
4847
9827
7533
3678
2469
11528
6002
9584
9681
949
1873
8165
9136
1370
2337
1902
10174
6
7097
7139
10626
2200
6074
3601
9581
9221
206
10247
2340
8510
2163
12145
8903
6689
2761
10256
4492
11486
8688
12609
1395
2613
4172
9597
5141
4161
2688
11747
4647
6922
3274
6142
12912
11301
209
5713
19
2514
2853
5875
1531
8018
8499
12675
2468
5249
461
4186
5995
5700
9395
5785
9648
4288
8415
7435
9184
10656
9866
472
11682
9183
486
2019
10609
7831
5132
8173
11120
8804
8446
5560
7754
3094
3135
9540
7539
795
1732
3217
626
5791
11160
12768
6575
2057
1884
12275
7708
881
9603
8724
288
2485
8381
7691
4147
11356
1763
11254
11083
7699
37
1205
6664
1099
9199
7143
8594
3012
5682
6701
9186
8285
3423
5574
11860
9516
3213
10666
8524
10732
102
4478
6039
6027
10903
3830
1966
12572
7200
4236
744
11018
2958
1554
9151
2691
1275
10093
8148
6528
6213
7258
8933
4584
1235
8279
11249
12156
5926
6475
8256
6265
3061
8074
4062
3890
12027
11233
11157
10078
12151
8267
6479
10162
9066
6647
4866
232
7568
3725
4636
1502
4394
8932
4574
1538
5020
6972
6164
7946
6486
10497
2569
6438
142
1814
1781
6874
5726
10633
9095
9954
12849
3278
8986
39
12062
10164
5402
3420
10431
9316
7600
5609
7277
9416
4696
9844
11267
1806
5371
754
3007
9358
10413
4997
3559
10332
624
8386
9903
7272
174
902
3525
9460
9453
11745
1456
7962
10727
5287
7555
9220
11146
7147
5895
8892
11117
3096
1317
5659
10839
9990
796
9921
6572
9571
10356
7990
6710
1420
4921
10250
11799
12489
8474
2685
10378
10495
10641
6105
12087
12403
3786
7515
283
10238
4388
8430
10203
11569
3264
9792
10795
3767
6097
6800
9177
1578
2885
851
5289
9811
6445
2507
9496
9858
11142
11398
432
5683
12369
6100
10580
11946
11971
2466
10472
11956
9574
4339
3331
12643
12167
12104
4224
3450
3945
3076
7616
16
9235
7224
8644
1085
5239
11544
6719
1749
5015
3432
3677
5294
11666
11428
5500
4320
9562
12331
99
2279
9349
6866
7286
11367
12853
9227
12172
9910
9485
386
12615
4254
3795
12469
842
7253
12405
5382
5577
5068
3637
10074
11768
3840
579
657
1258
6614
9119
10336
11614
9148
11484
8322
3562
1990
7651
602
3079
457
4174
4475
10454
5939
7403
10240
10504
2170
5125
10919
5427
1641
4889
4591
8181
3710
12353
5904
10006
12491
806
12281
2817
5935
7945
8045
904
10349
7478
8777
7422
8748
7523
2755
3876
10201
27
4377
2110
10741
9196
8686
9772
3277
5699
6141
10377
5322
12589
7970
9961
79
12856
4190
10731
952
1398
2103
3087
1801
12565
12026
6734
12686
10456
2515
4234
413
7944
9002
3610
6136
1852
3634
736
385
5510
12815
10908
12618
11395
5156
6260
5711
3579
5390
1390
7755
11878
5378
6054
727
7730
931
8409
12487
2646
1151
8347
5013
12246
8863
3199
2883
8593
11194
4850
3886
5893
10695
9287
9848
7524
4527
8195
7560
8307
1281
9568
7956
9657
9521
1765
6605
2333
5508
484
9368
9429
11804
10261
12751
1933
6088
2143
3520
222
5307
422
12895
1696
4883
6319
1836
12068
4408
4222
12512
1345
9191
9241
7529
24
6691
6173
2544
4025
4427
10673
4011
4887
5835
10932
10466
12601
5979
5507
12506
11581
12795
4357
700
1924
4891
198
11433
2794
12319
5417
5829
3753
643
11350
12023
3592
8158
7089
7198
2501
11566
3624
10604
7118
7195
4175
3921
6915
9791
6651
772
940
12475
8616
9686
7301
8882
8609
9431
343
8093
12907
4930
11410
2176
10536
10111
4805
5364
3470
610
1003
2328
7487
798
2661
2804
2949
3657
11303
5592
9592
10632
4826
11274
5837
6174
4748
6267
6354
11493
1225
9999
6147
6397
12131
3970
8700
11023
10340
10526
12950
4605
3750
1911
10469
10421
3771
1876
8155
4271
2545
4861
3196
10242
2419
8512
8940
9384
2851
5269
2389
12153
9506
11602
12598
5600
887
9015
9704
2830
12209
2966
8310
12424
4290
3546
6774
3745
522
5938
3723
5451
9845
7259
7748
7083
1954
7570
3534
387
6456
8998
7932
8447
12730
1394
3926
1651
208
7511
1445
10941
11005
622
9798
12170
1359
6028
474
11505
3352
739
8574
10779
12540
4816
6497
8663
9062
7530
3100
584
834
1682
4973
6230
1160
8517
854
1851
4150
5243
8991
5782
1298
417
2951
889
1837
11138
9671
5074
5525
4120
12633
10714
8687
4369
11582
12831
9334
5463
9159
639
12551
1237
10616
368
9770
12413
2253
4996
4399
8168
8234
2787
1970
12887
7582
10265
8257
3259
9046
4776
1938
8343
6481
1997
12117
2180
603
3819
5024
9802
3991
8220
9322
4247
1195
89
6055
7234
8556
11812
10364
4694
2617
5178
8984
1477
5225
5140
3889
12163
2795
1252
3422
2199
10555
6644
2722
6247
5437
4093
73
8429
11613
943
394
9111
8202
3493
9815
3734
12441
7926
12238
9317
2961
7241
12782
4458
8086
6525
5550
10675
7182
6431
11001
12580
5593
7463
1349
6906
9667
12425
7682
11357
300
1113
7113
3796
8694
8139
12255
3596
12036
6151
6529
11312
6532
12921
11685
2495
10822
424
9579
1306
11735
6749
1152
971
9335
6013
10785
128
3205
8230
9854
9992
9882
1893
12378
6745
3056
2953
7977
2024
8236
2380
908
3880
10520
9243
5531
11590
11165
5432
11787
239
8726
4242
8848
3368
12132
11097
2697
12913
4733
9315
614
4749
12470
12655
8241
1158
9530
9240
6863
7441
9551
5173
12328
6076
8240
8569
7768
4536
1908
4575
10370
11456
173
1047
7976
959
4219
8803
4041
553
8989
2636
6844
9680
11920
4002
3502
5527
2906
11151
11718
8055
4211
8464
12848
8476
10916
3124
6982
7914
7549
5545
6393
10396
10971
3210
7806
5668
1330
2789
12878
2638
1604
749
7096
4220
1769
8835
12398
7329
12124
3046
10380
6653
447
3824
12333
1509
7837
2674
11440
1513
6004
9443
10618
11866
2570
11840
6834
5433
12926
6675
5489
7318
1813
9205
4013
5168
7028
3271
12032
11135
11468
8072
5722
2451
11343
524
6290
4301
3675
8952
9966
8175
10493
10040
10688
6889
10499
8469
1048
154
2390
3568
7919
8067
9546
483
12754
3031
4628
10972
235
3503
260
7756
12685
8905
423
6435
12421
6998
11240
9231
4450
991
5613
10598
691
11286
10233
3314
822
7618
10939
12012
1097
12017
2384
6281
9462
4445
11449
10866
8319
11996
925
2841
9230
774
1093
8398
646
1898
12961
3992
1733
6059
4872
6294
4464
9479
8107
6877
936
12368
9023
4332
1631
12495
6303
11733
4054
9810
5570
3693
7815
11769
9081
7255
8972
9863
11185
2952
3878
12093
11360
2520
10083
3731
12626
2453
620
221
9179
1066
160
10625
5503
4352
4108
5308
651
8445
10981
4355
9871
10702
9253
2999
12016
1028
8480
3017
12243
1948
9417
9552
517
5201
5822
10539
8692
528
7458
10796
12390
7290
9498
7457
312
10048
11101
7666
5641
4573
8159
3791
4813
11014
220
9817
7480
1673
9329
8996
5905
10643
10128
121
229
6995
72
2788
9106
4956
12417
7239
5228
3341
342
10909
9099
1219
10992
3161
4482
4289
12991
4209
6222
3006
7008
3037
8197
4836
2359
12949
1678
7742
8531
376
10235
9534
2130
7276
12480
2957
6394
5815
5170
8798
7257
7126
6279
12634
8640
3332
9101
10104
9978
1704
2700
9038
12607
11113
8435
767
6840
7729
2893
3316
7396
11229
11749
989
12616
5182
506
10736
7469
12186
6117
8150
259
6815
3286
11253
1886
12830
11294
8401
2089
3915
12283
6235
6891
10583
5535
724
2461
6492
6976
11883
9537
4779
5278
1720
1207
3020
7082
8928
1418
2635
2824
11750
6335
5948
2699
12599
3404
2317
5985
7263
9508
1402
2642
3516
6505
119
3828
3152
9651
12267
5859
3143
12703
1375
2540
11397
399
6463
4596
4945
4103
9512
12661
1823
3402
5881
9784
11856
12940
11342
4896
11444
2371
5244
1860
6738
8068
12723
1746
3311
1443
1533
1458
8075
1427
7481
2234
1102
10016
2710
5187
6468
7525
6371
6286
6274
12960
1161
7527
5283
879
6656
8637
10354
9757
6093
10123
2874
2692
11409
12488
1925
5735
12799
4640
7913
6067
1768
4176
8069
9143
11842
3151
11610
2335
2962
2177
5027
1609
3744
8219
12561
4600
7834
12357
10318
9596
11283
3630
2015
8983
10202
6737
1532
11868
5361
4063
2662
2477
678
12033
9887
3204
11364
55
12747
12084
5146
4449
7374
3549
573
2897
1897
7707
6729
3785
7311
5977
4725
9348
7556
11149
9346
1842
10619
7793
3441
2996
11447
5647
10424
1640
7269
6741
10747
4767
205
3290
3203
12388
70
9096
3474
411
10458
1336
814
338
12749
4440
13001
8266
10272
3862
2797
3666
6205
1584
2198
12056
5775
6894
915
4060
4562
10584
10023
8157
7906
401
7174
3659
1900
5005
4052
1038
6427
7080
9920
10316
8916
6210
1486
9284
11202
1563
3875
9117
1671
7300
9332
11478
2414
2565
211
8829
8706
3262
5898
7898
6472
12642
5129
2523
14
11518
4163
4546
8340
12263
6509
6635
7876
6489
10509
1607
66
7765
1054
6426
10888
7828
12653
3193
3273
6520
6526
8518
6974
9589
10599
11584
11684
7687
3207
2969
1950
7285
5514
9670
6269
955
10834
4839
414
8323
7361
3689
11605
1374
6304
3232
5710
6868
9514
11708
4188
7863
7022
1135
3448
12696
11320
4722
510
835
10384
6305
5725
8600
3338
4456
1255
7078
2353
11612
5396
4085
3312
980
1358
12918
777
1547
4069
6833
5296
7482
3383
3248
5124
8062
12499
559
11822
12855
287
10139
1656
882
9251
10467
7624
4426
5380
9794
3206
5420
3175
9891
9931
12202
1111
3043
7063
1479
10548
12067
4463
5730
4809
7718
8624
6389
9909
3233
8433
4882
7
133
4548
6188
11476
4964
9052
721
2239
11386
2980
5032
8831
8405
8734
2656
600
6407
11600
9282
8121
1271
8552
3722
6466
1209
2082
10660
4491
3461
9780
2989
418
7692
1726
10671
5538
4045
1287
2882
1668
8293
9668
4249
6168
2803
12047
4738
5624
2151
1536
5370
5845
5217
12988
10788
7419
8465
11219
1944
4389
5455
242
2522
4082
10983
12457
9585
164
12081
1190
4297
5202
3810
3577
5923
245
3594
12657
1487
1519
112
534
3751
10875
11141
7218
4380
7896
4570
6324
10324
7615
11246
12905
2686
11861
320
4334
945
12072
6699
7929
4366
6818
3752
12335
8478
7081
1931
10679
4786
12057
9632
11181
4660
4524
9527
1076
11807
12632
2386
10867
5746
7370
1822
12374
10189
12024
10642
2972
5742
6064
10816
8163
9043
9852
8964
4111
9350
8475
249
1065
12318
11111
1312
869
9569
7181
2891
4609
10284
2101
8051
5431
935
10595
9274
9272
6893
9307
9628
10942
4955
5563
12982
6897
7712
11453
2669
7698
12099
10117
7271
3164
9397
12211
10002
11629
5220
2497
5911
11361
11791
3473
12022
12778
3354
8080
4073
8666
12493
3571
1305
9042
892
362
9176
2081
4642
6386
6546
9386
12215
8119
9130
12774
1863
10148
8557
4170
8263
12866
3004
3656
9195
9556
1226
4741
7389
3240
874
1132
6023
3386
1524
4113
11086
3957
11422
3818
286
6773
5377
5207
8753
12180
1384
10346
12845
6165
8391
12668
101
12579
1835
3800
3260
3646
393
1021
8633
3032
10589
8302
9468
2411
1657
3246
3567
118
3413
6246
7521
4204
12597
6795
6309
69
1421
5954
1914
8169
5257
10638
11388
9494
6984
6733
1304
2798
3324
299
10733
8653
375
202
3306
7407
2486
984
7222
6665
7710
12886
9361
4736
9476
2578
11762
7212
7115
3519
8317
6078
2783
5812
8349
5114
6089
6810
1467
9969
1764
6003
6973
2095
10986
7818
4029
1437
10984
3454
7574
9968
10543
6454
738
6549
9922
10833
11959
9748
1639
12381
7160
3370
7248
7817
9405
7494
1302
6964
497
4560
12871
4720
5466
4312
199
4309
11849
7726
3372
5293
7571
4299
7109
4194
11077
10947
12701
10843
8575
6536
7735
5946
552
7451
8693
3556
8138
6619
3857
8767
7775
2840
2223
9510
9567
7443
2896
12787
3836
11559
10193
7620
5532
390
9894
7520
10270
2868
5081
4124
9777
372
10498
6264
12874
5019
1039
10068
13007
11025
9137
5854
5879
10445
1550
933
8665
6592
8975
8129
8394
985
1960
7579
8246
1339
8379
7199
8243
5122
2094
12622
6351
10826
7484
12875
7507
10171
5391
2910
7279
10395
5848
8589
11436
9430
8203
2701
706
10073
11491
11099
5665
9513
11989
7360
4662
5630
6667
9246
2913
9170
10750
2229
7073
6227
5021
1263
2123
8730
10891
2667
3687
11507
12386
9685
6474
8296
8255
1706
6171
12801
4673
1350
3221
10481
6268
8306
6939
12824
346
11535
8300
6370
2634
2526
12102
3476
3864
5595
12437
10156
5978
2933
1595
11810
11571
5185
9672
7883
1355
7899
8906
3593
7262
998
2067
5693
3344
2518
5860
6552
2201
12462
587
3952
6015
5802
11660
4959
8224
636
4618
891
3536
11464
10362
3858
9660
8015
4502
1216
6182
8856
4480
4623
8140
11504
7190
11273
7590
6615
3255
10209
355
6584
556
9793
992
3172
3101
1848
9608
11315
2894
8284
3162
10436
5606
11036
3869
12435
8278
6075
6422
6600
4353
12133
2482
12649
11705
1838
11850
5915
1346
1090
3367
130
5928
11197
9031
6206
11652
61
3472
2259
3092
3487
5990
4441
10244
9547
11393
2403
5587
2009
12641
5252
7971
2164
10453
4231
381
1311
11095
238
2698
11944
12315
10491
9511
6144
962
9803
11156
3738
3913
6936
9877
10739
6580
9024
1269
10717
10099
12662
7424
6119
3167
12647
1865
2263
9020
575
8161
3336
1810
1721
7034
4606
3737
8191
652
2350
8564
1995
9960
12521
5661
1840
4303
6275
11864
9080
12546
4053
5162
9860
4346
12394
2626
10118
5067
8324
8105
8299
10999
4470
491
5520
11687
3115
2647
4137
3641
5245
11591
172
7375
9321
8441
4655
12527
6090
12433
12663
8547
9280
9745
2473
7641
6873
5082
11469
11931
10529
5130
9490
8034
4760
8258
9037
2236
4056
3436
7029
5871
9491
4665
9696
4149
2422
7154
11953
6685
8981
11470
5136
12467
10166
5971
4110
5852
9021
1703
6999
2171
5692
7745
2277
3883
5967
4881
11663
2968
1907
10677
4030
9122
4607
10150
1737
10219
4638
6005
11752
6813
10623
3833
3308
8495
11841
11501
5223
5375
9277
7749
10617
6362
5058
1790
10097
9618
1218
10225
3131
9010
10990
5341
5458
12576
2653
10050
2551
10806
8118
9500
12980
2428
6852
6234
6124
226
5255
12645
7131
4532
2929
12964
11078
3669
9867
1964
8198
10374
5695
558
11055
2639
2286
12011
10676
428
1831
2694
12015
7901
8523
844
7671
4471
7305
12863
6453
12648
6828
1200
11222
10902
3553
116
7302
11051
3993
122
10597
1343
12210
3013
6941
1148
11664
10829
5266
5569
11056
12984
12968
10923
10707
2615
10414
4216
8041
1492
12347
8951
9456
2907
7627
8083
6009
3664
8176
183
1488
9166
12993
8598
6132
11124
4274
9623
8297
4092
5912
3501
641
6711
3504
5327
7231
12600
811
645
8364
5826
8592
11740
813
10066
2579
3518
2593
8731
6295
8907
10310
2405
146
1500
3237
12320
5831
2816
5352
11845
10069
12272
1968
2599
10471
8976
6245
313
1868
10740
9688
6612
7177
5139
7835
8428
9149
4094
7332
5850
6159
8544
3871
6239
10271
470
3790
4719
1751
8227
5671
1490
3376
3821
4381
6329
5120
9481
3879
4925
3615
10058
9493
4777
531
5107
5434
7968
766
5355
7055
7672
12671
4928
5883
3882
731
5662
740
6122
8458
5086
10246
11238
11626
4924
6487
4919
8950
6037
1137
9278
5109
3679
12857
4602
8338
6473
2376
986
5882
11430
3681
1627
12651
11159
1338
318
10031
1494
10809
7704
2117
8090
5270
8136
4155
10982
8728
326
10138
7625
8654
9536
873
4425
10812
12271
1655
1073
6293
3069
6544
6128
6761
9586
12041
7283
9427
11709
8137
11811
1475
787
10926
6898
4038
7551
6802
9214
7943
170
3614
1903
7569
12894
5885
12245
9328
1662
5639
4966
1800
4386
8502
5070
11214
12185
2108
1261
7490
5910
12086
1115
6553
10904
11537
2017
5041
8839
10530
6847
12935
471
1775
5002
3582
5276
8372
2979
13006
1616
2888
5177
9555
1086
1561
12502
3464
7650
7937
8491
1747
9408
7548
11368
2575
8443
12728
4152
12101
6648
10913
7546
5350
3755
1971
8283
10254
9743
9989
1110
5048
10895
3779
12419
9215
8122
6601
5823
9691
1922
8111
7070
7893
218
7668
10320
7344
11837
12504
11226
11206
8187
12440
6044
6228
1143
41
10813
6771
8833
10762
775
7659
3564
10107
3397
12897
4436
9914
4667
5404
9575
12327
6073
6162
3495
11119
1890
12345
862
12354
295
187
3055
10131
147
7841
965
8938
5153
2547
3225
12078
8736
10945
4310
12473
463
8245
867
11814
9705
7112
12947
7488
1388
6364
3716
11176
1473
6994
5552
7363
6992
6010
5211
5046
4775
12999
3853
3234
8897
4055
12823
2264
1482
9289
2505
7874
8715
3361
12399
3814
3136
942
1221
10810
12883
1150
11698
4513
1335
8761
433
3774
4690
5591
10920
11999
8291
3660
12201
8960
10925
3618
5636
1253
1002
7249
4210
6825
42
8160
1936
11927
7165
7714
8977
420
10928
306
4629
11998
2219
1465
6382
9255
1077
7789
4316
11337
1917
12430
3698
2246
181
10360
5547
3075
12990
1121
3323
1249
12427
10043
10129
3073
4153
6724
4801
4843
2591
2625
248
9085
12030
9150
10330
1989
3048
2066
1963
4917
11167
2128
7084
1382
5072
2425
3949
2765
3238
4975
12298
11970
256
4156
2624
11353
8115
3873
7783
3891
11678
5554
10505
11830
10025
2225
4284
4987
2664
7741
5789
297
8328
8566
4404
12706
9022
6348
3877
6145
12214
12776
2387
2230
3885
1596
10094
10772
6189
7617
12864
11293
8218
5393
263
3639
10775
3142
2208
4593
340
6842
2572
11865
644
11250
4788
7788
1376
1480
2858
6669
1217
5844
7291
5951
2475
4974
7918
6916
10876
9932
4633
8265
2311
6148
9972
6282
7905
4017
2571
5811
9939
9100
1711
11448
5017
4413
532
6787
10596
264
8174
11519
6405
7473
10036
10620
1029
10213
3310
10461
5877
5436
8780
10145
12391
1457
890
10088
10588
1416
3870
8870
5558
12978
7246
9071
8024
612
8961
10663
5737
3236
5824
10435
5610
11801
7223
1592
8949
8451
8993
4941
3829
6603
9366
6106
7062
4729
12731
3924
3291
1165
12278
3937
11300
3699
2580
8912
282
2943
3543
2655
11726
11649
12920
7997
8550
11061
3994
3322
765
12218
5028
10686
5488
11128
2740
11542
8351
679
30
9768
4624
6358
7002
2265
8565
167
4583
9862
3918
11179
9553
8275
1241
10560
8546
12126
7654
3627
12687
7460
5316
11496
6214
3299
7809
2484
6766
3052
3822
12387
5543
11115
11851
11808
10664
2334
3416
3145
3727
3874
5373
8857
7547
1324
5763
1174
4619
2621
1912
5049
2127
7088
564
3837
6121
9917
1432
5409
11620
5640
3565
1155
7541
10850
4905
4145
267
10682
6598
5588
2619
5540
5667
7336
6677
7027
8065
5033
12796
10700
5078
2834
11743
6316
12222
8206
5743
4083
7885
2684
6123
8627
8237
6233
5314
6133
12906
3925
9979
9309
10216
9103
11570
12461
4739
12484
11076
8470
9945
6949
2652
2383
9336
11281
1236
3071
7307
10184
9572
8927
6211
11872
8455
6478
1680
9234
7826
12839
9055
2959
6649
5964
10208
5367
1861
10383
11547
3103
11863
525
4868
8650
1448
11694
2305
12770
2271
1186
5645
1222
1658
10672
12679
7922
5274
12711
12194
514
4652
1138
11495
11221
8864
5226
1844
8362
7409
4196
7434
12434
3768
3451
10565
7270
853
5975
7267
2971
4496
8625
6496
4214
3772
10102
4417
3715
4154
7947
12619
1623
6628
658
7872
5047
11145
8120
585
572
11057
166
1080
12707
2900
4315
9719
6193
5504
2285
7844
9463
8342
10865
9134
9244
11885
4423
2852
982
8826
3479
802
6322
1833
3526
3575
7543
11675
5279
5724
1142
12948
5515
852
3787
12604
9236
12486
7637
6297
5697
7499
10592
12716
642
3867
2812
1697
3412
6717
6069
3178
9058
11869
10973
1035
1979
6104
11389
1932
4995
8217
8797
315
898
117
6966
4166
4226
720
9918
7713
9725
3072
2079
2947
9570
2320
1976
7719
10397
6296
8040
11104
10622
5485
2633
1545
5100
11555
9851
12876
3855
3150
4550
12052
179
10614
6590
4418
697
11067
12358
1282
3300
6523
4308
7552
3415
8876
10757
4410
8048
7807
3091
292
1154
1526
10163
12306
586
3690
5931
9365
11711
2407
11506
2573
5372
11383
5112
7417
7134
9840
2471
7986
13004
2908
11319
10348
7829
6477
11029
1033
8109
3165
8590
12448
11784
2553
3663
7156
11588
5319
3109
10142
6048
440
11995
2582
4100
7969
7289
4483
11895
7313
3899
863
5365
7129
3202
12184
9311
1025
1962
7983
7813
8880
4744
11688
12625
7727
9069
10183
12323
11260
12522
10161
8533
8487
190
1686
2869
708
6910
161
12517
12014
123
6780
8810
8743
11275
11060
2558
565
7604
9587
7955
2705
4727
9722
10684
1548
4203
10037
7879
10423
3758
5415
12763
9157
2119
1923
1215
4870
3718
11013
5970
3684
2308
1540
6403
4283
12282
8225
5758
12259
402
12726
12071
8786
1603
12847
914
11892
5066
2607
6767
8301
11792
11090
11306
1729
1818
8427
1327
12591
2109
3742
33
9956
3263
4961
8661
7880
2927
7346
4036
9104
10401
8274
7502
7720
5828
6956
4122
1037
464
8184
8354
3804
8077
6515
9583
8551
2529
8841
3381
885
4306
784
3764
1887
6302
3327
12372
9359
12355
243
974
1770
6447
535
11984
10039
2530
8192
4603
8710
2727
9285
6417
5880
5248
6502
8205
10211
2401
429
8988
3909
12481
1091
65
2987
11336
12953
1730
3851
7613
11408
5117
7592
2956
11322
6114
3425
1410
3176
7667
4752
6792
6857
3040
577
3780
2388
3022
7119
6694
9605
3505
8652
11898
5188
1681
5752
8397
29
7110
2562
10450
1166
2217
2850
10411
6223
3189
5989
3235
6547
6511
2728
7939
969
10929
6383
7086
8110
504
6462
7670
2404
2793
5537
1949
5972
10477
5449
1784
6610
5891
4869
6521
4362
289
1598
2541
9158
7001
1199
12775
11576
7308
2594
3253
6683
5333
6049
2429
8348
676
8896
5069
698
7967
1089
5622
6654
10882
1279
11979
10708
3385
4645
3573
899
9764
11302
3399
4237
12154
5519
5750
9450
1145
7466
4558
4138
12844
1875
1001
5464
7095
6917
4230
1122
8816
10569
2561
11024
6516
7278
1919
3706
4653
8697
9976
8456
7832
8802
4646
3469
4370
8413
7483
7449
10266
4982
3330
5395
10669
11720
4612
2420
7136
5549
10144
5974
1856
6258
6819
12822
8126
3126
6570
4552
12938
12321
10640
10103
488
10933
2441
12476
9324
11624
10749
5403
6110
7531
594
351
5486
230
11890
11577
11225
9126
3916
4991
5302
2576
7444
5480
9842
6588
5918
12134
1430
9947
4833
10868
7916
60
2604
1426
3843
10697
12852
6639
2481
11008
2748
8318
1464
6314
9001
888
10988
790
9971
8520
4383
47
2676
2706
5876
6793
8477
9573
7437
3411
2332
4215
5888
1393
2118
1413
9820
10158
11597
8859
4942
2693
1193
5608
5674
7785
3439
8623
8698
10258
7418
9625
502
5271
10558
5839
11071
4076
2826
7319
4212
9222
7508
2071
9824
10218
12143
4950
7310
1129
4275
8942
11905
7513
2432
1615
1713
5212
5247
4538
12722
801
1147
5555
5602
4447
192
1325
6541
6935
9351
10790
4559
2640
10784
674
5650
11592
2302
6636
9606
10112
1850
12800
3798
1585
98
6723
6111
11387
808
1762
10652
12635
8844
5198
3931
3906
311
10429
1460
5392
757
8604
995
4123
4643
4378
7908
4769
3417
7608
7221
10231
1340
9204
8426
964
7280
359
9224
358
6482
8534
4023
12048
6103
5026
8030
2864
11897
1928
12356
930
3645
5059
1259
6315
8676
5663
2023
6622
10264
2001
12362
6618
2820
10275
8771
12826
1985
4493
431
9367
10011
9439
8503
12451
8483
273
2010
970
8847
11022
6098
6996
2375
9933
3969
12539
4010
7405
9544
6166
11492
2039
6682
832
1386
8895
9809
7660
8374
10485
10487
9507
4520
11037
9044
6970
11634
6099
11739
1758
8947
7069
7960
10438
4512
7601
2533
2936
6812
7347
8812
8535
9797
7630
12490
2406
9127
11442
9147
4771
5452
11102
5937
3401
9294
10482
4024
4049
10723
9942
3587
3120
10125
328
6708
4261
5642
8384
1319
3688
5240
9693
6140
12443
3911
5095
5894
12428
10035
9714
2917
185
2006
4078
7892
7140
3999
4784
3654
9442
2435
5379
6913
5714
12216
6288
9260
7120
4721
454
9861
4650
11560
6821
12459
922
12562
10463
6115
12534
10647
3720
6692
7233
6243
6933
7587
95
9385
11618
12418
5443
8023
6340
1824
11948
2075
8125
1352
4014
2248
11318
10291
12767
1666
12307
2397
546
11372
2597
9133
5631
3419
7786
