2997
6684
983
11208
2040
1205
1748
7435
6962
7934
12463
1756
4325
11878
9110
10621
5077
7194
5773
5786
4338
12994
8974
10688
9141
13000
7923
2254
1864
5496
5303
5787
10385
3995
11477
450
1358
2616
2433
4715
11365
10959
4819
550
8058
4680
8177
3387
6948
1385
1725
1687
7262
9762
4657
11648
1118
12462
8510
5477
2846
8439
5390
8057
10386
8673
5782
6347
8229
12215
8815
86
3701
10429
7641
11664
5049
8888
3703
8790
3868
5741
2502
12109
10282
13005
6906
2698
12016
4984
4791
5837
11110
5422
8573
5845
2535
3258
7871
3288
8917
3969
8852
9157
4674
9321
6444
10922
12982
11853
4601
10400
2252
356
4184
11846
1209
8311
926
1234
2505
5219
859
9482
10455
3833
4418
6028
3711
487
7864
1935
12204
7938
10229
10896
8043
4771
5543
5149
10129
6620
9832
2141
8944
2723
7471
7759
12471
270
2511
3857
5907
5618
10412
9655
11105
1648
7316
7445
11262
6
10761
9884
6104
5127
6729
12787
10738
6443
4797
52
10329
11594
1334
4448
4554
11410
10053
8272
3825
265
12416
4997
2467
3381
4748
6397
11225
1428
12507
7011
1291
6308
11167
1858
4200
6250
12368
7874
3865
7846
10504
1109
7166
753
210
11605
2090
4049
1589
1361
12562
3364
5971
1025
3202
9813
5137
2190
11166
5027
7360
172
7015
12089
9989
5147
9814
160
11186
10974
1656
8895
5047
11565
497
12646
11108
991
6474
11604
561
5798
8084
3093
10670
12667
6249
2699
11322
110
3214
8987
1055
11761
6600
4328
12958
7974
7329
5087
2856
7948
11577
11188
768
12560
12019
7866
5163
8430
10827
2086
3591
8951
1154
6373
11815
11066
9145
6703
3184
9386
4675
10892
2763
7046
10661
12731
1632
9702
12584
9257
11182
2095
8388
3986
11538
9577
5776
5745
4257
1733
11007
6560
9092
4320
4735
12944
2234
2875
10313
3287
4890
9142
9441
148
5176
1965
5930
6216
2784
5237
9849
10444
5756
12581
4020
9507
7915
3251
6763
1092
4962
10963
1726
6621
7238
3920
8778
2004
10024
8528
9513
6175
8455
2084
2265
9497
7239
5895
6325
4476
3980
1922
9719
11367
4064
9550
8558
10244
9121
12869
11102
9645
9264
591
7453
2486
9787
947
9509
12284
11929
2961
818
1561
4277
6541
10527
189
44
12150
1650
3263
13
8276
131
255
3062
9526
2596
7773
11889
5009
11611
2107
7040
2671
6233
7335
6334
12076
1080
615
1672
4584
3005
12081
2896
8781
9306
12308
5982
5174
5312
6481
10373
9089
12360
370
4004
10475
6133
10539
1723
59
4211
9601
8440
8037
9029
7289
9893
7972
1060
8742
11724
6670
7890
10955
5080
7975
6966
10731
3589
7075
9512
5803
10994
2088
1927
6451
6861
2978
1415
8319
9741
1777
12482
11013
921
8577
6123
9034
10647
3509
287
9986
10524
9348
2938
8882
8818
7531
4052
11464
11601
888
9699
5861
10639
13003
9043
11756
9890
7010
2617
11050
798
4524
11949
5806
8953
672
10787
12126
11996
11751
7778
2213
4133
1851
5263
6069
4488
8497
1551
251
6680
3562
6850
11376
11011
5997
12693
6926
9824
12446
4632
5801
12706
10579
841
6564
12895
4450
9013
10493
834
9501
9972
7685
3972
3921
7658
7047
11781
569
2173
4518
7112
2114
10530
394
3702
899
10905
5638
1502
595
10168
2844
11838
2864
10534
5991
9931
10103
364
8231
2500
9687
7302
9500
3962
7350
5130
5337
12245
1289
12863
10664
1596
8027
10272
10719
10164
11327
5917
9338
7155
10286
961
11699
9734
4861
4714
6715
1615
11276
7691
12161
3964
2855
4212
8534
7994
10948
7294
3545
5795
8161
9152
7125
543
2354
11498
267
3674
9076
8829
8572
2449
540
12457
8105
1152
10674
10059
2897
3707
7843
11894
1363
11782
9733
6847
1775
3070
4061
5050
4026
6406
6220
12282
9463
12641
7034
9011
7160
2756
6117
6061
7077
9710
879
11487
8020
2468
2136
6141
11740
11473
10911
7751
2577
11212
11936
1994
6309
7832
3679
315
8850
7387
10387
12006
9779
4347
7858
8193
12734
5808
2470
1633
741
456
2768
4975
4259
4366
11969
12666
6644
2589
5391
7056
12522
5891
6059
4130
10003
12102
385
1299
8729
3580
6173
1146
10009
865
9253
3656
9838
11015
11939
1048
2270
2830
3765
9576
3394
12697
4762
7888
9701
23
2545
7044
6132
9574
9820
1166
636
5945
10346
11696
3961
3761
1932
9588
12766
2268
2164
10596
12140
11267
1125
11370
10297
2781
9678
2404
7734
10715
12919
3080
6860
5619
3347
10837
7373
10173
4947
597
8760
6721
7644
9358
7043
5160
2019
4766
8517
2479
6047
5883
2221
12021
4369
6916
12279
713
7024
4919
11426
1493
1576
10998
8350
10804
700
6091
8055
1306
8173
7805
3054
10193
4348
8703
1213
11371
1691
10204
8836
11031
1019
6103
11151
8135
11035
5445
11431
3024
1662
4462
2865
10743
9160
3971
7086
6749
3177
12626
3888
8315
8797
11040
7649
3506
1540
4208
11788
1517
9559
1684
12351
6453
4262
6891
10004
1131
9799
2774
10624
6738
7132
10961
9419
2146
9182
6074
8313
2132
12295
2550
8625
7193
1678
3597
1085
4362
6752
8325
2257
8995
2017
7201
7985
9825
12433
10275
2277
11137
6011
8409
4796
8351
10724
8810
1554
11114
12206
11555
4093
10159
4355
12244
10525
8874
9052
5431
2109
10366
9370
2064
31
10802
1395
24
1461
8532
11911
4926
7596
9693
12678
1699
354
6366
1264
2129
5709
4044
7887
6804
10014
10239
10407
2233
3742
9727
1267
4666
12313
11660
201
12621
6881
10253
6812
6471
10867
5480
9912
8757
1401
3341
6778
9055
12341
2029
3010
11001
10600
9640
1865
9671
10108
9114
8501
5535
11004
3809
2239
7886
5152
11468
12243
10492
9210
6393
357
10463
494
2755
7555
957
3179
4821
8410
10290
778
1904
8652
8320
8170
5944
2230
3633
9120
7502
11321
10392
7804
7186
10727
2241
8286
1577
4620
2171
6331
10486
1871
8792
10723
2679
4291
2710
7617
5001
8978
12791
1233
1572
3817
4542
241
10495
7867
10901
8886
4874
11692
4428
9162
7745
886
5545
7818
114
8246
11391
11059
6787
4594
7845
11091
6859
424
6781
849
3677
3858
7562
827
2663
10913
253
4340
11195
3623
3676
3185
12528
8967
9196
6987
11708
9854
11229
12247
7784
2839
10898
7527
5246
8671
6865
11330
1391
8552
6569
9689
2516
10777
1142
7569
5385
10582
11553
2436
1382
11408
520
11003
11087
9005
3693
3737
3015
5731
3454
8867
5384
9004
1688
1780
9046
7802
878
5218
11875
9729
4886
9251
11479
7038
12365
5096
11157
7325
9935
2840
5723
4654
3892
883
4853
10325
1020
5478
11134
10518
124
10797
10126
7059
7829
11684
7131
8756
3109
6025
1411
4036
10461
5534
10754
12855
5311
2658
3951
11444
3330
10312
12147
9926
8866
977
6558
7893
11474
5353
1303
4916
10811
12222
8052
1943
3974
8038
9140
6535
9094
9049
6318
5071
12385
2179
12664
1832
8092
2232
2631
901
99
3941
9336
7703
70
6184
12323
7964
4452
10836
8846
6038
11693
7195
3143
9927
5760
5750
1593
5793
5748
11554
3930
12044
3028
8549
3876
9568
4900
5571
11339
6618
12186
8923
6910
2761
3246
5304
673
4607
7609
481
4417
8712
8175
4899
4487
11211
6852
1665
7333
6883
2201
10695
2274
12688
4516
11992
8758
7175
6769
11980
12370
8457
4217
12712
12516
10668
6361
4128
1455
9301
1763
4929
9810
2462
8317
973
1156
7023
12008
1003
12224
7731
3311
7219
8938
2060
9484
1149
401
3289
9284
1602
8451
3183
5372
5036
5381
8718
7980
11902
4910
8893
11746
9038
6767
6646
3977
7022
5362
10984
2528
6005
5925
2767
5617
10645
9188
1812
12493
11395
7041
618
10158
6365
9391
6565
8423
10889
10877
914
6518
2771
11854
8924
6805
12796
8060
5564
11352
4089
2993
6832
8684
3743
12112
1412
10491
2339
2349
7872
10590
3234
9801
7794
8115
7585
1769
11540
8847
10064
8774
2072
9128
12104
9488
11436
272
200
8648
9385
3175
12848
10001
3547
5804
5414
9218
8950
3210
5607
1086
11163
8061
9014
1101
754
6622
12680
1468
5840
9662
11877
7971
11357
332
4664
7998
3813
1100
5010
987
8744
5989
11523
12913
205
1093
10342
12458
4587
1614
1480
8533
1238
5542
6785
1076
1407
12587
12129
2250
2849
9377
4994
8775
5392
1075
5459
6513
1507
8063
10208
11610
4807
8464
3861
6137
2391
12539
9217
3548
1256
692
8537
1651
4534
3237
12194
892
3670
10988
4889
2110
8151
3305
10092
2473
5331
1150
6522
7752
8071
12131
4400
8158
4112
3812
7936
7715
4717
2075
12990
3925
4477
137
7048
11039
3162
5350
2804
6504
3349
12395
5605
10851
6779
5505
7067
10299
10796
12490
3491
2730
10328
11672
3731
5120
8462
11764
1951
5983
1787
7783
9086
35
9376
12361
7295
3160
7454
5346
5199
12255
136
5299
1016
10190
7577
12115
3248
11685
593
1089
6227
7127
11446
4187
9352
8399
8217
8463
12063
2556
7408
166
12707
10557
10814
3604
11909
4739
11585
10720
6711
8051
1344
5494
8576
7579
484
5243
6172
7018
9894
6247
2284
7253
9122
10640
5464
12783
9888
12545
2193
1161
3267
152
3869
4832
7914
6440
12349
6699
11779
3107
3139
2954
1676
11164
11669
11189
9748
4118
1883
8007
3043
3663
7007
1828
2536
3025
8448
10838
1005
7884
9455
10307
11661
8252
2211
2895
1857
12261
6462
3584
3745
7205
2063
5254
162
2050
1167
12199
10561
2963
8479
12418
8185
4074
12996
4482
3852
2365
7548
12108
2995
2218
1987
4934
7174
11948
12668
6138
12353
2348
8623
12334
5646
8814
2355
515
4784
10809
232
7400
607
10195
9333
7580
11106
11735
2242
12763
2429
7958
12127
12513
4111
3478
6302
194
2206
7049
8530
9658
7701
2695
4600
10522
11509
3285
12329
8360
7795
1171
11438
11527
12564
8398
1527
6521
10603
2196
975
5614
7005
1487
10703
6821
11385
12685
12601
1168
1634
7798
7885
317
10833
7761
5318
10192
5121
6469
469
3530
11581
7269
4319
9229
7957
11089
7741
10872
2263
4502
2022
5747
8470
8869
1840
5620
10152
3671
1045
10355
8432
6949
492
3749
10228
1762
10983
129
2296
6323
6167
2566
7750
2888
8918
1761
4740
4690
2649
6101
2392
9822
12190
6094
300
8934
5649
11282
9144
6255
7655
12449
10220
3655
2814
6866
8034
3057
5630
2160
11240
9829
6007
11861
8144
6575
6336
10231
12235
2494
972
10439
7078
5966
11790
7003
4406
2448
1613
107
1365
7012
120
5019
8083
10846
2222
3901
1667
9862
322
8101
1175
8715
2466
10671
303
10547
4207
9149
12041
2675
5250
12301
11749
979
6877
10895
12611
5651
8513
7164
1897
7854
5504
10150
8258
11215
11584
5344
11274
6217
11997
2185
4445
3985
8364
3966
3468
1625
7054
5374
5316
7229
2715
11566
10056
851
7094
8376
188
6578
2317
12909
11389
8618
7140
804
11609
12314
278
4802
10572
3293
7440
4068
1642
12470
4423
7271
181
3250
3402
10337
2169
230
1307
802
10944
4361
12168
3741
2808
2713
3455
9239
8962
4007
8676
12654
7375
2929
6813
5031
6649
4396
9017
12123
8983
6092
10940
10044
6452
7037
3061
11616
10885
3475
4048
2463
8304
8042
4965
4982
12498
8597
3001
8696
3736
8196
893
11539
11690
12130
6823
8562
8834
5327
3196
6232
6022
12045
1694
840
5836
5961
12718
7361
6161
10904
6482
11743
821
3257
2688
5772
7960
2812
5800
3505
3039
2153
757
1796
3157
9421
11532
8871
3899
4260
7946
4875
8235
6060
2907
5279
12233
6358
2851
380
4427
121
12302
11987
3981
7789
4150
7108
7055
8281
7291
6808
11898
6371
3477
5765
11806
7307
2691
7740
6726
5159
10466
1949
3960
7265
6157
767
11642
4408
2262
5166
6256
11024
8997
759
1483
7605
6594
425
7420
3011
11251
10936
4275
6178
1704
923
3880
333
7702
10447
10918
12337
4429
10917
219
7457
12515
6333
11678
8711
11888
9880
2363
5702
11449
2939
8740
7482
297
8349
6480
8339
10063
5934
685
4506
12630
10637
7650
2464
6382
7184
10861
352
301
589
5556
11402
8903
6897
7390
12053
12659
6461
10415
2946
12384
6110
7196
3090
1531
1442
12293
9347
3366
4804
1106
2655
6271
11220
6096
17
8582
9797
10549
2170
4105
9424
11360
5204
935
12930
5029
4333
11524
3440
3830
12823
8336
10441
11246
11713
2803
4734
4220
217
56
11536
1128
9881
10558
6791
7489
1645
6678
9639
9647
5409
5831
7907
12926
2443
3881
8787
5258
7318
11625
1541
9091
3170
1621
11169
5187
5041
3066
3231
11739
13009
1653
12663
2131
2066
9856
7581
1177
1759
9440
10187
2922
7883
2794
7008
4610
290
7930
2177
4710
2259
1002
2758
11677
1617
1063
8588
9572
7807
8496
10642
7079
1958
5889
7336
1364
2595
11841
5359
8961
10622
10793
8011
5719
9401
82
6951
11655
11607
11975
12561
6259
7299
1715
1013
5290
6176
10607
4368
10025
4703
4645
2061
2822
9761
1664
3823
10121
6286
4677
5568
1379
9755
8805
739
1287
5636
4718
4944
10384
9260
3439
3145
5475
5888
4794
457
11407
10880
4264
6700
8925
7061
12867
12653
8771
1619
11650
8863
1034
938
12531
4561
2127
2777
3781
3753
168
10900
7173
25
1690
6712
4197
690
5914
3113
5781
4930
1885
10629
9839
5267
6264
4918
12070
8480
1214
8087
4998
462
11174
8776
748
6254
6840
9315
10712
10532
4638
7542
470
726
12086
5657
6231
22
7758
8285
10218
4539
931
611
2406
6747
9307
8892
69
6955
10048
4884
2390
10512
6687
12757
7016
8438
4769
11170
1456
1817
1850
11899
12094
710
8539
7710
9302
42
5761
2709
4694
10141
5797
10070
5783
3576
10319
71
11306
8291
8186
10414
4545
7134
4014
4203
3274
9226
7678
5465
3786
12941
9439
6789
764
9899
1006
11026
12038
8413
11823
1263
10452
11130
9073
8596
6191
10370
5269
6557
5924
4945
4357
8731
20
10124
10207
10356
7953
3603
10460
6206
7154
5758
963
12724
8954
10482
9505
12241
7101
11048
7634
12096
6180
3354
8182
5688
2115
11676
350
7793
10681
4716
8107
3463
5554
7231
5314
6826
8566
5940
4849
11471
3704
7498
1472
8268
8824
11772
812
5669
9548
7765
5013
4915
7852
6920
2137
1680
4767
9170
10110
1789
4365
12373
12221
9173
3372
2881
9641
4887
10031
1343
5913
5473
10604
9072
7396
9332
11907
7822
10634
6285
7944
2599
7191
4833
12184
2111
6294
11755
8784
11938
3595
3146
7123
1867
11045
4344
5430
463
9725
8164
8222
9443
4132
199
1094
12223
1451
974
1640
2334
2921
12228
11271
11573
1591
7114
3279
4599
3719
1764
9622
1406
652
2620
11857
4050
8662
6591
7724
4738
6973
4727
12267
1574
4836
7107
4024
2670
2219
12000
3882
7145
11662
153
11279
2664
4224
8306
9597
9769
11085
3215
3205
4028
1523
3768
7576
12811
4231
3700
7503
11265
2422
12656
1393
12574
12200
9285
4135
5820
11718
10052
4032
10256
5637
10109
3760
3247
12594
10340
9323
559
421
5900
2854
4038
7764
6027
658
10750
9234
438
11760
367
10344
6419
9694
4337
971
8130
8261
7947
10212
5581
5596
4983
11620
10169
5236
10648
7718
1009
6774
7547
9834
9735
5055
1820
12597
444
2175
7013
3682
824
12565
10237
2056
9134
6298
8546
3242
9706
8642
4604
5533
12578
3269
337
588
9256
4824
9619
635
11129
12274
4987
2790
5100
3628
12864
3610
8244
8090
4330
3940
9037
11323
7935
3523
10433
9617
4711
11399
7727
3018
5150
9061
8727
11331
9643
4611
250
6057
9928
1612
8053
4219
11052
6876
9290
5405
12312
11507
9853
3973
1409
10958
8216
12410
11226
10551
3304
4251
261
12979
4868
6995
4785
9817
12443
10057
9178
5708
3181
6831
5457
329
10309
1743
9666
9468
6585
7481
5839
2707
6032
9648
1158
12231
222
8416
2926
9630
11659
11299
676
7036
10987
6971
1418
11497
8793
3447
1641
7468
4363
7940
2186
2788
2913
10966
9166
5999
3376
8121
7006
8330
5093
12709
3715
3963
1417
12154
10840
2549
254
5447
7119
4458
12815
1273
5107
12679
6473
8720
7082
571
6727
8303
7151
12001
4059
5530
6694
10705
10555
2673
3923
281
6152
9267
319
5909
9827
3803
9932
3033
11344
5195
6643
12732
11960
8106
6572
9830
7524
2725
12266
12459
486
4582
9417
3510
12995
5517
5681
6409
11855
1189
2435
8988
11447
5788
6954
1920
7142
6291
12713
1854
11905
2872
7688
10678
10122
7624
7039
7566
5375
2276
1155
4686
12476
7017
12328
12032
7428
2608
10390
6511
1766
10594
6304
2531
1196
1366
5742
214
9806
6460
3958
2316
7689
9571
9105
2313
7763
12299
12508
4603
719
10405
1782
2441
9414
7976
5977
11125
11590
11192
2474
10926
6818
9090
11619
7149
7249
2607
5563
6946
5426
2450
12128
7487
5425
8210
8985
7180
8129
10327
7204
9357
5491
11766
12057
8223
8858
7983
3844
3065
900
7545
12802
4840
1969
8560
9979
11697
5936
1605
1277
9044
7019
7232
7139
4352
2289
4138
6801
3218
7776
2006
8875
2782
11694
11800
6438
2590
10477
2538
9131
11856
7287
6952
4817
8097
9644
4023
2886
12005
11158
7707
12579
2975
10316
574
2103
7072
249
5784
9203
12991
5654
9965
4949
1058
2821
6549
7183
11506
5211
6171
631
6273
5921
340
10517
12628
4813
788
351
9012
3298
3524
5721
3835
2328
4378
3291
853
7332
4324
1408
1430
9632
10085
9885
12980
10287
6963
12066
3501
6717
4683
12226
9227
7241
6043
8390
969
239
5659
6479
5293
2347
1792
6697
9683
6324
11358
12737
12816
7861
10226
9981
11814
8656
10730
12625
7150
6246
2928
8377
9629
7809
11865
8981
2130
2457
9254
7004
12636
11589
10654
9238
10113
12665
9246
12326
2885
2434
3049
8215
3393
4401
12116
12442
2743
8518
3862
2676
3968
8171
10910
6974
6820
5759
1892
5442
151
10409
9732
5539
10689
12358
12391
10942
1445
11027
11382
11897
3696
277
1222
502
10330
6705
6869
10311
12723
11152
6310
8442
2012
9992
7990
516
6395
4961
4570
3635
5287
1348
4194
6994
5762
678
7456
5558
9877
1001
11547
8361
1887
8192
7656
8010
6807
436
8172
4460
8050
4261
1378
11901
10537
11146
1319
1265
6116
1421
6632
5684
7954
8529
4273
2251
634
2380
6912
7882
1492
4646
11822
212
383
2751
10496
8926
6128
11454
4016
6403
10043
11653
3617
8737
1705
7433
10962
11656
8099
7927
3141
8608
10008
3255
4608
1336
7122
4730
7875
6619
6340
2209
641
6985
10394
3200
3864
11214
2099
3426
669
12188
6803
3176
9672
10334
6528
2799
4721
6002
11947
2585
4174
4155
3621
8488
10589
7575
10554
11869
2527
1482
10271
6275
12192
7458
8207
1753
4970
6706
9158
5266
2757
5379
2613
7315
4626
1095
8308
2480
8523
8378
12878
9103
8736
7538
5322
2515
843
5178
122
1129
10701
37
9050
2383
5474
3494
4175
10943
3131
4980
1660
6363
12782
7859
917
12055
7505
9585
10855
1692
3469
5780
285
5996
6898
594
12876
3841
8426
1353
3012
12466
2890
5295
766
11044
8491
3415
671
246
1966
2459
4286
10139
5970
5851
5705
1970
2731
2309
8358
6601
3873
1255
5501
4893
7620
3067
7536
294
8165
4317
4387
7337
8629
5118
257
6076
10406
4489
2256
7686
2243
5514
4521
5794
11268
4180
12577
271
11071
12135
1620
6532
10079
2413
1952
5587
5973
8599
12634
10219
7488
1606
12744
8500
9627
9708
1981
2
5740
714
836
12273
371
1568
10123
8770
2300
11387
7993
452
9583
2513
12894
838
8318
10125
4818
8279
12619
7589
1562
10274
7472
5642
10411
9364
40
12719
1460
6695
9300
8909
3369
2705
4201
12028
12542
2977
1944
7522
1643
9349
12631
6509
5088
5881
11851
3128
6048
180
7351
6174
616
8030
5220
1405
1377
5007
10824
11156
1305
2495
446
12885
8545
9764
11435
11722
5280
8982
8542
9737
8890
12276
5091
5738
453
910
408
3088
12612
4240
9082
10733
12030
5777
8227
8040
4593
10773
3546
11248
7431
1443
3452
2544
6559
1251
3542
5990
4125
6258
4062
7278
9360
141
11092
451
12989
11047
10112
11989
11068
9248
2120
12160
5136
5553
4907
1370
8225
10556
8786
8674
12056
6586
7211
6313
1007
8649
5766
5454
9380
1014
10396
11955
4776
3245
3538
224
400
1219
8592
8670
8772
9460
11824
10049
4967
9298
9447
7582
6993
4029
527
3282
12936
10921
9056
3110
2953
9929
12171
7237
10925
826
5512
6135
1975
12286
606
11217
12812
2444
6021
7447
11466
7992
2980
2727
1834
5873
2408
9770
12468
5968
5591
12901
1035
5256
558
5658
896
9275
1099
4124
4063
5979
12047
6663
3866
8633
6553
467
8096
11029
429
2936
4247
12311
3599
6088
9191
1333
10137
1484
7815
12494
9274
8482
12300
5746
12966
10310
7306
4322
2791
10683
10540
1860
8251
5134
12040
4616
6590
6563
11453
1454
9296
945
3650
3450
9633
8197
9753
4685
5302
8653
12403
4522
12355
1102
8665
2701
8976
4080
9242
12138
1135
11618
3850
4073
10847
2697
11952
9554
2182
1090
2094
11185
7427
3884
7065
12198
6205
6314
6915
1448
5952
1176
146
11433
11546
11675
1893
12445
6942
2210
3909
6348
2297
565
2445
12398
4332
7646
8419
4305
5905
6377
11216
8262
4163
4056
4891
722
3720
10842
5920
9478
3795
2524
5948
12530
8725
10102
1071
4268
8977
10862
8889
4290
2291
5549
7064
9476
4100
83
12152
12022
12524
905
12264
4307
1243
5065
4120
3307
2102
4469
7970
93
9740
2816
6573
12959
7074
1829
12389
7668
12975
12887
9580
5726
12698
10481
4424
3121
531
2552
5064
976
12608
8292
3975
11032
346
6806
9833
620
6554
8076
2819
8074
1835
9033
1959
2439
8415
7093
942
11915
11219
7251
5189
247
514
2805
1245
7293
211
7052
10176
1569
8139
109
8785
9635
4304
10002
9670
3636
10341
10306
4473
12837
6905
7675
8505
5640
6131
5201
12262
2534
5113
9534
8897
5650
9381
7898
78
7028
1714
12617
8980
3404
5915
4764
11780
11284
8738
7452
11919
2920
8589
6872
5330
7234
909
1628
8224
9606
4078
11413
4682
102
3565
5424
604
1915
9213
5458
6587
7786
6843
3092
12923
7198
5668
6241
10740
3189
10852
9750
956
5292
1399
12350
2097
12465
6274
1464
9808
6457
2374
3959
10879
2845
3867
5460
10997
11173
11041
1903
4492
1861
1631
6762
1751
8681
10593
5584
3359
8004
10511
9826
7738
4394
6016
1900
10138
2818
9490
12829
11615
6029
2976
1103
10045
2076
1749
6855
10357
869
11668
8672
464
5075
221
465
9977
3938
9318
2878
5277
10186
6279
2749
3336
1550
9119
11840
7756
1124
2231
5926
3105
3860
10620
7808
9697
5950
2541
4381
9978
8498
7697
3846
8155
1700
1720
11679
11411
4990
7035
2605
11990
12492
3457
11421
4756
1706
5854
1695
4103
7321
8887
637
11791
11452
12976
12157
8647
12474
11250
6260
6724
4206
220
2764
3883
2223
1191
296
12573
6114
7362
11776
4147
9669
1875
795
6224
12977
5008
5685
6984
2191
4485
12643
5257
762
7305
12290
2261
6400
9396
234
11286
7592
3926
12428
11963
10446
3425
8730
11994
10166
7246
1788
2461
11023
694
9520
10606
3718
10243
5210
1325
3976
929
10421
4662
12176
12557
10389
5671
4773
8690
3398
10586
7775
2393
3408
3385
7339
7146
5074
11974
7905
949
11467
6447
9028
11652
3480
1295
10650
410
3794
7670
9612
7844
10857
320
11736
10528
9137
3722
3361
5213
12580
9458
846
12113
3314
5725
10023
10515
8333
6924
9738
3281
12640
642
9751
5827
4816
6269
9933
5743
5932
12623
6355
11842
6969
4323
5181
960
8005
4606
10569
7790
5416
3256
7601
1798
12828
5
5863
5586
7932
8212
4569
4189
9475
4559
5872
11582
10575
1335
711
3302
6506
683
2135
1027
3386
5006
7152
12658
5862
1036
2987
9922
12593
8682
1779
5098
2287
4548
12651
6623
6300
6494
4109
3839
6858
1689
1073
944
5822
10641
8833
9045
9322
3914
7411
10977
9022
6140
536
3191
12532
7469
3036
1112
2951
8102
3363
5941
12146
1163
8147
12817
4312
4046
9310
864
6100
2419
6978
2125
6967
9461
11881
12214
2484
8152
8274
11123
11183
2952
5476
5849
8739
599
11884
7928
8556
12793
9746
3967
6496
706
8219
4872
8946
3201
5509
2523
12692
5441
2337
2224
1347
703
5223
12265
1654
376
1185
12210
3520
2472
4655
3798
10133
1387
10029
4
235
10632
1950
8939
5437
10902
2184
11871
9690
12091
749
11076
7097
2587
3448
9904
11057
5600
825
6113
282
11935
7877
12746
2841
11199
6836
5884
3800
6997
10198
10771
145
9553
4302
9353
8014
6293
1618
6616
9717
8860
2592
4952
9326
10188
7071
6475
5247
11122
7331
3134
5779
9416
8972
10601
3572
12227
716
6165
11244
9041
832
9896
1876
1432
584
10858
10856
12921
2323
10711
12082
1180
6078
3994
3714
334
4541
7371
482
6236
3017
1771
2285
10577
1489
11070
5525
196
12914
5943
6319
12319
12614
2260
3946
10748
1538
1963
9212
2737
5613
7163
10185
5131
702
1907
7602
10368
2118
4871
3115
5209
3657
7771
4543
11317
5358
9425
3944
9255
5154
10397
4590
3563
6682
5169
4395
5686
9910
3758
3221
2071
2641
173
8348
7179
9529
3395
12860
12137
796
5018
4589
9758
6455
11065
11707
11663
6837
9111
7984
7208
3313
6446
6748
6495
8586
184
5282
3555
3488
1526
9156
4173
5272
6388
6510
3780
5004
2051
3138
11689
8561
8137
2236
3816
4768
6802
4284
7368
699
6360
11118
9374
752
12970
12822
3999
3345
11571
10278
4434
12031
3928
3606
1327
1380
9798
568
1052
11545
1755
9946
6571
6758
1800
4161
9147
12839
2011
4781
934
2311
7742
4110
9551
11364
7986
5366
10000
12415
3492
5890
10088
9433
2833
6499
9596
6988
1873
5585
9271
3083
3632
1225
993
769
3101
5124
1288
4214
8032
5666
1447
4842
7128
419
9025
6353
3490
7144
10844
2325
9228
12780
8245
11953
14
11832
8120
7671
813
10074
868
7268
3312
8081
12622
2860
440
5439
1453
10996
996
7878
6134
897
10863
1123
6410
4712
4094
8018
11440
12240
12114
810
9707
11348
3097
8553
854
3126
8232
203
12249
12014
4571
3037
3410
4005
12451
6793
3165
7987
10509
2388
9032
6650
5365
12254
8694
11858
761
3791
10118
1315
12407
1884
10257
3456
10500
3378
5546
12940
2894
12957
6981
8595
11885
7259
9954
6679
9945
1564
5866
6796
12485
7029
1459
7706
7165
2324
5598
8883
12400
8028
12174
2353
10456
6237
12488
7821
1011
1837
6289
10638
1342
8269
1384
8689
12237
1212
3778
11574
8580
2292
12201
7273
12647
11867
2686
9040
2126
8406
4407
11910
847
2612
800
9533
3133
2381
2418
7730
9867
1868
1601
12134
2312
9714
6352
816
10206
5916
10521
10298
3002
11682
4529
8989
433
912
8283
12760
1583
10093
12207
5371
7625
6317
7894
9783
12953
7698
11067
5612
8745
4744
1145
3035
130
9009
3144
8659
3225
9663
5401
6784
3721
5817
5072
3140
5073
880
7370
6240
4313
7451
3400
6977
11143
4507
5682
6225
6608
1390
4581
6596
7170
3913
2065
2091
3171
4232
4678
3792
10626
387
539
2959
12377
10321
9390
5356
8686
6490
12572
11160
7438
1597
4405
8265
3254
11817
6108
4514
12624
3772
11101
705
11917
985
3021
6089
8931
51
7669
5785
8353
8323
10774
11557
6223
9792
10832
2762
3863
822
1416
9763
8467
4499
4018
11529
12149
4034
8201
1978
9283
5933
4964
2643
3922
8335
1457
8902
2235
8365
12778
372
7507
6536
12496
5354
8332
1173
12865
1888
63
1718
3419
12354
3600
9388
6202
11895
7110
3499
9083
8429
165
4218
9682
881
11698
782
3726
8454
4442
5345
10144
4726
11673
2509
11245
12431
7105
10815
12903
6529
7182
2836
8487
3493
1064
8904
10
5164
2273
8667
12288
8136
112
920
9546
6356
1499
6581
9673
4137
9291
7553
5987
7699
6153
11483
5728
10890
12321
3748
12830
1476
3013
9850
10332
5364
169
7611
5116
4943
828
12954
8509
5484
10034
2667
12327
8802
5485
5357
4676
4351
4903
3978
11126
732
9064
6020
12393
8811
9219
5052
4384
740
12762
1427
2227
9859
2385
9469
6543
2660
10037
3640
7799
657
6945
3796
9368
2351
6660
108
3822
8098
2000
5395
11275
7526
4693
4126
12399
2167
9295
9543
7659
240
9756
4327
12950
2927
11681
7662
2424
6042
304
7424
7172
8300
10382
6539
1746
2389
11852
9001
11850
2481
11222
12529
7395
2456
3219
4652
9263
2915
6051
5101
811
4575
4992
8691
12559
7919
10374
8930
12638
259
9483
7637
3137
11770
12883
10472
11943
12132
4846
9917
10707
12064
1552
3077
5648
11513
735
7676
8326
2140
12020
8777
8312
9616
8484
11515
12951
5955
2491
9123
12843
6065
8825
6755
6745
7429
7263
11993
1881
11103
1529
3365
9113
686
5410
2344
3220
7955
12392
7999
9180
2665
6848
11796
8548
4258
697
695
4104
7665
3601
4866
7633
9705
2828
9786
7870
3664
7494
6120
283
6262
5108
6722
4989
9522
10886
6732
4656
7868
2403
10178
12915
1555
9036
9394
460
8942
3895
9287
9069
2023
2340
2795
12838
2597
3325
10379
11578
6185
2565
1986
9545
11862
8003
461
11981
1388
2427
10281
7782
850
12220
6045
1235
9211
1556
5419
10020
9556
1475
3553
6555
844
5828
12390
3535
12673
1624
8800
4708
11081
10401
2401
5487
1433
1272
12397
12824
1831
9464
1587
10308
9502
8070
12743
3272
10377
12534
10982
9245
3793
8543
9947
2624
9027
1369
7199
1496
8628
2542
12331
6182
12866
10006
10189
12874
8578
5593
321
125
7517
5972
1841
8651
8827
8492
5028
9487
10597
9887
11946
1819
1392
10081
373
9085
1544
435
11392
5560
10497
6468
10246
491
9485
3585
2570
9555
9558
4733
12275
9498
4114
9805
11476
6344
101
848
9339
1543
11082
10350
7250
1495
803
10759
2226
1038
3389
4579
12455
493
2809
207
8937
10095
8627
7409
2047
9941
11758
11484
2366
9093
3787
3904
91
1916
12853
10155
313
10779
3942
4432
4478
4913
5526
6530
6651
11377
7397
9595
7313
3554
1477
2973
10149
4149
7578
4503
11099
2253
1518
11983
9784
5769
1919
5992
3669
5435
9879
3983
10841
6026
12710
4896
526
5811
4183
10897
2121
12069
10686
6507
5946
11017
3929
10595
5715
10230
4670
11809
1909
4096
7674
1711
6893
4901
11872
10812
1350
4558
3437
10981
478
3705
3117
2744
11520
11354
2301
8394
7069
5451
9715
10562
6390
11561
11757
4637
11075
11811
12084
11959
5471
2386
10032
12383
7053
524
12450
7446
1198
5754
1890
5550
7399
6105
9821
12683
7324
6014
613
6568
12013
2772
12230
3451
3280
9903
4815
4113
10454
11608
9998
6538
12039
1208
6685
8969
12430
7593
6689
7470
4311
10223
9916
3754
2654
1261
6795
12558
7924
5967
11765
3851
11470
6280
5951
8469
2602
9913
3571
2693
1879
431
10919
28
8512
2719
12080
3582
8166
6037
2015
9304
7181
4577
7652
4598
7889
3315
416
11508
3955
6159
1088
8822
7126
4058
2759
12017
6056
11942
5842
9359
10800
12888
4552
6645
3072
92
2735
10130
10627
7537
9628
5463
4863
11162
10104
7530
2482
12002
55
3790
8894
9878
1029
2042
4263
5111
5597
12571
10147
5796
8521
12548
2437
2540
6961
5400
10077
7949
7532
2320
8564
1440
10117
12371
5212
4651
11501
3286
9235
11335
1960
11415
11845
10651
2905
9164
10464
8495
7939
2100
12660
6957
6944
1773
8717
5579
12881
10986
11028
8973
948
216
10294
9653
11030
7303
5048
362
5380
9328
6305
733
12291
772
8091
11995
8352
1878
12870
4877
11839
9531
4793
4996
7425
9435
183
11738
755
2742
5440
5577
6441
6825
10741
8645
7124
5937
6375
1302
3329
4228
57
3227
1241
6106
2919
5222
1668
7347
2139
2522
3728
823
9081
12943
12105
887
6345
1114
8424
6523
12203
4388
4233
1301
4006
8991
3086
962
4289
11393
3552
7474
11505
4244
6031
11312
4015
10662
4436
12702
7475
8741
2553
3598
1062
3934
10021
9450
10513
582
9847
1446
12937
7326
8180
4921
3829
7483
12107
5538
10718
9586
179
2077
8203
392
8526
5294
12523
10533
1187
8945
2288
11461
4192
1324
348
2314
1990
11639
4647
128
11958
2116
9626
7973
9039
5744
4238
9058
8125
8856
4933
3150
8287
10698
4342
6759
5225
7962
10007
10972
5461
10574
9686
3757
6470
5678
195
1053
5775
11489
5964
182
9392
11579
10769
2858
2156
9063
7732
328
9999
3511
10630
1586
9649
3342
9448
2189
8678
9021
9499
965
4066
3770
9006
9600
2033
10201
3352
839
87
11237
12627
9155
8574
5162
1274
2702
9956
4920
8065
4437
3087
9684
13010
10598
10398
6155
395
6370
7354
7529
10677
314
8441
6487
2611
5053
4160
9341
7557
413
7416
1186
1310
2861
3522
8347
4123
12669
12740
7087
7210
10881
7148
3660
2039
7892
9610
861
7705
233
8984
258
1298
940
3228
11012
65
11309
5011
8434
11588
9480
758
1968
3089
7342
1207
12369
12535
9382
3856
9493
12814
45
8524
4971
10768
4414
4885
9914
12777
2508
3432
11021
3747
6871
1162
8986
11218
6828
360
11687
3573
9169
10531
941
2199
8021
12722
3489
8764
8385
6567
144
11833
6835
6210
11549
4806
3957
8660
142
8202
6913
792
3495
3116
7770
9343
4145
8687
6934
3631
7613
4643
1338
5157
10227
8444
3877
7135
5317
3730
4441
488
11973
5870
6147
16
1683
12035
3444
8692
12549
2117
10631
6709
2207
5910
6929
7672
4639
6251
3710
8702
8929
3047
204
4547
3919
6075
538
1059
7551
2785
397
1195
8017
6151
5035
7242
4551
2204
7653
5610
6145
8198
10423
4617
2493
4941
111
4171
2133
4039
6287
11283
777
4631
4379
2469
3360
4737
2600
9138
5695
11709
8641
1041
2194
8862
4479
10136
2924
5298
10413
7612
1032
9775
3104
6996
12538
1488
9843
10570
1425
4386
5348
1194
10798
5928
4562
7595
12027
10563
10643
10033
8816
7080
9167
7850
1713
2793
4993
5313
5960
5382
9518
12983
5791
6458
3030
12655
9524
339
12635
12033
4329
11941
423
11201
7791
8626
3334
11460
6417
5531
4798
12986
2990
1252
12073
8677
9657
6771
12650
7654
6190
10146
4389
2923
8964
7506
193
10538
5859
11651
10345
3023
9068
6163
8195
8278
11396
9695
7767
11117
9985
8948
4297
9815
9542
8820
1506
10835
5957
906
4876
6868
11801
10487
12015
1067
7340
11636
507
9973
5240
3136
10420
842
5919
8905
5789
12752
8421
10022
9002
9192
4783
9202
639
3292
6211
2052
49
1778
6999
355
5438
1844
5865
10162
3003
3367
1119
12521
7982
1877
12497
2343
6588
3155
7708
3159
745
6408
4778
2717
7979
11726
3326
4772
12238
6399
8321
344
6127
603
7560
9987
9963
2371
2405
1964
808
1537
4336
5679
4765
4701
11233
12196
1936
6659
10751
11187
628
9428
7081
12968
6519
6234
4953
6466
5847
7248
9172
5663
9393
11198
7058
1525
8108
9948
10457
6119
2798
5523
11341
11363
566
7550
4705
10354
11493
3238
5305
13008
10098
4076
347
7106
12364
1661
2985
2112
10763
3413
5662
7694
5032
4042
2195
774
8585
2753
1107
6688
11051
12925
10467
4902
12596
7051
1297
10005
7401
7806
2898
4822
6888
10952
5017
7197
873
3788
4191
6115
5580
11622
7683
12280
1033
731
11
9623
10682
7902
4391
12375
2003
1279
9730
6574
8384
1941
2521
9794
6790
592
7956
12505
2423
12413
2034
12770
583
10301
3327
12090
1308
12582
4490
4924
12269
9967
11289
12429
10765
10099
12376
11864
7942
9193
1898
11986
5500
4658
8411
10279
10252
3130
10728
7916
7779
415
11242
6599
12278
1290
5998
1657
6483
10303
4855
11278
9996
12500
7406
10119
1512
7594
7300
6637
5821
4671
12310
1115
7687
6498
7346
2225
8082
157
5730
5180
647
1471
2682
1444
12552
12408
2947
4525
4057
9955
2106
617
10775
126
10404
10813
5510
2704
10076
11257
5590
4107
8699
5566
12212
6856
10548
5262
9494
11368
10732
6841
8898
3750
10145
581
4850
2769
12556
6613
2668
7618
11874
6181
8253
3032
6570
943
2078
9008
12423
5706
6177
7873
11138
140
9990
2739
1429
6584
884
12
12670
4350
10200
4843
6226
9135
8029
12934
8277
1121
8826
11016
4572
2582
3391
9659
12662
6938
1061
10968
7746
10383
8328
5158
10853
6282
7185
4596
4453
6661
8110
3459
10503
9780
10672
11093
4316
4688
959
10807
8422
10080
6863
1322
4027
5264
6272
10322
8817
1240
6626
4119
11559
12236
11831
4660
7997
8473
9042
11423
6332
1497
6459
8230
1138
96
8999
10584
11562
5079
2255
3927
12684
6351
4493
9477
5833
12681
1268
12784
9197
3685
9444
8288
1717
12700
12961
4213
36
3566
7382
10699
8343
8204
2163
10249
7509
3916
11172
6701
12671
11230
1805
5939
10468
3683
6354
2800
9
310
4117
32
7572
8864
4413
11654
6629
10086
10799
12714
2514
10964
2591
11243
4538
11844
7952
12904
12316
8791
9442
9765
5815
3484
9150
2674
7309
4622
1244
8759
2122
12405
8089
3551
8746
4088
11296
5631
7495
5993
2181
1372
11486
5712
12387
3779
12603
1797
4376
1098
5975
11868
6062
6580
11876
6288
8456
7586
5378
1132
2807
10314
551
1925
1696
10924
2304
12100
4234
7723
9080
8906
5557
12378
9581
11379
11510
1973
984
9718
9431
6939
4003
4795
10776
12750
1774
5023
9869
3416
10471
155
4835
4090
4043
11716
4421
298
12417
1508
4681
8221
1891
2555
6398
8853
115
11563
10419
11288
9030
1224
790
3373
12875
3084
5016
10667
9514
11342
6873
11534
1783
11234
9258
5850
8228
10018
9389
8471
8169
5012
4895
1853
5325
2492
10808
2568
7418
5418
1895
10251
10978
6015
361
8876
466
6742
1111
10736
5061
64
659
12727
5086
10331
7407
3216
5296
4177
6704
6427
5611
6243
9312
12439
3340
6012
721
9465
1974
7095
5193
7159
3688
6503
9117
10828
8114
2962
10599
10060
8581
4471
5194
6708
8859
5301
11419
4567
3462
1603
11730
7591
8289
2279
4001
1271
2001
113
4973
12333
9742
12820
11629
8226
10735
4956
7383
2074
11834
6737
3106
8854
9807
9582
9078
2105
5838
9536
6017
11326
11204
8650
12833
6170
801
6956
10829
1368
4115
9771
5234
1647
7831
11777
6033
2038
3827
4615
7410
9752
6846
5369
4770
2593
12721
9240
1585
4084
3782
12857
12396
7466
1823
8206
5054
12967
6811
7925
8338
6730
1375
1673
7690
5752
7558
3500
2399
12751
11644
12386
3587
8048
12404
3332
3277
9974
2002
10217
12570
11982
6947
2432
3699
7895
1675
11606
8839
12125
6502
1765
11420
2397
7465
7588
6537
2661
12234
3051
1104
11332
8768
11083
2394
9430
9934
4786
8478
6864
226
4154
12769
3388
9236
7178
402
3843
11667
7897
3343
12296
10040
1321
5981
2044
3997
2332
4497
10578
10431
9590
2991
309
8601
3776
2557
12756
9340
9777
570
3108
8767
9270
4999
12366
471
5697
11094
9104
10263
11369
8908
6364
2447
8163
7643
8619
7353
7256
5188
11472
3344
11695
1266
4789
8156
5291
9844
2229
6526
9411
10210
4758
4837
9163
2220
7310
5594
7717
10013
6063
4242
7744
11264
4528
2797
2629
3180
5328
12754
5192
7033
7567
1226
3161
3713
12010
8068
2085
11054
3806
10236
3266
11223
5231
936
325
9222
504
5885
4086
9868
11873
10954
5190
12891
2857
5479
8870
10878
6230
3502
5653
7891
10585
9604
4932
5230
4433
8567
4940
855
8769
8133
9915
480
11593
12438
10296
9776
2327
3382
4422
7508
4382
6890
5238
12167
2718
4253
273
3665
665
1028
4075
2369
933
11991
1558
12024
2879
10449
10016
368
7104
7215
6928
11144
252
9462
4245
10995
8849
6895
2754
3453
3430
9530
9035
11175
12469
1716
11287
2159
12842
8933
1276
3000
2576
3204
1434
612
445
90
5901
12363
2678
5153
7147
1702
3100
9624
8963
12882
2971
2859
4689
8761
9836
12831
3438
6875
9325
4591
6548
11916
4898
4649
12003
4374
7801
3602
1141
4334
2657
7629
3390
10479
8896
6253
7645
3989
5722
3328
1329
7272
11154
6919
10131
10082
2644
8831
8309
11236
6766
5508
12742
12145
2968
2372
12179
6404
8307
12011
7516
5172
4318
3122
1610
4011
10737
11324
7267
3199
6542
9788
707
9713
6041
952
3333
3709
8823
5407
8575
11714
10318
6640
7459
7202
3375
2083
11700
7421
11680
8290
5623
12294
3762
4894
10315
1285
6641
10181
430
6472
9654
3648
2912
12259
53
649
9473
11475
6673
4511
10476
7045
377
10039
10047
10883
10635
2623
11025
3048
12142
5768
5753
9895
998
10293
9795
8783
3802
2638
10326
747
6982
3550
3407
4820
9841
268
1054
2847
11927
417
10120
6683
9136
2280
2640
11427
1040
5039
1450
1635
2877
11558
12537
12841
1200
10367
11150
12687
4461
519
5393
7792
1511
6267
10233
1018
12567
9329
1590
662
5026
9214
9723
10410
9153
12477
6540
7161
4792
164
3295
12218
4426
8483
3531
3211
8184
12502
4475
5843
5274
5680
12929
11686
955
428
11315
2825
12388
2162
11294
426
11378
7415
2113
9075
9749
9835
908
12514
11517
5081
3947
1354
7031
7314
1917
9883
8809
5965
6810
866
8294
7296
8949
12691
5802
7479
6301
3022
3536
5647
231
274
3549
2869
12172
62
11710
2547
11785
3945
11073
11293
541
6238
1804
5846
5289
7221
6505
4775
12563
9016
6610
11141
2811
7491
10035
11442
2087
5764
5058
7176
10980
10268
779
11036
12527
6125
8658
9511
3226
10969
8342
4494
1600
12861
6491
8762
3874
7002
2471
8000
9667
3558
10717
7865
4000
1360
7274
11633
6776
9930
6049
4624
7631
3296
8879
970
2183
10242
7066
11381
6158
6603
5417
2402
3096
5183
11978
2853
668
9070
5894
2246
10107
10887
9538
12374
266
12520
10067
8655
11496
6430
9373
1954
7477
3374
9101
1278
7311
12764
3111
7965
11340
10506
11634
4563
10734
11998
2578
12012
4495
3461
2887
10721
4957
6448
5857
10338
12543
1604
3541
4121
12645
2370
12672
1438
5502
10393
3769
2081
12972
9327
8598
4315
9175
1852
5361
4760
9194
7584
3785
5140
11587
2964
8213
8779
2940
10184
4269
5949
7812
8932
4908
13004
10696
2930
7312
3646
10950
7220
6156
9976
10191
1490
10055
8621
11139
1084
4162
885
11383
8544
5513
9427
729
9952
58
4148
1739
10928
41
12246
8095
1945
1373
7554
88
2823
4741
2966
11825
9906
2305
8709
5285
11882
10115
5286
12661
10259
4831
1956
4270
11723
10697
11848
6853
2650
8877
1866
7511
9151
12850
80
4566
10772
2150
1328
9065
6414
6485
1708
9429
5864
12604
1908
817
4393
10177
1394
2124
9864
11704
7501
11784
6079
7298
9230
9146
5398
2093
6215
5171
5824
1126
11826
1485
225
1069
6959
9355
8127
9294
1374
4309
5182
2283
2969
5807
10791
5469
3911
7258
5271
9403
10608
9651
1435
3063
2510
5655
5051
7901
11147
6991
723
9709
4199
6671
3690
4742
4565
7684
12250
4321
10687
10359
6245
342
10546
6009
6604
2200
1859
1465
11789
12165
2202
8049
7565
6436
4508
8900
11598
7667
5090
11745
3479
7716
10778
2395
10360
3487
7270
10054
12758
12600
867
6381
8606
5083
5734
11913
830
5020
85
8104
4959
9459
9565
3673
5306
8073
2244
2972
12985
10571
9549
9432
9767
11457
8551
3616
7869
9324
10870
2362
819
6024
9900
11020
7628
7513
8569
7083
5826
378
1188
562
9515
11343
5125
1204
9334
7216
9943
8499
7722
5343
9436
5138
5713
8019
10912
6862
12788
3695
12745
3675
5205
10017
12649
4248
12955
6330
5482
2041
5259
11053
10153
10245
9378
9206
4087
6702
4409
780
3939
106
7661
4931
411
5536
2228
12205
10459
6006
10784
7900
6652
10473
12591
2058
9809
11159
9159
12832
9840
9564
12101
2027
3371
4526
6882
1514
12956
8636
6525
3694
3007
10010
9573
1967
12999
6964
8056
3507
3075
8239
9613
8710
2497
4227
10324
9886
11398
7113
990
4612
6940
2648
8668
1846
7026
7857
8765
1227
982
10402
4294
11887
1899
1914
4787
8275
489
10442
3824
9367
6844
1419
9726
12489
8749
8088
12202
4435
8840
10445
11968
9106
6953
143
1147
2647
5470
4512
8842
7520
73
12897
4634
3799
4033
12586
6098
3059
11494
9685
4752
12483
4969
4979
6268
4754
335
6188
305
6445
4285
12725
968
7330
3783
10602
7959
10611
7714
3680
6204
9379
27
3733
9273
701
5207
2909
2551
12952
6894
874
12336
9383
7434
760
11535
3875
2198
5830
5711
2400
12699
11643
4169
743
7571
1801
4091
4276
12058
6124
11638
7977
11628
6335
9525
12402
4586
10216
11193
3433
12177
9317
11100
8024
6630
5076
2626
656
1469
6903
11196
11258
5284
9330
3147
7301
6350
9495
12590
6053
11469
11944
2158
256
1247
10615
2264
4668
3182
12735
3435
8557
10989
4170
9603
9481
1293
8476
11719
5860
1
1728
7369
2068
3634
3186
1738
6842
4972
13001
9047
3356
4069
1745
5984
9308
10659
750
43
2904
2315
11033
6658
3233
9375
12871
7896
9099
10132
2957
11828
8996
9731
10591
308
3766
11626
4847
10782
11827
10660
11499
585
9631
5406
10680
12229
8607
8993
4829
2989
8190
7552
12615
8541
3725
11763
4513
8503
10523
11313
12776
8799
10820
5732
1501
1721
11490
3622
11762
4925
9154
3319
8695
12886
7640
74
1784
2843
9479
1921
2680
260
9983
1575
159
1193
3581
2720
11671
11922
5215
7436
2738
11754
10920
10453
10752
9247
215
2645
3460
12872
11485
1074
765
4430
1674
8012
11564
11937
9566
2908
12256
8341
12686
10205
12896
638
3529
6320
11630
10426
8085
6040
736
12251
7000
10957
11778
523
12862
12767
12260
5751
10786
786
11725
3073
9124
8813
3662
4465
2837
1042
7941
9858
3149
7092
345
4619
999
3807
7213
10262
12512
1578
3559
3756
7903
5066
1560
1535
81
6299
9778
3638
1284
11386
902
8907
8661
8722
8795
11038
10644
161
5402
84
3889
9503
7504
103
10956
6874
3950
9988
8132
12541
1248
3556
6111
11409
7743
4447
3596
629
1413
5429
3952
3716
7304
7
4439
11429
9908
12178
3625
9811
6914
8751
6316
10255
11597
5216
6788
9231
2455
5599
6754
11903
8612
6435
1663
11448
12605
10096
3918
10375
3887
6830
4070
6611
1017
4300
2789
10710
1849
11417
8913
9598
10114
2504
349
3890
4081
4372
11366
8527
8481
7926
10545
119
2501
4698
306
8732
4346
4883
3735
646
8593
10746
6911
6605
4826
6824
11329
6277
3308
10214
7510
2350
1570
1547
2421
3615
6775
2376
12023
6362
7389
4278
5978
6425
8884
4182
872
6609
4252
1520
12239
7614
7283
3979
9400
10240
8263
7252
12809
5059
9668
4963
9305
11080
11924
8255
8298
1397
5575
11090
7223
5389
9404
10700
5206
535
3658
1563
11373
5062
1808
4083
2943
12048
2967
5869
5813
5737
5239
11206
704
6669
7068
4729
11227
6520
10362
587
1701
3069
10194
988
12143
4468
2138
9216
11403
5814
11645
3642
2367
7651
1144
5141
12037
3380
3099
8604
5067
12026
3533
4144
12075
2520
11308
6667
11691
9994
2489
1420
5363
9721
12139
6046
10702
10170
9901
1685
10269
7728
11280
7899
2583
7167
529
2059
10180
4823
5877
6931
10264
2750
1793
6090
9656
11290
11095
9969
12840
7432
8536
3672
2149
10713
6034
9402
6082
5387
5935
8600
5148
1942
1137
7847
7014
10610
4724
7817
1923
681
6497
7587
9949
1707
2119
2572
11254
11759
10336
3207
6899
1467
660
2683
680
3924
7623
7803
10304
7449
10656
6907
7404
208
4292
5963
11310
1750
3848
8208
6834
2848
11247
12248
9066
3667
10458
8001
6792
262
1400
8753
185
11424
11688
10567
12180
30
501
4605
5582
3649
5089
6290
9991
5552
6597
9262
9079
6368
7227
10999
12927
3486
8848
7657
9876
1500
4204
6607
2752
2308
11000
9905
8322
12931
10564
5718
5349
791
1050
6339
1220
7541
4707
5498
3639
2089
7385
10822
4085
506
12588
3050
11273
5161
7725
8700
8396
4373
1072
6889
4927
8845
4728
8369
11295
4537
5660
1494
2168
1228
925
9289
9109
3337
2945
9802
7749
6213
8477
11210
8247
167
2525
12059
6164
2652
8631
1997
10565
10182
4025
3575
1839
8798
5288
10012
3079
12609
11042
11148
10625
8249
2874
1872
4067
7630
8041
12330
6109
4922
5334
7280
5025
8965
7841
11820
3593
7693
8094
2956
2360
12892
7754
7207
738
5522
10949
7636
6598
12432
9591
2134
8002
3297
5887
4082
9449
9252
6321
12510
655
8374
2806
2689
9677
9098
2016
2581
6614
11209
5221
2871
1522
5616
10333
11235
7279
6073
4720
7085
9269
5717
2630
5625
9143
8602
9314
8747
5335
995
6118
6307
8140
6921
11140
10613
916
2430
4229
8819
3717
1371
9563
7117
10553
4303
7648
2672
10501
11404
8506
275
2032
10542
7376
4339
6039
3027
5332
12359
12061
18
11956
11932
11595
1533
3299
3224
756
8445
1068
1381
6449
6126
5767
8427
5621
7603
5228
9724
8821
7616
5555
4648
9366
3943
4763
1110
11285
12964
8624
5606
3759
6306
5844
10143
9215
10203
2442
3644
10834
12271
5110
4805
9207
1818
6838
3739
2425
7168
7748
5462
3071
12034
8911
12898
2958
2108
6385
5377
1709
7153
6415
2642
8614
72
10830
4533
1983
4282
191
2801
8994
6493
8947
6107
8535
5151
10434
564
4839
8435
4613
7327
10739
7760
1232
4152
12155
9920
288
6374
291
9266
3262
5144
1579
1386
1259
2098
6228
3384
9272
3053
6927
5694
12851
4667
4139
8550
8594
1513
11795
4774
4641
5641
1134
269
7766
8296
3651
9303
6857
5624
11945
6720
8519
5122
3886
3306
9279
505
8179
10163
5841
5106
2726
5629
2986
7480
4500
3993
746
9232
11394
369
7747
7414
4736
6420
1744
9051
3471
6130
11361
8273
7062
9921
2096
5876
10349
11802
4364
4459
675
5578
8788
4845
2037
4958
9846
12920
7212
2619
6577
9335
7619
3198
10874
6194
5911
4193
6845
12971
12916
116
10785
8688
2960
1532
3164
7549
276
77
11277
1799
3095
5825
8234
1292
4099
1938
9688
5853
9195
8579
3166
443
10592
2901
11670
6346
11747
4838
5986
12437
3261
632
3148
9527
10288
1153
10906
3574
601
5200
3894
4456
4828
8990
2295
5255
6746
10583
6674
12511
8054
6794
11516
3357
4906
9457
1594
1698
10403
4530
12111
11798
9602
4168
10675
10967
7218
4009
7813
11086
5472
9848
10030
10224
5276
5548
549
11390
5852
7247
9870
8345
11631
1239
8554
10970
2838
8387
327
4116
5716
2708
724
10425
6203
6477
7419
1357
11900
10061
8362
67
8189
11362
3826
1474
7157
645
2941
2299
6392
1559
2579
1184
3031
11641
7967
12506
11072
2512
4909
6492
3613
567
10399
4809
6212
123
12620
1280
5871
8841
10792
10965
6764
1693
1785
11260
12918
6189
12801
9760
2506
688
7473
10655
2914
3740
3264
4266
9812
7849
12946
11816
4527
2387
1174
1599
9067
1770
1822
6798
9250
5720
1912
11503
8654
9470
4950
10378
7981
9337
8327
2178
6376
7120
10140
8340
4457
8508
2281
3008
7357
1257
8657
12526
2824
10197
4141
5014
898
8559
6221
1786
9857
2410
6718
8872
10882
2653
8640
11318
6391
8389
572
924
1151
1627
3514
648
12922
2014
8167
6990
8522
6677
3300
8713
9950
2748
8023
9205
318
12424
1281
6169
2716
10951
3195
3661
2341
815
6524
12298
8971
6083
2298
12768
4858
4411
10767
2345
9958
12263
2412
7364
1326
7627
8763
374
11337
6760
4978
4415
5046
7610
6839
11977
5427
2862
1462
907
1776
8075
7911
5185
626
12335
3698
6018
4143
3525
11153
472
6252
12568
11792
2128
4732
2983
7009
9059
358
10019
2028
2810
696
8260
5099
8915
12380
6556
11519
8733
7996
10266
12942
6218
5191
4673
4555
1993
447
6976
10893
10535
9782
12367
3991
2706
5724
870
10653
9924
10903
1652
1316
10780
10221
9074
11957
4867
10160
12345
3840
9369
2778
11119
4179
6514
2490
6450
12965
835
9095
7422
5481
11964
927
10183
8366
5506
12998
11829
7057
1398
10753
5912
4942
4578
10873
10026
11269
11613
12675
3244
9676
4810
171
4354
4198
4467
3434
3464
6070
2621
1838
4031
3168
4454
11537
11456
8067
4745
10097
8881
4190
10985
11819
7217
4544
5527
8812
3668
663
12213
7966
12642
11180
448
6292
6693
10854
8520
7666
12162
4629
2151
4142
7484
3821
4306
4065
9504
8861
9540
5307
9615
11592
5126
12790
6552
12808
6214
5615
12381
9130
7989
10498
7344
7881
9020
12690
5729
518
11272
8013
3429
5251
4531
2453
12540
6197
9237
4691
630
2721
8405
9793
5413
5736
3243
5567
11019
3290
781
10499
9446
7355
4136
9696
12652
2319
1565
4403
12748
820
12242
2485
7512
5602
2892
11528
7968
2992
8069
3708
2546
7496
8368
3734
7639
4725
7413
4438
12049
1998
10821
1926
6035
11737
117
3528
2026
6885
3406
9297
4501
513
4186
2440
12447
720
3098
11541
11459
7322
8844
8016
797
8941
9557
5601
10729
3497
2045
5710
12051
8605
11787
3335
2161
7810
5146
147
10914
1646
5063
2722
2627
8178
248
474
8912
1231
8404
2712
7060
4848
12452
10376
3609
3801
3569
8959
10803
5570
3560
7835
8683
8465
9674
5958
3074
12098
10068
6019
8916
4156
5155
11890
10684
2529
9259
12501
5823
5810
135
11886
11843
2073
5227
12062
3424
9420
2428
9088
7514
5170
10762
12052
6698
7359
5700
1980
4653
5956
5456
8241
12095
4663
771
2687
2889
4397
7838
7162
9399
6606
2148
2736
8837
1127
560
6690
1946
742
10975
1504
4702
5962
407
6162
8664
12156
8489
4935
1976
2302
12884
11178
7091
2910
9288
3654
5340
10418
6384
667
11097
10993
4296
9959
11397
12164
10789
229
10157
9772
12495
6593
1159
10335
4474
837
10946
11418
5627
9466
7225
209
2787
10424
12988
10679
2732
7403
149
1816
4588
6102
7308
1972
8214
8418
3878
10691
12703
5565
511
8009
9277
2055
11860
4326
1057
5283
12800
5778
3309
6465
1015
12420
8344
6692
3689
11617
586
10945
3557
7133
12464
1524
9528
11334
11666
8638
3236
1519
5503
8329
6401
2306
9971
7635
9198
2053
7226
10365
10247
856
2518
3849
10134
684
5489
6055
11640
11734
9023
8666
13006
6142
9889
3906
8966
9261
11131
8901
12305
12598
442
5687
11060
8154
5693
4010
2780
4167
10979
1830
9874
6602
8646
8194
8697
10478
0
12283
11835
8211
2417
12648
12715
5632
2192
7121
7768
12599
12440
3338
9108
9265
10283
6367
3192
9387
3831
1030
807
1534
12454
454
11253
6870
4295
11576
9281
11836
6639
11771
3590
2639
3870
2662
2866
1096
9984
600
10716
10011
5954
10508
1767
7377
1741
11088
12759
8899
4371
8590
4609
2043
12306
8453
353
6422
4777
6418
709
6386
3190
5132
11256
1341
8701
9855
9003
11010
8446
654
8868
8796
3377
4172
1505
8685
9471
1962
5241
5355
1781
4585
5639
11079
10510
5021
4928
12318
4037
10568
2336
384
8450
12726
302
11552
104
1760
9993
4550
12981
1863
666
3498
3427
12720
6562
7622
8803
3123
10619
10859
11005
8766
633
1985
1984
11213
4385
12472
7442
10179
10372
717
9823
6278
79
1845
6932
3485
2187
4072
2916
2079
1311
5068
11583
1056
9567
238
9342
6467
5609
2659
10161
6783
12060
12018
12785
5446
12270
5368
4283
5493
10805
1768
1352
1091
2598
3847
1929
10536
8927
6851
8238
9652
6583
6248
2580
6657
11732
382
48
4704
6816
2069
10238
3317
10826
485
11750
9116
624
7130
4188
1608
2635
11400
11450
4749
10430
545
3112
8391
4574
11239
5643
2507
10234
187
11793
1658
8176
6166
860
5499
4870
11205
6129
1557
8443
6972
3085
3403
8363
11428
10609
11921
12772
2407
11805
11009
992
9161
4627
5308
3789
5561
7386
10909
5043
7391
12984
10451
8808
2188
10788
6867
7021
1722
6432
11599
7544
3752
12099
3666
12939
11200
2294
2876
7862
9127
8433
29
9345
6925
12479
10116
5812
7169
12401
2165
1164
915
5774
937
10369
533
6263
3142
11896
2884
1402
7535
3912
11458
5733
4230
9919
7621
6208
7118
12677
10581
1120
7380
10690
5449
4904
6983
9970
1682
8910
11259
7943
12209
542
2030
2333
8485
9609
6463
2215
12362
7951
2974
2415
1065
3659
3156
4444
9966
12804
10352
3350
4851
4951
2010
10427
11892
12935
8080
3370
12877
4349
11632
3153
6378
2331
7543
7206
1539
11263
9698
698
4946
5412
3503
9183
11925
829
3543
12835
11533
8563
1582
11502
12182
8112
10758
6342
6266
9474
8979
11914
8669
3935
7583
6672
7187
10295
9872
7913
11768
1349
552
4873
6710
4060
1339
11870
8086
1731
964
391
50
5675
11702
11728
4287
6312
5455
1229
5394
2831
12509
11297
6665
12639
9818
6199
553
11355
4102
4640
7599
10580
4455
5399
3321
5042
3618
6357
5273
5882
2267
5397
9434
359
10573
4888
3732
7275
4035
9118
3652
1066
3624
6612
3982
1747
1439
1246
12473
279
11203
3627
4122
6168
264
4515
5848
2870
6743
862
1880
5701
670
852
1901
8209
11002
11962
4854
12902
223
5224
922
6633
1466
9057
614
12352
2452
6676
12606
9438
5819
11142
2637
2700
11112
4127
3755
1638
11813
6714
11612
6829
5942
12566
5030
8264
10810
8957
11705
6777
10075
1740
10576
11926
11063
6087
10284
1623
3431
1882
7736
8705
11950
12406
5278
10072
10260
718
5755
12826
11965
2054
3744
4519
6242
10065
8643
98
1855
1403
11414
9102
1355
8059
12749
1210
3681
12525
10930
3885
5123
6589
3125
11550
5333
12159
4157
2176
5468
3653
4697
6337
12847
7341
10760
1470
3629
3045
9423
10111
7695
11567
1649
7679
12503
10849
8371
1133
2817
9410
7444
4633
6380
7282
6896
8153
7020
1814
1961
4614
5268
8128
1122
11954
5703
11624
7103
9456
510
5790
5252
9452
293
9803
2651
5492
8047
10261
10649
10865
12268
5696
12908
5342
1730
1275
10258
3399
3208
9936
8357
7534
11319
3044
643
6080
3174
3197
10175
12009
7721
6326
8919
10766
379
11252
8878
5383
7663
12425
5112
5603
609
4377
12733
4222
11058
2249
1754
10041
11194
11116
1199
11912
9561
9007
1139
5572
9608
6261
773
3056
11325
10391
11530
5448
10933
1498
10485
3041
6799
6902
10015
1426
198
6058
4706
10196
11109
7001
11043
11803
12657
2396
6664
11356
7345
8077
3081
809
3473
1977
7463
206
4178
9244
12910
390
2728
1046
3276
8603
3392
10483
10990
6198
10614
8920
5085
10636
3678
316
2711
12258
12004
3270
4055
7281
15
12304
12344
8780
554
7426
2561
3871
386
9716
11491
3318
7448
5922
12533
11232
11078
12569
3521
4254
6566
12858
981
9126
7833
3561
9703
5044
299
11197
5673
3949
5569
4280
1548
1294
7853
1928
11069
8838
11786
11940
496
8943
7356
1340
7828
280
1874
11405
286
2729
2666
1130
1870
4800
3441
192
10395
6780
9911
7787
10084
10618
8417
10544
7733
12792
4202
6426
5421
9316
10241
3970
10868
8675
6647
7405
3834
10663
2584
6786
5486
10276
6121
1937
8804
331
5242
4755
5995
1772
2398
12799
12272
244
8382
12807
6372
6968
7709
11346
3608
9351
1160
4592
8555
9313
12906
3206
12992
12309
8855
7682
4628
8236
1105
6235
4540
5532
950
4564
12025
5880
6980
9757
8789
10806
10934
11727
7561
6986
5015
10428
10666
9865
1979
6229
9964
7660
6534
9691
8302
8380
4181
12071
7797
6933
5626
5874
8584
12382
4210
12704
10380
12348
6696
12912
5541
10042
2166
9575
10083
9861
7177
6960
3579
7430
10937
8828
7922
366
6975
4483
4017
7076
9371
343
3965
12849
3777
1351
3474
7920
11077
3436
2779
3936
7563
4750
6595
3692
11879
11665
11351
7647
2216
4905
6943
6486
3422
12453
5875
5559
8062
5214
1931
5078
4699
1481
5175
4484
5974
9796
2681
10494
3534
8031
1260
2454
8975
7774
8118
3512
3278
5634
9605
544
8634
2955
2046
11307
9739
11191
9938
9060
7729
5727
10692
8408
1809
7711
7814
8386
6143
7995
7102
1953
6295
2478
8970
7540
4314
12689
6734
845
12187
5453
12938
10612
7880
8502
2240
1491
12340
622
12889
11999
3684
11062
10280
9453
5432
5466
6773
97
8146
6396
2237
11221
6884
2773
6052
3129
8191
10816
3607
3235
3412
7374
9584
11465
5275
1148
1424
12585
7762
2318
3271
12519
8716
8956
10658
7366
682
12211
4746
4472
3443
4239
11934
10747
3322
8891
2558
2696
5261
12191
12907
2852
12798
4864
8743
1736
7363
9521
9107
3038
177
12962
9774
4293
6464
7089
2446
10291
1836
1249
10361
12694
4446
11190
3751
653
10027
11249
10363
6878
9398
12252
8458
1686
7777
1982
12379
5495
1509
170
3917
9523
6265
1856
2867
1331
12357
2899
6196
10071
7978
12175
3194
2835
789
5878
2036
1681
3119
6582
8748
11623
7769
3217
9621
12029
9268
12120
9241
4852
7243
10953
11149
12607
2559
420
598
11482
7412
9744
875
858
4812
10090
12974
5104
10069
3102
9309
3167
8843
6239
12232
1637
7115
7988
3836
3379
4221
11711
4215
11970
640
11302
10488
9125
7963
6989
5265
7476
12225
7961
11807
9177
12444
596
508
7264
6001
2998
8885
434
2496
12813
9384
6500
10795
4630
8218
548
7393
12153
8611
8644
5608
6187
3771
6183
6270
6484
3637
6322
715
3903
3004
9552
2266
3592
12491
4974
12427
197
10490
12739
12110
8514
11074
8334
9372
4308
522
986
11014
11591
903
11145
12409
7236
2573
8420
8571
11064
2248
12118
7379
7539
11401
4635
7260
4431
8297
10616
4358
677
7214
7991
7523
2361
11646
139
8865
61
12173
10347
243
4185
12900
11049
1044
5515
4209
11136
2586
5347
2212
2208
8639
6822
9537
12682
9907
1807
10938
10209
6686
1671
10422
1913
12144
6407
913
12065
12042
5835
1905
186
4618
7840
9768
4761
4383
6656
7811
11207
6879
9944
5832
2594
4164
7626
7597
5896
10050
8381
4669
9204
3515
3
3273
1567
2282
6753
10300
2293
11303
33
6635
1211
674
833
1037
1458
6958
6653
5735
4679
5628
11018
8100
4449
9363
7235
12097
8116
8243
12289
2411
2724
10450
1592
3178
3931
9437
9634
6146
12499
9472
12803
9148
6638
9589
8159
8162
10850
6675
5816
3723
11300
5656
11976
1609
7533
3316
12632
10339
3026
3124
12978
7712
5677
7276
11181
3643
9445
263
7464
4380
2152
5423
7632
11774
799
9791
8801
6179
918
1626
12852
388
4808
5893
8035
8504
8383
5604
5547
8150
2358
5179
2979
10907
1530
11621
1423
8490
5105
11783
7839
5115
6195
10722
9897
3687
2426
12536
9661
2476
2338
1516
5886
7638
4523
1172
1039
11338
7257
6770
295
5938
8494
12928
12217
1078
10864
132
8431
1827
5450
12550
4271
6768
939
1712
10939
10465
9415
10908
9957
4827
7800
4236
6112
10825
8632
8271
6276
12592
3253
7467
11572
8026
473
6800
7462
7910
11384
1848
403
10866
12676
9547
54
5771
1862
3915
6782
11859
6744
5386
10843
8726
3517
6849
7664
2984
3078
6642
2925
4335
4134
2636
2603
4159
8752
7090
12868
3513
9517
11720
8873
882
7929
12775
2238
12555
1221
2451
4557
3230
11374
326
9406
7171
3859
490
3020
6531
5411
1396
1000
3275
3212
3239
9492
10714
8750
11933
4799
12050
3158
9220
4419
12307
4988
3223
6725
10199
6634
6433
227
10036
5959
21
6066
418
2269
5953
2174
4535
1588
6008
6854
3169
7604
12085
5676
11514
10502
2335
11231
794
11830
7277
8437
10552
8045
2911
10213
7443
5095
1323
9800
1367
4576
8921
11128
4299
7876
876
6592
4398
7372
8570
12741
1422
3405
7228
3232
9209
9852
2982
9951
7826
2677
4022
5858
10381
997
1670
3998
546
3814
5985
9451
11808
3727
3193
12486
11649
7855
1215
6454
2575
9249
2303
1216
6517
12332
3152
10935
1794
10529
7827
11866
5699
5351
2827
3508
11135
2310
7692
2714
2539
9129
9660
10388
6081
5128
8706
1727
1991
9866
6139
1345
455
10480
3127
1595
4695
10351
9407
10891
2826
9200
12122
4556
7781
911
10305
3804
8449
12890
10202
10474
1320
5024
3135
3481
930
770
8033
12193
12448
2734
1988
1022
2632
6383
1719
6095
2981
12518
763
9570
3414
9320
12755
6085
12544
11291
9638
9405
9179
1546
6545
3907
4101
11451
499
8857
3611
727
9243
7515
3937
10992
5704
3910
3483
5898
4713
4146
12460
10915
11931
3058
1992
7696
292
174
10222
1616
11744
4510
12696
3898
4226
7824
6728
5683
11434
7222
5408
11432
6761
1996
10633
8354
5339
12315
725
10971
483
2548
8622
3746
9292
3706
11439
5070
6765
10520
4985
3630
8126
814
7918
1940
2526
787
7450
7735
6819
3891
3619
7297
9201
751
6439
10087
9293
11056
5370
2025
5929
2379
730
11046
8609
4782
7230
7673
9871
2197
4272
3647
427
8830
12169
4672
12181
2123
5698
7156
11445
9350
1008
4882
11701
11353
11569
1911
495
2104
500
6965
1143
11179
468
980
158
4443
4751
11422
5994
2330
2937
4353
7700
7244
9225
3046
4256
2560
202
806
2970
1346
1183
8400
363
6200
12170
9968
9199
4496
7820
1536
5908
2902
5855
8293
12795
11443
8259
10876
4416
889
7848
8998
9539
5336
2322
2154
3540
8402
6488
11703
4665
7096
11847
2483
3383
38
5763
7378
12753
1362
5645
5433
2656
6827
6244
1479
2891
9077
11155
4991
9925
11521
7642
10105
127
11121
6797
10757
2609
1330
11918
9592
4948
8064
2247
1842
9496
1140
12701
6423
7737
4981
693
1047
4375
12879
9408
1581
4310
857
8359
1510
12765
3815
8414
10899
2368
2172
10302
9594
12717
9418
4757
5879
11480
4255
12342
11988
9286
8295
9395
3987
8109
946
4092
12043
12422
5757
6501
10947
3954
2082
12046
3362
3442
9031
439
3187
8367
5899
7564
12834
9319
1811
5321
3265
5799
5270
8663
9223
12947
6010
12711
3331
10831
1253
7437
11161
7525
6918
9015
2917
7739
8372
10929
12610
4098
2180
11084
100
3346
8174
5588
9397
1545
7704
3397
10673
3458
6405
10871
2275
7917
9365
7608
2031
4954
7546
1178
7192
9054
5315
5184
2375
8807
12068
8039
11518
4892
12195
4897
894
1999
7288
9361
2694
10353
5281
213
8141
156
1742
5038
5867
12618
10923
3252
7088
2519
11437
3774
6547
4246
3586
11548
6628
1431
6992
2796
6681
5202
6979
7909
4753
4568
9010
1810
10559
9532
11333
1752
12949
1503
2554
9276
6887
1404
1012
11228
284
1414
8468
509
12517
11006
7136
9190
11441
2307
12412
6186
7819
11120
4636
3810
1813
10894
12674
7394
7796
6341
8538
2062
11008
4196
776
9995
11804
6707
7286
2634
9176
11580
3094
734
12911
9664
12575
10171
1549
2614
4803
3504
4298
517
68
12821
9282
3428
10976
6922
1337
2882
9909
3837
9745
330
12419
10142
5931
1282
11849
3260
8393
7042
399
5488
2588
8516
3034
6150
5562
4644
10848
6329
8123
118
8015
6648
498
5403
3626
10505
9712
6579
10462
8122
3537
7343
4968
4743
404
744
9618
7338
11372
2007
1312
3992
6886
9132
12461
10709
10726
7328
6814
10744
1806
12197
5434
11133
11627
95
6666
8460
525
11818
3353
1758
10755
5102
12322
687
2741
1258
555
4019
1004
4008
5670
7073
978
10066
11797
2245
8157
12945
11165
6731
1079
11488
11512
3905
1410
8475
7027
1724
5249
2931
4659
12141
8407
1441
6148
6750
12933
6716
5576
5260
10693
9560
5056
691
5906
8113
12253
577
1902
6071
9019
12124
3932
10932
2903
3294
4021
4621
10165
1669
6064
1757
5097
6192
12183
12595
3519
2569
10617
7190
10416
2994
10265
4520
8331
2147
323
4054
2373
2760
409
1250
9728
3324
7860
12158
12347
10514
1629
10028
5452
12414
580
11098
5818
2420
414
5253
10507
6077
9026
11767
3482
11270
7392
11971
6900
3249
245
4486
6416
8613
650
7856
6624
10448
12905
602
1666
7904
2013
12119
12730
12481
9692
6739
437
2346
9139
7284
644
904
5511
11375
12093
3818
2530
4463
9754
13002
2932
12705
1389
5518
12948
4151
7323
5692
8066
10440
1026
895
3009
2883
9766
12148
3697
237
3784
2321
9960
2329
2766
12969
11614
12151
1947
11637
3076
7518
7607
5319
3132
8525
8472
7334
289
7245
11812
8149
1269
9982
1821
1515
7388
7138
9018
4966
4830
2942
9331
311
2487
9510
11113
8568
12421
9898
6741
6456
7834
12324
10292
11556
3763
12036
8698
5749
1356
5490
10605
10790
10408
3120
3465
2832
10254
10174
5507
7141
2080
2786
5436
5002
8486
10051
11920
9578
12708
10884
9181
8724
1580
12859
2377
412
783
12917
4250
4359
3016
6424
5245
11741
9362
449
6209
4045
5135
11748
4580
9614
11406
1332
8704
1710
3355
610
5143
503
11511
3902
9171
6122
8992
7788
4939
5037
12856
8511
4367
2070
4079
12189
1300
5524
3118
3570
2999
7050
7084
12072
6044
5770
2458
6937
8124
1948
1843
8250
2893
4642
11966
6431
2155
3091
12819
10470
9100
9961
5300
5005
5980
6631
12873
1179
4834
4723
3466
11412
3323
11111
5583
2356
2488
1304
12716
4223
6379
7070
11320
4481
5323
11055
2144
3259
7209
5057
6013
2900
9873
12583
11891
4914
6412
3775
12106
4700
4923
11526
10289
9902
10669
2965
2562
1734
576
6303
1939
8375
26
1024
4583
5519
12893
7109
9491
175
9062
9736
12553
4165
12121
11715
6625
5069
2669
11202
10058
3641
534
621
4392
1157
8356
8754
4573
11928
1542
5902
10128
2604
5129
7423
4722
9184
8466
2746
2416
6654
6429
9620
4404
530
10320
5544
11893
9892
8952
1989
1571
6615
94
3526
9516
7937
1182
6359
2477
579
11883
5664
12372
7137
5540
5573
389
5897
9722
3396
3797
5537
1170
3832
2906
7460
2606
12133
1452
9937
477
9299
5834
2364
3476
3283
9208
9189
9680
6219
1791
11706
2359
5341
6512
11388
1203
11124
12166
10250
6411
9544
7879
2290
10817
12303
5595
8680
6193
11347
2431
4402
9642
10062
10560
2271
5672
5689
8254
2018
3103
4860
8316
8635
6283
9489
12728
4301
608
1622
1735
627
12475
12736
4129
2532
6343
12078
2564
4788
4532
2745
4012
9344
1473
6428
8936
4241
9280
6655
11984
5969
8111
4464
11037
9953
994
9599
9000
6434
7349
8148
5196
6662
10941
6998
6735
11292
6394
10628
9354
2646
2740
2498
5444
2092
3724
784
1611
11647
8637
5976
4661
9412
7969
5428
8117
9346
6315
7398
3729
10167
11904
9711
6154
5226
6941
12761
5177
6003
5033
4420
556
12426
3773
5367
12292
6751
619
236
1236
7439
3738
12346
11022
11359
9975
11729
2625
6923
1659
10270
12695
8428
11380
11721
2948
11773
8142
7292
2601
4801
7254
5092
11531
2747
479
8707
12781
11104
7381
1192
7158
10046
1318
2021
785
9541
9923
10358
6970
6736
1824
4844
1051
4684
11575
6201
10469
4759
11775
8078
7478
1043
4881
1383
625
1031
4360
12087
7559
10676
1010
2815
2935
4097
6809
2829
2813
8493
12789
5326
2949
3686
4862
6544
8615
12827
7825
5060
532
1283
7461
4195
5551
3019
8412
1254
8401
6086
10781
3240
9486
5792
12208
10550
11298
12880
6050
458
13011
2950
12797
10839
3445
11495
11863
76
8346
8447
3990
5809
8282
3516
7780
12088
3764
12441
4995
10101
8565
4960
9759
4780
11350
190
4390
11168
951
1584
1790
10770
8256
8723
11961
1087
10819
11522
5667
3472
12343
9579
3496
336
10818
10443
3842
11455
6546
871
5217
4878
89
4504
12644
134
10432
2628
396
7573
5338
3222
2792
4857
12079
2145
3172
1081
7317
1955
5045
1894
1886
7358
9704
9842
11311
10657
4051
9133
8280
4696
5139
6515
6067
12163
12637
5520
2475
10232
8693
12287
3853
5633
5707
1655
2272
6935
11683
12257
12818
1314
1521
9700
10823
4345
4602
2703
5420
3805
9311
8960
11596
7570
2005
3420
5947
7266
605
10151
3567
8620
7837
8022
10860
10094
8138
9097
958
6207
3358
6508
5574
7384
1486
2537
4158
6389
2820
9611
8395
8093
9882
10172
10543
12794
3811
11171
9637
228
12845
4498
6930
9422
9789
11794
10991
573
9747
7485
1436
5904
12551
7757
11560
8610
8806
4977
9831
4597
4205
3029
4071
1437
6713
5516
6054
10343
2101
9851
563
1910
1795
8
9224
6908
7842
12487
1070
3614
10587
3268
75
6222
1169
7100
12786
5232
7600
6691
6550
2618
3532
12960
8270
12007
5918
8008
8220
324
2880
11837
5592
689
10845
11769
3368
8299
12747
8719
2933
8735
5186
3064
2409
12478
138
5233
623
10348
12185
12356
9221
2783
4425
11304
3612
12844
1082
12074
1136
9720
4986
6489
7908
2342
3446
2008
2615
5829
365
7772
4053
5376
5229
11799
8134
3055
12436
12738
9939
737
9675
4811
6084
793
8143
7823
11177
5443
8617
6740
9625
11349
8630
8187
2517
2873
4040
9165
3956
1729
3948
11674
4410
10437
8301
10973
11107
12411
6892
7188
10869
8046
7906
12924
398
4013
11742
4030
3310
9233
5529
8940
8248
1737
7912
6936
10704
7615
2802
11906
6136
6097
3908
5133
11951
4343
4517
7261
3588
5352
6516
12067
12325
5373
11430
11500
6149
9646
3953
8436
4166
1463
11034
10742
7950
4131
9962
2384
1083
11132
9863
10091
10927
10516
1270
7030
7098
10566
5661
11551
3645
2765
8188
2944
3351
3303
4912
11115
1906
9790
6757
5739
1021
2499
7863
10371
12899
105
10756
10073
8044
7493
7933
2863
2622
1262
3068
10127
8183
5589
4237
441
7500
2067
11733
3082
10484
4466
8160
9918
8928
12993
3339
3423
3988
3819
5309
8459
11328
11752
5923
11658
11314
3897
9187
12773
1566
11316
11923
11241
2048
6297
6442
12771
7352
4825
312
9743
12092
8734
9024
1803
4856
9679
10438
7499
3348
12339
3409
7348
8922
7490
11184
10135
6909
10706
8257
4549
3996
154
512
6817
12216
651
7063
7486
10541
5622
8373
5244
5360
432
4370
1934
4536
4911
9942
5168
3896
12613
8935
12554
2438
3564
12973
5329
8181
2775
4399
11880
10749
3188
2934
5528
967
4841
4279
9816
661
7455
9681
8851
12987
6023
1553
9185
3060
3544
6284
10685
66
6719
1802
1930
7203
6257
10277
10435
2690
4814
3241
7753
3933
989
11255
2357
7719
9804
10875
10248
3767
4936
218
1313
3418
11261
60
2049
10038
1528
8461
5483
2460
7492
11967
8474
12810
6072
11336
1826
9508
47
46
5119
4095
133
4331
4955
2567
1607
8782
1598
7590
1869
422
12963
1242
3845
8310
12277
7200
8305
775
8006
4859
3583
1630
2465
9112
5856
9636
6950
3213
11731
3163
5404
6413
6160
6576
10623
2868
5521
521
11481
12117
10725
10646
12616
381
9454
6296
8314
5235
728
9506
3527
6627
10764
8370
2533
5497
10745
6099
12729
6068
5927
8240
831
5142
5310
11568
12456
10708
7945
8392
1896
11345
2035
1573
7519
6004
7365
3594
4047
6772
6917
1097
3620
12434
1218
3470
5892
5868
1117
3820
5320
10694
11463
6093
7755
4779
1202
7224
4288
8679
1833
8237
12546
1732
8242
1181
919
3808
1023
2834
9413
12504
1644
4153
6815
12825
8119
11544
11985
4880
12997
12806
891
2574
1971
12602
6000
12297
8079
1924
5691
12774
2020
8728
2024
3173
3691
5644
4176
10078
11127
3467
7099
6668
1359
2503
10652
4553
8168
9837
7816
7521
1825
3879
150
338
8397
11281
5040
10931
7681
8721
3154
6617
3203
10100
7726
11972
7441
11266
6311
2382
4869
3284
2776
5635
4623
6756
1206
5167
3421
6327
5396
375
2217
1049
5665
2684
708
8531
9168
4790
5094
6636
7402
1677
7285
1889
3855
4937
406
9535
341
4106
4865
7680
928
12779
4243
3854
1703
11602
2563
8880
8708
6030
4546
6723
3014
7836
8337
8145
6369
4225
12467
8036
7574
2414
34
7032
9356
6904
3151
5165
2692
8540
5114
10489
9409
8267
3006
39
6036
5690
9084
1197
3411
1077
3900
9819
2286
8199
9875
12394
3893
12846
7143
1113
6833
7921
6437
9569
4267
9096
2633
1636
966
8955
5156
8755
6328
9781
11305
5388
9891
11301
9665
6349
11425
12338
1995
664
9940
6551
10273
4216
5714
1918
405
9593
7320
10960
7116
4509
3229
8205
2685
5467
1190
6733
7556
3578
8200
7720
6901
4687
4625
590
1108
528
12589
4440
5000
4235
5415
4505
8025
8266
5103
578
475
10317
12836
5248
6527
4917
8591
12633
4274
7568
8773
2770
7677
11635
7497
10888
12547
5022
1165
6880
3114
476
3518
7189
7417
9053
9773
11462
3838
4249
8832
11717
9860
6338
4281
3449
10285
6281
3828
4976
8324
1309
12484
8425
2610
11586
3984
9650
7606
4077
4470
4451
4719
7830
163
7111
8587
2571
10417
1697
8547
1815
8714
1286
3417
7319
12103
2258
9087
10235
2918
242
7851
6561
12219
5903
176
1478
5297
7025
11600
8583
1679
5203
9048
2996
9174
7240
7528
712
4747
4692
6478
11810
3568
4560
5198
3539
3052
12083
19
2142
8072
5145
11543
10588
5003
890
8379
932
954
4650
9828
4356
11238
8131
9562
2378
5324
2352
9785
11542
1376
8794
4041
8616
4491
5805
10156
10364
12805
8507
10089
6476
8968
9115
10225
9519
1933
8103
7713
9997
1223
2157
1230
1317
9607
4108
5173
1237
11570
6387
178
11908
5197
575
1449
877
3605
4938
4731
11504
11492
2543
3209
12320
7598
2842
2009
12077
1639
12480
11416
3712
6533
2214
9071
9845
1116
4140
11478
11176
4341
547
10211
8355
3872
11753
5988
7290
4265
9980
5034
557
11224
9426
805
4480
5109
1847
2988
13007
10106
537
6144
4002
7255
8233
5082
679
12136
2203
11930
10526
10154
8914
11603
8958
7367
7233
5652
8403
12854
2850
12281
10794
1201
3301
863
5674
12285
10801
4709
3042
1957
3320
12054
12629
11821
9278
6421
8452
11712
11979
12317
393
3040
5084
5117
9186
7129
8515
9587
10665
9467
2733
10215
953
2143
12932
5208
12435
10916
11525
3577
7785
4412
10267
10783
7931
12576
307
3401
1296
2057
10519
10148
4595
11657
10436
11096
459
6402
2205
8835
11061
8284
1217
2278
4879
10323
2326
