6963
5147
4680
11110
983
11208
9644
588
11024
5085
1987
8642
8359
11878
2705
193
6566
12994
8486
2731
7935
6569
2060
1328
6250
3288
6431
1551
10670
12483
8676
7872
12463
9053
7287
8136
9204
12630
356
12351
12587
11511
11453
12944
5381
253
8653
1007
5422
11162
10720
669
11803
12021
655
8059
10334
5254
11616
10548
5163
7642
582
8861
11853
8909
9111
6210
6685
10664
11410
9075
2536
589
10808
12959
6149
9495
10245
3387
5587
11604
1858
7956
7509
6511
11846
13002
9792
8043
2101
3485
6404
10185
8896
6508
5029
6546
6528
4746
9839
2907
487
9577
3538
11942
564
7853
3902
3426
6490
4875
1124
10730
5362
3307
3013
5240
6255
2921
6291
4590
11221
12565
8617
8903
6853
1093
3195
7397
12450
10434
8914
4853
12089
3765
6014
2016
9416
5553
7554
7133
1716
5233
10541
9348
5702
10635
5539
6675
824
5351
5366
10626
10955
10762
1080
12016
8979
2183
4380
5851
12462
8574
12516
8259
8988
4791
9599
6982
4884
5335
6862
8313
12919
11066
1761
2988
12294
163
1750
10064
8647
11226
11992
10838
8411
10255
12650
1063
11386
10718
5861
1782
5716
2457
1851
2928
1777
6449
4977
1591
7391
2090
11510
4705
6746
7679
8009
2097
10836
4702
9339
12584
11268
4657
2658
12394
11106
8577
9189
5804
5853
2425
616
11080
270
7408
6415
2859
397
6206
605
9578
1898
2579
4130
6726
3202
11947
11624
7351
12629
8654
12264
4525
2374
7782
10754
12395
997
9197
4334
4968
6441
7859
6969
7024
1447
9456
12781
11402
5956
10467
9418
5242
702
5435
6467
477
12523
10057
12962
3651
5889
7284
10329
7850
4395
8531
5614
8440
4325
8649
11766
2875
6037
7915
4476
6791
6850
5444
9205
2069
12311
4408
2301
7276
9166
12916
5545
4713
7548
5985
8257
9819
2978
8429
7906
1110
5397
6219
1699
8658
7662
4073
989
8794
3927
6976
7751
6702
3108
9829
9058
3257
12818
4922
8862
10395
8251
11074
12405
9394
2076
8597
12674
4771
159
2426
9833
3726
12101
4923
5027
6287
12628
4243
9297
6962
10530
1906
8061
1907
3339
7341
516
12734
11185
12847
10668
831
4611
370
2277
3606
1014
1748
1733
3234
4374
3995
7702
4399
11255
1216
7423
9183
9886
8559
11854
5908
2074
265
7274
4603
3914
4717
10691
2102
11952
9696
7726
6602
9291
9703
5578
3254
11276
12316
4592
9931
7216
6273
12165
10054
1280
7433
12866
7099
10934
5338
2428
5370
1453
2040
9371
4425
8019
424
2862
3922
9330
8844
9043
3080
7791
1555
6604
8270
4543
859
2392
147
6352
6830
613
5352
9286
9039
1334
10908
5140
8183
6394
8889
5080
2464
10386
130
10570
3465
7971
2252
298
3807
3986
9355
241
8474
4933
9563
11474
10703
4718
2566
11909
451
1796
6353
5916
9597
4264
2846
10069
1494
7610
11371
6835
3408
5929
12896
2204
2648
6833
3491
11038
8698
7673
1828
10191
12445
1841
8781
2033
6461
3041
1923
10539
1149
5186
2896
2113
10070
11643
6823
8431
11601
10721
10454
2207
3113
10192
638
6754
1843
12227
12735
6101
6240
1469
2484
12515
3667
7065
5581
11927
8316
2254
3155
10579
3204
4751
10960
6082
8262
7322
10075
2528
4563
5375
5055
12542
13
9142
8789
745
6818
1160
5904
4064
4893
9301
2470
7955
10938
11475
7612
12138
174
3683
7686
12737
9009
1238
4534
11724
331
12572
9772
10757
10840
11493
4183
9603
11061
12260
11057
8825
8400
9683
3065
10948
2467
11855
7249
2513
11976
10274
9842
5037
7123
10731
10361
9800
11496
1720
11526
12536
9349
4396
938
274
11032
9143
8228
1057
5077
1245
4213
11279
12549
8918
8752
2059
10393
12652
8782
6495
12146
5638
694
12224
4324
4519
5834
3955
4514
1026
11187
3265
6855
6802
5814
9661
9588
6427
4952
4958
2431
718
7924
12739
6531
3983
5760
9664
4393
1219
1766
5042
7871
12368
11091
11261
4676
5174
8677
9079
9982
9727
2449
10413
7580
5590
11011
6306
10496
6263
6041
3380
10735
868
1862
8990
3284
1485
9272
7573
8321
2762
11641
3144
2832
1935
5732
1663
4818
9572
5059
3797
258
4857
2348
4156
1611
1904
8696
4418
4468
11182
11798
4311
3436
12800
1594
10187
11717
4535
5933
1044
2089
2892
6065
38
4481
12578
2133
1885
4759
10649
9208
7104
1140
11052
4967
2439
10207
5911
6971
6807
3781
6048
12417
6974
7961
11877
6867
12496
9534
6360
1864
3457
2072
3093
3751
6745
10231
5812
11790
214
8750
12476
7085
2809
11111
8077
10442
7429
12528
8310
8537
910
10959
375
430
11975
11867
5478
6029
6666
7164
10385
6811
10515
6200
11246
9485
10159
10444
5999
5227
9633
9344
9136
11043
12951
8639
9161
8884
7561
7018
8713
12822
5775
7586
6305
434
7570
1652
2767
3553
8426
2104
11497
9790
9271
7406
10870
851
10246
10303
2594
7226
9739
2529
1390
297
5920
11071
2843
6564
3979
4990
3427
12381
6972
12141
6869
1648
12408
7512
4495
11940
7982
7519
6100
11564
10532
12736
4896
8815
5299
10641
776
10375
1568
11431
921
2938
7778
12821
5127
10965
8374
5176
5197
444
11229
7578
2960
9397
11421
479
6769
12416
11189
9357
10878
6080
4398
5440
9589
1387
11441
1037
6873
6308
5231
2976
10265
9918
10922
4440
11753
2049
7183
3941
6878
8413
9064
10777
10137
8741
2481
10438
10494
10891
11199
1154
7008
2418
12181
4375
6339
6515
1313
2499
1731
5053
2406
12995
5296
3868
5802
935
3607
6392
574
11897
6533
1779
4838
1553
5305
5130
7444
2777
12128
195
713
4760
2816
6104
11308
1542
12230
1265
10671
9828
11631
7867
6388
3121
4655
11376
6557
9125
8250
2055
6474
2363
567
10178
9508
3448
6595
11488
8333
1829
12657
12162
2886
11134
5619
4916
135
2616
2422
6970
8479
6753
5318
3271
12466
11243
1094
4915
2
8935
8734
663
22
9968
1820
2703
9745
3402
5544
980
11842
11195
6507
2761
12035
8392
4861
3157
10163
5543
4918
9434
10327
6475
6635
2081
6556
7141
785
2354
3975
2537
10827
1556
4485
7328
9638
3177
8736
12495
2326
2774
12869
4750
12992
631
11028
1859
7581
1934
3330
11789
9601
568
3565
12102
9702
9336
4355
275
8522
4501
11200
7891
9313
10683
12797
6951
9698
7771
4460
8337
10447
3792
1809
5686
7993
3762
2480
6380
211
8171
7625
10210
9103
8076
3218
11559
357
2800
4828
2512
1363
12072
6117
8614
8620
8315
2093
11887
8097
5636
1042
6877
4949
11547
9499
7521
7899
6920
9586
1686
8127
124
9866
10233
5568
5034
11094
1741
12001
11443
1760
3621
2699
12193
8347
8162
8579
6541
55
6903
10449
3474
9299
8571
798
12825
8601
8749
6958
4512
349
11648
8843
5028
7779
11178
2510
6637
4976
10472
12120
10350
10470
4222
1877
5881
4942
12204
12702
11704
4877
5819
524
10214
6975
11916
7459
6960
6705
2192
1430
6391
10925
6382
12373
12179
7536
10873
4524
7128
7733
4852
12682
1656
2494
5350
3290
11781
2487
12375
2324
9006
10907
2239
5479
3079
6245
1884
9530
8362
3154
11333
6716
1411
10900
9937
5907
10661
12595
12622
8805
2343
7286
4202
10475
8414
2351
11137
11630
4402
3418
4700
5200
9219
5126
7202
6185
4003
4483
9041
11956
10400
947
6632
7409
10364
4812
4575
2021
10380
1863
5070
12820
83
82
11414
4712
4820
7344
11055
4730
11863
12306
12954
12032
9210
6544
7100
9543
2663
12660
6790
230
11605
12341
9289
3489
12415
5413
10474
11082
4487
1451
11477
1381
11815
10379
11697
6044
3232
1576
6439
10534
8607
4281
1901
8377
528
3623
5913
1376
2462
2121
232
2376
358
2383
5769
9882
12480
12448
1426
5076
2132
11129
8503
12764
2106
5224
11002
8064
2225
11905
2675
1973
9980
3862
1196
8529
7975
12360
7795
455
11031
3727
10650
5786
4681
3648
11585
4217
3724
4184
10368
5772
4362
3756
10901
2241
4181
3047
2707
6238
1001
11558
7660
6211
7245
9089
8138
9770
1020
543
1134
7361
903
8621
1889
3865
369
3687
9651
8721
2044
9733
6395
10566
6202
10079
7455
2037
4921
8850
10802
11579
6586
4653
7792
6642
5721
3932
4390
4788
7101
4744
5801
362
1645
5585
2969
11179
11692
11645
689
3078
11142
2954
2729
4127
6861
12826
8334
1489
7013
9529
10247
9014
4266
1309
10946
11230
10251
11813
7187
6350
10341
7162
7367
10288
12617
2427
11075
10733
11198
3320
12885
140
3269
7278
10387
12434
2660
12045
12290
9660
380
5361
3163
10582
7080
2416
7582
1690
10321
10600
6472
7427
2605
7143
5831
4781
1905
1837
1476
9743
11672
7953
12979
2282
10066
1168
4701
8285
69
4015
1623
3923
7640
8357
1894
1210
2165
4658
4433
7079
10110
10881
8122
6096
4119
5925
4381
7238
1306
9732
7776
3864
7819
8714
9598
1180
4125
3301
12081
12324
9361
12673
6768
11743
11213
8177
6217
1927
10652
3282
4277
2448
4498
11660
4436
12573
5493
1119
10844
7889
3438
3637
1261
7317
3505
3375
1922
4748
673
11374
12816
12309
6521
9634
1300
2706
10975
7855
7766
2034
11993
10932
8368
1343
2655
6027
3295
10167
9199
7508
4841
6253
6782
168
5998
12712
7589
7229
9277
10128
5987
5773
7460
372
1036
1785
12837
10674
251
7832
10991
3031
5216
10482
7336
1944
4251
4049
1179
9838
6909
6537
6489
11596
4632
10913
10941
9695
2221
1305
8098
6601
12168
1539
6890
11186
8590
4021
5472
4606
2307
5427
160
6303
2184
4286
8031
9287
3102
6526
12133
4209
5579
2718
10197
12247
3776
869
6851
6536
4754
834
9323
9127
366
3734
2202
6140
7799
1059
5820
8630
5123
12568
10493
1024
3715
1642
2437
4116
12723
5165
2523
11932
8756
365
3951
12608
11102
4207
2828
12688
11303
10019
3211
4734
12558
8527
8301
4836
9691
5566
8249
4191
1687
1473
12441
2005
3747
1913
10326
10804
7447
8473
334
4292
5238
4683
178
5047
2502
5377
760
227
8717
2856
12470
4467
9721
1653
148
10943
2479
3588
8726
8261
2421
11264
557
203
9679
11614
6181
2831
4839
91
8093
6484
8033
4182
10748
11212
9498
1664
7362
6786
1260
7530
5671
7003
507
9004
1333
6
11163
3299
4405
12828
3677
1725
7816
12926
8208
43
5226
10751
12288
1097
4484
4912
9114
9172
1903
9615
11395
8327
6313
7011
5395
1517
1562
7691
978
1223
2190
8968
873
2673
7237
6201
1619
9057
2754
11037
1370
12258
8623
2466
4071
3062
6804
10682
1327
12380
7678
3405
3924
10520
7145
2990
10640
856
8565
502
3626
240
6286
7845
6317
2107
377
6455
5339
3652
9854
9692
8540
12551
10726
9374
4610
7174
11029
3967
10743
7091
3674
8360
1995
9077
452
5536
1209
2270
7358
10028
11432
5215
8263
1852
4322
5483
12239
3891
2870
2159
8780
1506
5274
11856
12724
10060
10406
924
10429
9935
4259
3419
7648
238
2524
5349
1756
11809
8476
10460
1117
4430
4148
11299
12097
8217
4556
1192
3247
3379
8483
949
1456
10820
2720
9022
9667
1182
8848
2563
7148
10423
7749
6073
4639
11156
5019
263
255
7659
8644
3968
5822
12454
6952
703
12220
9560
11958
12140
7706
1627
3960
9104
3475
12298
6860
9617
2889
11915
59
10455
11381
125
9036
8497
11413
813
3908
3819
7096
1976
364
2085
1336
6864
12362
3755
3852
6626
4242
2546
12581
10549
2032
11551
6407
9564
10188
2292
7647
10183
1700
11484
7243
10688
5246
6764
1177
3490
2438
3279
7616
1315
9897
1272
6275
10102
9849
8853
2453
945
8275
7723
1109
12893
6644
7372
3900
2226
7266
7549
5133
12369
6743
9813
4906
12656
12973
1438
10405
5495
8875
1817
6347
1252
9176
8976
5779
10747
3800
10906
9404
4351
492
7937
8234
12229
2157
4690
1497
2390
7319
3810
6518
10150
4179
12123
2382
4597
9502
6621
4581
771
10503
6035
3007
7998
830
686
1496
3880
11968
5365
1163
9458
3256
3549
9218
4212
11971
7323
11513
12271
3812
10871
9460
6236
10834
2617
2620
12275
9479
7861
2265
9401
4646
1273
10921
2170
2690
12131
8273
5291
1708
4659
5484
60
11095
4521
5045
8236
8214
86
6723
11546
2062
4966
10885
10135
1172
3918
6750
2807
5304
3851
6955
1468
1869
3356
1401
6453
6649
376
3636
3906
5049
6704
8668
1358
7803
2364
6865
10487
8130
4133
2739
9905
10764
7067
4208
9811
5776
5109
8256
8672
8996
11081
12694
8685
8635
12406
9574
8705
11719
411
1610
10542
10155
8010
919
4740
9687
7590
603
6899
1144
9483
8015
7292
2334
12991
10869
3231
7421
9482
11712
6315
141
4239
5100
2839
7926
1615
7434
12832
6799
6967
6715
5445
5666
7248
8989
3925
1029
3729
6470
1650
8863
9233
5022
2766
470
9239
1243
8298
12727
9315
3051
11479
11646
790
9243
4361
7252
10883
12547
12487
7019
11231
9223
10776
11373
10483
3510
6908
8455
4432
10256
4830
7545
11467
6874
5652
10576
11047
11738
12361
6880
11173
6257
11253
12879
4283
1181
10372
9879
12658
4587
3181
12163
2257
5035
3771
1825
7457
5015
8776
6686
8613
9868
11085
8866
11194
10983
10310
9011
7750
3054
10304
64
2900
1929
6708
8710
10238
1263
5134
1017
144
7257
7540
6831
23
9960
6398
1543
6437
3573
1743
8408
8349
7990
7045
5167
1834
2167
10679
10951
10713
463
3650
635
2432
6739
6553
651
11217
3563
6123
4035
11649
3778
12770
6496
8280
12024
3700
11050
9516
8391
11988
7300
9916
7117
1056
7774
1130
3984
11116
6798
10552
4333
9026
6139
12720
2035
9759
2186
5965
6794
10240
2134
9666
399
438
8560
11174
3208
10392
8924
7184
9037
6319
9860
4824
6539
6184
2131
2873
7081
7469
9050
5113
7056
4807
7467
10465
1614
12197
1389
1240
6214
5275
10584
5443
1095
272
9193
3092
5962
734
4970
1204
12213
9981
7939
4816
10138
2430
7729
7439
5157
11706
5001
5561
7806
12635
6400
478
7633
11838
11745
5056
6600
7324
12305
11062
2399
4256
10462
2358
3915
1276
9487
2188
3478
8583
10611
9116
1186
12611
12234
596
6934
9338
1085
1501
4014
687
7848
8232
7804
9224
10446
12594
4999
6451
7734
4911
10003
5105
3574
11192
6120
6188
820
7693
10118
10419
11348
7147
6265
5534
6565
3964
6373
10313
7903
11638
3131
4450
4102
1856
722
7840
5896
8212
8370
9403
8517
11687
8081
6841
8796
1813
4546
3081
9428
11415
1726
9708
11750
7794
5309
4596
9887
10347
11665
9386
5940
4132
3635
8460
4920
3639
476
12250
12525
7613
2590
3480
11132
7655
9939
9694
6024
9165
11844
5836
630
1682
11158
3365
988
4088
461
3451
6842
10823
10457
544
3940
646
4140
8975
11272
12099
8724
11293
1754
9124
11256
6452
8169
11678
11406
1367
5752
9474
1546
8774
9537
8702
12579
7473
12861
4062
1986
611
4192
11170
1307
2564
2445
11019
5424
7061
4011
8552
8576
5000
3201
3775
9417
1649
4195
2339
7205
10034
3704
3789
4098
4377
1418
12780
748
9898
8379
3373
659
8051
3214
213
7339
13008
747
2672
3561
5277
11153
1086
1823
9150
2902
6228
2953
2776
12641
8378
550
12199
7165
3701
8137
12593
4578
1966
423
8728
2028
4988
3
10306
8432
9754
10865
5711
1714
11165
556
3511
4682
7884
9740
5470
4257
10484
10831
11765
12839
9755
4557
8871
1684
1808
7136
194
10755
12756
5456
7822
4964
7688
9292
4885
7124
5494
10287
12755
506
472
10384
11482
5004
3693
8339
8610
12567
860
8297
6022
6828
2708
3877
11177
10005
11262
5740
8608
11403
4075
8547
9350
8065
11077
4810
1528
4441
7228
4742
6551
9295
7833
4262
9407
2394
8757
3183
1832
10716
5265
5154
8638
6594
9893
12013
9084
12242
10740
7614
436
7463
300
3972
8240
4463
757
9081
8671
104
6372
8697
8421
0
8448
11317
12564
7830
12096
12127
5627
3239
753
2749
10421
5972
4909
7033
7524
2414
1512
2419
5320
3971
12382
8819
9575
5642
3850
429
9373
10068
5893
3304
3608
6203
11850
12022
5475
7176
3087
1926
11681
7484
9459
8799
9629
1190
3973
3250
8022
12067
3599
2083
5944
12237
12014
666
1421
1696
4379
9514
6713
3389
10323
10580
10761
1588
6141
6450
10196
11759
12577
6935
6318
9225
475
1118
6162
11508
5748
11749
10800
11152
9422
5150
7945
9167
8255
9774
3568
9181
2299
118
11490
2271
2100
3517
1443
314
342
6590
1460
1277
8444
10982
1398
4983
10657
8568
2365
6337
4382
1888
1705
2787
10680
3399
8216
8991
12296
11889
1246
3012
12142
10077
11779
143
6633
2667
4776
8155
6929
5418
12467
8538
207
9060
6384
6749
8035
3575
2017
10217
5046
7352
3482
12602
6381
2004
3205
10058
4431
3227
1795
7897
10598
729
7560
2500
2206
9153
9826
10212
4802
4034
12590
1589
8237
11416
11154
4013
6389
1876
5876
12283
4565
2008
4858
7170
726
6393
2857
8686
6174
8471
1279
8759
7342
9827
12963
2295
12469
2010
7864
515
3187
4301
10414
9930
2120
10638
3323
7232
3107
1771
3035
6989
1836
7558
11722
8253
5331
4962
11685
11714
7668
8165
7922
12326
4569
3137
11127
12066
5469
12886
9958
11097
308
11054
5005
6491
11862
4029
5041
12863
12589
8516
4383
6585
6645
8946
777
7556
3025
12299
9370
7854
5753
7490
6462
2347
4320
6326
6942
2949
5673
7393
6788
5263
8083
3067
10108
1721
6815
5970
11507
6399
9526
10602
5404
8534
11731
12534
6020
4224
2483
1147
9185
2554
12982
5319
6466
3828
11847
12435
5888
6492
6548
8343
4640
6917
3110
8200
9922
233
4520
5243
6857
9707
4984
8524
5780
11839
9506
4579
3302
864
7098
7180
6469
4926
8817
6251
6042
10249
1909
8970
11635
2370
10745
12811
2429
8841
5995
684
218
12539
615
7350
10896
11323
10006
11267
786
4950
3858
10268
1429
7972
4230
5063
5178
9542
2933
3628
774
8804
12669
9538
10497
12804
9477
1759
8987
408
8149
1371
1535
4413
10273
10374
8936
12340
6727
11620
8922
2047
6659
2802
12924
8905
4588
2734
248
3333
12219
6905
5847
8637
3892
3530
378
1826
11131
8887
10723
11466
12344
4796
2168
8469
10987
7233
5611
2964
9954
4028
918
8456
1899
9380
3385
1622
157
9327
4941
4851
8746
10269
312
12212
11566
8890
3364
302
9184
3681
8960
9414
12285
3349
9122
3455
9231
1290
5625
7389
5994
1617
9807
7983
7041
3566
119
12655
7355
5108
11762
2994
12183
3353
6545
7818
2169
1955
12056
5875
8545
4764
7517
3223
2850
9835
12308
11501
2895
1193
11260
5588
9242
181
7849
8636
3516
9689
9019
9368
787
660
3660
2191
2125
10370
3443
1310
11707
2130
1827
133
3869
9063
6945
12152
7210
10046
8962
2741
936
11283
2647
6846
2227
12975
5695
5657
607
1374
1341
11888
3236
12743
3179
7755
12520
6345
5346
31
5328
2200
10336
6087
4337
7495
7204
11941
4307
3082
10495
3957
9556
11197
10562
7576
2759
2885
10042
1807
5357
7904
11100
4076
7697
11917
7022
323
5873
2981
4017
4604
8287
12666
4616
2789
8950
8056
5977
1861
9441
9180
667
5675
2922
11961
12642
812
6520
3629
9326
3506
483
9802
11005
10328
12345
3920
11210
9455
3578
7083
10810
4461
772
1745
6043
752
2478
9324
779
1484
10956
11800
6523
6506
5354
6433
11436
6153
5090
466
3980
9987
649
4378
3664
417
3859
1943
8915
12905
6570
6028
8109
471
3049
2249
10308
11378
219
6736
665
9015
10152
1897
10930
1658
11175
10266
1804
8393
7435
833
7746
6709
5839
6752
4907
4053
3630
7879
8464
9825
3139
2092
1659
10599
6858
295
6977
5783
6429
10989
4608
4703
10351
7874
8187
12079
11295
929
8397
572
12270
3617
2333
7267
10235
10099
3024
4435
3336
5701
6925
5129
10618
1131
8857
8917
10923
1171
7742
885
9936
1285
6486
4006
3753
1620
1237
1424
5906
4085
9095
4882
1962
6436
6134
3622
2024
4908
8945
2520
10339
2038
7485
145
12420
2264
11454
9335
7105
6854
12025
6690
8412
11625
9410
3745
1992
2723
10698
6177
6778
8094
9247
10966
8484
3742
11069
10606
4825
443
3917
11244
5838
10281
2222
2985
3948
12
1092
7414
1141
8358
9753
1608
9091
2570
11653
12540
12255
7981
7617
5223
11552
10017
2910
2799
6676
1644
1668
57
266
2914
5708
1931
8389
8146
7546
10201
1647
10555
9711
4143
6793
9235
5951
7522
4009
7585
8691
12272
6413
7747
1033
10162
9237
9298
5253
7461
5473
12451
7783
3793
12941
10401
11629
458
6487
10651
2384
9784
11609
12794
807
4995
9741
12328
1511
5262
11188
1806
12080
7030
3911
10208
2336
10815
5922
11471
11619
7805
10623
5429
8641
7499
4100
1835
11780
7491
12188
9175
958
11452
352
6322
11729
4993
8085
1159
8373
9356
5521
12852
4275
7960
12200
9510
11875
5329
1967
1222
5594
9920
7760
11891
7763
7520
1940
8215
4147
12850
8450
8603
9596
5297
10143
12390
10636
6221
6084
1672
3384
4874
12981
7496
11933
10239
9137
6148
12481
3150
4552
8271
7635
8779
899
5530
1203
1937
2112
10830
4870
8079
9531
8303
9990
3020
2881
7883
9018
4000
7199
474
3492
8595
8860
9776
8053
3529
8993
13000
3027
2721
3645
184
3535
3363
801
4204
9541
12845
5634
4304
7656
4605
12122
6627
8418
676
12333
4134
2915
497
10469
11858
10320
6638
555
6693
8715
7102
6077
10307
742
4518
1624
2043
11240
5768
10095
11711
9364
12070
7298
12136
10547
7602
12699
4738
6379
12011
965
9573
8233
5219
1027
9913
9198
2811
4991
9284
1887
8388
912
12814
8175
4715
6465
99
5966
2937
6950
4411
3773
414
10577
9421
1444
6563
6579
3982
3206
1582
1286
7873
1052
8224
8745
3919
2293
8963
5990
11292
2194
9288
11760
8006
1527
3679
12796
4050
3638
7251
12358
4327
5106
4704
11545
3446
5149
7725
12457
3468
5961
3091
10950
1146
3105
2926
12532
307
2645
4761
7062
8075
4576
9832
5083
12281
1457
11659
732
4753
6224
4664
5582
220
7207
566
186
1491
5508
10425
2993
6483
6070
10056
6643
4306
9885
8743
9550
530
9472
3071
1464
4410
2331
3030
9782
2649
7584
3126
339
8290
8729
8563
8054
8699
9681
12649
7810
8451
2417
12575
6777
1040
9102
1674
337
10719
2904
1388
3907
7
8712
9831
10285
4799
153
10151
1477
9515
561
5698
9464
8760
12706
5605
173
108
12637
2884
10554
10756
5171
12772
7709
12631
8344
9392
2543
4027
12392
8553
12684
11589
6887
4997
2150
4731
11205
7320
3274
12135
2420
4673
385
5434
6513
585
1636
5389
5096
7070
8627
12231
12586
12161
11784
3115
5607
12958
5298
6696
12767
6135
9580
9675
2486
7694
10976
972
9652
2087
9443
3096
4584
10015
2220
10544
6808
2387
10854
8894
8145
9395
3769
4932
5854
5412
11642
6103
8619
11565
5098
8395
7194
7063
3235
6651
5017
8661
11368
8859
8543
10667
3616
8398
6351
9310
4980
146
3537
1768
7544
10559
12410
9796
9080
8195
6991
1445
12256
11656
11553
7744
10012
9725
5409
959
10232
5021
4388
4741
12605
9398
8910
6534
10171
4840
9471
9190
12788
10410
4727
11405
6403
6527
10492
4248
1572
5308
9452
2939
545
13010
2378
1422
950
9023
1970
2459
5747
5485
1000
7973
8168
1950
11016
9779
7250
8192
10283
2833
10342
11772
5343
80
6614
12277
5788
9282
1490
4409
5982
10053
1724
11943
5236
9549
9264
5527
3487
12769
6390
1206
12331
9173
196
9381
12514
1683
1830
4345
6242
1735
2054
4894
131
4573
9017
781
9551
1437
7991
3670
3241
9108
7523
3830
12929
3252
1532
9653
2015
8104
12005
8401
6375
4366
9013
2633
3429
12121
1526
11136
4386
7428
11168
6957
3344
112
3189
1039
8466
12801
8219
2639
12303
12377
2231
11249
10710
7156
7420
1770
5829
1599
7571
4078
8790
12474
3534
852
6182
4522
2290
11015
3240
5315
1891
7090
2352
3929
11691
11623
11534
4526
12440
6112
10701
325
7572
5496
10947
115
10672
10537
7535
12003
8643
10261
10744
4905
11985
5628
737
4099
879
10179
1819
11390
6422
12566
405
3424
1195
6079
4769
12194
12485
3017
2189
11265
5878
11936
10899
1409
2526
3893
6093
5386
6331
5793
1932
3243
5787
10867
1226
5510
5742
10431
3060
2585
11290
10147
569
12107
12898
6299
11567
3618
1933
12835
10424
849
3710
278
9106
8833
1584
8972
11296
1153
7534
3127
4953
167
3464
12677
7966
5869
3818
2532
1954
5644
2973
11597
304
736
12421
4353
7200
1788
6734
8198
10737
3310
12203
3686
7193
6083
190
8921
2967
368
6223
5744
10593
10996
715
8453
3245
1098
709
12293
7913
3341
12892
12236
4364
2294
5754
4725
11026
4105
6827
7882
11775
10988
626
5281
4572
8142
6312
10993
7577
210
11251
6995
1990
3021
3456
9636
9507
9117
9769
3184
2959
4255
4427
205
9626
6591
5229
7036
9944
3759
2595
7682
9488
10123
955
5637
7059
3215
4159
4623
4151
2864
8264
8242
11880
7154
2179
10241
12367
3659
9230
260
12031
622
113
4689
8834
7335
2819
12607
5574
3111
1633
1402
7852
4136
2951
12634
6779
7788
1112
6706
5830
10912
6343
7492
10136
2397
12932
10286
7627
770
1606
9539
12241
10250
4979
12063
6900
9640
5941
116
1126
1212
10557
12537
10801
5290
8847
5426
897
3594
9489
6819
5850
7911
2527
441
8873
11096
11821
2685
3675
12968
5498
10200
6979
1446
8599
11219
12221
11957
900
407
6095
117
12747
9238
1452
9003
3162
303
7901
10257
6358
12057
9358
12643
1707
6454
24
10117
10604
12760
5065
4959
2932
9926
4269
3685
2096
3791
2966
7023
12910
6015
1201
10797
11935
5251
7604
9946
5923
4813
12978
7272
5333
3909
3834
9032
5250
1202
9971
4509
11068
7290
9593
1792
9917
8824
10696
3472
931
1842
2507
4935
3483
7220
165
2026
3006
231
3764
4387
5122
12729
7836
4947
1185
3120
2635
5172
10581
7268
4948
7502
7152
2014
1626
10218
456
6033
8356
6416
9970
11610
10882
8852
5430
11140
8791
5832
12238
9071
3347
4462
8812
11797
12680
1188
2128
11495
12397
4963
347
5360
3497
10144
3026
12569
12353
5537
11588
4094
1100
7051
12931
9631
3513
4720
10752
5997
6673
2195
10367
12263
12023
1867
8838
5895
7858
7553
5306
5734
9569
620
6780
8338
7831
8326
2837
7479
177
10407
4187
764
1074
7411
8926
9685
12062
8955
698
854
9388
5947
1866
2671
9949
5546
10343
1032
12172
8305
5685
7531
5898
901
7477
10972
5784
3721
11727
1974
1405
11480
6212
683
1138
10615
1952
7069
3207
8615
11334
2975
6213
2792
12524
527
6648
875
6596
621
12957
2686
10705
5518
5332
10779
292
6269
9228
5529
2534
1860
6019
4321
2201
8634
3987
7280
5504
4625
518
8646
7078
7343
560
2160
8080
10259
8340
6191
2246
5279
11104
8361
1199
12374
4341
5311
8121
10741
10771
9126
5928
7641
11078
9163
9206
250
8533
5696
1567
10302
11354
11193
8511
3348
10160
8554
11618
5232
10813
4848
9366
7015
4458
9622
9257
413
7800
8836
10065
5228
8114
3328
9352
391
8999
280
1299
1200
12259
11458
4174
7206
1385
12268
4505
12278
3855
4372
9963
12751
12854
751
5725
1938
9121
7842
3249
11147
7793
12430
12388
612
8163
4097
11442
5921
9492
598
939
5584
1890
12930
494
10224
5765
829
290
7665
12287
2308
8055
3787
11451
1685
6131
3324
2316
1297
4046
12728
4489
3542
9895
12971
9766
872
10112
4171
12762
4428
4093
215
5631
7583
3816
9788
8044
2716
10702
7515
6215
6457
1646
8331
432
9200
1523
11870
2237
10837
10673
3658
6304
1592
1065
7607
12064
6118
1673
6886
4531
3452
2368
6158
8793
6871
6325
5872
7895
2114
12348
8731
4152
11389
788
8235
9581
7568
8923
690
4785
10601
12521
2003
2025
5225
3614
10639
7000
7667
11959
328
6136
3367
9493
7630
1486
3172
1949
11227
2276
7135
11529
7900
4330
5880
11562
9359
7743
1595
1152
1242
2291
4549
1048
1205
7958
9509
5900
5761
5914
2068
4438
5806
10567
664
6386
8330
6425
8558
1679
3663
858
601
2760
7212
9932
11764
8089
9923
12923
71
8420
886
1816
5214
8367
2065
7538
952
5983
12376
11318
10513
6695
2233
6677
1106
7862
11315
6792
12494
4656
12037
256
3083
5207
3114
10793
1257
6137
4193
1713
2296
354
5363
4197
56
539
5726
10617
5012
11561
3312
4686
11530
3407
8811
1607
12297
12508
2238
12980
2143
3682
926
1213
1803
4661
1224
6985
762
4215
11509
3390
10000
4817
846
5656
1075
7318
202
8442
8722
6623
12808
3587
10007
7632
5358
2934
5337
10408
3777
5437
4397
2627
9786
5239
1872
5735
2434
8185
10597
5687
11224
3881
11606
2827
8549
1187
10746
8199
10954
5417
3493
4586
7505
2606
10526
5771
7947
11309
825
2340
6175
1625
3010
1414
12036
4339
2235
10453
8561
6355
4401
11865
10292
5562
5230
3376
9152
2913
2867
4338
2547
9948
8390
7185
4829
3209
8128
3509
1435
5353
12475
4910
20
12883
9387
11536
3000
12349
6334
1580
1631
10021
8038
4641
4040
3547
12502
6471
8129
12603
10211
11632
11087
7626
12838
1050
12911
2105
1564
4662
2743
1067
10149
11816
10770
10109
9000
11633
5419
1587
9168
11035
558
4927
6707
2751
6430
1875
8102
6775
7758
1267
7037
4782
2181
10242
10132
46
6879
5674
11622
3870
8032
11524
1128
500
97
9697
9462
2912
468
5278
11810
9803
12411
9735
10768
1844
1711
7132
2496
9857
3442
1268
12458
7157
12665
10094
3624
8768
1412
9194
3833
5909
8725
1847
2342
4037
1274
1677
10864
11342
3690
5855
7846
4975
12659
4873
7471
8937
6152
3103
9567
11478
10517
2284
9846
11070
12700
5086
3433
11412
3748
7345
11812
6481
1784
5457
10700
6058
3174
5336
10148
1395
2582
6731
4940
1533
5736
4486
1227
1345
3277
2813
10519
1155
3106
6966
1010
4313
11580
11960
12167
5191
10337
8494
7759
1822
11387
8023
9054
350
8383
2897
2440
12900
3292
7716
3242
2853
2023
9113
7014
7044
7605
9933
704
7050
10389
3500
3002
9311
2600
5560
4570
5345
5557
2946
473
7425
9195
7262
4477
12126
3308
6598
2375
11286
1865
5709
12875
9655
7738
6143
2514
10198
1332
12746
6683
6109
639
648
541
2763
10574
8004
2136
6894
10296
12398
8106
1396
3825
317
7227
8041
4216
2027
5016
6996
7885
2931
8572
12400
3766
5782
6840
519
10332
10583
10767
11981
11143
9890
11637
11367
4544
11418
4844
4667
11138
10715
4647
5195
8363
6947
12559
3421
617
2424
3843
12750
5879
9605
12741
9367
6081
12829
8542
8928
9250
5555
3790
11517
2578
8279
11663
7273
5210
8443
5199
9848
4069
10935
12486
2632
12253
10809
4350
3352
9763
5567
8626
2366
9196
2006
1082
11796
8299
9752
11869
11382
6167
7652
9177
11297
4263
11583
1132
12953
12862
8618
6758
5883
10049
11684
10656
8087
517
5303
4582
4465
11788
10130
5184
2548
11216
9818
8118
3945
12939
8980
6525
9244
3473
9331
4057
1158
8170
9182
8548
2542
11284
9187
6711
8733
10254
968
6703
1525
1295
3931
4711
10910
4385
9212
3849
7094
7006
3118
5188
11574
6260
542
12535
10607
861
12600
8078
12015
12347
5954
3360
3309
4795
10775
11316
4030
8656
5602
11281
3315
4227
10170
6742
5198
7892
7299
8845
12691
3260
3354
2302
7017
2929
909
3928
5006
1291
2702
11393
3394
7999
10630
5270
10986
7478
2545
8513
4180
7813
5863
12969
5181
10126
12343
2823
10098
2589
2205
11099
883
3604
6401
12088
11422
8131
11352
5211
862
11600
9900
226
12792
1108
6456
5846
12449
7431
8606
9548
11271
9505
5359
2756
10699
1166
4755
4228
8827
11300
3581
382
2503
5084
7151
893
970
10662
6160
1818
2999
882
11457
75
7153
2795
2701
9465
11652
5295
3894
2198
3784
12961
7963
12582
1968
6459
10258
10915
4996
1883
4278
1069
6629
110
4890
2919
6978
4368
1436
1762
9316
6309
7057
5938
10791
1251
9877
7865
12936
5139
11792
8499
8570
12325
9314
10563
1868
9132
383
2344
5052
10461
9734
3691
3437
11324
3396
3694
9716
6688
4129
8105
10829
1454
11160
1515
706
6426
8194
2558
4803
6698
5164
5520
7465
9384
9178
7801
10067
12848
3403
9399
7784
12077
12761
1301
12721
4223
431
11898
1241
6097
12615
531
8816
3655
2504
9643
12529
4770
6289
11837
10156
10471
2588
8439
2022
5750
892
9566
9469
87
11238
11399
2806
9723
12613
26
5385
12112
9816
4162
5482
13006
11906
1071
3318
7910
565
5668
11166
252
3053
5593
8312
4826
8589
2137
10356
7450
9762
7844
11577
10953
6964
8229
12350
1965
5715
11207
373
5314
4096
1988
3313
2360
12336
8753
6060
8708
8267
10961
7775
4901
8801
1780
1880
9430
4001
2335
2927
2991
1914
2156
4511
9873
10086
12419
4532
4249
2598
1994
11092
9141
1547
8913
637
9714
8891
10366
6891
11438
2041
10846
7231
11155
9337
6197
10270
4261
4806
1359
3512
9320
7076
9730
3045
10275
8515
2662
293
2385
8423
4312
6025
1167
4203
10295
3316
7608
1939
4859
8798
1076
5737
2123
3718
4319
10073
1794
5272
3646
1704
7896
8718
9602
9737
8893
10390
5576
9186
10263
10504
8123
10221
3423
6612
10157
629
6066
9950
12413
12676
5476
9587
63
800
9130
7752
971
7817
5570
4536
12763
10291
3272
2250
4074
3097
4622
6294
8872
4523
2163
12970
674
3798
890
884
5604
2979
6107
8211
5949
2689
7218
6682
6091
12867
5116
285
8410
724
4478
2883
1493
217
2679
4790
7765
2752
10575
1560
5153
11910
4291
10967
12831
992
3397
1303
2764
4308
7724
10089
4480
9068
1287
2838
9540
53
7699
8323
5693
12604
51
12189
7340
5460
8369
2285
9463
2691
1087
4039
3796
6411
3224
10585
6237
10016
11041
8174
7169
6662
3532
10666
8276
34
2267
609
3212
2794
6369
10174
9207
4780
9275
10958
5650
5751
853
2834
7881
9962
11793
257
11924
3584
10203
10120
5797
5398
10146
2465
12489
4314
185
2730
12789
8839
3300
3795
1518
3875
10127
5785
4297
10037
4041
8787
7600
4287
6691
11755
4348
1569
759
4652
828
3470
4564
7368
12855
10369
799
10774
8365
8652
10463
10738
8822
1156
3003
12648
9278
9389
1578
3780
6669
3901
7772
3609
2070
6653
5071
9952
8468
4005
8813
9220
8829
5612
12065
363
6773
3744
11674
12038
6796
5975
10439
4443
3826
9881
11112
9544
3255
12460
1215
4925
5416
11151
7060
8465
2356
1337
11730
6667
5255
1548
4437
5952
2236
11330
8800
7821
11319
8748
9466
5189
9731
2549
11612
12158
9995
12218
10047
4827
8900
6376
5497
279
4280
627
12010
11972
6510
1107
198
4866
11702
11540
11964
7402
3199
2584
7446
7418
4539
1603
2488
960
12118
12510
2013
6606
9795
6348
7497
3872
6744
2784
10243
4992
5825
7190
5849
7695
677
10977
10422
7968
1361
3167
336
4868
10550
923
10450
5128
8877
8662
3805
2996
7175
12588
4218
12106
5591
2876
7690
4376
5407
9665
2893
4072
3192
6256
3740
6290
594
2278
4491
12329
183
8289
11593
1230
5384
10119
10448
4270
3873
7658
5827
1681
10486
4589
8898
2878
10778
9614
4955
10591
10441
7575
9300
3673
6661
8447
209
2851
3090
12280
5992
8371
2361
8992
9903
2604
7893
12917
7012
9989
4220
4833
504
2216
984
8283
7942
2148
6075
6932
6636
11851
3140
5569
4492
9521
5480
7173
11598
640
5222
8763
11895
8302
6983
10027
6168
11893
4137
12779
6296
6809
1410
12570
11044
6111
6931
6342
7551
6872
9285
2051
1079
3702
11375
642
9328
5811
305
5688
8148
11931
6264
7506
12335
10312
12765
2300
2046
10595
9049
540
4631
3763
11101
8934
8050
3728
6838
12810
12240
10480
8011
11997
12354
5706
7649
9131
2531
11359
4871
4758
3717
401
3746
6266
2052
4934
6142
3528
1162
8820
191
6176
804
7106
11736
8288
10569
5519
10788
8069
10500
420
11384
10725
4822
8775
3291
3351
8788
12960
12517
1763
9409
2078
8067
9808
9616
4548
641
4185
7177
12707
11058
1719
2866
8904
9806
10173
5617
6165
5903
10709
6664
9678
2855
6354
8628
460
2509
4043
10359
5038
9090
11527
4371
68
6239
3019
2242
1009
11445
5719
10365
3432
469
11521
11468
6944
10568
11150
2901
8633
1629
10695
12078
10059
6619
4250
6009
8446
12844
9672
7203
4577
1857
12799
3412
3829
1821
11483
3069
5089
4787
8062
12054
7161
3876
5036
8012
2944
7074
4815
8498
1948
8907
12802
12726
192
11030
5731
12748
8765
11063
1281
388
5630
3283
12041
9892
10843
12184
3689
3703
12266
1870
1942
4117
7035
3730
2115
3409
11022
5014
1350
6193
2733
4494
10858
9663
1666
3366
2695
10349
4384
6973
4878
1722
2234
450
1253
6204
705
9738
9431
5410
10322
9203
5088
10491
4624
11701
4774
6307
2000
6173
11872
10061
2477
999
12915
4957
12185
2505
12620
7405
5551
11088
4020
9814
7158
6338
7396
4707
966
126
11439
8027
12778
9612
3264
16
1353
3711
10714
4801
4454
10629
2084
152
4594
100
8505
324
4982
10029
12019
4724
12033
11401
1557
8693
4834
4613
563
1764
10822
12544
7601
5936
6992
2030
9635
9129
1292
12150
863
12843
2260
573
9938
13004
11326
7989
11595
281
7828
9850
10893
1747
6825
7108
5946
4542
7346
10728
6321
12438
10433
11051
9007
1854
10643
5712
7269
9377
8099
9810
3499
8352
712
10468
7107
5468
1030
4201
9798
8809
4580
1368
973
2245
11358
12182
10971
10043
11868
12424
9820
6568
10676
8948
2793
2214
3597
30
2493
2232
11978
10093
1691
11335
12949
12261
8090
10780
8034
7441
889
1433
6155
9001
2280
12692
6720
9501
3949
10769
11594
5107
3514
3678
11355
12732
8008
396
4288
2936
2719
8883
7925
8785
2634
345
9988
3997
3178
5373
18
9447
1116
5924
4600
3525
12471
10452
928
2057
9274
12455
3601
2654
7650
4677
10018
7796
3050
9783
1824
11741
12864
7685
8266
88
954
1978
2676
11602
9259
5618
496
4939
2877
12017
3143
3676
7666
7388
7422
10531
1701
9624
6516
2829
8897
10090
12679
5552
2289
1041
12273
8230
1502
5816
2898
162
4344
5205
2508
10036
12966
8284
8586
610
680
6003
12663
11364
4316
4819
7705
12983
1616
4170
11836
3383
11440
1323
6578
11322
9062
6946
353
8908
12757
5964
1184
12897
693
1302
4112
8436
12531
9378
2997
5597
12580
12055
3015
3158
12872
8380
8675
1789
9192
9265
2533
12155
6281
6647
5431
11093
1123
2372
11269
4177
3439
5451
8387
3388
7432
4475
12518
4747
1142
7927
9837
5670
11220
11586
6599
4340
1383
10278
62
12109
11304
4493
6423
2330
10415
2717
8616
11320
11090
276
2869
1072
7593
6863
10404
4736
3149
1605
2166
10011
6509
5720
6406
12546
8645
5264
4451
35
9604
6725
1294
6050
12465
11814
5580
6001
911
9852
6845
3368
4692
277
1492
5258
12738
11763
3129
5798
8292
1958
10511
2726
3119
10729
6072
2110
439
7592
10477
12007
2272
5069
10177
4294
11998
1150
11098
8521
4106
6587
4856
2952
6680
5672
10880
7197
6787
8304
12616
8291
7675
2935
12976
5048
6374
7624
12512
5549
10974
12195
2379
2516
7587
7870
763
5963
3785
8828
9709
4558
10262
12840
5958
870
5795
6445
12888
10980
5558
10403
9742
5615
11350
4052
888
3719
7071
780
795
2412
10824
717
3422
457
12479
1416
1471
10964
8115
6106
2193
9046
197
10145
11126
1997
1255
4685
1513
1403
5815
1102
2847
10863
1959
11737
1881
10851
11259
9789
9262
845
8419
12653
301
7860
9522
2712
9910
11400
8265
5051
11819
7417
3153
7890
6756
11770
5601
5146
11000
12697
11336
10621
8072
7390
4846
67
5190
10628
7159
2061
8604
9005
8688
9867
2011
5682
2757
11734
3946
1520
5477
52
5057
12098
3518
327
6127
3737
11673
2551
12111
5598
1022
2992
7507
309
2019
592
10378
7413
6906
9229
11001
11718
1045
6679
5235
9821
12907
4206
11926
12154
3888
9872
7186
11752
624
10335
2369
10360
8493
12501
10260
8585
4678
932
2287
4240
7687
2073
3086
3044
2998
11832
6988
17
10609
3801
5633
8496
994
5124
6718
11923
4956
1873
4473
4146
8052
4889
10182
7331
7289
11343
11651
7283
1379
2611
8161
4503
10023
11021
4107
6438
11825
2576
4551
5141
5268
10551
8320
3544
12187
9476
129
5067
4258
6732
12148
8049
282
7198
8416
6346
2450
9943
11280
1015
12248
3882
2961
120
2152
4832
4772
1574
9888
10860
3166
10391
4084
4309
537
1810
3145
4635
5182
9746
10944
3134
6665
9158
1912
12074
12880
5948
12472
12599
6130
5755
11795
2475
2983
8888
827
7739
11419
3004
4645
237
11469
5575
12639
2974
7195
406
1217
10686
10180
3370
11613
11808
9411
10817
7088
8739
1786
7811
3680
1005
5554
8231
11787
6663
7087
1008
137
12786
4356
5741
371
2317
3938
12730
11148
11735
4899
1139
1951
9986
5044
7125
2753
10998
5912
5500
10781
7075
5596
3699
535
10298
9393
4553
9279
699
1630
5283
8802
4994
2567
7563
6310
11133
3416
1878
1415
1800
1006
554
7839
1930
2485
1915
8003
76
6261
9688
7976
10084
3246
4666
4284
1643
3345
11977
8124
5935
8951
5453
7737
1143
877
264
10596
1487
4175
10783
11874
4128
1715
12209
1729
11420
11036
5563
8366
692
10681
5136
6477
6605
12873
11236
4054
4439
10918
6314
10106
8449
11929
5364
10750
6278
1157
12803
8947
7120
6603
4142
11411
11560
12186
7369
5442
1051
7932
12312
5259
8598
5926
11928
7327
8925
199
725
2848
2746
8573
3959
1431
11572
6549
3085
8969
7931
7321
1977
5664
514
3136
12433
7500
1488
11214
8481
7377
8126
9927
8920
2086
604
4459
482
12597
6448
5610
1062
4447
7007
8186
595
5516
3731
10637
12217
3738
9781
6180
9682
10717
5145
4998
6810
7364
7629
11060
1728
7077
1697
7020
2770
5902
6607
2029
7448
805
3861
9342
7294
6722
11876
5368
4245
5391
7498
9484
5009
8856
5436
2714
4865
7171
11289
5137
11679
8624
5220
5700
6998
9718
8797
9146
12049
6641
4110
10411
11383
1070
4574
2920
7112
7224
9565
8111
2142
4854
1137
12813
7325
7597
1519
768
6063
2215
11549
6133
7303
5217
11113
4471
12725
12228
12461
9764
1058
11135
11089
5989
3036
4798
3896
12812
11934
5438
6615
3362
9353
2744
806
3122
6233
11380
658
427
553
8382
1734
70
11196
12116
6367
11363
3430
400
2783
7354
7943
9568
9155
8967
8110
5799
12391
618
8738
10501
7526
3595
1516
9296
10689
1470
5387
8042
2788
6235
2305
4095
11118
546
12647
10228
11945
7703
5559
12330
10083
3732
12444
12609
7474
12719
5068
3466
6098
3835
10653
7166
975
5503
11962
4985
7657
12817
12075
12379
11996
3965
6012
4599
3546
12315
8205
12625
7721
2681
3722
8964
12952
8117
11914
9354
1996
7127
7095
6795
7001
11953
6412
333
991
12687
2860
284
7970
5058
5502
5864
11963
7995
3338
5208
10330
7928
4752
3808
4282
4792
9101
287
575
9974
12711
9951
8134
5632
5396
1550
7055
10354
819
6366
2218
13003
9016
1288
9996
11404
2283
3842
9139
7847
11751
4244
12370
11852
2535
8068
12703
9097
12504
11184
2145
11370
3011
12073
5393
1481
2251
6926
7089
7856
6247
7452
1579
8470
6023
3458
4691
10299
11424
1425
4115
8664
11225
6468
3838
3198
11861
3996
8973
9432
1
3708
12482
7330
11433
3526
11908
5464
10479
1320
12437
11499
847
5082
10316
8140
9704
4924
1919
25
10647
11682
1114
8406
446
10758
348
4766
11470
3698
8188
2568
2836
552
10852
4196
12147
9123
2403
3856
4888
3803
12267
1362
462
2176
8247
6494
7201
9446
670
3259
12776
10373
3381
7977
12906
12245
3620
10204
1066
6359
10
10675
3944
4123
5156
12598
4336
8295
4743
12166
3823
11353
3963
6543
902
11824
8536
1101
4267
7376
5565
5249
9859
2506
3883
10586
8314
8201
8209
9600
12180
12092
5874
2407
548
1980
10929
761
2020
4154
4045
5024
4221
13009
6363
7394
5252
4869
12860
2140
9639
5266
12731
6856
3733
8036
8906
10525
4729
9045
7443
12619
7338
3569
9847
10968
10318
6954
3444
2263
1717
5325
7929
7357
8113
10645
8769
11450
12243
9747
6584
14
2103
3696
12414
4986
10927
2745
254
6832
6907
12384
12967
8994
12105
9794
7308
2435
321
4855
10790
11459
12169
6341
6980
7192
9174
2684
9942
6397
11444
11639
6420
12043
3890
12830
11472
10502
9400
3161
6896
4121
11857
11592
12783
4407
9830
12752
11009
12295
5415
10995
3286
5269
3331
8684
2820
3248
10903
5511
4497
3515
4036
11485
1352
2122
9317
8605
6922
11662
1957
1549
6763
8116
3311
8021
1175
10828
1839
7756
5778
5704
1081
8611
1831
11398
11783
11746
7137
6154
9690
5003
1767
2118
2126
6573
9494
2580
9369
8394
12490
132
2393
8150
2518
4710
2007
11258
11666
5244
3644
8735
4335
5018
9092
8037
12996
3714
4019
12806
10346
93
12785
11621
7964
1366
6812
632
3598
10773
11541
1736
10048
9983
10524
5032
5648
221
7381
2482
5441
11248
8405
4404
11537
11209
4479
12020
7168
716
10131
9351
6336
11273
12633
5466
7021
12050
7385
3999
4246
5803
90
10546
9024
4684
6435
8268
12505
11881
3216
4636
9557
6848
10253
5640
4328
9908
6684
7295
7119
10694
2918
11176
9188
7672
10140
12385
11984
4423
5974
12823
8096
9083
4056
12790
11072
1738
11377
9308
6611
731
6192
4391
11331
98
1570
2737
7787
867
7047
9736
3817
701
12082
9863
719
2064
12841
2304
1331
5117
223
6689
8659
9159
11912
6700
7109
11409
10282
11505
4298
688
10199
5540
4194
5843
493
2401
2601
4849
7644
1604
3521
8727
3774
12716
746
8376
6186
2775
12938
12422
5886
9086
10458
2958
1125
602
3141
2050
1399
10859
3048
11503
3056
12914
5414
9056
3757
12890
6267
351
11786
11740
1675
12274
5095
7004
6047
1993
3382
12550
2018
3580
8986
12366
11801
11744
9648
3831
5267
5892
1178
9613
2266
835
6904
12533
8005
10319
4271
1329
3519
4805
95
9875
3723
1164
1916
4082
2463
11990
2539
625
359
12402
1060
5526
10426
2350
1755
480
3974
11312
8546
643
9096
1710
5448
12235
1322
7029
8332
2924
4416
12927
1004
9112
10507
11627
4219
2495
11804
6710
12809
9138
9710
3057
4392
5547
48
5
9346
12965
3705
5810
1129
4973
6889
9532
12279
3590
7730
12836
1791
3197
2987
6248
5796
5937
8501
6061
1189
12499
8017
8461
3813
7735
330
12174
9040
2553
1581
11849
12108
4326
3866
6898
12884
9221
8196
4315
310
2436
10833
9362
9777
3934
4400
10857
1165
11123
169
8961
5379
6356
7717
2586
9087
10309
4260
10276
7493
3824
7182
10009
1641
1790
4090
8557
4118
6589
1372
2002
4303
7115
8783
12134
3046
1054
3278
9536
7504
8742
1317
11201
7256
11557
9254
6115
4609
10092
3038
6609
453
1324
12972
7468
7594
1145
7234
2888
3037
832
9623
3213
5676
4709
2444
11828
10305
8091
245
9461
10978
2697
10063
12026
12042
1169
5756
3059
7711
11733
6567
5378
11811
6057
866
2490
12323
5348
10806
9650
5680
10902
4091
9674
2161
1351
7670
2219
11693
583
299
5868
8720
1384
1053
8593
8650
2665
12426
2727
11285
3374
8509
10489
6122
10038
7449
11777
2608
12519
1002
6620
5577
2786
4863
10142
1593
6805
6049
2771
12468
9620
11987
8792
415
12574
3839
5860
9713
12722
7567
7118
838
7489
81
634
12027
12334
8018
953
9909
7595
685
12115
3146
7277
3175
11544
6574
12254
402
10654
2572
986
8567
8258
5143
7371
8424
3117
1047
12851
10590
5273
8940
12226
3889
2984
8151
3936
6032
2557
3229
11314
10556
10772
7543
11218
8082
2042
11532
619
3070
5943
85
9078
1521
7762
12069
3074
4860
11491
5094
9423
2248
961
326
180
3502
8949
11121
2826
10476
2621
4434
8462
6694
6476
3410
11950
8318
3294
5993
3989
6068
404
12497
8569
3899
5097
8594
11366
11922
4500
2058
2801
2349
10357
9343
1561
8786
7235
1127
12393
12934
11913
5918
9504
3854
311
12090
10398
8482
1571
10811
9067
8463
9618
8625
7959
3567
12667
12286
1173
916
7356
10301
2530
1448
2119
54
8667
9424
428
12881
8580
11010
2630
4733
6052
6418
4936
4455
4567
8428
2905
11190
2849
6444
1018
10884
1618
874
2396
4051
8246
878
5428
11747
5101
11930
5179
7270
7985
3867
4360
9412
8341
1478
5600
10022
3725
7476
3612
11065
3720
10916
9628
2210
4210
12601
11705
11774
12556
3767
7113
5749
4077
2511
3930
2153
1019
2874
8971
6159
6045
9391
7360
12708
4357
4972
5531
12791
10898
9955
7700
7934
2497
11723
3266
7978
12955
10164
2404
3445
2391
9646
12357
4068
898
10560
510
5490
5885
4784
10122
7689
4783
6205
8581
1354
4601
6923
9582
570
249
11247
12356
4059
8024
1534
10839
12004
3794
12002
5950
225
11995
3783
7875
1218
6226
7654
8740
9179
7046
10937
6252
2626
322
9778
8459
8147
7139
12053
3770
3642
467
10826
4233
10766
11365
8876
8402
597
12383
6654
4981
5910
10222
2732
4417
987
3151
6501
19
2312
6630
6500
6939
4663
2661
8243
11159
1895
1183
7773
3548
11346
12784
4113
12522
10271
12436
1740
755
8673
9669
2540
8348
10879
1283
652
5818
7781
7384
12132
320
8707
8941
7866
2890
3481
10798
4508
10237
8732
11859
7040
12446
2036
8795
2619
5125
11294
3641
12793
501
4496
61
9985
3910
7261
2825
10708
134
9592
8475
7636
11884
7684
1695
5237
11278
11570
4086
6956
6038
9093
5852
791
32
9525
1161
123
6078
5312
5939
3552
6113
8222
2275
11018
8191
5367
6797
9630
5713
2887
4850
11699
8487
2476
534
8329
5033
12052
8478
5770
11726
367
6088
12714
2079
9554
136
3334
9579
551
1011
1972
1077
2031
7456
1530
216
10642
11329
3244
8879
4779
8912
10627
2297
8679
11417
3171
4695
3484
5757
4274
7663
10267
8193
10926
2725
1769
8335
906
3440
577
925
10994
8680
9439
9436
10614
4880
1712
7948
3545
4507
11344
962
3460
4688
5722
1417
6262
8938
1911
11003
12583
6843
6524
2458
3350
2709
9110
2768
7363
3094
7480
11980
11498
1853
12028
593
12940
7898
5177
7918
9720
2683
11310
8846
7332
7426
12895
9201
2405
606
11708
8997
2670
7487
10814
11428
9658
2094
3848
4047
4365
12211
11504
3985
1799
12104
1233
12859
654
7769
11232
484
1744
7445
7400
1838
591
8687
2945
3228
8057
10436
5955
4562
4642
6069
3186
10078
6761
3761
8869
9609
4449
12948
2175
6747
3357
5471
389
581
11951
4881
9520
6893
4719
4343
1892
4843
4061
2624
2380
12913
8770
4809
3786
6071
11034
7032
4247
11426
10924
2593
11372
4415
5524
6562
10252
5919
2362
3520
1208
11500
4619
9500
5517
8103
8953
775
3540
12091
6090
495
6059
9497
6759
7908
4528
996
341
9213
6064
8107
10279
8998
8319
12173
836
6624
11327
7692
5826
11644
12591
5986
4482
843
8930
9069
11833
9649
5115
7129
4800
5739
12675
8415
12425
4510
922
11538
8156
5624
2791
943
10727
8491
10508
12262
5643
2698
3095
8342
2261
4651
6323
7745
9904
9978
2255
4598
4305
11180
10293
224
12807
8355
10277
7677
12945
1577
3467
150
6002
6532
10610
765
10874
4895
2687
4342
9345
5857
12592
6781
8046
5842
5488
2286
3603
10427
9997
11949
6121
8179
8309
8525
3656
175
1657
7281
5158
306
10624
8683
2357
881
1886
4022
1632
10512
9061
10129
9861
8220
10082
3954
2451
9475
6147
5515
6396
7301
11970
3406
10478
6618
6324
5344
10612
1737
12355
11911
12139
11667
10516
6834
12423
7513
4044
5405
189
9263
4499
7820
10383
12777
11481
2400
5206
7223
11710
12638
12902
7511
3524
12412
5382
10528
3391
826
8100
9303
4892
12086
10121
6274
9528
576
6249
4545
8854
4254
671
7541
5792
12771
11429
3459
2442
11696
8417
3695
50
11487
3221
7683
2461
9156
8272
7054
11042
4775
6512
9044
4541
1531
8751
2773
623
508
3377
7359
8895
4649
9880
4612
2643
6849
9445
12511
4135
6719
12596
12868
10382
5867
10952
6440
5931
1573
5390
5684
273
8916
9442
6295
12999
559
2631
7494
5234
672
8622
915
5025
11169
11073
9994
4272
9055
3435
6631
741
12989
8544
6767
10969
4109
5655
11782
6813
12753
9120
9305
7347
708
5837
1121
8596
11397
11522
5828
3878
4081
9028
6419
7458
4735
11339
9787
3263
5406
4060
11145
985
3692
2882
440
9758
1702
8184
4900
96
7905
2555
425
7329
94
3809
3170
9947
9555
7951
7542
782
6580
10677
1256
1427
3782
11114
3479
2894
2471
9545
1028
12618
12030
11794
2098
5525
11591
5586
1191
11683
1432
8984
5461
4453
9385
2561
1698
7950
11778
4169
9883
7718
4157
9408
2941
6231
12403
6007
8931
6414
5774
3253
4178
12192
4831
10420
4513
10911
10186
9405
3219
12048
1419
4716
1849
1176
12555
10033
8013
1194
2704
1522
8458
8039
5667
10588
7179
8452
3611
6502
4630
8433
4234
10352
13007
5514
9780
10050
1941
7416
645
9227
6613
6179
9874
3541
1846
2109
5616
6074
8178
10081
3661
2798
12047
9662
11307
7917
6230
526
8719
3425
5571
5694
1356
394
896
11191
8407
5513
6789
9437
8490
10166
84
3814
8238
4694
5758
3428
9325
5532
12085
10052
10473
7826
7920
2583
6655
9012
1634
8957
7713
5669
12110
4176
4571
3840
3411
7962
6608
1840
11425
9756
410
7380
6208
11516
6577
6166
11771
2274
6505
12034
12083
2865
2341
6365
7967
2868
9435
12713
10795
5973
11086
2872
3596
7412
2259
11827
5897
2780
10889
12320
11391
9765
1450
10055
3735
11969
7374
967
10417
11263
3022
7764
5649
6161
6164
4637
5665
7714
3450
11680
3420
5257
8807
9907
3898
12244
3632
8092
3558
10587
11473
2009
1428
6772
4617
7382
72
7191
8386
3488
7436
9619
8385
797
1742
10076
5767
5945
247
7615
5008
8002
5556
6640
222
6370
8467
4200
8754
9654
1499
7722
7979
3841
3262
5400
5110
11573
9319
6086
2071
2844
2053
5622
3273
201
5317
2581
3564
9953
9991
1596
7126
7305
520
8985
6717
7398
8325
12125
12447
8983
7611
5629
6984
3043
1985
10866
10564
9260
12387
9524
1621
1896
7704
5287
4644
12006
11715
1055
5703
11245
823
1655
8066
12768
4153
5092
10962
5401
6199
2541
5202
7209
3950
586
10561
7767
10712
9594
8510
3857
2815
8682
8954
11709
1928
12563
4867
2359
4919
2473
7410
5193
11670
5330
5093
10572
267
4765
3322
11464
5824
7516
8864
4668
8457
6552
8966
5658
6285
2209
9761
8588
6730
11569
9870
8278
7472
8706
12310
2573
283
9321
7291
8058
10736
47
9595
8564
3188
6364
12766
11274
5196
1597
9558
12337
9236
1544
8438
12276
10868
5081
2747
8933
3570
3132
5474
4745
4845
3124
6919
11423
2710
8555
9715
10514
12964
1749
9911
2982
8425
5284
1133
11768
2468
8892
10732
12709
10300
10229
3276
614
10363
6943
6940
6622
10920
5809
12571
10578
4793
11823
7638
11647
8396
9844
9775
4424
486
9891
8880
1249
5280
4070
2917
3159
3523
3522
5817
12901
6402
7996
4643
11748
8730
979
8755
8778
12095
3576
1236
2772
7728
3413
12157
3653
11435
6801
7579
2804
8007
3298
12903
7386
9268
5635
9865
7285
5491
12000
1234
3933
7068
3966
10646
1479
11048
1262
11447
6870
2472
6288
7236
3804
4708
2629
2080
1151
5372
5858
773
10026
9051
8040
4633
10039
2715
5087
11615
8551
3072
8372
262
2111
2492
4732
2063
9309
12987
44
9065
172
2212
1739
10799
10101
2644
2977
7622
11866
3317
7894
3560
6005
9171
11004
10345
8716
11955
10603
11463
11799
6657
10957
4665
10529
9822
1753
4797
2515
6207
10051
1229
1538
11899
9590
12401
8101
3147
9251
6387
10759
6157
2651
6105
11608
5583
6254
12805
7740
10533
12877
9372
11434
7919
2808
10876
5609
2925
3034
7603
5392
8528
2854
9659
5342
6163
3654
6826
1775
12695
2253
1960
11918
1558
12300
1751
4897
142
11994
8823
6868
1407
11362
7365
7442
3342
12925
9823
12610
5653
1078
12363
7121
12159
5388
6936
3112
7940
7309
4883
4739
6924
10818
5256
6948
10803
1801
3064
11486
9901
395
9151
8
12464
7798
79
6378
6844
5884
7510
10168
11291
10085
9052
3903
1651
11818
206
7279
11519
523
6803
10216
2154
4808
9673
7142
6144
998
9915
2830
3844
6292
1404
10097
9169
4058
8660
1671
6981
7559
2197
149
9621
10230
2411
45
12644
2185
9637
3061
3296
2441
3671
522
7082
3557
390
10665
10805
12291
8535
4108
6432
6138
8164
10543
39
49
9440
7225
12307
7814
10236
12252
8472
1670
3226
8881
12269
3837
7110
656
9686
12364
7761
4452
5324
12117
10161
6259
1975
2544
4502
1340
8965
3395
11626
3886
3372
7415
234
783
11183
12113
12338
4420
12636
8663
9318
6668
12698
9964
11694
10890
8648
4538
1662
4389
525
12225
7264
5905
11157
6784
1397
6997
7178
944
1348
4332
974
10786
10297
2845
7048
12093
3562
8125
10154
10892
4529
139
8704
6881
1709
9889
11275
11883
6938
5727
9245
12114
3976
6190
6687
7244
956
4618
1312
1247
1122
1170
11907
1989
1495
7588
10724
15
6385
7160
1207
9241
2841
6298
5512
1752
5714
7869
9608
10165
7049
794
9610
7768
10114
6800
7387
2613
2750
12998
11125
4687
12891
2552
7313
8245
2861
696
9641
6697
1583
750
1537
5841
1946
5066
7634
9144
5185
6836
10311
9671
5781
12130
7258
6994
11636
6132
4189
10845
8030
4421
644
11582
1540
6529
4317
268
3531
5681
10488
6276
9478
1461
11986
2124
4714
2650
7188
5538
6243
5717
3001
4066
11124
11239
894
2409
8180
243
10853
11167
10010
1982
12889
9921
10044
6017
9481
695
5432
3992
12742
11084
3577
5411
2622
10209
6912
3176
4265
3100
10739
12144
2891
5121
8441
9957
6650
3605
11266
8181
3434
4876
9034
1554
2803
11830
2402
857
9490
1503
6639
6499
7221
1815
6110
7954
9406
4811
2338
12407
8384
9280
1746
398
4768
5151
10074
11007
8404
3904
5845
12427
10862
3665
12149
3662
5746
11904
2273
2880
7527
12545
11584
1330
5142
6757
12119
1408
10613
1088
5647
3066
754
12849
7407
7599
12378
11059
11939
8506
2177
8566
1694
1640
10025
793
10325
1900
11347
3610
7696
10655
1386
12993
4648
10979
7533
4749
8260
5738
9570
10428
10348
2614
1135
3023
11385
12606
4347
6816
9094
4466
511
10984
4786
4042
1235
5175
9518
3165
8311
509
6766
6016
8758
4767
5623
11455
11252
7288
12342
1232
6755
8678
653
9748
1689
7680
3947
5313
6610
6741
6582
7569
11282
92
12950
3556
9269
11882
2521
4188
4488
4773
1688
1563
12301
11599
650
5356
4067
3400
9993
316
6328
2443
12715
11668
11991
8435
9561
8523
11181
288
1375
6559
7211
1413
7196
11298
11890
4737
6916
10936
6721
8703
1083
3042
6554
9105
6094
10111
10226
12061
5862
1598
1787
1482
13011
9591
4554
9804
3453
5011
8767
1999
5138
9160
9157
11550
40
9322
9107
11758
4126
381
4961
6311
12670
7907
2381
10663
426
7370
10992
6377
11006
6209
8063
11725
9899
6760
12645
10905
9684
11270
11973
6558
12008
7366
10832
11202
809
8364
5608
9607
11587
9073
296
8430
930
8502
11965
11122
8578
6785
2597
8851
11079
12103
5064
11979
1394
8026
8158
9517
7596
8764
3712
1104
2956
5692
8308
6241
3225
6658
3822
2135
12191
7550
10317
12908
10189
12282
12265
3811
3104
6806
7219
7916
11448
6751
8665
6714
599
12222
11449
3454
814
2612
384
11492
4654
8296
10412
36
7829
11115
720
3287
12302
7247
1723
941
4010
3337
9252
3772
4002
8221
10510
10377
4236
4693
976
9226
8409
1969
2909
11607
2045
1961
5062
11476
11502
5247
1812
3268
3582
12488
8000
1545
12178
3926
9676
6302
6054
633
4165
8241
4679
4225
9966
5690
5376
8282
10819
10331
271
1346
12498
11539
12671
10020
2640
11012
6660
8119
6218
4446
3289
12500
8317
4721
12651
5890
12548
5984
3471
12318
6883
7620
3713
9266
1073
10115
10894
4023
3749
11757
4448
841
4937
9276
1793
3615
12044
12646
11831
4205
10608
3486
7664
6876
9845
7753
2948
2127
12985
7701
10734
11776
10139
11834
12251
8842
3961
1339
8071
8694
1392
11108
6581
532
8173
7053
4370
3028
4566
10933
12678
8744
2048
3404
678
2778
12151
8766
5061
3631
1365
10008
1850
7454
11554
8723
3135
11820
1727
730
11531
6340
10632
12538
4978
2309
3306
111
1282
914
4412
4124
11703
10625
5170
2814
2688
10847
4442
2742
313
1781
379
7230
11369
9433
2957
12942
792
12513
3853
5007
11456
11149
9535
12846
3130
11556
1508
1529
12284
6297
8254
11340
876
6156
7114
6993
7208
1565
10031
6067
11250
5805
12773
7786
8223
6040
6987
1442
12232
4974
8139
7528
7304
12506
8207
9240
4591
11925
8762
6198
7131
4699
12160
3447
5155
6576
7712
5402
5340
10284
4101
8507
29
12432
2082
4470
7155
11013
2243
9884
6277
10169
8878
6961
2965
3591
409
12683
9202
7646
11025
12943
8189
5599
212
2039
4987
11515
11767
12876
437
7064
6990
11204
10399
942
1016
3832
7986
1278
1798
7909
10358
11235
3463
5953
6026
12937
4089
6959
6829
4537
4079
7255
9768
8806
5659
5996
3602
1848
3142
3194
7034
5835
294
8399
8952
3469
3619
6170
7009
5489
6592
4583
9261
6847
4299
1811
7606
9232
3258
4989
3116
1776
6555
5439
7727
11462
9552
1628
5383
1703
7239
11826
11739
11903
2609
158
12878
3325
12977
2230
12701
1449
3981
1676
10821
3640
11460
12754
2178
7623
5160
12819
2916
3032
5988
11535
4621
8919
5023
10333
7669
2355
10062
2247
5131
6333
12068
4593
6547
10742
1090
4945
9258
2223
2693
8029
12018
4429
1925
7130
5347
2923
9306
6571
9360
5959
4168
8375
11396
8858
8045
7470
6681
154
9375
11671
3647
10388
9584
9383
78
3125
3305
9027
3539
6498
2700
1023
1524
12562
128
3138
8084
332
3378
562
9677
246
6941
7914
1338
11571
6488
1590
4903
11525
6428
2146
1500
905
8160
9824
6195
7639
3270
9390
4615
4065
549
4585
505
8088
2625
7312
5203
2174
12853
374
4902
2779
9450
10402
817
10842
4675
12137
12418
12623
8203
12143
2139
11835
7334
7681
8176
2858
6039
7777
6652
8837
10324
1096
1266
8346
7949
6902
9513
5374
1025
7215
10970
10697
6672
8831
5260
1099
796
2677
1536
6859
9376
1902
12223
11313
3415
7373
7375
1012
1382
12129
3921
5564
12842
821
6670
3956
5976
3371
4033
4363
769
7552
4626
9728
6108
538
11901
2641
5733
4122
3319
10338
5791
5293
12060
12672
204
5192
1250
10072
6246
9912
3359
4103
1214
7809
7518
11039
10794
8944
3697
5697
2322
9855
11017
11634
9334
2674
1021
12206
5894
12530
11675
2538
2095
4550
7994
11843
9033
4530
6770
6021
3657
8488
7902
1805
343
7453
5286
11773
6408
7260
7002
5326
3942
8070
11892
10091
12557
2345
2067
6330
1871
1575
9836
5942
4158
3340
5718
2116
11983
12396
1772
2971
12170
6892
4515
7574
11603
822
7306
8048
810
1325
8526
811
1514
6783
6010
11361
235
5762
2491
7482
2748
5789
12632
4008
1064
12190
1730
2602
9363
5159
9559
12627
4457
4886
7010
749
8060
9088
1369
2618
10030
12332
11886
8269
5161
11437
3905
3040
1355
9632
1814
6000
9147
12321
628
12176
13005
3815
675
11657
4504
2129
10706
4131
12208
9744
9858
600
6443
3075
739
7645
840
8437
11301
12871
2628
187
5728
4114
11357
1882
8514
10314
13001
758
156
2091
816
7808
5459
1600
10490
5043
8108
6927
7483
9801
4904
7732
2346
9843
12289
10499
4607
6692
9002
839
4296
10176
547
2769
5915
2899
7031
7072
7296
10592
7835
1321
11946
2652
12621
188
9214
4139
10445
12327
2077
5645
4650
9984
11617
11351
3168
1979
6895
8354
2863
1472
3988
42
4726
10100
8709
9293
11446
7863
5114
6114
171
11302
318
6258
5499
5927
3736
1319
1342
9085
4032
4697
7242
964
8248
6740
9972
6124
9340
12292
3847
2386
6011
6329
4561
4965
4696
9281
7038
11288
10175
6447
4346
4235
8818
723
11754
1635
2332
7715
4144
9329
11514
9333
5501
9512
3280
11822
6293
2995
8144
9583
11305
5091
9283
2311
7674
442
9706
10002
3109
3885
9294
4555
8244
10523
393
1458
4025
2147
1693
11223
4293
8959
8737
7598
65
10087
5969
1984
5454
1034
3261
9217
946
7263
12059
5679
8328
2569
6056
4349
3332
10464
9020
12865
11555
4253
2980
6194
3293
5060
9680
9812
7525
7619
5013
5548
9751
9998
1802
3321
9919
6051
5316
9216
9135
8874
9941
7025
335
3355
9699
9396
8427
12922
2656
1239
127
8495
1552
7265
386
2138
11512
2942
28
6301
10760
12775
8886
2736
1113
7214
8958
3592
11937
3758
9486
5334
1797
12933
10855
9553
1296
7401
6930
11076
1602
1667
5322
2610
10289
12935
6597
4547
3688
6478
9975
4756
10041
448
1467
5180
387
10540
9585
8153
4273
6357
9429
2228
9425
2319
571
11902
11349
8932
710
12177
10004
315
4422
5450
2835
1507
12997
6458
7039
3392
10045
5960
8689
9312
4141
6504
6031
6572
9341
1031
2550
10416
3991
10658
12856
7671
12946
3555
9222
419
3200
9332
6232
106
9059
1462
9382
11860
11578
9956
7213
7661
3196
2433
122
10749
740
2637
12404
8541
10506
6542
10430
5369
12216
11654
5705
11360
8172
5245
9010
3014
3836
9961
1391
957
5934
3884
4369
1221
4472
7841
1921
6085
3501
12156
10225
10451
10215
10172
7403
12087
9645
9082
815
5289
11049
1991
11328
2930
11807
3055
11144
7043
6463
5865
11885
9925
1423
9480
9253
8293
9444
8761
2522
10690
808
3752
3128
12690
8381
5759
2211
11669
8808
10792
6885
6119
10013
9038
8539
179
5848
10631
4777
6013
3970
767
1211
9571
9249
6824
9035
10244
4173
6634
3998
6678
7016
1956
4960
4419
10280
7877
499
1284
9457
10437
7379
12744
8530
3495
11461
12681
27
12399
7424
4331
4469
4138
9797
6820
4406
1466
6712
2796
5433
6473
11506
11321
1316
2108
3579
10990
10981
9234
11287
2398
2501
11040
10344
3768
11921
9427
12339
10355
5522
1498
7566
3494
11677
498
4506
10001
6497
8885
2180
3741
5487
2229
10105
6771
3585
6409
11948
11896
5026
3583
11967
4237
3441
2782
5050
933
8855
155
9862
1105
8657
6151
5971
4120
9491
3788
6699
2623
3052
9267
1917
6503
6625
6575
11698
1480
3498
10409
2943
5790
2970
11689
4
3551
2415
1049
7980
5099
10362
10125
5626
4879
11341
3222
4913
9668
4560
580
5957
3077
7028
6421
8518
2371
7419
11107
1459
7103
11164
11966
8631
416
8154
2963
2075
11919
2818
2986
2592
7876
8226
2408
8674
8135
1111
10648
5641
10659
1259
2653
2735
11664
12371
7353
1783
4063
7621
4444
12439
2525
6327
33
4674
6222
10466
3009
10633
8204
7501
4842
3897
1248
9760
12443
12745
10897
6332
7488
8701
738
454
2323
9656
3237
10397
9473
7084
7790
9453
12076
8690
8981
6538
2489
12171
10782
3937
8445
3275
5550
12704
2755
6928
6888
10340
11742
10887
5794
6839
1910
8152
3743
5104
1953
2329
10669
12198
3210
5310
4031
10789
9834
8073
12857
6918
10841
8133
5183
789
319
7565
10784
3706
11027
5078
7609
7754
5168
9470
8711
5730
513
9625
10942
2117
5173
5467
12507
6656
5144
4516
636
12717
9438
4359
338
10456
5261
7066
6937
9934
5169
5132
3182
4167
182
2797
8277
6089
10816
488
1335
7097
6460
4394
10071
8832
1271
1680
2765
3033
937
11023
6344
5276
11840
11676
4038
6018
11332
3326
3916
7392
1855
6125
12787
5813
8826
9115
3536
4660
3846
6146
4214
5595
2822
8025
1254
5321
5040
5678
58
7532
1244
7969
10193
1718
4456
7316
10594
7395
707
12503
6674
5723
1778
105
2224
10875
10558
9030
2256
1601
2577
8591
11119
2678
6949
1463
1344
10856
1998
6866
1845
7167
9047
9864
7503
11392
11989
5212
5148
464
9969
9719
5533
3554
11954
1639
8669
11518
590
4145
1947
5651
2001
6817
848
8159
6270
8132
727
5292
2321
3709
850
2395
6424
3016
12815
7720
6225
9066
990
12352
3238
7486
12795
7957
714
11494
3994
208
11020
7241
3754
7378
8286
3156
9853
904
7886
1013
1264
4150
9072
2460
4835
7710
4723
8587
7311
3827
12834
3329
9547
2812
12094
7789
4847
9729
10116
3993
2638
8074
12389
5981
9929
2599
9164
6282
1613
5654
3572
2456
1692
9959
2328
7564
9523
8202
9029
2413
11345
7333
5118
1971
2310
8512
2217
7383
4794
11900
9215
4164
3193
6006
3977
1311
6765
2281
1068
103
2840
228
11222
5573
10753
10219
8692
9977
4559
8821
12304
5481
6593
170
7163
422
1669
584
12833
3589
9304
4891
3571
3358
10796
11845
11690
12664
5660
1103
4414
9851
934
6099
700
9402
3496
10435
4670
2950
11388
11769
2879
4821
10693
7992
940
7988
7172
12824
3634
3058
8901
1231
12626
2666
3369
5462
11864
8227
2972
5341
3217
4004
6316
3821
9419
1400
4226
11171
12319
7708
89
3148
1377
4229
1225
291
4080
7802
7140
10158
11920
8640
12428
3895
261
12749
871
6279
1609
11695
647
449
12215
12431
2790
2498
6280
12196
2099
7923
10545
7146
3477
10194
5465
8902
3627
11105
6914
10485
11576
1198
6986
9109
3533
9134
10014
8434
9248
4887
8550
8655
340
4814
5075
12100
7857
4672
4954
12612
6129
2955
9815
8943
8835
7807
9467
5887
11311
11982
9793
10877
11228
2313
392
2088
802
9805
7217
1373
2315
12554
1228
1678
1964
993
12624
9627
5699
8956
4279
6748
11356
3164
2244
10459
8167
1357
12782
7987
11427
4474
5209
536
5729
2303
9642
6517
2320
8772
9448
5073
9133
3504
6910
7149
5870
6216
6187
8294
2164
5541
9255
6361
8911
5282
5010
4149
11938
9145
12560
5505
9503
3978
9273
4403
995
3649
8504
9008
7310
10206
3962
6915
2852
7912
12456
5932
2141
11533
11109
1505
5425
9914
7111
5294
5300
3281
8477
6335
5135
5800
1879
12827
1585
8519
10888
2968
981
4252
7707
12317
7430
3750
5031
12887
9701
661
3802
10807
6583
5808
8274
11033
2196
2571
2279
6169
7326
5930
4728
9496
12453
12988
7116
3185
6628
5285
10024
7653
412
7399
12870
7240
5112
7719
5833
8666
8014
2668
1758
8651
12882
503
2694
9413
10787
9307
9533
7591
3180
9451
3005
9722
7965
7984
3508
3669
11999
7757
10103
5403
927
3461
10619
8803
12759
9871
2314
6300
6671
12758
7005
161
12039
1908
2199
10973
5967
8492
1510
5399
459
6561
6762
9940
9454
1474
12696
2423
9894
11146
2367
4318
346
11242
5844
9726
11014
4628
12858
6036
2353
7438
8322
7938
5455
8141
2713
587
12974
8047
12774
9270
12429
7941
77
7944
4762
1440
9817
10381
9527
489
2565
4231
3063
7302
5492
12920
5452
8353
8629
11130
3666
3543
9717
4862
11688
5449
4620
5821
9420
1773
5486
10184
4111
5646
10535
2258
11628
4823
9119
5882
3297
10985
5528
2940
7440
10928
7314
1314
512
6735
485
3879
7481
10088
1833
7254
5535
12733
6234
2596
7837
7275
3123
200
5662
9148
10509
12012
977
10264
5663
1665
12365
6701
2173
9256
7222
7631
3874
2559
3476
5152
8977
1981
12918
11829
3386
2562
8867
3327
8028
11045
11528
2012
3952
1586
3190
12346
9191
3414
5420
11721
1924
4092
10104
4837
9606
12509
5408
9799
7297
7797
11713
4614
12210
8252
4007
3863
6738
5689
11848
8771
3076
7952
5764
12527
11791
11716
9647
2288
3393
4490
12947
7936
1275
9098
10850
907
1874
11611
11523
344
4024
5288
10418
9749
11257
3593
8929
7834
12009
5677
8403
1661
5447
11379
2696
5307
1637
7437
8143
733
4241
6550
3760
9896
5039
12246
6362
8582
1038
10949
5194
2327
12986
6733
11
11548
6116
4426
9705
418
10035
10290
2474
12990
7628
12249
7823
2607
8849
803
3503
6728
3860
5103
657
6482
3335
421
10223
7824
5542
12313
10919
12904
12359
3643
8485
12164
10481
7880
9670
9771
6196
2903
1455
11237
4602
10107
8747
6821
2821
2171
6271
3845
6837
12718
2240
5763
6999
5777
7462
12153
11120
9519
5241
951
10202
12912
10825
2298
8840
3101
6480
4238
7974
10527
11465
11542
3343
11408
6145
491
6283
7698
9785
1420
12207
4172
4358
176
12956
9211
3969
12705
7851
5980
735
908
1364
920
1360
9965
5639
10124
8865
6171
7557
7827
73
7741
9347
682
12798
12693
4048
3739
12909
7042
3672
963
11974
2575
403
4012
8016
10394
2680
12710
7651
4951
8281
12202
9945
3953
5301
11575
2389
4464
2306
7770
3779
6410
5620
691
7997
11277
8480
778
756
7271
11489
4161
11046
6284
361
10644
12478
3887
6616
10763
10704
11581
5030
4789
4527
11103
12654
2962
2446
2781
855
7349
4938
101
4295
4016
8995
9099
10538
4163
8562
11785
4533
2758
286
10707
1308
7058
10220
8927
662
2469
913
2587
1483
1983
12124
5218
11233
7921
1380
842
9209
6004
3008
433
1936
11728
2989
8612
3943
6646
5394
3169
3073
12561
6244
2664
10616
11337
7122
10573
12473
5463
3251
8213
2556
10195
8632
11661
5621
12071
7887
8810
10248
8020
5979
744
4671
7052
164
8210
6540
11563
8157
7282
10213
8500
8001
6617
3029
10353
12740
12689
8300
3361
7189
3939
11067
1918
8218
11686
3018
1304
7181
3233
11720
229
1035
4706
10605
6128
9511
7930
2740
121
3068
11700
9700
7838
5054
4445
9365
6519
578
9878
109
465
2144
5917
11056
6911
66
3507
12928
7144
10687
3089
9856
7780
7466
12459
9979
8324
10620
10835
5120
7253
7868
435
5866
5271
9170
7539
8609
10032
7888
11761
355
9449
1061
9246
12029
6968
10553
8870
11215
5509
10522
3613
5355
6034
7514
12492
3935
21
6046
5613
12874
1043
10134
8784
5102
10945
4018
2947
12214
6268
6814
10443
3191
8575
3625
2615
5572
1089
9767
1318
4232
837
9906
865
5710
3088
1289
6417
2155
9
5380
8584
5111
6008
6178
8982
6953
4087
10999
8508
7731
445
9426
3716
3230
9976
11756
1559
4302
9750
4026
10371
11407
2158
7246
11234
2447
12484
11590
10096
10518
6405
4160
4199
1465
7637
9841
1434
11338
8974
2325
5221
3958
8942
6884
11064
2452
5204
7307
1504
10997
3039
3203
2805
8307
2377
5745
5724
7086
12541
1475
9809
8086
2911
7676
5661
2056
5201
5213
481
11658
2162
9302
2810
6493
5187
1963
9562
3912
11172
9876
5871
7259
7736
6220
5606
4186
8556
10812
6897
2519
7093
12386
6062
11543
151
4804
4864
11732
7537
12668
10872
2151
7315
4638
329
6172
10849
1757
7150
8182
6434
1197
7946
2659
2172
3559
8773
5302
6183
8520
1298
447
490
5691
8532
8120
6822
6514
6229
3600
12899
11325
7748
12662
9712
5589
4763
5968
5891
1406
10571
4276
2824
2657
10940
10396
9992
1326
12543
114
1439
12201
1765
289
6076
679
4944
9290
5020
5840
969
9070
8206
10153
12585
5119
10113
11139
6560
1654
10440
9840
7555
8112
5978
7878
579
10498
9546
3285
1660
5807
3913
10886
1378
9031
5458
4268
6383
9773
2410
10895
7547
3684
5423
10521
1347
11241
6479
1612
6485
3527
668
891
11871
9042
6055
12084
2388
8830
12493
9021
2871
7348
1920
2669
11817
948
10634
2318
3799
1269
10227
10565
12145
3267
166
2213
6913
9757
4354
12040
1091
2337
360
7843
7073
5877
12314
10909
9611
2187
1349
8351
10678
711
11141
11394
10711
4929
12205
3099
2722
4285
9468
728
5856
1541
10205
7404
11879
8700
8814
8190
2642
12409
4595
9074
3098
8489
6776
1893
4300
11161
2817
844
10785
3806
2262
3152
9724
236
3707
11944
6349
9657
6588
8225
8350
1509
6965
4971
10939
9118
5991
11805
8336
5421
10272
12984
4928
138
10685
5683
10190
4568
7562
1115
6030
6446
6150
10141
11206
2738
1174
7026
11128
12372
5162
10234
1120
11520
10133
10315
10660
9999
5523
2373
11306
239
12046
12477
9693
4367
4757
5072
5371
6737
8939
2208
11568
11254
3550
4166
9902
12576
6368
6227
8454
743
2455
4540
4083
11211
4211
12894
7785
4669
11650
8777
12661
9967
2711
3133
11053
8166
5002
7618
521
11655
5079
1148
12685
2724
8882
3417
10963
102
4946
12640
7464
6442
2560
1220
3084
10622
10917
7092
2842
6535
10505
8868
1945
9048
4943
4722
6053
5446
7293
10914
12257
1270
982
7643
12686
9869
10848
4155
5743
5901
5899
4931
697
4310
4698
5166
12526
11640
608
5507
5823
1293
12051
11203
10684
3586
9973
7337
4969
11894
1441
7134
11802
8681
10040
8978
1084
7933
4917
3314
5248
7825
12452
6774
3220
4104
5592
10692
2268
8600
11806
5327
12322
7451
3820
4778
2203
681
6882
5766
6530
9149
4198
895
244
2454
2149
11008
5074
2908
12175
8899
10432
3990
6724
3346
3633
529
9025
12442
1046
9576
6102
4190
8670
2682
6464
2646
8345
6729
1003
4629
11841
5506
5707
7027
2728
9379
10861
8695
6852
4323
4627
8239
12614
12491
2906
1258
9100
3431
11873
9154
1136
887
12233
37
8306
9076
10589
7475
10904
9791
6933
1393
10080
533
880
9128
5323
4290
259
7529
4872
9924
6522
10294
8602
6126
2692
10181
4634
4289
6189
1774
9140
784
5603
11083
4914
10536
766
12552
242
4352
917
12058
9162
10931
269
1638
1706
5859
2574
12553
2269
11117
9928
1732
6901
8422
4055
2517
721
11430
4898
8095
2636
2603
1566
4517
41
12921
3401
4373
10765
3303
8197
6371
10376
74
2785
6921
3871
107
9415
7812
7815
2591
4329
2066
2182
10722
8592
3173
6320
7138
4930
6272
818
6875
3398
3449
6092
3462
3668
3160
