983
5146
6962
11878
11471
6568
10639
8641
6804
1748
13002
7864
11420
12926
12520
12898
12587
2996
8358
397
5589
10701
4679
3832
12595
3287
7790
11024
8292
6854
10385
12021
5719
5850
10548
12463
11043
5939
10645
6674
10683
1124
7132
12944
8793
7286
11208
2060
8673
2648
253
1007
1328
6237
991
356
9885
3306
9501
8058
10063
11106
5984
11226
7934
12769
7866
6262
1245
5026
3464
423
11212
8136
193
4966
4513
11511
10718
3343
2536
6910
4401
856
3733
11604
10733
564
8567
3280
11276
5538
9232
487
1551
1370
6414
1385
10053
1898
6845
7871
10680
4873
1858
2207
8262
6872
7536
5613
10737
1829
83
10938
11015
8558
9110
4124
8261
7685
6081
1494
7567
4921
2047
12410
9917
0
8430
1334
11530
2097
1497
12959
5919
6272
9688
12146
12311
5552
9203
5472
12260
12243
10720
6244
8917
851
6601
1417
9074
7210
12167
12224
3620
10524
10908
3723
6803
7955
10735
11162
1851
5028
6468
7420
5361
2254
10566
7511
11853
2167
6346
8252
3140
5860
8814
11846
11909
3666
10372
9632
8769
10896
6148
8510
6866
11990
2774
12483
5162
7211
12288
9242
7445
7122
4417
1884
12487
8410
9393
12542
11474
3061
6103
10118
10395
2392
1205
4488
9677
12706
5173
2249
1699
5380
12720
11121
5076
2457
833
3012
4586
11243
12734
2334
2565
10198
4310
7343
6933
1447
3474
9012
9799
4925
11323
7980
11854
5489
357
12523
4398
613
4736
3143
5397
6027
1160
5482
1014
4031
8780
2731
1219
4852
11011
7539
12681
11783
5084
2705
2985
9702
10381
7460
2449
10890
7579
1455
4770
1633
3456
232
8582
11936
9526
1542
12630
10922
12309
8934
12634
4583
2577
3922
6218
3840
7547
12516
9218
3130
2759
9791
4589
6983
9311
5888
11175
4395
4350
2324
11134
2766
10541
3078
11743
12518
12351
4321
10626
8883
12919
6753
12811
12991
8860
2093
3126
7960
2897
1563
11137
6179
11912
12902
12751
8256
8347
1238
989
9338
10449
9354
3754
4654
11838
9455
4605
4602
3651
11004
12101
4542
1687
4993
10577
4701
6976
11368
2074
9858
9031
2101
2756
3901
8440
5811
317
2121
9827
7602
8333
3929
2033
11453
9870
3022
11151
4837
1396
3415
10534
265
9137
3001
11069
3206
11221
11497
10751
2363
11601
7493
4323
8272
9571
2226
6486
7641
2024
9365
11415
8573
349
3138
11630
1766
10429
7099
4424
5079
5239
3334
5034
10404
11699
4638
2016
6178
9814
7611
12318
10814
5955
8453
2374
6973
6665
11534
7459
10956
12910
7770
6385
3281
7392
10462
8258
1817
5785
6079
10384
6975
1750
10192
2929
2134
9515
4895
6797
6722
3714
6941
6969
9631
8304
9271
2631
9013
4626
11959
8901
5831
978
2427
9347
9123
669
1540
1524
6697
5266
5007
7781
589
8611
4967
12118
10326
2807
1759
10158
2319
2494
11148
3253
11564
6460
10375
12370
3424
9568
12498
4725
910
7103
8996
8536
12884
10101
9930
10945
4263
10582
9878
10434
4753
4948
1102
921
1621
3913
964
4525
8485
4392
5443
3618
4745
7215
1215
2699
2718
4596
1543
7581
10190
11406
6489
12617
3114
4333
7896
4223
5536
10159
1862
6928
6807
12781
7242
1080
868
11289
6205
3692
8843
7458
6701
3565
10799
2193
785
11697
4012
4190
5421
10688
2065
507
5533
9780
10969
4675
5044
4704
2168
4574
6684
7007
2035
64
1720
4394
5997
3606
4500
8077
2693
9778
4609
12256
10602
9859
12995
897
1363
5507
7055
8816
7798
10310
4933
4883
4475
369
2063
2354
1730
2085
11940
3605
11410
8033
1469
6946
8912
10530
5137
4719
6470
11679
2930
2184
297
10329
11322
1740
11249
3233
186
5423
11672
8450
11426
5942
4668
2062
2878
6889
1804
2018
7897
11781
6454
6694
6090
12016
1149
1168
11156
9076
5477
7609
497
1173
12973
9628
7839
8974
203
12753
2666
10748
7249
3386
11214
7302
11390
11591
7926
11942
12272
5458
3082
9596
5329
3657
1828
12739
7905
10576
8944
6841
11975
8194
2431
9663
3636
10338
8760
9841
6138
179
2100
10414
2096
3746
8936
6452
5853
1721
2166
2874
1868
11416
9062
11659
4035
2425
195
8229
3470
7290
4601
2862
932
8120
12767
241
8086
7974
9711
7678
10082
6670
6981
7349
12619
9061
6412
10400
91
2004
10661
10668
11510
5153
2285
11546
12978
3246
2025
7585
12492
8002
11357
5317
492
6485
10246
5000
6281
4380
10334
4403
2259
451
2135
11127
3702
184
4814
4758
9507
12302
824
1854
11190
12727
10950
5149
3948
9694
10763
7410
5924
5903
6950
4135
4804
9003
6302
8439
8121
8170
12165
2186
9454
11780
731
10455
5606
9826
10444
11000
6324
748
12596
4825
9945
12866
8663
411
1952
8987
11993
8003
1719
951
1951
9782
7729
8409
6495
7341
9190
7649
6968
5637
8622
8861
2
2190
2072
9475
5818
2102
8233
7011
2087
7582
8496
345
11233
12986
4169
4374
6966
1976
1837
3940
7800
7224
5129
7318
10629
8918
12107
6317
1164
12653
12654
378
3467
2089
728
10965
593
10819
2792
11693
8640
4840
9431
8339
9494
11926
12190
6702
9223
10656
10265
7738
5219
8863
4839
2015
11099
6147
6216
2932
11738
768
3362
2344
3002
8970
498
11966
7322
10345
6507
7163
7095
4463
555
4083
2752
7947
12036
7927
7275
5330
10211
11267
11850
8186
7390
7872
6606
3806
337
10647
9198
10698
11479
8908
4101
350
7521
6371
2960
5196
11279
3984
4181
3391
3042
5518
1907
12820
8483
8236
3552
4247
106
12097
11507
5926
2343
8962
9372
9312
859
10472
1061
6778
7936
2484
11932
1126
1177
6974
9771
4939
5624
4469
9811
6304
10137
9946
2083
7098
5833
2201
11129
1652
5098
2645
2248
4524
1243
6887
1040
2316
12729
7157
10438
10703
3680
8990
7991
7557
5687
157
4292
12962
5295
5894
7659
1800
4456
10245
8309
9484
11111
6104
7817
10715
6315
4545
12877
2076
10650
2481
10143
11627
9559
5873
10470
3924
8879
8390
144
476
9421
12393
7178
10802
6940
2233
8461
4269
6951
4216
12434
5349
3435
5055
6339
5872
7228
7654
1615
9627
1753
269
1252
924
2104
4127
1294
776
7495
3686
4976
2204
6389
3504
7335
5193
4248
4285
7182
3741
366
8824
10292
477
2069
8437
5232
8436
3107
9458
5565
10494
9602
4484
7075
9687
12763
11816
5242
130
4070
742
12368
10405
4881
370
7371
9348
8679
10934
7037
12911
16
8954
3921
3515
1162
9322
43
3703
11246
9427
8570
5813
399
11766
2271
4063
8137
11771
1421
8139
1525
6340
5138
6806
5965
1106
4887
2487
9597
6403
9832
4975
6344
4454
11185
3848
5033
12445
7512
5772
8846
1300
2027
2468
1891
10064
12116
2510
1901
12625
9146
9415
7355
4205
10337
3537
1885
8888
140
933
11949
11927
1060
5959
9556
7273
3860
8211
3764
2179
9577
11096
5040
8696
1927
11989
6099
7531
6351
7849
11598
7657
11319
10020
3008
11582
5185
8250
7010
1801
11022
12080
12241
8097
9829
1535
2388
4007
12824
9080
11470
11773
4386
3273
5491
9373
11798
12966
775
375
12349
1606
3201
10493
858
2479
11095
1279
9270
9356
7532
7173
12742
6200
9087
3019
2010
8565
2332
12227
7688
5809
9300
12409
12482
2428
4690
1209
23
8922
10730
2142
7419
11071
11182
9343
270
7168
10
10779
3861
1648
11107
6433
5090
7035
3053
2730
9529
5237
4483
11059
9763
10689
10719
11102
5920
12987
8969
108
10705
1488
2480
1273
9417
8831
6471
7846
462
6177
214
9180
8636
4608
2596
11877
60
10331
10579
5416
11005
11255
6069
7253
8311
7534
9057
11463
5986
12350
11765
4636
6555
12860
6251
6644
3355
12050
2301
3156
7183
8162
8075
8564
7801
3650
2418
256
4432
3912
12470
2505
6450
5586
4962
4435
7436
2999
8331
10809
1199
591
4467
3064
5253
3954
10410
1175
8652
4937
11316
1307
12371
12394
11293
2704
2299
6040
2502
7289
2761
3268
2156
11803
125
9812
7661
6861
1006
8288
4324
8576
6704
2007
5115
1588
11104
1811
1844
1086
5803
1390
7920
5993
4261
5014
12611
11297
8668
9617
8715
9818
11456
3624
3477
7741
3450
1044
7239
8838
7903
7876
251
4603
4106
1689
5826
605
7164
2422
8030
2492
2927
7530
4518
4458
7340
5334
6744
2028
7237
4431
6320
11616
3505
4027
12736
1290
12532
4452
7123
5774
6465
4743
499
5517
7705
7553
2353
1578
6227
3091
3658
6698
9470
9959
2535
10288
4308
380
10808
12701
5126
1348
4724
4147
4796
929
10033
9182
12261
9264
3488
8449
12831
8647
8182
771
9547
8165
6961
10515
11186
1673
9875
2030
12676
9291
10591
6444
8337
5917
2424
8677
9975
11867
4831
3551
8305
6800
189
4126
729
8989
2993
8454
1153
10839
5456
3066
11597
5542
7815
4300
1218
10649
4756
6907
4616
7870
1797
8343
8552
12161
11398
3056
2163
5272
11947
4152
12583
4389
10126
8596
3869
2383
9336
545
9707
11974
7588
6048
3255
11268
3112
11694
4399
5720
11680
1418
6556
3192
11776
3953
5171
4242
10776
12295
2125
4511
6686
3695
2472
10503
9450
11687
7277
1332
210
11442
3068
9276
6352
6453
11559
4986
12512
4060
8546
2896
9880
4691
7438
2760
4430
4296
12374
1671
11044
12282
9070
7591
5375
180
1254
10526
4025
1041
8711
638
9761
6844
11048
147
8150
9614
2729
11238
12846
12818
8613
6165
298
5165
9326
1762
12599
10240
3960
11839
12640
6303
2831
8675
9765
3330
1511
12669
9936
12362
2859
10356
6840
9434
5551
6393
8315
10266
10926
10017
9260
4230
4663
9091
7853
12589
11118
12578
344
9932
39
7427
12764
2330
4822
2022
6114
11653
9941
479
5437
4631
278
9005
7854
2672
7184
466
4341
3548
260
12674
9695
12112
12992
5248
6703
11844
160
31
4217
1928
2094
4128
9907
12299
6653
11674
4587
9641
3789
1988
11856
11939
6949
3858
5852
4355
3970
8482
5627
5284
11252
5484
10914
2099
347
12728
6087
7569
567
4354
2005
9736
11923
1966
1056
9542
10696
478
3564
747
5092
12593
7883
7169
7230
4996
390
11823
2108
4833
2191
7005
6590
7272
6728
9025
11869
5614
159
431
7970
1263
6112
11374
8017
655
2753
12344
12755
4920
1846
1843
9729
12275
9837
10487
4817
5102
7407
5701
10821
3026
1403
5283
8144
9647
3046
9442
12095
3781
12960
11154
12928
10813
5350
11176
12406
11756
10865
3878
10911
6102
6849
10840
10328
3890
2987
8228
6231
12193
11198
7353
11388
8280
7851
126
5319
7761
9995
7468
9241
2364
8480
5372
9188
9352
2333
2420
2895
10870
10517
12480
6863
1647
1171
3101
2894
8978
5836
7413
7153
7174
11764
12298
8042
4056
4170
9257
1296
3264
11898
4896
10671
7502
11039
7535
322
7671
4682
371
8733
6939
7546
2252
11116
12584
9705
4200
2438
8215
7254
12030
10974
1420
11916
11464
10110
218
6999
12221
1093
10401
5938
6767
7232
2173
5365
8043
9840
12183
2979
2340
6021
7803
2444
6499
8438
3979
6787
5181
12967
5571
12566
11119
4965
8060
7772
2112
877
5438
6009
12809
961
11907
8914
7878
6438
10807
9752
3892
1326
10222
11309
12264
339
2446
1234
3282
3635
6959
9809
11305
11525
4919
5801
1906
8089
9660
1519
8377
2593
7819
2407
6384
7323
8176
11558
12168
3109
2008
7722
11745
12296
7857
3744
7199
2416
2437
12053
10459
12455
133
5906
3926
12316
9471
1223
6175
11225
2152
2709
2793
6379
631
2771
11431
10571
6383
8852
9457
1656
12721
10948
10734
8316
3604
12832
4311
10836
11857
8254
11153
10359
7771
10992
6362
5805
9115
2734
10885
6867
11430
11562
1777
1114
4581
7964
3462
1611
3969
442
7017
1902
1428
11930
9252
8725
12830
5520
6680
4491
11968
4767
2566
12199
1292
12825
7975
1358
1485
2504
5580
8676
10407
10959
12979
2559
8319
11367
1723
3441
12262
10244
2992
2129
7732
12775
6353
1726
207
12740
11292
206
4449
11532
3445
9665
8628
4716
10303
6440
5751
641
2563
901
5854
7902
3164
10855
10721
11529
2133
8010
3625
3145
11403
1931
11074
10467
2002
1892
4129
1457
8375
6445
5279
4657
11751
2635
5343
12242
7385
12460
8462
8740
1787
7809
12658
2553
2439
4259
11555
10123
11360
12127
9056
9779
797
10378
8528
2901
6542
9892
9464
1592
5388
9599
19
9236
293
7990
12750
10856
9904
8785
6860
9200
3622
5415
11052
2037
3103
12514
3160
8299
6671
1731
5442
8687
8456
3752
7829
6144
4024
5695
4985
238
5578
1732
12135
11079
5669
2369
255
3327
10724
6406
12266
1179
3982
9386
8594
1728
11849
11303
7768
7516
6437
11354
11349
9204
2500
2017
471
11178
377
1430
1827
11817
7408
10187
3092
9952
6080
11732
6734
6810
10707
8973
1866
11286
10386
7908
7613
12515
9453
7471
1071
2026
7472
4040
3700
5909
10426
574
1589
10484
5264
7577
9769
2181
4009
12861
250
4591
12433
3663
1995
2006
4998
5667
2934
2923
3
875
8871
2867
12867
8984
8362
8241
6220
4377
1150
4652
937
8874
5213
3392
10075
4874
7751
9528
10409
10897
9741
1959
6292
12008
3988
6827
11073
7060
7891
2470
1344
10297
12664
8542
1500
8336
9851
762
3337
11750
8866
284
4990
4838
5307
12852
7128
2508
9525
11786
425
616
4370
4946
4878
6971
3900
12504
119
9265
259
234
7923
11421
7120
496
11545
2605
9801
5255
9751
8079
6964
1549
8173
10168
4978
3410
7498
10447
6717
8646
12555
947
8037
7297
6970
4746
4367
11638
4615
11317
3867
5053
10957
3492
2579
11643
9216
4854
8420
5913
5254
11633
11563
4442
8360
4201
3857
17
1449
145
4276
2362
3496
12849
334
5711
9186
2216
432
12842
383
5245
12325
12793
10350
2132
506
6365
6013
11211
2534
6209
714
10496
5804
5269
6943
6652
7032
12871
10943
5383
2673
8688
6667
10225
9931
3469
8773
4747
1808
263
6796
3437
211
10601
1974
2594
12120
8004
4994
11779
1823
3374
7454
9944
10186
615
12466
2081
9626
11433
8264
10156
5402
9425
12285
4281
8981
12123
3509
5407
12212
1821
5036
8802
3647
2098
4148
792
12702
11428
8135
6643
7899
5348
12327
3817
98
8359
7858
2496
4206
11321
6918
9502
5874
632
5487
5347
12061
3939
4245
12172
1047
3689
6779
8697
8266
2702
6632
8686
5139
11979
5746
7226
1799
3513
11634
9166
5470
8789
1771
10036
3985
8779
8475
9598
358
10993
4865
7462
12159
11443
4055
2997
2273
5816
11957
10446
12971
7997
9727
7667
3916
6476
1389
11516
1012
2390
1412
303
8183
1
2850
2430
7223
5618
10421
12454
9209
2977
5233
4733
5609
11329
6527
5459
8054
3893
12761
5346
8929
1107
8788
11965
8804
831
10873
4013
4836
621
4757
7568
7478
9331
2228
9008
8672
3740
6862
4819
12181
12204
11570
11280
12610
5478
6347
10869
10835
2806
4557
2911
8959
7240
4474
640
4384
5933
4422
12415
2109
7466
614
8562
936
8895
9925
1562
734
312
6481
8361
290
4020
5911
1688
7425
7058
11737
6714
8900
5616
8681
5338
7816
9838
5521
6786
4034
385
430
7213
5630
2298
9788
12628
1315
1624
11066
10806
10100
4142
1343
12930
11992
3176
12383
8230
5011
11342
12197
4729
10838
110
10921
12684
11259
5175
1905
8227
5559
1643
9021
5907
216
3045
12744
5912
7288
1335
205
6834
5389
11794
474
11298
4486
1840
12805
1185
5243
10881
12334
2787
7945
3406
10120
10804
2516
2346
6106
5543
8945
2082
5123
8753
12826
6609
9238
3446
7674
2750
3346
7360
5947
6047
5006
2398
3677
11573
1820
8429
10184
8837
5505
10305
7146
9400
6325
12417
5241
1172
6752
8005
1610
12789
727
11327
5229
10699
5681
274
10002
1548
6689
4752
6921
7623
4673
6578
4890
8902
6447
9713
2289
11602
11586
6628
11028
7670
4695
5677
12247
7206
2020
2671
6799
7526
8164
3347
6312
8700
6782
3221
7795
6424
10212
4742
9416
7628
3681
10942
5699
789
3368
12121
4988
8764
7813
11114
12690
10844
12685
4304
5837
6
10475
8417
3825
2188
11227
6435
10725
1422
10841
974
3161
5967
1446
801
2402
11163
9680
9836
11223
518
3024
11919
8682
12062
5258
6381
3388
9082
1072
6380
7129
10089
1094
1499
6942
12641
2043
5973
5296
6581
1063
9135
4613
10275
8208
315
2279
4092
10976
9565
6646
8008
3843
1572
12608
8332
2162
3581
5121
1864
2713
1546
475
6390
10383
6510
2708
7522
12806
10906
12438
11006
7078
2937
582
4390
11519
8754
12802
7225
6679
12230
10024
3709
1806
8341
3519
2406
1333
7653
10056
2247
5441
9849
9968
7993
6295
3540
8105
10604
7518
1994
10306
7607
10754
6594
10162
11760
3780
10299
890
4983
3914
10947
7152
1260
1708
7938
8884
5431
10457
2623
5394
2394
7687
10874
8130
10169
7841
10713
4211
323
4829
11509
3341
2075
8607
9981
1603
9308
9669
5499
7369
4440
9873
12166
6374
1807
9413
682
6883
12289
11736
6405
10726
3630
386
3152
4779
8289
5752
11399
1110
6663
11657
5013
9370
11658
565
9701
10217
5155
10595
7892
2815
2558
7186
3770
6421
7575
8220
7328
6349
11408
12839
5395
8393
706
7850
3426
5998
2891
11594
9306
754
1280
4790
12477
8665
1302
6043
3678
8853
10872
7595
2379
8707
7001
11300
472
8169
9582
12598
2762
7566
4660
8827
12286
12800
4203
2618
6028
5524
4997
2776
8193
8751
8368
6850
174
2615
2578
4426
8052
8956
2462
534
6785
7747
8551
6560
11929
3062
2576
9611
8326
8516
11950
6658
8616
4910
8388
5403
12218
1337
11412
10828
8514
9109
4480
10477
3182
3471
9402
11541
10742
9142
9915
596
9563
8532
6491
685
5337
12494
4195
4280
1996
7915
1526
9865
11987
4358
6064
5088
9351
9063
12807
7412
6798
11819
4568
1059
3886
11262
6636
2107
2906
914
10335
3557
3597
1189
62
962
8046
11490
10461
1523
4972
5019
2733
11455
10946
1000
8284
11686
68
6934
9078
927
310
9420
12774
7049
6835
12040
11542
12137
252
9227
426
1956
7818
8539
2049
7113
2426
12784
4468
894
2841
9720
8141
8803
11030
2926
12893
5422
5988
10371
4580
10247
2412
2767
10150
308
5927
5384
4182
3808
9380
2970
11985
3490
739
4979
3238
6705
10226
8617
11056
12163
4312
8566
7544
10419
1841
11685
11170
9151
36
4382
10816
12239
7125
5604
9745
11427
7236
3133
9731
578
6233
10584
12778
9284
10112
2800
6958
11706
11397
10218
10248
4379
7898
2856
6730
628
9140
5640
9797
12004
12953
703
6005
7852
9296
2972
3190
11717
8009
341
10427
2370
3748
8512
10532
12131
2786
1038
2321
1886
2604
2567
3963
5197
552
3480
5071
10133
235
1208
7205
2114
9572
9770
4397
12032
9934
1743
6693
12757
10759
3712
6620
8625
11935
12886
3241
11714
4523
6879
3256
10636
5039
569
8179
10504
5164
300
12246
9037
6243
8992
6997
7207
7702
6554
9346
1664
4052
10322
7200
1324
2257
4282
2256
5652
980
2703
9717
1692
10998
404
5374
11371
276
3052
6960
11274
1445
12657
12988
12333
115
9018
9555
7038
3596
12476
2847
2044
3409
2883
9927
10580
1248
1942
10846
6026
12862
6411
9072
11742
3283
12568
1163
8096
3384
718
10694
4787
11569
11495
10029
7144
8323
1053
618
7880
9989
1601
6724
11851
9810
10767
1256
5825
5285
12949
10351
9226
2780
796
4653
1880
8876
3670
957
8026
2602
10600
3105
7101
4709
12847
12759
1425
7785
7868
63
12714
11260
9674
9225
12064
1137
4667
9054
10117
4922
3785
8643
7576
8825
7064
9575
11702
71
7030
6137
1074
8248
5557
12304
6041
9083
4207
9992
2442
8602
11855
3484
7332
3691
12420
2414
12252
8521
5409
2183
2139
3794
10327
2287
6354
6426
4599
1028
3100
219
1944
3459
2824
4268
8529
869
6297
12474
10045
10260
7093
12964
5679
12386
1043
11080
3302
4220
9463
7696
774
391
11334
11411
3258
4606
12895
10255
9233
5849
3393
10951
1400
12536
3491
9970
2023
10567
271
12892
11237
6285
5834
141
4049
9678
3827
88
9409
10181
12856
9549
11076
1052
6922
12324
5570
7618
3207
4460
11480
2070
10442
8856
3829
1712
12126
10273
9891
6822
7426
8819
6576
3971
9440
1533
11884
8530
4645
2476
6648
7967
12014
6242
7877
2499
7672
6618
7394
5910
7760
7570
8102
5643
8500
3110
6030
1783
4194
2128
629
11318
9235
424
9052
12586
6461
11355
4759
5052
2530
12704
7951
11704
9513
11281
5177
6881
10904
2159
6072
588
3307
1763
3324
5291
7504
1528
1935
10887
295
5216
7298
9900
12741
11865
1733
11177
11952
12277
2610
3134
9157
2706
11538
2286
5002
3203
9645
658
1382
772
4466
3494
8865
10249
2177
9754
1054
2466
5410
11302
9168
11485
6792
2832
8940
3864
4590
8502
2088
10644
6802
3194
11295
9102
1377
9390
1679
2172
1135
8584
10561
8509
12650
4171
5891
4241
5067
12141
8731
5183
690
7748
5771
8809
11543
5107
12770
11671
1362
1890
4536
849
9459
11100
9998
9587
11072
481
7640
5058
254
5082
9125
5289
8386
5889
4879
8767
9114
11537
12208
4575
2769
6721
1495
8287
2151
3120
3959
9863
3936
1558
12125
8548
4257
12970
968
6254
950
892
4441
8526
7404
10251
11222
10991
3792
2669
3034
49
7479
8965
12879
8036
9197
12821
12084
11879
6305
3088
2350
6443
3200
11333
3927
3326
3226
4191
2571
6619
7142
2842
10106
12328
799
5378
6662
2399
10621
9552
3454
8878
9732
10862
7956
7985
10021
6141
12458
12198
12845
9474
1893
10676
2936
3996
6516
5400
6683
7316
12786
5944
1619
4029
2292
10109
12561
9256
3796
9246
7
10677
10886
8614
5502
7084
10954
7077
9562
7976
5280
9174
5990
11691
4708
4688
2789
4499
10910
10913
4004
11524
7079
9498
7087
813
2389
8457
4387
1039
7396
3923
7847
8610
9888
3418
4519
4066
6661
8858
7160
11219
12549
4712
1016
2451
10221
1622
12423
12878
8971
416
11092
12063
5439
8988
9903
1614
11446
1143
6715
11273
6829
8730
8426
5023
7050
11778
7076
1289
2103
285
1879
3962
7337
8811
663
1195
212
10175
1983
2380
4821
5230
7865
8623
7397
10034
6375
846
9281
3299
2692
1644
5304
2640
2587
9574
4143
9652
6029
1192
9128
8263
11980
2721
2130
3739
9350
7707
6669
2796
6545
8197
4912
12773
2589
9693
4473
374
7982
2307
8655
10114
4806
7469
1888
3668
1552
5989
5644
3507
3266
11632
3032
1672
12927
7483
9824
1965
9438
6817
5360
10330
7647
5194
1073
6550
10884
1146
5663
11010
8621
12667
12287
127
5207
6519
9659
13008
419
7959
4002
636
7725
12015
7605
3407
8893
3868
1653
2904
1702
6068
10001
2720
10285
11159
11740
10774
997
958
162
1922
4072
5985
873
6036
6392
2679
6977
10506
10204
4610
9486
5428
557
5221
7299
3719
10979
10893
8372
2491
2375
82
10357
884
6054
9557
8433
872
1029
6310
7842
5817
2294
10283
9482
5290
435
4084
1574
11875
1188
11361
4144
12543
600
12790
7111
5511
2458
4750
11332
11547
6529
1361
11614
11149
4267
7867
834
4383
7046
7774
10231
3378
4318
11724
1595
10760
12253
7350
2260
7686
3354
6781
9835
7830
10606
2865
12780
9220
8619
5758
12271
6880
3493
9877
10252
3322
10811
12631
7668
6895
1194
3758
1900
5607
8111
4534
12348
2520
11842
7342
10663
3718
5190
519
1650
2995
9230
7209
9588
4844
5928
10935
6755
6235
3113
1323
1577
8999
9389
10279
3210
548
2335
543
12828
10361
11353
4721
21
3615
1764
3554
4158
9902
9069
5133
4118
4528
6298
7208
12128
10079
4553
305
45
11652
12618
1267
2174
12510
1676
2852
956
6740
12364
2210
11373
5819
6194
8942
11098
6279
11836
4957
12592
8306
2775
8455
3344
12637
5324
156
8581
9144
11866
131
12827
8448
8050
1870
8845
5893
4584
1512
8317
4461
9315
2857
12020
12623
6307
8833
8608
5932
4661
6868
9172
9022
12416
7202
7333
2627
9767
9853
7652
1340
8752
11097
1830
5946
2054
2148
3079
4991
12457
11585
3165
2880
11967
11727
3122
7900
9093
6135
8693
7737
2770
612
9342
11422
3163
2136
3095
5465
4917
1444
12337
8645
12184
7485
7791
6117
7844
4901
5759
3270
8947
6995
1970
9543
529
2246
1204
1517
6359
9355
9883
11748
3468
2275
438
3634
6207
6838
4811
10519
1923
10925
4291
5905
59
4795
1570
6874
7807
9121
11242
1436
6217
12054
10352
11809
7952
11124
1408
4764
9387
7953
10354
94
5851
7917
563
9639
8398
12590
2569
4868
2517
7097
4903
330
11862
11964
4096
11655
7381
1518
12880
8041
4950
2884
8174
923
6624
9237
909
9621
3193
970
449
382
8295
6157
258
2360
11060
3366
7386
4102
3352
3943
5174
4563
1319
6936
12613
5466
5265
5249
745
1119
8913
9973
3465
11654
9682
398
12738
2940
9399
6316
700
10818
2211
1453
1255
6517
10066
11557
10572
3473
1034
9567
670
10511
881
1357
13011
3569
2429
55
1852
10348
13
7014
2445
11889
5738
4769
4686
6204
2902
1863
233
11290
8408
12257
2376
11580
743
394
12379
2663
3998
7444
11827
9637
8082
3652
12188
2036
8460
1795
8757
3125
763
3174
3972
5823
4748
2833
3611
665
883
116
12150
9298
8014
8736
12129
3380
436
8259
830
9805
9961
12551
782
11973
6326
9828
12404
5414
5792
659
11466
5575
8656
2630
5529
6725
1539
952
1170
7045
4032
5689
5176
7888
9724
302
8047
5420
12580
8854
1134
12813
7560
5015
8432
3077
10597
11712
11253
4902
6425
2526
4649
6750
4798
7762
2938
11230
7398
12633
2719
7750
9738
11167
8180
8177
2682
818
209
11961
540
4802
4157
3835
9410
12448
6023
9781
3871
9979
9133
5957
8571
12505
8107
8747
6108
8666
8160
1462
9616
702
10453
7370
12591
11451
12130
895
5075
10220
12025
827
10879
3146
10962
12597
2145
292
7590
2515
6525
5140
10450
11021
488
903
3946
7804
12361
2195
6538
6294
1402
7821
8599
12745
1853
8348
5875
8805
6711
5870
7081
2452
556
759
9633
12982
282
11661
6718
5467
4373
4713
2608
7246
7958
11413
2387
9579
11708
6125
4039
11370
5769
1067
4982
677
3323
2545
3119
2454
8568
6885
5647
9886
4620
7088
4044
12441
3180
3661
6742
6965
10441
12170
8635
5385
244
4094
12635
175
4784
10261
3708
7348
9051
8422
11631
919
5047
2629
11729
3818
6133
9772
2512
12521
11611
7777
10035
9743
13000
5059
8778
6917
12240
10674
3389
9028
194
12810
2967
3479
1282
11383
4043
7219
1020
5345
10685
708
2118
11247
9787
11165
4578
6119
8535
9364
12906
1365
863
12134
2314
2524
6442
2965
5235
4453
8490
6098
3649
8486
3242
3725
1557
8670
257
1476
7336
2875
8066
2441
9481
173
4317
2983
2443
12660
11110
11581
11090
7198
1496
11054
5083
3783
5621
2989
7743
5434
6754
6122
1187
113
12072
6494
8125
3737
3358
8238
9107
12869
12554
7411
9383
6057
12155
1459
7733
10557
2185
11984
5721
11692
4870
7780
2747
10392
11954
10691
2893
12408
7580
2968
2469
4703
915
3198
10931
10889
8818
8094
3357
8790
9980
2521
4337
11193
10982
10615
2908
3791
5244
8274
12873
10155
7658
6195
10757
1813
3553
9535
9742
4320
6334
12859
6265
3004
12692
10882
10996
911
4464
2716
10364
3950
7669
3267
12493
4112
5262
8243
10858
2038
10745
3659
6642
12872
8972
8719
3108
2555
6826
6413
930
2779
6022
2366
2304
10794
6540
10876
8352
7558
7393
3546
3205
11834
2486
9868
8115
12642
7319
8492
6149
6477
3385
6891
10562
5567
5391
8946
1754
11568
3981
12901
12347
2855
3849
3920
11705
993
168
10848
3798
6623
9287
721
967
7293
5750
12152
10545
8734
4274
2507
8470
7655
6219
8117
4478
3673
1136
11264
9120
6492
4543
5061
8609
3576
8749
5336
8533
10994
11335
327
6116
2269
5159
3080
5708
5775
6107
4958
5766
11478
12622
6916
12462
4033
2404
7218
2144
6260
9629
8924
7067
12718
11133
3682
9864
7456
2348
11825
7773
11123
860
11895
11224
5844
1111
9783
10318
3301
4635
4741
3529
12330
11007
6735
11414
2917
4021
10321
7556
3379
11589
12263
2685
4911
7089
11220
7824
820
5073
4178
11759
10539
10781
10981
12385
1921
7978
5572
2528
4579
8349
11391
10482
1663
10286
12355
4209
12935
4411
9768
784
7487
8419
2586
12548
7437
2611
1249
4236
7584
4604
12057
11805
10617
7552
8113
1088
751
11548
161
2639
7070
1628
11933
12035
6446
11962
1046
3025
5398
12017
5271
6464
7432
756
8658
26
6004
6656
2041
2397
11863
7845
1237
3701
12007
1235
12788
8123
12081
2653
48
6544
13003
9916
3290
8138
9451
5784
11438
500
9518
4116
8770
9363
4180
8389
5301
2421
7039
10805
1649
5810
12719
5426
10287
9504
1206
644
11946
11618
11401
8638
777
362
3311
12916
9314
4233
6640
7465
11528
8862
4010
9469
10070
7112
835
6264
8376
2607
2106
8626
8249
6565
7430
1836
12666
9806
12138
6913
5916
9699
626
7306
9635
11799
12354
7873
12156
8921
9337
9929
12219
5463
8379
2899
1265
9044
6645
121
4254
11191
11802
8777
6963
11086
6569
9011
6515
6978
9219
10128
8964
5024
8634
11379
11140
4755
8991
7325
10243
7542
10547
2675
12367
7383
4085
10736
4646
10145
87
9476
11913
5631
8522
5468
12603
10509
12816
11459
4860
1881
1246
9145
3585
3048
5498
12111
8744
5707
11523
9224
3425
12565
899
10376
1416
2969
12206
9700
2327
7006
12465
6756
3592
12844
896
1350
1331
10210
6407
2641
3132
8133
12838
9506
6008
12301
8126
8600
10060
5508
7711
6283
2525
7068
11405
611
12808
12037
6751
2513
4385
6905
10693
2677
2942
6075
8391
7828
2178
10624
3433
8476
6182
4487
10616
12937
1338
12173
2707
10803
7636
522
2232
11299
8423
150
10153
5705
11282
12687
8649
10257
9580
10829
5405
3831
7143
1118
738
12889
10302
4744
528
7192
5522
7085
5696
8057
8413
11663
8431
408
8923
12010
4951
9175
908
4842
10797
7422
1138
5204
3902
1231
9141
2215
5081
4218
6388
1504
3760
3732
11917
10791
4264
4926
6626
461
8007
10451
12162
2347
1506
10431
786
11278
4014
4974
12151
12544
1409
2474
7405
7963
9636
12377
4931
12868
8650
10004
12782
1536
6096
9630
1707
5476
8983
10831
10958
11983
6249
7931
146
6343
10578
2988
2955
11789
12557
1812
8412
5824
9193
3370
7434
8127
6127
4075
1442
4658
8217
4628
10975
3944
12647
9764
8369
11951
9369
926
8104
7044
3167
104
5234
11575
8875
5195
6115
9161
8891
8951
1169
6487
7704
1975
2910
1309
4163
6953
7765
6230
8708
12907
12182
1373
11941
3313
10999
3298
5974
722
6789
2550
8762
1833
11126
10917
633
757
4067
2029
12677
2982
7327
9040
7805
3833
9623
9160
12934
5706
9317
11130
8011
2417
6655
8013
8651
329
12028
717
10269
3802
6168
2080
5368
5046
10314
2154
10135
7212
6723
3196
6846
2212
9195
7083
515
9560
12027
5639
6945
798
4266
4514
10520
11820
5314
715
4866
7698
9625
3422
6070
8146
1360
819
7361
3050
11369
4110
8654
12499
11835
11365
12723
12051
9165
2948
2778
495
646
12710
1623
12748
8444
2805
10915
10660
12843
8134
9681
1157
2872
6169
4153
9777
3757
11535
9353
2242
3899
2503
10037
9035
8554
5865
4412
6956
2126
11458
5120
9156
1838
3442
7227
9896
9248
1946
1318
7814
11651
12157
7694
10098
1659
7986
6790
8425
3693
12961
3289
713
11644
5093
12391
1640
1980
4137
10955
4512
1876
6768
5353
7027
7234
5238
11999
10755
11549
4612
2395
4984
2115
4548
12360
3044
3894
9320
198
12232
7119
6688
6944
3377
2122
5424
520
1579
9187
9666
4846
11452
2450
3874
11050
3029
3623
4786
4482
7241
918
11922
4623
7156
3215
3928
8190
8474
7265
6847
9988
4961
5568
7693
7592
10023
12604
10750
4438
22
3098
5879
5678
10769
7848
9773
7115
8443
12070
948
6042
8231
2358
11061
1668
6250
4100
10492
7886
444
2077
693
9253
11180
7130
7754
1257
2632
11948
1247
1225
11112
8392
6801
9036
1487
9332
11070
7314
9899
4353
8310
585
10347
8301
7541
11785
11378
8035
10832
8702
1984
2622
1356
10857
1865
7167
12226
7134
2157
4364
9624
3159
4099
5882
12326
10479
12122
111
7071
7312
9578
1437
11062
1809
6557
10435
10686
11858
4559
12495
9662
8718
6634
9480
4841
8201
12132
6482
9273
306
4069
1682
7106
1345
1537
1299
5598
7190
9277
10010
3881
201
955
6876
396
10596
7126
5562
3240
12023
373
1746
52
1004
1722
8503
3528
9199
9462
10937
7484
2113
1516
7624
10574
3594
887
3395
855
6336
7710
3199
9297
1930
10000
676
9740
2637
4813
4125
9881
9030
10826
7376
1948
8357
9418
10738
6011
4050
5741
11192
9014
4019
11886
652
12376
11218
9855
9712
1780
4619
7825
12384
8458
3262
10193
12405
10463
12046
12469
11938
6900
7082
4017
7313
4669
9593
8657
8459
5212
3607
4495
4199
3104
12486
11064
7692
5896
5545
6185
8507
10468
8108
1452
1084
7008
1973
3862
9263
5665
4547
3830
6738
12215
1605
8028
1556
3727
9467
938
1037
164
3382
594
1066
3498
12752
5951
1658
12601
9523
10894
213
5778
4702
3809
850
8187
12140
10163
8101
109
2945
1015
12056
6136
2270
3035
4662
1368
11313
3776
1008
12955
9205
12938
5523
10905
5240
5182
3036
2011
11407
9323
3665
5800
4835
8995
10095
5313
580
9478
8157
10014
4562
3711
361
8291
3500
7179
10695
5948
8648
11571
8935
163
11592
6617
6563
11345
5899
6503
1104
11904
699
6449
1202
5408
2264
12082
9939
299
12627
7635
5642
10146
8587
10789
8732
12220
5051
1839
2732
10043
9690
12031
4273
8401
2410
152
10088
7717
4343
11553
525
9468
5448
8967
8327
6605
4949
5735
8661
10609
4239
7330
725
7053
8397
8384
1617
6788
5009
8394
1017
5513
2907
443
3855
7435
11832
7769
7283
3859
12656
12646
1212
8497
11829
1768
6258
1489
11244
3841
11053
6748
1531
12711
3252
8605
277
9217
7501
11787
6852
3716
3275
9045
11824
8943
11600
3166
11682
1715
1431
3676
7161
7261
9339
634
12508
7587
2777
10587
1943
2339
6430
2974
2031
6583
2694
6741
9584
5504
10182
4278
3612
246
4041
8808
11239
1139
8750
8662
3451
3087
1311
6783
7874
10940
7135
6318
101
2053
3051
12797
1087
11639
5597
6990
2342
6163
6314
7932
10697
10637
9590
12109
10909
8152
7185
755
11040
691
2055
9889
11164
1435
8735
5815
7550
6504
12019
1775
9794
9649
12119
10768
780
9534
9604
4740
9879
1339
6246
318
10918
1703
7440
6162
1725
228
4329
6050
12203
7510
3983
6530
5996
620
6120
11285
2138
6571
12250
4071
4944
3903
11812
4366
7683
2527
3304
1155
4213
9221
9697
10654
4410
11382
8016
6984
2869
5451
7136
12013
5670
8692
553
7767
1176
9601
3905
11348
7351
5704
5457
942
6882
2809
12705
12787
4900
1744
8313
2711
1964
8792
10641
5573
6341
9848
4905
4008
12177
9086
7222
11473
2994
11684
2947
2460
9184
11666
1661
2656
12222
10039
6816
7304
5473
12273
12346
7040
1036
11753
1932
8300
7909
8452
1078
11307
5506
6488
1724
1794
2467
12186
5148
6301
1355
3667
12378
10207
153
9240
3956
9722
7367
5302
6586
8468
7735
4891
12096
459
11376
12659
24
3961
11813
1423
11955
10377
12436
12258
10927
732
10027
4923
1882
1701
5370
9897
12502
3448
10555
12071
11047
9280
11848
4256
5064
12142
2877
9564
10670
10995
2237
6142
12703
9397
8281
10227
2091
9962
12876
1849
9670
9295
526
8189
12000
4882
5509
6053
3931
1686
2742
11635
3949
3351
8216
10978
3608
6299
12068
6180
12292
12909
158
3644
4132
11958
11572
10658
2533
72
7981
5981
619
1261
1266
11517
5739
2192
3736
9816
8286
1667
6908
6252
7784
3489
12733
1805
5469
4973
4644
1174
12461
170
5455
328
9138
10038
5103
12497
11845
5227
10103
4774
845
11051
5779
7794
9661
3793
8975
3403
427
654
561
11619
2403
9594
11400
12397
5902
6772
6537
2127
550
6321
4130
10533
7893
12639
3348
5561
9642
4079
3293
1295
2064
7104
11768
9839
12075
1831
12570
11536
12823
9371
3726
6001
6793
6547
11656
8103
5960
1474
7172
2868
2962
12754
1986
5688
1058
12389
12267
9993
3807
12500
9228
5293
4457
9802
2898
3303
8572
6387
1963
870
7384
10440
9098
3544
321
3669
981
8907
6739
3251
2619
10307
11735
12024
5871
10185
6171
8961
452
9017
6720
689
11445
8830
11577
6007
5418
1003
11477
3986
1085
8447
11147
6947
10749
3672
7910
3216
1508
2976
3863
8806
1230
9541
2811
1541
3816
4689
8303
5710
9196
1424
7279
3753
12715
6543
2853
5723
6282
4108
2046
9991
11138
1855
10008
9622
3975
7744
9790
9815
767
11725
6451
4722
6322
5768
12673
12575
10812
1456
1700
10516
12065
4378
1666
9251
8671
12297
12237
10199
11287
7506
9820
9150
3260
11294
6745
2981
182
5097
4565
3715
2329
9592
6038
508
4026
5672
12509
1317
7523
12102
8504
3534
686
10406
1441
2261
7706
4331
9856
12229
12689
6361
1112
3942
9345
9179
12947
4859
67
12300
10583
3318
11566
142
1466
6247
7663
12679
1460
9910
3989
7586
9176
12683
861
8312
12412
1033
9874
1680
11206
3549
7391
1030
4244
3000
4141
12283
6084
7031
7954
5787
1985
11304
8939
11931
12422
3350
11012
10476
975
1594
1388
10635
6682
7248
2574
12891
3619
3877
9744
4707
2736
7757
3369
10423
3487
2368
9096
5406
340
6105
11347
8020
3076
6924
7833
12066
7608
11874
9909
12799
12758
6419
4849
3935
3321
12812
1810
4447
11645
9872
12980
12713
10560
12829
4864
6143
3915
9
4876
5063
5581
9428
9950
12582
5147
10131
6236
3688
9653
2745
10523
4509
3124
11831
10631
12716
6211
2603
10458
3430
8374
5112
2119
7244
3518
8844
10454
3909
9696
5485
6467
2058
6046
6819
2808
1690
11041
5287
105
7861
6743
11423
8685
10770
7308
3866
673
7995
4618
76
10254
2687
9286
5223
6290
922
7449
6480
2471
3813
8321
2322
10665
821
1470
6049
4288
8994
7429
1878
6914
2241
9329
5697
954
853
5675
12579
6203
8518
11402
8015
2817
7911
4198
2461
9099
2667
10049
11350
1364
9610
1277
1637
6873
1019
6214
12259
1089
176
8501
199
6898
11161
469
10214
1825
4404
8218
7527
10603
3075
7755
3853
441
8428
1802
8903
2599
10309
6580
6394
10160
4894
5048
11461
5327
900
12447
368
9049
1860
5662
5029
8796
4717
11605
4880
3096
2325
1545
973
4909
684
10068
8191
7166
8748
1950
1896
4001
6896
220
7714
10700
5693
3229
3655
12006
5966
8877
4531
7619
12525
1336
7176
7375
7507
7461
5158
5108
7715
10232
1580
9085
1183
9430
5868
11436
945
4272
6831
12506
11777
11649
10849
7533
1023
11217
12
6685
1745
8937
1313
4305
1704
11448
1522
6769
6809
2200
7196
10714
12993
660
1120
7779
3556
4637
8063
11833
1478
2331
7969
10731
10585
10456
10216
12085
11752
6938
6073
9449
4797
7966
8840
8932
6614
3910
3006
12336
8604
560
11681
493
9922
7158
1341
8297
10313
4433
11860
701
11328
7992
10919
8691
6086
4372
678
10282
2234
10170
9456
9517
10050
11201
6574
85
5217
10623
1281
10437
7914
12881
4828
3777
7303
9488
1198
9094
6240
3043
8418
12854
8499
5619
1609
11346
2714
12932
11141
10782
11018
319
372
6660
8479
9210
8396
10262
11168
11677
10485
11508
8881
940
8239
1651
12724
783
8756
8550
57
6332
6758
4018
7448
2834
13005
1604
181
4249
1912
4328
4212
7320
4421
6911
7092
3516
6062
10983
8213
12052
10967
5596
2755
9262
3570
6585
10988
1220
3586
4255
10015
1576
11500
7679
3428
603
988
2419
12933
2634
12104
12606
3814
1711
9762
2278
1186
9553
864
5490
3801
12794
9655
9077
3654
1448
5332
10997
12836
8710
10784
10312
11668
6650
8338
2595
8185
11891
4048
11418
1646
11157
10549
8721
2680
6382
11774
4258
5753
11953
11146
8112
2941
2209
6937
10771
1092
7177
2664
2223
11142
570
1401
535
3811
1127
809
30
6192
2952
12632
7233
4956
8032
4592
8578
11670
5590
7326
1634
5306
12777
8644
7979
6139
5454
10605
5054
12956
446
4934
3296
10362
11310
9586
3169
1642
10196
7181
10653
3704
5390
12419
2169
5060
11648
3566
622
11450
261
9267
8442
2991
3568
6987
6536
5261
3964
11109
576
9735
3555
1471
4694
12331
6791
7677
891
9068
4627
10205
5480
9067
5381
3284
2845
5080
3038
8985
4676
5286
11424
4506
8204
11593
3919
10074
6695
9004
1883
4529
3333
10142
10055
10581
11561
3710
6462
4632
8407
8232
8882
7204
8477
9403
9866
10590
12270
1685
1803
5325
7421
11266
3991
4734
7329
6770
1958
12994
5510
11608
3277
6760
5066
10188
6865
8826
2583
568
9679
4981
10042
917
12507
9222
3675
6025
601
9706
3131
10194
2235
9358
4444
9472
4959
12638
5136
12535
10486
3460
4376
5937
2243
1788
7021
3690
166
1359
6093
7331
1405
4621
9648
4074
1756
7664
4022
4189
1684
4892
7950
11997
6401
1216
5655
1376
11025
7645
7073
7749
11890
11615
185
9158
5684
3360
428
10888
7091
733
10868
5118
2149
7455
4554
7280
5008
1154
726
12421
2052
12999
128
2881
6286
2801
6589
9548
712
10223
1239
4968
3023
8505
4299
11136
9949
7497
12490
1571
3967
4349
4111
5156
1251
7646
12099
1378
8667
4407
935
7740
5756
6700
5782
10136
5954
9871
9643
7056
262
7983
9058
4302
8925
1678
5821
8093
2032
9249
9822
841
9159
2790
5548
12530
1544
7195
1938
5401
6794
9793
6436
7634
291
10632
5603
8212
7764
5440
4210
8980
12863
4164
2840
9912
6475
2411
9376
3932
12616
12268
3684
2274
3285
10710
5298
2625
2463
12114
4665
4330
9211
10253
447
5987
10923
11840
5936
12643
6055
7783
5049
11905
13001
9162
668
2710
6333
4853
5259
3575
6071
7822
12479
8680
3875
11749
1945
1490
10097
3411
925
4369
7159
995
666
8351
1253
12670
10531
4154
437
1709
13009
5991
4683
12202
4730
8059
2816
486
11876
4501
6083
1398
808
6935
1211
987
7247
11815
9396
9060
4332
12945
857
8919
9854
3081
1527
7357
8053
5664
1372
2440
5812
9919
5876
4815
1458
11035
11419
10824
8906
5342
1226
6448
2225
7778
12488
6256
3795
8142
11469
7673
11002
2978
2696
11055
5822
1770
5841
11234
9192
5949
4898
6091
5070
3865
3398
7474
1510
11897
3300
3751
8199
791
12602
266
11734
2385
7363
6931
12136
688
4749
8585
7620
5352
1121
2616
2823
6172
3452
6869
12467
3966
4265
2320
4791
1716
3055
2432
8373
400
11918
1698
814
7999
1553
5037
854
5192
11894
547
10875
463
9493
2323
4166
3603
3223
10669
3014
1042
3431
1521
6323
10500
6248
7155
1555
2572
8683
8849
5952
527
1815
4775
1026
5962
10861
11487
10659
1514
7121
3747
1075
982
3455
8579
4823
2315
8069
3579
1383
12883
4782
4492
4428
12291
8538
1181
504
1493
8615
3510
5367
3941
2401
807
6587
9124
5755
6066
1306
6603
5430
7346
11315
78
10233
11662
3560
7862
4760
2110
1832
9971
3578
826
12315
2836
12747
4872
3821
7823
10672
6345
11284
8637
5143
11444
4448
458
2202
9377
572
11187
12922
12796
10499
2373
10657
10396
1904
6085
5649
151
7792
336
4413
1655
8283
1607
2000
2990
6570
9869
7689
11257
874
12940
136
342
10452
11784
3085
114
11203
1587
11236
8068
4855
10044
5742
8451
6289
12312
8290
7133
3815
2539
3786
6954
7139
3187
6996
9441
11216
4156
7443
1214
5617
439
7838
7285
11306
407
12511
11887
7984
8
9381
10086
5433
11574
10284
313
10528
5464
11621
2712
10072
1631
9978
5579
9483
2830
2554
11384
8797
7345
9890
5226
5556
11723
10388
5713
9609
3522
11906
7971
5357
9032
12435
5633
9164
521
4344
11486
11245
6664
537
8953
6855
2723
1737
9656
3503
7114
9955
3115
941
10895
8330
4165
12951
4131
10172
822
6985
9208
10154
2592
4133
8269
6261
9207
10744
4193
7127
5978
8823
1818
143
3742
5983
10944
10709
4351
9327
2598
11085
12779
6306
1670
5251
9728
2355
1693
5488
11818
9536
5218
5680
1224
9010
2164
12697
3763
5479
3834
4371
5653
11988
4571
3826
4555
9657
8277
12083
6226
2236
2980
1025
7015
11472
4146
8836
10046
4173
4520
984
4834
11087
5722
931
10741
450
11101
9673
4289
6699
267
10144
7716
10267
6857
1268
11650
1481
5018
1861
8181
4489
3766
3214
7855
6842
5270
3204
5718
10497
2959
9512
7221
847
2003
7217
3177
245
6463
3637
10542
3897
7642
420
5299
3955
990
12045
7682
8588
4346
2244
1824
6727
5474
5715
8154
4558
10418
10469
1954
12914
6275
8842
8776
11924
4550
9269
7399
7080
1250
9366
5857
7193
316
8056
3787
12067
12731
12321
10706
9658
7728
12113
8720
6726
1697
9423
5355
12340
12528
4184
4481
359
1630
11882
2300
11171
4260
6154
304
12233
3499
8709
7622
10319
8911
468
5119
3274
10536
10138
11859
7171
7124
40
3598
10901
10762
2717
9255
8872
4765
2657
11720
6763
6123
7387
943
11821
12290
8268
11721
309
2785
5749
3356
4680
10296
12180
7263
12158
2489
11324
581
10116
10293
6398
9730
10973
4038
4977
100
6184
5760
8273
12088
4391
1776
12432
12022
7203
8040
5776
236
11139
2813
8543
10104
2651
3320
4006
9937
6212
4471
1142
12185
2984
7201
9231
6337
8293
5682
8294
12571
7019
324
2624
10810
10634
6150
6523
3059
9405
5512
11105
7034
3254
6654
10019
8092
9634
325
1201
10164
12851
6709
7524
5404
8850
1301
12636
6370
3633
8743
5215
12594
10202
454
11429
7887
10711
5743
10980
4539
12924
12452
2529
5634
4572
6010
10157
9644
5432
10891
8727
8402
6253
10433
2541
1734
1128
8689
6155
7617
2352
3185
3342
5078
13004
12942
9178
904
6059
6166
11902
204
2660
579
6420
9330
4179
10346
8799
9510
12284
6045
5035
11678
1618
1213
10740
554
7131
8346
3497
7726
9341
9000
11837
12524
7604
2214
12293
6234
976
9976
5600
226
12077
10084
8088
12804
4477
10692
3992
5786
9117
3170
10229
99
11970
9002
74
9719
6534
8246
7480
12709
12269
4222
8156
4848
12043
8473
7296
867
10436
843
12117
4420
501
999
10833
2170
11675
5727
5016
222
12033
1166
6706
3588
6575
10575
1050
1009
3662
6126
5971
12564
10989
3610
511
3373
1492
12106
8163
5114
6097
9715
12981
10525
1468
5855
2147
37
10460
972
711
8045
54
1305
2913
8724
7403
10495
9539
4566
3731
11058
9969
4375
7680
2205
3224
12675
3325
6118
8986
3265
9084
9521
12547
7812
8758
10094
10765
8928
11194
2810
5915
5274
7291
8763
12529
6915
11228
7473
10860
5004
12280
597
1520
10250
5501
8968
6210
7110
11283
11822
10565
4368
5412
8909
2433
8952
1792
10083
8084
11265
9053
9554
1718
2296
7665
7528
2797
8055
966
6269
5228
4402
154
2887
6245
3800
12249
1845
7214
2111
7921
5187
7003
8832
3438
11620
4485
9131
42
4595
12369
7695
4339
12481
1616
7317
12776
1227
7786
4808
4718
1068
3514
7197
8498
7338
4530
8950
9132
7554
1814
7012
6266
2056
10263
102
381
8653
9846
551
11612
10985
12890
9334
6875
11613
12573
1774
4851
4778
1532
2826
5125
11251
12332
9958
9964
10465
3039
2483
12060
6130
11392
11864
7961
817
387
5845
7401
1049
11037
470
7492
6641
2957
3237
6923
12655
9167
10026
2478
3191
12929
3523
6825
3186
5142
10513
12798
3749
1502
2922
8632
1384
8723
4672
9043
1608
5399
5111
598
6638
11049
9408
1433
3123
1395
1919
5110
338
10344
4915
7972
3958
12276
1847
7935
3291
2949
8755
12531
5799
5010
11578
4537
11806
1413
12093
737
1258
6668
3183
2522
7359
2131
4532
6696
1426
3141
8527
1593
10341
2123
11120
6329
6019
9505
6994
9671
4684
573
2415
9613
10822
1982
11583
4773
1749
2892
8817
1057
5922
1232
6378
5605
139
9938
4502
10924
8240
9466
3329
2606
11596
8583
2506
9789
10964
10790
5005
2384
12078
10402
8523
12540
1961
3559
7262
9746
5496
11331
3759
12913
8525
8560
4696
12735
6906
1322
10259
2197
6060
4089
4325
12762
6024
11038
8606
8124
9646
5452
7826
7373
1529
289
9214
10124
10439
5897
401
3790
11610
5884
8678
2143
1450
6621
3631
7933
1473
405
3466
8214
7074
7758
248
5323
11664
12440
311
7612
7109
4416
8110
9302
1329
11642
3250
3093
406
3846
1399
4224
10179
3550
2045
5839
5493
10058
10412
12373
11016
8345
3973
6056
6526
4969
2073
7942
9194
8206
2464
9963
9147
8664
4648
6837
12414
5593
12153
9305
12213
2903
8495
4805
9116
5673
2698
8387
6821
12572
7637
8674
1933
8265
5356
10622
8966
7919
624
12897
10140
11603
97
6627
4446
5887
562
11646
3664
4794
4003
1953
4425
12737
7859
12451
393
11499
865
9867
9019
10627
3276
705
9882
10301
9375
3340
4647
5736
5089
9813
8188
8713
9906
1761
5178
8701
6377
12443
604
2263
12011
9581
296
3773
3018
1483
8324
2538
1190
3359
1432
3371
5091
10682
2250
1569
9749
9538
6094
9293
9461
9448
12254
9136
9947
4262
11343
10294
9340
12178
1371
1790
10550
10501
4700
10197
11013
10801
7515
12712
11248
12912
10096
11019
5222
9301
5676
6429
2998
11308
2802
6101
2453
1010
1184
965
878
5995
10389
7565
746
1101
12874
2448
10756
8279
12307
6497
6113
4122
3074
3308
5134
4161
7676
5160
3506
11554
5252
5729
8205
10796
10166
103
6836
6188
11607
367
8517
4884
12449
7928
1909
1669
11196
953
8795
11637
2203
5475
674
4723
8847
11231
7797
7723
5931
3027
4396
9129
3842
11482
6427
11520
11937
3231
9496
1999
2078
2920
9112
6897
320
12026
10161
12453
7446
1602
6109
333
5202
9206
4064
6369
8703
2153
6338
3508
1259
4551
5747
10815
1782
3836
9153
10593
9825
5994
11296
6676
11501
1108
6284
307
1538
7165
4761
10537
9940
6183
5376
4087
8087
3049
3367
5163
12743
6498
12074
6174
11169
10766
5057
3632
7802
7650
3444
3220
8586
6191
979
6593
5940
11385
6812
5599
7890
7447
6032
803
6719
1903
7009
3338
3720
11075
7988
149
8695
4992
10535
6319
1325
5461
1842
10746
8506
8791
6808
11483
6479
12925
8910
4810
402
12513
10213
7486
5733
11435
5716
4659
10842
3361
3696
6737
29
2636
4639
5549
524
5341
1241
647
2251
11718
9181
11896
2827
11356
4363
4503
3485
11093
4347
11441
3896
11261
5300
502
7598
4515
10786
4238
8200
9325
11122
9668
10342
2763
7782
12989
8099
10675
8399
8202
5694
10970
3609
575
4737
9561
1182
12192
3799
8704
5310
9020
10712
3010
10201
7344
9603
5757
11804
5846
5105
8038
11387
6490
8128
10508
5446
11325
4906
7901
11739
275
7402
12002
7863
264
12815
11715
3887
6181
12098
2575
9432
9721
1210
5814
9191
3439
12983
6712
10667
12039
9101
9229
2501
1660
1772
9703
10235
6930
8074
10972
11084
1434
5003
5358
7047
794
10507
8406
4552
4058
4867
1207
6110
2614
6417
1288
9294
960
9895
1103
3148
5116
2305
10850
11432
2095
1197
6039
8848
12341
1045
7939
2219
10274
7882
8705
5869
5918
770
7175
4046
8868
12195
12468
10743
5795
4692
2854
11033
2317
9573
10932
11393
2509
4415
10365
8034
8489
5843
8531
4629
2715
3768
5515
886
704
7875
11599
2196
12464
1392
11722
3412
9758
1464
2915
10817
6502
533
9029
2382
5099
6206
4633
3128
8905
9034
5638
10022
11797
12563
2643
3028
12917
3616
716
10847
5042
11113
11579
7508
5344
7194
8624
1303
8371
11971
346
8328
4624
4313
8207
2588
9831
5447
7703
2782
2357
12894
749
10113
10208
5762
3230
6562
12801
9691
10480
2071
10448
9491
723
10863
7615
7415
5321
10690
2090
5563
8095
6357
2523
11711
1491
6330
6000
7644
5096
8298
9819
6124
2821
11793
7600
7259
7496
5583
1727
4062
8253
6610
8768
12478
2921
3745
9429
3851
8920
4051
1826
1099
4875
6092
2751
12695
9443
5419
10152
10115
10491
3094
9723
5209
1714
9997
7305
2935
920
7799
610
6428
12576
7572
7540
623
10323
4642
2662
12649
1550
4763
4801
10147
2218
8416
12996
9524
10416
7216
8575
8140
5612
10148
2612
694
7086
8018
1133
348
7793
3646
8078
10854
7365
7409
12424
8544
288
12984
9759
2863
3562
8869
8822
4140
3824
8383
4090
11131
11173
5980
9261
8513
6512
7916
10929
7255
6278
9344
1920
5608
1242
4793
11801
1681
5626
2551
6729
1393
862
8166
9152
2206
2066
6870
2741
3331
10366
1018
6912
46
11476
7519
2124
223
4011
6884
5214
8620
1027
10047
667
6423
8899
1304
3363
8469
10554
3328
7339
8314
9550
1924
1196
3440
10030
781
9433
12059
5450
5267
8244
3416
10130
12359
1967
3980
1706
4149
1065
5128
8285
8415
11269
3645
8890
1612
10206
2328
4365
2224
3527
1327
12446
839
12005
12626
11067
3698
4036
460
6035
10898
3397
10151
9983
5797
8786
38
11375
10986
8275
4617
4042
5109
2079
1636
2600
11683
1939
2012
4698
7389
1191
6993
1554
6972
6095
10775
86
815
3232
4643
5731
6277
902
2924
9258
3778
5908
9016
12399
10708
7377
3419
12231
10398
9437
1819
8728
134
8153
12133
6535
5095
10353
1100
11944
5257
5170
9492
12475
12426
6558
1419
12600
3423
90
6052
12538
6731
9748
10178
5878
10417
6747
10558
12952
6777
10977
2768
6372
6672
75
2570
123
2277
8889
12795
8064
11462
7251
7388
4727
7736
8598
8589
3533
9686
7482
5702
5101
4666
8145
12918
10339
2238
1024
1789
5503
1229
12857
9307
96
10638
11270
8445
12885
6456
11841
7766
1566
9059
1683
4073
455
5546
5045
11326
2220
11807
10041
3879
11034
6432
6259
6795
3376
3906
70
169
5982
11197
4597
5278
2798
7096
5056
10612
12038
1597
2378
9898
8061
939
2851
2531
10165
1269
4630
5748
11484
1934
1926
7378
12975
10057
5574
11330
1583
2265
10048
4607
4439
6690
1564
3945
9309
10753
2670
9106
95
9406
12235
7860
4081
10387
1002
12943
2514
10317
3390
6647
10380
4768
12049
9708
12768
237
1632
7651
7648
8171
12086
3547
4174
4538
2293
10203
8441
6894
10592
916
10132
12559
1131
8178
8488
3209
482
4715
5186
11982
4916
11504
5921
2150
14
107
10007
6982
3157
2961
9105
2061
8472
7270
5326
5282
8545
5220
8100
2308
8630
3823
8484
7324
5587
10009
3626
5588
9411
8098
1287
2973
8549
9201
11078
3184
3383
65
8378
10723
10336
9884
3847
2584
4159
592
3057
2690
11275
2743
8864
4847
8821
12526
2222
3761
5535
421
6633
12803
1320
10681
8520
6431
2230
3364
7573
9436
10481
7879
698
2377
3563
138
697
47
456
583
5547
10704
4826
10276
7470
6360
12835
10787
5411
7629
3717
12411
6888
10411
9675
7490
8325
5497
10025
12154
6579
12320
3417
2844
12858
9894
11258
9487
1077
2302
5790
3007
12496
10952
805
7834
3394
12691
9792
12055
8957
7292
12139
4139
465
7147
9113
4697
5379
9444
9359
3236
8597
8591
5541
12380
10167
7256
788
7904
1117
7442
8873
5032
2490
3271
9055
2105
8556
4177
2849
7562
8091
7753
2943
5531
11757
2933
4932
3413
3584
4297
6616
3234
1217
301
1475
12149
7141
6771
5886
10960
6493
1472
9422
2455
8251
10777
9279
11434
4942
3638
3639
2975
11978
2310
1758
10556
4496
9965
5636
8076
11925
1082
6592
433
9834
710
2021
934
1937
2338
5628
9683
1467
12921
8815
1908
7309
9282
2262
2272
7423
5179
281
6159
8590
5867
10640
11625
3288
6877
5963
445
10129
5386
9148
3457
3997
12577
8931
2540
1001
8025
7968
2829
10764
1161
9527
9367
6308
4294
11660
5021
649
3918
8839
10003
5623
12345
12760
10651
8221
8085
2652
11489
5564
10239
4155
5309
7162
4202
4521
11761
2617
6342
3976
9130
6031
10367
7264
4766
823
7525
10527
2048
8114
7827
10373
10488
10006
112
9391
4352
11468
10752
6373
1960
4585
4656
2281
3587
3822
1380
4857
7117
2740
9905
11439
3463
5885
3643
1353
6434
4322
7295
2488
5027
9384
3535
607
10702
9672
10219
4145
9943
3572
11883
227
3189
2916
9324
8235
5481
9520
3063
3828
5777
6716
735
11698
2381
651
1755
11179
4611
3602
6707
12503
6625
12651
8896
12200
7574
10278
7734
2748
8382
9595
3883
10011
2765
10091
5740
10633
10569
5842
1695
4208
2291
10315
4240
2958
9310
802
10054
8224
12148
196
2953
11587
2283
8729
10843
3784
546
3895
4885
4360
10568
9926
5201
3175
6300
6395
11998
8234
5537
3974
2459
351
6659
6904
8302
12305
3838
12730
7625
679
10928
11145
7138
5595
11772
5674
280
3521
8106
2165
949
11068
5780
10177
1635
5297
5550
1180
3021
5191
5610
10393
825
6457
9714
3911
3084
6548
7358
4275
6629
1947
8698
1582
790
118
7811
1115
3305
10464
1221
1109
812
1141
6051
913
12089
4434
8574
8563
10871
10234
2014
8049
5392
11754
12363
249
12585
6532
3211
10684
3102
12018
191
7149
9412
3656
2050
8534
6967
7310
1438
4989
8976
4326
9495
8385
12614
11183
12255
5789
413
6202
11796
1381
12094
4150
1147
4728
3349
11229
50
8405
3239
10614
1507
4507
7269
7170
11042
3168
10173
7627
6732
5340
1293
10933
5892
5471
1857
7578
7379
12963
7180
2838
5881
1991
5041
811
12556
35
11108
5657
4927
2475
12092
354
6017
8867
5714
4570
4221
3137
11364
6765
7431
3674
8998
6167
3139
4963
10176
10987
5527
8167
11870
5540
1993
4907
10916
5396
12977
8669
8941
7018
4816
9361
2171
225
10428
10059
12819
3031
5260
9605
8365
1032
4699
1158
8592
5530
12629
5625
3839
3181
13006
1796
11077
7300
6201
2658
4693
6989
4301
11908
6514
2221
12771
4251
11746
352
1760
1850
11404
11160
9027
8690
1781
9650
5745
10522
287
4120
3571
11791
2839
7836
3208
6848
3247
2582
1639
12569
8812
12864
10236
2351
6348
9852
4105
1477
1406
11544
3106
3582
8742
4183
880
73
7065
4414
832
6522
2039
41
3837
1151
6215
12841
11188
7856
1530
8813
7731
5666
6539
12772
2686
10570
3070
6164
720
3013
8223
2391
1366
642
5830
5972
4335
5728
2189
7294
8424
7593
10563
2116
12541
637
3400
4827
3797
1657
5646
9163
4315
8209
5788
9612
4792
11063
3475
1140
10099
6350
93
3526
2873
11640
1152
3889
7252
10543
8541
5895
365
9537
11665
10445
11336
516
4820
7719
6892
5377
1785
6500
8366
11467
12009
765
12997
9285
3501
12225
3873
11728
9817
4674
6986
10880
4516
6331
9452
490
4685
2253
11700
11494
9050
167
4104
1386
5247
6957
10625
414
7555
3162
11556
7895
8547
8148
11843
10016
5077
69
8471
12425
11888
5602
7499
8559
4560
12058
3461
7820
12428
11790
9490
8612
10183
12672
9041
8894
9734
8067
1342
4576
10200
4219
1981
10912
7746
3154
9583
9259
11372
11521
7559
12459
10316
5150
6241
6774
8161
6020
11576
5106
5754
12969
3856
8446
8897
379
4393
6134
3952
4306
3734
12306
12217
4843
7564
9692
5539
1874
5943
12076
6820
8829
2239
10466
3694
10379
5560
3486
6607
9921
10588
12552
4863
3332
2423
6311
6708
8993
7260
12725
6003
7374
994
2638
2661
5712
10031
7090
8738
2137
4799
6186
7450
1786
3532
7884
7563
3387
3401
8080
10907
8282
10081
11207
3261
11531
10122
9716
6229
3767
1369
11366
3405
1083
10241
12537
12915
1298
355
12358
8933
6639
1620
8494
1129
4664
8414
5335
639
6496
12427
12609
6858
4818
9676
10105
12003
5198
3227
80
1581
12688
11899
5074
3335
7977
7235
5641
838
876
8122
2822
1271
12882
4941
7944
11339
3339
1869
3135
760
3319
9911
8511
1391
10018
9313
8466
12903
3891
4960
8835
467
8694
11986
7505
12147
2067
7922
10473
9664
6871
9540
1791
3011
6065
7987
6263
5945
1662
12205
12339
11027
10394
6213
1062
8892
5802
12144
10853
5730
6223
3852
1899
11088
12950
6176
9709
12439
11209
10722
10678
9607
3381
893
11003
1560
11009
1048
5765
2019
6268
12110
3429
6128
10073
5184
4356
10971
1561
2650
1713
10758
4762
5144
3558
692
10727
9419
505
8491
283
5328
11676
11828
12678
6509
4381
5086
8257
1501
10490
5382
6903
6902
2194
11465
4780
2276
1867
3707
4472
2784
3312
6673
3421
4028
11885
4061
680
7720
10370
12124
8031
1859
11560
12442
1096
12171
10607
7102
4176
3149
6776
7610
3541
3882
10180
279
9893
6484
10642
2885
1013
6221
3614
6158
1346
7561
5783
12047
11628
5131
1626
491
517
6358
12749
1228
6280
2580
6501
7810
376
6455
7457
7029
326
9654
4556
11395
4103
13010
1233
1856
2609
1098
3756
9986
11624
2681
1675
12407
3687
3567
7630
6327
9786
6131
12175
10852
5012
410
9379
1873
8116
9126
12833
8463
8260
7238
1480
3243
6811
8364
8048
9064
2120
3820
10281
7258
3020
8784
4167
7789
2511
2345
1222
11493
4893
4771
480
4498
12160
453
9776
9318
3628
12766
12353
1011
10271
5020
2009
10432
6328
12308
3436
11150
1165
1747
8192
9066
7929
977
5953
10845
8885
5703
7116
9108
8158
1429
3478
6596
10320
7965
11636
7491
10085
3683
10800
3617
11647
12387
1887
8716
6651
8225
7220
6830
1515
2485
9821
2493
473
12382
4935
9374
8639
6012
1586
8219
12489
9349
1404
2034
3257
12034
6602
10065
2691
10859
3774
11814
331
11174
2820
4908
7924
7840
2749
6886
7025
494
10408
7150
12620
1816
11881
769
1969
12108
9620
8175
9823
2772
5145
7406
11994
11527
6161
12105
457
4726
9092
12985
7742
8712
1144
2848
5969
2876
9473
5276
9368
635
8761
6919
6853
5172
2282
12534
4232
2737
7513
10732
5880
6376
5890
7380
2870
8629
10080
6948
730
6002
7347
12998
384
7395
10280
4889
7036
11394
5208
4319
3003
2182
3730
7925
11204
2365
6270
34
4279
3994
11963
12546
12431
9090
2621
3434
9095
7433
18
3590
5744
9546
12662
6483
6710
171
10793
4952
5031
5883
766
6678
650
10630
11152
1957
539
10382
7057
5691
12413
12115
25
5135
4535
1705
9244
5369
12663
2495
7441
8029
9784
1272
3476
44
10363
273
6833
5166
3172
8019
3947
4546
7475
8267
242
10174
5862
5650
5
11911
5820
10403
1971
12090
8147
5288
5308
2678
8245
4510
8044
11065
10939
7713
12352
5848
3067
4097
11082
7140
11001
178
1105
12696
3762
4918
7489
129
5305
5492
247
804
12545
7712
9514
10424
9948
8051
1739
9283
5929
3150
3937
8745
5807
8355
4119
5445
9533
8857
6160
1913
2725
6546
836
11716
1312
10340
3309
10611
12946
4640
5763
8065
268
395
7684
12522
7072
5113
13007
10823
3750
3573
3294
9392
4138
1773
10892
1349
7231
4115
7191
6622
6367
4582
7048
7603
12216
3144
5231
5199
6813
5791
959
6980
3017
675
10949
7708
1021
3295
4711
3069
3188
3577
10369
5130
4776
12732
4739
4800
6196
1568
6386
3171
5436
10559
3129
5124
10783
7282
1200
12209
124
240
10538
6238
4405
7268
6189
12527
4340
2795
3530
11623
12850
509
4788
9155
657
7054
8851
12783
11496
3812
2140
4418
12990
5767
9972
8759
10652
12278
2846
6074
1375
9335
188
11125
3212
5692
9977
229
12588
6293
7759
5796
4943
7042
6733
2400
5858
8926
4869
6597
3679
12001
1822
4971
1989
8073
12248
758
9097
464
2084
12870
2794
5167
12822
1286
12726
7957
4858
5866
8684
656
8000
4077
6152
11046
7973
709
8787
2799
2295
4298
11081
4807
11449
7787
2764
5364
11518
889
11695
8601
2318
1113
4465
5444
12100
2482
5898
5069
221
12900
5373
12976
4188
12939
1264
5200
7400
5900
4517
10013
12211
8363
4856
3917
11454
687
5062
1736
11609
6832
7837
1274
10666
7616
5351
7594
6077
11503
1784
7250
1889
12560
4598
12042
3217
6015
10422
9640
9775
12645
7059
10087
10798
5576
9103
9606
6288
3458
9684
1387
6784
5210
1742
10546
8714
11232
9558
2828
11945
587
4970
8938
8039
9942
8633
8553
11502
11488
3845
5685
3086
2684
5050
12335
2155
1990
6100
3315
2773
5584
8631
5585
2803
6757
810
9007
1757
7416
11567
12700
8557
3151
9015
1148
4005
5331
2939
1875
888
10349
12954
3432
7452
1741
11775
8963
11189
6666
1729
1738
10483
11703
10903
2613
3218
3447
8354
3286
6749
6657
3040
12210
3599
12174
6843
2986
4107
7894
9407
360
7301
353
10399
12972
11256
8131
9111
6559
2931
2552
5427
10540
4476
3316
2435
9957
5025
483
3117
6291
4832
9328
928
2882
1116
9956
6404
3202
2290
5393
11144
9591
2001
12103
2408
10237
11689
2434
1244
7941
1997
12223
2498
9173
9333
630
8782
11492
1590
230
2146
9394
12048
4427
10051
4121
11457
10238
1917
4168
6615
2092
1987
2781
6955
6287
852
9739
7549
1752
5832
3310
10360
1379
5281
11380
3054
3772
9833
1779
8603
2909
6541
9139
5700
10191
2697
61
1645
5362
12294
3803
7597
6439
3142
2549
2473
2944
5717
7481
9760
10825
1125
4897
10289
1055
5413
3738
1936
7517
2306
8022
5246
5072
4338
6416
3353
761
5486
4938
11083
7274
2258
7334
3375
571
5724
3365
2465
9089
7596
1629
8356
12073
11795
12624
6518
10093
11861
6418
6363
645
4899
7364
11871
12194
530
2597
11934
4914
7656
5968
12357
11166
4451
5781
11522
4095
4824
8855
5976
4861
9268
6998
7188
4987
4544
12207
4569
2245
609
3443
12429
9953
11826
12196
5333
5658
12274
6635
7788
9024
11800
3399
11873
2871
9689
10594
2309
10324
2900
4561
7730
5017
5615
5793
971
11338
6677
4527
7940
5863
2837
2564
985
8659
11498
392
11128
10529
6399
9065
11029
9143
2544
9213
10062
10119
208
6573
7718
1122
2647
4625
9245
9843
2117
3278
12176
2659
4419
10778
3653
10628
1465
6472
2326
10012
2518
5683
2864
2918
6478
10489
12338
6410
6584
4228
2879
2581
538
544
3591
12395
2812
11032
4494
8308
11215
11277
11396
12607
2620
1284
7724
8350
6595
12612
6681
4088
11210
6637
10953
6856
2266
12567
4877
11995
3574
11763
4246
7946
4593
7137
7912
8172
9545
12145
11688
6766
5661
5526
6067
7052
12485
6506
10936
3538
11202
9795
9497
4215
10510
627
10792
871
2665
5534
11213
8411
11641
9243
5901
6824
7621
3977
5425
10443
6037
415
5303
10878
2963
1654
3336
7538
332
3938
4283
137
4670
6552
5629
1443
773
4687
12041
10990
736
6151
11195
7913
6909
8342
12817
5500
2341
5339
5256
1035
11595
6864
3601
7148
8271
7701
1407
1677
9807
11584
5611
5429
816
2548
541
11057
8801
2213
4172
4455
3987
12957
9960
484
4928
4947
5312
2371
5958
11091
1095
11320
10608
10069
12087
11810
6173
7514
10837
9737
8783
5205
606
12968
6604
6129
10687
11514
11386
2843
12244
7016
2040
8198
6397
3060
6925
12079
8660
1834
9304
741
10121
6422
5544
6992
2642
2547
4567
8949
4030
11533
32
389
4290
2051
9755
2950
4459
9272
4622
9785
3600
3993
4641
8143
5525
4445
10900
793
6551
2231
3724
12840
10963
12044
12012
2886
11045
9362
3248
8335
8569
5690
3512
12888
3030
6364
8478
9756
8132
6588
6893
12785
8149
9551
12471
7639
9982
3404
12314
2700
10664
9618
9516
2791
7257
215
9075
417
6225
6691
10368
882
9576
5516
3033
11505
12329
7843
5654
7835
5659
7352
4114
2674
2447
10785
8024
10551
10655
11512
1484
2573
10478
10902
8118
56
11337
12437
11263
9009
4134
5999
3898
4123
11733
4964
3228
89
12251
4955
2359
9935
7271
6033
3015
2951
9489
6088
2456
1427
6391
4162
3621
6926
9532
8618
2654
9118
11301
7989
5904
9800
542
2367
9928
879
9185
2590
3009
8487
5460
5127
4913
12948
5188
8318
4450
12958
5132
5941
3073
10851
4342
5417
2754
4522
2888
429
10521
753
1769
8870
4681
7043
695
2303
7023
3930
4651
7869
1613
5494
6839
7107
1240
5359
7633
5977
11629
8746
4091
5566
11491
1778
1674
1894
3580
8958
11915
1097
5840
9254
7033
3699
12896
4533
11344
6187
12708
11475
9149
5582
27
11758
5519
8255
3482
2964
4406
7509
1765
3263
10512
9503
10209
9857
12920
2946
6441
11515
6274
10729
132
898
8699
1167
4954
5861
7094
7477
8841
8781
6511
4023
7118
8434
10899
1584
5555
448
11363
6140
2818
7066
8395
3155
148
8083
5043
8168
11358
12491
4270
6599
11707
12792
1159
3065
10610
3345
1410
1275
3880
3713
2240
10032
12187
7488
8810
2313
6859
11921
3005
1941
1573
6111
9954
5532
566
9026
2405
272
9039
9726
5203
1236
7020
2676
2059
11690
12238
10553
9445
6356
5363
5154
9401
2644
7428
8071
7287
6920
12717
9292
3408
7962
11506
9861
2735
11852
848
6513
1897
202
5206
5168
2198
7756
12644
6458
12456
10325
5169
3978
11409
1156
12214
409
7105
2724
10877
11588
6899
10077
2591
7690
8886
10134
11782
1599
10390
6409
5151
5277
7739
6076
3111
8765
7745
2284
1479
2268
9918
11023
6736
9212
3297
4151
696
9042
6713
3705
806
5528
3870
6170
532
9169
2436
6014
20
9319
5668
8155
4362
4479
5956
8904
6296
10268
1717
9966
5648
4388
9388
7721
53
9914
15
5761
9048
2337
8627
1439
4229
3804
10291
2814
11235
8493
2042
577
11271
1694
536
5632
1394
9994
7266
9360
418
6063
11565
7675
6780
3524
8948
10256
8555
7691
7267
6979
197
829
10413
10728
9119
7041
1123
5294
6197
3372
5366
3629
8296
9974
3888
3697
9923
4772
992
12553
11417
8464
11155
1397
7638
2537
7776
3908
3706
117
7808
2255
12539
8027
364
1297
683
4287
653
485
3525
12936
4904
11901
10061
5068
7643
10107
2925
7062
10195
10961
11741
11031
4650
7024
4400
1051
4886
1070
1793
5725
8717
2160
11747
9685
11808
6631
10648
6567
12853
8706
2557
1091
7700
1735
3640
11094
9638
5770
8072
3743
11892
6006
9522
8427
3771
2668
12834
4594
11359
122
5250
12029
8642
9170
10966
12388
8960
2804
2866
8766
9860
9570
11425
844
1005
10040
4999
5732
4196
10141
9499
9862
4187
4710
11872
10125
6582
10643
9275
1145
6082
5930
3885
11972
9757
590
7537
8828
7154
3083
6577
4231
12317
5292
11254
1627
9913
6466
12686
11377
5354
10391
9460
7187
6408
8916
6132
11314
1872
1955
3402
9508
11540
6521
5591
2585
6016
9189
9933
2560
9651
842
4812
1178
6121
3071
9509
6508
12319
3178
7500
1262
1330
11914
9127
2695
5970
7503
5236
3517
9266
12396
5514
7002
2689
5726
1767
4862
4732
5117
4980
3642
2288
10505
4065
10471
5594
5592
1835
6553
4277
10619
12615
343
8887
8307
7382
8435
10820
6815
7614
12848
1283
10277
5734
2180
489
9278
4493
1641
7321
4204
3259
2356
1451
10005
5829
422
2701
7599
10883
4634
9047
7000
5263
2208
12533
183
11830
4429
7467
5975
4945
10355
512
363
1598
4888
1367
10090
12450
12323
6402
3775
661
11769
2543
4470
4093
11730
9154
3158
11847
5856
2744
4549
9667
5601
3127
3765
11437
12310
1534
2267
3317
7368
6335
9250
9796
3511
5087
9753
4777
9382
6759
5737
12905
3722
4234
8021
2905
1278
5038
5553
2783
12392
11008
1998
10968
7660
8798
6255
2825
4789
10866
1968
8353
10102
9447
8023
10078
9439
9104
2646
4655
5449
9239
2649
4076
10716
5268
10788
4253
7276
9585
1454
7245
3925
5686
4490
7354
12699
10425
1596
7356
8775
6649
6927
10772
2758
79
8270
8467
1962
6459
10552
120
8322
6952
5925
3685
9426
6528
8334
7311
9274
11135
9615
3244
5847
5764
12279
11710
7069
1638
12484
11991
2601
2727
4754
6932
2361
10139
388
2626
3279
9901
9876
1316
5211
5371
11709
10272
6400
9303
4423
6600
9023
12581
3213
866
9710
294
4117
6901
7662
6208
1916
10518
4068
4348
2628
1915
7885
8927
1374
8930
2788
10290
6222
11767
12381
4940
12652
12904
3884
11539
4845
10544
10052
4016
4250
3314
5864
11762
12923
10739
4000
2655
12621
9465
6199
4186
1918
3755
9234
2858
946
7943
5934
8062
3876
7697
12189
7013
5651
8481
6396
4781
8739
1351
10311
11181
1503
440
6520
9177
6630
9996
8278
2396
12698
2386
4080
523
6309
6531
6564
7930
3543
12517
3481
4600
1910
10295
8859
513
8184
3854
8561
3420
7806
11014
7994
6608
11341
1440
155
12908
11880
239
1276
3037
12791
8977
4929
3099
3173
9987
4271
4037
9967
7589
4327
11792
2176
1895
4735
969
840
12143
1505
3292
12343
5950
11115
2519
9984
4113
6929
608
4357
11481
12501
8421
10930
10071
9046
740
3453
10662
4059
12693
1972
12169
4830
4227
11701
3769
5322
5315
5065
9071
172
664
7453
12682
6239
6271
662
5558
9733
10474
6058
7681
5180
7831
12680
7548
6611
3850
1585
7551
2860
9081
4243
4045
7626
10127
2280
4284
4714
8515
4573
8320
2175
135
6687
3225
7243
11731
4192
10343
8081
1877
912
9395
8247
7100
3147
4497
12965
10298
192
9247
8771
4109
9357
5620
1751
4783
778
12605
2890
1871
12234
4345
6988
8370
12558
10149
11977
8226
9424
10397
10598
11626
11622
8344
5311
11017
3729
11673
8880
998
12322
6991
7061
8001
4577
11351
4237
9001
6890
1486
9845
12875
10795
10171
58
11696
2966
4443
9202
5387
12356
11943
9704
4564
2409
7775
996
11172
231
12444
6612
8595
5022
7631
8820
2835
7763
9385
5030
11903
3627
6878
6828
6675
5794
12707
3545
9600
2349
11526
3968
800
9500
2227
12941
795
12191
9398
6773
6276
8210
11362
5709
4185
9718
7151
9608
944
10224
11719
3844
3090
6561
7281
671
243
3641
9134
10573
2738
4
9985
3219
5935
12574
2477
7520
10230
4225
5104
12403
3136
11606
4785
10270
9924
4588
11755
2217
4505
6474
286
10215
1308
12366
10618
6146
11928
2161
9288
7278
648
7709
1509
4334
11381
3089
11910
4226
2311
6473
6549
5569
1848
5224
6814
9531
9530
2914
10502
5964
12694
7372
6764
6153
66
4082
6692
7996
5859
7315
434
907
11513
2928
1979
6746
8997
3721
1079
4175
6533
11250
681
4235
1031
5961
1090
3539
3449
7464
12519
10228
7108
6267
1513
1978
625
9073
5645
11272
7906
12855
7362
5554
4197
1559
9435
9725
9774
6273
28
3990
6061
3245
5161
5798
4809
10420
10358
10264
9808
10586
4053
9321
4671
12236
586
1270
8737
2546
12665
8129
8090
12402
10773
5577
11960
11552
9038
4436
4541
7907
10864
1285
9908
1069
3999
3197
9887
9378
12648
10827
2187
1547
8508
8381
12865
8242
724
7918
1310
12398
11132
1977
8151
2057
6598
3249
4850
6566
2141
4293
6355
6818
7004
11158
3427
412
2532
3561
7145
5622
558
8580
7284
4057
5483
905
2336
4408
1567
12746
5141
10830
7606
5435
2542
2954
5660
8119
12372
7632
9750
3414
6415
5828
12265
3934
6572
2739
5979
10498
12668
9479
9830
8403
12756
10430
5085
6257
8540
190
165
84
11669
828
11713
6775
8774
1798
11089
10646
9446
5100
335
187
7998
3782
3396
12303
3542
12164
9414
7543
6193
11900
12313
5923
12179
11440
2688
2728
12418
8915
6505
8800
7699
4731
8404
1940
9006
2562
10076
7494
9477
9079
11240
314
963
11389
9698
5316
3957
4803
10780
10258
7937
8726
1130
7229
4936
4307
3502
752
9842
906
11956
9544
6613
11312
9122
4136
7889
4738
1415
3648
10747
8524
9619
4160
2956
5877
1911
200
3995
6145
3531
6232
787
11241
3779
6034
3121
12365
11981
7948
11788
3058
5275
7529
1314
5773
4286
9589
3810
1625
7666
9299
7583
9316
10308
1992
2068
11020
2229
177
3965
10415
1193
5914
8834
1565
10111
51
3179
11026
2722
12228
8237
4295
81
510
2568
6190
8465
5495
6044
6762
9183
1321
8794
5806
1414
9766
3016
217
11291
9566
6761
12342
10374
837
2757
8807
6156
4678
403
7439
10761
599
744
10189
10613
8380
9569
4677
9850
4409
2683
8109
3222
6823
1347
10304
11288
3195
5273
224
2819
11667
10564
9290
1575
4309
2312
8898
11590
1591
8577
2889
12430
672
4054
7022
3951
3904
11184
750
4047
11
1463
9289
8367
10300
2158
11340
12375
707
5001
6469
9100
4437
7051
6524
4706
3728
10599
9803
7752
2013
643
9511
7028
12765
3483
11447
9798
12091
11311
1600
7417
9519
584
5838
8400
3735
7727
2372
12722
5320
12069
2861
7189
4995
5635
6313
11460
2556
10242
2746
9990
1925
764
4720
11617
4361
1352
2726
12201
11969
3153
4336
2561
1710
2497
779
8196
3041
3269
5122
3272
11200
11103
5827
9804
4214
9485
6089
6851
3660
11036
3872
5698
3819
5318
5094
12671
10673
3047
33
4751
549
7796
8340
11811
1949
3235
11550
10514
11726
5157
10679
4015
1022
3589
4705
12931
11352
6805
6224
10941
4526
8593
1929
514
1411
8159
1482
4924
8276
10067
9033
10108
12472
1076
5835
10984
12974
11205
4316
10620
7424
1291
5462
10834
77
503
12899
1498
4930
12661
3116
6591
7307
11996
3593
5671
11920
11744
7476
9088
7366
8982
1064
9215
5992
1696
12281
6198
3118
8203
3907
6366
6078
1203
7832
8772
7026
7418
4314
12390
885
3805
3595
6228
2633
3788
9404
4086
8329
10028
559
10332
10867
7949
11143
602
1665
2199
10920
10092
8955
11893
8012
10717
8195
11117
8979
719
8741
10333
617
6018
2971
531
4078
9999
9844
5152
3536
8222
3933
3472
12562
92
12814
7601
2413
7063
5225
10589
4540
5453
11868
1691
5656
4462
7571
8537
4953
12401
9171
4614
4508
3495
5808
4098
12400
4504
4303
7414
6368
2393
1914
3671
12887
12550
2086
11976
2919
4871
1081
11770
2297
8070
12837
11551
3097
8006
8519
1354
1132
4359
3613
9920
3072
3583
7463
7881
5189
9747
9951
595
7451
7545
3520
12473
9847
986
11199
2912
12245
4252
8722
1461
