4325
10702
5147
4485
11081
1748
11420
4319
4680
8937
11471
10583
2675
2392
356
8649
12994
1238
9339
1307
640
11115
588
4791
7865
1007
12089
11279
3288
6963
12861
8794
6452
4338
2731
9646
6681
3387
7702
1385
11208
5512
193
11654
5085
7872
983
10622
397
6589
2766
2921
8972
6203
1761
1469
6685
3121
6250
8183
7133
4531
9656
5442
2016
1858
4743
5366
8044
9577
8527
3724
564
6606
0
12340
11498
5775
12595
6490
8654
9897
11856
11648
11365
11276
2761
4771
8909
1551
7459
2129
11410
5150
8360
9111
1779
11053
7695
5186
8411
589
11659
12161
7759
3265
8359
7270
4766
12837
7975
10036
12381
75
7961
6014
11402
5254
3307
140
10369
1257
463
10625
12944
10199
10975
10485
3363
567
8854
2246
2720
7612
11490
9837
9459
9739
10455
5853
1160
10586
12963
7650
12650
9667
10725
6684
2192
9204
5804
4402
7853
9916
10208
11025
1440
8261
12796
10682
9166
3465
12410
10395
12769
9416
8861
2536
1426
3628
5539
10034
9839
4746
1796
5242
1040
6231
8674
5233
9466
3765
1889
6805
5008
7351
4003
5719
12583
12127
5553
11616
9568
10882
11003
11604
83
8540
7866
8960
11724
11751
2174
11941
10719
8486
2229
6421
10872
10665
4916
6785
6104
8903
7183
6298
4381
1987
10571
6353
9732
11912
11060
11169
2704
7935
10169
2816
5747
7898
10671
11072
9298
7216
424
11530
6915
10731
6070
2763
7210
9996
11559
7137
4184
4514
12918
9617
3054
12294
10721
3049
1820
4283
9668
10060
1362
12808
1199
11416
6934
10954
6255
5099
5077
7989
6149
3062
6705
5909
6794
3335
11878
6770
4095
516
6668
6864
5227
655
7936
12734
5483
12637
8274
9596
1006
10678
12507
11155
9330
10121
1591
2768
8853
8753
4322
8064
6101
12037
1847
1389
10071
12184
2233
10636
1691
2531
7065
5562
4273
4922
3083
9926
1106
11189
1064
3425
10526
8741
7558
5975
1361
4450
9079
8873
9455
4128
4676
10580
12219
9456
11163
10279
1243
6113
110
4764
7897
1190
11076
11224
6461
3501
11685
6967
3179
8016
12572
1203
4918
2265
7536
9375
842
9036
12515
11261
4392
2791
897
1294
12072
274
7548
747
12772
1780
11265
10109
776
11524
10792
613
12628
2978
11790
2789
13002
8197
1627
1906
7000
2753
12995
7742
5906
9756
2131
7151
965
3623
8786
2060
5805
1247
209
3438
10715
6687
3973
8783
8136
1126
3982
10814
8623
7162
4537
11922
4127
3549
12333
8265
2341
8019
8852
1168
12707
9175
6945
8658
7895
1571
11112
8862
9597
7694
9622
6061
4932
9832
6433
10525
2745
3541
12702
5481
5490
11702
7749
4393
4387
9302
10057
9388
1327
4704
3237
4938
6929
12983
8685
12871
6177
3139
10379
4952
8697
6347
12160
7991
3738
3643
8413
10448
3365
10897
6726
11444
260
1205
6802
6429
11633
11401
976
12593
9715
3211
6083
3040
888
5547
10932
6566
2304
11339
6396
12274
10692
703
1254
5267
12578
12863
2173
11687
7015
7867
2702
4453
12450
8140
2466
4731
9873
7903
8891
5788
10466
1093
2277
1974
8832
7059
11127
8533
9465
8562
9085
12152
2457
9089
380
3762
2445
9703
452
667
5939
6454
5127
11153
11992
2928
5137
1546
12395
9516
2911
10190
4685
3092
12265
4897
9394
9062
9550
3047
5163
1777
1825
8058
2448
12781
7239
9401
2336
9193
12090
4617
2033
11693
1232
5322
5042
3862
5614
2534
4117
2223
11327
5925
10037
7791
1984
8222
9987
7296
6982
8945
3485
10659
8444
2035
9761
12141
10005
1709
2658
3146
11185
5495
9688
3950
4380
7408
2458
9090
10876
9403
2031
4990
5503
9661
8460
4888
6278
6847
10528
7554
4737
2255
9721
11611
5045
8642
5785
11504
9501
8061
7274
6930
6341
6286
2756
5834
11182
5773
436
2235
7806
6524
5742
10807
6534
6782
4277
9633
1643
798
2134
10519
223
8461
11452
6799
12304
10640
12894
4440
10607
11413
2632
136
3801
775
3269
1177
3195
10274
2473
1372
10283
4994
9536
11577
7438
10064
6743
3106
605
1651
7891
6462
12397
11597
7104
11483
5587
6366
1435
7206
2678
12581
9286
11032
9877
12368
6266
12432
1782
4207
12
753
7924
6682
7580
7940
10673
10953
2076
5674
12525
12956
3135
5402
9740
6467
9802
11621
7659
11624
4997
3902
4468
7085
9345
102
652
1175
2790
10104
6951
11731
5637
11501
9485
2721
8152
12878
6389
729
12107
7289
12824
10883
12852
12915
1876
3667
7067
12214
11374
9227
1832
9892
4853
8829
9092
8021
11069
8271
2055
3419
4988
10225
8581
2488
3366
5508
9233
11300
12531
11777
2190
6224
4603
10535
10041
8141
7430
727
337
5217
3897
11554
11078
434
3514
7385
327
8218
4256
1341
6291
6754
8915
7282
165
2030
11897
2088
5361
12495
9765
11496
5068
5904
9179
9554
612
2996
339
4913
11509
5716
1446
7250
3616
12441
12703
1215
11527
9091
1056
10643
9049
4575
7807
5015
8889
4597
2260
8069
2344
1332
210
9602
10651
3115
256
2449
10778
5952
11880
2551
12224
4324
12545
10227
3030
10839
11619
7881
6942
1313
2479
9427
12860
9652
12554
3606
4511
8884
4806
4683
5422
12016
591
1729
7300
12220
159
8137
5873
872
3608
914
6607
2502
275
4985
12722
4181
11950
8613
3023
3763
1439
5584
2933
1904
5388
7325
4882
12980
664
1568
9831
10246
9366
4293
230
8499
9884
12496
3513
5133
203
9029
9523
5806
10502
12874
10860
5839
5246
5796
2098
4438
12896
11317
1791
2351
7232
1224
7563
4688
11017
5429
10761
4122
5356
3505
1901
2362
638
8968
3427
9870
978
2437
7595
4703
4714
1744
12716
2227
9319
7569
194
4993
12488
11296
11158
9609
3781
1878
334
10942
634
3448
3732
12965
7454
9960
12253
7771
9470
921
6242
6588
1809
3622
12375
1617
6920
11157
5914
574
11674
5786
6420
5793
6752
9437
370
641
3144
8421
9984
9307
5776
5545
1124
3670
8014
548
4571
11421
4224
3656
595
9502
8710
8255
9240
8770
12006
12535
8310
10739
357
6419
6670
5597
12738
190
10966
6216
2464
9712
2139
10186
10229
2841
2568
6375
884
10874
12462
8473
200
4058
3343
8745
9905
4840
1836
9235
4183
10211
7647
74
2183
5510
13003
137
12470
9134
6039
785
5311
4502
877
3459
11077
8237
9443
9481
1503
968
5349
1219
3833
2254
12854
7987
3599
5752
5970
2941
9995
11872
7589
7228
12425
10158
10510
6823
8171
7336
11082
7036
4512
9543
4664
4747
9360
8389
9610
4105
11959
4857
7840
1686
9050
11628
3065
5151
869
5362
3327
4390
7795
5228
4984
11044
4008
12743
12596
10652
3089
1687
1633
6944
11320
9165
10699
9379
12452
11014
12605
8995
10449
12296
10371
8281
3129
2564
12480
2430
11899
1685
1928
12210
12036
9299
12991
12064
8476
11838
12676
4901
9000
3242
2616
4340
6595
10042
6745
4418
4022
10260
7045
5837
11063
10204
2206
3152
568
2754
12927
3188
9618
7263
7081
9936
4442
12908
9886
7636
2630
8123
9053
6715
11303
12234
10324
268
4761
12394
3295
12838
973
4112
5138
7012
12467
12848
5184
1807
2028
443
9176
1905
5940
5000
10303
6969
5240
9772
6482
404
8405
1028
7533
11085
3530
4510
1196
5874
1270
4159
8967
1808
1277
2470
849
10847
8860
5243
8429
8698
8790
9702
2935
7160
3472
5411
5279
4141
4783
5332
2047
12373
11033
1310
8511
527
1453
11627
1120
2844
7341
3449
3960
8080
1884
12886
4457
8417
11805
5798
3995
135
10443
1723
858
10494
8780
9974
10141
10168
9698
2584
6911
6531
1615
3574
4359
12359
1704
2135
9815
3881
9187
6585
9106
702
4875
12936
11613
5994
2250
10360
11212
8369
929
444
9665
12218
636
989
4976
10329
10399
7352
12789
7447
6774
4000
4818
5166
6040
1295
5383
6890
7621
10784
5577
12551
6960
10861
12813
8033
650
9731
731
2359
8604
1065
3987
7240
10803
5249
4017
4549
5001
1733
11684
8387
7637
6082
6415
11282
8845
9364
11345
10205
12807
12712
4525
4856
12880
12230
6507
6456
11783
9433
8583
7409
10370
7311
7143
9142
101
3715
4921
8637
803
4026
4056
11697
5113
1116
794
10845
11465
10741
10869
9695
2010
6086
2812
10276
10505
8018
4209
9593
2425
7908
12329
11632
12564
4405
7380
4297
3304
2431
6772
6414
3940
9088
6625
8677
12638
8764
3318
3687
7927
11467
10069
7211
12506
9811
4659
10420
1456
10766
4010
7257
5016
5642
11412
4602
3930
12926
5568
9616
4395
5702
4898
7561
7584
6813
1716
3046
8040
11336
2834
6621
163
10365
10188
1772
11973
12731
5424
843
2002
12223
8793
233
8518
7845
4014
4259
1356
9685
3279
1629
10408
1475
3814
2365
6168
3394
3819
5815
6120
5313
6398
4557
196
7337
5720
9349
687
12483
8337
7205
4313
11919
9130
7613
8305
8639
570
830
1721
7437
9454
9747
4536
5656
1506
7696
7163
1630
3268
5451
11046
12869
6760
9338
9329
8676
10019
6362
2089
6660
1344
8479
6118
11154
8181
4092
2859
11474
3686
5175
2767
4412
9402
2296
5192
250
9127
10906
10864
1675
8918
11132
4829
2429
3917
9475
213
6541
12683
1374
2125
8614
1235
9566
8368
5478
3914
9411
11993
10540
9928
3635
8818
5316
418
7722
2108
371
8828
11198
153
7394
6148
6955
11190
65
4524
11252
7004
4618
9829
951
6422
9615
6663
5381
2483
3492
5494
4711
7602
4250
2573
12580
5916
4903
12271
12247
8418
8724
11161
10176
4024
2053
7291
947
9114
6737
77
7387
9743
8961
4696
3257
6714
7164
219
7433
10752
11343
6273
11309
1272
2809
7303
8869
3039
9879
9418
7195
6153
9594
6786
10052
10106
6564
2184
6972
896
11863
10753
883
1898
1178
2590
7781
4689
11917
547
10557
800
12561
6971
1231
6779
9423
4216
2443
12136
4334
8219
11247
3886
5357
9817
10295
4317
4130
1714
3522
12125
8643
8580
5665
12779
2949
10810
8215
4775
9959
10384
12338
4613
4636
2516
12656
11860
10513
10713
2459
3131
1076
9675
7549
3468
12429
6850
2213
3546
9181
6673
4361
7511
7760
1655
7902
2486
9172
6361
12341
10930
8965
9399
6764
3081
4590
9534
2642
12091
5660
4348
8735
10981
9701
9758
6722
8009
7804
607
5130
2231
11680
2319
4052
6487
3227
3002
627
9160
12727
10367
7060
9226
2672
3852
6833
2284
7040
7416
5169
11642
9035
2025
1768
7681
3570
5140
3954
4344
253
1026
4979
3850
1794
1216
4249
910
5599
5199
12078
3618
4345
2308
5308
7846
12719
1376
9369
6471
2
2093
9751
964
6533
9495
4093
10608
2892
11443
7327
6445
5932
11736
2660
4742
4702
4542
1184
4717
10871
12988
2898
8428
8801
5297
3792
724
2252
6434
11067
6141
2259
7670
3337
669
1565
8094
9678
6027
6803
3986
6968
6322
11893
6887
6659
375
3194
10125
6140
6108
6388
7822
7779
7503
1081
12866
12947
12699
258
6695
3648
7479
4965
8984
2415
11386
5058
5238
1852
4454
12680
12934
2114
5502
4009
7439
12571
10381
3037
4015
9981
9841
3977
1623
6676
4149
942
8326
3669
11051
3132
8776
189
9126
5400
12055
7220
9422
12020
3807
1559
10171
11113
11366
8289
8365
9185
4866
10407
1328
6549
10216
5461
8100
9648
11311
12167
10937
8734
2217
10564
3641
3489
9104
2886
133
6508
9135
4219
3101
12489
8896
469
2826
4646
9033
11268
6962
1985
9529
6306
12602
6878
8985
9887
7063
487
1784
5245
5827
3388
3816
3401
10700
10202
9819
11846
3120
825
8923
6830
9370
1523
3162
8400
6846
6413
6775
3691
1659
2140
726
12688
7582
348
10385
6219
1008
9541
1664
4004
5420
7208
4615
5010
11423
207
3377
6496
6162
1285
1229
10697
4379
4917
451
12392
289
5590
7321
9690
7251
4448
12038
5787
10997
2056
3968
12923
1955
8978
12100
7907
2292
3658
9144
12116
2800
5588
100
12123
12331
7948
4754
11817
4926
3744
8867
2934
1588
11623
12537
6470
378
11975
9595
7136
3476
205
7440
5496
7986
1492
935
2044
7819
4598
2074
11520
11493
4948
3316
2484
7509
4495
10330
3784
12361
8568
8659
6569
12958
4129
810
11346
4726
6781
262
8799
6453
8364
7170
7344
1261
7102
1941
5251
4053
5800
10133
8564
9895
1918
2105
11073
12044
6855
12505
6738
7202
1024
6355
1945
12879
6671
12693
791
4220
11507
145
12270
5825
5879
1827
7662
11618
1656
9271
11130
9487
9940
4493
6441
3761
12694
10946
7248
4063
11023
528
10866
10244
146
11050
7559
9464
2161
2086
195
6180
7061
4608
3846
9506
5198
2432
4315
12351
1391
5250
11706
1792
7782
4830
5489
4774
2742
2919
2189
12536
10809
9342
10885
1297
7455
4837
8036
12770
5838
2038
2593
6501
9923
4333
11229
7653
241
5325
6154
9121
2796
9513
108
11511
890
288
5191
9275
3184
1553
12050
3849
7087
11855
4852
214
10461
11031
295
5544
8374
4170
1619
2542
1060
3600
10127
11564
11753
8922
2468
9206
4048
12011
6546
11853
3629
12080
5043
9435
8028
6135
5615
2986
12004
6172
3872
2179
10669
6905
12421
4750
7663
9374
34
12620
124
1055
3535
462
2004
742
6947
5696
9631
4231
7044
12408
4368
10646
6179
4751
6506
12914
9651
5174
7398
3420
8258
6999
5283
12126
7701
3810
3199
3573
11256
5669
10577
6688
7174
5912
4383
7343
6801
660
11466
1030
3324
6694
11982
2799
9634
8563
8495
3711
8911
10315
7235
9636
2005
11854
7049
12439
5881
5241
4263
12088
7904
8557
4600
12163
10870
2043
11715
8432
4413
6449
12342
12313
1981
3267
7091
4642
10831
7185
7145
2493
11333
6489
6395
12510
10762
4991
12566
8593
7850
3368
4295
6170
8076
6941
9291
8041
2299
5855
11099
10720
9395
7790
7488
6700
11186
2070
11485
2734
7048
1855
5108
9417
2383
9357
5126
1094
3805
10704
10083
812
7054
9
5566
1621
12631
1826
7578
9128
35
6435
5428
5957
7861
2669
1127
8198
3870
11506
2163
11070
12334
7590
2511
12617
12205
10617
8320
279
8974
4098
4592
8635
7024
8358
3181
12858
10835
431
5625
1774
4425
3471
7527
8807
7002
11119
11004
2009
5119
11211
12458
4123
7494
8456
4587
1438
3077
7436
4375
9638
1421
9438
3925
10760
2535
8847
7610
4669
1788
4779
7330
7209
12816
4734
3161
11310
2533
4066
5200
9575
4757
4399
2042
2693
10539
6603
5943
4563
11945
12173
5080
8023
7003
10478
12500
9312
6924
11580
29
4760
4553
10846
12917
9458
3200
4377
12255
9589
8259
7456
7882
4910
10696
7672
3017
4596
992
10507
4816
8529
2833
10952
5435
12355
9253
6756
3500
314
3490
9949
9544
8448
7125
12093
5328
8191
10107
2494
7744
5717
4045
7828
8449
4611
9906
9968
9248
12213
12715
11414
618
8010
12662
6096
7472
9265
2232
9014
8652
10131
6923
1850
3758
3543
8938
3430
8150
4835
4041
2569
5706
131
8455
3859
8012
2469
7532
184
9257
4308
11622
3494
12724
8440
12345
8361
10877
4103
12924
2719
1851
11455
9384
5226
7939
8855
12517
11859
12350
9813
11108
7542
9347
232
9607
5143
2707
7165
3349
12461
12258
11104
5657
3055
6033
10805
3560
8088
12897
8081
8233
6073
3074
7362
12280
11699
6103
3108
1752
3134
6768
8173
6862
6520
7970
6778
5955
12142
7114
581
4262
1806
11794
8338
12730
5635
12544
6214
12751
2160
5848
3919
8612
7349
827
12746
9973
3364
8313
7379
1418
10192
1511
2926
8640
2454
76
12976
2017
1980
2027
4478
8090
12805
1149
2193
1480
3320
12888
2840
4736
11226
1822
10971
12791
9058
9975
21
6081
8566
8293
10287
6238
725
8534
1014
8317
11661
1909
792
8307
1951
2689
1956
376
9224
2181
9015
9313
10253
5861
10151
1457
449
10676
1179
3633
10594
646
1766
946
6390
4018
7328
10123
1268
10344
9628
7335
9833
9324
8820
11532
2029
4705
5739
12832
4314
673
11839
10547
6578
12749
12681
1033
3615
9970
8426
11656
2380
5455
6739
7470
5132
7290
8403
5439
11422
8920
9220
11359
7006
10754
10572
541
12579
2428
2082
11713
11448
12181
2716
4568
4924
5832
10273
4218
9296
8664
11750
737
9336
5736
6003
9295
4540
10256
2902
9180
734
2293
118
1382
11896
8054
9385
12803
7762
11156
1349
11792
2461
2309
628
1993
12364
6122
11441
987
9237
2194
8886
415
8129
3260
6447
331
4309
2137
1573
2063
10373
8792
3625
4987
5154
5772
7213
7534
10006
11357
8466
8285
3941
5111
10293
3097
10232
4582
2402
11408
11703
7322
8579
5652
6077
1080
5022
9480
10305
3531
3222
11934
12589
3843
6849
12066
7407
592
5109
171
2120
5741
6062
8538
5585
10867
6210
10935
1187
64
373
3442
3967
1929
11133
10524
621
6066
12276
6228
686
833
2417
6268
2021
1141
6156
6867
2472
2545
3067
7364
9830
7619
10222
12178
6716
1018
5220
10376
6558
8919
1745
5895
1829
11425
2528
7128
8882
7651
985
5465
3563
1415
1509
4677
6293
7778
9979
3588
7968
12750
10888
8284
11274
8811
8824
2241
2210
9520
885
9371
1411
12625
11251
9893
980
3652
12527
9561
2900
8267
2856
1032
9214
2054
12800
2567
2724
2269
6644
12459
4145
2744
7019
10090
9474
5053
3234
3474
1109
11553
73
11512
2452
9999
10436
5868
8408
6537
10467
1648
1601
5097
11590
3736
1486
8980
6193
8286
91
873
3545
718
1020
4795
7849
5908
5845
5941
867
1466
406
5619
10018
12966
10549
8848
1050
5983
11813
5550
4213
11646
6376
8279
12420
8815
12629
7537
11180
8761
5581
7381
11844
5360
2578
3123
824
7096
5470
12597
11682
3974
10203
5395
1859
12973
8103
8003
11832
2748
6076
1770
8902
4397
390
12376
1828
7072
4996
606
265
1647
8763
6616
2759
5592
8316
9420
12154
5730
5892
2546
9505
7594
3576
7776
11995
1645
12900
6442
12831
12130
4229
3909
5373
10662
1434
8424
12111
3933
5041
4057
10612
597
2821
4957
6358
2014
1289
3166
7449
11672
5711
11778
9504
11330
917
5795
6235
11755
10755
10972
5482
3075
3639
12690
1399
4545
5903
1324
4535
5165
12853
10746
4544
2807
1258
4893
12150
7515
440
8031
10914
5183
3811
2275
3198
9251
5523
12870
4756
10744
9116
1888
521
10984
2888
4016
7147
1044
5121
9297
4420
9978
2787
3747
7513
181
7310
2577
11927
1818
9308
7892
1741
7955
10218
394
11721
4126
4166
12377
5531
8857
2323
6385
3585
7082
1864
5831
11529
7995
8339
9213
6709
2497
12841
839
9043
4494
3228
9537
9278
1707
11404
12260
9260
510
3297
12916
8278
1130
6761
3157
10201
1679
4353
8025
9598
9239
6432
12919
7900
2072
3111
2202
6986
7077
12812
8932
542
11024
11486
8901
10311
903
4084
10474
3912
9141
11066
6334
5977
5263
8128
9733
5460
2670
5351
4177
7573
10304
13000
7817
7457
8178
3928
901
1702
5987
3170
9573
11815
9378
2295
11756
8781
107
12499
915
6556
3939
12725
3553
1390
11914
5664
5835
6423
12844
2177
760
1762
5390
4074
11665
9889
2236
8401
5065
5413
8354
12790
11569
9243
7402
11065
2036
12194
3717
12928
891
2133
10748
12524
1512
4555
7868
657
12701
8420
5729
4912
3497
2283
4869
12529
11558
6636
3334
9039
492
10756
12241
10357
713
1720
3970
12913
3482
9078
3352
5801
2987
11213
7990
10484
2874
12102
10588
12655
8013
10234
2104
1185
12096
3978
5647
12648
4042
9145
5654
1813
8550
8619
7033
8666
11464
4091
6662
4301
11363
8356
9998
3315
12054
8991
1241
5688
12236
1886
10390
8390
1739
3799
3584
4125
3879
1631
9340
3478
17
8393
6377
12082
3435
9232
3829
5156
1488
10904
5961
11781
9745
2419
4236
6776
2623
2872
3079
6648
616
1388
9412
9368
4217
5634
6691
7159
10899
2503
2539
7996
681
4156
5966
9900
315
10928
7262
10380
1357
10712
9177
11249
10375
1335
4865
3207
12577
6349
2215
8944
7154
11521
2506
7079
10763
10415
6426
6095
94
2427
11873
11478
11244
11283
1725
789
4900
3235
8726
10286
8451
10129
10397
11891
10893
8705
5610
10187
11601
9009
1373
98
12404
9794
7224
4686
2377
5329
2157
6106
5312
2794
4
344
5643
10830
5187
7639
1839
5394
156
8347
10078
10136
8728
3048
10480
9508
4192
7879
12785
9581
6314
2375
7446
11000
2287
307
7772
39
3213
6528
12828
11047
780
8170
1797
12468
12378
3659
3486
4713
6206
1616
5146
10351
4302
3151
981
10565
3863
11407
6543
5913
3544
5564
1819
3791
9977
5438
8202
698
8819
2606
7021
4347
1394
7050
2998
1743
4641
12449
7812
3300
224
5685
7460
11744
3674
8292
6430
1576
10226
12332
8615
347
6624
2912
7531
1907
1063
5548
10691
9937
5333
10475
238
10496
3168
1217
6028
3302
12695
6263
6811
848
12243
11822
1760
10645
5538
6150
6814
7097
6084
10435
12588
11652
6899
11272
8362
11535
7112
9711
3498
7770
6428
801
1047
12052
2214
9625
10501
4671
2205
386
4153
7928
635
7703
6784
2015
8106
276
4371
3795
1697
6829
3527
4758
5733
9564
10536
892
12049
5724
11963
10961
10264
8087
6633
6480
10955
4355
5658
11107
8052
6038
10855
12775
6296
10787
2915
6466
831
10337
8636
7293
6282
6904
6853
11771
1296
764
11748
7551
611
9509
7131
6
4075
11086
11101
10800
7620
807
12530
3678
6609
12343
2334
6240
5680
12192
4489
4892
8506
4245
5556
11766
2890
10672
3463
10978
481
7557
10495
2378
10718
12613
2356
752
6762
2018
4505
4180
12822
8704
3638
11040
12293
1789
2651
7836
10067
1610
2346
2150
9409
2204
1378
5734
7808
7571
3830
5641
1562
9159
559
10299
10224
12586
8757
7008
5754
9183
2426
10250
6704
12811
8445
7462
7034
626
7304
9706
2188
10021
1251
9717
4787
8744
2830
1348
10769
2145
7184
7001
4006
1994
3005
6468
11516
7775
12021
925
294
278
7825
7121
4211
7618
10923
3452
460
12959
5104
2248
4311
316
4690
1586
7221
7799
3798
3701
10409
8565
113
10503
5598
10657
3528
2560
1795
385
3193
5889
2868
5019
4455
11773
12390
6718
1493
3309
11347
8592
6274
235
8022
11801
2013
97
7095
6897
11179
8452
3281
3361
5894
5353
7117
330
1963
5511
4894
3637
7965
8714
10998
4864
2091
7731
8210
11238
10601
10103
7794
1248
3727
226
5397
9641
7726
3197
6049
10338
12010
2312
2069
10326
2944
10245
12549
6308
6765
7192
12797
5306
4237
9658
5037
2695
11647
5803
6872
2345
12389
5262
879
12666
2396
8169
7281
692
5475
3066
5052
11245
11877
1
12957
11037
2298
86
9288
2839
9699
5433
1370
2990
9876
2151
1524
10655
9136
6856
5575
6404
8477
10472
1260
9158
6494
8065
1835
2552
6010
3321
2051
5275
2046
8478
689
11352
8298
8398
8996
2876
138
1815
11947
9138
3148
9051
6161
2191
2492
6346
8192
4838
5650
10318
11145
5040
3018
8075
11645
5036
10481
5537
3975
7168
4296
4630
6116
10468
7371
7171
8725
6330
2156
6810
5782
7499
4767
778
5871
7226
9842
7856
12179
1869
2257
4884
11068
1114
1009
5644
9064
8071
6858
6563
2368
1542
3502
8034
4282
3280
11964
10970
430
1913
6226
4622
11126
4814
12149
1174
5446
9578
2700
8249
7679
1688
8139
5073
9929
11667
4632
1556
6126
1516
12492
10506
705
7574
2444
9569
8074
7193
1195
10728
228
6526
524
2101
3405
3289
5864
1620
2973
4601
11440
1690
2600
12262
7810
6360
4940
9914
10611
5863
11411
5021
3454
6767
2645
2075
6539
11432
720
7386
1934
7611
9262
4205
6577
12755
2307
12206
9018
2090
12954
11259
1230
1337
2462
10919
10868
9643
12485
9095
6227
6055
7984
10983
1419
932
12732
9584
7596
2673
12186
12035
3251
28
11278
12614
10939
4749
12013
8708
1209
5767
1396
2159
11908
663
12952
5563
11286
905
10405
9306
1946
8352
7979
7977
11678
2352
8011
4406
5028
3426
7173
7952
1672
1817
5264
11480
493
1454
4111
534
11905
7052
5628
3209
9600
12993
3999
12131
8371
10025
4467
5524
8671
2538
5093
10471
8688
495
6185
1290
10905
10374
5214
4707
6707
10734
6690
12910
552
9850
10269
12698
9938
8038
5182
12508
4962
8132
11740
8260
7873
175
10538
10595
7929
12283
3595
8532
7236
11141
9482
9101
763
12610
7906
2340
7889
5953
8638
11898
2728
11125
11039
4532
12550
1336
10135
1514
12067
7246
2216
12146
904
4824
8194
9323
4189
10368
10656
12528
2770
12254
991
5469
11201
8189
1606
10014
5950
9692
9858
9080
12337
457
8759
11257
9212
1058
7824
4307
11585
11304
11779
7288
6988
2889
5335
4960
9635
10266
10094
9269
1654
11842
4759
9795
4548
10764
12669
4040
8672
8517
11370
5708
3084
5513
4653
4290
12335
6309
7641
9011
2286
8755
12565
25
11458
1497
3668
393
5365
3955
4836
6804
2818
2230
691
7545
3578
4781
9065
1920
9075
1449
11757
12735
11923
5633
12619
4655
4099
9223
8657
18
11696
10404
7368
7884
1540
4272
3001
5234
9848
2504
6195
87
11371
8541
5571
4049
10134
8777
3291
3935
1525
3241
12330
6586
10747
9686
7497
2324
5265
11935
11517
2722
8239
9738
1218
9557
1086
9071
10053
9045
4396
4362
3782
12353
2376
2271
3771
11192
10282
2329
1649
11426
974
4222
2566
3845
4288
6439
2579
10956
868
11234
7389
9217
5808
2186
2167
7111
2019
2438
9882
377
4832
12414
6706
1926
1501
9236
7107
10811
8162
7871
6007
2064
11883
69
7684
4658
7194
6954
1128
8914
10440
6973
8835
1520
7901
12349
8085
9666
10857
8723
10638
11588
11360
6655
7607
1360
11121
12784
6455
6736
10296
4801
5464
7608
12158
7985
4627
3358
7834
10789
8830
4963
5375
8276
3586
12942
3019
4868
6992
10099
9705
826
5997
12765
11270
6643
4849
3729
2294
10429
5572
3391
7264
1274
11062
10848
11669
12444
5854
12514
6051
3923
104
2066
10558
8238
12937
11629
11742
8174
7367
3397
7622
2404
4543
3993
4291
4890
3818
7966
6868
6359
12447
4073
6133
668
3270
3477
9734
2559
6763
6031
3966
2555
3666
4733
11499
8831
6521
1129
3484
2424
4500
12663
1200
11902
5617
1771
2407
11398
2313
8223
12084
6045
11770
3722
5830
4019
4873
5763
11334
9640
5339
1416
4055
8256
6381
4197
3507
1683
7658
6817
150
6605
10393
12686
7909
10177
3551
11391
537
5284
4139
3683
3963
1834
12185
2810
644
8262
6009
5364
3662
12627
3278
5359
8121
8528
7088
2637
303
12454
62
647
2037
5557
5358
8234
4727
5350
10989
4687
9305
1860
2330
5826
1968
4858
7414
4464
5398
474
10240
1816
2957
656
5920
4889
10437
6343
4933
8955
3096
1225
4633
10813
11027
12798
10114
6824
4793
12029
10093
9971
12674
239
298
10960
10148
2414
1323
3835
2650
7238
11727
4280
5885
10235
5370
8483
4663
45
8378
12540
6544
2103
2885
1017
4556
7056
11831
9707
4460
12095
6476
10858
2684
8885
132
10621
4255
3329
3137
7309
11294
9816
9103
4551
12652
297
4386
1085
6493
6741
11845
2225
3183
12948
4400
3172
5305
1585
5580
2681
5918
8395
10726
12346
6146
8687
12873
5405
2638
5208
2200
5675
10619
6167
7700
1447
9358
10757
758
7748
7992
12636
12503
5260
12801
7983
5927
889
4584
7504
10028
11445
9393
5875
7930
2714
1458
8771
11103
8138
3254
5449
6989
4583
1067
8988
3201
10618
3244
11862
80
6748
3904
10447
3665
12818
11581
3651
1593
12051
12237
7666
2390
99
11469
10255
11109
5291
5990
563
5748
819
936
9006
4488
508
2867
2327
8713
7847
8554
10288
4354
5447
5973
3568
6852
11996
11874
6437
12834
9442
4906
9530
1180
4520
2523
6865
12773
11216
6675
1668
7401
11262
11816
2771
2598
5945
11043
9447
285
5164
172
8874
2896
3082
7378
2113
7625
6863
9293
7802
4248
11442
12922
7640
3716
11594
1171
58
8288
3375
12984
11417
5840
11
9549
482
9315
10916
2922
5120
5802
9426
2040
6245
7680
3630
1135
1750
10355
12201
8232
7025
6469
6797
10259
11979
12110
1798
1875
12312
4752
8005
3155
8782
11557
12196
6166
1634
12348
12933
9476
2846
12502
183
643
11290
11918
2633
8375
7655
12005
4666
4421
7073
11575
1597
149
5530
2067
9614
7230
1117
3572
1595
4474
908
793
1738
2081
745
6570
2797
168
5385
5304
11676
4887
2656
5178
10623
11207
1783
4225
483
1034
9441
8589
6522
11700
7967
7816
12209
12778
7047
836
870
4268
846
9261
1612
12611
12198
10179
6888
864
7773
3906
12585
42
4886
354
12705
7860
11071
6342
10298
3443
12147
4661
3700
5579
1894
12221
9859
4941
11006
683
8179
3924
11519
8578
2604
1343
2387
12267
2436
8682
3176
2382
5750
10075
5989
12513
10010
11641
7483
530
4370
5701
369
4299
2011
12396
12692
8130
9955
6875
9764
7911
12469
4574
7023
11344
12961
11630
7565
10058
2575
6667
6514
6587
2682
5403
3512
2379
1689
5272
6332
10339
2804
3972
8124
959
2032
12106
8872
5216
3980
11492
6001
10483
1882
6592
6194
10015
11937
9783
9429
10782
6845
12711
7161
4204
5710
10307
7981
186
6512
9279
12087
8344
920
5070
10247
211
5968
6984
1072
2374
12901
543
9694
6252
1342
6711
12641
10231
2565
1367
9199
9727
11375
4115
4861
11793
12428
3359
10902
2119
4144
9325
8104
9560
11337
6318
6239
12325
204
9710
4695
12400
6567
1574
10895
2814
9195
9100
5457
1226
13007
3847
2657
6218
12721
4064
12457
7852
1526
9773
2455
8850
11882
11775
11991
7864
6886
6117
5621
8552
8379
4732
3021
8716
2781
9845
1045
10361
5915
6713
9048
9355
11143
3073
3857
2435
5791
9410
4604
6943
7932
9108
11018
5321
12847
2485
12416
11976
7553
7604
10841
3460
3416
7687
6601
7141
4382
5386
9140
3893
1644
12372
8251
2977
9966
8343
9853
1775
10477
2870
7712
9332
364
7197
12576
3868
8459
4037
4896
3889
9400
8254
6048
8318
8684
3731
12747
1252
1144
6458
6097
1410
12546
4444
7424
12667
10119
12893
10606
1132
2828
7826
8644
2290
4930
4950
4825
10095
620
4351
11729
2097
10126
4086
12845
3499
1236
7144
1051
1147
10775
6215
994
565
6127
5870
11634
4947
7461
11686
10774
6680
9704
7393
7832
1078
9574
6525
3908
5613
4233
7129
461
6970
8490
1473
6959
8894
12303
4120
1587
6457
5611
2238
10308
2910
1381
5984
7090
9824
1718
2958
11437
8116
2775
3877
5181
3851
4953
179
2757
10045
2211
604
6223
8353
3393
10328
1436
12311
4161
12932
4133
12768
9182
4716
1535
3836
5408
7858
11430
2354
5586
556
12001
11948
2079
4811
1134
9125
7713
10909
500
12386
744
2711
10911
11977
4813
259
1057
9107
6965
5444
10703
7020
2843
10297
1599
12777
2665
3894
9381
10908
3688
9216
3739
11215
480
1095
856
2527
6253
12881
3417
561
1785
3613
4020
11606
9619
2207
1871
2703
1496
3382
9044
4142
9624
11528
4599
5278
3204
12033
3399
7585
11772
12371
10684
10675
11944
678
3186
12767
545
10174
8282
3964
4681
11555
948
273
277
2904
927
12356
450
3396
6069
8732
7397
2268
10433
12786
10238
6440
7972
3008
2300
12204
6895
3869
721
10627
10424
9637
2893
1358
1267
11451
10046
9990
1773
9027
10681
5794
4517
1119
7007
11903
10170
197
3542
7103
9809
4821
12157
4662
6056
2738
12151
10880
2360
9221
8370
1578
3491
6281
1164
5255
7384
3495
8573
6751
6248
8606
9514
1340
6939
301
3447
2045
7252
5270
10154
6503
8691
12962
9588
11566
2743
11612
10578
8785
971
5134
9003
8153
2197
7243
7406
5492
7711
4745
11989
12169
4228
12183
9613
8510
8333
3009
7768
8135
9576
8502
10977
5285
3788
1212
8553
10456
3052
5718
12385
7869
5725
875
12661
2583
8844
12014
7080
4436
8391
4954
7814
11368
7673
12538
10237
4076
4369
7273
2409
958
3565
4221
3033
653
1165
4902
11326
9961
6683
7189
3991
6200
1428
9331
11012
6085
4193
9918
11884
105
2939
7593
940
12737
4850
10878
4594
349
8024
3592
10724
6492
651
10707
12109
400
700
4465
2279
12367
7
7053
6473
9289
6502
8066
11385
4201
5035
3068
3607
1600
2303
11526
4172
7686
8709
472
9788
8837
11221
11745
5162
2022
5789
6571
11565
148
7177
5515
9277
154
8380
220
8810
5031
759
4439
7260
4503
5159
2959
4589
9344
6712
9857
6208
1862
5124
4878
12354
5761
7685
3133
6581
1841
7153
2256
147
4968
9736
3362
10070
5064
3210
5039
6870
12481
6079
7100
12885
11887
5468
10054
1915
5500
8838
1848
6614
12019
1256
9087
4964
10890
7777
3104
9754
4275
695
2142
8712
9592
1206
5882
11867
6602
6574
2730
114
9266
2136
5907
1181
7971
3804
296
10418
4609
1143
577
8689
7677
1966
9642
6880
10629
11015
5936
2992
12575
11894
7877
12257
8114
8388
4146
10605
4240
9196
10427
8172
1233
3882
9225
3947
11545
6060
7017
6184
5923
10144
4044
11323
3118
11400
11797
9792
5948
4718
4138
12867
5374
7005
10670
3011
6819
5774
1893
11495
3026
5605
529
9406
12268
8004
12877
12891
2302
1404
4171
11263
8515
11171
10499
899
4477
10185
1417
11716
1935
9001
1170
2342
473
13006
6121
9654
8905
10392
3768
8875
2758
11574
10596
5689
178
7062
2845
2020
1670
7245
3348
11160
8675
11762
7122
7706
8964
5128
6985
9778
10999
1443
2128
1790
7896
2467
11118
2333
7998
7169
4729
9146
4479
2980
1805
9292
9337
1854
5473
1653
12433
3922
2894
7333
549
12344
1155
11318
6917
4178
6032
2353
7140
8878
1873
11147
3314
7043
4625
8620
12763
11980
1041
12058
1976
3571
129
9453
6551
6295
8546
3620
11459
7510
3952
7427
1221
9478
6475
954
12162
2960
5991
12491
9129
967
1406
8463
3013
12541
12402
4274
3496
1846
308
12728
1445
961
3552
8306
9390
3175
7429
12823
8795
8228
9209
2587
3680
8628
310
3376
3965
263
7737
12308
8304
10445
6627
11264
11356
3825
4165
4265
2112
5929
845
10664
9234
4644
3748
11658
1477
3880
5666
4109
3340
12642
3749
10980
2006
10124
1927
546
11915
7888
2386
12938
4385
9902
6600
6016
10808
9810
4559
4427
7249
5219
13008
3865
7974
10175
4533
4498
3119
8602
5086
9838
6708
12122
9759
2740
8656
3298
12604
6410
2903
5910
112
6869
5103
12494
6504
11730
1842
1169
2247
2315
5430
1500
6444
10729
11427
3887
11965
6034
12478
10514
11389
4401
2849
624
4034
9280
8805
12259
7481
5005
590
10221
8808
5751
10635
151
7959
4113
7857
9102
2529
11281
4908
586
8521
54
8060
2164
1632
5404
11293
5651
3044
4699
5890
3706
9327
1986
12105
4411
8561
174
3539
1398
3456
1405
4318
6098
11377
1531
2087
1140
5076
6373
9287
4626
10089
4855
11080
10530
8376
10780
10825
2550
12098
5755
2634
176
4391
11372
3428
9372
11568
1917
3395
2733
2212
5188
8531
5024
6178
6728
1001
6562
4523
11635
7492
7601
11484
3704
6109
3547
4728
8221
7432
6005
1589
3605
6107
8982
7035
9434
1025
8471
12217
3767
2221
6044
8868
1301
2945
10705
518
8555
11172
9201
1916
5602
12678
4419
6881
6933
157
12996
5606
12076
161
11609
79
11522
5756
9904
2585
6139
10733
3861
2389
1533
6020
1138
4038
2671
2967
11473
8325
6102
9942
2477
12380
3000
3580
7632
9980
4971
5344
6059
3063
6459
670
8331
2332
9880
5173
4414
4257
1767
761
3331
8987
4839
986
6018
4977
2952
4357
11001
491
1865
8117
10644
9527
11173
11952
5295
4061
8981
4504
3529
5100
5167
4796
5981
9827
8584
5448
12374
3803
893
8299
6922
6488
12244
3828
12073
3827
4078
1521
5824
5454
1557
2080
2798
10515
1483
1903
5280
8457
9208
505
12685
7809
8667
11701
2515
4684
416
8300
3149
5698
9133
12590
1639
4471
8029
928
4155
11885
7157
2024
6527
1507
519
9149
6884
2339
9343
5850
7757
7083
9924
11803
4740
9026
10043
5514
12939
6411
6907
9603
1214
3778
3407
6320
1570
4706
8957
6517
4423
11418
9553
8572
11638
7674
10073
10349
5440
10722
1977
8866
10600
8037
2242
4097
8739
3056
10341
6721
4949
4157
3305
817
11255
2267
12967
3205
12030
7207
5288
8051
2842
11503
8007
12053
4961
9915
4051
6536
8412
2964
7295
3219
962
8079
7395
313
7739
11316
10979
11997
10511
11595
10585
11341
6063
10614
8091
1708
3232
2498
11879
6160
3755
7218
2420
1519
1604
5491
11737
12025
5630
1877
9645
11620
11710
5999
6159
4697
7753
8384
455
8569
5543
3140
3303
11802
1052
8720
7369
9047
5231
4649
12164
1099
11301
9012
865
4765
7785
11579
4114
9387
10416
7576
12998
2147
257
5900
609
12460
6299
11223
10685
5726
3493
6261
8242
3032
7721
5030
6285
2701
6604
9723
8439
5318
8097
9469
522
4035
7323
4446
2110
130
4999
6348
9215
3520
8323
10969
8865
9768
1658
2026
5828
3464
1931
7031
2869
9156
10796
8904
10289
8392
3061
11184
3772
3989
1038
4043
5406
575
5937
6201
8015
10438
12200
6837
7500
5142
844
10852
8328
6147
5762
4516
4637
6978
735
2938
4682
8193
10434
11961
12207
3312
10023
4087
5960
162
8098
1153
5820
8225
2690
12543
6565
3734
4513
1940
2899
3342
6997
12559
2625
7094
11382
7743
8099
9730
3173
12753
11250
1932
9038
2994
1821
4843
11136
2169
8715
2273
12413
6155
6495
6313
9555
9623
11743
408
236
3339
9746
11692
10500
12114
4046
7058
8332
4432
777
5852
6037
871
8559
7292
10101
10285
5014
515
999
456
1856
6463
10469
1957
7188
9448
4515
631
5745
6523
10632
11497
6065
6280
3735
8817
1433
7013
6134
1300
7178
11847
6035
10879
949
6190
7428
7086
10013
2412
11456
9983
1763
1677
6171
11639
1646
5456
7654
12759
5459
1330
3719
3392
1758
12649
71
1429
11450
8648
4251
10191
2326
7796
9899
12519
7954
593
2737
2480
5759
4410
6465
1982
633
2963
4230
7993
5347
1925
2561
9868
1162
10597
12616
7118
7815
2752
10270
10031
5343
3602
32
3525
5959
5770
7227
2913
5600
7949
6613
8695
93
4349
12607
1611
10463
5290
3293
9013
8551
12570
941
5498
67
2855
6352
1812
4258
1345
5620
5781
9713
12275
1922
10217
4565
4176
8893
8415
7231
3347
7032
4885
7214
3647
7203
11462
6024
9419
8363
6284
12208
10206
3626
11449
11146
7562
8243
7766
2122
4610
7258
9037
8277
1156
388
2491
8740
9005
6041
12573
8921
1264
10817
2901
12403
4281
9137
6798
3053
11210
10406
12289
6516
10921
649
3907
9762
11020
2401
10740
2981
3931
4561
484
5355
7947
3071
10063
9270
3664
1499
8949
554
3569
4833
7541
10631
12632
6932
9774
10907
1924
9852
6123
12594
6909
10419
3156
9231
8775
2398
12912
12670
4815
730
12118
8750
2985
2951
6572
7010
6579
4266
11869
11951
6207
8272
9605
6619
4923
1448
787
6191
11217
9351
9542
227
9350
88
8632
4428
4447
12819
8599
5509
8842
584
3663
6329
2652
3511
887
10589
5230
8164
30
5023
11393
4820
10254
838
11016
4101
10973
12135
3099
666
48
7279
7716
12423
5094
10281
2187
7196
4409
11381
4863
11074
11299
6975
6386
12155
3684
12599
4670
5090
9184
1011
10450
8453
7688
12720
12640
2688
6271
12921
10543
8748
960
5616
6316
7275
12691
5223
9946
4506
8482
1638
52
3699
10859
6169
2937
3202
1331
3764
5896
11348
366
3126
1334
7859
5842
8596
3177
5338
6446
11313
4827
6402
12070
7284
3953
906
2924
6369
9720
5528
1572
10020
10366
1152
3898
4366
8668
11774
8940
12121
4227
6212
8113
12401
5006
5432
6509
1853
9498
7320
6640
4303
7524
4905
8032
11170
11603
12415
11799
2776
7307
3856
11131
12448
7547
2639
1079
11105
10964
8826
6182
10714
7556
12264
7803
12238
216
544
4310
12601
3043
10804
11835
2422
10111
3890
10044
8522
4110
8512
10568
464
12516
11175
6091
6710
767
9333
9081
1541
9446
2641
10085
5392
3575
221
9693
2526
12097
11139
9808
10615
10412
11547
5753
8493
5205
6974
9067
6734
11138
1590
498
7365
12199
12314
12284
2803
3681
7200
12430
8738
2245
4186
2059
7572
11814
4526
9650
4116
318
1222
8155
10633
2760
7283
11810
2370
5856
12493
47
3212
10592
9903
8927
6417
5964
266
723
834
3422
5699
6755
5540
7692
1441
10362
9034
12309
12393
5810
7276
89
7255
10153
2966
8366
7508
8907
4720
11543
9167
1908
4992
2073
1824
4651
5135
8042
7735
12630
4470
12008
2785
8997
12584
9818
4408
466
9673
9749
6125
3313
12782
6500
4321
3721
8629
3480
5817
3326
5087
1613
5843
11120
2808
5049
9599
3943
11675
1003
10903
7443
4937
10552
5485
10990
9040
4054
648
9920
10401
3215
1365
4522
9755
6217
6871
8958
5746
341
9244
10542
6176
7294
7413
5777
9803
2835
5248
9334
8916
7786
11949
1387
5107
3273
12083
820
7046
7361
10553
3220
4072
6894
332
3372
11662
922
12159
6921
85
5976
11625
11228
4071
5269
5209
5891
11319
12175
7577
2961
1698
8913
11253
2524
4179
10189
602
5653
11986
6022
3231
11538
12411
8585
439
4374
5266
6783
7723
5721
10012
3164
12833
11694
5947
4935
9490
4570
7229
9445
4876
6260
9769
12623
2282
9854
12509
10706
290
684
3948
12733
3685
5655
3390
1039
6903
10146
2065
2061
7656
494
8220
12689
23
9273
9354
7784
7353
244
3679
8791
10219
1364
5735
5204
9917
7410
7838
4473
7704
10550
5686
2971
1464
5194
12992
6407
679
10736
5536
2878
2373
4911
11798
11515
11735
10948
5522
425
2062
10428
9828
11537
382
507
2395
12045
10242
9901
3742
8250
5679
10470
2948
6093
12740
1502
3142
12521
11800
1234
10284
11353
10925
6645
6669
4969
1103
1036
10591
1210
11726
9415
3589
4805
5185
7774
5271
1465
10520
10138
770
3593
12748
3752
4640
12027
6484
11985
8059
7055
8492
2853
11906
11454
8291
1849
1123
4223
5091
4784
7326
1414
3461
12190
1403
6906
9744
3591
1513
7890
7434
10566
12365
11586
2607
9559
12603
8693
8109
4060
11321
5958
6876
246
477
9028
215
12427
5979
3301
10710
12143
11084
4206
9205
6952
458
3367
9430
1173
5401
7319
6505
442
11287
7464
4527
1191
5179
6137
4895
12645
956
9836
10077
1896
7435
9245
10457
732
2601
6080
4652
2124
11166
8187
3311
11137
3532
8086
6841
10479
470
5480
10584
3538
12815
4187
14
5484
10346
12518
6576
6236
9066
7789
7101
10821
3154
955
12820
7467
6946
4854
2540
9789
9571
1237
10653
6197
8633
1352
11828
2481
9865
5504
3116
306
5098
9620
6918
9679
8257
5965
3238
639
8917
3785
7132
5139
1563
8096
4389
12903
10518
9391
12542
7423
2749
10008
3423
7505
4874
5944
5315
3050
2811
11338
11749
3093
1158
553
1681
4456
4834
2907
6936
8072
9021
10348
72
10115
1068
8224
12291
12760
2495
9700
10038
10776
8077
4088
9670
10257
12032
8788
9606
10387
12608
8718
12697
8454
2554
12047
11849
3905
4030
2149
6821
11812
10391
12643
5569
2274
4490
11541
7914
9404
7631
6599
11974
5902
4358
1751
7894
10112
6935
10523
7204
6244
8001
4433
6393
821
11881
8465
6397
10354
10413
685
9587
2823
8073
3332
11573
9462
7915
806
5426
5410
1279
2107
4550
4352
4131
7098
11826
12288
7199
10840
12977
12057
11865
4031
3895
3266
10243
2923
1308
3632
6301
4576
229
255
7383
10072
8214
11446
2592
1696
9189
317
11429
1281
7278
192
9115
4782
1837
751
9941
160
6796
9301
1703
407
9708
7441
4794
8962
768
3127
7418
361
7988
12633
7800
7676
7124
5466
7751
10602
11151
11289
2456
4475
12668
6513
7546
9776
2305
1814
1962
281
8030
3642
4955
9267
10613
1885
4331
3360
1027
3730
1444
12306
8247
756
12855
8802
1569
2765
10693
12821
7149
10941
11424
6629
3446
7253
7876
4332
9844
6836
7493
9965
1959
6090
5505
10680
7340
9664
7411
2683
3469
12273
5638
907
4270
1275
4134
6344
8131
8963
2609
2746
12949
4327
3413
3159
11562
9163
12990
916
898
2115
9888
7693
11560
8302
12651
533
6646
10105
5851
1131
2102
7037
5007
8959
8947
9054
6771
4769
1266
2100
10974
2677
6744
6793
9311
5371
12899
6661
248
8756
9063
6750
4799
4956
1759
12252
1278
5
2613
3524
12780
2301
362
8068
1145
1312
9741
755
5207
2820
12745
10689
433
4013
8156
2012
2138
3124
10683
12281
139
2023
3256
12018
2285
1522
1096
3272
11804
8296
1461
3926
11502
11380
8590
5506
9173
126
654
125
182
3141
8673
5942
119
11324
8661
12943
2547
7933
3510
9479
2570
10160
5673
10794
7883
1463
10957
4363
7736
10576
2685
11491
7660
1833
2596
12079
11539
7201
7741
9341
8330
1432
231
5858
10929
6928
8157
12989
525
11551
1942
10626
11925
3713
10818
9025
9230
2335
4675
486
11461
11510
5252
1249
6780
5033
5593
10630
7458
5486
3920
2989
5050
2764
12975
1657
3675
225
7115
11152
9083
6050
7588
8617
4521
10377
12075
11850
12887
11695
6949
6229
11258
3517
665
5797
7360
12328
5671
9414
9503
6380
11295
60
9041
4679
8322
59
7334
3250
7355
12266
12911
5320
1422
5463
7848
6383
3287
10677
6136
1943
367
682
813
8423
3187
1602
9935
372
5434
857
11308
7404
5919
11235
2439
7452
6732
12226
9760
2509
900
11933
1787
10248
2195
11666
7844
2219
7958
8472
7833
2993
7916
6181
2956
10738
10002
10828
6938
4730
1801
11090
6530
3858
4083
4678
7603
10743
944
4773
8125
5393
2474
11367
6834
512
6163
10116
12024
7469
4943
7027
10309
11134
188
3319
251
10347
1823
12034
9958
1998
2165
5972
9672
4879
8168
476
7560
11075
4753
6940
12553
12827
6742
11387
3561
7818
7089
9238
12929
6632
7186
5372
9068
12056
12865
6319
523
6983
9567
2041
312
1291
1022
7280
6276
10059
5027
4842
6873
795
2698
8864
2655
396
10881
1269
10824
3899
6307
2691
8434
7272
11889
10261
9242
40
7652
8447
1107
7474
1021
4650
5938
2595
12062
6196
9770
5193
11026
5189
8184
3128
12609
9591
11384
7011
4234
9861
5222
9098
9320
551
11857
9910
7628
6315
4980
4364
10717
12319
4458
345
2925
4529
3786
6848
12108
1732
2694
2357
12762
8235
2635
2350
4978
4226
5034
2891
384
12148
11481
10527
8046
9964
4208
9016
3086
7475
7638
6251
8436
8410
12574
5988
10801
4780
10290
11533
1567
4431
12615
6043
722
7750
12892
2991
2348
3409
2418
2520
12069
9784
7874
5069
7793
7099
10563
5369
12981
166
12835
4285
3506
2413
3239
3412
9408
9473
12872
953
1845
6809
6854
1380
7354
851
3310
3841
10388
4846
1122
3969
9191
11178
2801
51
957
1494
11615
10302
7265
8800
8833
11651
4215
5640
12532
4634
5911
6173
8349
2887
11833
8055
5493
9962
7146
3866
3258
1811
10661
6350
8475
4929
4487
8747
6087
7720
614
7109
8089
12971
4623
12287
7028
2589
8381
5299
9436
6807
5744
11438
782
8230
3874
8647
10875
12569
805
923
10647
7919
3090
11518
2162
11786
8983
3554
11578
3224
5779
7051
3949
9424
6966
3216
2272
10066
300
5934
1950
5684
5472
9093
2218
11378
5314
411
8690
12321
4539
1282
11447
11599
8665
2617
11203
4482
7495
12659
12360
8083
6993
9883
10926
5677
12562
489
11165
12729
3723
1333
1470
4552
11434
8803
502
7835
6272
6808
10462
11916
12099
11870
514
8095
10896
5996
10336
12228
7973
11307
6758
6594
4721
122
9143
5232
1874
3404
11752
4808
2680
10889
7155
2795
8496
784
1710
5693
8419
7805
2541
12227
572
8933
4951
12884
12522
5277
5738
6053
4748
3098
10035
1452
12684
4102
7166
11926
12898
5897
2152
12726
3979
10417
293
4966
7268
5048
5956
4809
10275
12626
11960
11135
5056
10277
6976
10100
717
1062
11232
7305
12671
1857
5450
9314
2490
3601
8846
1728
10
2155
582
4638
10531
2858
10994
10422
5662
2266
2692
10544
2782
10458
8188
7944
2831
5978
10504
106
11733
12859
7934
11932
8969
8048
3411
8859
2614
2176
10642
10950
6416
2408
1979
3583
5589
6188
2001
8806
7501
699
8575
5330
5549
2416
1684
9785
10323
3380
4059
3624
1954
5576
7976
6998
358
10649
10940
11691
6717
4998
4867
9483
677
4872
2725
5668
1075
11388
8092
2071
694
10074
6825
7267
4279
10091
1383
1948
1010
5088
1412
3703
36
5105
414
11969
3562
4491
6058
4564
8126
9780
8301
1425
5258
632
1484
9653
12042
6950
6611
7516
5389
4538
5089
2877
4712
3655
9627
10490
3248
4914
5018
6583
8746
6220
1485
6427
12007
5310
1804
6977
1564
5202
3453
10300
11248
11570
3012
10497
8851
1353
12675
4212
3473
1749
9055
8900
9119
3436
3178
10215
10944
12382
5814
10425
8737
8367
804
10239
5396
3016
6339
3838
8887
7116
8645
7271
454
8144
6213
1478
3673
1271
10334
2249
11058
12301
5319
5261
984
5888
10278
2779
2507
1953
4443
4350
5221
7746
6612
7648
11957
2883
9084
5878
7978
7502
5276
715
6879
12012
8480
8504
9986
11924
2099
11162
9804
11536
10934
6818
10161
10488
247
8216
603
7426
1409
11314
10166
8822
7400
7390
1097
4578
6749
5520
10786
6071
1316
11094
5012
5417
8942
6545
11349
9993
465
2631
12739
3341
9211
9197
5567
6399
1069
12180
4021
5412
5352
6882
4499
9952
7338
3962
5096
10516
6175
4958
5811
2553
10512
329
6202
9499
9709
9823
1592
12282
10210
8679
6787
9612
2228
10898
6788
8165
6693
10628
12622
9407
206
2674
8655
2121
600
7158
3020
11355
10087
5458
6288
3076
8350
4723
8185
6046
2544
2106
2276
1765
2854
9274
2762
7624
41
1972
7843
8765
6746
9997
3839
1166
7842
6115
1736
6089
4328
6000
7667
2123
11332
6364
11819
2802
1880
8683
9392
10016
2736
10280
8611
12945
12709
7442
9389
12065
10768
11705
4463
9921
10660
6664
7999
12714
12677
1560
284
10489
4005
1400
3136
11395
11415
11038
10068
5529
8929
6412
7917
4445
3290
3959
7070
12757
10541
9348
9076
918
8719
8774
10599
9579
10403
5880
10033
12112
6937
12081
8586
8329
12951
9807
7313
4199
4790
7913
1964
5636
9376
2077
5345
2372
10968
10262
8263
9933
84
3634
3182
3105
1186
12771
2500
4065
8407
2434
12002
1136
11267
3728
7709
3611
286
6074
1035
11738
587
1635
7473
11284
2530
7485
11209
6727
1167
1280
8607
1487
7763
6269
2619
9790
5998
7142
1142
6088
12455
2836
12463
576
4441
9252
1427
1118
6885
6336
9099
8163
6874
2447
11193
2034
3353
10991
6294
10431
4810
11246
9497
10788
2008
511
4032
11994
11183
6124
6519
676
1293
1518
7552
911
10325
11514
1667
7690
1700
7813
8601
4715
2371
4459
2078
4001
3646
12464
2513
5196
10574
12644
11909
7831
3957
7324
6477
3042
8446
11548
11556
5542
1660
234
7139
7126
3466
12555
7945
1016
579
420
402
706
352
4614
11350
5743
8973
5176
8275
3226
6590
3707
11782
6730
1302
5203
12305
12856
12061
6409
12598
4654
2982
272
4376
5072
4859
3710
11174
5292
3985
4497
2263
9515
5595
741
8253
3165
10735
8264
1637
141
2648
11717
10532
328
432
9052
7448
5591
6860
12292
8692
10316
4426
2310
2111
3143
5541
4137
7566
11836
1579
1176
116
2058
4768
531
2942
5153
8680
10167
11097
3990
8394
8722
1545
6019
3951
4928
9719
7764
11277
711
12534
11129
1960
1467
7623
6559
11181
12327
10785
2451
5829
6990
2338
3891
9696
1692
9109
6232
2397
7740
2117
3230
1992
5303
10616
4691
9572
11260
6957
3751
10674
11302
8269
8252
3692
12233
2636
2391
1002
12635
12842
2166
3470
10230
10992
12419
6472
3712
5348
1965
2784
7093
8464
6405
237
7256
2556
1077
9644
3796
6699
10668
9771
8836
2141
9562
1722
10252
7710
10322
3822
6844
4424
11187
7312
4763
1550
11297
8816
11428
8314
10040
5526
6731
4158
350
13011
2143
10517
7862
9444
1451
7797
8634
6795
1674
12171
12931
4404
409
6703
11942
2092
11288
10081
9328
5560
12298
8505
8706
3263
2666
1673
9486
6392
9867
8373
252
850
5704
5639
8998
3915
3809
4899
1482
3113
9110
6919
796
4472
12278
8798
7071
3029
5078
7738
299
9492
10708
11254
8897
6128
12710
12829
3516
3163
818
12286
5038
9398
6842
12758
7376
12794
7758
6424
389
5632
12795
748
10819
10555
8115
5122
8707
6792
9729
10150
4029
11660
7076
3824
7219
2170
11861
9151
3867
598
1019
269
5145
353
10770
9425
4449
31
6418
3976
1844
3733
4981
10343
680
5497
4394
8849
4719
12117
1489
12188
3333
9724
7953
8966
5771
710
6816
5237
50
1970
11764
4944
7182
6302
7878
5082
261
6901
5649
5158
3296
9954
2116
4246
8053
7870
4519
757
11670
9538
3245
12086
10534
8107
3631
9157
92
8507
7962
10593
12941
12501
4665
4244
8749
3285
6345
5570
10856
9972
7445
3058
7946
5780
5872
3609
368
2199
886
9806
11901
8760
6370
9335
7642
11463
95
8605
1558
4007
7388
2895
3780
504
4635
10826
201
12846
12015
5044
10267
1213
8283
11057
8158
12347
11534
9321
9851
5337
9766
12310
12295
10765
7528
9174
6777
9510
5821
4148
12197
3381
1091
7629
6686
4023
2347
3087
10333
4372
12810
3284
6451
438
6234
7675
1005
8536
8196
1802
3831
9682
3440
5421
7363
3283
6769
5707
2557
5046
4972
1800
12189
9461
11009
8880
2563
3817
5116
10836
11723
823
1098
9363
860
558
11605
12017
12882
6230
11195
3383
5377
12600
4150
291
10959
10039
10029
12687
1100
26
2715
2628
3451
12440
6773
1949
11142
419
6119
11649
8758
2850
1244
1366
3598
4182
9007
12297
1386
2718
10487
12422
3095
8954
9552
5376
1680
3913
8217
12587
3938
12092
881
3826
3760
4292
4090
10032
33
3102
8941
7105
10332
1430
9122
8971
12548
596
7918
7084
1618
10862
11910
2153
816
11218
7069
6822
5757
1883
6649
6553
9030
11029
7120
3414
2146
5051
8721
7039
10102
6630
8627
11784
9198
7130
3871
12406
3855
6623
6582
5003
2955
2588
10048
4147
9532
10108
7396
10829
429
4435
10493
520
6143
822
5574
9155
11785
1755
7752
20
6075
10465
2829
1154
6800
8946
2705
2723
7564
5083
10364
10795
9890
9911
11895
8120
5985
1053
8976
6657
8227
8823
1706
10650
471
6448
913
11789
6292
9590
5057
11808
1347
1937
4694
3225
6305
8151
10815
10096
9471
11361
1911
12533
10356
10988
12761
4167
10340
1495
10024
8143
6054
1628
8530
8154
7691
12621
12953
1377
615
6641
10080
7671
2522
152
5026
1490
8925
5608
3351
10163
4160
8167
11273
2640
9413
8951
622
338
10750
7538
2696
5678
4744
8556
11761
10022
1665
3708
1314
9608
8631
3336
9528
9988
9353
3150
4002
12451
6485
2805
121
1537
1265
9535
10508
11214
5476
9540
9118
7714
5901
12526
6656
1867
6729
2048
6958
5533
8827
8863
5244
4284
1207
12379
8248
5980
12840
3709
4254
6382
10777
9621
5629
5326
5886
5287
9450
10851
447
12272
4904
8294
9382
379
9317
3275
12153
8670
7468
5986
319
6806
12302
9570
2537
6701
8319
10056
10173
10799
10182
855
405
8952
5047
1023
3236
3100
12547
7829
1379
12046
4798
12612
6608
1193
10901
6483
3555
1528
6953
10492
12134
2521
2615
10945
8598
6006
11589
6105
9491
10579
413
5645
8539
7938
6478
8681
61
7373
8508
3769
12568
11191
2629
1320
1938
3504
7521
765
10927
2405
11955
10432
383
1872
5379
11093
3883
6100
3024
7733
7543
811
5363
4068
12486
1596
11433
4546
2322
2908
1479
9097
8207
9994
966
4581
8148
783
4792
128
6626
3579
11767
8663
11608
7417
3726
11049
8206
2838
4739
3753
1694
4518
8843
12139
7308
1498
2806
8017
4434
1990
3983
7598
10196
6183
6401
4621
10546
1204
11663
11475
2983
4200
2881
7683
12654
2663
5551
5294
8993
10143
5247
9059
4036
11763
8177
7180
2848
11396
8067
11981
7217
8766
7348
5441
4278
1778
3661
10317
5607
1150
12434
4959
123
629
5471
4547
7586
8309
6333
5118
1594
8485
7707
2343
9493
11576
2747
12322
12435
1223
11583
5063
6321
1870
10884
8229
346
10947
9386
6378
4822
8209
11159
1049
6198
7697
3431
8334
12140
6205
12307
3255
9069
12920
9533
5286
10863
4847
11508
1810
1575
2288
1705
6931
7708
9629
6335
7106
7167
8906
3418
8458
7514
11732
12814
8898
3885
3911
9691
11230
7823
8513
2713
4135
3007
8730
1151
1724
7259
11851
7665
3277
5849
8484
9310
6114
3014
4848
9791
11834
9170
7419
5993
6211
3766
2769
5690
10639
3223
562
3072
1505
10758
3439
4566
11966
6753
1717
12793
1626
12407
8489
7570
8609
12277
8899
9604
6144
3475
4312
3650
11943
9282
7943
5532
2741
10802
7421
4507
7490
10320
1240
8503
5172
7649
11907
2717
9957
4973
5995
10444
943
2979
9948
7487
5462
10732
9947
2649
12704
931
3725
12409
4942
10065
10117
7627
4735
11231
11102
7377
10026
1202
3060
11150
12830
6450
12211
5963
2574
2735
988
11940
169
9362
5962
11998
6004
7489
3802
11931
578
7540
3022
1764
2532
3153
3944
835
11059
11946
5887
365
6961
2517
3934
1105
3271
1208
671
930
3693
12799
9281
9714
10892
12987
6557
912
11791
8948
1881
422
3521
3916
6013
10335
5380
8797
3789
3793
4572
6916
173
10118
4770
2576
11806
11563
2773
1978
11728
12520
8890
1529
6438
3596
12849
11220
11091
3214
10737
7022
5905
6221
8345
490
6987
5368
7399
158
4785
11928
9547
1424
11406
3206
6689
9460
709
5236
10423
852
5949
3192
4190
4081
5865
3027
5425
902
3770
11054
1971
10156
9150
2406
9077
5627
12889
10648
3488
7187
2095
11364
7016
12978
6151
5705
4800
9657
3644
9154
7191
5899
2974
3458
4605
12137
6995
7078
3929
10147
9869
8212
12477
2280
287
10996
5112
191
267
292
10439
9956
5833
3834
399
2476
3743
12235
9683
4560
9046
8430
5768
8409
3654
8176
467
12323
781
3996
6652
10793
12664
9752
1104
1084
9632
8056
12187
2049
3369
3582
6270
10575
594
7346
10363
5418
10711
12398
8950
526
1666
8626
7506
1726
6311
9488
11052
5930
9428
2667
10165
5558
10918
8888
9525
814
4195
501
3398
7277
5783
6110
4496
11098
1351
3487
10460
11439
5282
517
10561
9496
381
8883
6650
11022
2943
8108
8062
12979
6337
4643
412
11824
786
9219
11679
3556
7529
9268
3109
12263
6391
8327
5682
6257
11714
4012
5715
9439
9192
7661
539
1554
2381
3558
2000
3854
6312
4573
4725
7123
6498
2863
5017
2970
11457
2668
2317
1292
12336
8414
4173
5740
2580
2127
2930
12851
10843
10771
12843
12299
8784
2837
3345
6840
1284
11818
8231
445
1013
7042
2664
9247
8986
5823
5415
1087
3406
790
5125
1015
2171
9316
3896
2975
6387
11390
10000
3434
5452
7634
743
8377
3282
2349
3276
11096
12660
11671
8006
7841
4660
3249
8422
5201
3697
7520
3790
1699
8743
11305
9992
4986
5144
7287
2393
750
7761
4862
4569
9539
8588
2403
6186
10658
6622
12191
96
7682
5921
7787
3787
3779
8717
4934
11312
11673
1462
9169
2243
10120
6584
10967
7801
2085
7923
4698
2411
3536
12556
2726
1125
1676
4484
11021
3028
8213
12216
3069
7591
2050
5197
12862
7530
12245
427
6129
4269
6277
4373
3705
2182
8236
12624
3217
9057
4469
7372
8146
10834
302
11709
12907
5758
9207
12068
4267
9132
4164
9565
5769
7581
9489
2792
3246
2311
2109
919
12383
10873
12369
7484
4378
11477
12708
2817
7412
10272
557
3842
6327
12388
6826
6591
10327
8939
496
2708
10233
6812
6209
4415
6843
11243
1713
740
5728
13
2132
5101
1326
10394
1636
8879
3777
11954
6152
2508
774
11383
6964
4388
6138
7317
5323
6692
10027
880
1455
6431
11552
2825
10128
9748
12744
11399
2501
7242
2519
10350
1510
7478
2897
3936
7669
1029
2291
4082
11328
5561
2331
6289
10698
4481
7725
9255
9681
5499
3247
7678
37
5445
6620
9800
6002
9647
5436
5218
815
11689
6575
9742
2442
5477
9919
11821
3614
4945
1734
11002
10004
2384
8694
10194
11741
6615
8736
2729
3138
4741
6698
11653
12792
3800
5672
2261
10130
7030
8587
3479
11525
11285
6561
704
3636
1711
10017
9798
5268
7064
11394
1061
5331
6866
11598
5893
3918
115
1840
9202
3737
9526
2007
5257
1306
5622
642
11920
9881
1082
7997
8047
3848
536
12646
10214
6287
2543
3253
853
9200
5813
4214
2489
828
10567
2478
10271
7254
11607
7297
6835
11825
2562
1194
5102
3992
6279
7375
6651
6425
5683
10312
11718
996
9346
10993
5340
5002
5054
8574
1115
4616
6902
5521
12658
9950
8093
426
1121
10321
1866
1740
12904
11064
7827
11958
12557
6008
5626
1548
5507
2052
264
10228
12362
11549
4593
8641
7614
3294
10473
7466
9032
5869
4232
5225
4188
12240
11953
9451
2965
3754
8773
1544
12132
9300
3323
6204
12839
9318
7727
5259
11358
9020
8295
1074
7657
5982
3437
894
10030
6094
7863
1250
1678
3110
4851
1239
12875
701
1397
3374
12806
6067
7830
4276
9250
3946
10207
10184
2518
6635
167
11866
10820
895
12085
1947
2605
2471
11204
7756
970
1317
1305
68
7755
5924
6078
6499
7498
5846
5877
10609
3481
9190
9580
8487
11196
6474
6394
837
7719
12176
4492
945
10193
5578
10545
8425
9931
6889
7519
2594
7486
1715
10003
10291
4107
997
8700
7575
12471
4939
9383
10142
4700
1831
8653
12071
9024
1988
12094
5032
12982
11007
3984
2460
10178
12315
6158
7821
9086
1754
8443
12647
4673
4762
8039
4803
9976
7567
754
6518
9930
9258
2862
1073
10560
11540
7644
8535
5954
5302
5131
8519
2815
7963
5732
6828
3317
5601
11968
12232
8825
9264
4919
12742
1321
3373
10088
2358
7587
9680
9186
12443
1059
10446
11830
7172
11342
1318
4909
3550
12482
4946
7127
7689
4619
11275
11610
5946
10079
1070
10604
12487
10200
6057
7014
10900
4260
12567
7190
4174
8101
1354
6365
6164
4786
9113
5281
1472
6515
4337
12418
10047
1712
937
7698
12242
12968
11087
5293
8372
9120
6596
10773
3981
4360
3720
5168
2505
4845
7982
12606
11683
4298
12940
9585
993
11962
6408
7261
2514
12009
2687
4025
8357
11124
1538
1263
120
10849
9991
12022
5224
8630
3167
674
7765
5883
9309
6132
6733
8669
4466
12512
6259
8992
10533
2441
10011
1000
5004
9626
9061
5714
2361
8226
2440
8953
1303
7754
435
5646
222
5928
11796
11392
5552
5692
10663
3910
2318
1111
12120
1614
11322
645
5160
8280
8043
4346
6665
3610
4672
12115
9663
3467
3051
2239
728
6542
5060
1577
4562
10213
926
410
2627
4881
11758
9856
2548
2178
12718
1471
5334
7366
3196
5354
249
9284
1973
10198
11376
9380
3158
10913
4152
7912
658
1481
2920
4452
5573
7382
7798
10779
12165
503
10987
12104
4304
6766
6283
12972
7730
5648
513
11600
5935
10827
6011
11987
5862
9112
9326
11722
8501
2496
4812
1607
10521
5029
4927
2710
1622
2366
7329
10389
12300
9735
4657
3694
12231
9855
10358
4239
4305
799
4238
6573
3045
6372
4341
8399
7237
6363
1042
3171
11617
11148
7885
3147
478
11747
8699
5327
3378
1431
7244
1747
3389
242
854
9178
5055
4011
2905
9477
7176
8600
11708
11787
10476
10172
4210
2222
9891
583
1315
8727
2096
9056
6891
8481
1368
12172
7597
6757
2972
11325
8133
9932
3676
8650
8469
2976
2813
4612
7332
5766
3085
10666
8625
3243
4778
7539
3741
5487
8145
8321
8203
8524
12700
2410
7635
9082
12909
10716
3564
9558
9548
2465
3806
4294
4119
5110
6877
771
403
10797
2591
11602
8346
9397
8149
1912
8525
9799
5816
3921
6243
12741
7403
8268
4936
3354
772
3385
1735
9241
9361
5534
11010
950
11837
1983
693
3429
7451
5020
832
4330
12766
10097
8767
11005
7285
3695
4508
11200
8516
866
4534
8742
6015
12339
11219
8994
78
9687
2512
12399
2879
7331
10798
10917
1930
8608
7179
3180
6367
7668
8804
5971
3400
8990
6325
7491
11042
6338
599
49
1283
1110
7645
1037
3370
1192
10783
10951
10865
3696
1776
6747
9834
8180
4776
4989
3088
4336
2984
8733
27
2999
3718
12560
1408
5141
6831
11167
1887
2175
4826
1603
4995
11871
1201
12997
4674
11734
9259
2240
10183
2367
11487
2482
3797
9194
10453
2201
11690
109
2851
2388
10051
11106
8159
2875
5367
11205
5799
4247
12182
11681
7525
7931
4915
9203
324
11561
5695
7956
7299
12128
180
9222
1211
7526
8008
2778
7392
12809
3876
8520
6789
1299
12026
10822
7018
7113
8582
11875
9896
1642
4647
1536
847
5603
12964
3888
185
4069
9872
3185
1227
10742
12764
2611
10482
10491
8936
1355
10844
10509
363
10634
7241
12970
8660
11711
7431
11164
8467
2608
12653
8834
808
3750
6560
8112
1727
12756
10887
1527
12203
7150
10624
9431
1566
5822
10936
8509
10933
2251
8442
142
8402
5663
3421
7298
9022
9582
8303
8245
11852
10411
7066
12041
12215
6406
3892
1625
7453
6021
4828
2988
2224
1148
11110
9500
1682
8002
2208
10140
11225
56
11531
8050
6740
1504
2626
11149
863
2727
2927
8935
6189
12222
6820
9862
1437
4121
10551
2774
3927
12754
1652
4817
9871
8544
12682
9457
5518
2278
10587
12239
1468
4509
8934
1066
11688
2244
13005
10086
12479
6672
8924
3190
3402
4558
12475
6597
2209
8731
10943
7286
2572
5382
7345
9969
10976
7212
3961
9660
5933
6092
3455
4925
10701
4168
4607
3344
8205
6861
63
9467
10398
6351
322
11596
1363
12474
1605
11403
1737
10159
11488
4403
10372
11657
11990
4931
6130
4755
428
4777
4365
271
10459
11227
5676
9601
2786
8622
6030
5384
3408
4483
12955
441
8618
3299
4252
5555
12250
532
5709
12825
2932
4094
3403
11122
8312
3821
11030
7957
1996
12552
5423
11776
8383
972
7314
5239
11542
3350
3657
12248
1276
11550
11329
3078
2394
4070
12679
10001
4554
7342
10155
10924
7732
11479
5210
1197
10402
9511
12249
53
7247
11921
7358
6910
4243
4974
12717
10050
1890
5727
3445
10132
12279
5565
2586
13001
8858
3346
2699
11988
311
1803
12868
1198
11460
2929
6719
22
10838
6900
1892
2931
4629
10687
8912
1598
1102
3508
8547
11668
4530
4261
5211
5809
6237
882
3900
9655
475
6047
8702
6568
8646
6368
6491
1401
6371
1786
9229
10688
11765
3015
8876
4203
3671
2196
2083
10833
3775
3557
8686
11760
10157
11587
8999
714
5342
3386
3057
11500
982
2400
9365
3261
10995
8468
990
10654
11567
1919
1868
323
4920
9010
2130
4501
7181
2355
10730
10139
2144
1101
3160
8045
6634
8397
11720
5525
1530
4100
6222
9546
3107
9894
1895
8355
10306
5075
6264
5687
1413
12212
4343
9951
11034
4802
10949
8526
2653
3653
12124
6637
6552
733
736
11544
1609
1031
4738
12787
12405
1583
2953
10986
2321
2954
6548
395
1043
1936
8070
3
5296
1861
5703
5764
1669
12318
5453
9820
2316
9105
11972
2780
485
8204
9934
9472
10414
2750
9796
5594
9096
10620
326
11614
2621
7523
809
6025
2618
479
7715
11809
4772
10055
9750
2363
7068
12476
6290
9718
1584
12166
12864
66
4289
779
3259
12412
9611
6017
2582
1048
6610
9285
12706
5298
8134
10570
5527
708
8
11593
12261
8308
3036
2599
8549
12592
12776
6898
788
8931
4185
9779
10452
11795
1663
2487
1515
2270
11083
1090
8470
8057
7092
12074
10265
4384
3509
11202
6702
2783
3612
3756
8841
1346
5301
1474
1975
11523
10686
437
11123
5289
5784
423
8341
7646
10982
5081
5659
8789
2739
11769
12031
5609
7717
11707
15
3457
12426
12417
1420
7026
7152
3031
10382
5860
8273
1897
2314
3112
6914
4067
10709
12023
12876
2997
10110
6948
8494
4970
12256
12366
5212
10854
6908
4039
8877
6979
12370
2620
7009
3702
5084
5836
5967
7643
7839
12363
12563
5129
11999
1561
4417
11089
111
8351
8597
696
11725
1460
1112
9004
6994
8186
7482
3837
8340
8571
11199
3526
13004
4823
1157
11494
7851
4708
12472
506
3672
10556
7941
4253
4724
6304
11636
12003
1395
10314
1969
11572
2581
3174
1012
7599
6593
3745
9094
697
12317
6815
8651
5414
4967
10985
6310
7920
9860
4163
9507
10410
9164
8324
7937
2712
1004
81
57
1539
12930
7969
2118
8926
11719
1288
630
10212
10294
9551
1182
3603
6511
2644
11505
977
12103
12974
12618
9822
8616
3356
10345
1450
2453
5190
6723
6618
625
1843
12039
11876
6926
8118
762
6436
1793
2549
7198
1242
4656
7041
10084
3844
8433
10842
6679
5618
5818
7357
12857
1921
325
7512
716
3875
8821
3038
6300
2297
9124
6554
2852
8514
7788
11571
10195
9148
2264
2571
10823
7148
7880
9639
270
2039
10061
3415
8779
9512
1092
4398
5737
4198
1384
8787
2158
8970
343
2446
5790
3873
3114
321
4883
1407
7374
9676
12063
10076
10386
9866
11631
4528
4118
5931
10573
11970
4079
4124
8201
1304
10894
6324
12523
738
6759
6956
11888
2433
12442
3540
10767
11035
8840
4628
8474
11116
6535
3677
4335
12511
5898
8290
8662
7767
6735
10268
2499
2602
1900
5213
117
11840
8624
9123
8594
19
3621
4591
5114
8696
6725
859
10922
2262
11237
9944
9449
11650
4693
12960
7980
12788
9031
3533
5215
11409
6913
7315
5867
12326
9171
245
5847
12101
1172
1287
688
6851
3070
5136
10342
12316
11868
1746
509
9927
4169
5309
8438
1255
4416
8208
6199
10667
9793
12000
11061
7747
540
5691
4089
5180
3971
4235
11655
3328
10258
2306
10910
8211
9697
8026
5123
11239
7994
7496
9356
10181
6653
10751
1989
975
8335
283
12048
127
11011
2654
12324
9753
6580
1532
10598
7110
10891
8241
12028
10912
11482
10637
12168
11470
374
6832
10963
8199
3832
3191
6827
7837
2732
2827
12895
6111
1910
2832
2646
12774
1517
5437
11890
3746
6262
38
9002
6791
2880
1742
8558
5011
4701
6550
8570
5535
5274
7950
5876
10498
9294
3604
4606
7600
5013
12059
6497
11489
12883
10426
1701
5117
4870
12170
9939
11712
2385
4667
10007
4631
5206
12999
5700
4140
8523
2057
4797
7269
571
11677
187
3594
7465
11829
8431
134
11820
4136
8102
8246
12498
12133
5807
7905
4286
5443
9421
5062
12391
8427
1246
6258
10331
2475
7783
6247
12119
6145
2234
10352
8498
3286
5582
11233
5025
7605
8881
4132
12736
6638
1543
2662
9545
3587
6254
4154
1220
4595
6486
11640
10082
8560
5161
9835
6896
10359
7463
4080
10441
10816
10464
4648
10962
10562
2884
11643
963
3130
3444
8382
1108
3252
11546
177
4975
6400
3064
3689
6927
11379
8063
2558
2220
218
5067
2603
2168
5431
1891
11177
8908
9728
7922
2857
9168
11431
9913
1693
8928
8603
1952
9814
6379
5346
1159
4300
1311
11435
4907
9218
3581
1939
6267
217
5059
11436
5866
746
9684
11351
6925
4287
5819
9843
3169
4430
4271
1991
2962
4710
7517
12657
6642
876
2203
8111
11340
2917
10695
5061
6883
4316
7960
1298
9153
5336
1319
11197
11419
3034
3901
10236
8537
7910
2697
8892
4880
6996
12906
11114
9787
9849
3783
9669
10249
10812
3649
10791
2659
12713
11008
8127
9161
10310
7664
6479
13009
3617
3988
10679
10301
11983
7350
7370
2237
10353
9517
5554
9304
3462
10049
3537
7507
1262
1369
10749
3384
6142
10920
7405
3338
9825
7925
6331
9522
5095
10837
5841
2643
3094
4586
7318
12591
10209
2364
12424
2847
5792
12456
672
2969
9074
10590
7887
4326
11848
9662
5474
7415
6838
6241
8621
1879
5171
2909
4982
2258
3355
10454
7175
11405
7225
3590
5969
1662
1071
9188
6052
11827
12804
1608
8297
8287
6026
12946
8943
10522
16
8160
8910
12558
7592
5273
2510
9162
1459
12673
1999
1322
1863
9722
5427
1671
6555
12850
10378
5106
739
5844
8084
8311
1995
6464
4860
1534
2860
2253
12358
5926
10164
2525
10610
3878
7942
3794
3640
7780
7699
4480
4567
1339
1640
9725
10292
11892
9677
1325
3035
1933
1914
12202
70
3308
2226
4844
1967
619
240
359
9017
1624
3433
12144
10958
623
10145
11971
2861
797
2873
5712
4407
3274
11369
3566
11967
10554
909
6658
11811
155
9484
11354
3379
3997
952
9943
6674
10603
12437
2281
3122
4062
12043
448
1286
6165
11626
9907
9152
11664
8768
4668
5170
10122
7422
6317
12384
1088
3820
6303
7792
675
6857
11637
6328
1393
2624
11591
10180
8809
6678
5155
4585
11788
9072
9781
5115
305
1961
1582
3660
468
8386
11472
535
11194
55
9689
1371
7522
7134
10806
11331
601
143
5812
9797
9367
6042
12490
1476
7075
4151
9885
1958
9812
3041
12040
8975
9073
2906
1113
8796
7734
9359
9563
2463
4983
2946
3322
7633
11079
6265
282
1753
995
6666
3956
3815
9874
766
10581
8595
3025
12453
2871
1552
1731
690
8711
7535
7811
11240
11315
202
9763
5859
2148
10137
749
555
11911
1137
9659
5713
2084
11373
8542
12836
8814
10548
11045
4202
9945
2369
3619
8610
8577
5229
11298
3117
421
9630
333
351
2154
3757
11111
10559
212
5300
11117
10430
336
5066
44
4831
659
5922
8342
6628
3774
8020
8385
4241
9023
4356
3483
10092
4871
862
6029
569
4709
2647
208
3424
8147
3145
6323
3410
550
3518
11036
9494
8930
1661
2995
5624
11055
6532
5235
12246
712
5974
12387
7477
355
11271
938
1549
11704
1146
12539
2916
9228
9775
8105
6384
8500
6617
9283
3776
6598
8240
8244
6697
11041
7550
2337
2612
1830
12783
3010
8567
8049
2709
5407
8315
3958
3515
10723
9777
11768
4841
12195
7444
9117
12466
4429
8576
11841
7306
9846
164
9912
11936
3567
4191
1757
11584
3808
2003
10486
9989
4461
3840
11056
9985
5670
499
10442
11938
9373
4033
7476
11739
5253
969
340
11930
8488
9878
11222
4242
3682
3218
7356
9847
9840
840
3233
12320
6839
12269
2940
11453
8839
11807
2706
10062
11823
103
11929
11939
8437
538
10915
3004
3994
446
9863
4162
198
11978
3006
9463
4050
9519
6357
8166
10529
933
1161
11754
5071
6246
3853
9263
10832
2822
8543
4175
1997
1189
4306
5501
3059
1163
5623
1054
7630
1555
1089
11095
7347
10537
12905
11100
1375
12826
11019
5479
5195
3597
11048
9967
6859
2068
11780
12177
11759
7926
12582
7108
3189
4422
4580
1253
3942
5884
2676
3690
6696
11144
7615
5387
9908
12113
2751
8856
8545
8161
7606
12060
4085
12473
3932
9864
4437
459
3577
5009
11397
802
1580
7555
7951
8082
5409
11241
3103
9524
9246
9432
12817
3357
10451
9396
280
7886
2198
1923
6631
7729
43
4047
10263
10641
6374
24
8591
560
8336
4196
398
8871
11140
8027
7769
9726
10965
5157
4143
4788
3698
573
12752
5519
10772
6892
9531
6064
8348
254
8813
10690
4486
4804
10727
12129
392
2450
2686
10152
8078
243
3864
8769
10162
5765
6724
10582
90
9452
3884
1719
3860
580
10009
9782
199
3627
9898
488
7420
11644
11864
6403
5778
9518
7724
7921
3262
1899
2399
4342
8441
11291
8772
5857
6099
5177
2968
4077
6529
2793
9440
6647
4789
12290
1359
3503
360
3240
9963
1402
1650
11900
1273
1491
9272
8497
6192
8462
10241
3371
3773
6538
12802
8110
7855
10745
7391
12484
2094
8870
11176
861
7339
4645
8729
12935
7705
7316
9352
12639
1781
9821
1641
4807
6460
11913
3264
3945
3813
417
13010
6980
5074
7029
12285
3229
10853
12902
4579
5731
5516
7745
11266
6340
8812
3450
2622
5694
12357
1442
874
8762
12890
9322
7518
2185
5681
8404
11280
11746
10098
4451
2661
11269
9070
9131
5148
12723
661
9909
707
2866
401
6893
342
769
6639
5256
6654
11128
6256
11292
719
841
8200
12665
1083
5697
12969
2610
939
9468
7820
3759
4722
2755
12156
6233
9982
9556
5416
10396
10938
6249
9008
7057
11513
5667
2328
2914
878
11188
7450
5596
7302
7568
2947
6510
5092
1259
9256
7616
12950
9757
9019
3203
829
3559
4096
12445
3645
8396
10759
5722
2180
11028
1944
8703
11468
9786
6912
6174
9671
12229
3208
9737
12077
12251
979
5917
12672
3306
6297
7471
1139
1756
4891
2918
7222
11904
6072
11168
335
12497
10569
170
8270
10319
5149
10931
8266
9303
7074
6326
309
11092
1228
8754
1245
8701
10850
4819
3740
3519
6991
1508
11362
1769
8435
9801
9254
5307
6547
1838
5378
1423
11236
9377
3221
10251
4329
7626
1799
6720
11582
6981
662
5399
8416
7480
4639
7156
2864
3091
11206
7728
3432
6540
3548
453
617
5760
8142
7609
6131
11956
3812
8751
4264
5992
10197
12174
4027
11886
3523
10113
9139
9922
2777
9875
3080
2882
9925
10886
6354
8122
7964
6036
2421
6225
4106
8956
144
9805
8778
3903
9586
7899
8000
7119
8895
8406
12504
7266
12138
5604
5391
7215
12225
10781
585
2788
1329
1188
5488
7138
4367
6187
11306
8752
9953
12465
8491
8119
4620
11335
9276
10383
6677
82
10790
6275
4624
2936
4577
6112
773
8989
9210
8450
12438
9583
5317
3441
10421
11843
7223
1547
6790
1392
304
9521
1581
46
5631
11984
934
1730
2865
4339
2597
11476
4104
5467
3003
12431
387
9826
9674
2679
4320
4877
12193
7233
2824
1350
11858
5612
5324
7617
8678
11088
9147
11013
4323
7038
6157
7234
8979
12145
11592
637
6068
2289
8035
1695
5723
7135
12985
5583
9649
8182
6023
5749
4108
9290
5517
11698
8195
9405
4476
6443
7583
3823
2325
7425
12925
1338
12696
3937
8190
5951
7893
9249
10223
7718
9767
12634
3330
4028
4194
7544
5559
566
2950
3125
6012
2172
9716
6356
8977
2819
4462
10694
7875
1183
10400
998
9060
3325
4541
10313
5152
391
11242
497
1133
3292
5341
610
9042
1046
1902
2320
3998
7301
10149
924
4588
12352
5079
2772
12436
4692
3714
1309
7579
3534
5661
8548
2126
5546
6481
5419
7359
8175
320
12446
10220
608
2423
12986
7854
