10955
11208
1987
983
5147
11110
1617
5720
11024
1358
8909
10671
11465
2839
5716
1447
12617
9339
5381
2818
10640
12311
1858
9837
3485
8362
9602
8972
10583
12288
8044
3652
1741
7195
1205
9703
7463
4853
9673
2174
9833
9488
5085
5375
2433
6566
12959
3144
7380
2612
4015
8975
9354
1469
7806
6569
9111
12769
6685
5940
2616
10141
6602
5242
3093
12898
640
8509
909
11681
10208
11803
6490
12727
7344
2202
10246
7872
216
5915
11997
588
6387
2705
8330
12095
6040
1257
10997
1037
12564
7012
4952
7218
7239
3387
1057
11028
2761
11616
8359
12089
23
10974
1327
8176
253
9773
987
2010
10211
7151
5150
7263
10689
4184
1180
10189
4347
6661
4755
2693
11080
5985
10278
2528
9108
5719
686
1385
1699
1294
3955
8705
8270
4084
5587
5895
10787
3335
7391
10467
117
6963
12650
2573
11011
9680
7414
9487
11317
203
8239
4496
1515
11075
3677
10240
12461
7479
5119
4202
11352
1439
8531
1440
12026
83
3288
8455
8572
10047
636
10678
6527
4156
11877
7952
4128
12820
9429
10625
1455
12353
5960
5335
11173
11735
12850
10183
4490
4096
10655
12825
6592
1033
5080
8043
11806
9866
6687
11125
11045
7211
9495
11779
11838
11226
12814
7877
5837
12131
10636
9701
22
8253
4913
11993
12918
7237
6352
1851
3765
10798
6139
9393
6528
2252
11365
8436
7137
136
12520
8658
10327
4433
11687
4162
2188
1884
6200
6789
12660
9793
10374
1022
11416
11980
2348
319
4967
5474
11077
1463
10192
7274
687
6526
9302
7550
5008
655
6196
3019
11889
2731
2129
3616
9143
214
1370
12867
7666
8698
11178
7619
5678
11109
11666
2104
4791
818
1847
5717
8996
6682
12593
5040
8692
10021
712
2846
3241
5702
3769
3762
4829
2431
3692
10010
3563
4526
11062
7320
7166
6229
7897
2511
303
8268
2809
2485
1307
1901
12674
4017
3918
7108
10060
2457
8849
12775
1782
10987
3776
11374
677
1794
424
8440
6238
2125
7650
7008
10708
150
7867
1215
8104
9204
7610
11565
10064
10544
4543
8808
9458
2134
6578
2709
11985
8570
938
10764
9877
6291
8642
325
12381
1797
6104
6671
4408
4544
11182
6762
11782
2392
8826
10896
12324
5442
7466
8541
2263
12364
4314
12800
2613
7446
12718
2060
6154
6770
5037
7901
11493
2464
8288
5214
5121
10938
38
11751
1040
873
1129
12468
12866
7710
11648
11450
1056
3490
7045
10533
1804
1663
9051
11918
12057
7956
10372
849
11637
9674
12851
10980
7148
10804
10991
3293
6533
4164
7907
11221
11604
8059
2509
11096
6693
10072
1862
3862
11410
6239
6785
12789
5113
10903
12902
12583
11355
2534
12009
11821
11756
2547
11085
370
153
10373
6175
3162
8623
7554
11893
6780
10513
527
8766
3540
1894
7126
7456
11101
3964
6643
564
5216
7011
6751
7382
6726
11251
2796
10897
9194
6545
4815
7986
4413
11148
5296
4999
3791
1309
5723
1816
6563
9791
10784
6344
4633
7928
1935
12838
11386
5802
10346
10393
12569
7773
12516
11798
9175
12489
6231
11250
8955
12355
7915
4681
6771
5412
12957
7548
7350
6336
8378
8133
12730
7202
6541
1813
6846
7858
9976
3263
8892
3552
8360
4136
10853
1799
824
8750
920
6195
12506
4738
5128
1402
4293
9349
4331
12858
4498
3499
5010
5153
8659
2762
3129
1766
12181
8790
4680
2857
7247
13002
2800
7679
436
11333
443
7379
2034
2101
11691
839
4560
6135
4253
12226
10792
8517
12986
9834
7725
10612
6453
2040
8430
10996
274
4744
6610
7895
11162
5804
2165
12447
10809
12315
9969
3835
2354
3625
10162
2812
12218
7864
2235
12717
8609
10379
12493
12322
9638
10256
5873
3242
8511
9291
10643
1394
11846
12628
10939
309
11000
4151
4996
12318
2885
8807
8605
6754
8287
7667
9482
11345
3214
5574
12412
1093
11672
3030
9599
9597
12271
1238
5706
4460
12198
6061
10962
6251
2089
9079
4742
12885
5501
12152
2374
11021
11628
11684
7874
7161
12416
7229
8029
1237
4298
2668
9201
12394
2493
9906
4145
2341
7669
4922
2201
8644
12548
12277
2428
5186
8343
5765
6733
6864
9250
10910
9740
8356
7621
9181
9066
7533
6705
8377
11376
2629
4361
143
3930
1986
10097
4555
11951
6786
8643
9960
4578
7111
11278
1914
12688
9211
1826
3460
8838
7936
9895
3114
11400
11930
6975
9203
2675
4200
2422
9999
9747
10475
12582
12666
5771
12450
6395
5961
10061
7215
3342
4716
8557
5011
4789
11276
1140
12597
11308
6738
3153
10497
4334
6018
11219
903
4352
4985
9286
10668
1526
9631
11611
257
7734
1906
4335
12414
10725
9332
8902
570
1808
3768
5987
8903
6257
6455
8122
11797
4669
11174
9700
10460
4213
6022
3865
7694
3025
6185
275
1485
5482
12074
1018
12186
11731
5223
729
8292
2111
10127
11496
762
12274
10775
3067
7143
2756
2373
4427
7742
925
7372
11018
3392
7985
10528
222
11641
5646
4165
10617
12877
5775
10067
2193
8350
4715
5376
667
2791
10860
12646
10300
1141
11737
9839
1027
2978
12962
8944
11964
12589
4468
5280
9456
10317
6950
1094
11862
8460
10476
8437
7509
2889
6433
5478
7438
5546
12811
12544
9841
4611
8483
11654
11015
4518
5486
754
6293
5304
12790
9240
332
1811
3612
11557
10948
11025
702
11597
5753
2299
2056
6823
11712
172
1562
3818
4338
12565
2229
254
5497
10651
4330
6033
1750
8848
8168
7905
3506
11952
98
1124
9060
1727
9628
11850
3265
6664
8822
7409
2426
2018
3599
6848
8138
11932
156
1789
12781
3740
210
11614
11229
5179
2175
11477
1969
1363
9418
6877
10100
971
10395
7687
11091
1909
5275
11786
7304
7941
8675
2161
3277
7803
8524
12649
10435
6027
6875
4008
1195
8078
12373
3604
4476
11349
3635
7299
4077
8724
3041
10868
6802
607
4129
2195
12919
1331
9606
12852
3464
12483
11474
7242
5872
1748
12592
1651
3340
3712
9428
3195
7152
6782
8391
4929
10921
6161
8985
9982
4126
6539
2204
8676
431
7795
1260
3237
2066
1200
8153
2045
11270
3246
7454
8450
4525
11232
4485
3569
4861
2919
1802
8671
3260
1765
1959
5272
8614
2540
8680
11059
3920
3083
11057
1211
12863
12031
9489
13
7930
3736
12102
7955
5056
9137
6804
11471
5834
10233
11431
9242
7286
1911
6559
11881
1898
3629
9830
6999
9633
12915
11131
11897
12588
8624
154
6088
9122
2181
5209
9398
6953
1449
12098
4848
8266
12123
12223
7994
9263
11595
10669
789
4552
5345
12495
237
7662
1825
7809
5042
1020
9800
11690
4638
10461
7584
9732
5578
11202
5362
7268
12944
6141
830
3488
1852
5027
10069
11090
1975
10656
1966
5137
12966
8223
2088
4226
7855
9226
6109
317
5913
1165
6564
513
8991
5934
10958
4775
2847
6524
10834
8379
12508
4212
8062
5747
6632
6971
12032
11371
767
5435
6298
6690
12083
5200
8348
776
7739
1753
2949
8242
4206
2418
2510
3131
8128
6869
7085
948
2397
4825
10328
265
4336
6325
6454
9125
5133
6633
10264
7019
7797
6862
9386
6571
5688
11207
3520
3227
8332
1647
7612
1219
4628
4093
6989
8713
12864
6388
1600
11279
732
425
2661
3170
6321
10523
11022
7961
3621
1212
12490
4760
2260
2922
7617
9467
3210
2700
9720
7586
10388
7673
3077
163
4514
11142
11811
6062
5176
10608
2396
12301
6035
7625
12245
5559
2767
3010
4254
9038
330
1050
3914
6511
10665
8704
9553
9660
1252
9029
7982
4109
11853
11007
9572
4489
1849
8411
9929
6055
2810
6001
10484
5047
9089
4201
7671
6553
1683
9646
1084
1910
3742
6131
2185
110
12595
8200
534
4746
7063
5229
871
5619
3400
270
989
11950
2679
5604
10402
7791
5310
4536
12237
11622
3724
1878
11892
10854
958
9804
6606
11921
7064
2324
10998
1790
11987
3395
577
12536
8677
8442
3285
2090
8884
4192
4370
5889
2184
4664
5485
5131
8279
649
5749
6568
10488
7745
115
1624
3847
3105
12744
11227
7156
6432
3651
6407
10156
11070
1536
5065
8845
1186
1927
9696
11268
9798
7396
3177
5073
10956
5811
9819
4524
1404
3537
11411
5343
2811
6475
1493
339
11908
7327
8065
6118
7951
58
9790
9123
4603
1264
7842
301
10081
8860
4575
3167
9459
5151
5123
7594
53
4311
9708
9025
4983
3259
12976
2484
5590
11553
1788
11875
12114
1566
1715
8864
3799
8473
579
10575
4837
5596
5112
5143
9348
7840
8888
6757
9171
3556
3439
9613
8084
4794
8765
12568
4871
9132
1441
10645
10106
3900
6206
11017
2256
9993
8885
4542
5271
12535
6618
9392
2386
642
2270
7339
5321
10595
9075
10720
11732
6976
1588
9438
7781
5999
10510
9452
12048
1339
9011
6516
12523
3969
673
3091
7817
10495
4119
12662
12857
566
2921
304
11685
2961
2462
4885
6082
6296
202
8674
4923
4831
1014
1551
11390
978
4605
8720
2515
2236
1181
3209
11093
12965
8947
1618
4088
5534
7402
10953
3674
6467
3429
6747
5998
10133
3886
11787
10782
10416
12791
2665
3435
4572
11454
7203
5455
10966
2250
2384
12958
10749
10132
9898
3484
3550
7125
6692
9618
10387
4856
10292
7971
10838
2233
2836
6567
1148
6617
1796
11619
876
9103
1634
3861
9172
656
7070
3266
1266
340
2024
8264
3002
1863
1760
7881
9991
7573
298
10532
1328
11635
10440
7147
11001
6621
7876
5658
3058
12849
10857
463
1829
2383
8854
5463
8081
11766
7105
5543
2713
3127
8354
9635
10620
2257
12059
4550
11564
970
11924
2983
1332
12276
6075
299
3763
1891
5
13000
4264
12923
8385
8244
5530
131
5318
11923
4994
1548
10355
9641
11228
385
1337
6377
10250
3866
11489
3492
3859
2960
2488
246
3699
12608
3741
8986
6261
7674
4726
5062
6699
4356
6255
1495
8682
10494
2815
3281
5226
9944
1167
7555
610
2694
9425
9002
1711
7954
3028
4477
828
12354
7916
12112
12006
11678
13011
5725
4559
10217
4827
4807
12577
12088
10541
8816
12532
8742
4504
8797
5354
9607
8339
10777
12028
7395
8290
3643
12676
9213
7328
10035
8409
6822
7342
5320
10673
524
3211
1326
6215
9336
5711
9649
11212
12892
10260
6982
6137
7702
8284
794
9902
2941
262
11167
7183
11089
6997
1843
6801
3607
4033
11309
10378
8577
4937
5357
10684
3650
11114
4859
4467
8238
3175
3063
4337
4240
571
3171
10866
10269
11520
12726
2183
1525
10218
9569
11722
10638
2843
1652
11896
7989
393
3474
6375
8783
9314
8722
4169
4466
105
2203
6294
550
7113
2395
10213
2051
12870
6107
9245
12572
7626
12430
3947
6411
36
10989
2560
6271
11328
1427
4378
10083
3902
11483
6267
2781
11419
6268
6595
1761
8779
11983
1379
8837
1535
1988
5516
2822
12669
1950
3201
8787
6145
6768
1132
144
1686
8861
2766
12360
3894
6250
11967
4818
6191
4444
12239
8136
919
10906
7585
337
6157
79
567
5144
3735
8256
2070
4549
7737
4142
11624
2741
8141
8183
2758
9218
5539
11693
5631
6873
10889
2319
5224
9414
2920
11340
7200
1299
12756
1142
5636
4972
5647
6264
4451
2641
5233
6853
8615
10252
8233
2308
3115
8485
1644
9760
10386
9975
8193
11774
4654
10058
5002
11414
12955
7992
7047
8407
10410
2198
359
12104
923
3505
3257
10452
88
4860
8053
9269
5927
781
11366
9485
4123
6576
12462
6653
2443
2254
11363
12573
3921
12454
9657
5483
6885
11580
1026
6235
8404
8273
7033
9686
6508
11733
4105
901
9275
10358
9968
6543
7935
2519
10950
3813
11200
3583
5908
2137
11327
8338
4679
8897
8047
10615
7291
6162
5581
5491
6078
7910
694
7925
5053
8368
10303
365
7351
2881
2378
7348
5041
9466
11621
9322
1390
9027
2093
7428
2173
4737
2421
10797
7611
1650
162
2200
11399
12606
7187
1365
10174
4751
4551
3555
3758
560
8537
4195
4784
7522
2942
596
59
4646
3925
2154
7123
7458
2077
1048
4130
5136
9248
6609
6228
582
12337
7865
401
5279
7146
12853
10580
9364
6487
3786
669
1780
11710
9593
3310
817
5346
2314
3868
12949
6914
8475
12365
12328
2689
5142
2390
3339
8640
6470
9073
1593
11526
11240
10263
10469
7540
10556
2570
479
5939
2746
2864
395
5779
659
3071
5111
11036
10109
6452
12077
260
11644
8987
1157
12609
2497
3182
10244
10877
12413
2588
1361
3163
4720
12797
1817
7974
5284
11777
3036
6080
2110
184
12677
6046
695
6423
4803
4270
5909
4131
6555
872
5693
2349
3498
12141
12611
8069
12736
12997
6909
9196
11464
599
4225
7377
8282
9446
5329
3620
12132
2630
5618
12830
6253
11845
10298
647
12684
9462
1823
8209
8830
2947
11405
9688
7065
10168
7993
486
7059
12192
3531
3494
1864
1085
9865
10944
4832
6843
1276
11903
1241
2924
12860
2470
12603
286
10826
12193
10160
12326
11377
4717
7587
12599
7326
6322
12953
11667
7561
1984
1834
812
765
10722
10242
8695
3425
1872
2531
3757
12429
10748
6945
8191
6144
9923
558
8660
1466
10670
8979
7232
12293
7780
433
6630
4796
8590
1480
11888
1530
7963
12168
7102
7471
5093
2427
9003
12222
823
5617
4944
3062
7896
8708
10594
12799
7889
10145
4790
4933
4163
2993
8712
10900
9117
9299
4604
12298
4541
10728
3876
8636
11455
4042
8604
6723
5481
1809
7977
7390
5840
9184
4632
11655
3951
1648
9863
1619
5827
8061
7972
7975
9765
2489
4836
71
5526
8181
8197
11534
12362
6663
5397
4916
10957
9508
5288
5124
12979
7251
2953
9702
12446
7244
10215
11462
11195
11663
11482
9532
11213
5130
4385
12896
5413
7020
6596
11724
10927
931
3434
7768
2774
2926
7500
3157
10791
2167
957
11006
1859
12947
4925
9189
1044
12578
8125
8844
6739
6155
449
6521
2098
9374
6544
1035
6370
2840
2732
12183
11234
9222
10331
12917
4322
9745
2339
5331
10176
4649
4534
1890
9874
2867
8786
8880
9907
192
12458
4463
11267
4947
1432
3483
3690
8098
1646
32
6101
12702
11759
11856
7017
11115
1632
4257
3106
11303
4417
10730
6805
5743
9556
2728
5298
8798
8232
2351
3547
5823
6554
2542
1970
515
7800
648
10115
547
7035
5240
12498
6182
7094
7104
12125
173
5079
12868
12304
9601
1956
2037
11153
9540
10225
9146
6189
10308
5172
7501
6216
12940
7190
968
859
11765
2113
3714
6593
3816
11715
7398
6338
6000
3733
6994
9437
12496
8958
2055
10622
5881
10136
8959
1545
5952
4657
8935
1288
12633
8149
8129
11706
7097
4227
12497
9120
55
4597
6399
1245
1399
8014
6300
6371
7100
8478
5806
12906
7976
127
12871
3053
4512
9384
8994
11050
10316
5819
6134
10696
1733
1759
160
9987
1662
2430
7184
2707
11517
9157
9831
12655
7776
11942
2466
11910
1544
4601
9534
9932
7712
12963
8313
10811
5405
597
5000
4179
11709
12707
6903
5821
6093
5097
7422
7656
6509
11504
12772
3406
12267
11177
1672
4872
4843
9810
9455
7154
9272
9870
5776
5234
2217
5864
12224
8177
4693
11478
5267
2938
611
11711
6716
8203
3122
9781
2645
9191
10802
1945
12547
4183
7356
2291
11671
6662
3372
4098
11330
7846
8184
11902
9675
3749
8199
3521
6847
6896
9402
5768
2076
9469
1175
3279
11238
8384
4513
5660
7048
1034
9320
10043
4132
4248
1407
10745
12020
8836
7532
1768
10202
10693
6089
8754
11525
4857
12388
6121
10818
6547
1055
6815
12937
2554
6748
12467
5556
4691
761
583
7038
9046
7231
1244
6750
8352
8709
1940
1990
10545
347
3954
3567
3346
7590
2658
12249
8998
4897
456
7968
4099
5391
155
5847
1179
11038
4144
7511
10692
9666
9990
9047
2780
8755
2670
12202
6048
959
7890
11532
9431
8120
7924
11812
4232
5193
2108
3795
4081
9560
574
3574
470
3289
10648
12051
1730
1949
7418
12893
12349
508
5740
4116
135
4357
8454
563
11550
4410
8820
12708
5861
2446
11788
6276
4333
2688
1821
196
10024
1673
2033
10875
3383
1011
4416
882
9121
9544
11874
10131
2940
11107
8167
1980
7596
3070
2593
9571
5814
7062
7562
4928
12982
1319
4587
25
3984
3356
12579
10830
1836
11370
10116
7240
4771
2936
868
5269
1419
7295
4828
267
9741
467
7875
4879
10757
6184
3523
4981
11487
790
7849
9681
5894
9126
2734
5668
5637
7778
10456
9851
8076
951
2331
12900
4486
9627
10454
2274
12072
12743
7904
2721
7754
10112
4953
9530
148
3611
3744
4719
12306
4765
2729
3852
10503
2218
8871
1597
7490
8794
2682
1329
1028
7726
606
9829
7290
2886
11630
4001
9330
2152
2221
1557
11166
11469
6919
7114
1856
11793
10413
12382
9085
5208
9457
5512
6826
9093
11863
4157
8229
3892
9707
9856
1641
4430
4404
5125
6227
3282
8540
9444
9234
9788
2207
7419
11790
4415
6587
2120
604
1774
12818
10543
5883
1904
9758
2685
4598
4676
10558
7813
9967
10306
12099
1106
9502
7649
845
4035
5580
1564
1993
12283
8825
1065
11752
12005
4958
1770
1531
7212
6814
4057
5430
9806
10715
2876
384
10130
581
6585
7997
21
12012
2964
635
10065
9293
10969
9253
7629
6830
2986
5023
3602
864
8863
10574
7024
4634
2114
10686
946
9889
1876
1840
3532
12309
11901
12113
7461
7661
3501
7204
1102
12643
2269
2112
3005
10027
7506
1920
3336
5845
12401
8369
671
4014
4236
12681
2079
1664
10690
12261
6552
1923
3351
8432
7802
8873
4812
5695
3889
75
3879
5500
7707
10033
9351
3958
12485
6073
10679
2212
9953
9019
1655
2600
3049
7528
6316
8931
4658
1355
5794
7616
10912
2928
11757
12685
1616
3373
4124
8870
5028
12647
9725
6265
9683
12670
3576
119
10376
1168
12594
12254
10582
4407
12453
5168
3477
7869
9127
2287
2459
8988
3060
4133
2003
6203
8530
12147
10271
5211
3572
3704
183
1892
12903
10909
10186
7136
11242
4806
9730
9474
7678
7933
11447
11699
12534
2215
2241
5625
9545
2268
5212
6219
9699
5031
5277
4310
6702
2907
1310
5887
2610
12092
2304
1230
6108
9238
6
231
8503
12266
12798
9188
12935
8548
8528
7037
5408
9394
11402
2277
8228
10585
9224
6792
3315
798
281
5433
5652
5622
8980
10052
12070
3172
7681
4976
10515
4752
4590
10518
9106
3992
3678
3705
6529
4702
4608
1430
4508
3752
11347
1700
7958
1443
4349
3810
8582
5309
11816
10825
2439
5438
1223
10315
9475
12030
11216
4080
2954
10307
8003
6083
12432
9067
8573
11248
2438
5367
2429
4782
7566
6700
10293
10062
4960
9873
11934
7182
11804
483
12230
6292
7980
1601
881
3507
9357
11953
2557
8327
11185
3632
2376
9311
7437
5916
6758
8144
8866
7906
11750
3581
12308
1007
11594
796
973
7502
12291
10536
1492
10088
9368
7937
2955
2285
12822
641
5995
10344
338
4375
7341
6397
283
11430
1895
6341
11945
5606
7899
12255
5039
290
8461
4006
3850
6116
11413
7888
8212
12033
1410
8258
7234
4941
4409
3899
11161
2579
6983
4637
3294
6779
12290
9087
8412
3160
1173
11156
7055
1580
11272
3382
10700
12062
8453
1784
11885
4802
1746
10291
2647
437
6902
7494
11656
813
5339
5943
2711
12376
7460
10054
2544
12882
11809
6320
12082
1887
12305
4841
10195
3311
1502
12043
5527
6473
5701
5426
9956
6799
6860
3365
6173
5243
553
3908
7006
177
9933
8679
12482
4839
3273
18
12292
7115
12229
12553
11484
4733
321
3788
9807
10904
4219
8890
5164
12832
6616
11505
6951
2306
12704
7056
4139
5949
6498
3670
9690
1190
1474
2425
4688
3748
10794
8780
3885
10038
6855
11354
1081
10489
6074
9886
4701
7060
11473
7708
4412
1694
7189
8344
5358
2347
7695
11935
3803
5259
7036
600
2276
11511
394
11832
10177
11518
8220
9001
107
204
3841
5760
3566
11466
7193
1681
9694
6386
4986
2869
3881
2041
8050
7932
12397
5488
11584
4339
12881
3767
7179
788
5557
8499
1599
2301
7280
8021
11186
9251
2284
5879
1395
3198
9821
5820
248
3549
9205
2802
10567
9150
9632
5252
5327
1270
3959
1015
9230
9236
11144
6561
7334
382
7831
5853
1552
2282
2827
5659
12424
6201
11978
11660
323
2696
6356
5462
12338
6927
11302
8464
11984
8536
3570
2805
7746
7981
2121
12936
1362
7462
3491
6944
3111
11145
8989
2475
7080
3033
10535
6149
12310
858
3999
8335
3995
6383
5054
6103
10841
11437
5690
3517
6926
1965
4668
9685
6809
12345
8395
3459
6694
1962
10329
8227
1704
1038
4091
5513
8928
4377
4452
562
7491
3200
11312
1886
11491
11871
3614
7947
1944
6256
11717
6773
7397
8749
9550
6878
7812
11381
1434
6627
9972
8278
2467
12626
2536
12399
540
4696
5034
12094
4540
1688
11072
2620
10258
9651
11990
297
12441
10310
1330
6938
2192
5184
9389
6091
5554
7315
10151
1087
8452
9483
9464
8298
10947
2085
4181
7010
12211
4793
3447
4389
11805
2521
4062
7998
10872
2522
10193
11360
7371
3364
5423
6634
9615
2692
9142
5575
6180
860
10445
5773
12667
8456
12694
8950
10326
10983
6912
11246
4992
1627
6360
8254
81
8425
4060
3139
2720
7581
10807
3055
10015
5228
505
3715
6577
9892
4154
9605
12163
10171
9826
3565
7487
6272
11854
194
10179
3481
6790
5993
3681
10760
10228
1166
1532
2170
9016
5350
1654
877
5656
6496
3017
1052
1786
4320
11066
4258
3615
9153
12738
1001
9313
3830
12869
9643
6811
7197
11884
7828
12737
6357
9144
972
12494
12038
11293
9014
10823
10837
6970
9822
12133
6015
4342
12486
11132
5045
8082
292
6861
2673
12341
7677
232
9050
3780
5273
6170
3915
1117
11058
4966
6289
10466
9577
6676
12672
2977
10325
10680
7051
11010
5443
3029
5383
10931
1537
12584
7329
8020
341
4548
9055
4235
7689
4026
8847
1504
9844
2997
8924
11313
2190
12747
11834
9882
592
7563
12560
1413
10644
663
861
4511
4380
8173
11682
8471
12927
6366
9295
5152
4705
7406
10596
11940
11645
2494
11772
6888
6126
11436
8143
8187
11350
10555
7088
3052
3751
12295
775
2571
24
10832
1016
7798
5953
9805
543
8714
3218
13005
7332
4371
2735
1464
12844
6715
9159
11783
9656
2834
6105
1490
897
9500
8398
12507
2695
905
3530
8306
7764
1433
4781
6833
10862
11979
11319
1209
517
12705
4282
11417
1907
2189
12555
1262
6998
7919
10994
1670
3998
2322
11988
7741
345
1999
5290
6897
7245
4214
12925
6844
9023
4135
2965
8829
5573
1021
10001
6221
7249
4450
9825
1096
5609
2566
10412
11529
11329
2553
12692
2925
5922
9341
10707
2793
10485
6006
4920
2266
7101
239
3697
5299
2568
4056
10744
5225
9411
1193
5629
10975
5925
9403
6288
4629
1533
4308
3302
6086
416
12194
10647
12347
12615
12656
10073
6295
4446
7222
3166
4012
9772
7434
12045
9586
10296
9039
9766
12805
12463
806
1118
10907
5795
444
7672
3223
9872
9921
6249
11241
4095
10288
9753
176
10230
8311
307
197
11542
7117
5449
6129
10500
2417
5746
4819
7743
9909
2042
888
10492
1406
8096
7647
7655
180
9838
7061
9971
1857
6548
4089
12407
9266
3215
9228
1000
10505
3825
11623
7127
12146
4884
10873
7645
4166
3884
1960
9062
4835
12745
11420
11509
2415
12503
1388
5597
1513
2601
9397
129
8155
3284
8921
1594
12829
9445
475
5732
11928
2829
8105
2768
5334
1973
10429
403
3978
3853
2343
1360
5422
7131
12270
7711
2908
12405
7758
230
12138
4565
2005
7630
9501
9031
5473
3679
8042
12325
2355
7851
8893
5742
2440
1236
9091
12269
9756
5049
10890
4438
4455
7003
5249
11825
12415
3541
4630
5968
1881
6752
6651
1718
10529
10005
9460
575
11931
5157
2283
12941
6845
3426
11453
11936
6367
5503
6841
7751
10785
9885
9966
5942
3935
7157
2929
7680
5966
6772
2289
929
3642
992
378
285
5083
7369
2083
2366
5187
664
8519
2699
6721
5059
1978
10487
1507
6409
1277
7296
4107
9130
10908
7330
10810
1827
4193
4621
2617
1248
4007
5256
1709
10384
12541
11695
545
6839
3781
8792
4547
4441
9265
8358
10279
4174
5194
7073
2888
12068
2115
5189
6413
1341
6026
12287
11429
142
5022
11081
8684
850
1589
10572
1933
2168
3798
11792
3869
2597
12607
12499
2213
4562
5898
9979
4613
9247
4766
2432
4673
5004
8896
945
3126
4143
12346
12604
11755
6701
10462
9888
5549
6285
29
4414
8553
1565
5962
10852
11467
2227
7605
12909
4651
11172
3407
3396
5050
8905
4002
5585
2674
2626
2807
4589
9423
1421
7285
4898
10014
2054
11535
10370
10201
5466
6572
10085
9860
12279
953
12729
3938
11164
2404
3743
12264
1125
2391
7660
8945
9109
5750
8030
11032
4000
1977
10952
12321
10007
7760
4149
6443
3603
9165
1608
8261
12631
7898
5875
2436
7653
10421
5673
1996
9280
587
12307
12258
3470
9450
2959
266
249
9899
12968
7455
12344
8137
8652
3014
12119
1099
9179
11543
7735
11102
9738
3809
9145
12285
725
1109
1621
2951
10923
4024
11193
6220
5292
11084
3534
7365
6123
4127
8894
6574
11269
7578
1955
5420
1075
12257
800
410
8421
4386
7744
8049
9350
4869
4643
11146
4318
8093
11401
8851
10474
3228
4474
2621
3700
3518
8740
6560
113
10389
7646
186
6441
11065
2909
344
1006
4739
3856
1203
7109
7417
11394
164
5560
9917
3065
5005
9499
11479
6133
4025
2047
2385
7256
2748
11385
9107
3685
3313
5058
7425
6637
5694
7893
1848
5854
12189
7294
7654
9430
9434
2106
4210
1228
8763
4426
504
6208
11497
3039
3968
4087
3595
1354
2901
12946
4577
9802
5107
2896
5365
9951
8965
1994
11217
7145
9408
10796
12081
10236
12049
1929
5748
2048
1563
5388
6166
1222
3593
1053
8066
7217
10674
3096
5684
12336
12300
11546
4223
988
1147
9930
6236
4217
334
8114
11150
6385
2656
11763
6522
1676
7483
6176
3932
10946
956
4722
5206
10134
11620
8846
6136
12576
6286
7508
8721
5567
6741
3108
9131
353
12571
5300
9166
12989
10324
7175
9919
7421
12017
12675
7174
8832
6313
12637
6142
10687
8811
8194
6287
10433
5965
8497
3985
8620
2495
10319
4830
5932
5891
7305
4355
4997
9782
5588
34
2952
5447
11247
1008
6879
11356
11262
4299
1098
1737
10268
2550
12107
5757
5681
12455
2478
10653
10737
2
8857
6531
3801
7569
6277
4529
9148
2502
1298
11460
10681
8646
7255
7072
4982
12934
4113
7526
11048
8371
1578
3291
966
11321
2442
10118
7106
9301
12227
12734
8025
11992
7794
2576
8529
996
3927
10637
3824
11047
9344
9018
5082
12562
1679
11339
12313
3320
5860
11106
5841
7317
5772
1524
9439
9547
3807
2663
8018
11947
2603
7433
12273
3276
11683
12110
10
3689
4924
9391
10076
11033
8124
6829
7779
6071
8730
8296
8164
8889
2363
5115
5126
1932
10639
9623
617
6753
4079
6187
11040
11263
1981
3465
12207
4153
4921
2139
5627
4397
4712
2463
3075
5591
9823
9517
12831
11776
2344
5421
3236
11603
9957
1042
1216
10481
4945
9639
10901
3647
3272
2584
12763
5051
2158
8726
8595
12265
11915
12537
1785
1150
9324
6169
7124
10667
5632
6562
4906
2279
3231
8638
7559
3839
9894
12171
9814
12212
4764
4566
11523
7130
149
9199
10840
10478
3554
1139
369
11698
1496
4522
4706
6168
2894
10581
11784
4797
9353
9382
12061
5174
7075
11638
4280
633
7600
5472
12916
1571
8262
8651
5476
10569
11943
8527
12105
11297
739
10859
11288
2022
12444
9045
3437
2265
5181
4877
5973
10995
10864
3687
5907
6273
1983
8102
6232
8375
7716
11679
10683
9755
10561
5741
2398
12533
7016
5696
9524
6416
11116
8387
1637
2786
6417
2130
12543
8791
2222
11566
5015
9484
1073
10312
9405
2142
4998
5096
616
11799
8735
2704
1334
5677
638
2401
5203
809
487
12010
1706
8110
4262
7599
8389
5920
10820
1982
3789
11587
7430
8439
8349
438
3840
10717
9020
5712
6458
6890
7926
8835
3457
5628
10477
12961
11088
6784
12449
12066
2078
5156
2321
10031
7408
4411
9914
10121
9421
12050
7547
3575
6334
311
8237
1453
4351
8899
2757
5265
9404
660
9387
4610
12731
7363
7640
12172
5880
4028
12184
698
5162
8910
5509
10286
3551
4889
4004
7990
11092
1626
3586
362
6485
895
4881
1411
12389
6434
6049
1189
1247
2465
10827
2932
1540
8406
3672
12673
4009
9512
3913
8938
5842
11938
5808
785
5018
5089
10284
8737
10391
10531
5562
11820
12542
3770
1604
7759
7459
6626
7843
10863
10227
6594
3997
735
11844
12409
11658
3990
4741
11540
4607
5088
86
161
4263
997
6125
1889
316
9792
11944
4834
4353
8585
7387
1025
601
3366
3949
9300
6079
4804
8728
6859
6449
12022
1422
7796
11808
5160
1401
9619
8162
4259
6807
2747
3680
12638
7608
10694
8080
3024
11012
12974
2878
6009
9536
2988
457
916
12148
6378
12529
8140
6717
5356
10672
12598
8107
8346
336
5754
11742
6381
8558
10302
1320
12834
5129
2826
4069
4274
11137
11181
2312
7474
12213
4425
1069
7321
867
500
4776
8520
703
10017
6246
11457
4899
5231
741
1560
8255
723
9722
10002
5303
10045
8575
8810
5519
7792
8853
5784
7129
426
8106
7766
8174
7300
1417
2627
9156
4868
477
7041
193
5826
6727
1497
12052
8121
2783
11962
8224
7167
5063
5475
5914
10320
8123
10068
4362
4177
1511
7029
2296
8433
11351
1191
10125
4120
12375
7386
9198
509
6941
10512
609
6777
10831
7830
7537
8424
6866
1072
391
11738
5975
7512
9128
11016
12302
4510
7492
12779
4365
8172
9543
1912
4783
1255
12992
7609
1712
8764
3634
644
10341
1292
3702
12581
460
4305
2794
9098
3222
1882
10087
7730
5075
10629
2980
602
10971
12027
10013
5524
12391
7529
4395
6408
2750
3668
11192
8785
7199
7821
11955
12041
680
13006
3963
3858
245
7513
6704
2592
3034
10814
6597
66
3455
6534
900
10813
2543
12054
1290
3684
12330
11191
8974
11027
11375
3047
5770
5518
6310
9264
10223
8918
11573
10726
10254
3349
3906
5996
7786
10332
1163
6204
5670
10564
7718
11458
1713
2117
9057
8898
4931
5282
5046
2220
5905
6429
9864
7139
2293
6838
12845
12777
3753
7082
10993
1512
9043
5790
5626
1373
12862
2639
2408
11129
7495
9327
140
8054
4703
8257
91
2009
6573
8300
12003
3314
1897
4273
12888
28
3730
392
9214
1268
10336
8788
2162
3631
10055
807
4767
6402
1755
10704
10978
2535
1792
11527
5731
10022
7902
9780
3197
2086
10339
6681
12058
4269
1625
2248
8703
4616
8862
10584
6840
7023
8656
2194
1134
1267
6030
1620
6254
1691
2477
2614
4593
10255
5258
3480
4729
10493
7160
133
1520
3446
12652
4932
6463
8937
9163
2479
10713
3944
3812
9687
12253
5616
12610
2435
1521
10479
9924
11168
12063
10129
1868
1946
4626
2785
8525
5165
11231
9563
7931
1591
10147
10591
10589
14
1415
12410
6132
7227
5402
7345
5347
10080
12108
6305
4288
8657
3286
1029
2632
9494
2856
7333
3110
12981
2558
5781
12509
8494
476
7960
4697
6077
11344
11749
7250
8160
12996
5379
5454
12241
6972
1418
4956
7691
5563
7099
1364
665
3402
10383
12625
312
6337
4287
8208
8661
913
652
3693
268
6212
11183
6404
9283
5068
9318
5305
9879
10618
4970
1568
1077
6820
11653
10465
11823
9559
2434
4445
7908
2295
11789
2911
6389
4082
5021
2131
1642
1835
3352
10770
5735
322
4754
9698
3970
1280
9035
3080
12361
166
9443
11206
7074
11640
7753
9151
11154
5349
8576
2329
2135
7999
2481
10915
11905
4858
1423
6800
7427
12408
3032
3808
5661
10089
685
5294
2159
7000
5090
9273
3512
5202
11612
2338
10229
6214
6188
1947
3399
12636
9409
12975
9935
6518
11252
2327
10394
3112
11739
9492
9634
10577
7201
11481
6043
1444
57
5441
724
8028
4645
7984
1814
12170
734
8148
3610
5215
478
993
9621
531
6058
4155
6428
7582
221
11061
516
1121
2563
8402
8248
9939
2989
1438
5434
6342
1256
5782
10414
6961
11475
10090
9714
6550
8056
2779
9200
1885
5896
5444
5805
170
5077
12142
8251
5665
11053
11554
9176
9776
4612
10801
9477
12065
12620
5461
10210
4689
9705
9164
5315
146
5074
7808
2245
4785
2706
2799
1880
6532
9689
12914
1232
6680
5801
8482
8639
5778
10507
6465
7450
10019
6263
3739
10351
11244
3050
4453
1666
7659
6689
2305
12630
2320
6274
9493
11917
12090
4650
11459
5178
12427
12060
2971
8127
9803
8843
4740
1697
1717
4569
5324
7225
2916
7801
2559
4283
9677
12056
1481
7309
10430
11041
10084
11702
9797
4097
11035
8782
8865
7411
5829
11
10959
9647
6880
2765
2335
2865
8802
10247
624
7701
5218
1144
3732
6414
4040
11403
9523
8635
11438
6906
6709
4974
12804
11937
4641
11492
5260
9516
4148
8700
5425
8217
310
12742
8841
4061
8469
691
525
3655
8801
4393
1137
10438
2871
7079
1032
9962
11700
11736
11847
2496
766
5311
8000
12994
6087
2044
8019
7763
2469
1242
1705
10305
11249
9102
5598
2013
5654
2353
11451
7704
2976
11632
10137
1936
11005
1265
3895
3045
1170
1295
7810
12197
12252
4366
11488
4887
2224
5685
1963
9848
8416
6331
2072
5166
11585
2782
5930
10739
2371
1574
4346
3467
12668
1701
8073
5576
1192
4497
10095
1622
5440
6625
5499
3368
4068
11468
982
2962
999
10695
7284
5897
46
11607
12231
9296
11516
9978
4671
8272
11775
7825
11631
12651
3983
8625
12618
6237
906
10216
3094
10123
12998
2939
11346
4579
8449
5755
6872
8647
4297
8819
9721
10498
7648
6620
9786
8539
4405
1869
2116
2884
2551
1908
9415
12015
7375
10602
1387
6570
7420
4892
535
11409
926
1919
8953
9691
4690
3717
1538
12788
3827
12243
8744
1992
6280
7978
10415
805
5682
5900
11127
6171
1758
4662
9147
10070
6037
6491
2669
9305
1656
6028
10570
3456
10425
4461
4748
12951
8618
2423
3133
10626
11434
12085
244
2873
8165
1023
9337
3159
7536
7322
4176
10874
1049
3180
2503
9587
10666
11977
6947
9658
2635
2294
1913
10034
6472
1161
9739
13008
9197
12334
1220
473
12428
8265
811
389
2297
9712
944
7241
4683
1702
263
4434
3708
6732
935
7618
12859
1822
3821
8901
3390
12552
8533
4396
7110
9757
3121
7965
7067
9180
1607
6624
3996
5697
6565
11128
12169
1155
3729
167
12417
6677
9167
10891
3956
9570
9182
6736
11548
3323
10448
1278
2491
9307
7128
9410
6172
4188
4345
2444
11020
12627
832
7787
6461
1803
11758
11590
6242
6854
7690
10204
9789
12753
692
5769
825
4894
10368
10154
8479
12091
11395
10520
7192
2552
12086
5977
10362
7087
1249
2006
2414
8977
5709
595
3097
10547
12703
4039
5219
2771
7172
4501
7614
3243
2717
4329
6092
5707
451
5348
3270
1068
12619
5146
10922
11236
12663
2315
6234
12793
5030
13007
5103
2680
2455
2715
9983
2998
11744
6898
10396
6628
7927
5818
4773
11397
12067
4350
5569
3068
10676
4491
4499
3394
4523
7370
11470
10105
9561
7473
3639
2863
8142
898
3784
2516
7815
9092
5477
10122
4381
4687
12933
3922
7749
4222
255
2449
12128
2742
11627
1972
6666
3059
2223
3297
5067
6481
921
8390
99
653
4769
2879
5651
3230
4234
10849
7316
64
9548
9303
2228
7771
2770
6128
10734
11858
4810
12259
8210
7733
9896
12622
4537
8146
7943
12299
1555
6674
6698
2651
11118
258
826
11126
9274
3026
1031
10902
233
4047
5448
7696
11105
1302
7715
11348
11190
12771
4644
7854
9901
8394
3843
10199
12764
2454
6308
1550
8381
2476
8091
4840
200
10190
772
3090
3901
4447
11334
9000
5439
5944
2654
8948
11425
12289
355
3891
68
896
5876
9552
2437
12554
8602
12097
1473
1475
3042
8560
1367
6797
8784
1503
6007
6952
1372
1772
6355
7949
3431
10992
8218
4469
12395
402
9195
5635
9709
11082
12011
8458
9887
10420
11147
12144
10167
12733
4845
8408
5906
8775
8799
11188
1824
6776
4457
8943
7545
12248
12995
10780
7577
9294
10742
11837
5521
10870
8347
4296
11567
7076
4627
4228
742
11155
11369
514
1340
8351
11490
3404
2622
10203
11295
1738
10911
11600
950
1350
3750
7412
2458
7376
4833
6816
1657
10226
11545
9604
2211
11331
3814
11019
5395
4016
502
8236
7822
2416
5110
915
11634
6340
4561
9448
6351
4901
2065
9890
9139
9325
2524
3775
2858
9695
9506
4694
4245
12767
2607
12459
1744
2825
10029
5118
9762
8767
11165
1454
11042
11813
5824
2082
1833
1905
11633
639
9614
5687
11579
4864
6284
5173
7848
4912
7383
6635
4903
2209
4402
8872
3609
8318
3695
12442
10458
9998
4429
3385
3147
7775
5671
1041
9881
11768
10733
2634
3557
6536
1494
1558
5733
2187
5941
4168
4207
9557
3713
335
3594
722
5643
3086
9426
8856
9770
7118
11495
4584
8616
12821
7950
4197
7634
12418
7096
3618
5972
1468
625
6384
12689
4376
5904
7053
1754
123
6937
12895
857
3888
10929
7132
4957
11152
10385
3322
8535
4112
8598
12802
2064
6796
11895
1183
11591
4614
10499
7153
8701
10314
1005
3991
1381
2234
9206
1828
2026
5583
719
1855
9232
12175
3558
400
6437
12600
3064
8036
9498
109
2803
10101
1739
5541
3436
11243
5564
8364
6600
6245
1902
9794
7031
12021
7862
6648
7516
5964
2823
1347
4391
8304
7507
5592
6312
2537
4471
9343
6469
11338
12696
5392
108
5954
5492
1633
12768
6462
11894
6794
8551
13010
33
9373
874
12423
4010
7675
5679
3622
2238
7025
4963
12911
11818
352
2262
12563
12876
414
3779
5221
1841
8196
3178
8981
3274
6244
9114
11358
727
11074
1579
12847
8648
12437
3225
7093
1325
1500
2874
3194
6418
406
10936
10747
4528
12664
2591
5797
3081
4844
5650
4230
1756
10540
6347
1239
9711
501
11900
10011
4718
6895
343
10348
3353
4711
9277
3165
6921
2914
5832
9936
8588
2095
10918
3737
808
5404
3660
6907
10180
9367
6497
3308
9562
5553
8594
5195
8230
7158
8492
5250
6365
12139
217
12723
6725
350
1736
6788
6127
2359
1271
506
6306
1499
8505
962
8592
11373
10769
201
2381
12809
10152
9227
9565
3229
6488
6020
1250
8448
3773
8831
1669
12156
6111
3258
12714
3196
8147
10056
4327
4085
80
5468
1678
12525
6514
6223
5344
10342
1519
2930
11337
7138
3154
10765
124
4824
7089
6493
4558
7638
9535
35
12359
9916
8969
2166
5843
342
465
960
7539
862
9361
12221
190
11995
6066
7498
3442
174
3008
6031
5793
2071
10586
1263
4059
4319
2525
4052
8732
12160
2868
8719
977
7713
2501
2140
8414
318
7452
10756
4125
3613
7973
12173
2666
4492
5579
2278
9178
1721
12504
8667
12217
11187
11442
11572
8688
5614
6520
3193
207
12794
10981
4556
10209
4984
8308
980
3450
8770
11839
9558
1547
10040
3217
10198
8957
9609
2744
11196
4954
11762
6138
2230
6858
6924
11209
6503
4106
9388
3155
7018
1120
8867
3423
3202
2708
3605
4904
10357
6029
3098
1729
3290
4762
758
445
11849
10795
7883
9775
7752
9549
364
9949
10032
9704
9255
8961
12546
7357
1640
4609
12808
2820
9876
6328
10999
11588
12073
2900
9734
1070
11281
2527
8498
2452
7343
3539
4940
556
9843
12967
8037
7307
2667
12180
171
3727
756
6812
10546
8683
3721
12929
4247
10140
5505
1460
1338
10721
12176
11933
3088
4745
1812
1024
10977
1584
9033
4564
1609
10941
10610
8685
1769
11969
5991
8009
92
3307
12478
5787
10337
9855
4563
2605
6708
10144
3738
8012
1279
3143
12930
12317
7054
1725
8922
3188
10214
8761
2407
367
2352
7643
8087
10471
11117
6069
4867
10483
8322
12457
2763
10473
8038
12319
6974
11415
1587
10658
2594
6604
3608
9449
5201
11428
9768
6928
5325
42
4440
10496
2486
7432
9183
1224
4862
7866
7552
5369
3119
6819
1108
1313
5333
7523
8443
3247
4647
12782
12629
6744
302
94
4358
6688
12942
684
1931
12522
4421
6856
6668
12970
2517
137
12661
11781
12149
11714
1510
2103
6094
6605
8444
3837
2759
12680
10436
12624
4266
1942
3542
8180
4699
9241
4876
5713
12807
3321
5467
1107
9522
4029
9371
12784
9582
963
4961
446
7912
9682
10243
235
10381
1728
10563
11204
12613
10588
4509
4160
10682
12491
8353
7005
8117
4094
716
6607
12387
11353
6318
738
2574
111
7799
3584
11171
7178
7686
3568
8008
9160
10990
8342
11301
10124
8650
6755
12477
9138
9663
7934
3834
6638
11119
816
8611
3564
6537
7845
5980
12250
557
10928
2150
6724
10895
3145
760
9088
2342
8940
6507
10885
9815
10766
5547
658
8022
1446
8930
8118
7966
5831
12567
6665
9555
7544
8875
12991
2007
9074
2752
589
6210
6535
54
8795
2824
1561
3136
10736
11919
11860
6981
6946
4325
1316
2996
1303
6549
315
8135
5672
12356
1951
3630
8645
8710
159
4602
12841
8103
8562
7834
8923
5407
10677
2261
2935
7
6309
12331
1583
5338
6304
9520
7393
759
9036
12240
11596
8858
11463
8323
878
1095
8534
12312
5726
116
12761
5593
10525
175
9422
3497
9717
1442
605
39
11320
6899
4908
2057
8993
3360
11662
522
8067
9119
12342
10334
1146
5666
3661
12518
728
10514
11068
2043
11046
2081
8487
5105
7181
8633
3128
8132
5810
11083
10380
1938
6718
5385
11801
6424
11536
11277
886
12434
538
6821
11424
7959
5544
2382
6198
12526
8477
2970
2508
3376
4849
11958
1285
1058
2609
6922
3573
9331
5504
2326
1554
5698
6887
12570
12075
2513
11824
2172
8189
4171
2523
3424
5217
883
4050
3226
10091
854
11452
5352
8072
12333
11664
3466
8662
8201
3156
11503
11576
10932
423
12774
9115
10663
464
11071
11220
472
10951
9854
4882
590
6612
1274
7583
2787
3261
8781
3800
11485
9974
6023
52
11826
5921
4243
6431
8882
5372
4930
7829
8035
12398
3778
6984
4905
10968
10519
5382
12263
11941
3416
7714
870
3718
7757
5791
6647
1321
795
9365
11939
4854
8666
7015
10295
11342
2913
10963
7853
3305
1097
5061
6362
7520
2683
3873
10846
10819
12819
10148
10428
5520
3338
3146
12678
1636
6582
5134
2483
7086
2387
8506
7576
3783
5612
9379
10110
6659
8827
2144
2845
5364
4312
256
3962
4786
4580
9784
27
10517
7944
2020
12757
879
5262
12780
1924
1184
8083
8778
892
6827
5584
5205
8982
863
3357
12280
10044
3206
7165
95
2109
8759
10449
12178
10688
7859
9952
12071
9715
7091
11541
2105
1403
5387
10231
2409
8269
10403
4101
5424
5452
8550
6849
9908
9028
9645
11026
7700
9551
6579
11214
1668
11507
126
1489
12641
2019
3347
3682
229
11013
1151
4292
3015
9724
2021
6063
3676
8031
10920
3898
6339
3007
12238
3401
1603
12001
4713
5155
11559
4591
9525
7026
9644
6051
1425
287
3152
6832
12118
10630
12200
9478
10482
10652
10422
5278
12443
11650
2512
670
4758
3248
8597
9319
8976
9661
736
2991
10876
3981
10457
7549
11335
7579
11643
2904
7838
5431
7860
6072
2332
10616
8234
112
11513
12697
10548
114
6146
5019
6876
792
5114
4672
3468
2972
3427
3577
6749
7823
12158
6904
12411
3836
952
7729
9610
802
9842
26
9129
11124
11043
3190
4400
8427
2399
10619
7894
5756
8990
9070
188
102
4316
2073
9170
1623
11560
2681
3596
12069
10812
533
12136
12691
1400
1979
12400
2723
3666
10108
2239
3940
6806
11158
7964
6510
3912
2653
6911
6584
3926
10835
3857
851
4186
12639
8380
8307
165
4505
7767
3051
5257
548
12521
5158
7444
3553
7856
4198
9869
4220
5948
19
9736
7325
9763
11973
6005
9859
1773
11067
3250
1091
10280
8325
4291
4045
11412
492
8967
526
8522
11175
1116
8401
1518
5798
10178
10092
4774
9598
7103
5377
5529
10318
4617
8480
6767
5220
2968
9801
1060
7272
5911
5108
2316
6641
241
626
5838
6813
2367
6483
2149
7359
8544
12786
4196
7140
2514
9162
11392
4208
8589
8007
7468
6140
10453
2504
360
7575
2490
546
4660
10172
8546
373
4218
9624
7092
474
1614
2226
6451
1324
6297
8634
10472
11705
5314
10614
11575
933
1206
12236
5255
2529
2499
9317
11960
7488
4838
5839
1543
5490
8891
7198
4527
3317
5924
4878
10560
1722
11282
6178
2589
801
5935
2074
11718
12759
5109
375
11748
5856
3044
3833
2743
1831
6348
4423
10338
8607
9836
9220
3452
12143
6379
3966
9652
10330
5317
7385
494
5116
439
8214
1553
10365
675
9539
5139
4728
10423
4801
731
8868
4383
9052
10767
7682
3256
4073
12340
12887
12165
12854
4367
5291
12
9591
10502
7850
6419
3931
12700
279
6590
12380
1800
8357
496
11271
1259
5312
2806
5550
1714
1586
12294
2739
2350
2232
11618
3928
3234
1470
1197
3691
937
8101
7159
7448
9665
8317
10057
5846
4653
5728
10159
2828
5514
5739
7373
9323
559
9407
8718
10104
1482
7632
5141
4252
1954
10606
1315
3719
6525
11076
10551
8247
67
4917
2567
12945
12770
8815
8757
7257
5538
12843
11586
2719
2546
381
8501
3975
1039
9679
4399
7392
8877
8415
3826
8403
1112
7439
12500
8314
11530
5163
12683
7525
1389
8388
3117
9903
12690
9282
3848
4275
277
9463
8465
9611
12007
7423
568
4487
696
6311
5236
240
4118
5451
4915
1846
12084
8678
6874
1989
9912
5602
6457
12596
9684
7013
10111
63
10232
12720
7948
4780
8493
3411
9010
4659
9416
10008
3037
6894
4422
6174
1017
3287
5704
8171
9529
5020
4951
12891
4980
8163
12228
440
7728
6106
2286
4090
622
6354
12699
4354
8169
11472
661
1396
7818
4823
5594
5001
3496
5009
10847
284
2817
4888
2633
9468
1104
6226
9504
4686
5453
1003
7095
11287
6591
9731
12235
8745
1472
10039
10266
10800
9575
9401
10945
10778
5024
555
1638
1539
9676
11253
10157
7541
9964
10661
3766
4852
12585
4896
12889
225
5436
10646
388
4013
12693
118
6326
11443
11086
5496
9235
981
8077
495
6199
681
9578
8777
1457
10400
928
10364
3787
5919
1795
1585
5623
803
4470
2160
10702
12642
78
4900
5931
9352
12351
1207
9173
6013
11911
11514
8225
5247
271
8045
9997
1424
3924
3831
11391
12233
4692
4048
9750
12539
51
4406
16
12873
7078
1218
12801
11486
3089
1860
7732
10450
5786
6115
10943
2182
5946
7628
4779
584
2474
11341
4256
8484
9659
5313
12174
10480
276
1716
1382
6500
3880
10601
4993
10309
5102
6266
7324
6505
1726
11581
11606
5295
11480
9442
10762
1312
6477
1217
8186
5328
5663
6517
3057
7262
226
2310
4194
3419
11727
7248
7807
2999
6588
6933
7298
3012
8956
12129
1939
11833
1696
3478
6656
7920
169
10913
7235
4759
11151
8315
6398
5207
3745
3337
8689
4652
5149
6731
3482
4655
6391
2328
3811
11673
11563
12203
2272
5959
8285
2014
4064
12920
1845
12519
7486
4622
10194
4134
4535
743
1953
3877
5508
8579
8277
4515
2898
4568
11867
1787
4502
10343
11404
9718
706
2671
10752
430
4289
1850
5566
814
7717
8192
4341
8906
8316
8591
405
5912
11649
8814
3116
10716
7837
6540
10858
777
740
2838
10828
6836
3161
3994
12824
6935
13001
12383
12460
11521
3592
3533
1045
8665
3976
1176
12839
11049
4104
5989
1783
1484
7216
12969
2590
10059
12558
2214
9399
7141
10557
615
10323
6968
6881
12513
7206
3381
5692
2420
6343
683
2132
5480
8776
12127
2468
1534
4618
3148
9479
1582
5104
8341
5994
9334
9061
5337
10224
3917
9853
11669
3529
5140
4743
12750
3179
2362
10249
6893
8912
9244
10865
6964
1687
5245
10369
9653
3403
747
12435
396
2650
8468
8363
3960
7568
4709
12303
10805
187
11104
3074
8079
7209
10107
6120
6430
10881
84
1154
10012
9891
10871
9648
4394
7196
3887
7879
8804
7705
6392
3823
11218
10735
1047
6991
6302
3408
893
9366
12635
11878
11296
4401
11398
7790
3694
2038
2445
3870
5341
1368
8637
9086
10345
6499
5204
4814
4950
3164
12943
7049
5429
7636
10967
1476
12948
8418
11544
9004
3656
5507
11039
11406
3669
3658
3716
10867
9470
7362
8995
8813
4323
3711
10806
6164
2946
6703
6973
1590
10522
10404
2405
9995
6181
5937
10138
12796
10251
2678
5138
1660
774
6247
6450
9069
3361
9733
1448
11332
2814
9915
11357
2842
7084
2157
7254
308
7493
2740
11197
4989
1080
10468
6460
9878
3627
3559
219
1517
4034
8717
11299
5893
9818
7553
6546
6442
3301
8490
4261
5506
5710
9771
3500
2480
9359
6670
4594
9310
76
5724
5531
1752
3701
4714
3516
10335
3001
1985
10447
5789
1246
7683
8796
7480
9538
7040
5353
3838
4975
11139
2664
651
5274
9596
1677
10020
6275
3945
10367
2031
11904
9918
6910
9941
9584
10294
11745
11726
9927
6299
5237
4583
10377
326
3232
2672
2934
9259
9973
1314
9383
10732
7367
8926
1281
1384
3329
4185
12502
1915
4432
2548
7970
657
3726
4640
6871
5306
5183
9071
12833
10836
10417
9820
6372
2945
7022
9212
9083
6192
6675
11968
380
10856
666
12778
499
5536
1542
8583
5071
8367
12561
3822
5017
9832
11055
12390
1235
7857
8195
523
2835
12531
3973
4070
1352
11023
8927
10219
3082
7191
10409
12476
12420
5106
11069
12357
7021
5415
12106
1210
8968
5251
12586
2450
2981
7288
9271
6735
390
6686
242
8088
4167
7301
5098
10884
12396
10508
4117
9276
11274
5161
10028
1577
3043
50
1615
7269
1114
9380
7442
6394
4635
10353
4821
8428
348
6283
8393
10274
11961
12471
9193
4158
12912
4488
7221
5261
3854
4279
7410
3896
6824
10799
10099
6959
12190
4205
9053
2379
11991
8702
7282
8115
4255
8653
10349
1164
7663
10592
12728
3009
9279
5863
6710
8226
3113
8942
6778
1967
12116
10366
7028
7892
6426
6152
1720
12875
6478
7929
991
12372
6673
12366
5734
11396
5947
9355
9505
10984
8917
3023
8259
2147
8383
4472
11060
4678
1375
2561
3343
10634
7657
1549
5799
5945
10816
11829
5469
7177
5188
11668
7622
9168
8687
8374
11972
4788
12275
5630
4065
12559
11965
6863
1957
7558
8951
10935
2336
12214
3883
11743
7287
10553
9852
9094
10925
6695
11498
1409
1546
7489
4110
11306
12377
689
3965
12421
6446
688
1567
544
7588
12952
11199
7173
11582
4557
6156
12199
12316
834
4890
7782
11189
8869
3174
12046
9945
10074
462
10851
3946
11224
9118
7252
2642
2389
10143
5888
12151
1710
11873
6810
11235
1523
2094
1378
6345
9958
954
2853
5870
11659
12980
4304
6476
7572
7475
4317
6599
11113
2290
11707
7453
3262
45
5029
9453
2702
195
4041
650
9044
2883
12517
2487
2177
12746
6207
6908
12795
2498
1757
11383
40
12910
11285
5532
11963
3398
4449
12385
8108
12251
12776
8723
3443
5874
9541
4372
10697
9590
2288
3972
10086
10363
13003
294
11120
11283
1233
429
3176
11780
4020
4237
7793
4777
9058
3544
697
5494
4545
10036
10135
9237
4938
12803
5445
4753
4732
9360
2280
9996
6729
4724
9799
3919
5122
7613
4043
699
3066
5301
65
9743
7765
6230
8571
2001
11868
2778
9249
9140
3754
5003
8736
7361
11141
4267
9363
705
293
869
2580
6130
5281
6350
9496
421
9333
1971
1671
11078
1832
11555
1456
8913
11307
4847
8112
12785
1374
885
2102
12908
12724
11004
12686
3240
3844
1888
11030
1437
7431
1572
10893
5727
5978
578
101
208
904
6436
5641
3085
6410
4727
786
11265
1767
7354
2890
7557
8198
4809
12368
8309
4420
9785
11747
6202
8964
2302
2877
11524
4695
3585
6002
1747
90
975
12201
3842
2340
820
6948
3422
5836
9925
10322
7477
11260
3369
10464
10982
5730
7996
6660
12004
947
8630
9904
1873
8715
11569
7560
9246
7903
7366
6110
11163
6495
120
3725
37
11746
6346
11807
12550
5981
5100
10182
2258
8881
1649
9808
11651
10576
5479
12161
4909
11704
532
1870
6558
7570
7692
3703
10238
1818
6096
12878
4478
4340
5127
4018
6224
3793
7292
9406
7923
12580
9626
822
7170
10371
3046
10406
10566
7331
9595
2358
376
1806
7311
295
10411
10657
1322
3056
3269
9515
2393
12538
2648
6793
2403
5796
1254
10738
10265
12762
2063
6918
6502
11692
3663
6646
2035
4374
8608
10894
8240
4159
8973
6319
6765
1398
3882
469
7112
6213
943
4138
8145
10590
7668
11696
7524
924
8663
3675
7407
8584
7917
11064
4272
4473
8010
8486
3203
7995
6728
9376
10705
6580
6979
8738
7844
458
4816
1063
9988
10524
3644
5859
320
8435
12339
10538
8733
7748
3134
10000
1486
10916
3021
10285
11872
9015
10360
2944
3092
8771
12093
8672
6482
8294
12735
331
5533
3334
7641
8152
4058
5169
12379
6039
11914
4538
8840
11841
7720
8567
7401
8734
11549
4911
8032
1318
6205
6672
5197
1749
3410
2979
11613
11108
7747
10071
10649
6368
5006
10222
12406
9847
8289
4303
12096
4520
598
3771
3158
5360
4734
5361
2710
2860
2772
12657
10627
836
8729
8221
9239
7267
7556
5967
9728
2492
1397
676
7724
12575
8748
9190
12904
8202
2655
10220
2507
10710
8631
9729
5548
865
11617
8670
10113
678
3471
541
5613
10597
10741
10768
9362
5963
93
11336
9846
9592
9603
4137
3486
11380
11294
6955
8243
12973
12386
2872
8286
461
3761
8756
11996
7542
3587
11817
8320
264
5283
1643
3441
10632
8345
12256
2994
1243
12352
434
8057
2148
11642
8768
10153
11087
9049
7983
2059
6636
1133
7945
11502
6639
7953
10815
12115
5373
7066
10898
5956
8396
7769
6958
8970
8850
3546
7651
6119
11176
227
5437
4973
2687
4044
4152
5253
7940
2027
9497
2769
9136
10604
10063
3255
1088
7497
11719
2790
4592
10964
4092
1376
9642
8040
2419
3107
2197
218
5493
9113
12008
3199
1883
4481
6052
10914
7416
6122
3445
5069
12369
7381
3123
1152
212
11002
11441
11160
4850
4390
1735
693
11646
3943
4290
1414
9090
827
1043
512
11426
11761
9335
8496
8190
10283
96
10759
9617
4294
6492
10009
2372
6920
278
9321
9671
9298
12121
1483
1258
3054
10509
6960
7336
1592
2958
1995
8271
10486
2061
5738
2982
12913
2891
3971
2356
4086
10930
3318
4
7987
8276
5332
3772
3341
8246
2526
12752
8555
5428
3378
1066
2084
6025
9751
10418
1937
1153
8963
12124
12964
11593
7478
1123
7861
3600
12080
5835
12135
2638
3527
4459
1064
10526
7847
7044
2870
8978
9080
11245
9989
1839
4964
11959
10527
3588
1596
9152
5213
12899
6615
2281
5035
9435
7939
8681
5307
6153
10446
12551
2155
7535
3648
1465
9981
5620
11713
6114
6932
7057
5489
5715
6019
11840
8606
9095
7832
9813
9059
7967
4003
5270
7546
1501
2357
11912
8939
7693
4030
4431
12445
2595
10788
4910
2755
12894
8774
5890
11418
4772
11256
6978
10861
3671
2738
8515
12327
4100
3755
5642
4435
9761
11205
3185
12787
11602
11948
9579
11639
10424
9116
7521
5813
8293
179
11421
6737
9048
10158
7788
8302
10163
821
6448
9082
1349
9900
12931
9304
7761
9260
7289
5689
9913
5664
2138
6691
10926
4599
6197
9424
1820
7921
4260
11861
6209
459
12682
12013
5570
1357
519
11408
5721
5867
9778
4180
5780
7804
1690
12466
3118
3415
1491
9480
7314
6865
223
213
6317
8274
1559
7230
3536
491
8960
10128
5851
2053
69
11286
9824
3461
5621
10712
6064
8474
4424
11298
8231
7238
11215
12433
10187
7358
1613
10659
1854
8075
2460
2792
3624
10940
2317
6939
4943
3867
2646
6787
11362
3640
11975
2506
282
427
3141
5737
5561
1922
967
3463
12837
11922
8058
5456
5355
6017
5971
12817
4893
10960
12605
1487
9440
10729
8441
5464
2895
10041
6349
5929
1286
10350
11290
9370
3104
797
791
12242
8094
3664
1779
12549
3462
10662
3933
8215
8420
11708
3515
7503
2923
11994
4736
2500
8372
12602
4307
6943
9897
12972
12924
11925
4326
9840
917
7368
8690
7515
3375
5076
8211
5432
1229
1974
3325
6474
12861
1844
8235
4250
8467
6258
12440
4685
1009
2808
11515
3746
11760
6923
3238
9229
2556
2541
12117
12760
11159
7836
3333
9828
1
3489
2957
2311
3910
8052
8070
7873
8543
9871
4382
9985
4462
1002
4278
8565
8006
11275
8095
3623
2733
2369
3458
4277
2456
10631
1113
4880
4665
11857
4895
12191
3239
12984
1036
5744
2247
10534
3686
6012
9356
3022
10079
404
5254
12332
10382
3654
8580
8321
2225
2608
7839
930
3414
5607
4567
7604
12109
2602
3095
1202
134
838
10170
5950
11222
9845
11314
9284
7827
1149
8769
10273
11239
9217
7027
11946
8952
2640
7352
3805
8431
10919
2813
4619
5812
5542
480
11907
2849
852
7168
6447
2249
1731
1004
2712
528
4666
9697
1059
17
1488
1877
1658
10706
6124
10882
1083
7233
7144
5979
6642
6992
1575
6623
3249
12244
5398
3219
7510
11538
11599
783
6330
11906
6222
603
12154
7279
6956
305
11372
10578
8752
7243
6041
2956
1801
7505
2016
11054
7719
1342
324
9779
2004
12823
11769
1171
12329
8111
9746
412
4682
8999
8447
11522
3526
12985
10727
10660
12025
10822
10776
2643
10633
8941
8026
3662
9346
2649
11869
1581
12404
11855
7278
4203
4216
151
3909
12653
3173
773
3184
12492
125
9630
730
5399
3213
398
9528
3004
4600
7517
11592
374
748
880
379
4360
8933
1371
955
7658
7946
11999
2253
6995
10184
4392
8610
1269
288
3710
749
7313
9655
5763
6781
4506
12715
9608
2851
12886
1273
10933
9396
12528
4731
6714
1570
11652
3974
10221
8002
4480
1067
631
8157
20
4464
8011
6940
11203
10261
8919
12053
840
3061
5850
6484
2698
7185
49
11379
11029
1541
12713
2087
9096
7911
8386
6363
11577
4851
1751
7034
5036
561
5545
11292
8206
3535
8564
4808
5817
289
5662
1611
1628
12816
4855
8622
7384
6038
3079
1086
1208
12773
11304
12023
793
11133
1199
6456
3306
2413
9713
1462
5552
1976
2400
12044
8445
10552
12064
2246
4141
8561
2012
11865
5363
3120
399
1143
507
3149
10082
7469
10988
8669
11140
7258
1598
8686
12079
9133
8472
8568
10340
7835
9764
4244
73
2122
7514
432
6608
6640
11898
6645
8175
2377
6586
9256
5182
8725
12783
8626
9954
6008
855
1204
7205
911
1296
1074
1343
5572
8413
1930
3440
10321
10976
1707
4642
1304
7246
2875
3722
9943
7171
10786
4122
12219
4150
8518
7709
314
3245
11130
10808
6151
100
4344
10053
5396
5389
9795
9749
9306
5154
4161
7620
6486
4585
7736
10839
7219
10516
4519
1185
2124
7703
1837
7820
8746
11883
3275
11031
3665
11388
5815
7394
8451
7863
11230
8542
4934
9931
259
3192
8488
12725
12392
7731
12297
9209
7805
11422
12884
11537
4369
6382
3961
6962
6831
8954
10609
902
5167
9884
8023
1293
3863
10600
6669
843
8324
4968
2918
3150
7642
11764
2974
6003
10833
273
11280
6241
8373
3295
10259
4221
1917
707
717
8405
5877
1136
185
8459
1162
1300
9252
3233
9567
455
8908
965
5502
2726
1138
6589
4173
4265
12679
5855
12475
12706
7042
5038
5371
1012
9436
10559
1528
407
668
7270
8549
12612
5958
7476
6165
11257
5674
1306
7180
1283
1071
10917
145
4359
4919
3649
8914
7303
5577
6042
4532
4595
2798
11800
6931
1698
11097
8911
4121
8113
3709
2533
7302
6034
9105
1225
5589
368
9068
291
1675
6329
3027
889
5148
6883
10164
1408
7002
10023
11179
7785
2703
11852
6557
7265
9009
9358
7346
4083
10169
2092
4483
5470
4708
3319
8817
2411
9135
2532
466
9465
8502
10042
1344
3130
5095
6966
8013
11123
7499
12314
12505
7697
9727
4571
757
6440
4503
3016
3785
1275
884
9490
5330
7134
7979
4224
5081
9812
1130
1429
5936
7886
7882
11734
7220
10970
3125
5766
7163
5540
2002
12716
2334
718
9476
4820
4918
1234
10568
9581
6359
3299
3087
856
3952
6504
12659
12978
11368
6603
7318
12665
11255
1896
3344
3845
12438
9297
5792
9511
1498
5135
11629
10375
6798
5210
191
6834
371
12711
8016
10282
8099
4723
4439
6307
2859
5586
8275
1635
1046
10743
7169
11210
11100
3659
168
12983
12216
12034
7388
949
7991
6842
5014
6050
6900
11378
4971
2897
4990
10587
1458
11882
6654
11111
3003
2572
435
1667
5633
2196
5510
2323
10750
2171
8599
5951
2625
3328
9752
9381
7207
11254
662
9664
5351
1682
11079
10599
4521
6057
4233
5232
11676
7403
8907
5199
6420
8365
4866
573
7811
10542
10347
6929
4021
10003
628
8632
9992
10829
9215
7374
12695
3421
6045
12614
8578
7337
6808
6707
7722
6817
3641
82
12856
11461
10979
8934
3548
5293
7664
6746
2795
5669
6740
8188
6374
9432
12035
6240
280
4874
10206
630
2075
9037
206
530
9233
12029
8130
3189
10703
1445
5198
7429
5064
10142
7415
4870
11909
12439
12938
1301
7816
10333
489
7194
3473
5655
2903
4268
8370
5565
3819
6167
2141
7293
6619
10352
4883
9938
6004
12709
1297
6867
3072
9141
4102
12260
10624
11802
9378
12350
591
12262
9030
3137
627
1745
9509
9518
5903
10096
1781
8852
7595
2760
2966
9600
10869
6044
3327
6644
413
9158
8508
961
2447
8523
7228
7447
1101
3832
11099
9787
11052
11432
3186
2910
10126
5605
5871
346
5319
11926
9977
5868
2023
9594
10272
4995
12511
11794
4533
4800
7457
976
7378
5714
8762
121
5091
1231
3522
4546
10443
8600
1103
5865
2915
1958
8949
2677
2365
2841
6393
4442
5785
1272
3100
8693
5285
11661
5762
1874
7081
5858
11836
9726
356
5852
9149
6361
10973
9097
8301
3524
5648
637
1900
710
3794
6501
12206
551
3942
411
4623
11325
6217
8417
5359
11970
10607
11112
5788
2191
1842
10772
11382
2176
6743
9811
5992
5807
8064
7050
8085
8696
9959
10504
11870
782
1194
2569
12296
6986
1356
1997
7633
5984
2453
3893
10698
12100
10714
12196
11361
7564
10954
12246
11393
6421
9174
4475
3479
10257
3817
2931
11701
6857
10050
9533
9326
10359
3828
5886
1251
7567
10103
2394
2451
8823
3420
12654
3397
7591
11194
12732
995
4373
6053
3756
2902
10390
6059
12872
8641
10392
9400
4309
2471
2100
5084
6084
6060
11446
3374
679
2133
1160
2797
1082
9441
4684
12370
6489
6712
4076
11890
7445
12557
130
4977
1030
720
2578
11773
6415
3011
12451
9809
7772
11982
9413
9104
2912
1308
3454
11305
5342
11610
4946
11570
5276
5703
4456
3986
3950
3181
3589
4211
8559
3508
2068
9777
2596
3543
1019
7149
5680
1119
2555
1506
11689
10724
4249
9920
11008
5745
7699
3934
3309
12950
12335
1610
9008
9662
910
1742
1213
1156
12977
8005
10579
8376
7043
815
1865
10075
2773
9040
7236
899
7635
3598
8936
7770
6761
4115
8466
386
1420
3849
9134
10037
12939
9288
11324
3268
8340
7698
9947
12078
8410
4332
4448
11822
447
2565
1115
6494
9433
9338
5767
11519
5418
4199
8812
181
10511
2049
9345
41
9622
8874
8463
10046
8481
9064
3251
6090
3571
8161
2264
7750
5170
490
158
3253
12545
12488
74
5551
833
4813
10239
6218
5653
7443
7598
4187
8333
5777
10185
3267
11843
5427
8249
9744
4231
1323
11665
10311
7615
11927
1287
8581
3937
11184
7740
9507
3645
10711
12268
6279
8962
1740
3221
3734
2830
5498
12363
8219
9417
10290
11551
6987
8521
9287
10878
11728
10299
2984
4991
5394
10691
5368
2730
618
2240
9007
8617
2298
7281
1089
9110
4301
11512
9654
9471
4343
2855
3636
10972
5885
3829
8504
3448
8004
8664
3503
3013
5537
9922
3797
8
940
11284
8711
1452
5025
8156
985
9568
9292
157
5393
10845
11094
1092
7530
6186
4698
9022
7592
9177
11697
12740
5667
11842
1284
11423
3796
6364
10554
6652
8507
9616
10191
1127
3303
11754
9527
511
6085
4926
7627
8055
6081
7639
4661
3324
9668
5869
7900
1771
8859
488
6745
5691
4749
1719
9026
5457
8699
8291
12806
89
351
9893
300
8397
10562
751
12645
6542
3723
9491
10094
1776
3519
12848
549
5974
4066
4032
7068
2804
12272
9716
12590
1810
998
2562
8824
7275
2745
7214
5044
1079
11916
7918
10899
1838
654
6047
6143
6315
3304
4053
9835
2724
12087
8552
2032
8532
3528
7464
11830
5248
2099
9937
8260
8654
12159
6915
9850
2718
9056
9513
485
12721
5603
4484
2267
10883
3874
11003
4978
2582
7338
5471
10746
7723
8178
8514
9169
4479
9742
4493
5803
1436
2036
3084
12501
6427
8627
5241
6722
8337
7310
4175
4927
10628
6706
3103
4987
2482
9620
5857
3187
11435
1991
12874
7353
7589
7264
1866
2686
12358
8495
6756
2549
12687
252
848
2844
10399
6211
12281
10304
5087
3472
7826
1968
9928
682
6613
8925
8628
750
9316
2575
9124
12374
9077
7565
9342
4675
415
2973
11971
10961
7071
4677
3109
12813
11703
714
8109
8706
5624
4902
5032
12644
7405
3953
6891
10408
12436
6102
6916
3292
6150
12393
6905
4281
3948
7868
842
7155
6655
7465
12367
453
2118
9580
215
700
3993
10685
43
366
9868
12701
569
12840
2995
2917
236
5446
4011
3020
5761
12452
552
8334
8526
2623
9934
12122
4190
1198
12425
5013
11315
11476
10030
6435
4735
10016
752
5523
4500
5458
7271
11499
4798
10824
7756
10501
3875
10463
3628
3667
5180
2307
3606
2164
1426
1689
8563
6769
5190
914
8131
6422
11326
7389
10491
8668
810
10635
4103
2927
5094
5322
6930
3040
6190
397
3350
11615
9268
4300
11589
974
9965
10763
1631
5892
9669
7077
8916
1928
2473
13009
9290
2862
5901
7909
3617
5268
8280
8134
9970
420
7962
11810
10026
11180
6301
4348
12897
784
6281
12993
8179
4615
448
10077
6993
5825
7527
10942
1359
3890
2676
1871
8462
6925
2410
8538
2636
7891
9390
7777
1793
7721
11389
5970
5043
8793
1405
5933
11578
2219
5244
5783
6980
7631
7684
3386
5286
2819
182
10237
3348
894
9329
1925
521
5657
9526
7213
2969
10432
3432
11729
835
12182
7083
10879
7685
1221
10754
10281
1158
2029
2025
12842
10718
9672
9258
11989
711
8500
1282
4494
3731
11949
1196
3367
4865
8151
5099
5057
11439
3871
866
2662
1893
1948
4242
1819
3099
8556
12540
529
296
8295
11741
1723
4295
12167
3590
12153
1659
5400
2237
6650
3006
3495
608
5366
1062
1311
8222
9024
10709
8649
12922
8126
8512
4891
7482
7119
763
12999
1777
2046
8513
11201
3280
8716
12487
6884
12014
3504
6438
4507
4962
251
333
6837
4051
6466
8895
4313
3561
7273
778
10758
9678
11223
2716
498
417
11866
6581
12179
10297
6444
5558
10937
1612
4576
8593
9017
12137
4328
8097
7574
5751
7665
7210
2096
3412
12836
3362
12188
2091
3936
5120
9347
5675
769
7852
2581
10098
1961
5752
1061
9564
4146
8068
1703
12042
1412
994
726
5159
4530
4364
10537
5026
701
746
1416
8423
9986
2933
6852
3073
234
3358
12632
2028
4239
9243
6445
2052
2854
7913
12815
5289
12865
4285
8773
56
5736
11791
8707
7039
9910
2380
5708
10521
9021
6412
11095
10166
8929
12286
6601
3872
11859
9875
5238
2461
8205
4005
5910
1335
5066
5401
7580
11138
1172
8876
7688
12130
6783
5882
12556
3706
9849
8250
619
10650
6278
5132
5938
2764
11876
3897
4114
1685
780
1177
9486
3855
9219
5862
6177
328
247
10405
9262
3988
2292
4636
5729
5370
5884
9759
1934
1964
979
11636
1661
10200
12921
9185
12671
9473
891
2208
7887
6014
4437
6870
2050
1201
9589
733
10354
1724
3487
8159
7774
4315
6097
672
4648
11198
8399
7355
8074
5517
6405
4907
269
2146
890
8984
3169
8932
6551
5016
12640
8545
7014
8510
4948
10949
5800
493
3538
6506
5582
6248
10855
5185
4586
12748
1471
10234
11819
11796
3820
6719
5246
10565
2186
12162
5336
5414
1174
2015
10289
708
8429
441
3316
4939
11974
8400
1128
1353
2714
5101
10790
10426
632
8303
5012
8051
11359
12749
9208
8601
6614
4582
9546
4022
1478
4055
5645
9267
1169
1778
10018
2882
2156
9588
2611
8842
6290
5086
8017
11688
220
4588
6183
10197
12448
12901
11448
12111
418
132
12145
6098
3418
12103
6515
645
3326
4768
3747
5196
5601
9554
10779
2333
9281
1569
387
11609
6479
6657
9161
10441
6159
11835
7519
5416
10241
984
10985
3312
829
1467
6678
10397
5848
1815
5264
1926
5986
10262
8603
10114
7988
10880
6459
2153
7440
428
6471
2441
1428
10102
6917
10401
7259
6818
8329
9225
7784
11716
5982
11445
554
8751
6611
7914
8185
7518
10850
12002
12320
7738
9946
4517
6303
7534
4037
11828
12016
7783
6892
12150
2472
6720
372
2067
12225
4111
6024
10235
11143
2337
4822
2850
6598
10755
11531
1527
6016
10455
5764
2801
60
6112
6100
1576
3359
8457
6403
9112
5957
3707
2364
4750
11605
7789
1348
2325
2424
10287
4624
5078
5145
5718
8883
713
5926
11562
4730
1111
408
12616
8024
48
2180
104
11674
9583
1805
11954
9521
4787
10761
7762
5227
9372
11098
6373
3525
11795
10598
8983
3101
12591
8382
6065
10593
12741
2816
4246
3204
1879
572
10675
1529
3433
7652
932
3562
224
11056
12484
8629
9315
2520
47
10965
3929
5640
9012
7107
2948
8743
6480
3696
6889
10506
5822
8731
7969
1798
2231
7164
2128
6882
6886
7623
12018
12204
4778
11533
11364
737
10439
11552
12792
3298
8204
409
209
471
2644
2701
8612
12846
844
30
7069
6868
12890
9328
6667
11913
2624
7841
10313
7603
11440
10419
12426
2852
3370
5774
12739
8150
9754
2058
12524
8566
4276
841
7436
6179
4321
3580
12587
853
8992
1680
3511
12164
8621
4942
3451
8283
3018
9065
1333
4075
674
9101
5918
3514
7133
12481
907
3475
990
6032
11561
9210
10188
12751
8336
8997
1941
9078
85
5902
11657
2271
12284
3657
4554
11753
11891
7297
7009
7942
8691
6967
4886
8119
8170
8920
3646
5615
9940
9395
2368
3510
12479
5676
4574
3235
9481
8879
11044
12234
8426
6148
10654
4419
11827
6851
3774
5484
6353
6259
3124
9955
11976
5409
11957
7188
5638
12812
3987
6252
5522
5955
10924
2251
2848
2199
6396
10407
9637
9531
6400
5976
5177
539
9081
1708
2178
9261
6835
11770
12126
4229
8090
8241
3698
2309
4639
1078
8586
537
6949
12134
6988
11433
5866
5608
9207
1076
8878
1317
8803
11135
3102
1477
12474
3903
11625
10771
12403
5699
10773
452
9984
5610
3354
4792
10427
6977
7364
5052
4873
11367
7467
8154
4756
2950
614
10571
5759
198
4241
11233
2754
11259
11568
4038
5316
354
2722
2967
12157
1861
11510
2361
12932
10490
10275
2788
9905
10066
3941
6965
3438
8438
349
3140
7551
11407
1145
1110
211
6369
1903
1899
10155
3078
5297
11316
12712
313
5287
646
12960
9737
152
4286
4573
4799
4324
3633
9961
5700
12766
12247
8355
8328
4795
7424
7644
5705
11601
7121
8727
9883
5495
4398
6990
3430
3851
11899
7481
875
10146
10139
3957
4071
3212
9013
986
3601
12036
12431
11851
1126
8760
12000
1351
2975
2657
7922
4063
5634
6095
9710
4710
4539
8158
10848
1653
9308
12120
3224
1131
3453
2866
3764
9574
620
6076
11157
7814
8587
1734
6766
7637
10459
1435
1369
847
4965
3977
9278
3035
9377
442
8263
7226
3207
8619
2412
7004
518
12024
5600
199
6099
1090
1135
9573
11547
9625
612
10196
9257
7135
7485
12047
4436
205
1377
2205
5686
11273
6730
7400
8741
2313
2659
5386
11261
5460
12855
138
2637
7223
12177
6160
122
10549
6936
9472
9519
764
1182
3417
10248
8305
8326
12514
1346
3905
0
2599
2069
3476
329
9312
6774
10781
12464
2736
9861
7538
4770
2206
12282
715
9585
10803
1291
7360
11037
7884
2753
10934
8491
9192
934
2406
7624
10181
2143
1952
2833
10165
804
9309
306
10887
1214
7413
1505
11121
7340
4667
10719
565
12378
5990
4631
4581
1514
9454
2727
1867
2749
11501
10245
9769
3391
9375
4914
3271
419
10621
8027
141
8747
634
1573
4074
31
9005
3653
1450
8834
5535
9783
2505
1606
10793
2725
3560
613
1943
9223
1178
3076
621
4238
1461
10173
5239
3252
6358
7052
11494
6376
7824
10699
9216
9503
1253
542
3860
12470
3300
787
8855
9667
3278
10701
6759
2030
10006
12826
9447
1054
12755
8039
4078
1380
8216
11444
11929
62
9950
10723
12810
709
768
9072
7090
9076
4959
2837
9723
6068
643
11986
3578
12055
11771
7032
9542
4761
3720
6233
2899
6269
8886
5571
11886
9461
11289
10120
8060
12880
11449
6193
9816
8422
9186
12037
6803
9735
1998
1451
7277
4271
4531
3637
6070
12343
11785
2346
12928
9285
1188
4725
6697
3728
9576
5555
12758
9948
2821
5378
8331
5175
3332
908
1122
6113
484
4379
147
4875
3777
9994
2987
10470
3878
6324
629
593
11556
3802
11136
12323
9202
6270
3982
3904
8758
6760
2660
6067
4757
8554
1383
4428
3760
12634
7435
189
6464
77
1345
8166
3916
4215
8789
3923
12205
9187
2169
12019
10751
1665
1639
12155
7870
377
7871
13004
4969
1764
10789
6333
2831
3619
8828
9514
4046
12348
11721
5403
8516
2388
9154
1366
4465
11558
10731
7706
6828
2080
5465
12384
942
5649
7484
5192
12371
12530
12698
11528
2243
11598
7120
3244
8297
3205
5928
1479
586
8470
4108
1240
97
5830
1289
6631
5390
2564
5055
819
2255
12456
10613
922
4368
7276
3038
10740
4863
9289
11318
10253
3806
12101
779
1830
9640
4570
912
887
5487
1791
10605
3208
11583
4284
7404
9
9221
2631
10051
12574
2992
9719
7007
3626
4147
1100
10611
5639
10361
10277
6583
753
12220
3
4182
11864
6825
3384
2370
44
2179
4458
2937
11291
2538
6969
5599
11103
11670
11879
5525
8697
1674
10356
5419
1051
5266
7571
9054
11723
3379
8966
10603
5450
2545
4721
6775
5308
11571
2618
3389
4553
2697
5997
5060
10270
2039
8361
9926
10842
12907
7308
1692
3579
12422
8655
1743
3782
10093
11686
12076
536
10892
8089
5410
3363
9880
3493
8034
2375
2963
5983
6054
11300
11574
10664
8800
2244
8071
704
3980
12954
1918
11508
7449
4482
9566
5923
238
4140
3132
4846
6575
1187
4842
7122
8839
8252
5406
964
2330
9155
6684
7116
250
2598
11266
10444
7441
2892
12185
11626
7607
2789
9100
3264
8245
8809
6683
9636
6622
12987
7224
6117
10774
11694
70
9063
3254
7543
6934
7602
5899
9231
11063
623
6996
1227
7878
6406
745
11384
6519
4388
3296
2163
3591
11149
11323
3345
7426
8319
12209
3151
3409
8887
178
11211
9420
4979
4949
361
3283
1693
4625
6380
12926
11506
5833
2119
7504
3000
1226
10267
8063
10442
383
4072
5515
3911
9857
10623
2943
9084
9693
6649
10642
12187
4023
7470
5828
9942
3804
5230
3331
6390
7880
6512
2985
8299
8366
3864
128
10276
7601
11814
5374
5849
5459
12719
1508
8041
4191
9427
7162
5683
87
12039
5878
15
7312
2905
1522
4674
5844
6742
3428
11073
11730
6262
3216
3355
8574
8213
10550
12988
6556
9867
12566
755
6243
10004
7253
10431
11456
12648
1431
2586
4027
11981
12419
2751
12971
576
1763
9510
5411
12472
7001
10888
4403
2615
2652
4031
5007
2011
2000
1459
12402
9862
1916
3393
7208
3220
7670
10451
8139
12469
7531
2273
10212
9032
5191
2619
7323
11170
690
11831
4443
10078
8569
969
9774
8476
10573
2151
721
3330
11675
4251
9419
12473
11815
2300
6711
9369
327
12510
1762
468
8547
1386
7606
5222
11169
2539
12215
5117
3597
5611
2259
363
12232
3388
4178
3790
4387
9911
7030
2684
9980
4172
6734
2345
3513
4826
9706
481
4204
6425
4036
503
11848
10986
1732
11647
11887
228
771
7261
11767
8392
2107
8207
3638
2216
5722
450
2893
1695
3135
7833
7306
4606
10205
9254
594
8753
10783
11134
2127
2583
2606
3907
3138
7150
10817
9827
6194
846
1010
6629
6713
6957
2530
12515
6163
744
422
9692
4049
3939
8434
10398
5340
5326
6658
11264
5816
11310
7046
4656
5323
1684
585
7283
770
1775
7676
6523
939
9006
2448
2242
4988
9412
3413
5235
11720
3967
7727
6335
3183
9537
1261
1602
3069
6954
12835
7176
4747
8596
12278
12905
4418
12879
3048
6679
3673
2784
7266
9270
1630
10048
12623
139
6323
6901
7319
3502
4663
9042
10049
5644
8001
10641
2776
12040
9099
2008
10025
103
72
9858
6791
10161
2990
2775
3683
3979
1875
2777
10175
10117
8904
5917
11680
3405
3469
3142
10207
497
10437
11920
831
4704
4209
4805
12512
5092
8489
7349
8805
12210
7938
4700
8267
10301
10530
10150
12956
6696
8015
3377
5417
6401
6530
8946
2906
2062
12621
7347
1392
3759
4054
4817
11237
9385
5302
11500
6332
8833
6913
3989
11998
2628
3449
8310
2145
2123
11311
837
9963
2303
5969
11225
4306
6056
7260
7399
3380
4363
10434
12754
11427
9767
7885
1393
12480
4019
9748
520
5988
4384
11956
12195
3371
6942
12208
7496
2518
4067
5758
6468
10821
7597
8419
927
6158
3688
6282
11343
5568
918
8446
6260
358
4955
357
1391
3846
6439
482
5809
8772
454
12166
11034
8312
1159
6763
7098
6764
5048
8046
12827
6314
3582
7593
7755
11778
3545
10753
11051
5072
7186
5511
106
4811
261
5171
2275
3031
4516
1807
11014
7472
1509
5595
4189
272
11608
11322
510
1336
8806
8092
9451
2017
2690
11725
3509
2861
6225
6327
5380
4935
11539
10539
8971
7957
4170
7451
8048
8182
8818
4495
941
6795
3168
2097
6021
1921
11122
6985
2832
6010
11677
12883
5384
6513
1105
580
8821
12828
1595
5263
1645
2126
12710
799
3444
8281
12722
12658
4763
3815
4707
7335
8033
4936
936
12140
3191
8900
2880
2587
2585
5033
10844
12465
1556
11740
11387
9629
1605
9650
5070
11009
1629
9041
10905
9612
9340
4454
2691
1516
9034
12765
6011
11966
12990
2887
10149
4596
5528
1853
8673
4302
10886
9670
243
1013
12527
2360
9817
7058
9796
7142
8116
11880
4620
8100
11258
4670
2318
61
6850
8915
2210
2604
10843
7819
3792
8694
6147
6036
2136
6538
8086
12601
10119
1305
8739
8613
2402
2737
2577
