4325
9203
10582
10897
9110
10771
6804
1617
2365
983
11784
11398
6185
2118
11623
5721
6180
6736
4397
12106
3636
9501
4583
11110
1700
6896
3310
9906
356
9464
12584
6887
4680
10084
8599
7864
4319
7897
4450
3820
10342
1238
10188
2911
9528
193
749
12646
1061
4671
131
11179
10448
8110
10135
11024
10701
10183
9405
108
10584
3174
9903
8640
10876
3949
6641
5438
8291
1688
12381
416
10256
8345
11798
4039
6568
5889
10893
9655
12031
12641
11402
9878
4799
9494
4485
7934
2392
6453
2092
2641
1423
4797
3228
11853
7970
5137
12582
11351
6375
11045
4798
4412
8139
10208
8702
5485
12386
11308
1283
5113
3815
9648
7642
9094
10380
12420
4552
6801
12181
2708
6238
10155
2961
7462
1652
7689
4096
8252
4107
9202
12086
10733
6764
319
2455
8898
8860
9714
7021
818
6883
5615
348
11029
6452
9904
8654
12022
8379
10103
7125
7
7494
9415
8889
12280
1376
4573
1057
9783
4869
991
12631
12402
4219
809
8642
7752
3368
3403
12195
8017
3995
7716
4766
10225
4922
4557
8653
4212
337
240
2962
11038
2648
8657
316
2623
11348
7051
12617
7465
12951
7664
9444
2174
8969
759
5343
8972
10349
8292
7403
2157
4010
4682
9401
2287
7858
5147
11134
10066
2697
10207
7798
74
10748
4926
7653
5590
830
4511
7658
3425
8858
6742
9090
9523
5716
12128
9074
6854
11186
3762
556
2772
10369
8648
1358
8011
5843
4165
5481
7697
10059
12517
9601
4915
1742
7936
1928
9583
3773
2560
10525
3358
11386
3625
4558
2363
5786
3161
6686
6786
7784
11055
9515
5150
6578
7163
8330
10967
11978
640
11410
12120
253
3271
10807
6768
4013
11420
308
10056
12536
6956
9933
3485
2341
2304
8828
12831
5864
10069
4746
1949
11592
10378
3387
1650
2645
3781
4060
3667
9893
9119
1690
12862
2387
2763
701
10765
3980
4043
280
12554
12412
3375
9981
8287
3121
1611
12174
3006
2565
3224
2945
994
335
8614
11501
7569
10009
1589
8740
1022
12467
10210
8337
1091
9116
8826
7971
2163
3096
10310
5588
3338
9965
12448
3214
11338
7064
5112
1508
9694
4082
6703
10384
6068
6605
10359
2294
6680
7993
10756
5014
3274
10185
5332
5308
6855
12065
3016
8627
9622
12940
9718
12275
976
6566
7597
6384
8138
5232
12333
12326
9000
187
11331
4385
10670
8879
3037
12494
895
6122
10335
6588
6081
6381
5846
928
825
3910
3967
13011
6126
8691
9632
6776
11366
12041
7375
7515
9756
7909
9390
4679
5504
11471
9002
1987
8021
4545
6083
7422
9005
109
10872
7643
497
8058
3265
4418
7249
514
2726
6815
12674
6533
6105
5948
7969
5262
2617
2159
731
97
613
2732
6070
7596
8680
2603
9340
593
1528
7011
6869
4549
4446
5780
4738
12016
11572
2845
11648
5274
104
7667
2373
3058
847
12083
7594
730
3984
508
10577
10728
8048
17
2074
11240
9293
2129
577
10597
10879
3834
10306
11603
2031
9667
6255
6364
6910
4408
7799
12959
4562
6724
9426
10383
2959
10631
10594
12486
1986
1536
4015
469
3733
8765
477
7331
4550
7671
8975
7847
940
5813
21
4500
754
8978
5762
7446
10648
5717
2983
9226
11543
2024
11271
3298
5139
9633
978
7703
2522
12661
12594
11538
9686
8327
2871
5936
11114
12411
760
5379
842
10658
11862
10927
6889
899
6349
1837
2841
3735
3283
11855
5987
11748
10393
7417
8620
5470
4428
1658
12744
6769
1520
2978
12815
2307
11093
11121
6273
2980
9915
6868
10761
10898
4526
217
10817
7093
9764
6027
1253
5208
9805
7368
6823
8512
8741
11787
12616
11566
3584
10730
1750
3674
5394
6770
3673
2064
2210
1334
2642
6988
1529
7557
1369
2647
9653
4905
6639
7344
12659
11417
10391
11935
8388
12966
6546
3353
4160
3683
3252
3254
3787
1779
2790
1710
7434
2968
9348
6790
3259
10587
3892
4987
2011
4421
6822
3201
3694
2537
12487
6673
1378
6189
11926
7469
10167
7438
8052
5686
9520
10284
8848
4128
4411
8908
9710
5105
11775
10017
3250
11901
6224
2990
8201
997
11768
10755
800
3621
10072
562
3014
10293
9252
12284
690
4659
5957
7232
5945
12873
7224
8861
311
511
5413
5444
7325
8180
6014
7586
11360
9237
10290
2185
3215
9771
9229
4125
4045
6457
317
4474
8760
10744
4593
8363
161
7171
3420
3388
6906
10376
1793
1084
5925
9386
9373
6239
8598
10360
7127
1028
12111
4048
2744
792
4807
12745
9699
5917
10453
3132
3232
5857
8397
5440
11713
3535
13
10045
535
4568
12366
5853
10122
8224
11525
10340
10173
8108
6124
1505
6657
4265
11198
1701
6136
3005
9055
8516
11279
13006
8131
8521
4457
11461
1761
12562
11755
8646
7876
12877
3092
10955
7369
7802
2175
4369
7238
505
12492
12213
10718
9300
2037
9311
2464
2171
9910
3494
8615
7966
9660
2764
6706
3300
5222
3241
5743
6490
9310
3385
5487
4451
3484
5944
1441
11449
11393
9334
1525
3237
8181
9639
8059
11941
11432
944
12356
3162
489
11567
10954
10727
6601
7718
11611
12214
9364
3923
8360
12525
5276
5099
9339
11265
4020
5826
5118
2703
1999
6019
4688
9672
6380
5625
1198
5891
8564
4151
3966
11874
3376
6565
7137
7210
10681
8186
10983
7467
6393
8299
5215
5646
7305
1473
6507
10556
4849
7709
4371
11822
7002
11256
8956
9745
6363
10406
10046
4000
1296
3902
6367
12506
5758
546
2731
10863
11550
1396
4643
11347
7180
12514
8415
1027
4750
7840
11968
10485
5705
2517
2809
7113
8755
10319
5474
8895
3914
4537
1577
3066
2042
1348
7443
8112
6819
2104
924
3566
11357
2058
7159
3273
8051
6969
9643
1389
914
10999
5418
12273
4291
3782
8071
8463
8922
5833
10509
12524
4295
8667
7567
5045
4882
7483
645
1946
9184
5218
8346
9690
3582
5559
10238
1861
1158
481
995
10792
6974
1522
7795
8536
1497
10098
11108
7464
5243
1167
5512
9570
7856
1726
10592
10822
4650
2851
10316
5015
7646
6340
10255
2239
9272
4588
6618
7052
12504
11902
4753
6592
4289
1466
5951
10395
4234
5509
4866
7510
5986
2753
162
1543
6640
11842
7455
9759
7076
8228
8697
12155
765
10468
2193
1488
4569
393
6369
1697
4085
7666
4656
7008
6191
3285
7225
10244
4567
2080
4189
5636
2767
1567
4967
1755
595
10258
2368
8187
6231
5168
493
9659
8441
8155
10168
12221
5489
10182
3983
12469
6339
6672
4587
7029
10287
10076
9389
8638
12357
7182
3541
8162
12783
3103
10240
5039
9869
10334
2038
5172
11773
2269
2735
10683
8314
3963
3242
6334
4621
12118
11600
11579
11524
8263
12988
3982
7031
9857
5493
12526
8492
8469
12076
9574
2062
9856
2132
4375
7277
6555
7480
3572
9031
986
10364
320
646
5445
538
4068
1443
4771
7814
11759
4354
1805
12010
8970
7012
5519
12587
5184
8119
2503
11494
2685
6898
6941
2669
4538
12555
6753
3738
12396
6962
12667
12316
6711
11510
1965
10216
12937
1566
8607
3676
7264
4936
11612
7891
5170
7582
7549
6845
11044
6837
6632
843
1100
12708
12934
11788
10513
12113
6859
5764
7265
7000
12518
4042
12713
2120
6708
8128
2899
3379
1306
6269
883
433
11448
10067
8664
4251
3835
10741
368
3964
12547
7631
12491
5547
12267
6587
5832
12710
4875
1966
4940
9846
95
2719
5326
384
3778
3026
7186
7593
474
10488
594
8626
3115
1252
11460
733
10047
6347
10851
4406
4535
4779
10454
12045
4506
11622
715
11531
4314
7729
676
2724
1725
5792
3992
3507
11985
1535
4985
6897
4441
4972
1169
2811
7491
12878
5882
11709
2077
8892
10660
8066
12915
11889
12163
4276
2740
9741
2388
4863
4590
8714
2954
1269
1410
539
1997
9038
8689
1558
6650
7507
9132
1236
397
294
7419
8202
8857
1081
10616
6628
5838
9213
6674
178
4436
757
2046
12861
1120
533
977
9446
2892
4442
6
2629
7641
9381
10579
3279
10197
11604
6722
11530
3182
9989
2768
4510
11908
4977
5906
2491
6908
2036
12395
5719
5836
724
8384
11973
8518
486
12913
10500
5886
6847
9125
531
10742
5165
12363
3119
2470
3831
3701
11518
4699
12529
8708
81
11859
10191
2032
8381
5385
10643
9619
72
11182
8005
8868
3157
11136
11786
9357
552
12294
5704
2194
8658
10895
12350
7062
99
6972
7692
7301
6102
9223
5351
9367
9062
10909
9542
700
148
9057
1661
7426
12321
12866
6060
2541
12230
9246
1471
9092
7107
11222
960
7193
1925
10560
8303
3253
1748
1827
79
7032
4910
8371
9744
2958
12018
888
6952
8992
12274
5347
1869
3371
3456
11565
11835
10736
8953
655
12952
9935
6919
9077
10953
11741
9281
7430
8573
11811
9624
6394
8754
6344
4980
10737
8673
1385
5416
1346
5247
500
10004
8367
12199
2336
3474
2008
8600
7822
8453
12276
6890
12353
3082
3044
1944
163
6268
7115
12498
3579
10323
1780
8500
12293
4884
5631
9637
5108
2566
2690
10327
4316
2399
9919
5818
4615
244
4942
10836
9075
1643
11350
6604
2142
9826
10924
11857
10307
6558
1119
3684
10639
12543
9069
11904
11215
10843
4572
8745
4548
1226
10883
10371
3227
1541
7779
6811
7055
112
7405
8931
9198
541
3602
7724
5110
1421
1399
10444
8704
933
1294
5811
11148
1262
4387
2866
3972
10628
4591
11563
255
6276
11180
7680
12089
8621
12680
12101
5699
11376
336
9039
5008
10798
4253
10717
7401
3314
3918
5995
10680
11392
2443
7421
1274
5321
7553
2248
4503
4908
10152
2766
7295
12318
5564
2614
10604
3286
1402
9836
1509
117
11707
11489
4791
12650
10590
7514
12692
7387
1888
12464
9232
5223
5666
5186
948
4848
7237
9854
9576
11833
12625
3296
9711
6275
8796
4306
9606
10773
8757
7972
1243
597
4732
6486
5352
2667
215
10613
1406
12705
3825
10566
7296
9403
4063
9509
11738
3522
2354
4334
3017
1195
7609
9647
9885
3021
1060
8144
9887
9610
6542
6967
9700
12507
5258
5870
9442
3921
4468
6862
10209
3681
971
6194
5723
6077
8020
2026
10626
7576
516
12829
9088
3530
9016
12798
10028
12502
1030
4323
344
9625
11261
9751
11406
5430
5633
10104
2181
10921
10571
1182
8260
5881
3330
1950
820
3556
4555
9657
12249
7060
1234
5812
11364
8342
4233
3956
4483
7049
778
9990
11602
12953
7882
9831
5384
5342
3459
10760
12701
9513
5439
3644
69
6929
2595
1930
1450
8556
7768
10524
10553
7001
2894
5225
463
5465
9758
11369
268
753
12159
10640
10233
9320
6398
1806
9614
8920
6942
10569
6113
11069
1331
11830
7756
12251
4255
12332
9329
6602
5307
5207
789
5865
7010
3347
12620
611
12341
11465
11674
12344
8602
6257
3971
2660
12033
3990
171
6291
1276
4508
10944
32
2349
10474
8358
11633
4209
7977
9050
5822
2877
687
6400
7432
2197
176
4022
2568
11976
6820
2799
4838
3229
6514
12216
6849
6208
12007
5772
5166
4389
8250
12000
1981
211
916
7626
9061
7030
564
2676
3133
8526
660
9347
1838
470
8784
6491
3950
6235
4210
1716
779
2035
8234
3290
4561
6272
5514
7585
7022
10020
3137
6128
1374
1881
2821
10282
8117
2050
2743
5350
4222
1190
2804
2073
7508
65
6033
9160
2172
4851
10451
5475
7974
7234
2081
718
1660
3370
2374
9351
10430
1947
10722
5517
6834
12006
12607
11880
3081
115
2244
6316
3477
12122
7294
10198
1188
6058
7314
1939
8304
9529
1937
706
147
1860
2550
6891
11849
9404
12844
4672
3594
5578
12020
5892
4469
7871
5584
7769
10536
107
747
11066
12828
9216
8188
10355
8528
137
485
8725
7786
10150
12445
12947
10041
11570
10367
11356
2291
5852
4224
11969
4208
7581
1000
12466
11650
2692
11254
3722
12777
4631
6091
12227
2704
12638
2041
6041
10724
11454
9952
12528
9096
9344
9087
11584
3045
10506
1571
22
2893
5672
3588
12580
898
11100
4236
8594
9035
6740
7592
2135
4531
7948
4735
7353
9502
11911
9105
265
1626
10712
1173
146
3297
2009
4997
7089
7790
2915
11728
3303
6348
375
544
10666
828
4902
5025
11502
12909
3019
9361
5816
2019
5245
6827
9118
10204
12165
7039
1674
10578
7354
816
4664
7364
1993
8852
1532
10573
3909
2173
651
2860
2558
9489
9460
9338
12049
1498
826
6013
9276
7299
8918
6151
10612
3774
7214
10471
8097
2846
959
3955
2694
5216
6884
8968
4003
927
12389
1513
10620
5909
11174
12057
8676
7623
5918
11260
7461
5341
9015
11073
7390
7166
9561
11507
1850
103
884
3961
2457
8085
10247
8254
5507
8917
7949
1544
11013
10161
1202
7707
7541
4702
10109
9742
4004
488
1812
9497
7122
12102
11428
7138
10562
9693
1024
5421
4396
705
1031
9780
2299
11268
1487
605
8946
5127
12177
4962
866
2018
1404
752
2285
5828
10273
5414
5922
6149
5355
6765
181
3308
9589
4448
8455
5696
12850
9282
4073
4391
9627
6505
2342
455
4067
2355
10952
4227
8094
12488
5441
8009
11169
4061
5125
7758
8361
1007
7867
6893
6383
3009
8156
71
10379
10274
7079
11597
102
1285
3802
1215
6918
196
11677
1289
4574
2605
7096
6331
4964
1811
11408
3030
11619
8830
10880
7878
11591
7935
2059
12767
9396
4279
11241
6939
9010
11630
9680
9487
9192
10467
3164
4243
6782
942
648
7174
1006
6385
7741
4008
5097
993
3342
8743
6575
11796
4190
9757
10260
6141
12123
2382
2622
1224
860
7980
11914
7706
10768
11074
4484
4921
6225
12770
4609
5950
4054
7202
1880
12640
238
2069
1338
9551
5142
9979
8268
10320
7851
12846
5193
1453
4138
11249
12916
10350
5006
165
12592
5939
7619
6351
5148
7516
537
9327
4403
12178
10482
5017
9089
8217
7881
5053
1679
9618
8262
12307
7288
8503
8558
6957
7045
12296
6323
3606
11970
11488
12725
11126
9079
2671
12570
6976
10580
2306
6386
11212
8454
4988
10956
5227
9392
10214
10593
3526
4939
5675
247
7413
5825
2688
7188
9662
10118
1373
11016
2921
9552
8368
3505
5023
1762
2593
2963
8888
12894
796
11470
8871
6108
1411
4093
11411
256
8651
6665
12461
12689
8661
11905
12345
5680
10437
1623
11150
7017
4554
5795
5192
3209
6773
3414
3520
4924
3499
10096
5702
1301
4984
399
9368
4957
2874
8685
11113
4184
2559
3207
7253
11918
12830
2549
4415
7286
5498
4955
667
12558
5128
2998
10998
10518
11384
12343
4737
7223
9616
5582
1241
8074
6115
12658
3068
9787
1343
4429
6856
10487
1
12347
11925
1223
6292
1594
2218
11445
424
1265
7120
8394
1655
6760
11727
11109
12141
11888
11
4499
9679
11391
9971
7169
5345
11923
58
295
9341
3156
8887
8761
3525
4783
2130
4579
12593
9706
8410
2643
5779
649
12571
7520
7143
9135
7523
11071
8771
4881
2472
9154
2256
2145
2885
5144
10136
8213
11854
12684
5052
10151
1271
2040
4168
4185
3423
7535
9752
12379
7824
12872
2094
6784
2655
9791
3268
5472
2747
10049
7047
1207
1550
9013
5916
12017
11780
9481
1089
8422
1439
11852
4017
917
12088
9485
10305
1667
10689
5803
12787
1677
5111
10315
2776
1054
2351
7754
7730
5851
8042
6345
1277
8578
4196
11765
12962
12346
5868
10565
5455
11832
12668
10873
8586
4228
1666
1272
3389
5502
9970
8100
12253
5730
5471
1040
3646
3653
3759
4777
11858
4512
10186
2853
100
6996
5847
10588
9289
4632
11305
11909
9365
11947
9736
9243
4673
10035
7862
10038
10402
1782
7805
5288
5508
2950
549
1657
3846
3341
7124
8336
12577
3647
4281
1620
1161
5456
5317
11226
12115
8129
2994
4482
8531
4713
5528
4605
9423
12682
9769
4768
6442
11792
11982
12234
7652
9176
10090
9407
2265
6368
6980
3020
1211
1868
10976
10048
4520
8524
5579
3335
11284
573
49
5835
5563
11840
9530
7266
11841
11048
7905
7154
812
3095
1503
2439
12008
10163
520
8054
12820
4723
6805
3975
5325
1370
10778
2585
1691
7050
8233
9051
6917
12367
2203
6146
9983
4011
9755
9870
6623
10459
7721
814
10859
10110
7506
3328
7579
4111
12394
5941
2153
11400
6390
8675
4616
7275
10903
10746
1686
12500
8460
664
8145
2609
5079
4498
9006
5490
1952
6599
8494
9695
8293
345
5765
11253
12047
6357
6104
4135
13008
5965
12009
9456
8282
10559
26
1483
5664
8018
3987
12145
5185
5289
7199
6379
5827
4789
10366
5785
3765
10913
1035
2097
3109
6788
3325
2123
5793
6970
3170
7604
8588
4443
106
10232
12654
8609
6504
2228
1671
3962
1494
8200
1451
3059
8474
12559
9543
12720
3529
1859
5362
5751
4144
12319
6142
11634
7345
9641
963
2737
8405
11605
7229
7463
8616
6447
2765
7306
11032
10684
1856
82
11730
8546
7522
1961
3968
9913
12662
10900
10407
10328
2712
8606
10669
7059
6485
5217
11002
2567
3931
6300
10775
446
2739
2460
5859
1516
4465
6310
7158
12931
11363
11732
11912
10356
2653
12099
8354
29
2199
5271
8845
6107
10291
915
6322
11346
7230
6303
47
12384
9607
7251
2475
8101
3991
7441
5388
6792
762
8312
12393
11896
5501
2571
4885
11453
11527
12586
5080
13009
5930
10298
3383
9280
1447
9162
8113
6258
1437
4274
9768
7019
744
145
3191
11039
4663
3675
9353
2076
3786
5627
9242
6243
2730
969
11229
938
1361
430
12856
10514
3263
3434
8779
7496
1506
10058
10061
6218
4454
1945
1384
7717
1458
8419
6842
1590
2752
3974
6377
9120
5700
2340
11745
4087
12050
1340
12397
4282
9488
4133
10006
5029
7512
11195
8751
5088
10296
150
4929
725
12550
8717
4157
9726
10856
13002
7789
6307
6545
5733
2271
11676
8365
9409
6633
9147
4162
6065
3508
8916
10527
6098
1539
5318
1365
347
1969
11556
4377
10156
2632
12762
9816
2178
11052
6038
5040
4530
4974
3996
3925
10829
838
8418
12036
8028
2997
3850
7445
2628
7470
804
5970
6470
10878
5708
2329
12143
1284
282
11232
4077
1485
8974
6362
4012
7189
11068
12781
9422
11763
4493
1181
8776
8306
10882
415
6233
5749
4494
877
3309
4330
1352
12175
11078
12604
185
3679
6744
4850
9896
5763
9860
7999
6133
900
6774
10788
5292
688
3604
10726
980
11814
8966
845
12157
9240
12814
8480
124
10511
780
11424
5529
1733
3543
1738
2944
2689
301
7279
1936
5138
5641
6646
12024
8040
4553
4640
5562
9447
2933
8135
10781
10914
3427
305
7803
7804
8249
2686
8684
2133
6603
10847
8259
5744
5476
4634
4973
8950
4502
10354
12918
267
166
2423
11718
8364
11289
6526
7759
1534
3626
8639
10352
2625
2029
6010
4999
2630
9510
3599
3763
8733
7570
24
11193
5279
11033
8711
1957
10800
2313
7358
10985
10992
113
142
6668
7142
10111
2446
1270
1601
6372
402
7157
491
7986
1052
858
10339
681
6965
125
4759
10989
7720
2424
4360
2729
9709
5095
7943
6573
5241
5874
12351
9255
7373
11486
12382
9615
2696
2409
4873
64
5159
4393
3262
2187
2542
10333
12051
8373
4458
6903
11216
8877
2806
12283
10846
9433
12304
172
4607
6137
4564
12257
9828
11374
259
2957
8996
11472
12490
3163
2649
6247
2723
763
9323
8165
8172
9882
11560
12203
10961
5231
4175
2317
5784
12693
6512
12401
10254
2771
6190
12643
11267
4307
9871
12110
2279
9597
726
11910
9920
12533
5283
1033
3361
4822
8272
10494
1551
3959
6157
10797
3645
7889
7278
7164
2381
7765
7378
4182
1920
4976
12958
11870
671
1889
12479
8730
8698
7686
3350
5356
10012
1791
11705
4654
9988
12895
3908
1518
11614
8624
3439
4006
3278
10810
8380
12823
11397
9301
1715
355
3814
4492
10713
8787
5495
11657
168
10534
12306
3192
9028
2066
8255
9772
12563
138
12936
3028
11675
12624
4627
6620
12269
225
6132
12839
5081
11302
1511
3339
5513
12637
9138
10130
249
9312
1476
1654
2683
6616
1687
4132
8012
7808
527
12726
1835
2680
12943
1940
11035
9946
6389
9954
1379
5256
1329
1415
499
8522
6423
558
10313
2453
5016
132
2992
4896
2485
4290
10470
4773
1155
5806
9620
12470
3506
11191
7360
7466
9586
9697
4772
410
6524
2620
3957
2594
9374
966
5687
1310
11984
4667
6554
941
12976
12309
10759
10420
354
6959
12963
764
9498
9642
703
6846
11043
6438
6539
2665
10532
5875
9941
2089
7751
7134
3755
1798
7536
1051
1892
5542
1523
1631
6739
11961
2017
3457
5479
885
9650
1461
9322
12226
7818
9017
461
8294
9036
5423
9921
801
2977
6664
2125
8961
8977
1634
11953
9436
6499
4986
10133
3574
3222
7040
8239
460
5621
6388
3488
3205
4263
7775
10963
12107
3416
8136
7777
2310
4308
10375
7834
12716
4449
10583
7624
4626
616
440
1633
12520
7104
8801
1628
2437
6781
12415
8655
4876
9808
2323
5678
12109
9175
6683
6694
4382
12761
12453
5013
581
12012
6734
1457
7853
2778
12423
7361
11085
1931
6480
11187
4239
3142
12259
4815
1069
12478
7497
7896
12995
5123
126
2500
1099
4541
4570
292
4755
509
9536
8718
8045
3960
2161
7691
9478
353
3780
6454
7321
7880
12527
7290
11568
1564
10656
6831
5240
11703
4551
359
12900
2989
11990
8152
8111
9969
1732
9474
12583
10600
8703
10220
1475
9582
7269
6821
8300
4725
11178
4900
3809
10696
11687
11210
6419
6589
7117
8318
2212
10831
10763
4706
1718
2982
5334
8849
10796
7014
4909
6023
10421
7069
1978
6803
12590
3352
8986
3176
4835
10194
5543
261
657
10906
12098
3790
6836
8716
591
4089
11856
11628
12245
656
11231
12645
11559
6808
23
9227
5482
12779
2255
1087
9123
9936
5624
11262
3302
7568
4204
12066
12456
5820
630
3905
857
3998
2661
4084
8133
7852
6469
8413
12908
10785
7285
9668
3635
9645
1914
8637
2236
9129
6817
7841
8535
10100
12288
3736
2115
7550
1556
1575
3936
4433
6250
6112
4099
6794
4075
5580
4378
5821
10373
8999
10266
8196
1316
7449
8014
8958
1942
8400
2273
472
6839
4600
3804
11983
11519
532
173
11245
7479
3374
11094
517
10688
1521
867
3148
12794
8178
3928
5336
4250
12698
3924
5572
4481
12503
6940
4726
10818
1840
11762
7770
12927
2505
6356
5411
10074
11720
1286
11223
9477
9806
10157
7679
4793
6648
2986
10239
10966
428
4425
2621
12369
12743
10826
5783
12511
8035
12753
2579
11415
3097
466
6617
7526
10595
9556
506
5885
3803
4681
2633
1906
4710
9417
1427
2452
8332
5770
7893
90
1486
6682
12938
3011
7922
12465
6406
5560
7915
626
9525
6301
3116
400
7371
1104
8427
11124
8056
6308
8493
11310
9439
6666
1079
10432
9372
2530
4952
2925
9519
12565
6111
2444
7590
6409
6500
1546
7370
11916
11981
3317
3073
11238
12078
10032
4756
2049
2396
2361
4148
7906
6042
7673
9397
5855
3467
803
3113
9382
8841
569
6005
2576
6116
11101
1621
10428
4399
2718
9890
4947
11571
12773
8073
1943
6230
6912
12789
12447
9082
10280
9315
4475
625
9343
11070
4612
3731
7013
9526
3482
3025
9020
3106
8116
4916
1299
10982
12874
9595
3312
10141
6007
7213
2478
7316
5391
11863
2901
3999
12400
10899
10491
7103
5295
245
8866
8266
9144
4273
12371
6562
7796
9186
7683
11468
6404
9738
9894
8944
8565
2201
10611
8464
6199
637
11544
3772
1474
10699
7343
7338
2652
11714
1929
6723
8077
1612
8338
2501
11725
9294
9612
4191
1603
4618
12476
12403
10410
3373
10411
5729
475
5011
629
5638
11750
449
9247
5268
1538
10093
12137
6927
1583
8854
11998
2044
12808
6129
10523
9151
8489
5968
5480
7918
3400
5713
2148
9413
4501
9928
10338
12223
10226
5450
38
10398
9912
5484
10623
11887
3532
9279
10838
5790
10634
8232
1524
11837
6581
894
6173
3824
12313
5810
5424
12046
4586
5083
6176
10533
1255
2946
372
3789
9177
6775
3747
3091
9354
11754
1647
5919
9684
9475
5912
12156
3539
10770
770
10078
5419
3927
10857
1659
8670
6543
3258
9809
9277
10665
5027
4507
9868
12103
4628
6752
8207
10734
12179
2075
10138
8747
9605
10995
11537
10721
5058
9930
2929
1552
6366
11672
1344
8132
6232
2917
12170
6878
11291
1619
4846
9058
9841
1676
441
7616
1240
9104
3895
2760
11815
8540
678
4983
1408
11594
6923
11181
9674
8245
6818
10268
11668
11684
3218
12596
551
12287
5805
10892
8366
9825
10180
5499
12264
5312
3632
4695
2131
9822
12864
1776
4404
9400
2086
14
1433
6338
6946
10531
11992
3155
10664
2325
10269
5494
5211
9370
3685
904
464
1191
5451
4504
9435
9355
10747
4055
5997
9395
524
10996
3571
2664
662
5553
12063
590
3965
1731
7952
343
284
12886
52
8149
12660
1064
4407
2450
1773
8466
11665
9029
227
5191
3305
4220
8027
28
8847
5959
9566
9496
3246
12205
3661
4604
9635
1159
182
4859
3669
4592
8216
839
5373
2875
3901
1037
2510
7415
12599
1029
4414
12377
10052
1967
3953
835
7920
6767
11821
6879
4705
5724
12390
1795
3101
5401
11378
4968
3537
11526
1477
8126
6290
9420
3591
7914
7315
258
2521
133
8235
12200
11224
4267
3292
9777
10887
7175
2926
4351
12903
1896
11942
2078
11106
5453
11809
8738
4890
8195
1372
4956
4774
833
7620
4315
7912
9018
4856
3937
7938
8428
6931
6325
2102
2734
10922
6725
8906
8067
3124
11823
4338
7693
7656
9560
6427
2415
11791
7748
8803
5244
6871
5299
7054
1111
11236
8302
2903
7968
11248
1320
985
8938
3538
2884
2333
570
5358
5298
4686
3323
2315
3386
1757
2106
11211
10231
4763
7793
604
12489
2433
12121
13001
1699
4129
3112
6140
6402
689
7930
5983
3344
8064
10519
5630
5890
8243
3472
4770
10947
7774
10951
9677
3926
6885
8209
4005
4556
11552
12
3919
7309
11922
4059
13000
4340
3592
2335
1392
10031
10417
12681
12780
5643
1579
10010
2098
9224
4806
439
9658
817
11639
11801
1465
4379
1678
2864
6032
5329
9584
7025
4143
2337
7140
6930
11107
5913
6763
3480
7053
11099
7908
12067
3102
5114
3704
11682
12687
11583
10000
6824
550
2151
8720
6813
5839
5819
9563
9947
11309
5179
5425
9821
12791
407
621
7444
11011
3396
114
1144
4317
12971
2554
6371
3979
4056
10347
2736
3779
10772
4584
7960
7829
3333
8688
8190
8798
7312
782
3223
9977
11082
11963
3799
1327
12741
2659
4009
8032
7817
8872
10896
5788
12135
7170
10099
92
3391
4678
2545
11616
10429
153
9222
6714
6299
1540
9698
3483
2638
679
2619
1449
134
8907
10288
5506
9608
1985
11478
5768
2052
1150
9861
11383
3331
4071
3346
10735
10558
4898
11999
7400
1456
2208
10475
3580
3471
3307
8597
1651
2644
702
6535
3852
10561
6704
453
2733
4336
3023
12759
5670
4427
3628
6075
5635
11655
10642
6187
7928
6200
8948
1264
4038
9454
4453
4781
4811
2198
11995
4917
5190
12126
7639
1821
9207
8644
3559
2061
10945
1009
9428
10142
7349
2668
5135
1555
5860
6916
11324
1336
3120
11536
7781
12653
8758
12092
2263
751
12859
8791
12691
1082
12282
8635
1578
6800
8773
1110
9007
1915
4674
12388
844
42
1003
8883
7955
9157
2533
7863
2721
4826
12642
6440
8647
5551
12961
972
7242
2456
7132
2386
4416
919
6192
6293
10630
12669
2445
8226
10162
3665
1075
9863
53
61
4658
1565
3123
10758
6745
8954
11869
1599
2067
11274
5807
8631
3838
1910
1962
7318
10462
11435
9730
12766
7420
12885
6463
8864
6341
10124
7827
6186
8154
5233
7996
5592
12252
1971
10619
1045
6378
6053
4698
526
5454
2346
4577
11751
7408
7255
6337
10767
10505
10779
10709
9797
9146
8504
3167
3343
341
10575
2749
9932
8411
3512
7037
1788
6236
9796
9027
8997
11626
7326
10918
6479
2591
7280
3951
5396
10539
10331
4828
3511
10512
2701
11499
892
553
11794
4079
7270
8007
1756
11977
6262
10607
3326
6696
11171
330
561
3639
7861
8589
3398
12774
4097
8003
4827
7825
293
4098
12312
4941
673
1304
11111
7379
7644
9451
4272
560
3655
9167
9994
672
6563
1767
7737
925
9908
1753
12217
6675
8269
7665
2672
2890
2717
5904
2394
3417
6638
11349
9245
10222
11846
6579
363
6544
5154
695
1036
7987
6571
5992
12735
12071
7068
8171
1484
4232
4559
4560
7662
9200
2797
856
7337
4624
3445
9065
9621
12539
8523
6134
1737
243
7573
5183
6123
12391
11652
8347
1209
7534
4395
3828
9569
2640
6881
300
11731
946
973
7498
4466
434
9549
2055
12690
3319
9613
10743
7660
981
8585
11467
3844
5374
9962
9725
2741
8320
12595
3550
5300
9681
12893
8764
4938
8863
10804
5974
12805
2231
6816
5824
4221
1011
5404
12197
6695
9238
11937
10251
12914
5923
8072
4970
7833
791
9457
1587
9363
11664
7838
12327
8605
12629
8810
7627
7655
4444
1059
10687
2053
503
5614
12989
3706
5926
8674
10147
10498
7663
11959
11964
12182
5041
8277
5164
4183
10080
5209
1106
2237
11760
7529
3408
7473
7989
10510
2658
6731
4419
6017
10938
10303
7503
11500
1863
298
2783
2498
5964
953
8238
3128
80
10679
8669
3994
10117
677
6825
11878
4645
9975
4373
3145
9663
9056
11800
4829
1799
12807
2634
5901
2666
9866
10957
11430
11047
7820
4879
8168
1862
7921
5176
10264
318
9412
12062
9678
8393
10476
4287
12734
12247
11987
6057
4582
6983
4566
1032
6026
9009
9220
2897
12209
3221
12375
7747
11710
11158
11060
366
1298
8534
9673
10300
6649
1630
4206
11523
11137
3672
6829
12696
10178
12095
3473
9411
1703
2166
3848
9188
16
3406
12130
4581
4470
11439
12838
10193
5259
12810
8722
10172
10647
11872
5082
6999
7577
5673
5089
12392
11618
11433
9067
1353
7208
2711
8444
6586
12932
6280
5629
7757
6097
8106
4016
9078
5399
6498
8286
2155
2607
1711
450
6462
3240
11724
199
12754
2868
12150
4747
1514
3301
5290
2742
2332
10285
8641
9362
8148
9579
3886
5194
1886
3070
7302
4949
4775
4115
6997
795
9085
9580
3521
2849
3492
2548
1721
8622
9170
11128
7962
7454
9003
411
10237
2606
2844
3
3143
3491
483
8666
7527
6167
7533
3502
10570
4108
1367
5368
7564
11335
9886
6727
12279
3460
8290
10975
9201
7632
7222
9788
11321
1470
1568
4823
10821
3087
12602
12739
8049
1924
10698
7261
4242
7887
10943
5777
11693
10603
3710
4758
2048
2969
4370
4748
5545
9378
12056
4676
12320
12975
12455
8693
11825
4069
7098
5020
4518
6285
3440
11153
1112
2143
3238
1434
10275
2755
11394
10752
1107
10396
9907
11884
1002
12340
6515
1102
7329
4394
12207
5322
9823
9181
1210
769
6407
2331
7554
10003
96
6321
1273
5867
251
6796
5143
8084
10065
11539
12869
9876
1807
1632
8063
5707
11139
1135
230
4886
1777
4116
12812
10343
741
9701
159
5253
545
5966
6710
8285
7837
9959
7259
4824
8015
3609
3496
7016
4200
190
5996
2226
4888
8982
12523
12772
10140
6733
982
7365
8359
12591
12721
8175
10877
9045
7500
6798
8043
8732
9923
10811
12589
10958
3100
1230
2013
7416
4158
6214
4264
12870
2107
1705
10522
12711
4331
1380
5570
11270
7555
1672
8362
1673
620
11133
3689
9383
10694
761
11498
9393
9221
8142
11637
962
6963
11322
6405
12723
443
6408
11893
5021
8501
5204
2139
10449
12515
11218
10102
5437
5963
8008
8710
10535
5888
3624
12888
1689
10211
3108
8590
10408
6088
1787
5576
381
5249
786
7082
11399
2054
12462
4860
1326
8873
11535
6148
2379
7850
11997
9314
3184
6099
2858
8929
7698
10382
11689
10862
1125
2395
2353
5140
264
10889
8382
4461
2534
7121
11098
9375
3897
1727
10884
9046
4178
1349
1168
11141
4237
5387
1177
7761
10875
5612
7521
2972
44
1723
4136
8804
11434
1422
5460
10292
3397
1164
3225
1319
2348
197
2390
3197
6729
609
3768
9225
619
5648
950
9302
3611
4614
11667
9449
8555
8369
4794
11053
11006
12826
1608
11294
10908
3449
6945
5130
2357
12622
1496
11438
10365
3018
2169
7114
1730
3199
547
2932
5989
6921
2023
8527
10245
3390
3251
7839
6493
10196
2406
2312
7740
1438
12611
6395
7637
12191
11170
12824
2880
6179
8550
1017
9540
9572
11797
6024
901
5667
2513
8853
5973
5175
8736
9957
3631
9251
3970
1828
3243
4318
5969
3616
5634
9480
3728
5661
8665
3490
10087
7442
2427
7954
1414
7732
12427
8998
365
1501
68
2656
2780
5535
6080
6987
12483
6002
4897
8004
8357
11076
10137
12495
6072
12151
10672
246
2422
5395
8768
2639
10677
6647
8562
1851
10001
5382
7694
6659
10707
12338
6478
11974
1956
12881
12374
3077
11606
1825
2788
9504
8502
2908
2238
4648
2060
9371
1602
11962
7366
1844
1834
3478
10372
11269
11219
7041
3105
2146
929
2590
41
9980
9691
855
2702
3236
9740
1129
5242
7708
11257
4167
252
12303
12724
5593
6935
3151
5637
2876
206
6045
9864
6082
11159
8316
4140
3913
5293
5328
598
8511
11188
1140
12950
8843
2410
11477
9840
10201
2367
6582
12749
2280
6832
12454
11437
512
2615
3284
5353
596
9592
945
4304
9432
12564
3293
2679
12204
8967
4864
9346
5940
1178
11146
5420
6489
7744
3437
5932
4509
957
4153
10446
5360
6658
3360
6170
10789
5273
10308
10144
958
9287
5034
8498
7027
6118
1463
4818
2043
6207
7810
7126
3410
7311
6165
589
9665
9267
2484
7377
11625
5213
3573
6150
6311
10842
11843
2785
5287
11175
1143
5093
11491
8807
11382
3703
11297
1339
6130
12879
6873
2417
11777
2529
1424
10388
219
9571
2898
6401
1975
435
9174
12325
9820
3648
12003
328
10083
10490
12541
8
7648
4049
8785
9786
2324
9596
674
11233
6866
188
12675
5748
2779
11979
1696
5802
5518
1068
12254
7958
8215
1172
5938
6156
7976
11934
9430
63
4895
2506
2914
8990
6092
8752
1377
1781
9107
6875
4565
12651
9575
8193
5876
6327
11103
7617
8247
7074
11555
8989
4402
7894
3458
5618
3711
1364
3601
8488
6055
1435
4696
7412
66
12728
612
10915
4998
7073
1317
9122
12898
3746
8574
11177
6709
2596
8335
8844
8490
4724
11283
1156
10754
12535
5090
7218
10740
8813
7957
11290
10971
11749
4662
2372
8630
12560
4293
668
2260
4426
954
12014
157
2777
1013
1097
1751
3468
3190
8425
12112
1314
1927
7719
5042
11061
12194
11646
7927
12322
10024
15
879
8298
8476
2207
9862
204
12747
326
7606
3988
12811
12208
10622
11251
1548
4164
3651
5645
5782
175
6663
11636
6049
8882
10221
2839
1873
10134
519
5823
7383
3337
7231
2358
8660
6517
9832
5742
9445
7865
11097
7944
6352
7004
1563
3186
5265
8824
12799
5181
2405
7947
111
7736
4847
3357
4480
9844
1381
2200
6121
1278
11848
3453
12673
12142
2646
1366
6078
8836
8965
12876
1849
4716
12906
12364
6989
4180
5003
10917
4029
3792
3915
12266
5862
10663
5167
9115
10864
793
12053
10725
11295
7797
11479
10126
5435
6145
10576
12800
3682
8748
7389
543
10551
7603
5960
4784
479
10229
4297
11129
1058
8941
881
5221
3322
2769
8060
11152
3649
6413
3898
11913
4226
7816
1866
6411
223
11975
6667
3723
965
5600
12757
7458
9030
9385
6973
12026
9966
3239
263
6806
9545
7537
11522
4149
10443
12924
9692
12015
8618
5665
11599
4445
6117
5452
7172
2087
373
11086
1425
890
7495
8467
2816
8721
3256
403
5669
8805
324
10283
6865
11192
8356
1092
1171
8596
12733
1292
2275
522
1244
2902
4431
11593
4447
10414
5219
891
5
10026
10270
9609
2190
3709
7696
12358
11423
7324
11617
932
7760
6184
8089
12835
6412
3134
2253
12079
11685
4122
9880
7179
670
4292
43
3419
9296
4358
7262
3583
1891
11897
12809
12921
6814
6223
8735
4065
5698
4488
3451
9483
8222
6138
9156
4245
2927
3418
2109
4810
339
8650
8205
6226
3168
5840
6730
7407
8772
307
4007
7433
3585
1708
2738
2818
10762
1420
1468
7075
8351
73
1145
4142
9253
12093
3954
495
1653
12983
4254
6203
11656
12262
12255
7410
4302
10325
6044
12552
9827
7738
2544
8099
7575
5619
5683
6245
12183
10941
11881
3409
2575
7745
12722
6755
3071
5872
4455
9283
11882
10636
2082
6914
7600
631
7129
10466
349
5339
4919
9275
8781
2803
3973
10933
7118
9388
9179
392
12292
9855
1388
8815
3907
1337
5251
10171
11744
7525
2105
2948
306
10419
8795
203
6048
5781
774
275
7453
7727
4862
10671
5757
6143
9429
9295
7560
2833
5085
2698
10704
7077
6494
6985
781
12804
784
1706
8322
409
10776
8611
9972
5794
10392
1185
3794
12706
767
4842
3822
3183
8387
9813
813
2250
11118
10131
11057
10241
5250
1644
4363
7048
7471
4401
237
6196
7791
4130
2555
1235
2180
5511
189
5357
7112
5346
4078
11960
2000
3033
3516
7628
8264
6880
9598
3757
8885
6532
4918
10224
4367
2246
10278
2138
9888
7221
1192
12519
7100
1426
10329
7350
4982
2471
6567
12709
4953
5018
7981
9559
3470
8257
3860
1584
1714
1586
11388
6523
2573
5177
12663
5400
850
7348
652
10732
3226
11785
3430
11804
2600
4173
12428
1246
12883
4734
10289
10844
5492
9804
11521
10959
10440
2039
2793
8105
8901
8047
3575
4207
6289
12904
3234
7925
6392
12664
5830
3079
12005
3392
4215
740
12418
8002
1034
12740
11409
8820
1133
1403
7070
10638
9799
1044
9012
4960
374
1610
12841
4066
742
7951
7739
5462
5659
7552
7346
7084
2557
11054
456
11621
9685
4719
390
12899
4357
12215
1242
6627
3564
6629
6716
6206
5102
2202
1001
5858
6237
6481
7722
3426
12548
7842
6932
1764
11275
6511
1819
9802
12160
9121
7116
3610
3355
12712
1665
4514
10401
12074
7854
179
13004
6789
11818
4246
643
12630
8223
10546
4283
6302
417
622
18
7333
1472
9602
4452
4193
315
186
5483
5327
8375
11007
2919
8652
3900
8321
10458
7418
9593
1815
12748
6787
5195
7212
11165
2481
331
642
3153
10794
2973
6154
10940
2631
12842
9713
10019
4353
4092
3857
2220
9136
4186
12127
9130
3104
2520
3912
7895
121
908
7095
10783
10705
12431
12703
11839
11442
5230
3547
3255
9762
8461
11130
2598
10277
3000
6062
6953
1542
5943
200
2022
2211
6178
36
3595
5364
2867
7439
4205
8317
140
5169
5841
11651
3551
10852
1549
2684
9867
7634
7219
312
8079
454
10547
1637
2651
12534
1152
4365
154
2206
3889
1894
518
12609
6029
10994
11894
12911
502
9626
834
364
10127
2913
379
2309
12460
4355
11028
6144
2277
1973
12084
12424
9019
10930
4765
12848
8951
5871
8930
4948
7994
6361
1693
8086
7263
8739
9387
1998
8580
11629
5389
4803
4971
1526
12614
8449
10351
1743
2800
432
11505
2881
6992
6076
588
7849
3764
3783
2774
5958
11015
10433
7484
94
1249
5238
4432
11864
7785
6422
8701
8952
7108
9331
12261
3074
7102
5359
2384
12184
7910
6295
395
3997
9317
5323
12229
6915
128
8904
2693
6164
9728
9884
3166
4405
12233
5776
5074
3934
2657
2407
5315
555
10874
923
8088
5567
1355
6001
12606
2227
7009
9305
3377
7612
12238
422
1595
6449
5063
12715
6050
12656
1363
8436
12308
7042
6279
3264
6751
7762
10023
11371
2339
1132
12863
4752
6748
7184
886
9521
6670
5834
11696
7206
5234
4636
2984
8030
7983
7397
11396
12417
1830
1814
3922
8491
11609
7239
5333
2825
5012
10230
9859
6271
8159
3729
2295
10301
5149
7776
2813
5900
1418
4113
11980
4491
579
3065
12516
12271
3947
11930
10483
9727
3177
9360
9940
707
12922
11459
10977
921
5568
11147
4024
11799
4172
4381
10542
8731
7547
2170
6254
5375
250
3719
8633
1636
507
8835
6809
10651
9905
8831
6895
5524
8762
8000
5745
2033
8417
11157
414
3149
3381
902
6780
5001
2487
808
9173
11381
7106
11582
1801
1015
11546
7156
9228
3743
641
3906
11144
283
12634
3144
12116
2848
12566
4035
9508
8374
7546
1955
8645
12522
5459
10710
5796
11112
5703
4310
6358
12732
4817
10177
9140
5639
11333
8983
2716
8140
7023
12896
5051
8109
8838
285
8509
7110
2393
12499
6052
2136
3276
11595
8928
6492
4532
3888
1836
5202
9628
8729
10353
9073
3678
7425
6370
6843
12817
458
2378
12792
459
6701
12671
1826
6018
51
10400
8682
10218
9465
9722
10928
7913
2801
542
1093
9527
4749
10606
1694
4834
3798
8880
6030
1580
10346
10345
7990
8862
11281
3412
1154
11436
1131
9424
3275
7830
3586
8812
776
8123
11877
10621
2861
12021
9217
3883
4211
10865
5136
10302
7892
5677
6265
7869
10105
6721
7622
12509
11678
8942
6036
11663
12730
9982
918
6645
12434
7995
8214
10189
7245
11886
9872
5422
3099
5500
10112
865
5402
5369
10935
2288
1681
2795
4171
4018
8943
11190
9466
2707
5297
6509
9649
10013
3652
5129
10849
3422
8723
3260
10148
9553
8115
3136
8407
4721
9924
11466
5656
1469
5602
5162
12718
2213
10614
1478
83
2578
3536
3127
5583
9470
5956
2920
3436
12605
4337
12152
11850
11214
3920
7661
10435
7388
11339
9960
2465
6360
6086
11723
2863
6612
9266
1504
6474
3916
11017
6574
10891
8568
2300
7487
6426
5747
9249
9195
4754
999
12202
1646
9004
3503
9033
12968
12270
2570
2815
39
3311
1554
6718
11259
6595
9425
5370
3876
7254
2283
1984
8325
3269
6114
3188
12438
9059
4288
412
2842
11014
2167
9996
1638
9235
11557
2819
5115
1680
2147
9134
4023
4270
8192
2612
9590
7028
1220
11282
1663
1124
11493
8985
11131
10686
12700
5320
11317
11907
8231
6888
12990
1012
7131
3007
8191
2810
1121
1786
878
8825
5442
2674
9898
2882
9634
5897
5024
2126
7967
3627
11561
11246
2025
10676
9917
6689
4268
12957
12028
12679
3063
5538
3561
2993
4720
1576
4398
9810
5383
9964
8253
5976
3075
4966
2257
281
1722
6994
1041
1911
7992
6971
271
1645
1852
9833
3553
7545
9739
11004
10387
6240
4344
6634
7256
9818
683
7317
7723
876
388
7272
7771
2551
1275
12923
7478
2654
2447
9262
7945
8636
5626
1545
2154
6359
7812
4462
10586
4218
12459
167
3744
11327
7540
704
4546
5203
5386
7728
2015
7601
3041
540
1204
7024
11023
12206
6905
5106
5031
4390
1784
2468
6315
11691
5658
5380
2072
3465
11051
4249
1263
3767
3874
3818
989
10234
3849
11860
3354
4729
9032
6572
3944
897
2781
8900
6778
1557
7801
5212
6095
9358
8926
6899
2854
4062
12040
10978
4854
1729
10653
6651
7034
9274
3211
3640
9638
3534
4486
7998
7332
11183
6436
3282
8726
9493
11581
12601
10097
10227
2870
4852
8549
10667
11666
11945
8057
10589
9603
4536
2385
2497
5984
322
10422
5674
9712
8756
4801
5073
8545
8910
6619
6063
2179
10751
7828
4361
8499
9342
7161
2301
2895
8313
5607
12964
8827
8923
3052
4691
1960
10934
790
11021
8963
1648
5065
4001
6772
12902
12132
6444
3351
10563
10271
4820
12408
480
3195
350
11513
8837
3498
585
8601
12035
5408
12449
11782
110
9604
1609
3138
8632
12769
9448
5975
6484
5884
11062
5062
6216
12845
3261
4969
869
11989
9143
11462
8517
9948
7572
2504
9292
12788
2938
11194
7396
9937
10795
8934
1151
623
4298
2191
12419
4259
11330
12117
10249
12220
9918
12970
10693
11450
8275
8184
4376
2278
9391
3064
10835
9244
10170
3131
11000
7528
8076
1560
8548
1386
4580
11643
2831
12463
1056
4285
10657
7250
12193
7160
6416
713
10890
1371
5849
1875
6468
8206
3497
6328
11042
6756
8786
11845
7726
9054
3084
9814
12168
1307
5544
1186
11022
404
9733
728
5155
7450
129
10297
3578
4339
10263
2254
7241
12987
5990
4975
6473
11515
13005
10205
1101
8851
8799
11971
10545
2843
7414
7556
11285
3761
5878
9070
8479
12822
12540
10764
10223
12731
3462
2428
1572
686
10496
11701
257
3875
9617
10808
955
2366
4163
12633
9654
12311
10812
7162
12912
304
1085
1625
2912
4467
8240
1489
1977
8409
3634
2951
7659
8727
8265
60
192
12268
8577
152
11988
600
1527
6043
6159
3076
8903
8484
8278
567
4843
1670
12890
6197
3758
912
3493
11276
2182
7792
12081
1199
9421
5196
8081
420
9949
5248
2494
12285
4463
799
2235
1390
8183
5814
1884
56
6376
5124
8036
8075
3012
9486
8823
3692
2602
11088
5354
10106
4571
12354
1325
8034
5412
6234
11077
8495
1297
4364
7448
4865
3570
11704
8818
9476
2888
6853
3040
11189
4761
7764
11708
6396
421
4086
12538
12030
8789
4839
7197
3245
3605
10202
559
3013
8677
2967
6833
10486
12967
4320
1893
8973
2266
4525
4472
2454
3745
7610
1982
7819
8344
9729
3411
3879
12244
3629
1288
4430
10187
2165
8869
8319
5873
6350
11944
7715
5026
6298
3865
10053
9789
6101
11319
1174
4684
12892
4649
10825
5541
11548
2168
4118
8459
10219
614
7674
8840
1311
12167
11329
3904
5503
1582
11699
3315
7300
10703
5311
10489
7940
12537
738
12505
11426
383
5068
10064
6609
418
209
8130
4874
9889
9669
2675
10766
12218
1918
4611
6835
309
1923
3893
382
10608
12945
6699
10881
9066
371
3544
7190
1231
11458
8940
5152
3231
7773
3531
496
5689
12994
1251
7196
8932
10868
3324
11220
2599
3552
7007
1413
12719
5466
1490
9434
3713
824
11497
1533
11958
12999
8276
169
11838
6256
9133
1333
12153
2706
6797
5914
1990
9204
9554
11135
48
8634
9879
9541
89
1293
12334
6529
2713
12302
25
1682
222
7247
10008
398
1303
6537
5727
9761
7964
2418
11734
682
7038
905
3289
8334
6622
9916
8297
7504
1702
278
7460
4464
1213
9278
7488
7044
693
2397
11352
6204
3977
6100
6975
7611
5905
12330
2370
2830
5199
9299
862
2850
4417
8179
8774
6094
3688
2188
3318
2608
722
909
8649
11688
6421
3837
10555
12146
8323
11301
12532
1229
3801
5340
11314
7356
8575
7284
11154
4261
12068
4383
2855
174
837
4192
11155
5436
7677
87
5146
2230
77
9306
11875
1901
10139
10322
11373
12058
11385
5557
9539
5616
2483
2745
5070
8305
11444
7065
6259
12100
603
5774
10991
6277
6004
4217
6901
8591
3219
4300
1394
9875
9955
4505
5156
8176
9748
5565
235
7783
12290
2966
7281
8053
10901
2829
1010
1724
9270
2527
12426
2318
8426
601
3154
10729
8643
7003
4174
930
10637
5679
6926
10044
2204
6608
968
1970
8039
11046
11127
653
4730
5467
1048
7714
12623
574
1042
10678
3859
9522
3126
9318
1350
2493
11542
12383
3948
3853
10418
8582
2262
7033
2270
1267
4294
1440
6287
2344
2364
7092
3891
5281
10358
1134
12639
12406
10782
3638
3452
4892
12980
5998
6228
6968
4332
116
11661
3399
11447
4736
4459
2583
2461
224
11631
1038
1409
8437
11669
10312
6106
3845
10833
6430
7133
11813
4670
10962
2900
7395
11532
12572
11292
2512
6870
6006
438
4223
9332
9352
9259
4995
11660
11342
1675
9877
2775
11425
712
11303
12436
2538
7645
5428
10456
9117
11034
5313
8221
11954
9995
1692
10441
11817
8372
7904
9438
4899
12714
8016
7304
3869
12556
8734
2356
11967
634
5907
12567
926
3203
11145
361
11540
3576
3098
9767
5043
12158
7630
1656
1741
1991
8788
6521
3581
9800
3321
1842
9666
3140
4743
3881
2650
10370
1979
6536
9197
1591
12765
7406
11389
1070
4814
12933
2071
1822
8945
9349
4996
4112
6958
11516
9845
10572
951
8705
8458
498
11320
12380
11228
1180
12948
607
2127
2835
2414
7923
7926
8452
9414
1963
4651
11286
3943
6475
4925
11199
3873
6241
11102
9297
6576
4240
5448
2241
5119
7468
4137
4944
6312
1907
8315
9956
5533
3196
9199
4301
2328
149
1219
11026
11899
5558
5037
4156
2350
10250
2889
296
5270
1109
2627
12778
5761
10886
9128
11890
8884
9734
5722
10272
9721
5929
823
8486
3444
903
3173
1206
756
3193
8430
1531
1258
10276
4076
11938
31
3810
3524
4041
10427
9455
12973
8324
4146
1313
5066
3299
1882
12688
659
9141
4299
3114
10425
563
12978
5407
7688
2430
12949
12657
7440
5122
6933
777
2176
2
1175
10154
1138
490
7362
3054
6700
11091
644
5714
12481
6986
2872
10479
12239
1768
9040
9883
12981
1279
8728
3244
2462
8391
4516
3841
12034
6424
11590
3435
6209
8399
7704
11658
9
1479
11776
11312
10650
9041
3032
4933
12090
9072
8107
3316
5429
8608
10508
4456
3641
1455
5153
423
12278
2088
9581
10348
7447
1921
8530
7591
299
11473
1442
9189
2773
5117
10464
6712
8947
5000
1184
1312
3067
11395
3349
12349
7297
12039
529
27
10416
8976
396
1412
2837
10848
12166
7194
10499
4563
3811
5597
1792
6343
1114
10215
10675
6503
3670
2429
936
2160
1771
1499
5224
8050
5335
11640
5349
1368
3363
9724
6872
2991
6614
9516
3415
10018
45
8964
9406
11239
467
7613
11558
12443
7411
6828
4050
12853
11469
1055
3940
3821
12598
8706
321
33
8911
4927
8158
12484
5067
6445
5789
160
3024
6353
7399
7308
3463
11201
9001
7146
12235
9124
11802
599
9467
9676
9256
7607
5701
4727
11429
5255
8350
4490
11511
10711
7072
136
10116
7530
8724
4808
11049
9112
10641
12059
7561
5457
12482
6598
10363
3094
9394
8406
11761
8750
5338
10412
5319
9770
12942
8429
8125
9774
8220
6626
8069
12615
8814
2691
2079
12201
5252
7130
11783
1904
12124
9103
5305
11529
429
9011
202
5737
11735
5556
2432
10937
7195
7571
12797
5937
8569
11387
6324
9824
5709
11208
1887
269
34
5817
11506
6795
4052
3986
3596
1783
875
1130
11480
10192
12699
11876
7690
5574
2177
832
1622
2750
2292
11649
3696
4830
3446
3267
4610
7435
478
1356
10007
7900
12816
226
5478
1972
7168
12836
10501
10839
1932
4139
11336
12329
1872
3737
1994
2988
8811
7973
11306
10974
7386
4904
10073
11258
10964
11589
2083
12180
6252
3249
12986
5647
5711
4816
3393
4247
12243
11722
4903
11337
3517
6791
5685
10091
9548
7750
9557
729
3413
11316
10803
2274
5854
1153
10253
4309
12854
1014
12847
5263
698
6288
8104
10159
10081
11624
10972
2369
4655
9829
7950
6222
848
5229
6428
2618
8859
12410
11790
1905
12985
5427
8446
286
3978
2759
2715
11475
11092
11826
11457
4832
12297
10948
11891
12756
1592
716
12442
5056
4760
8141
12232
4080
2502
7109
9139
11509
11951
568
12819
2480
5132
2681
1871
12683
12727
2316
10318
6431
5116
10853
8874
1123
11105
8537
1712
8475
6741
3929
10912
4692
9776
4757
3220
2030
10128
3842
3395
12310
3027
7924
3272
1078
2728
1221
8687
5084
7699
11828
8160
5731
11416
2865
1507
1094
5469
3847
3656
3500
11715
10552
6417
10457
4197
5392
10814
9288
7877
1259
5434
11596
8713
9231
12750
7151
12451
5766
9269
11812
1607
2613
1020
6034
11627
935
1879
10042
2637
768
7492
10854
10381
6003
5915
2141
8326
5301
1417
7394
6488
3147
4685
4990
10011
10261
7327
12114
8557
11920
661
2425
1766
5415
12471
7868
4776
4260
10248
11562
75
3637
6766
3078
4348
7625
11001
7778
1225
11252
10039
7684
9145
5605
12827
482
3697
6202
4787
9142
6073
4741
12813
11608
1419
7111
9418
4715
6261
1053
1810
831
5038
3141
8465
4032
9350
2722
4533
2436
8182
3958
6715
11545
12055
4800
8398
8091
4707
11483
10423
2999
3055
1938
12627
5693
2814
3405
6548
4359
4350
889
1025
3320
11440
1416
8210
11844
3603
4544
586
4653
3885
6691
8065
10652
4751
8386
10113
6399
10599
12237
6220
1351
9974
3555
2518
4701
6705
11737
12875
8881
10925
12064
10731
266
1142
2421
8482
9335
12435
408
7942
10158
1954
8515
4437
8274
4352
5594
937
5239
4833
1864
10063
587
6886
3495
1459
2408
1824
7583
7580
10867
12521
12422
4333
3587
9419
10615
5267
6585
6508
4819
11456
2441
7809
874
8022
2805
10086
10910
633
5899
6467
1800
5718
4366
2221
9158
10043
8672
6840
12979
5091
10473
11315
2611
3111
12149
9902
10492
9208
2673
12707
7240
12939
2308
7061
12060
7404
8280
10769
3384
9209
12305
7678
10265
7542
19
1606
11645
11994
3776
5756
11847
5491
3369
5573
10723
9109
2259
6335
9037
8584
521
2302
10415
5931
8617
6783
2516
5684
4131
536
9687
2720
7605
3896
20
12080
4322
9795
12140
7252
4324
12368
3989
2928
775
6242
5778
473
11030
7700
3662
4868
4230
12889
10832
11059
6642
2014
12670
2459
8070
3002
8533
11041
2420
6249
11151
10362
9719
3172
4704
11080
8248
9068
9547
12054
8124
4280
8227
10014
12613
2995
3691
3429
3567
10674
10529
4958
3194
8846
3046
8936
12917
10655
608
10082
8506
12240
6513
3466
8865
6978
12647
5515
7088
8792
12277
12935
11485
4613
7173
11487
3159
7274
639
3612
8237
9324
5398
1290
7608
8777
1809
3509
3557
3546
7672
5978
9807
120
11018
4528
9830
3348
7382
12125
6738
8442
617
1090
11328
2909
342
1019
11996
10025
10029
4473
12868
4
8414
2577
4386
4257
5530
3208
8404
8686
3202
2005
6707
11300
6611
12225
7614
9942
5623
6160
11586
9838
1934
11778
4321
11747
9765
8080
6089
7342
4070
1122
5378
3212
3431
6497
5694
4739
11087
2751
4284
8572
4602
11726
525
1227
9546
4578
6305
3878
12082
9973
6990
6812
10685
3510
8613
2232
1992
4913
2705
3854
11340
3407
7984
6807
10567
5946
4963
1898
1890
6477
3288
7559
8842
2828
8770
12581
4072
5910
11172
11287
10149
5837
1397
2303
9155
5760
7875
10246
1935
3291
12361
448
7292
9993
8520
788
6188
11307
3365
313
6534
7682
1481
4424
3122
11753
5180
12768
8284
12929
9753
6631
10107
7243
1847
11221
7293
2840
3877
2601
5548
7482
12782
11390
9664
9219
1016
6551
12818
6850
6161
7705
3086
5947
5896
6984
12597
3504
8737
3401
8127
6713
12148
210
9384
6982
11323
1462
11601
6087
5054
10469
4117
11533
11377
221
6373
10050
7985
12568
9149
1597
1734
6913
12771
4380
2334
7282
7341
6246
11203
12531
10780
4625
4028
3659
5473
12295
7633
4081
6472
6955
3680
5848
3614
846
9359
8893
11541
1752
1530
12097
5695
2824
5286
10286
8547
6747
5552
11690
2327
10691
12416
1500
3230
8763
11067
10434
1624
863
2117
7563
2916
11948
3180
6661
3872
7257
9594
1854
5617
5107
4141
11820
1103
3598
9689
8120
4597
12574
8225
4460
4145
12162
7743
10986
1260
11932
12752
2466
3501
6911
6294
8037
6924
11156
10281
9101
13010
10517
1043
55
12991
5009
7481
1398
11564
4347
1759
195
10632
3868
8690
3206
2940
10942
10036
9644
6476
7794
3969
7670
5007
11451
3118
534
12884
6314
3686
12043
9366
684
7502
1596
12553
4668
5010
465
12621
5773
11654
9131
10520
3666
3233
7289
1573
419
468
10528
4675
5935
10442
11512
10461
4617
122
4733
9951
9168
7267
11940
939
6365
2981
7078
12169
1360
6037
180
11553
12211
5977
3593
5754
3378
10888
6757
4951
11514
4497
12871
5246
1065
2714
7517
10813
6732
9304
7307
6549
1391
8229
647
9376
7215
4912
5033
12037
6317
6439
4950
8258
4091
4712
5464
2375
4677
6414
8450
2476
5280
5531
907
213
12048
5736
10793
67
3734
11160
10585
9987
2488
8909
12477
4244
4623
10431
4440
360
8832
7901
5510
12901
7844
9506
12852
12941
727
6025
6028
2832
4109
4524
9453
3933
6434
6662
289
2574
5532
11805
8095
10598
4420
11733
7091
4021
426
4258
9793
7735
11819
12697
7565
3771
1321
10184
1046
6951
8212
12905
10950
413
6630
7236
11255
3050
2321
12013
11879
510
10085
548
11379
11325
9205
576
8281
11367
7071
7457
6928
2787
7598
2952
12452
4576
4639
4213
10544
11866
8432
9763
8508
12331
8013
12108
2907
841
3760
3613
2234
3766
4539
8794
2103
2090
11123
10181
11641
2482
6750
7788
9214
6564
494
4690
11095
3313
4435
11883
11698
7675
11311
9963
9008
3657
358
1405
1295
4840
4103
4745
6860
12044
8163
3911
10602
1870
7548
70
10502
2326
685
7873
9661
9631
4620
2051
11413
8935
12104
6550
9897
1964
6168
3717
1095
11405
4978
947
1387
2761
9063
1047
10987
12002
8809
6119
12652
158
9049
9737
1831
6519
9307
7501
5330
8164
1640
6943
2956
8311
2519
2770
9165
2942
1627
12636
9191
7857
10997
859
9851
7409
10212
1237
2158
11742
7436
10970
530
7094
12139
3090
12474
3890
4095
12131
9490
9113
8392
11719
2063
10609
2152
5310
270
3362
8797
2451
8692
248
8957
156
5206
12644
8496
4058
7638
5393
8529
12865
680
654
1774
11176
11831
12569
3699
6892
3568
8401
1176
2010
10480
6460
7148
6131
11861
6909
3359
5160
10885
4708
9495
5200
10447
10984
4901
4622
8532
8988
9443
10659
9652
7310
2561
2526
11620
8339
2101
6635
5285
302
11341
3725
3306
2469
1695
1328
4861
9273
11549
10361
10
5720
1709
2918
6147
5363
12196
7428
7815
2935
12585
2383
12742
2028
8044
8420
5869
8541
9934
9646
9696
105
12360
1948
10968
2509
9026
8915
2298
5539
1736
5174
9723
4166
3093
1588
11700
8087
12432
2610
8166
3542
872
445
1400
1448
273
2794
10089
8341
2293
7330
11915
7937
9926
5767
5933
9211
11771
5086
8355
11063
8829
10830
11827
2045
2624
201
6297
8876
5577
3443
11671
7204
4269
8542
2110
5898
10037
5549
11443
3858
386
2001
11359
2786
6600
5725
710
5505
3080
4911
205
369
6482
10791
7298
11452
3380
8902
6008
11503
12185
5982
6016
2677
7669
12134
1797
10200
819
11686
6139
9784
8593
2070
5523
11743
11072
3862
7929
9514
2281
5205
7991
11463
9858
4199
7587
7988
8445
2085
10645
12073
12795
2264
7101
10002
9102
9218
3716
7584
6863
9961
6583
10916
7651
4262
8875
2007
9773
9779
6296
2891
2362
10719
1077
12887
5611
6011
4088
2027
6448
4090
7946
2508
2099
4527
943
7006
9076
3424
4201
9533
12314
578
12450
11207
7578
7153
766
6195
2896
11803
11266
2543
7063
9717
852
7475
3805
8819
9998
11119
2245
11040
11116
9071
7746
4642
6064
10424
1865
4619
1739
2486
329
10120
853
8078
7725
3843
12023
4513
12546
3677
7181
1570
11272
2140
9303
11242
254
10129
1758
6074
692
8592
7207
5291
7380
2442
7860
12840
8137
2678
1287
1649
7328
6420
1148
8485
11412
8563
3179
8514
6263
10195
5296
8681
5189
11143
6876
7782
6433
5228
9194
11574
9084
6020
1778
8571
1026
1642
3402
1629
12437
1843
10557
1839
2499
2389
12004
2792
4994
1841
2249
9458
3031
7832
2709
10907
12930
12136
5100
9328
4231
9410
447
6403
6264
9316
1004
11808
12404
4930
135
9565
4805
10946
8352
1668
6319
8623
5981
4413
457
9766
10581
6455
9978
8383
1760
2887
8438
9532
6758
3715
2189
6171
12648
10617
4989
9291
1436
7566
5390
5371
7205
8309
9261
8472
3117
3022
9048
10799
8025
12858
6580
4638
1919
2535
7695
8038
9512
1146
9953
6346
1170
40
1817
5141
1995
2616
8793
6085
11288
2838
12025
873
7965
3620
6446
9091
6031
12944
6205
6387
1318
1600
5797
332
11354
871
6771
11766
5676
1492
10497
12164
5059
696
7427
6726
10993
2229
9925
10526
6522
3952
6158
11865
4687
7276
4959
12336
11871
3942
4305
4703
11928
6785
1098
8800
12882
9185
93
7562
2434
797
3554
0
5178
4764
12764
1895
11304
6961
338
5999
4871
11355
5595
10092
5895
12413
6153
10649
5654
12608
1747
3160
8579
9286
6762
5972
2084
8694
4053
9377
5046
3442
3327
8062
4040
571
10267
367
4907
7890
5309
5254
10344
12790
8933
3217
12337
4788
1569
12096
5769
6597
4877
5537
4596
12286
11418
4914
1383
6437
10060
9688
183
8567
2492
2371
5728
10115
6520
504
3607
6174
11464
758
11213
7588
4965
11117
236
5606
8554
10784
6777
6841
3454
297
10905
5663
492
1071
4181
9463
5055
9747
6510
9321
11717
7119
12187
3069
4595
11138
11019
35
8267
4880
10262
7005
554
3247
5096
5682
1749
2531
5920
11495
9148
5640
4519
1974
7618
2124
1201
4870
6735
1480
1116
11739
1266
378
4296
734
746
8403
7902
7885
2214
12038
7907
11867
1214
5304
7086
10101
906
214
12928
783
785
2525
7859
10094
8246
11403
4517
12984
9517
11299
362
3993
10236
2695
8377
7303
2144
139
12860
12612
2343
1877
228
9891
8519
9817
7615
11441
7200
10738
6458
7589
7848
11414
8905
6728
11125
9811
7451
11758
5314
1218
487
9093
10337
1833
7135
5589
11277
10591
920
1763
8891
5603
787
4665
5035
10295
12632
7384
2949
2511
2376
6679
11230
3107
10521
2879
11362
8769
11943
6949
12473
4033
9166
10537
8780
1305
4341
7806
5173
11680
1149
1250
11810
4795
6198
1063
7192
5681
5426
10206
1245
10507
12133
7668
9014
10439
10988
4478
7177
9325
9313
7933
6964
4047
3088
5432
3061
12248
4422
389
9967
10426
4342
4666
1615
5651
9250
12376
276
3304
3654
4216
11712
3714
8612
7191
12849
7485
8817
405
11706
5902
5145
5397
4709
8271
9578
9585
2910
2449
9707
3836
1641
5815
4945
5060
9754
798
5406
3721
5050
6737
4409
8167
3633
3855
3668
2604
7532
8456
11353
7539
7836
6907
5712
11096
6215
2252
5994
12843
11115
12457
11900
3057
5752
1200
452
745
7246
1639
5324
2380
10871
6584
10374
9874
3476
9440
9161
9127
6211
7145
2569
8408
12399
4329
2377
12763
4439
12224
11036
3281
3808
5650
9760
887
8984
8471
1332
7595
3062
7398
3946
8477
4660
2404
7228
2128
8331
8927
7392
10541
84
12027
5157
6227
9848
931
2242
1885
4594
6374
3178
624
12472
8376
9187
12857
8121
580
11892
10980
11692
231
12231
12946
1598
2553
2789
3650
5934
5586
12965
9053
1745
8288
6166
9531
8896
1903
9518
2458
7787
5372
8924
2960
2996
3364
11534
8742
970
7731
6056
5094
6552
7733
7685
12736
7800
4471
5894
6852
5596
3235
5798
5433
2953
10055
12001
12551
3486
12355
4374
8949
11380
8451
6966
4235
2546
11931
10904
9263
10923
12242
1959
1719
8470
1342
7313
10858
1157
3695
11517
8628
1685
3270
9254
3788
12029
12508
7099
3438
7437
6569
7821
6793
9193
805
11647
12291
896
8412
2186
30
9503
8497
2448
10321
3372
6920
9944
8194
3089
1902
8343
1933
4961
7372
8082
1166
3864
9704
5198
9544
2943
6621
2987
8151
11774
1189
5657
4410
2400
9997
1493
3450
3832
6948
7538
462
2251
11492
7763
12997
11031
7843
1909
10062
11370
12480
4019
3791
1754
1322
9801
11217
1359
6979
11956
5002
10929
12796
1393
3800
5030
1916
2034
1203
4031
5005
5449
7081
6559
9172
229
5585
4883
5801
4740
4603
3489
9047
735
8385
442
12272
8870
4134
239
1072
5417
10840
5431
3642
6172
5520
714
12189
7558
7742
12955
10855
6090
4992
4855
1341
1704
1495
12501
3726
5486
3623
10077
8114
922
6938
12446
7898
6676
476
2556
9600
9819
9535
10397
5048
9999
3257
2564
12649
9042
11615
5741
8230
9853
1512
9099
6333
5750
13003
2419
5967
207
3884
979
9097
5787
3036
1008
9482
10692
12496
2247
11296
12198
2224
11670
391
5366
4780
2282
6425
2746
1816
11752
9319
10309
9623
8802
9834
4629
8096
2682
10568
1669
11482
5294
1604
851
9675
1790
755
5961
12677
12300
11263
6594
8867
501
8662
7015
10574
3720
11711
811
9702
9682
10235
11610
1096
523
10119
12236
9086
7339
7043
6637
3129
3569
10057
4044
11313
773
5942
11064
10706
12385
4150
4991
2939
2314
5581
10326
2796
7959
11084
8671
5447
2827
12315
5949
4641
3487
6717
5171
10259
10503
8024
3840
3812
7574
1460
964
2391
1664
10841
2847
9206
5098
4923
11427
5361
6669
2906
8553
12998
8173
12407
3708
1853
7509
11895
8505
3749
3785
5988
1683
7057
12926
794
10336
10960
7835
1707
4030
9945
6698
6313
12603
4857
4887
10787
12867
5985
3146
4845
9749
5800
9427
10629
5004
11140
6610
4689
7217
12542
9798
4037
6181
8029
9239
11873
3590
8370
10564
4522
5337
665
1212
1605
10861
12610
4025
12359
9060
9708
5734
1926
5087
3903
1039
736
5880
11422
9241
8683
10633
663
8092
3545
2584
3871
1922
4889
8203
1005
11569
8822
2748
2496
3784
12993
8525
5652
6009
3038
12628
1205
10720
11721
2047
10176
1430
241
5409
6502
5443
9257
6450
78
8353
2150
2710
1845
1216
12686
4731
1375
3332
8241
437
12834
6591
6719
4825
6015
12579
5829
1832
7391
11793
8068
9873
37
12685
2807
10661
4693
7654
6039
11795
3618
11576
6615
9732
7201
2823
6681
10033
4540
7183
9892
2225
2540
10624
7755
868
7870
9337
8707
8715
12626
4635
7176
11196
967
3053
4767
8971
2524
3280
10969
7599
12960
9656
10143
7320
829
11361
10757
7355
4792
2699
12147
6066
7198
910
2597
8026
1517
7105
3589
3622
3608
12072
9640
12837
3461
11334
5555
10030
5739
12246
11697
8604
3718
2727
9715
6155
2091
2869
8695
377
274
3867
10016
9931
7711
7845
10981
1309
3935
4836
5278
5525
12497
2240
8576
3807
11528
709
11683
6518
1951
2536
5047
10801
9023
7351
1308
669
9022
5277
9233
11939
4046
11764
7141
9369
4891
990
9462
8055
11481
6397
8816
3367
9080
4438
7813
208
5601
5540
11993
10549
8980
6451
4388
6624
4106
592
9881
6743
10596
9843
4547
12409
8543
12190
11122
3777
6274
4345
5257
6177
854
4937
11185
6162
5850
7519
1794
9265
118
11644
8991
3597
1193
1254
3519
5799
10179
10548
3150
11132
130
8390
7767
5759
10460
10828
1464
5028
12439
10088
260
11009
584
7424
8261
6660
3513
12785
748
6464
3823
2473
12154
11273
10279
8610
1357
4225
1067
4121
4669
9298
9984
8899
5163
6061
9106
10646
12530
164
9636
7855
5861
10554
10368
6496
8447
12982
11520
8174
88
2754
5458
7058
12806
7085
3600
370
1066
11836
8001
9720
9248
5516
3813
5908
12281
8185
5161
1446
1197
8328
743
5642
5953
11957
610
9215
11508
6799
5566
6525
5381
2020
11955
323
7456
2905
6219
8198
8118
10477
11740
7203
8468
8041
12161
7393
5771
9865
2114
8656
5477
4271
3189
11075
7687
5893
11235
10932
7766
9025
6253
4154
5668
4831
9568
2196
4101
10472
10644
3029
4241
12172
2826
5831
2636
10203
11789
5521
9402
3340
3851
7155
7020
10635
12373
11851
1953
12430
11662
6950
5928
6547
4479
11716
9431
12298
5061
996
8395
7978
1616
1454
3185
3171
8581
2862
12444
3441
12289
2904
1160
8921
9284
10495
4633
8061
11184
4599
8712
9716
11344
6465
3130
5863
11278
5808
12855
8349
10399
8753
822
658
1302
7363
7511
3334
5692
7826
2479
1823
1848
9379
8766
10809
6506
2401
2016
2859
11554
7381
2095
3051
3204
3941
12513
8678
3448
1432
2936
9630
6684
627
2284
8204
1105
12666
12910
1519
3210
3796
8279
606
141
12365
5049
11903
10860
380
4195
4647
3769
5226
7505
7165
7710
11003
5877
425
8960
7258
7753
6687
7150
2836
12138
1139
2934
12717
4313
1900
2878
7018
10166
2243
12802
1820
9914
1912
4202
385
723
8897
8283
10386
12737
5706
6283
8719
2856
6685
8659
2974
3882
4123
5526
10478
1115
5036
3880
4844
565
11237
10324
1467
5365
444
6501
2515
5569
6993
810
9285
12512
7997
10774
12821
5197
8170
4714
6858
5496
7187
582
9258
8439
7939
287
12510
11065
11547
11476
2057
6012
1769
6960
6483
1482
9212
3615
6466
8993
8583
7636
2268
5461
8790
11917
8979
5133
5075
12087
10146
4277
6244
9095
9264
310
11197
8010
5911
3827
11965
9976
3705
1088
3671
1281
144
10304
10389
12256
8925
9416
10190
2267
2192
6826
7712
4606
6527
10015
1491
10484
12635
7493
314
5735
12925
11950
9895
6937
6882
11227
9471
6977
666
57
4346
6690
2116
11906
4954
1021
10357
10973
333
11966
6035
12186
10605
10021
4652
12793
4993
7036
10403
5622
4286
4785
11779
5497
10695
6332
7919
3856
9492
3042
7291
12171
2523
5275
13007
11952
3702
3549
4802
7931
2762
10377
4026
893
12362
8296
6260
3770
4311
3047
12920
10213
1698
6415
4083
7323
4489
7953
8256
11806
1876
7831
11079
2435
2184
7178
10530
8122
9183
9210
12678
9081
4762
11167
9171
7543
8046
6461
5571
3110
11757
7216
10949
3819
6152
1635
11638
2223
12091
7167
10790
9842
7056
9781
4858
9938
8440
2426
5131
8544
7067
10123
949
9450
7402
6021
6516
7602
8478
1813
3664
11807
9670
9098
3981
10866
10175
1452
11642
7335
1983
1165
7152
3690
1324
8434
8199
11050
11375
840
8962
513
9939
807
2941
1126
85
11012
12573
5303
12758
6175
5214
10538
4094
1354
9459
2947
10504
5377
4392
5057
4837
10845
2056
5522
1720
984
6541
4064
1968
11168
6459
4188
91
1136
7886
11332
4034
3707
2411
3527
882
2112
10682
12832
2297
7287
7899
8289
717
387
11298
10005
5272
3049
1785
2215
6163
6022
1510
2507
6047
5220
8244
3277
1217
4630
3565
3887
3894
10824
10125
2359
10385
10902
4312
11781
815
11446
5488
8808
1585
6590
2345
4002
7260
6613
2205
7476
2217
12751
1775
3010
6606
1553
6677
12192
7676
10463
870
11250
2784
11205
12475
6282
6051
9750
6278
5655
8189
11927
5726
11991
212
8886
11243
6326
5403
4878
1996
11293
12398
10034
2438
6418
12833
12176
3687
2183
220
1162
8483
8103
7347
5534
2398
6342
10068
7268
7807
4943
3817
6867
5952
12969
1382
11681
7701
7629
4796
10394
12405
2782
6212
9126
3870
6410
9290
1080
8539
10926
12077
9164
9408
2360
9573
9985
9562
2402
11580
11401
1857
11162
5653
5883
3198
952
11419
802
8560
11829
5536
10465
4661
12655
2663
10114
8625
9599
5753
7713
5575
9587
8744
8552
9230
4542
4176
6848
9968
9052
7147
2580
7524
7883
7489
5662
699
12210
691
675
913
2975
3619
6213
484
7429
1401
8890
9929
7846
12260
6330
98
8587
4598
5924
3518
3523
12069
5302
10894
5316
1765
4349
4155
9150
5775
8146
1574
10217
6998
9577
12094
5284
4496
934
10405
7244
1444
6877
11635
9468
10673
3899
5236
12851
12618
7544
7136
5103
6069
7211
2065
7233
6355
10341
12440
11484
9511
11163
5446
8251
2528
11679
10739
2093
1618
2562
143
7956
4867
836
1050
3562
12228
12348
5109
602
3985
6391
7367
11694
8423
5092
4014
5151
288
7035
10662
1179
8329
2812
4804
4203
6540
7975
76
3469
4934
3816
11885
11142
9900
8157
1248
9308
6894
9309
8778
2021
62
3135
11037
2979
327
6046
12241
6779
10332
9159
4495
10070
11166
771
7780
10625
4521
7220
6570
11083
4147
4722
1233
3336
5261
10690
3740
9683
1803
4515
8855
911
5732
8473
9333
6981
8448
6556
6678
12425
7979
719
12619
11587
2563
1735
4718
6248
2002
352
2662
1445
9950
10820
9558
11585
11081
3432
11946
1395
11770
638
5887
10823
9024
2096
8783
11736
3158
11772
5671
8510
3008
9137
12212
8833
54
12105
1796
1989
7080
10920
5064
864
1684
10493
1878
694
11496
2233
2134
1537
6749
10071
10314
2886
6304
12299
4697
1268
11573
8270
10153
11474
1282
2883
9500
12335
8102
6169
12803
4683
3917
3481
10132
4487
1913
12545
3795
2489
7144
5845
11204
9399
3475
6329
11632
12032
10618
10199
2955
9356
11200
9555
9849
5587
2149
6954
6702
2687
8443
3216
5260
11816
5266
1228
46
6487
3833
11673
10051
6267
123
6720
7227
2581
2532
8421
3175
2857
8310
6210
12019
3455
1867
12144
8994
9473
5121
101
1247
6217
7319
3558
12370
50
9178
1428
4893
7431
6093
1335
12328
1108
10601
11247
3514
6625
849
1593
1163
9507
5546
5979
1899
3213
2802
6857
12324
7097
4434
8959
12694
6059
7474
334
2100
10108
7340
3727
10121
8878
6495
4198
1023
4529
1076
4343
9943
12775
6336
4786
9083
3421
12972
861
9839
2311
6636
9671
8147
9260
1137
2852
6925
12129
6266
8208
194
1280
7640
11104
4169
8134
2495
1083
4872
11588
6655
9437
12992
11025
12042
821
3658
8955
3563
2808
6653
10450
10936
3345
10786
9108
3479
4589
10075
9169
3742
12458
6593
11575
9345
198
10160
2162
1728
2322
4920
2276
10837
3712
6110
3730
4275
10827
8340
9505
6830
10540
11921
4423
8595
12755
4051
10413
3447
8894
9524
4782
2725
8435
1829
3930
3866
11933
4252
5856
7749
5104
10317
3751
6201
5126
2592
6596
4372
8856
7772
12317
394
11206
7123
3015
10869
7866
4700
2320
3329
4543
11929
2440
4657
262
7531
8033
2971
7635
5971
7087
2635
7888
151
2817
2416
5367
6382
7650
2286
8668
8301
10979
5697
6456
11578
1502
1222
11746
9743
4812
2216
5550
9190
1717
7486
6067
6759
10243
5991
750
471
2347
4105
4368
346
10805
2003
6127
2965
9899
7472
6643
12954
8767
1808
6810
5715
2798
5962
1049
8912
11949
11164
5032
6607
528
10714
4238
8782
6838
9792
10834
451
8749
1128
9911
7903
7649
436
9629
1562
8006
697
8150
9927
6697
4100
10404
12672
5554
11653
9182
2582
12919
9803
5746
7359
12695
3139
4124
8914
1141
12665
12352
291
11769
9746
3200
5903
10436
4194
6991
9114
12265
7235
3775
10228
5660
7917
272
1147
9588
9491
1802
9775
216
3404
1261
1897
2156
5688
6934
3863
8019
12760
4601
998
9703
10257
9100
12493
2431
325
184
10806
10330
5927
232
2757
6553
11729
10990
2222
572
1746
9922
4229
10870
4744
5463
3295
3533
3753
6692
1330
8559
4821
12301
11972
4644
10481
6538
1958
4841
3830
10390
10516
7657
3724
8679
8218
11577
4328
12011
10745
8273
12996
8169
5632
8603
7884
5405
9461
5610
11225
8219
6904
10911
279
4694
9472
5740
12219
4813
12729
10750
9812
9651
8987
10174
1256
5071
11368
3287
2004
234
3976
6652
12776
5468
7271
10445
6471
12222
10145
7322
6281
10654
6561
8457
956
10716
737
2413
10294
9484
6109
11008
6671
7916
12702
7336
11345
7273
5599
5738
12746
12378
3548
9847
1086
401
1559
1257
3630
7046
8211
1232
9398
4534
8538
11824
8402
2296
4074
12414
11919
5690
4303
4853
566
7459
557
632
12880
6309
4335
5331
3752
6096
8462
1362
8937
12974
1431
732
2108
10022
6746
6644
11924
12738
6084
7874
8378
2261
2352
11343
11161
6947
5644
4362
4119
12468
9901
10550
515
3826
10697
3663
4027
2873
6040
7681
4637
6182
10939
5844
4278
9044
11607
11404
9835
8513
11264
4057
3839
4114
8696
8083
12387
9837
7490
6995
8566
3945
1614
9152
2964
2490
5072
1187
10753
5076
3003
2195
2985
303
8746
12600
8995
2552
1407
9705
11358
9550
11089
3294
3660
12549
6286
3698
8806
431
5188
9992
5134
3248
3085
1858
1713
4161
7518
2113
12676
12429
12263
10919
3181
1208
8348
7872
575
6229
8307
119
10252
2924
8850
8561
4127
3756
1429
9196
6135
6922
191
7941
155
8416
9043
5348
721
9909
618
10165
9021
11659
4769
3732
7963
5804
11455
4717
4979
1113
11834
4894
9794
1789
3266
4214
6802
340
3540
12441
1874
6936
5980
1772
2791
4256
6902
12250
8981
7248
86
2670
8709
2700
11407
10708
11280
6071
7357
7879
4356
635
10702
9591
8663
6320
6354
5237
4608
9380
8699
6900
11756
6761
10627
11986
2587
6851
12085
10054
4187
3034
10027
3793
9452
10409
7734
1804
9735
376
11936
10438
2412
6754
4932
5264
10715
9469
5791
1818
10802
5069
12258
1315
8775
10668
4159
5609
12704
8153
6441
5866
11504
9850
6557
3433
11020
4477
5019
2012
10040
10749
8487
12956
11326
7702
4170
8919
7376
8619
177
1183
7823
12784
12173
5376
3861
4400
5809
3169
6577
10299
9153
7066
12897
9034
12588
12575
406
4104
5620
1196
11318
6000
7149
7477
9778
1239
3048
10850
1846
9991
9441
3072
3125
3187
8023
1018
7911
6306
9330
9499
5561
628
1515
6120
4728
3515
8295
8236
1662
351
1744
6318
4326
11202
1117
3366
2539
5691
12544
10819
1988
3004
5410
12578
8629
2258
2319
4248
12801
9336
5210
2586
5954
9731
9180
11613
290
3797
12907
11898
6251
8242
6221
8834
2122
2305
7209
6654
2209
8570
2289
1347
2922
10452
4585
10543
2937
9064
9271
11149
8759
880
4523
5269
242
9163
11058
7982
12188
4036
9534
12891
1770
12786
12421
3356
11090
9986
8839
3939
3043
7385
10777
1547
3739
2068
2330
9537
9236
3001
9234
9326
5201
12485
5078
4809
9564
4928
7423
772
4778
711
11056
12561
5628
4152
739
3394
9111
2834
4102
3750
7513
4266
6844
5842
12052
9268
6874
12119
10242
12323
8197
11431
5158
11027
2822
2970
3754
1561
8551
2588
8093
12372
6432
5591
5598
12977
6284
7621
2756
5613
8431
6864
3382
11365
8939
3643
1300
2976
6656
6435
2219
11120
2338
5955
3806
9567
10311
10515
3165
7128
10610
427
4575
7283
11005
2477
2931
615
5282
12339
8913
9815
987
8389
12061
218
59
357
4476
6193
170
8433
8143
3829
9782
2121
1073
3938
9785
2474
9538
4177
7139
5120
5604
11173
6125
9790
975
2923
988
4384
3060
8308
4931
11551
5101
1855
636
12070
4110
11010
11598
6531
1581
9852
6429
127
1118
8161
2119
720
1074
5527
11868
4906
10095
3152
4126
8700
1941
2514
2272
12433
3056
8507
5921
7551
974
12576
3560
650
3083
1883
7334
2820
2572
7499
10816
11209
6861
2463
2290
4327
5182
8333
8098
10965
7961
12075
11372
4742
3577
12342
7932
3528
4981
4120
8396
2403
11695
10164
8090
827
6183
3700
10700
7811
1062
3428
233
2137
583
10931
708
1740
11490
1917
3035
3039
7026
7185
1980
2467
1127
2164
4646
4946
6560
8031
5879
9611
3748
4935
2930
2758
277
5755
992
6693
9479
1194
5187
12557
6528
10815
6054
1345
8481
1613
5306
3932
2006
5022
5608
2589
11421
9958
11244
4179
6530
6079
5044
5344
2111
1291
2626
7090
6944
7374
5235
7226
5710
3693
5993
6688
1908
7647
3741
806
8424
11767
6443
2547
12825
1323
10169
6270
11234
3617
4711
3464
8821
4790
10079
8177
1976
961
7452
7083
6103
5077
11702
10455
5649
7352
