6804
8648
6107
10959
6103
1430
7791
11455
10185
11208
9655
8359
8971
10245
9643
5226
10724
5774
5672
4467
3506
8276
1605
11925
2464
12368
7326
11110
10150
7103
6430
10639
1928
8657
8358
8361
2997
7694
9906
3222
12349
3385
7396
12167
11426
9338
2856
11370
5450
11276
12463
12536
11080
7302
2616
2272
6507
7934
2818
3724
9167
3606
1748
2984
10031
8303
7132
6698
1257
12816
10102
12090
7820
5908
5054
11024
9981
537
9480
12351
5494
6966
7429
11527
3162
9787
13005
1428
9457
8508
10782
4483
5715
1761
1095
10182
3531
5426
4675
1290
11534
7445
6238
865
12138
10103
9564
7497
5938
655
8642
2129
6254
10921
4137
8530
2414
393
3025
10543
9437
6452
8975
9217
11702
3635
11463
11268
6510
8969
7588
11066
119
2169
2099
9031
9933
1617
7601
12475
1056
12602
2755
8862
5636
3058
4432
2373
5013
11317
10207
1180
3083
12584
11142
7075
5562
1216
3902
7869
2201
6275
3298
7928
1504
3343
8649
11687
5454
7119
9210
10203
4902
2362
486
2293
12421
12396
7217
4708
4324
114
5162
1294
4155
7289
2260
516
7145
7182
877
6954
5910
4770
9784
4872
2734
7505
8254
5110
10743
7936
436
11094
4338
12918
10970
11838
11496
6184
10004
7701
4738
6565
5492
7088
1370
4200
8439
4554
3535
10889
3380
10811
9486
2761
4218
775
11656
11853
12631
1583
2246
7602
12779
6244
11903
5448
12229
6670
5970
12152
7363
12193
11809
308
10461
3717
8332
9989
12418
6584
3623
7064
6742
6588
4085
3791
7958
8234
2679
5959
3749
9597
924
4672
11262
9760
555
5746
5132
12223
135
5183
11910
5759
12587
12410
8415
7273
7020
11601
8033
8175
12808
2336
6168
7354
9262
1854
12951
7293
7504
6893
11753
7014
1187
4252
9608
11097
1469
6488
7871
2202
8431
10379
4117
10009
11048
5040
4884
9654
12959
7849
5516
11751
11339
5613
7458
12433
9702
10268
140
1891
3295
7174
5428
6392
337
3089
12834
4990
7609
7560
10017
7296
6558
7771
257
9084
2174
10066
5502
12803
4899
2103
8827
8009
3577
390
11953
10309
2642
6848
3077
7649
5496
11909
3109
2189
6908
4479
7507
5724
3225
10339
9601
2292
8363
7954
8673
7011
915
4993
851
6513
9353
207
5119
8021
5606
7499
7421
5634
5825
12586
9909
9731
567
2607
7426
2388
3879
1528
7076
1124
4499
2449
10519
225
833
5513
8776
153
5261
2873
3273
4719
10307
11750
9836
8567
11052
11410
3102
1862
809
994
11381
6041
3093
6978
6594
6970
1533
9202
12727
12446
3484
3465
6639
971
7246
10624
309
1136
3818
2664
10582
9689
2417
2693
11043
522
1987
10712
12518
2353
12531
7187
1043
2868
4701
1175
11493
11637
9356
64
4080
5734
1567
7827
11265
11997
9309
3677
8558
5684
12102
6642
10304
5032
2740
6409
2575
8457
5612
2764
148
4271
9318
12412
3242
2111
1418
7529
4736
2991
3378
1653
5433
9370
7943
12621
3826
3809
2730
682
6865
7286
9546
2766
4980
9349
5829
4984
7722
7461
11642
8614
9464
8651
3227
11151
11282
12413
9235
9123
8201
1186
856
10861
7607
466
11354
12764
2297
4039
4303
12617
4714
216
11512
4725
12347
3294
7350
6771
3384
3305
10537
497
4062
263
11454
7029
101
2079
180
8336
2733
8461
9427
9697
5756
6942
8727
4337
2060
7534
7617
11295
12498
9936
4446
2047
4509
4302
12814
9835
3704
4710
5533
6880
7036
5154
7096
7805
12829
11528
3177
5596
8425
278
7327
1791
1829
10374
7022
11848
2273
7662
6428
1307
8775
2821
7113
11216
3850
8262
9397
9087
3046
2040
7215
7852
3747
1755
4912
3784
11106
5420
8640
10359
1872
7819
9552
9425
4796
5817
5862
8804
1631
11122
4539
9748
10428
780
5507
12665
5933
10630
5331
8883
2276
11396
12415
8283
12952
1824
11114
8260
749
9374
2251
1137
9401
12069
6385
12160
10449
12107
12106
2283
10955
11995
6256
1326
12340
5569
2736
6946
12043
6626
5951
12641
12822
2441
8152
3457
991
2540
12076
8838
6989
1308
11029
1732
6179
6810
12004
10293
12288
9027
11780
12296
130
588
3625
9233
4657
7765
4743
10373
6174
5172
6001
4541
1874
5557
10903
548
12054
10825
5831
1015
3494
2197
6840
12731
10701
2386
4818
7255
585
397
8708
10149
10319
745
9582
424
8051
5434
9543
2198
3337
3493
5772
12689
10941
9205
598
6689
12355
7709
8686
4677
5098
2173
1007
5479
3278
8793
3154
12485
6555
4185
8430
9739
3708
2579
3366
211
7230
8053
1244
12968
6803
8697
10134
8824
11732
6188
7195
8728
12947
5017
5079
2344
6854
7045
7844
9744
6138
9162
12338
10029
1024
11095
11059
11672
2015
2846
12797
9592
11238
10228
4128
12089
5775
2191
9252
941
8764
6481
6294
4928
2790
12650
8401
937
4371
2928
21
2930
5729
11951
8779
3134
11914
7361
11986
10483
10873
12332
4988
1806
9419
7698
10338
2723
2089
8079
10670
11648
1361
5625
8047
11746
1262
3426
3119
1709
11315
9576
2423
5848
7780
1447
1306
4831
3934
12655
10611
10351
6234
2799
5718
12590
6260
855
1986
1093
7288
1195
3544
1500
7355
1384
10748
4020
11570
9060
9941
13008
3229
12856
10496
3571
8866
11226
1969
1844
9371
2317
10444
1396
4335
9102
6018
11143
10071
8305
6784
455
1757
12311
9548
9473
10327
5545
2349
9011
11081
1515
12974
9078
11318
11244
10136
10188
3059
11646
10108
9375
10394
10246
5963
7202
7817
10155
2807
5744
6130
2780
2675
554
186
8695
2503
9288
5250
6460
3370
12569
8252
7553
9029
2708
9779
3985
2224
382
6581
11425
6453
4887
6438
10584
1215
5525
1120
12859
8818
6237
12024
10783
10500
7089
6753
6823
12786
11173
12861
7997
1820
11936
3016
4407
606
5968
1373
11182
12591
11761
10956
6301
514
8318
4393
6559
12637
7349
12881
6759
983
3619
626
5795
7616
1247
4603
4780
9631
9173
7663
11369
8478
1001
1419
6241
3339
2140
3374
9012
10084
5482
11116
5984
58
8483
167
6176
2249
860
9193
8299
3122
2306
12810
6249
10974
11574
6891
9128
977
7043
11932
7205
2459
9838
9529
11157
3996
12635
4164
7453
2392
11710
150
3477
2284
11731
9638
5602
3437
10884
3387
6074
8370
10829
6106
8548
11118
10065
10459
7993
86
3922
6397
8967
3845
5750
11031
7518
6387
8368
11579
6933
12667
5696
4250
7585
6031
10860
6799
10366
11520
4370
1436
7589
11585
7071
3786
3710
10997
4529
422
9537
2302
10341
11851
5086
720
10271
4244
5919
6756
645
12087
5941
1886
11250
1553
10466
4729
11694
12434
33
10421
5477
6282
1762
1571
10707
12395
9140
1719
789
802
12926
5048
7114
3290
11245
9863
2206
2161
9178
5935
2080
376
9232
7984
2546
12928
5701
3237
4837
9165
5588
2448
6013
3161
1904
10607
1303
1438
11938
3146
5038
7343
5399
9175
11017
5517
1199
5047
6857
8020
6962
538
10143
4889
11754
10570
6108
2348
10015
10226
6292
9648
5314
7346
3648
1320
7982
8620
7777
4635
9827
2653
5429
5871
56
5732
4494
4917
5754
4505
3452
8176
3055
11553
11800
7608
5107
11221
6480
8576
507
9624
5153
12119
430
6706
6324
7236
9785
4397
9581
6826
10208
8186
5298
131
9358
3388
3361
3530
9331
2288
3633
18
5842
7186
7648
5485
3275
11232
2523
6081
10518
643
11214
12037
7232
12416
5281
10546
6724
1925
10179
1520
6207
5593
10225
2181
3763
6024
9462
5395
6522
12677
11041
2010
6650
6667
9586
4192
12915
8404
12342
7971
5201
8127
9487
3081
10741
3612
8010
3955
11878
5675
2454
8560
7901
5207
928
10057
8060
4937
11036
12704
5122
5467
1926
5028
7931
12564
11045
12137
3267
845
5012
10694
6264
7942
4400
12164
9867
11424
6539
6752
10548
9557
7830
4008
9006
2149
5767
1399
12818
6506
9886
8124
6779
10758
7420
6827
1699
5560
2744
10060
11051
12447
11668
4005
10434
12112
2944
8191
6190
1484
12520
9081
4997
12566
7462
7656
5221
508
4992
11337
12181
7351
12658
372
5850
5404
6944
9637
6755
1160
10664
8214
3642
5082
3341
1406
1018
8239
7146
10054
10842
10737
12274
718
5867
6429
11605
1006
10962
12430
11565
10716
3153
4132
9024
578
9030
5349
12941
10952
2241
12344
7409
4915
12005
2973
11349
5417
12362
9885
9554
5697
609
12830
9163
6644
566
5409
3630
12308
6620
12777
4945
12317
9959
7778
11229
12281
8309
6666
7207
10378
8623
9377
7939
6837
9821
9832
1283
6996
3472
9896
2959
5757
418
6641
6576
126
4295
9855
85
6785
2073
1927
3722
5149
1625
1363
8146
6789
3682
666
6687
12870
735
7888
7969
2200
11924
2949
4297
274
616
9142
7044
5150
6625
8241
4159
2186
8217
10689
4550
5263
6423
3479
7320
4817
2418
12306
11137
3031
6678
3032
12294
5997
5586
11471
4451
4757
4153
9096
1337
6545
1788
1480
6691
1211
5049
9634
4909
7128
11247
6649
2599
8670
10898
5579
4543
9677
11719
4322
11860
11508
10180
1535
8604
5704
5719
6136
5271
12373
2645
591
7039
10605
6587
689
12060
1666
9567
9828
8324
10169
11290
6595
9477
4646
12237
540
10557
4900
6694
7492
1496
8064
5892
2265
3011
882
2250
7910
5673
3855
8668
12298
9449
1726
7405
6270
4600
1147
8715
1518
11141
9951
12202
11578
10202
4822
10766
11994
304
4305
9176
7369
6195
2268
6389
6934
5695
3895
10363
3881
8331
6224
2834
321
10385
3566
8427
2274
5647
4312
4465
8726
6048
9675
10480
3406
9502
10160
12577
4910
35
1851
9428
9930
11822
7918
4264
11078
6822
9468
687
8
10343
12550
11089
7002
4679
5503
83
10659
9515
945
2932
5096
1591
11145
2844
8874
479
7489
11170
12074
9704
9350
7919
3314
2190
4162
2141
5500
8741
12222
11382
10456
11907
6677
1816
6993
1847
487
5570
6835
7037
10830
341
3802
12488
8835
3354
3325
9526
2945
6032
8768
10512
9042
6323
5512
11291
5232
8279
10908
3942
11073
2420
1885
8722
4660
4269
6178
2212
7170
9114
10050
12423
5185
5011
231
4848
4969
125
1503
4502
10768
697
625
6578
4897
1759
10614
6940
2175
5386
12464
8514
4342
3917
5412
3926
8634
4210
4087
4569
11580
3827
2150
8942
7334
5764
4608
11023
120
6005
4232
7177
19
2107
3681
11263
398
6769
4259
4740
2572
1204
9851
1467
763
3415
9967
4772
9606
12935
10331
6371
4895
10816
6866
4209
11334
9954
10068
2853
1626
5148
12264
2539
6345
9573
2285
11645
6987
11091
10292
3652
4334
8120
4609
9549
5811
12144
11693
11430
2731
4329
275
6864
4925
5887
4230
8349
9541
7299
8712
25
11613
5903
12382
787
7822
9438
6950
4373
1563
6939
3293
4138
703
8819
5755
11723
1296
5978
9698
8684
7523
10414
2378
4385
6092
9809
5078
11049
5223
6486
1813
11303
2506
8389
12393
3991
9782
2885
7747
10212
10295
9218
12414
9225
11975
6302
6399
5812
11519
6286
4320
9602
11551
1973
8887
2553
8902
8573
12127
12508
1254
6927
730
3137
12790
2552
9514
7874
7731
12695
11892
7836
440
1694
12505
8754
4073
5237
641
12067
11300
10313
10645
1955
7831
11386
788
99
7546
6542
65
8426
6525
6874
3094
8222
7851
11205
4662
3552
6210
5967
10165
4298
11958
2564
7685
6889
8407
118
8410
3434
9823
9040
4441
1569
6063
6085
6767
2318
1189
4168
8667
12113
11966
2376
4856
10798
8313
12057
11964
13
11257
458
1064
12805
7121
10259
663
10048
1238
12673
919
11260
7930
10239
12145
11857
9352
5267
664
5540
7631
9992
4927
10799
5489
6548
843
3281
12907
7199
10642
7561
9595
2419
5515
12157
11231
11897
11640
5375
11144
1252
5664
9876
6766
2610
2867
1185
11957
3954
2468
4756
8564
9035
9555
4971
5770
2617
4533
2253
8633
4470
11287
9780
4068
11794
6140
2776
1729
7970
10321
11453
10254
1348
8200
5668
9736
4567
1517
6408
7066
10061
12381
12541
8228
7287
3324
11092
12537
11278
2720
8770
10417
8737
176
12467
4048
7772
4014
4607
11070
8347
2280
6273
6856
10803
12668
11987
5866
10897
6732
7738
12079
11829
1609
5304
6457
675
4103
9369
9525
3045
8265
5616
10452
3271
1143
9617
11289
7594
258
6716
12220
672
11115
10692
3038
5872
8652
1821
8706
4256
10667
2406
9649
1774
2907
2763
9065
10303
7724
2794
4742
3524
10793
9257
5886
1441
2496
3864
6842
4253
3345
323
6758
3851
6757
4555
7832
123
7019
63
8055
2188
11581
2194
1134
7309
5301
1094
10841
6738
7223
9138
6731
12082
12948
5642
6448
12994
5481
12610
8121
5900
5522
11960
8939
7628
12607
1173
4497
3992
7595
10911
8701
3394
527
9080
6187
2434
6853
6956
12716
4730
12411
11419
2871
8209
7503
2524
11266
1797
2244
9678
4215
769
2261
2638
2093
16
1895
1402
1510
2375
5521
9825
3424
6627
3238
5934
5200
1259
10484
12871
5576
11457
10675
8821
9690
1310
12212
7196
2411
612
7528
4960
881
4318
8199
12020
1594
8643
6846
12614
6858
6489
10918
470
10896
4422
2013
2313
3940
2563
906
4386
4807
9765
10562
4530
3410
11068
10162
7154
3062
6100
7444
2452
353
8646
11
10035
1741
11624
238
10945
12654
12135
464
7118
11611
1159
36
660
5407
12714
9559
10828
4938
7623
4419
9730
11615
1392
5083
2217
12863
2621
7641
9568
1153
3995
168
642
1763
10454
1026
9492
12241
3499
10025
12589
8106
3375
8595
10627
3026
5654
1586
1119
12374
6272
7708
1611
986
12555
2829
1775
5143
4114
11286
6930
11582
12723
9816
10739
9917
4404
6255
8665
12002
12873
6215
9687
9105
4096
6877
11483
11279
9333
12554
1688
8647
10224
1565
5057
5115
9283
378
377
1061
2751
6146
11886
10932
8327
8672
8281
6356
10765
7959
12849
8379
435
2131
10703
1062
10153
5209
8195
6208
9536
2301
9074
10092
3523
10465
9324
8387
5225
11409
981
4092
8500
4654
12588
9359
12980
4183
7697
12628
8535
9717
3629
2975
10953
8007
6087
2940
10021
10423
2696
4797
7833
6932
5991
12986
2851
1861
940
9405
3688
8538
10426
3998
602
13009
10597
4907
8409
5727
3482
10576
12462
12331
9117
1667
12405
5191
10090
9940
12426
1740
6686
4790
8879
6193
2652
10286
5758
5783
4986
10802
253
10773
11500
415
12263
12847
11543
786
8240
7848
12472
5244
8300
5294
12800
4315
10335
12954
8836
5864
10538
2403
2577
11082
8029
12522
2398
7537
8521
8219
11836
5296
11567
11666
7164
12366
7102
12379
3139
12504
3453
8177
12162
12644
7816
5753
1902
1205
4000
3478
11491
6191
8092
92
10702
10599
4858
2742
9521
12853
8378
524
8391
4551
4948
8534
1183
9286
496
6673
9444
2979
11862
7893
12945
9266
334
9170
6158
4752
7912
7604
3970
7797
4015
1239
2413
2294
3157
2307
3638
108
9633
9611
4263
8335
5710
1289
11340
12204
8928
6455
2209
11763
4942
5828
5109
9497
9380
5614
9420
8796
7385
3837
8109
10448
593
12450
4291
1452
1521
12158
6947
3085
311
6573
8321
10942
7614
4515
12735
8972
5264
3819
7142
9154
1453
9183
1028
12846
11538
8581
8758
2784
172
8519
3470
671
4143
6721
1224
8789
12030
10581
5035
7569
10573
12300
8420
5227
2706
7176
5793
12429
12260
8825
6676
12603
1692
5039
982
3464
7635
7536
6852
3780
10451
7773
1385
8481
11674
8354
2992
7502
6750
5478
9290
11003
8185
6109
262
298
731
9819
2875
3287
445
12611
10235
4278
5187
1536
3396
9361
3368
10577
9923
2446
3993
9289
11651
8920
9083
5822
5050
3841
3692
1811
2114
396
319
8683
6878
3817
2754
9883
9345
5669
10275
10536
9629
1474
12823
12115
1684
11573
124
7873
1908
6251
3918
8992
3310
859
9997
8224
6928
10866
5989
5260
11438
1084
668
6043
12760
10809
11812
8174
7829
10064
2722
6369
6123
9662
5973
4967
3471
4519
5202
7898
9724
189
6645
10464
4445
3762
380
11189
5284
3182
281
3142
7573
12072
9929
12957
9000
6335
5837
5431
1099
6580
4686
6855
11803
10372
12888
3644
6820
2998
11296
4758
12815
4070
2262
6283
10602
9904
5784
814
9995
807
10895
11415
7787
4408
1342
4377
5382
47
1339
7313
154
7625
7759
11771
4307
899
6672
3865
11399
1335
371
2049
4958
6046
10498
12922
8696
5511
4083
4287
9848
10237
122
2405
3823
8503
5571
1050
9947
2954
4148
7789
11999
12862
152
2170
818
10270
2359
5922
7775
6030
1750
9973
8467
5414
5854
792
12385
2404
11877
9426
3756
8095
5027
946
9159
4503
11177
6777
49
10731
11846
2964
12886
6679
6821
2287
2627
12545
7696
1203
3541
3572
6357
12878
6115
3685
10790
3007
3686
12436
1367
3392
9829
8970
8937
10681
7941
7193
6054
11718
3808
9337
375
3054
6485
6774
5045
6354
387
3977
3678
10756
5234
4156
6464
1368
12659
461
11223
2685
10631
7378
8438
5637
451
12377
2555
12892
10308
5357
12775
8570
10221
7228
8772
4954
12470
3764
6965
11908
4147
1538
273
12806
12579
11708
8655
5716
10999
10992
10038
2104
4888
12855
206
9527
9459
12309
9964
10513
10350
2148
10965
3916
10146
12811
1673
545
10095
10247
6194
11458
7435
6552
3091
3798
10289
10377
8170
4764
6472
8787
7189
1045
10960
10087
8110
7235
831
2281
12350
3309
9912
3766
2180
10506
7562
2030
1347
8680
2255
10137
10878
653
10330
6060
9389
9523
12502
6226
11188
12390
6747
12389
7015
8100
1738
2305
7733
4629
2993
5384
704
3178
10650
4746
8496
958
8991
7285
10199
5649
3854
6773
6568
8288
9124
4668
4010
9934
8366
11540
3882
5228
11090
1132
2646
808
3449
9880
7692
3399
12745
3565
2995
7301
10656
9695
10233
10635
200
8936
5463
9623
6235
772
10556
9503
12939
6809
10238
3734
453
5397
7710
5316
2661
1021
1990
2160
2502
1098
10967
11939
4175
9983
11522
6533
6370
12742
5550
3297
6817
7212
1225
9946
864
5617
286
6456
6186
428
8799
2479
11692
5869
6316
3079
12476
7965
9222
11209
52
9663
6501
2341
2335
1182
9126
4042
6630
9026
6832
8848
11797
7073
6619
4182
1839
10026
4290
4107
6134
8976
9684
11525
9795
6281
5520
5820
1876
2090
12325
11985
7271
5928
394
5858
11630
11515
6704
12496
10129
2990
4535
4424
1901
12632
2504
4774
12171
10082
12852
790
1234
6860
5408
2783
2934
10215
9398
2707
7095
11972
10352
1198
7243
1096
6289
9452
7278
6431
1837
2237
9843
11604
10987
8227
11307
5561
9733
6361
12769
6681
10877
614
5926
9802
6156
12371
8385
11123
7774
3419
10521
3490
7277
3306
8894
5683
9517
3379
8004
9498
399
1495
2592
5309
10336
4490
5468
1358
6492
6348
11269
11000
11982
921
10654
7440
9297
12507
5853
11261
12013
3616
4691
9812
7532
2570
8484
12622
4448
129
10929
5326
6899
7713
5566
5063
1111
2735
3525
5230
11112
8449
6142
3163
7858
4606
1479
5603
7318
2620
934
8472
6064
7853
3967
6072
9378
10039
7328
8377
3272
5943
6778
12604
11572
1014
10697
10655
132
7413
3781
2039
5198
10282
10450
6379
11171
10409
9360
2929
4816
7160
2421
4739
5506
11655
2257
12787
9924
222
6223
8043
1253
2665
1835
1768
4346
9072
2781
444
10973
12251
9295
6811
536
11675
3067
11420
10771
743
267
4365
2908
6800
1034
5947
2402
5346
8662
44
7397
8545
12250
8098
894
11403
12448
7839
861
9493
708
6674
8510
4050
8598
7996
88
9347
4747
10565
9570
10872
6693
3844
5805
7393
7384
8524
9945
11443
9588
2379
4575
4737
11225
2926
6697
7748
8881
7041
10714
7726
3812
2833
7241
1964
10023
4323
10559
4372
7425
6442
1770
7345
10474
3755
4136
10361
9209
3753
2168
11323
1113
3603
9110
194
4406
10175
12465
1871
197
2072
12326
1670
1103
9070
3528
12392
1796
10024
5249
5648
6508
12619
914
3149
7542
1643
5411
1899
9754
3598
5721
11874
2978
2639
8399
9303
9813
5487
7960
9758
3713
10022
2487
4604
10171
1090
3695
7291
11618
2759
10688
11835
9622
265
1920
10892
6845
2987
4842
11816
1599
2270
7620
1387
3767
6851
3262
2611
8685
5897
3741
12850
6787
1827
2483
102
12151
7265
6441
6696
3257
4116
7251
10220
9636
2430
11661
3898
957
893
7390
6326
10020
3064
592
4434
10440
11653
12992
10525
3466
260
4570
4425
7716
9849
4131
1164
5286
9558
6743
11680
2444
8041
6463
10305
8141
4655
10364
12729
10437
11831
8927
11841
711
5396
12482
847
11942
1116
7496
11461
12337
8147
9125
4634
2126
10662
5700
4628
10250
270
12848
8901
628
11099
8612
1884
9091
3975
11217
2077
9619
7260
9741
10750
8860
1344
7711
3521
10316
10671
3221
1979
9143
1422
10404
6794
4189
6825
2811
12640
7127
221
12835
876
8619
12657
7549
11448
11186
11042
2699
1317
2840
431
9943
5751
9615
7038
8870
5491
3680
4357
5293
1146
3545
385
12798
9365
3436
5327
12041
4022
9292
1476
2354
1506
7262
11371
11616
7417
939
11150
8814
8245
1435
4979
210
12006
2962
12028
11428
499
12942
11548
4524
9627
8597
9632
8230
4478
6768
1178
7379
3164
2931
1265
12284
12262
7423
1638
12038
10217
3921
9234
7842
10389
5097
12660
9470
12339
10762
6171
1639
950
12103
3799
4876
4246
10076
12543
4016
72
3736
4234
8277
5608
8144
10665
11768
927
4060
11766
8704
5847
4924
9319
4833
1156
2006
9408
1976
11329
1126
2676
5178
5121
401
5671
10836
10976
8714
1542
299
7913
3393
12690
1828
6145
9755
4036
3431
10666
518
3999
11834
416
1150
12851
3486
12398
5644
1122
8731
12321
7131
13001
7051
3143
2522
12297
4676
12558
5988
5679
812
1723
6042
3503
4776
1549
31
12734
1353
9073
11745
9255
670
8915
6239
7249
9180
10686
9047
12831
10805
12095
11190
9204
11629
6304
7070
4452
7059
12278
7424
10613
8058
2121
10126
3690
12314
10415
9434
2062
10870
5662
2314
3948
11233
5170
8880
4741
6567
12990
6402
6127
8348
12539
9937
107
10899
10720
2956
8012
10340
7482
2690
1674
5095
12259
11993
4030
4288
6003
6380
4057
1068
7804
9794
2145
10052
8181
3620
7576
2623
5203
9216
7940
8078
8973
8550
10996
4190
1681
11820
11194
6551
10845
5064
11919
12936
7248
1905
7568
2017
4394
6007
1429
3265
3230
12136
6999
8362
1226
5443
7895
12261
5042
3551
4944
7050
7652
8103
163
6165
11028
8849
1341
6287
7580
7924
677
6599
11239
10311
8616
9729
11716
5005
5358
5480
11134
220
2709
5604
10291
11256
2470
17
4241
4838
4852
1040
1622
12419
505
2497
10487
9056
2369
9686
4086
7880
10751
3972
2864
8264
10387
3191
2491
10735
8592
249
5354
6520
1705
7279
6703
11014
12427
9280
5518
2346
12357
6084
9846
251
8917
3034
11571
137
11871
11344
5036
1321
8052
12645
9563
246
5969
828
6436
5193
1010
5472
12358
400
5181
3147
2705
1450
7305
6875
985
9115
5936
5865
2977
12166
5555
4613
8330
5081
3040
5537
9668
3235
12721
12991
4914
4028
8735
9766
1773
3441
4905
9614
1803
9742
6575
4336
7122
1350
2588
6153
948
4462
45
11546
10401
9093
723
215
7418
322
7323
11722
12821
4890
11167
3949
5188
11252
5452
5300
10616
4066
11411
7261
1612
1860
11801
549
12039
7764
11444
4936
7639
4812
11513
10173
11155
6477
11163
1921
12523
8800
4507
8329
5140
11918
11998
9137
7886
11259
8125
3116
5630
6497
2053
3976
5043
8178
6312
10472
9578
2325
3941
12753
11331
6818
9144
9520
1201
11757
8542
4115
2057
5456
5939
3158
6955
8865
10744
407
6654
9484
6365
5993
12838
1380
8517
1858
8237
10120
5739
6737
7224
2632
5883
9007
9822
6016
12299
800
5890
12046
2231
11566
4202
5914
2674
4380
4248
741
87
8977
5363
622
10475
1931
886
11288
9447
8541
8921
9814
8934
7314
7268
4881
10806
9714
7702
9320
7171
9315
2489
12899
12120
2972
1572
10785
10497
196
813
1913
6549
10469
6911
6465
1942
9106
2606
2245
9311
7660
7600
9958
11421
12239
9998
1345
3770
6796
669
1241
2167
2668
10725
10859
7813
2585
6726
5656
6868
2139
11069
3636
8959
3561
11079
6383
619
4055
4653
12921
1297
3315
2656
67
900
3872
3994
3945
3159
4962
11839
9406
8721
7371
8087
2424
5728
6265
6055
7211
7240
8520
4340
6602
6701
2259
10069
9413
7480
11814
6948
10320
4538
955
6668
7950
7811
2528
5981
12698
12679
5640
3971
1149
685
12155
3627
4281
12394
12388
1807
5680
1351
7669
2067
1400
7434
3605
11704
6274
2877
5347
5204
8266
8406
12001
5838
10913
356
3369
10503
5794
9913
7933
5498
8744
7481
12435
10721
5142
10539
6036
5111
8353
1272
2838
12369
8663
10732
10534
12203
688
4773
10738
10236
8536
10754
12420
1442
2187
6120
8965
9381
6290
2485
7252
9994
6733
2488
12084
6509
8054
9294
2634
2112
5891
5909
1898
3430
4953
5389
8068
10786
12063
441
2286
11696
1906
1217
1080
5879
3557
8293
11970
8066
4921
11348
2133
5921
12940
7730
12576
6360
7909
7929
10053
10852
4065
12199
12795
2165
12807
481
4299
10746
9248
8218
3929
5639
11502
11929
3096
11793
5484
1579
12364
12359
4109
5912
4198
73
872
10736
5804
12126
8071
9598
5410
6427
6362
1890
12514
4707
10485
12813
8011
5197
8183
5526
11948
5329
6831
2786
8913
7905
12224
8024
3022
10265
6984
5894
10832
4923
3451
11928
7520
3614
8259
7632
2134
1415
3179
717
2432
5745
3236
8528
5353
1312
11934
4368
3856
2176
1083
3563
7049
11088
10863
1743
3828
478
10248
4802
7749
6790
5312
11819
8636
10059
2058
1754
1662
11550
12266
3174
7558
10214
6719
1425
12409
12121
3170
804
5532
8781
3869
8981
9644
11464
4636
1753
5826
2002
9305
1704
974
3815
3961
3820
5670
6991
12143
8871
5006
1795
10787
3604
1455
12517
4904
7808
10989
12000
6961
4501
12583
9296
797
9939
6147
7976
8027
11147
2704
9902
8769
12432
11292
4651
232
4658
5213
8869
1309
1597
8436
8017
1716
7915
3532
9893
10695
3390
8073
12214
6516
8206
9694
4577
10545
9560
8085
6116
2425
596
10056
7676
9808
7583
9856
7967
2229
11408
12044
6702
324
6728
252
10833
7633
4079
9769
10494
12746
294
1017
8328
10531
1411
12282
7673
3068
4257
10099
94
10356
8644
7258
9355
7689
6386
3621
3657
157
6713
11594
9980
12252
9544
12770
6990
11742
11804
12025
7653
1615
11769
12683
648
1048
11012
4669
12858
10164
3912
6593
8816
7136
3444
9512
9076
8830
2904
9710
5944
456
925
4194
6730
6214
2240
4169
9865
7402
12627
5955
6293
10213
11943
2347
5285
1793
8411
9243
5875
8797
1570
1822
1457
8609
12608
1443
9184
9479
12211
10610
9767
2207
1166
10647
2913
5577
644
1879
2798
3112
1978
9134
12190
1703
5001
640
9212
6175
268
1620
8806
11475
8044
9911
11639
5845
11121
10520
8617
7347
8048
885
12234
5000
5270
7735
8097
7927
8693
11634
7298
3596
5120
7097
8516
2530
3448
6998
9545
1974
8107
8429
10486
2433
8320
343
5527
827
11743
8235
2396
12380
11264
2909
4544
3282
6571
8544
3522
7308
9003
1456
11389
11529
12674
3518
11388
3442
9792
5915
965
1819
4126
2172
4362
5189
1968
7756
5339
11786
10493
2793
10594
1196
8884
8724
11724
9174
9240
6725
6252
12765
9955
7878
9776
3956
7990
2582
1058
11158
10445
5118
8886
1742
9926
4985
11686
10280
7173
1
1783
3661
6975
2982
9722
6359
10922
8376
12937
9868
1158
438
6579
1461
646
1030
7431
6209
4152
12532
9241
6285
2001
12759
2195
8932
4348
11845
7799
11900
3150
513
10593
1949
2031
12431
2883
4043
6451
11709
8851
11915
1101
9373
4213
6543
12930
10943
12098
291
6080
12101
1439
2116
11405
8082
7024
12965
11681
11850
5388
8903
7843
7087
7297
2005
8497
4196
1190
12651
8367
1621
4006
5302
8371
737
3407
8555
12092
12008
11644
1329
10796
3241
8637
3732
6091
12792
4982
5094
7818
4488
8613
301
9970
2684
71
2779
1787
7124
10619
4283
7803
10853
10124
11781
4562
10563
8543
6114
12872
3773
3455
2809
4805
9857
5475
9905
7226
2714
4788
9925
9456
11720
3152
6572
11255
5950
6695
12931
7106
2711
4824
1857
4648
6502
5660
3765
4597
1281
2177
4108
1251
5582
3194
5508
1676
4151
7303
7377
3260
10779
11398
3785
7591
12932
4121
10865
7864
12173
4573
11357
4476
6883
7693
4709
10511
4721
12692
234
6869
5141
2662
139
3402
2718
5190
3580
4477
12599
1073
1104
3839
8777
6511
11569
11022
1448
7973
9535
8963
7511
6433
658
7466
6985
2571
2672
781
3585
4540
3801
744
4455
1393
12563
12744
2356
8383
12618
4081
11432
6000
6329
61
5874
9332
4961
482
3086
5289
5080
2923
4778
9022
1655
12513
1630
2397
5319
9513
11358
1235
11200
11677
425
5703
1276
5790
4806
4052
6038
10718
11873
4237
2976
8571
6786
8900
4526
8689
1427
3581
3735
4943
5059
8382
11863
7319
9465
3084
351
867
2887
2451
10939
10011
2797
11176
10663
9271
969
3910
4630
10008
1566
589
11713
9463
2439
2471
11212
9063
6591
7802
2127
6421
5029
791
5713
9833
12837
5418
1718
504
11319
4571
3505
5785
10769
11715
2021
4216
4321
12494
14
2078
4040
181
1690
3923
2248
223
10930
9472
4071
4235
1301
8163
358
7004
2442
8823
4414
6466
2384
1548
12240
12454
12701
7968
5176
7678
7134
7324
803
3433
1842
11431
5373
8352
12404
9316
1041
801
9141
1960
434
3233
432
7414
1323
8256
11372
10112
10034
8892
1730
12329
117
11322
10571
7032
7152
8984
8876
11376
610
12691
500
8022
8397
11377
12722
3454
1460
8454
6104
423
10297
12913
6341
2837
7671
1525
4523
3547
1641
5171
5023
12812
5580
8284
5677
8070
1277
11098
1737
5615
6029
1767
5720
2298
8594
1541
6841
12088
133
12804
6094
8805
5257
4172
2917
5174
9743
9749
6061
12246
844
421
2595
9572
5306
1568
4627
10201
984
3508
2839
12763
3092
1932
3301
3033
11222
3667
9312
5878
7473
11325
5400
2236
11054
4064
11004
5587
8632
2363
9518
4966
11937
2222
9914
11833
7596
5305
7486
1374
8465
8036
8192
4012
7902
3459
4106
10951
4458
5366
12950
12139
2374
12515
6556
1936
6963
7514
2545
1416
11989
12402
3192
11840
1798
11104
3443
12904
2791
1049
10677
7222
5177
8213
7169
8716
11541
7493
8148
681
1809
5674
11808
2792
12147
10986
631
1833
7948
852
561
6892
6490
2142
11974
10211
8184
9956
11498
3663
1961
5424
8202
2516
5821
11480
7727
12776
9692
9810
12019
2898
77
2947
6801
841
6182
11587
2003
12758
93
7034
8778
4177
9577
12755
3358
7825
4913
3435
9386
12767
11437
10290
12894
1771
1547
5369
7269
7395
11595
5276
9786
11632
2669
6669
10632
10950
7140
8046
607
1993
6902
11988
7245
7337
3564
3888
3701
7856
12026
6180
4146
5940
2771
1758
7865
12445
7141
3243
5792
10070
2996
7988
11055
5217
6476
11597
4492
10875
5855
11468
11499
1529
5832
6949
1346
5994
5184
12998
6407
11739
2618
8843
3908
10317
1463
11823
12078
7310
6218
4214
1194
8751
12023
2796
2008
1000
6541
3129
7951
7054
327
785
4977
778
6722
2921
6994
11439
10871
10912
8996
12675
9196
10301
2762
6663
11270
12215
2365
5123
6498
9433
10381
9667
5272
7611
6035
6330
581
5549
3346
6219
4082
1378
227
10691
11699
5182
1278
897
12091
3485
4775
1076
9088
10810
6152
7394
11891
3973
2435
12356
3852
8600
5709
5360
2091
11335
5776
5966
5246
7188
111
4228
3140
6425
929
6941
12643
8507
1711
9594
9752
12458
12865
10527
4463
9801
1652
5333
5554
12900
300
9553
2055
12696
5364
8225
10210
3363
5652
8126
3276
10000
10184
6154
1465
7770
9199
12269
11627
5906
6762
2640
10045
3123
12313
3231
10522
3885
1409
1868
9197
7784
4622
4352
2654
8403
11826
8337
1315
5378
9396
2857
9651
2258
5321
2045
6920
5398
7821
8268
11162
7750
5447
1355
11413
10462
12979
2974
10492
3676
1246
6245
29
7682
2872
3641
5873
5254
9952
8961
1089
3132
11557
3981
9759
12623
11855
2835
12370
4251
1497
7094
12898
11352
10985
9298
3982
5297
6435
3533
9224
4254
7597
6125
7554
11791
10618
5931
8953
8583
2101
4829
3944
12995
2122
11456
6057
11591
9681
2830
1850
12634
5087
315
8428
2966
7571
12906
7574
12661
12570
2670
7033
9041
12375
1524
2492
3594
12449
3200
10894
178
10369
7101
202
1228
2658
10549
2937
4762
3232
3261
12557
6775
8165
12105
8944
5253
830
4815
10257
5714
2529
11547
11881
12189
667
3969
10383
532
2383
12843
10934
7470
10479
11738
7266
3883
12122
691
4697
12468
9269
1970
5445
7592
4468
355
6413
2671
4767
2066
11521
1962
764
2891
7758
11683
9038
11008
1440
7920
9478
3445
9891
1608
2562
8554
12213
7441
3899
1349
2453
9763
597
4255
9113
1489
3569
10376
8527
4390
944
8784
5342
1644
1892
5240
10115
3617
3907
3714
7214
2826
8688
1362
9600
1675
3103
7077
5219
11544
3925
2841
484
12490
10154
8345
9711
3540
212
874
12303
1369
10515
12625
4447
12597
2749
3901
2033
2609
4626
620
6366
2456
336
9206
1915
7148
6631
2948
2022
6971
6004
6039
12407
10791
11474
5841
1537
352
515
11883
106
12708
11201
4724
6884
12799
1805
8115
4846
7795
11729
638
6137
12712
7531
2922
4433
3517
10279
6317
9986
4861
11912
7454
8766
2604
9745
10730
6475
413
1354
11945
2333
1577
2034
9348
712
5041
4528
1218
12334
493
2969
5692
5645
9008
8985
3408
9871
1232
12042
1482
7406
11044
179
6002
3698
12648
7955
7557
8914
8145
8272
11880
6882
10587
2171
9864
8223
7786
4440
190
4077
676
11385
9807
819
4261
10375
4359
11062
506
4032
7208
5076
5099
2648
10658
12970
3645
3836
2289
7903
11923
4311
280
12191
293
12487
3021
5134
1691
2204
1817
4983
3726
5278
5160
1381
11517
12451
4959
10183
726
6671
11085
5982
426
1765
10595
9230
10904
9339
7172
4007
4310
365
7479
7807
12480
5423
5280
12562
2594
9002
8090
3761
1918
11931
4369
7123
12943
6745
3206
11535
4981
8755
9850
3218
2586
8463
5288
12286
978
9734
3303
5072
12327
6474
6083
3155
3313
3877
3634
8736
12474
7719
3299
9300
11755
9707
12510
4245
8458
4044
5277
11240
2443
702
7979
11235
10935
9962
3148
9935
1790
7167
12819
5476
8898
1760
1752
8788
1057
4750
6420
8639
1933
4808
10821
1546
12066
2532
4435
11301
12620
12048
9469
1102
12680
5806
1181
5359
3027
471
9872
10166
8828
8889
6850
2517
5691
3658
4851
10947
6336
5643
2028
10516
11429
705
11659
6879
9077
11433
10936
11320
7110
576
1356
10600
10399
8966
4363
895
7012
599
962
11770
4965
1894
8912
9157
10033
38
8312
1585
7723
12976
8929
1715
12118
7108
5361
9179
1047
12428
3304
3439
7464
2593
2213
10370
8941
2813
7451
529
9276
9383
10106
1929
2859
1188
5882
11138
1236
1580
2644
5965
3896
6919
2550
6148
10140
10168
4830
3821
7603
8059
7691
10717
3463
5659
10067
8187
12687
9841
7606
6056
1647
1746
12593
7792
3797
8190
3004
1249
11978
9842
10578
722
875
7116
816
1981
4091
6623
3878
23
147
3913
7551
7391
1909
3212
4118
6277
12287
9646
12014
8474
5779
11678
9647
4180
7881
3203
13007
5519
12875
12854
5629
3794
9603
2748
6895
7404
5167
6308
3126
7868
335
7718
11140
10413
12075
7991
2596
11796
3416
1142
11711
1680
539
11740
9363
967
306
7510
4855
10837
10740
1593
2155
12197
838
9119
11038
9164
4421
2589
9762
7706
4825
4578
1917
8867
10644
7388
4417
6473
8502
10080
4823
10700
243
57
4247
12956
2315
12548
6664
3752
10775
12285
12441
5551
7668
9136
1912
5355
2958
1645
4273
5290
8765
4332
1983
980
7153
5949
4549
7294
9504
7725
5646
8117
2774
7627
346
3990
4531
302
8832
289
3884
9607
8792
5003
1248
8495
1027
9410
584
9391
8831
12277
2427
8579
6093
8132
2401
10864
2624
317
1764
8440
10473
12887
2951
11328
1720
8710
10446
3057
3244
853
12085
1686
6972
4207
11625
3256
721
2919
9673
7057
5323
8922
6906
4219
9566
1258
2955
1163
8790
7584
6126
10888
6805
12949
4536
9889
1635
13006
10734
4820
12879
3395
12459
1177
7658
6221
7655
7016
7533
9190
2009
3846
9922
8419
3699
11510
8872
757
1174
12231
8893
7322
6440
9098
5116
9104
6824
6291
11397
411
5824
12534
7436
7800
2916
12009
1129
11274
10780
2865
9963
11759
2939
10760
3008
7828
12969
3197
6812
11501
0
6749
9746
5740
5052
11654
9069
9726
3108
11691
5238
3432
1595
3398
5258
7047
829
11815
2120
171
282
6761
5733
3953
4522
1554
12682
11872
8155
2713
1522
2199
908
12071
3202
5367
5927
8958
10278
7055
7026
8261
10395
5173
5960
11832
765
7419
7237
1012
9399
3792
11345
9387
7225
9132
5060
9542
11956
8093
320
10191
11277
6417
11518
9147
4019
8641
12552
6462
2110
11009
1995
7068
6680
960
11246
5546
973
3574
5044
4457
4130
1505
12908
1397
12256
2686
5760
10344
8008
8040
2296
6017
12094
11356
1266
1107
3330
3567
4582
3589
11904
9783
3060
4632
1162
1867
5460
9111
8168
10590
3587
6034
7477
10145
5324
2548
10778
11037
5974
11689
369
11350
7987
10427
5789
3015
1212
10523
7031
12540
6068
3323
1781
8030
9718
226
1562
6258
12757
534
10857
9263
12824
5558
12049
11423
5393
6247
10187
7126
5781
6487
7963
4113
2466
3080
250
12880
8907
12877
11695
8533
11010
12524
1431
8180
12933
10476
2118
11818
10615
7062
8417
1077
11060
363
12754
11789
12529
8709
9764
6233
4325
8118
7847
5563
8624
12988
3654
4456
11164
8694
5024
7185
12730
3073
2050
736
12417
11530
1997
11984
2037
2724
1074
12478
3175
11690
12302
1091
9720
4119
2911
8512
3317
9712
6613
3377
5208
11947
8032
8602
11203
9131
12817
4142
3529
3613
11195
11179
5834
7793
3656
3056
7790
10553
12615
2635
11721
5220
6574
1780
9665
4568
2086
1379
6315
6960
10156
10345
10127
11002
4093
8034
11160
9251
5299
5802
8338
8084
12200
2065
9979
4647
2210
192
6720
8752
8659
10419
10924
531
3181
5067
7688
11248
6300
6375
968
5394
7739
6267
12958
11607
5918
7846
7158
3074
1481
10781
12469
8414
8243
3928
11305
12962
10256
7838
2537
12706
2863
7650
6122
11673
9454
4782
10575
4510
10770
5730
820
7442
11638
1371
7538
11734
11660
10529
6546
5348
10036
9661
12177
12528
10478
10347
10885
11187
8405
12516
164
7999
3497
6659
4685
583
12605
10495
3288
12142
12832
8587
5917
11436
3199
6073
2804
11821
1714
2933
5379
10121
4392
4826
796
6443
6610
11293
6582
7670
240
1940
1293
8833
5287
3423
12053
9571
9237
5216
3124
8350
4640
1558
9109
4464
2600
7084
2303
4090
4160
10804
3646
9533
7175
27
7823
2084
8986
8273
3429
4926
5317
3622
11775
12323
10533
8150
1526
9701
7238
8031
10603
2889
6662
8707
4882
6320
12501
3805
5884
10223
5113
2440
184
8216
1305
7341
5788
386
1889
9587
7353
2507
825
5689
10641
4703
8622
1324
8480
8215
10139
5962
2493
1115
9658
408
11127
7957
9139
6979
3800
5436
2752
79
9709
11353
9593
10550
8983
6066
4768
10961
4035
8226
5556
5819
6601
5564
6849
2228
9713
2056
760
12736
3543
4496
4720
1849
9321
2343
3037
1424
3534
11641
6217
5536
1698
4617
12341
7870
11476
6806
10081
2897
5773
9071
3239
3447
2178
530
128
8498
9715
1011
7449
12401
8301
1873
3300
1025
9466
7111
10001
8075
11556
7952
1838
3496
8840
10402
4485
4059
6925
4058
3849
10161
4366
4512
898
7506
12652
4843
12784
6279
3516
8298
3253
9004
3078
7368
20
9302
7023
8837
7578
3936
10284
3481
8666
9691
1446
8158
8730
12624
9340
4968
11785
2486
1745
1417
5688
6788
12595
9895
12751
11168
10906
5972
7065
8719
3830
5861
8475
5605
12150
3098
4063
7736
6665
8998
9326
1394
7316
3550
9422
5578
271
3538
5870
6446
2681
1243
5980
541
1437
11355
12011
4794
2069
5631
2741
5146
2808
5585
7028
8529
8304
5722
5815
1221
7885
10971
4840
439
177
3400
264
4199
9884
5797
8373
564
2455
12233
8596
9145
8450
11619
8924
2495
9858
4067
4700
5628
4642
5307
3963
9756
4101
4041
10993
84
12249
6086
11733
9882
1366
4270
3291
3326
12272
6538
6658
3709
8402
1492
3653
5859
10601
9094
2902
1649
3386
4222
5084
2750
9379
7042
3712
2541
2602
4638
5322
2725
5985
12559
449
5457
9991
5530
2569
10524
1848
4760
8493
12310
7634
8088
8269
3570
5923
3590
1980
10037
9023
100
8801
10242
6469
12406
6394
2312
11736
10784
12198
1632
779
3607
8113
287
5731
12901
4195
8857
307
10013
4579
3733
3745
11867
8803
3748
457
2547
2182
4319
10285
1405
8863
10827
3560
5725
4832
8499
12681
6734
727
4076
3706
4489
3951
6014
7100
871
6189
6643
3101
9482
11466
32
4449
4129
2068
3740
480
1560
2494
7018
9508
7270
12128
2271
8658
9650
4127
2514
7946
5164
1052
2208
12455
1606
2710
719
12857
943
420
5351
4233
632
2946
10326
8525
4932
605
3138
7904
9014
3460
11316
2400
627
11617
4384
5483
9323
1994
1540
4431
11197
11865
8817
11220
9859
5768
2216
5175
11805
1106
11747
7344
6346
10403
10822
10917
9187
936
8459
9258
9268
9346
7046
6710
10532
12348
12236
11684
5539
665
3548
2355
10410
11184
1270
9474
12752
7386
9757
11602
1712
7401
995
9866
12283
10030
4564
6589
4333
8638
7876
9285
12788
6828
2538
11555
8593
6907
12185
9921
4204
8343
5650
3810
5742
3353
9325
6454
2076
6741
9238
113
11583
7282
11360
6566
7615
4347
7332
4866
5459
8590
3263
12782
1009
10541
5255
9207
5385
134
11351
12963
5559
11236
314
11933
9531
7762
1213
9053
9021
2498
248
3894
2385
12503
738
7686
6521
4379
7382
5833
6311
12175
7674
3707
5835
2074
1963
1494
9575
8111
7610
1260
4941
9579
12929
7438
42
2655
12756
5462
9181
9198
2
11488
9971
2508
6583
1475
12833
6929
4398
1734
842
1618
6688
3012
12733
2020
6781
7527
1377
8452
6969
11206
2463
8455
11178
11701
7857
5303
1086
8289
1255
12938
9018
1128
2721
1950
5803
11610
11876
1097
8035
1288
7104
10294
6342
11006
4343
1016
7471
11849
5451
6118
10757
9534
5687
4212
5117
4874
9062
7974
10177
175
3350
9818
4018
10447
2666
10142
1382
7490
6735
7213
347
12064
5681
2965
1971
437
7439
9101
9723
3283
4682
1426
10684
8056
9599
8189
8490
10075
12133
4532
11341
650
7985
7961
6112
5589
174
2235
12920
3853
4614
1772
6952
7516
1958
8743
10310
525
10216
3725
6699
7335
11271
922
5626
12495
4893
917
9475
2827
8586
8197
7953
7785
5624
10241
3655
7321
4799
3268
7949
4975
9990
10130
12424
494
12571
11913
3247
12007
4847
3003
12966
54
6605
8423
1826
10907
12664
2630
6414
144
834
4761
7879
3729
2109
748
3404
11267
11159
2852
2000
3584
3498
811
9507
11330
1724
9097
12565
4236
5548
3670
4733
7476
4249
2568
12258
2391
7210
956
2277
5046
4800
1109
4972
2687
5738
2862
4731
3665
1352
10032
12749
4765
4674
8418
1451
10435
10839
10105
815
1152
4666
1550
149
9219
3723
7412
6318
5486
5888
1629
6306
1853
7052
3376
6647
10507
11744
6563
12575
3289
5868
8295
5165
2785
10850
5893
5435
574
896
10636
6504
9460
9112
2102
11224
6192
11401
510
2886
5345
4
2364
8156
1786
1376
10586
7977
5990
4176
3737
1375
9129
4399
8308
3219
8061
5114
11473
836
6333
1555
6331
7586
2239
520
166
7125
1668
2894
10176
3876
11564
7938
2085
12686
5553
3352
5610
992
3487
213
3754
485
8255
12
4154
5419
12973
9441
2352
7448
10240
10651
3065
4624
9417
11207
8771
3553
9772
4836
10152
7519
427
6297
12081
8198
266
6216
2678
11061
1607
12882
10991
1434
69
5129
7487
2183
6338
11016
979
4426
5843
10940
12279
11275
5771
4133
7647
12021
10634
1118
6305
12192
3340
1800
7575
7884
12897
12547
7340
4877
7581
2450
9860
11193
8950
8547
9246
12526
5311
9044
403
6905
8974
10753
747
193
12243
9789
10005
4023
11926
9152
4854
34
3333
4637
5269
9215
12740
2371
9625
3223
3964
9641
6242
5880
10909
511
2087
11779
10406
10380
121
12999
46
10652
8574
7972
9796
10244
8734
12774
9394
12438
7986
7137
11117
1197
3160
8263
4920
5707
3456
10585
8561
9985
9121
4991
2256
1733
3847
8138
7184
10107
6896
5823
1209
366
11792
6185
2048
11589
10198
368
3904
1663
2322
5996
10862
8089
7281
4546
10328
806
6814
7250
10729
3226
8346
4094
4205
693
12809
4589
446
12354
3409
8656
8390
9025
2416
5762
1516
9171
4949
6121
2918
1614
10119
12035
4416
12649
11787
2159
2162
10592
7360
11752
5070
7206
7357
8325
5851
1304
3348
5799
10812
9013
7407
1032
12400
312
7254
6760
5145
4174
218
11623
2205
932
10253
12768
8122
8584
5163
7157
4656
8005
10867
6988
1207
1325
5308
8682
8167
1316
9976
9612
1513
6604
8978
9017
11890
3875
1672
10979
3965
918
6517
7135
5607
7544
8077
10088
12860
10660
1727
4025
544
916
10116
1468
8847
11133
6646
4429
4713
5930
2096
732
9604
6111
12383
10355
12045
9585
5840
8375
12841
11313
6922
9969
7508
2242
1545
5705
9496
6980
10901
9565
2756
5442
2567
7231
1900
12594
414
9490
2044
7495
1975
11039
11983
3691
6914
8987
8749
8006
12361
12728
6089
6227
6765
6577
1916
269
10820
10003
348
127
12743
2847
4149
10893
7403
2324
11896
12161
4308
3172
5332
12693
756
503
12934
5073
9293
12322
7889
5913
9948
5852
12656
12378
8930
1214
9148
4364
10441
2641
7798
7166
7159
2518
8760
9146
6343
8037
10477
60
6163
7411
4605
11379
3264
10797
10968
1261
11859
1640
4919
1967
12473
2905
4272
11477
11599
11040
11047
6381
3413
2025
6310
7964
7005
1952
2147
11427
2334
964
109
2980
7567
2689
9942
1634
1544
11509
7080
2447
7896
11366
1055
5406
9510
2115
11321
4593
1509
5818
8859
10608
12353
2629
8311
4166
3743
1911
9903
12108
2989
476
6047
7093
9853
5920
1144
5205
1060
5274
3662
10055
6450
4559
10190
5836
7572
840
8424
9343
10795
11621
10204
2339
1527
8105
3880
1389
601
11489
5335
6340
5128
9908
12111
9229
10482
12919
8282
11302
3052
11032
905
1814
768
6652
6353
1578
3347
11968
12561
5916
2490
10772
1539
11667
2395
6129
158
3730
4165
8413
8287
3188
2823
6495
1731
1710
8101
2299
4009
5245
12975
8515
4957
11280
2152
7358
6393
3349
8911
4328
3843
12336
3020
11657
966
3422
1530
9330
3719
2291
2254
5295
6751
6974
9735
104
586
1966
12219
10678
3615
9264
3075
1112
11802
6711
8489
11545
4684
9737
4238
8813
5598
169
9227
826
4495
7098
6418
7450
8130
10713
7810
5292
4378
7220
9471
9423
5427
11001
8681
10672
2164
6915
4664
5808
11416
4387
12384
28
3526
4694
8703
7664
11019
12646
8854
3758
4537
1117
8518
8523
3321
5085
733
10371
5229
4481
5247
5231
5641
12280
11101
674
3
1002
12461
8795
10508
4358
4978
6296
1100
6569
1697
10706
11961
3866
3254
2328
9256
2659
6161
4663
5694
11434
7179
1669
9840
10258
8664
10085
1140
10118
459
5953
6900
11154
12535
8569
9798
8290
10349
12017
8486
9313
143
907
12925
9861
6917
5441
9953
11898
9920
3344
7460
7980
6478
2035
9666
10325
2220
1336
11950
5449
2549
2692
10927
8307
8194
5350
4056
6564
8699
9725
3669
3328
700
10640
2738
9279
9530
11338
3500
1959
3338
12466
1170
3742
8057
9116
11813
7370
11469
12275
10089
13003
7144
3053
2098
6616
1082
558
9421
2924
9211
6434
714
9354
10869
11842
11404
3014
3334
5575
8729
12169
10040
10995
6314
10016
837
8492
10358
7555
11562
6519
12040
9334
5787
4574
6150
9403
4987
443
10194
5241
3668
10332
8615
6422
11093
3582
5362
2445
4769
8442
2688
4033
1534
11756
3703
4493
1722
11218
6006
7478
639
2377
10405
10933
1823
12592
8531
2221
5816
2876
3214
2338
11227
4262
11758
1176
4240
5827
1601
10705
9569
6958
1977
12178
11021
8291
1551
7956
4996
11109
10629
1087
1782
659
2252
4444
2474
12964
10881
9791
8001
7812
3467
11390
1274
11916
7721
6222
6263
2614
2123
199
4475
8297
12130
7239
8626
2513
3250
1735
9761
8676
3207
3649
2726
256
961
7715
3824
887
10855
7247
2366
5839
2415
3601
11422
5749
4075
488
1651
332
7267
8897
10813
5425
9385
10163
2399
2843
2407
6560
6280
3327
5374
8102
9039
5273
6714
2745
2716
3049
8591
4514
10840
2052
8094
7234
11481
10007
9327
8247
3738
1193
4330
4104
391
3512
2156
12580
7707
7342
3746
10683
2874
2543
12276
10117
1930
2927
7383
362
9372
1799
3632
2565
4963
5655
6530
6532
30
6651
115
12842
9834
4285
1784
10018
8108
2278
10561
12172
4791
9431
6213
990
12124
8236
9306
4122
7165
5318
5056
2387
8456
12981
6078
1237
10883
3280
9095
8242
5601
10269
229
11119
4934
9329
11817
6037
8645
2211
1792
8580
12059
5168
8829
9968
145
8753
9010
2130
3114
4225
6372
3889
771
8809
11588
1922
6976
1939
10727
5995
7373
10554
3927
3586
2431
5376
6077
364
2810
8627
3666
9960
10752
6205
3631
6964
2850
636
12883
3554
9409
1070
6843
8812
10978
11714
9987
9831
12207
12910
7661
2499
10685
9788
742
5330
8162
4135
11033
10097
1603
9382
3473
5259
621
8834
10100
162
8398
4621
3381
2633
9118
6321
7112
11875
10604
2753
1769
462
8334
3474
6483
9054
11991
3906
5651
10002
2088
6449
6685
11596
12386
473
5975
7894
7582
1965
6763
6515
4947
3401
12104
6819
8568
4558
11343
1519
9488
1531
3005
11393
5138
7590
9481
9046
13010
11459
4670
767
8487
11539
863
12715
6926
7446
3211
9020
3156
1665
4595
277
8296
12530
12117
4374
2279
9645
4588
7783
5547
3978
8470
5583
10696
684
2331
9672
755
7541
389
3803
6912
8270
8980
344
10588
5954
8532
9376
5778
8139
182
5898
6396
12869
2882
11083
6364
1999
3626
11440
11949
823
12639
1282
151
11153
12560
7276
3897
318
3412
5102
6491
2012
11622
9705
1003
5600
6607
4484
1458
6307
230
1020
951
12946
2428
12257
11005
4095
2023
11108
11030
1514
5268
9344
987
1841
136
6268
8204
7058
12549
11887
5206
3425
6332
98
12218
5211
9890
4680
1947
5574
6377
4002
794
9336
5328
11558
579
2739
10323
10723
8392
4946
2046
12896
10742
3220
9067
1659
1660
2011
6419
7763
1650
9317
6557
1696
2243
5801
7178
10147
11309
2238
2520
12676
9440
12070
10229
528
1702
4619
6897
551
4161
1313
12460
8692
4787
9001
8608
6405
8179
11185
7630
12726
11237
1661
3403
9519
12672
3579
7099
4226
4258
8477
6862
2304
4296
7257
6808
2819
7665
3269
4171
6470
7720
12226
5565
10891
5544
6967
8923
777
5798
5528
9589
191
1208
9156
7428
6901
5341
4584
4439
5877
8002
9915
12065
9451
11707
9845
12179
3167
188
10902
6131
1501
8208
2533
1302
9314
219
9194
10047
10400
11015
10596
3171
1488
9495
4793
3367
7779
4863
5653
5627
3989
9274
6836
3044
3189
6313
5088
6295
10517
10109
8013
8908
8069
12099
10392
5594
9988
12221
1532
138
11346
8388
10196
6468
7197
4784
187
6246
699
5033
1982
728
2554
5863
406
2986
3000
3480
7512
7809
7781
9188
8016
1327
3673
6373
5592
12052
2952
9653
706
4141
3919
295
326
5101
9966
5961
12828
10966
6783
1543
1616
12230
4585
7263
12253
8989
8895
824
3507
3405
1135
442
7389
8785
2680
6904
2828
8960
594
11504
1493
12316
1687
9335
9501
9839
2166
405
1280
11400
1825
5958
2536
635
8718
709
3006
8246
5152
701
6959
5021
12186
11584
608
3576
10886
2700
3240
2350
8845
6739
12533
7872
8811
1333
9875
9811
12437
1490
8563
8294
6212
2393
5524
5723
11120
1943
613
11442
4201
12916
8091
296
3462
3687
12606
1972
1511
2357
8468
11905
8501
9388
12248
6076
7548
9277
325
3469
2772
11952
10794
2657
4361
12032
10657
12789
854
10431
10626
3342
798
4718
8553
11700
5971
9999
7556
5581
11980
350
3860
1314
9642
11973
6847
7699
10792
9750
9771
4186
1485
3549
1619
11124
11368
6051
10170
12972
2326
8310
55
7944
11663
9439
8292
2290
5747
7468
12985
5813
2822
12255
8275
5471
5139
10463
3924
9392
5810
8067
7680
11219
5381
1318
5857
2573
5844
6075
6166
10398
70
7027
9249
8551
37
13004
9133
11685
2941
582
241
292
2018
9177
11046
12780
237
10710
8445
245
9160
2054
8822
12796
7006
10709
4375
11165
10633
6782
6412
5344
6938
7109
2912
8982
5218
4471
5796
4047
10432
2361
12335
12960
12453
12188
9621
8394
4191
5620
3664
2409
6169
4795
6124
3689
10467
5766
2581
1756
3750
7498
11643
10568
9950
11507
4100
3558
8844
734
8820
5062
5438
11526
12156
12839
5538
5885
3583
8023
11492
7256
4356
6143
11364
1130
7755
10621
11969
12493
9898
1512
1054
4552
1161
11930
5262
9583
11084
10091
1637
7587
572
9066
11749
8603
10287
6133
7001
11020
11392
8631
7362
575
11598
4645
11906
5239
972
10481
1067
752
3458
3201
11979
1063
7457
6253
1300
2895
2437
7552
3628
8537
6059
5210
2512
12572
5543
10430
12293
4759
4883
4598
11013
7840
5065
9203
10312
9166
8841
1271
3382
1148
10337
3104
4289
12131
7998
5131
6585
5461
12889
11067
7914
5179
6447
7408
11057
4460
1701
2476
8253
4480
846
5737
6225
10637
1636
10158
8606
4265
4026
5010
11503
10566
417
3807
9082
6067
3125
3224
10926
4506
1311
3520
3814
12613
10990
7292
7891
10558
10643
3796
1802
6636
7443
4625
2029
208
4596
5455
5741
11593
6945
1267
5077
12987
235
3946
8791
751
1085
6648
7837
11435
12456
10679
12793
4867
1023
11198
10382
4341
12636
9894
10041
8919
7416
746
1843
1471
10079
10674
3672
10946
3510
12491
2151
11378
5196
6675
4955
3492
9366
10958
12149
7521
6411
920
10876
10868
10817
1319
10764
1557
1072
5340
11241
8386
8629
8918
8891
10648
3806
2637
12061
909
11861
7760
10172
7352
11417
6512
1123
4284
1192
6391
310
3527
12012
4771
4350
11308
11774
10078
2342
12228
9236
1141
5976
1114
12719
12840
4727
9793
4970
3097
112
1587
5706
4891
5283
40
3296
9932
1499
10322
12582
2531
6271
7975
2842
12688
4482
10579
5108
1105
2758
1410
3110
10591
6141
3371
11281
9445
4053
10838
5402
8956
8954
8786
8129
11361
3417
3168
633
8674
7624
7882
9505
201
7636
8416
1478
11688
2382
9696
2146
7539
4282
4726
9626
8968
4029
12997
556
1507
12893
12305
7525
9656
10222
1059
1219
2094
1864
10998
6838
7925
3322
10808
4051
8161
6798
5387
9918
9628
12616
11854
8074
11965
4998
2584
6834
10589
5948
4620
8748
8826
11783
11600
10623
8794
4906
1725
8086
4069
3277
2775
2438
3210
4599
2767
4821
2332
8678
9172
8747
9461
6197
12996
3595
7082
7728
12210
7501
10609
6624
9852
1454
7090
9551
7545
5291
12791
11126
4409
805
12512
7330
6561
9108
11614
8878
8196
1946
2760
3090
7559
1092
12761
7921
683
11795
392
996
7741
11063
11105
3777
12444
11451
5667
12732
11169
4391
12372
10843
11342
12666
8780
11697
3909
10807
6600
9996
6049
3246
6052
10455
1395
12343
6717
2888
11215
10420
10502
12612
1231
12866
1713
3028
12016
4415
1081
7365
2950
8739
3575
9068
12578
9085
2884
9799
10044
8444
367
7815
5945
949
6606
8042
9221
2782
12697
5661
10851
7156
8946
6913
1938
501
12312
4763
4683
4027
2475
5678
7563
3111
8526
1778
2113
11130
12630
9815
694
8344
832
1138
11100
3173
12717
4123
4892
10708
10567
12884
7916
1941
1883
1877
12225
3087
12271
3650
4862
9550
3959
776
2337
10288
12647
236
22
11011
7233
1664
7459
11148
696
8607
6748
11075
6352
1951
12205
1033
11304
9153
10460
11847
8988
5061
12500
11944
370
4003
5192
11717
2925
3165
634
8133
7752
10300
5016
8910
6201
6968
4313
2323
1053
3915
4698
4705
3489
3198
5902
2626
12245
11962
2477
2603
11537
2082
9055
595
12141
5133
3871
12333
1766
11868
10083
2478
12978
7994
10074
7897
10416
2970
1588
12710
11211
1810
7274
11620
3389
2138
9806
6918
12903
2071
5568
5068
10815
6378
3050
9680
4473
959
173
1575
938
2878
2814
11196
12440
96
661
7626
5849
3105
11935
454
7138
12036
12538
2737
9155
12825
8050
10128
8506
5493
2469
3017
5125
1581
4061
8448
8076
5510
7593
11772
6471
6416
2608
4868
11864
4206
12244
11870
3359
6500
5937
930
7229
6708
6586
3559
690
11402
12506
4690
11470
214
2462
360
8899
10501
1683
142
2777
5421
8807
5090
10470
11258
10006
5541
9189
10101
3588
11977
4716
662
1127
53
8323
4395
2032
10353
7612
12301
2712
4314
3475
783
8572
7687
2480
10132
9803
571
12551
3414
5901
8083
1121
9265
50
6562
3911
2663
8815
7092
3624
11506
6615
4466
12146
1404
6113
4197
7139
4274
3697
1502
8250
9820
5567
4420
12684
10988
11649
7338
8858
5665
6437
5987
12051
5465
10195
858
2805
6873
4563
559
5137
4678
8447
3501
8742
9900
12399
11705
11586
12062
6459
4045
4276
1907
1610
4931
5415
8326
1470
6358
5572
12511
11670
9931
8188
8018
12352
5266
533
4381
9613
10251
8702
866
5504
7010
1613
11971
12022
12785
3251
5075
12033
1865
2461
782
3307
3113
8601
9287
1133
10818
1200
395
7218
9877
11882
3169
6612
1559
2870
695
4611
6807
10422
7372
7284
3775
10509
8157
4001
11065
9208
9150
7992
8203
7078
9450
3316
12783
6303
8212
5053
1646
3292
2100
4601
10113
1477
4221
1679
11837
6025
10490
11992
89
4239
11827
468
4886
10418
4004
10620
2729
7155
4173
4046
7013
2225
12238
12010
7306
9019
11485
1078
11856
463
3216
8025
12568
10263
10046
4443
9708
8257
8556
11199
11228
2715
8384
9965
12542
2394
3920
6439
2983
7181
3962
492
9539
10151
10831
5222
12083
12058
4631
2800
4266
12700
12967
10560
10542
10673
7535
4792
9778
10243
7788
10747
1836
10299
4504
7008
283
11825
11180
12015
156
7753
11706
4344
4590
2426
8360
3637
8123
2914
3440
3120
1880
5147
10189
9045
6398
4167
1779
2234
11549
338
4099
5371
6344
7017
10329
9028
3357
2367
9670
12110
7981
3351
2578
2628
3546
2643
5365
2535
4088
3739
1855
8575
6863
6802
1473
1602
12477
3931
9790
2125
8435
1589
6202
8479
6328
686
6684
8951
8798
1576
5440
3127
9048
9443
10111
4548
8229
6937
902
4903
11283
11679
9
10098
8993
7410
7834
3861
1332
9660
7162
8434
4353
9442
1808
8559
817
1556
7841
1206
9972
5632
4561
9448
3790
5473
8947
7149
7769
11129
12702
6705
6019
7133
4525
5195
3778
8408
4223
3186
1383
4487
12132
10192
7966
11166
2836
3249
357
3468
3542
7194
7637
1812
913
1654
8552
12567
10014
9777
2247
9919
1179
7855
6132
8599
4594
2526
12519
5761
6097
570
1291
6206
6327
10439
8421
5726
6444
6198
1403
1561
1155
4650
2390
3536
11810
7300
429
2691
5490
3979
2070
3514
4565
6479
10438
9430
4865
8979
9805
6637
1863
342
10984
8909
7331
7621
3234
9364
11511
7380
10580
3835
933
9728
5905
2230
8810
2906
7311
5356
839
3718
4922
3939
10114
7339
4952
10255
12391
6553
6629
3720
3121
1934
6023
2472
12573
8258
8369
8171
8842
8839
6744
762
8357
9239
10058
3180
2801
5370
11406
11899
472
2389
11608
4819
10012
4442
10209
4586
10261
10218
4618
7376
1229
2660
1831
9158
2817
2892
3788
3610
2893
954
8038
5275
6236
8251
11103
753
1066
11563
3903
12766
3597
8773
11609
6916
12955
7645
3811
9244
4193
4745
5765
3311
3983
8557
5313
1256
4894
12153
3711
8906
8396
9984
1220
8539
381
4813
491
4875
39
1498
12638
11946
10969
11102
550
8460
4438
3013
11782
1882
11633
11072
349
3591
8143
6792
8149
7547
1029
9432
11830
10178
7074
3208
4930
1700
4367
9620
8137
5682
4783
9390
4120
8316
10411
10564
10471
3335
12895
9928
5151
12499
1832
10334
2457
5686
8964
447
9476
3131
7264
8945
4217
3095
12295
3643
12129
8904
12890
7659
2083
3874
3932
7105
1717
8169
8469
3592
1322
2757
48
12738
1191
1944
11086
4306
7072
7465
4659
9509
12457
7204
8207
8003
3893
11788
2193
4995
12917
8995
512
3833
7085
2061
7430
4158
8274
3355
7598
12826
4916
1483
6050
6660
5529
12486
12484
1036
6870
12521
13011
1008
2481
8339
10552
66
3190
12479
4940
3859
4188
12397
4074
935
10733
12642
3842
7472
6590
7644
3048
183
11561
4779
8271
2625
10491
11879
542
3427
9528
402
8713
12669
8220
8380
43
580
3988
923
10384
7751
3193
4038
9982
1157
1736
7875
10704
8935
4124
11650
1110
3771
6298
5780
5144
878
5199
4021
5180
8738
1777
6149
10181
4560
10569
7201
12902
11542
8471
11516
6183
1165
1222
7192
12154
5002
5999
9800
998
4144
10722
2650
2380
10443
12601
9061
4382
8868
10914
11590
517
313
9310
5338
3705
2136
4873
3757
9357
6139
7317
10755
9847
7796
11941
10193
5523
3450
433
4184
879
1338
3891
903
6334
2994
4633
11175
8761
2999
8221
6363
5377
8164
8588
4754
7367
5432
1693
10612
4293
7734
8669
2269
2330
5446
12596
8677
10937
10049
3036
10436
11730
11560
3727
5609
5622
12100
1466
10774
12027
1168
2619
3914
3145
11764
11380
5658
10504
3061
51
4402
5633
5236
8014
8267
469
3209
5711
11359
2158
12114
10949
4901
15
8621
6101
8172
9052
3215
7564
3890
587
11362
3136
5895
6157
6690
6229
2985
563
5112
10281
4277
3331
8767
7867
4427
12989
4049
1708
11888
2667
3980
4695
11824
2295
9299
12762
9407
1751
3905
11418
4203
4410
624
2702
4777
11395
8154
4728
637
1359
3418
3700
12771
11407
1421
9033
3816
3779
5591
6248
419
3495
10442
11253
11414
4639
1108
3511
7923
12801
1139
4755
6278
4896
6117
4508
8134
7761
8635
4024
5166
11612
9562
12709
10668
8491
8244
5383
3187
2961
5998
5103
9411
1624
11213
10267
1343
10749
12982
8437
12324
6432
2816
11306
10408
161
6570
2128
577
12307
10819
7375
3900
6888
9679
11990
8433
1924
2903
6839
3640
9652
5265
7463
10174
9491
4744
6231
8782
9878
673
1785
5690
7740
1125
7364
12836
7067
9453
9429
904
5488
8999
12267
10298
6325
9916
11505
11893
1462
11635
4403
2719
9669
5860
6951
5470
3023
3042
2698
2901
2372
11728
1412
10365
1154
24
5105
4145
8916
11183
11559
8340
4474
7877
2697
2768
11741
6162
4835
7494
3769
5215
1989
7675
8763
4766
889
6844
8128
12289
9415
6656
12984
6376
716
7989
26
10306
6288
8473
7452
7348
7079
10393
12703
8193
4789
7540
5957
7887
1744
7432
2743
7422
9267
242
1749
3539
10157
1433
7863
6622
6493
8509
9817
1486
4518
4349
6518
5019
3568
11087
7513
6199
11662
498
6099
7866
4652
6977
12483
4994
4711
7935
8852
4388
2219
5499
10535
8302
4989
6536
7826
3793
8650
8080
4844
3082
7690
10925
4345
4309
2024
9064
7329
10980
4878
11374
4712
12050
81
3024
6614
4260
11799
2910
11447
2203
9342
4516
10880
9270
2601
3076
617
1954
11273
656
7063
7359
8104
1657
279
3391
4139
9556
6403
6022
7081
8488
11665
5666
11152
7654
1250
7399
6027
244
6554
6203
6707
7599
4110
10266
9927
5712
10252
448
2095
6547
3509
12983
9446
6736
1600
9630
9500
4231
9703
8119
8355
1706
4828
2501
11272
8112
8114
2266
3204
6540
10234
1444
11726
6261
6482
12905
3659
8319
7336
5403
3611
7824
8140
8482
8955
3609
2551
912
2576
1145
4834
11760
5055
6095
11230
7253
12911
10412
228
3476
7467
12944
2308
68
11636
10823
10638
259
9774
12626
2124
2795
1881
3252
7618
12270
9869
10699
90
1747
6079
1075
1172
3943
5256
5444
12408
5942
10133
9499
2622
7143
10073
10915
10622
4461
12163
7191
9584
7677
11367
12315
3286
4360
4211
331
8705
6682
11254
8605
11712
10846
5325
7147
12509
9489
7069
6537
8952
1604
5743
6943
6230
7456
2789
12820
2467
9659
1794
6090
6404
9201
11940
10458
8808
3787
10572
10547
1852
10715
4841
1658
7242
475
4423
657
2732
1131
11981
12320
2960
6931
9753
340
12242
4405
12196
713
4602
10916
9185
12739
10104
10874
862
4089
11658
4801
11682
10687
1432
3647
692
5599
10900
4396
6770
11698
6692
2849
9032
9418
1407
4956
7400
6861
10125
4511
9051
1815
7387
888
4134
9957
12927
12772
568
3491
9049
11139
6526
4412
10425
5896
2351
3195
3107
3274
2636
9436
6232
5130
8160
7613
110
9400
7703
1472
5020
2185
10777
999
2505
1390
1487
9540
774
12781
2880
9149
11204
2105
12741
3461
12029
12874
4413
7216
9721
509
10583
2899
12086
1689
1574
12747
4500
3513
10010
12827
12544
7161
10264
8466
8135
5889
6618
623
997
288
2232
7714
4860
9683
10231
59
4898
1240
6496
3679
2263
4643
3372
10043
5881
9949
2143
6886
11478
3858
10354
11790
4612
2027
2465
9944
11494
2179
857
2036
7190
2580
2184
6082
9781
5698
12254
5416
5004
7666
2544
9130
3829
1230
10905
305
976
2412
7776
6813
12268
11577
9220
9483
7280
12319
7060
4280
1897
9362
9719
7743
12685
2695
5531
7437
5638
12273
5514
8513
3183
8000
4689
10574
9395
6284
495
4242
5685
10453
2473
10019
4704
7304
8306
12705
1671
11312
4786
13000
11465
7333
2117
6723
474
2233
12923
11869
7657
2935
8565
654
3360
5657
6683
8322
3937
8850
8232
12909
3868
6009
12971
1991
849
12711
8446
5635
6020
9716
12003
3519
7859
6374
285
3950
7283
6982
5156
11552
1598
521
4542
4722
7163
460
3001
6045
5233
2153
12422
5136
2014
5977
10982
10260
12452
7
7566
2340
5590
10489
2938
6337
8938
2598
4616
6044
5008
8182
3957
4037
7906
12227
4785
3715
7683
1223
7577
8926
8962
1285
9291
5925
10397
4140
10719
10826
11575
6859
11902
6598
6592
10649
12125
8505
1286
2092
6603
7835
12497
615
926
3987
8063
6780
8364
3438
10690
2327
8540
12209
5611
2004
7629
10333
2264
3515
11191
5022
6815
9887
91
5505
8757
4572
2770
10944
4999
6181
10122
10983
2300
4355
1046
1866
7565
11132
2319
339
10954
3421
1233
5474
11807
11626
12725
651
10938
7911
12718
2590
1910
1888
4976
543
11894
6635
4150
10963
6494
9322
9192
12471
6981
7315
5782
8096
10544
2683
4339
12148
770
5380
5009
4428
8717
9892
9977
11251
10386
1508
5124
4939
6243
1035
3671
10302
1801
11096
10510
383
822
553
2320
5979
3205
2509
5763
3772
12217
6797
3118
9254
11592
11885
4692
9770
9674
6535
6921
11484
8249
12376
9253
4879
8278
11866
10027
12176
8153
880
2381
209
11778
2042
7801
9242
1957
758
3185
4327
4688
4294
11375
2358
7926
4013
2043
10824
5018
5224
5214
2769
2019
11671
4163
4534
2855
1042
95
526
7737
1834
2831
9079
7729
5157
7684
8687
12663
239
5372
2820
1264
2163
76
3986
10994
1037
10977
8015
710
1923
7962
7570
11333
12080
4286
11482
3639
6890
9596
2845
6467
6
12953
8142
9907
11955
4696
10856
6204
3130
10144
11533
4583
5037
5392
2064
953
11387
10776
11647
11111
11035
12140
6653
8205
6096
6764
3144
2282
7168
7860
9467
11146
9516
9975
4735
6715
7061
562
8994
2410
5091
1414
1051
8453
10342
4170
3834
9151
6729
11161
1623
12201
2560
7491
5158
8745
5401
8698
11384
9938
11441
9005
11531
1875
1413
2041
12055
10367
5368
884
8464
7766
3411
8723
6211
9015
6746
11383
3683
2591
5964
5343
7515
8238
5911
5058
2802
12328
41
4827
5986
4187
3248
4208
9826
5334
1984
9685
1887
3176
1552
12208
9200
9561
2026
8882
11532
10391
9727
10141
10728
5252
3117
6617
1682
1840
3502
1299
5243
6608
2458
3721
9901
8931
12844
1202
11927
8522
330
8566
1273
9182
185
12653
3675
3446
11901
2900
4587
5031
247
707
7667
9058
7203
10077
6026
2063
6833
8653
1184
7295
6069
10200
12047
4580
11332
11963
6196
10368
11284
4644
9127
224
7947
1988
5777
3255
4521
8494
4178
11327
1420
74
12170
8210
678
3106
2275
10276
8049
4610
1401
7398
1269
8062
6936
4804
303
205
2988
8372
11844
7672
8943
8585
12492
6885
1088
9100
6727
12720
4641
1464
10676
1292
535
9609
7794
11568
2223
2316
8856
8679
333
6388
9751
1677
9700
11725
4693
9605
10858
198
4553
4275
5907
7455
2429
10348
11446
9747
8400
4623
3266
2311
6415
3329
11210
12184
7922
7219
1242
489
6350
6062
8546
2612
947
4469
4097
4671
3213
10314
3862
9768
12977
2860
170
679
7025
1721
4576
2920
9494
1596
3783
793
11172
8853
9016
6505
1935
4850
7475
4734
6924
3332
11495
4292
2651
975
3196
11536
6322
8675
1334
4486
7484
3088
6872
8081
7485
374
6170
10396
9844
4973
6015
8725
6527
1360
7646
9682
9245
3066
9693
1945
6424
6058
7845
6657
4615
7712
2559
8720
6655
761
9837
13002
7746
4017
5702
6597
11363
8314
8432
1648
9961
3602
573
6368
2677
3804
11664
4908
12123
2953
6309
890
5846
2936
11487
8019
5155
11365
2511
1079
8374
799
5708
891
9590
8628
9103
1044
6220
6266
9910
11058
7469
3760
4751
3151
10360
3537
1564
3069
12056
560
6628
6445
10849
1388
565
11727
11077
6957
7642
8248
1330
3887
12365
698
10801
11976
12750
6144
12097
3043
276
8610
7048
1287
7717
6159
5929
3958
5509
4681
1859
5
869
2561
8562
10767
7259
8381
12195
6661
2038
6795
11449
9228
12876
647
2649
10123
5899
2345
6119
4753
5337
261
7488
3825
5735
7415
9195
1992
6250
8625
2701
6632
1022
3822
6040
1573
12116
6596
3776
8690
2971
2132
873
361
11895
9591
8774
6406
2673
10424
9580
1846
6995
12598
4527
2007
7007
359
11373
10318
11703
10186
3840
9367
3693
8855
4798
10433
8028
1953
10975
6401
12662
9247
9804
8618
3100
10923
11135
9169
254
373
5051
12748
8131
4839
2214
6110
3039
6986
8700
7500
9458
5814
7129
8577
2848
2727
12914
141
3397
4491
12093
12556
11347
9278
4181
11310
3365
6177
12629
5089
10110
11603
2968
11922
6881
8661
1695
9424
4885
4951
2765
547
2482
10249
4547
11107
11798
6257
9993
4935
2542
3947
2119
11843
10628
9393
10159
9050
2981
11921
11018
10759
3070
4301
4031
2803
9107
2703
9328
3364
630
12109
11858
3556
6173
1919
2106
7517
9657
4105
2097
2154
7183
6262
3867
4224
6065
2157
952
8762
6382
4880
477
3336
2854
12073
12180
12553
4034
1331
11294
5693
11249
10598
7757
8997
6621
9122
3892
4581
8231
12678
12183
1707
6105
4566
11298
9706
6053
1628
10834
3319
11445
8476
4667
11479
1298
4513
5469
6384
9075
1830
4472
10346
9368
203
7861
10625
10197
8173
5534
754
12363
10086
6390
4112
9384
11242
9773
8885
6953
3782
8732
11467
10526
7053
9485
2824
4437
11884
3041
4227
10296
11523
2408
2682
12290
2566
9854
10814
12077
4376
6983
12961
7130
4974
160
2310
7705
3696
3318
4354
715
5619
3270
9574
4220
1398
2613
8422
12031
5786
11156
10167
4279
11737
9740
1019
1151
7325
12773
8136
9275
7744
5501
2773
11050
6772
5169
5573
5092
11074
8630
3968
5623
9161
5310
12168
10844
10094
5159
8099
4054
12216
10514
10693
7356
970
8365
5161
4436
11996
412
5279
204
4072
195
6011
868
12924
8905
7307
7732
8341
146
9191
103
2583
483
255
9888
5126
9610
9213
9259
8441
11202
12442
2558
5390
892
10138
6400
8783
6347
8280
8948
11174
2879
2787
10948
3831
4459
10273
2144
9402
5320
7150
2215
4125
1005
2527
8412
217
2534
1284
6128
6070
12247
5071
1423
4243
4098
10919
6102
7767
4748
8395
7619
8756
6712
1685
7550
7221
8654
2556
4557
233
9522
1279
6164
4809
7883
8286
6355
2825
2597
9635
11776
11131
9120
3578
10206
9899
5336
11514
2059
4453
2815
8896
9416
7000
7605
1031
3383
11056
5736
6484
6754
10551
4331
6021
11026
2051
3759
10882
3228
8317
3789
1523
9618
5106
6871
7932
10910
3284
2943
11027
6633
11767
901
9699
9135
3857
7854
6228
4749
1038
5242
12318
6544
759
12330
5466
4933
11452
4964
10488
3960
1295
9250
2227
7021
7086
942
116
3420
729
8589
1268
1789
6524
5069
6012
12425
9281
2806
1275
6887
6151
10847
740
8211
8925
3428
10219
3184
10390
8933
5856
4517
8393
4102
6458
10964
8504
9168
4661
9639
8802
4229
5194
7524
10505
5282
12068
4411
4814
10468
2869
4157
1642
3488
4950
11652
7117
7003
5464
2942
2963
10745
6611
3744
3966
7651
2510
6499
8759
8026
12724
1869
12546
290
11806
159
1408
12443
2717
329
4111
7754
3952
4665
9506
3019
11911
11136
105
5809
12527
2137
10528
82
4857
2615
9282
3938
784
379
8462
8740
12187
8351
5135
10227
6923
6276
8116
519
6894
3832
11064
1391
6529
7483
12864
3838
2515
12912
10262
2016
7862
7850
3974
603
1870
5007
11777
6098
2915
11631
1893
557
467
284
5699
4454
7433
9404
4869
5791
11450
1937
2957
3555
6033
12265
8578
8671
11762
2081
1776
1171
5030
9881
7392
9260
3674
590
4401
11472
12525
10
5595
931
12134
10661
9532
12600
6718
7526
2360
6071
3751
10096
11497
2436
9897
8861
6351
4845
4717
7474
11920
6299
5352
5830
6793
384
9186
4649
10682
6867
3373
3030
7374
12737
3258
5807
8990
10617
3593
3308
10928
7120
7900
5621
2896
11954
9524
1069
618
9538
5952
2370
5127
3873
11314
5584
993
3483
3010
9862
6830
4078
11524
10789
6876
409
552
7040
3573
11852
1592
1985
1365
6514
8940
6269
3071
9057
3051
10362
10388
2890
9089
2788
2631
5552
10920
8660
604
12581
4929
1004
12868
1845
10680
8582
11034
345
8159
9616
6426
328
11554
3018
9978
7622
12165
10800
4803
7907
2368
5876
6008
629
870
4918
4418
10879
4179
8511
4864
5186
3133
12304
7579
6898
4520
11412
10274
10062
1856
652
10890
9435
8711
773
2218
5932
1678
10555
2460
2728
2858
465
6829
8875
1445
7995
11297
6135
821
1491
9034
1948
6088
11336
3997
6791
11917
9273
3302
7768
1449
12232
11125
7009
11576
1357
12633
502
1340
10205
12670
1656
5015
9775
4870
11234
3135
2746
7695
10698
12403
5458
2135
12489
10653
9688
12993
7083
11071
8890
1459
10131
12707
8039
9738
8846
12794
5597
1896
3618
3320
97
7275
9307
2192
4351
11606
848
7978
11391
4498
3362
4859
5535
3728
4853
3863
9272
5904
3774
546
6609
4715
3002
5093
1590
7030
80
3217
3259
7056
9037
10063
4811
9830
8065
2574
6973
4732
7806
6992
6349
6640
6503
8166
12159
3128
5413
9231
10788
6709
9308
3047
2500
7427
8733
649
7091
1956
8315
6935
4267
78
569
5956
5946
963
11676
7917
3279
5453
8356
6534
12574
10230
4849
12867
6816
12360
8611
3870
6200
8888
7381
5495
6903
9261
2778
910
12182
5212
11076
9664
12292
7899
6160
835
10135
3245
7530
9009
9223
6395
5992
6319
3141
12291
11149
810
3599
10887
2519
165
11773
8873
75
7890
8957
11326
11285
766
5251
795
4591
155
1728
3813
5391
7312
2196
1804
10499
10072
5437
7200
10646
6638
9090
6997
739
2075
850
12096
10763
11462
600
11735
12891
2694
12694
11967
7366
11181
9214
4871
5439
8485
9874
3716
6172
4781
5676
10407
10277
10606
9414
2861
883
2967
7290
12345
8045
2309
4316
5066
1227
10232
3848
10283
9879
12481
1818
9671
3285
5497
12018
404
8691
3562
8549
4268
2647
7700
6776
7643
2329
6528
11311
3886
3731
388
9455
9092
11959
9043
4383
11486
8864
10324
11460
1996
4699
5618
9547
450
10315
8342
3009
3166
8151
2422
7704
7107
3029
8443
1169
3930
7198
4084
3504
10530
12699
11007
6523
9351
10042
12174
1878
11243
2587
1914
10457
3608
5422
12713
11490
1584
9059
989
2866
4723
5104
7244
1739
8877
11113
4673
3115
2747
9301
297
5235
10028
7742
5248
10931
8072
4556
5924
3684
10429
12778
4545
5717
11765
11053
11299
9226
5100
11128
4300
2521
12034
316
1039
6550
9341
3312
523
9304
10148
3984
12194
354
9036
8451
4687
9873
11828
12885
7640
1263
725
2226
6028
6531
6740
12585
12367
12346
2605
3356
5405
7543
6339
7180
1633
10848
9974
8233
452
9732
10835
680
7272
7509
1998
5542
4450
10854
4317
7209
8949
7638
12845
750
3035
3935
62
7227
8285
12387
10272
7814
6909
3702
3099
5983
12609
7151
7937
9099
4702
11192
7908
3600
1386
6634
7745
272
490
6461
988
6259
5315
12671
10981
2484
9511
4810
1903
7522
5769
5800
1364
7945
7447
6167
12439
3072
1582
10726
724
10357
10972
2321
9412
7115
11889
4389
2525
11811
5025
11628
10669
5034
11784
2557
6700
3933
6010
9676
1627
3768
1071
11394
7681
4304
1013
5748
3694
4911
9284
10957
8333
9870
4592
10761
5663
9797
6410
6240
8750
2267
2881
7679
3795
11748
12802
1167
10540
11324
1210
611
11025
1245
6155
7035
9640
6910
8746
3651
1372
5752
4430
5026
4706
9824
1328
2812
4326
11669
911
2832
3660
7983
410
2108
12235
3063
10093
4011
7782
7892
5074
1065
5430
12206
5014
9086
6367
10711
10051
