9643
3386
10701
6845
4324
588
12463
4679
9501
8043
983
12381
11654
2040
2674
6620
10385
11024
12631
11471
2188
8908
12994
7132
11561
2469
1858
8971
11162
4770
10282
10881
10895
6532
10621
10635
9203
4958
2760
2615
1974
303
9052
3676
7864
241
5113
5785
3053
4737
1124
11262
11846
8018
11373
10056
935
1928
2523
8570
2626
10727
9338
12617
8978
10014
1129
669
8880
11114
7619
2281
2484
4317
4007
152
4908
7678
9331
9454
12959
1060
6593
2996
8454
6908
7458
6249
1361
11301
4745
2979
5045
12089
456
10564
12127
11856
4497
10108
4477
6290
4951
6507
11410
11480
6489
4525
487
10693
8975
9955
2104
4534
5903
2448
6069
9142
8005
950
10628
8050
1853
8382
10150
1166
846
948
11236
154
5290
8562
8890
1210
9382
7011
11265
7182
2817
3783
12311
11304
11745
10730
1313
8402
29
7972
12727
10974
5428
1766
10955
1867
10748
5881
2789
230
5532
1439
2342
603
8343
10642
9298
8155
8390
1192
2733
1484
10191
8260
3092
10670
11474
9814
2318
462
10840
9353
6570
11062
2280
8853
12535
8237
10582
9619
10797
7751
8175
7070
2547
370
2390
9124
10349
5970
9183
11416
12830
6451
131
103
12652
11712
53
3262
2305
2264
10759
4852
5577
7774
1759
6536
2200
11642
12461
577
5833
9660
10704
3979
610
1755
12287
6390
2373
150
2601
12945
3764
12128
4533
6799
11279
423
12410
6219
1050
10210
6962
8520
12975
855
11181
7167
1205
6849
3484
11005
4488
9621
2707
5271
5304
3985
873
9140
8561
6372
5092
6815
176
3145
9622
6868
10483
10203
11564
6564
10951
2792
12308
9169
6238
8643
4540
5046
7544
3204
3479
4984
6978
4227
9451
12534
8720
10477
5913
8272
1048
6686
6212
5268
4965
72
655
882
5351
12660
6275
761
6554
7960
5438
9480
2455
6993
8674
1884
11066
12237
6891
2201
4351
6562
8676
8848
5365
8534
9271
1663
4868
11942
7898
9347
9429
477
1876
10501
2447
368
9755
7493
11855
7010
12800
2255
4140
9269
3891
12181
11323
9684
2629
6904
3761
4429
10838
4874
12704
3689
9302
5645
7308
4543
10099
4656
4125
2987
8134
6850
5770
10057
11226
8269
6563
889
7874
3528
1172
9182
10587
2521
3491
5613
5381
1443
11672
3403
8224
3466
1024
8985
2513
8883
1760
6295
6461
2236
1670
12016
2520
8143
8312
9294
7330
4668
8555
2253
2424
8410
2489
5963
7773
2259
7794
8401
6642
11604
593
4504
8472
11815
12371
1955
9772
8523
1215
7707
12528
8035
289
11439
10374
2060
9641
1785
5644
10067
2542
7954
1761
2114
298
2871
3876
11724
6455
3497
408
11782
5032
4210
1047
564
3228
6804
9180
2462
5074
9187
9688
5064
10811
2184
4191
3862
7508
1297
9375
8385
11697
2526
1402
11750
7059
7852
5232
10588
4513
8052
140
2349
9234
4469
6685
11897
11453
6331
7842
2189
3061
4621
1866
8918
4495
6135
5625
5057
10842
877
12909
4000
11076
6538
7201
2064
10104
2928
3604
3755
7284
2480
9103
6599
8911
4207
4373
6576
11227
6509
9933
10132
10899
2294
6027
5549
12480
1389
8860
10897
690
6470
11499
5007
4417
2314
3232
11349
4523
11107
4218
2687
2319
11397
2243
628
4889
8283
6613
5801
9546
2478
424
7046
8399
747
11616
4532
1306
997
2970
6299
250
1533
7031
9417
6932
4649
2932
6359
49
9664
105
1546
4386
10380
7018
3365
11115
9343
2543
10729
5396
3686
12018
12808
9002
11569
818
872
3520
2565
12017
9042
8684
11507
11268
7646
10130
4038
10966
12364
9497
460
11182
830
136
12786
11399
5671
9811
7138
10724
5051
8448
137
1141
3428
3225
12163
9632
2022
1057
4464
11784
1308
9863
12344
10854
7770
2302
5508
11527
2719
1450
4024
8836
1168
12125
2207
11138
1160
3441
3000
2346
7253
12301
11964
8648
2827
11450
7185
7750
6216
5040
4985
8443
10307
361
2920
5635
1374
9576
5112
10956
7971
1396
5481
9771
11072
9562
3178
10096
11702
4952
8914
1905
4542
11338
5928
5185
10561
8182
4619
2339
2933
12084
10767
1904
6408
2251
4437
6138
12796
2562
4399
3760
5075
7866
5701
5821
12416
12375
8356
8977
8332
3064
3914
7285
10620
11874
3190
12755
11261
9067
5297
11630
2799
12595
3287
4741
10712
1591
429
8284
9559
11853
7096
9563
7892
11082
3794
10834
3607
1809
2284
10043
11111
7191
5840
1244
8697
516
760
5754
2463
5837
5163
4278
8012
1243
11253
6650
11863
7975
6931
1868
12801
11292
1841
8564
11783
4574
8516
7833
12138
5202
5964
4059
1757
5827
5131
8044
4101
2989
9105
9074
6114
2175
4183
1820
2664
6308
3259
4500
6725
5129
2272
8540
1196
12717
79
3631
6938
11458
11994
2014
9475
10546
10115
5041
8324
6401
9585
4349
11500
10624
2142
9377
10532
5795
5843
3850
8262
6148
3417
2552
10987
12960
12620
1754
1116
3795
9476
12386
7234
2937
2419
10216
5684
6488
2267
12394
9481
2593
3556
1538
6541
10022
1990
1230
5021
6026
1846
7959
11163
10669
12310
7385
11276
7621
10373
3233
9986
2343
1056
9136
2953
181
4892
10911
4323
10166
13003
10802
8226
9399
11014
9152
6311
8536
10329
12670
978
8756
12146
6778
1745
10036
1307
7935
5421
9339
9163
4129
909
5835
3264
10102
8594
2911
7163
2910
380
2252
12799
8712
11941
10668
5313
7527
1219
6560
10548
1146
5374
6899
5920
7759
6013
12191
8938
2659
3120
5719
10384
1862
10343
7089
383
5915
1562
11973
9162
6269
5337
4763
9241
6177
12351
9652
7396
11493
3217
12888
8606
6457
8476
2222
9699
9370
12936
7848
9275
8413
2545
12253
11142
9348
8222
7032
1789
8113
12116
7934
11540
5814
2692
849
10813
108
9895
11979
7402
1110
11110
984
3140
11212
4522
1222
9855
9841
7236
2855
12302
10816
4509
9694
4396
5732
544
272
11487
10040
10934
9786
10167
4990
4633
949
1094
12963
12167
8292
9615
5126
11669
7170
4212
754
3619
4937
10278
2512
3629
5579
1839
1796
10144
3798
12905
6588
11172
7279
9939
729
4160
410
12536
9295
3922
7359
11772
7097
9593
670
2374
6399
5283
12928
4490
4888
6286
8691
9402
11178
12376
5450
4171
9202
3538
8291
12468
2173
12155
6864
5718
11433
3122
11660
4658
8003
7597
2369
7543
9717
5693
9760
1627
7765
4521
5382
5720
12358
8407
12745
7307
8256
1906
1410
12701
2622
3446
605
2912
9864
1851
8747
6077
10639
1815
5563
9329
11233
5517
6395
10235
4700
525
2074
12979
8990
3932
8085
4922
11597
6469
10304
12405
4591
5288
10718
7435
12676
11331
6924
6253
11429
4512
4928
11645
4837
2794
3387
4761
12208
3132
9828
5916
8462
3069
1332
11673
9531
11045
6273
8156
9393
11799
5049
10396
962
11308
2868
8533
781
7871
8068
9970
4300
148
9801
7082
3008
2779
1778
6917
780
12156
5013
5568
10419
11080
12338
7553
2238
540
8642
899
5888
12862
9204
11860
8735
6305
10896
12900
4848
403
614
2725
80
9288
10170
6119
9626
6200
6397
4862
12508
10336
9058
9604
7909
11633
12066
4018
11557
133
7813
8406
5227
7003
1236
1651
3723
1935
1880
10837
12602
10663
4401
6272
7538
9816
9564
8216
9039
2838
11568
5213
6523
5484
3793
12579
3025
10510
7328
12340
3243
6210
6254
9334
1074
2454
6965
11509
11831
11300
5932
97
3167
2431
7671
4180
2773
4229
7878
8689
463
1911
1825
4817
2750
7438
2146
8709
2553
9582
8330
392
8349
9543
11339
8380
7320
3817
10756
11106
4727
8783
12897
4103
8640
3860
11451
1548
3720
3085
1483
8818
8969
2941
5378
5581
12596
8495
903
2859
12099
4897
3710
7748
9017
12330
4875
167
5823
4407
9718
9817
378
8389
11307
3933
5723
11225
4269
2367
2310
9803
5014
12000
12393
3265
1993
4314
9456
1748
12288
8498
4957
12533
7025
5102
1115
4836
9031
9757
8064
1130
11817
5634
12616
9747
11143
10599
8791
10090
6622
4050
5205
11751
12837
1385
3116
2256
7238
9782
10198
7970
11402
11930
4759
7907
12193
8392
10686
4828
9143
5078
5608
7733
3943
9391
6312
6578
3816
1756
6773
11249
3546
9673
11034
5229
9750
11405
4449
398
3770
11091
771
12154
62
9880
2980
11545
12870
7693
6250
3482
7084
2166
4934
5084
6342
11809
12484
6046
5942
5652
6954
9577
1874
8552
4301
8042
8361
10283
9113
5825
8342
3018
11050
4555
6307
11880
5499
3324
10077
10497
12564
812
11186
6429
66
9827
8403
11109
11971
9063
12784
6769
5098
6516
12781
6589
11866
6607
1293
6357
2417
7148
8851
8377
578
5933
10161
2999
434
7955
9253
2832
1899
3533
4758
3920
12487
6553
957
923
10954
7136
1419
10637
12094
9805
2076
9720
437
9478
735
6039
10063
559
9246
2537
4949
179
11012
12575
5361
8336
6663
1372
2099
6604
12869
6282
8854
1822
5828
7345
9665
6548
6459
6968
8001
7126
1665
5512
11208
7777
9761
10875
7180
2357
778
2451
6975
10648
255
10085
8072
8970
12324
8741
8354
3714
9262
9766
9704
12370
10740
611
646
9349
288
12757
637
8426
5784
11862
10473
1209
6023
9464
5542
3651
4379
6419
5685
8089
2344
4403
659
12710
2275
284
12682
9503
1907
8524
12441
2499
7355
8515
2334
1570
12861
3844
12776
3728
2614
12640
2133
10378
4653
13006
10589
2393
5004
2870
8616
9392
12249
11298
11632
4322
1716
10044
6760
5492
1395
5892
7951
3884
6801
5715
2527
5993
2997
10394
4157
12591
1891
5413
2599
4765
8964
4964
2101
2669
11042
745
10744
4365
4426
7183
4194
9296
6324
11019
3808
232
7262
8861
9364
9373
8941
1854
3462
12560
11757
3518
2925
3601
547
9783
6173
4474
12250
2434
7482
4032
1684
5945
2024
8384
8702
12618
9795
8660
9596
6194
1038
8988
6841
205
5494
1526
4753
5943
5724
11864
8087
2798
8091
2103
4189
801
3213
12423
2948
412
7834
1606
648
5000
4748
5924
10959
6310
4366
5900
9574
2588
7694
9731
7601
5245
8033
7574
924
13001
2594
7800
8625
12062
12223
901
10275
3726
3469
4223
6149
8181
3653
1777
1708
12831
6596
11962
10389
6870
10348
10540
1730
9400
9959
4124
6382
10436
7521
8844
8080
7539
6433
8008
518
1408
6218
1498
10557
4655
3036
7788
2347
9791
4885
3910
656
12878
904
12725
12033
5598
10846
6440
7179
11241
6893
11326
11335
6745
8053
10593
11448
443
12500
5240
3940
12317
3703
4097
7231
5375
1348
5612
7875
11056
9397
11505
5908
6292
5477
5257
9192
6759
5538
3757
2947
6683
1012
9385
8055
4558
279
3027
11177
8046
10812
6369
6781
2806
12367
6413
4627
10500
7965
8221
5188
12365
11598
10667
10912
10752
12655
11798
10861
3300
5118
6321
2482
8100
7186
7129
9606
8074
9575
1263
6260
4972
4136
1169
11052
12941
4923
1688
12477
2068
4670
2341
2708
6405
11185
6400
11211
4698
8610
1502
8502
2966
7739
7784
6704
8578
4151
5803
5307
6662
1043
8201
10050
2162
12013
12876
10799
3101
10815
10499
6235
1986
8672
12824
12229
7187
1847
4901
12368
9141
11682
1563
6438
5891
1420
6358
13
10681
4900
2428
8866
3855
12374
7516
8425
5355
6417
11015
7925
10655
1744
2059
1309
694
10573
23
10598
8685
1609
4023
8371
3019
12211
5586
12947
10084
10770
12630
6132
6941
4672
9028
4662
10325
8535
2269
9003
9815
2936
12933
9291
1229
6323
2365
12400
2718
4118
6937
5346
4370
6645
233
965
10926
3915
11164
258
1595
2120
3418
4241
7338
5589
9846
4631
7103
7015
9413
912
4368
11422
9401
8742
6565
4717
1729
9299
2722
10960
2382
5667
6787
2262
11614
129
363
8176
9843
3319
4498
9360
8138
10060
2715
9654
9542
9131
565
9220
12419
4444
11189
6080
2437
7771
4736
9849
12730
12749
6112
12973
9486
10287
1427
3773
10420
6348
8210
2907
8814
2536
10434
12384
1887
5753
2025
4978
753
6439
12352
4263
2631
8034
6974
11886
2348
11671
4597
6090
7962
7397
11071
4093
1225
3437
8600
4913
8278
6918
1540
12953
7140
12683
561
6544
3620
1816
58
7722
10078
2358
5260
4126
3472
4052
9078
3802
3206
7585
8715
11322
4754
10047
1191
2965
5241
6586
7033
4632
6086
3712
928
9006
5567
1144
7828
7822
6957
9776
3564
3973
7953
3447
12002
3175
1941
9508
11392
1494
11646
6241
6568
11778
12737
8478
9146
4044
9283
10590
349
1128
8529
12955
4637
11096
9834
548
4350
10221
1180
1586
6322
878
597
5854
4816
8378
7372
2461
4896
498
5386
10946
495
3199
5548
7592
5363
4881
12740
10356
7215
1805
299
7884
7692
2345
2055
7295
8740
9630
6448
4589
3991
11916
1944
12472
11179
9876
2531
2291
7801
6530
799
9865
7703
11032
4281
3813
6380
11147
3220
2304
262
9442
1371
10253
242
2528
4267
1250
1163
10916
1643
7665
1062
9922
9894
10383
2106
3622
10341
5824
7985
3595
5655
11917
2638
2734
851
9285
12976
1650
6505
8797
4969
41
6384
7327
10091
11240
1075
7557
6006
5986
10058
7341
2511
425
10081
3858
11904
8915
4962
11368
4439
12850
2398
1394
8755
8816
2501
3076
11230
12573
664
251
3786
5011
2636
11824
11201
11530
11398
12584
11644
8878
7420
9181
10463
4248
2661
8617
8464
11443
12323
5822
9902
12224
2426
3375
1923
1120
7427
7575
9617
546
8047
7791
6204
6742
12232
4991
3571
7720
13011
8019
5600
6234
579
9813
1721
11425
8501
2945
8605
285
1762
9912
2131
12272
4675
6999
12982
7894
1901
12583
9637
7673
5048
2752
11475
7556
4575
8839
12789
5757
10836
11648
12958
3826
8979
10370
3819
11133
3162
1437
11634
7887
7323
4804
7511
11348
7160
11552
12939
3509
8965
5020
4559
779
12587
8686
7446
9949
8165
10333
5575
2270
938
9107
9995
8304
12430
8075
12486
1035
11867
12985
11424
4751
8728
676
7210
8558
9701
10654
4927
11580
6582
7120
810
9056
8439
2899
4819
7492
8544
12895
4298
4389
11174
11394
9221
5677
6524
728
10251
4478
6573
3231
3542
2258
11925
11198
927
8944
9448
1273
8858
5739
8942
5309
7086
10129
574
345
3804
3467
2533
6464
10666
7054
9093
8588
173
11803
8881
10484
260
2589
5191
2009
6805
10284
3376
9822
894
9671
1380
7115
2679
4954
9149
11837
7421
1813
7559
12297
6572
3438
2306
7596
7782
7441
8497
10829
4932
7760
12276
94
5204
2981
6836
2846
1750
4690
8637
9081
10605
9354
3012
8002
4199
9973
2128
10907
5412
10241
11089
9875
116
11585
11192
12008
1925
475
6527
4726
12318
3052
7948
11529
2206
6542
12294
12613
2497
7825
5810
10200
3685
3648
7778
8831
9884
4998
1456
11857
4155
317
10732
4164
3992
11001
6706
6406
5726
1617
11984
11303
6414
908
7817
10513
1338
20
3143
4455
4942
10923
2713
2362
2170
4195
1791
4099
7900
6428
7941
3035
7356
4752
2244
6462
4211
356
1914
3149
10908
12102
8108
2311
6101
1151
6021
10556
9581
1620
2991
8118
4295
402
444
3866
5274
3340
9372
12377
12628
7631
12366
580
748
8093
4996
7246
531
3
9359
7393
671
3297
10925
3039
25
11344
746
4383
10690
4374
10996
4780
5906
1888
2574
4132
10806
466
4461
10242
4582
4994
1140
5314
10255
4961
1970
6737
2366
8267
11923
8081
11013
3645
11676
9925
1996
4414
6066
5172
1792
2145
6866
5697
11345
12597
12782
4452
6907
2813
9445
1510
5893
5593
3589
934
1524
1234
9670
4545
5377
9044
8416
10886
1793
38
10999
7447
10645
12321
11332
7407
10523
9431
11468
3100
11748
10703
4503
2951
12207
10441
4712
2048
6071
1732
3880
724
11987
7300
11737
7001
9340
10297
6458
8652
5617
8186
4734
10529
8144
8940
4833
12260
11506
5926
3020
9238
12972
1897
6017
5796
7461
87
3285
5860
1097
9125
12634
5335
7418
7541
1485
3998
1260
11779
6644
6445
10072
6543
1370
6347
12476
6722
9629
3690
11743
4842
1738
7282
4098
10475
12168
1704
11747
6125
6843
10567
6242
1807
9069
1826
4968
4168
4106
11041
2042
6147
10121
10570
8387
6727
12111
278
2027
3395
9041
1590
6670
2225
2889
4931
7749
10390
8845
4699
4711
10351
3057
12619
3506
8612
7104
7463
6483
4330
12927
10053
7260
68
5584
11462
9415
8679
6786
803
10832
991
4622
773
8646
7344
4178
2021
992
3313
7821
9591
2121
5067
6561
4814
9034
8972
10136
8232
10173
4539
4096
4791
9981
6690
11700
10478
10549
3927
11455
2490
5472
503
3451
6460
9038
1286
8506
4395
7889
227
10937
12048
3288
10953
12931
2621
9155
11294
10125
9635
1315
11822
3055
3504
9756
3399
5409
9000
2877
5497
12532
9245
6183
9256
9866
2230
9490
7588
11793
6528
10442
6602
3988
347
5401
6552
10750
8604
6584
11188
1865
2835
11127
2174
12024
7740
2894
9263
223
12555
3047
3436
9432
4004
7685
5603
3907
7203
1084
5124
9022
12284
5458
4713
11977
2977
1645
9809
7156
4807
6047
2755
4722
3142
3944
11374
7957
11959
10547
5960
7569
12285
6224
12242
9450
9748
8547
6955
8447
3219
2665
5082
9845
5917
8496
12401
8759
12282
5081
11155
1849
11830
6831
4714
219
5143
768
1106
11985
2139
6313
12790
1053
5622
502
6673
6632
7757
10415
11413
11347
3087
8214
7988
8131
3011
7318
9498
3523
7728
4581
7334
10749
6074
6104
1185
6859
9218
4659
2371
2749
3567
6748
374
6961
6041
11918
6840
146
8607
8659
6293
2436
10286
11489
2555
12473
10530
3171
8225
3591
5774
5076
1113
7335
10426
508
8037
5485
3753
12040
7239
1467
3470
2328
3637
12464
2051
12691
2179
841
7455
12772
9062
7738
1006
6567
2308
3255
3110
9804
441
9954
6407
7542
11084
6677
8022
2702
775
5122
12152
12220
8350
4683
4205
6168
1003
10488
7365
7060
5929
2510
8360
12045
972
9165
8509
11355
3090
3367
2508
5729
569
6070
7532
6202
10971
12266
5716
7235
853
4266
8438
696
2888
5015
12054
10630
2605
11786
9010
12903
6294
11043
1572
8373
10470
9529
9797
6749
7217
5073
811
3378
4177
4855
11885
1183
12762
4005
11661
3909
4393
211
9073
143
4689
10932
6233
7223
8664
8013
5302
10071
4282
7241
4091
4319
7471
7437
2126
8016
572
7144
7624
6821
12196
4792
3111
9398
3739
1506
5955
12001
5347
12930
6592
751
11678
8589
10082
1102
10194
9974
11976
2443
381
10076
12007
12752
2878
9758
8910
10361
12880
7888
11094
11466
5012
9252
3894
2049
654
1964
12009
10018
4709
1843
1451
9457
660
3917
2741
4062
6855
3329
11431
9520
6247
8658
3312
1142
10466
3611
10469
12363
10782
1653
2683
10285
7581
426
2790
12847
5225
4906
12748
9303
7919
1376
6858
2786
6566
3580
391
12913
12787
11333
12875
9721
6197
10359
12119
5197
5249
10505
5850
3838
4839
613
11733
12615
17
5522
12996
4400
11058
2441
526
11411
1840
789
1797
5104
11415
6424
1428
2044
5306
7459
733
1280
12113
7255
8898
4601
8657
12230
11884
3485
8092
9471
828
1020
1265
6611
6476
5641
5994
4335
1081
762
8121
10762
4084
12005
612
10164
4331
11073
1149
4974
3641
7579
4629
4172
10145
2265
2214
12426
5173
12920
10326
11578
8920
1387
537
7195
2257
9201
11952
10506
10204
2286
8805
12807
1044
12096
5154
5907
39
11765
7896
7400
4750
5965
6581
787
4611
910
481
12856
5606
7922
10305
6227
10633
3767
9094
10788
2427
11246
6732
9877
9242
1175
10935
9871
12530
12481
10045
6504
2213
11382
7016
157
11311
10575
7081
7283
10702
7332
2075
633
552
6547
7074
7483
1779
4014
3280
9005
2208
9818
126
9858
3498
7838
5300
2676
213
11130
8593
2335
5761
11199
4967
8189
11617
5553
3822
4963
11790
9311
10920
3486
2178
6270
12759
2274
5478
4773
3093
8132
4040
11944
11060
5524
2301
9188
30
8077
5183
6296
11047
8905
921
5533
12414
1679
214
2579
4344
9433
8326
558
8351
9570
5952
6830
10611
2861
1837
10699
6187
10723
9159
8041
10029
247
5759
8590
1634
6287
8218
5254
2644
12385
11563
7643
7514
11264
10794
970
11353
11121
4411
4910
1599
12793
1829
4463
8800
7775
12443
26
4418
7106
10301
2057
12916
4394
8675
8531
10159
11315
8763
2183
4037
11136
2445
8395
8316
7554
7547
4902
6102
10319
8444
12735
9440
1071
7882
3810
11435
1321
10321
1828
5359
7582
6426
3290
11865
3709
6511
3577
7468
5437
10147
1089
1441
10032
5253
12705
6984
2466
9853
2984
8753
11766
12003
8711
1496
8126
8996
7071
6118
5663
3736
5215
784
7911
9736
7854
1902
4063
6498
906
4776
4813
5700
3913
11391
8127
3339
10972
4695
834
5279
8137
5166
6758
4360
12988
333
10187
10975
2672
11054
5037
12642
1310
10651
3459
5079
900
8717
8489
1270
9789
8347
4618
7477
4369
6096
7444
2231
4517
11560
4551
7850
691
8011
3811
225
1204
10516
8543
6261
3747
4260
6558
3477
8847
4667
3260
7927
11501
7443
9030
290
2370
2107
6649
8579
11517
2249
769
12166
265
10213
3999
1181
1253
3201
6178
10464
4832
6922
9883
5657
9383
7224
8541
1021
341
8879
2670
231
8021
639
3612
8229
4924
12447
5910
5062
9297
5178
8337
5869
8023
661
6387
7917
12413
2818
1000
7292
12353
6043
5434
3434
2098
3031
7466
5730
11965
12483
1238
8430
442
2784
3741
956
8935
4060
11113
7172
6637
3245
8813
9968
9616
2052
12058
6803
9666
985
11245
4352
1323
3007
9051
10689
2085
7931
7823
5690
3669
8148
22
11306
1898
9870
193
1406
10631
11157
5536
4424
4728
10774
2172
1237
1954
4602
11099
511
1083
4325
1328
5790
4766
3182
2459
1588
519
6215
4756
4354
7226
5818
11659
4805
1190
7442
12247
8147
12751
5842
12911
6190
5362
10784
61
7340
203
10490
6095
11376
5451
3383
905
12479
10265
9681
6883
7486
6083
1100
9407
3294
4158
10055
11719
3342
3216
1616
1949
8554
5967
3215
11131
224
1543
12248
10656
10524
12219
1123
342
3827
7714
1885
3849
7259
880
12747
6473
2943
7764
3526
12637
2673
11329
12854
9840
9807
6757
9200
2732
6304
3790
974
3326
5696
2266
620
10468
3939
4496
2276
1156
5090
3391
10685
10942
3492
7171
5503
10362
12667
1561
630
4232
10214
6182
12306
8690
11255
4854
11031
12498
7430
2147
4570
1317
6344
10821
2001
1482
9378
12516
4606
3952
7228
11693
5651
12715
10884
725
3202
3627
9009
566
11649
7301
9774
11889
2092
489
5402
3732
5768
1952
1836
10902
8559
9746
293
833
2277
7207
351
9247
1776
8870
9967
12186
944
3980
11218
1099
1872
1666
3322
10579
6029
216
5912
1855
3118
3678
6085
5025
3879
3065
10246
1018
1088
5156
11951
10913
3650
10065
2635
3082
8289
596
7924
7661
804
4283
3425
8290
4547
3318
3351
11539
3060
1615
4438
4192
11085
3934
1444
4620
4147
9205
7994
12865
6531
2192
6817
9070
10205
845
9999
11477
10660
2710
7036
3388
3126
11914
7664
1664
8899
7222
7123
2483
7885
4457
7797
1939
657
8668
5356
7772
6129
12896
3332
7616
6136
9775
8299
5820
1176
2811
8344
3421
3921
2744
12643
8180
3848
2400
1662
4440
3864
12677
11695
12169
7754
11243
11139
7712
5480
5031
9810
12194
10527
6019
2985
1883
2136
484
6972
8585
10760
4238
3193
12449
808
10039
12182
359
5086
1421
12145
12257
9722
12042
6453
11909
6715
7717
9085
1271
1622
9122
1804
7386
10042
2119
856
7243
5505
12719
4250
4003
11316
6141
1724
10844
2363
12544
6594
326
1398
4898
8736
11129
9612
5987
11814
100
3108
1767
8429
9290
12531
7818
9276
12027
9198
9484
1610
1995
12160
7452
7649
9764
11508
2465
8459
10064
9752
5150
4292
10101
3930
11389
7266
3160
2047
10238
11438
4054
9947
5895
12349
9784
10264
7274
5407
12773
319
8199
7617
6822
604
9135
7037
8153
5826
5322
4718
4196
11586
6266
3177
2442
3044
3593
9323
7849
951
12373
1157
6268
3408
4914
11464
435
1850
971
12140
10778
7950
10289
6490
12057
98
5740
12910
6967
12957
5384
10515
4945
895
9380
11069
9231
693
6882
3897
4491
2361
9550
455
1093
2972
218
7354
12023
8530
119
689
8415
6772
10711
180
1077
3823
5259
5728
312
8418
6927
2699
6111
4188
3197
2071
8247
7429
6705
1409
11589
12694
5935
7663
4318
11312
6214
10725
10871
12278
8909
1733
10551
8417
864
7598
6767
1345
785
3908
3176
3708
12491
74
1066
7029
10009
6936
1091
6583
9602
7831
5722
989
11220
6239
2250
12369
888
7644
3212
4120
5061
11808
11396
6909
12006
3846
8573
11777
5187
9567
12200
1957
11836
11023
12608
12521
2959
6367
8862
925
10495
12981
8537
6946
4861
10472
10498
2879
400
4628
609
10664
4446
4357
4762
12576
5221
11161
10866
678
6985
4919
606
5298
2787
10026
5059
1414
12348
500
12644
9053
3895
3738
3670
7711
9565
7513
4072
7485
11608
672
10997
4230
4302
11463
12937
9896
11839
7589
9126
8078
12120
11152
4703
6389
12629
3499
4916
2425
10694
3112
6837
8819
5190
5626
10878
6031
11010
560
5426
1711
7895
8521
12721
3158
12139
6403
4458
12459
6513
2285
8386
7502
5269
8305
7422
6011
3516
9047
5654
8198
9300
658
8549
3721
2248
9572
3396
7014
4470
2627
4871
7600
1881
2168
8902
6614
8133
4165
7131
5097
4524
4404
3562
7428
3883
10061
2460
7520
11502
9534
10193
12742
7645
12342
8114
2018
4081
5862
11816
153
2061
10922
8680
10430
10839
9479
12496
4719
1356
11872
1619
5786
2161
4715
4402
1388
8282
1821
8678
192
607
5562
4803
5909
9064
2908
11321
8771
7371
11731
3916
3566
5829
11083
11729
9513
5231
10111
3558
9504
4456
9390
11293
11601
10001
7946
8107
7412
8065
1352
7152
11592
9239
946
5216
7184
134
9487
9333
2350
6792
7495
2292
11247
11378
9838
2005
6158
865
501
4610
940
11369
9396
2946
8494
8999
1678
7353
3861
8714
932
5194
9852
1009
3464
6809
11266
12794
1769
12372
10537
7367
3141
7908
5095
2364
6700
8827
6363
11894
3382
2132
9519
2924
9506
11070
8802
6255
10863
6171
1224
2088
9910
2000
7373
12135
3029
11752
11427
11008
120
3196
7376
2815
5133
979
12204
76
1960
9889
663
10137
3032
798
1573
1539
11286
3489
1187
12212
1251
9075
9690
541
7370
9439
2502
7964
1349
11478
12662
3768
12444
5946
11753
8826
10133
1580
3675
4930
9728
8984
6943
5266
5034
12884
3955
4959
9229
1614
9020
3584
2232
12851
10649
1958
10367
11573
2535
8806
177
8192
6656
3657
6525
4593
1294
5371
8966
8804
12047
7839
2239
7220
8980
358
9092
2449
8654
6824
3809
8096
2033
2819
1367
12228
2769
451
9781
7049
5980
4938
1014
2228
8185
1470
4163
8431
5592
12030
11656
615
7405
389
2793
963
10316
12497
9
2864
8687
5882
12970
5320
7859
705
9934
8069
6880
12887
9249
2122
1114
5811
9021
7062
4222
3890
11619
5140
9726
189
5251
4121
8754
7528
7439
1305
4584
5132
3198
7431
1242
4865
5035
9355
2389
8294
4560
2290
5979
9713
9640
12291
6948
12337
1742
6479
11999
8931
3410
5039
3457
9836
493
11969
171
6770
1537
1503
10918
3791
12458
7677
1096
6061
8710
6431
698
1749
10295
9868
336
3305
6092
7379
12539
5694
7837
3166
6036
11079
2351
2857
3962
993
6352
10909
6198
16
10877
436
11173
11053
12962
3700
9257
8338
2297
9286
12505
1551
2843
7460
11931
719
12863
1916
3188
9730
8595
11910
3117
3541
10722
5223
10408
2978
5310
7862
10517
7124
2983
5543
5050
3384
9424
8203
253
5518
10841
11832
1743
7257
8766
5139
2190
10525
7194
10247
8560
4646
4274
11950
9289
267
7669
4989
5244
12485
10128
2778
9304
5226
581
2246
730
9406
12929
9217
11667
6267
4104
2844
12038
625
12718
12213
7755
8795
8621
249
7343
11684
8995
9773
9829
7061
6000
12088
9583
5022
8743
10757
11229
3148
11919
10893
296
1164
6744
852
10176
5989
7872
1232
11907
5071
9108
10068
10606
2604
12474
4416
4027
2261
902
11409
641
6681
5379
9571
8412
2254
3547
4200
6944
12621
2649
10138
12606
7992
1226
2474
1870
4687
869
1486
7956
2711
8894
892
8475
2581
8346
4710
2
6694
353
6094
7802
3596
6669
9483
1585
4362
3258
12599
292
4562
875
4903
8828
12475
8102
1691
7705
2927
7883
2418
9837
10791
8097
9224
4480
12754
2677
7721
10707
10766
1107
9661
8124
10580
11993
10119
5619
12924
10140
618
6319
5561
4822
7417
9054
11036
2487
2405
3049
5678
1119
2643
10785
1782
7364
7991
12041
3905
7009
7264
695
11210
570
10279
1384
11258
3209
2791
9744
11403
9798
3613
2901
3956
5220
1559
5144
4797
10324
270
3647
1795
758
8152
6127
6641
10323
6945
12221
12572
3796
11715
4021
1542
1438
4310
8936
1068
576
8219
8922
11770
12210
8404
11575
1833
5870
8510
4489
8251
1667
7390
1029
1823
7258
5327
5321
11524
10550
11679
1065
5595
1480
2326
10375
3746
8608
3779
6738
11048
4536
10833
99
1478
5236
10804
9279
4262
2496
4078
5125
5898
3369
6100
2559
7640
8236
7469
1912
1461
335
3799
2824
1458
3088
10720
4921
3357
4111
1909
4588
1046
587
7987
6049
9453
12492
4123
8295
5186
10595
8009
8357
10427
96
6366
8187
2856
240
7265
6897
371
2949
12695
1536
1193
2273
4371
2915
11972
7204
2063
5474
534
2416
4159
3267
5148
8169
7286
10245
7526
3918
7998
1316
5294
5418
7159
11412
3356
1327
9594
12867
2549
3274
2903
12510
12418
1171
1453
496
9318
9345
4329
5115
4743
11297
6701
1464
1177
622
759
10734
3662
11390
1295
93
9403
9692
9206
4428
11955
3743
6668
5170
12004
3273
12813
7326
4626
3331
10094
6245
11473
9077
8276
5228
11698
7573
4953
4234
2329
10889
9536
12076
9449
1008
12663
1255
5137
6037
4671
7997
5762
8688
3370
2845
5161
11158
6807
8522
1768
5211
10600
1560
10462
1649
95
4507
5459
8467
10857
106
8306
4511
1574
7827
5443
2853
9683
9059
10069
3835
6035
4830
6595
4569
1299
409
11668
2046
10921
11577
11467
11895
10882
3845
9658
12791
4981
10731
454
692
11549
10512
12161
11123
5802
2209
3163
5615
8624
10273
9422
5263
6752
10151
10849
10411
1249
8539
6539
3271
1186
5168
228
6120
8274
9892
12581
9649
5535
2606
3229
8503
5009
1758
11974
10758
5193
542
1217
3006
4592
10982
4851
6231
6521
3737
5632
5847
31
9055
9656
2260
9320
1143
7333
5017
1635
6873
2916
5775
2414
2263
3502
7995
717
7901
6392
2157
1259
3075
6718
5831
10212
916
522
966
465
11354
10127
3818
7567
4048
2703
9917
931
5471
6145
4796
3865
10870
202
10327
1646
5669
4636
9371
624
11851
2159
8838
9965
12609
7339
9541
1162
11975
2038
11736
3711
2954
4911
6834
5425
9196
1495
7107
7382
1150
2560
2684
827
5550
6444
4483
3697
8632
4909
2240
8469
7092
11221
6045
6164
12412
627
9261
6423
5769
10118
8921
7522
9193
3316
4571
5001
8927
8172
7768
6360
428
12699
4257
2572
2392
8973
3886
10726
2731
6847
1475
7233
9956
3458
11213
11002
8603
2440
11551
11000
1422
7058
2077
3967
802
8673
1212
6297
10023
9459
9004
10410
858
3830
5922
5813
825
7659
8235
8453
286
11169
1429
2138
8303
4647
10335
5664
6703
10207
1677
11191
9741
3377
1401
5262
2921
12592
9467
12071
10445
2576
1763
8270
11310
533
10346
11890
10976
9357
12227
11176
276
6452
472
7943
3473
2666
2830
8257
9558
5973
5099
5218
12767
1108
6276
8512
8962
471
348
2127
2235
772
11683
3899
7244
7628
9824
1085
11379
7808
6921
2194
2435
2204
11636
10998
9893
6691
1660
11986
6123
5767
6591
10741
5527
10963
1257
11875
10864
3135
12254
9745
12997
7214
4082
308
5731
9830
7
5735
10652
11317
12360
6790
6714
9610
7383
731
7457
8449
6989
1471
1525
12277
11470
4209
10403
277
10769
8695
879
3885
11153
3704
10163
10489
11559
682
9584
12852
331
4849
3769
1417
3131
2337
1067
1254
8040
8298
11722
1199
3040
4787
6137
10234
3900
8939
9533
5475
10737
6512
8729
70
1240
6301
3323
5969
6067
7599
151
7449
10423
12176
10695
2884
9903
2438
937
269
246
11956
5845
7208
4445
2807
6796
2617
3086
11011
11388
449
11869
5597
4071
2391
10924
1806
11544
598
7063
8873
9168
2062
684
4531
850
6535
6675
9237
1416
1818
6585
764
897
3903
128
8054
12225
10031
6556
5705
3442
10860
8428
5540
7425
12197
7256
6912
5817
4723
6203
919
2759
3803
12944
7280
12055
3948
3722
4382
12882
10013
10494
11257
10021
3911
12938
3731
12879
6244
3023
8620
11432
11902
8960
12806
1457
5250
7053
6186
2691
7278
2094
169
12238
2642
11498
4782
977
2029
6230
11717
3986
101
5618
2452
3552
4538
8007
7073
726
3147
9358
12086
6361
11606
11370
4798
5927
6518
4510
6425
800
700
4644
582
8314
5165
2492
12494
12692
4615
6172
10754
12407
7067
1753
7391
3995
12172
7389
1515
3642
10622
6597
11184
1895
65
1049
2620
4356
8631
11963
5541
1366
7181
3812
3153
2632
6192
7134
994
6928
3874
4170
10280
7937
1246
9313
5248
4471
10169
7000
7075
4001
4572
9885
10414
9026
10185
11134
9441
6730
5978
6163
3091
10801
987
4090
2134
3572
12296
10059
4844
4986
2017
1913
1090
6636
9337
10155
11006
5033
4345
5212
2356
11200
2814
9913
538
12442
8372
3748
6456
3496
1598
2906
3929
1531
4993
7999
2457
8333
1139
7419
6894
4684
5569
11891
1268
11375
10700
10818
6765
11285
2144
571
12558
295
3673
5264
314
12065
11144
586
9698
9369
5114
325
7936
1359
3095
12293
2217
10303
1493
10680
162
8963
7176
7052
5406
11988
5411
874
10891
320
9379
11217
4167
744
6631
10615
8139
6169
12435
12559
982
12347
1632
722
2072
10440
786
9944
12734
10868
8785
12827
4724
2226
2554
6810
4604
1989
144
5256
6196
1878
7512
12467
5209
4181
9516
2895
2241
5919
10747
3825
9566
1611
10562
2377
891
8807
4568
8843
9642
3519
407
1558
340
7590
1864
11849
12961
3729
4334
3702
4840
6211
11811
4076
10776
2354
6914
7881
163
4872
4564
11961
9993
6795
1487
6449
8
911
1170
3241
8628
8892
988
1976
8721
5255
7688
8301
11183
7424
8271
4251
11581
9156
7409
12051
1900
1442
12971
9394
2518
4859
5065
4907
10360
8882
1368
3515
7976
2498
4385
10222
6892
11445
917
9625
125
6379
10973
11197
8948
4793
9778
11903
7565
9735
5331
6166
3828
1571
6823
9130
3103
11418
3926
6991
7098
1780
11269
11364
5611
567
2160
10583
12
1194
4089
7267
10958
8693
188
4680
9172
10046
9500
12685
11204
4242
11342
4835
2570
8577
4857
11983
2355
8769
2464
3221
9842
10610
11978
5136
10311
1279
10768
3185
9129
9599
12593
5410
10544
631
1587
334
11674
4883
6763
8580
9178
2410
5848
4338
11366
12097
2743
3576
5704
2551
11516
4936
8188
1528
4220
12792
12035
6610
12834
11296
10330
6055
839
10448
1098
10274
5516
5349
11352
11231
1647
6356
6454
2495
1101
4742
4654
11933
12389
3476
809
939
6638
7761
6529
1216
2056
9088
8773
352
854
3089
8482
6195
306
9095
2532
10991
1671
1277
4432
8505
12056
5368
12445
1337
4771
2368
9882
11479
11095
7674
8396
2634
5454
10429
8060
1545
3698
4326
820
5793
11997
6150
9644
6709
12298
4676
1579
1519
1314
5688
12648
9678
9978
4929
3266
10800
8070
8193
10994
507
2167
2245
4702
10320
5758
5006
885
10502
12171
4608
8381
11771
996
4760
4520
7843
5415
7321
3054
12893
6346
8757
6076
3186
8345
7270
807
640
9219
3634
4882
5360
11371
1133
7095
5537
11954
3493
5398
346
6436
10521
8527
2003
7696
1770
6161
6418
11827
6729
12478
11511
720
9138
1431
5440
2858
2282
4208
6751
4578
5628
10162
8893
7127
6627
12091
10715
6298
5455
45
494
4515
6879
8167
2776
7697
2974
8801
3083
9405
3343
8082
8307
8463
10691
8553
1364
13004
10154
9590
1601
8567
7388
7618
5864
1112
10795
6951
2456
2338
7636
10182
8591
4378
7125
4678
2839
8320
5523
2986
11756
10093
7360
12607
11037
8280
8723
4825
418
12399
10103
5153
2080
9921
9084
8445
1819
2325
9079
2603
863
7652
7117
2353
4450
7534
34
4321
814
5270
1903
11565
7151
7043
1034
4768
3156
4187
2087
2195
8511
9482
10244
4485
5292
6434
3581
7347
2141
6314
942
12610
12104
2653
9839
12836
3189
11764
5959
6059
9119
5918
239
8655
7193
9226
1033
8945
986
12300
10518
7329
5800
8310
3242
4423
7411
2637
2563
8746
4206
10531
2050
6179
5668
12978
1698
589
10199
7870
8099
623
652
12942
6283
4307
7380
6466
3772
10581
2220
11675
2962
9645
12020
915
11040
2481
3733
11385
7433
5463
9049
8779
6693
3807
6617
1655
5576
6816
1037
7886
6209
8063
5422
2082
11065
7675
11657
3972
4475
12883
9530
642
10522
10088
11440
8734
8992
945
10180
10706
9522
2721
8808
9250
8656
9489
7378
6848
2840
5948
11027
1728
10765
3621
198
8017
10002
2850
7583
10172
859
11610
5198
9663
4818
7273
805
1173
9096
6018
8196
512
12440
273
557
9434
683
8986
1378
2202
12452
2205
2623
4834
568
2020
5539
10948
12121
10847
10542
11400
91
5123
1436
6734
2633
1623
555
10261
2585
2150
3292
8451
10332
4565
5836
3248
2709
2834
9682
10507
9212
12804
12495
6002
8823
7404
2720
7857
113
7969
4451
1505
9134
12522
777
1509
1802
5080
10618
4113
11337
12665
3680
3114
702
3508
9048
6708
7745
2093
1556
1950
2566
2876
138
9788
1863
9488
11663
7735
4156
2582
7939
7488
1772
10459
4133
4630
6977
8638
11533
9844
11320
4926
1656
10236
1672
12948
10644
3102
12451
5839
12082
3456
4162
734
6719
6827
9287
1281
7560
6302
8212
5660
10625
3194
10292
271
2875
10317
357
2775
701
1675
12295
3951
3283
9301
10961
11100
2624
9510
3397
8450
2378
3989
9071
10149
3392
3021
417
5068
1459
2359
11662
6958
9374
2186
8731
8106
1360
1686
11215
6228
1808
9589
12408
8824
7309
5682
6717
2117
2651
6121
2994
11716
5489
5951
3684
7175
12142
5317
4034
261
9316
3696
8234
8772
6099
677
6988
8128
6024
5018
6973
11571
1886
6889
5433
5318
6033
7450
4041
10197
9794
9924
10294
419
2865
8374
10825
3692
8644
11600
2777
4388
11947
523
237
10446
6014
1584
2577
2737
4595
2475
1702
9160
9707
2973
4245
9732
10041
9018
2453
6628
8348
6404
6327
9106
12335
3511
9216
9908
9001
2097
1126
5852
15
10903
5556
4821
3699
9410
11299
10254
6279
7531
12679
505
998
11834
8889
2053
1547
4640
5352
1011
2785
6284
8432
7702
797
9174
11444
871
9023
1516
1604
2592
11981
1245
5393
7563
10347
6616
9199
1213
3513
3856
6619
6232
8268
10186
11280
4864
1504
2573
10492
4115
10904
11287
1103
7729
78
2283
4315
11871
11160
9676
5469
2968
5364
1683
4823
12222
6982
9098
5514
2693
6667
1434
10230
5867
10810
9931
4462
3563
9710
2467
7906
5931
4824
619
366
1934
7716
6771
8765
5467
9110
4258
11295
8287
3534
6416
1059
794
918
9458
8526
793
309
10000
3776
1654
11522
5299
10054
3510
8626
2379
741
7570
206
8596
4476
776
6609
1433
3016
10196
3445
8725
10079
9460
11051
626
7566
488
9568
5544
6986
6549
10738
6496
11288
12075
5752
9703
1264
8794
6206
4625
6713
6867
2375
6435
11888
5380
7568
5702
12434
635
10416
826
5010
7942
12289
7045
4289
876
2411
6970
9928
7835
5706
11128
5334
10354
10970
2754
6913
6081
9832
2546
9555
2782
6229
11465
3990
11761
9447
4434
7519
8744
9631
7769
6486
1680
12702
12328
5874
10638
2820
1956
5659
5509
5954
1287
4270
8400
1392
1488
8297
4777
4397
5519
6337
4381
3240
11526
3778
9179
12504
11395
11098
1329
8799
354
2118
11461
7981
1648
2023
4280
5261
8793
1355
1432
11769
5866
8409
6546
3639
2268
12823
4348
4247
1153
1830
2988
10425
12460
11911
10175
7410
8956
4586
504
3814
1879
2706
8195
7989
5591
12840
11414
7105
8125
10048
2323
1415
10876
13009
4287
12819
5138
10401
12769
11958
3549
4441
6510
5315
4359
3997
2658
7679
6165
3628
6723
9697
5160
3079
7762
6128
975
7216
6741
926
10309
7540
6044
6900
8486
1661
4364
1491
9952
9083
9716
7977
4554
7013
3969
160
9523
3569
4784
1659
12712
11840
6020
12898
822
8958
3150
5596
12923
3207
3568
2596
7230
2237
2852
10092
8471
10661
9266
9281
11720
2509
10763
6780
6950
2215
3545
11898
375
12206
11277
10109
12275
5044
1200
7627
7700
9872
8067
1331
3295
2701
3983
7240
9708
10983
4061
7401
11934
8151
11966
10146
6022
10217
8887
5404
12329
11960
11948
5578
195
1373
1377
2556
9900
7698
10080
11609
8039
1004
9310
10792
2090
9381
3349
12404
12101
12108
539
8029
12720
302
54
1030
51
1017
5675
9068
3424
6710
12315
7704
12425
9706
4467
4893
1040
12203
11639
6199
2646
9940
4704
9100
10787
5280
1095
8943
11209
2493
1799
1695
8456
9923
3327
8786
9537
685
9935
4583
9929
4047
11596
6519
2477
8233
9469
3575
1072
8457
713
8897
3740
328
10208
3059
11945
7641
12656
5234
6176
9601
1041
10293
6739
9032
11148
4392
5448
4169
6707
7336
9102
7302
1063
4308
4482
634
981
4639
8437
10334
8760
5501
5988
12205
4367
186
2078
9306
7952
12327
2163
3756
6971
8565
10554
11194
2422
2505
6073
9669
1343
5547
4039
2833
2678
10315
9521
2155
12130
4339
5717
2698
5990
4561
8983
11628
3503
10917
12198
10181
5146
10454
8341
208
7792
8166
6316
1681
8957
12216
12802
6736
1786
5504
8876
9065
7916
1709
1940
4233
2758
2376
10957
1167
10143
13005
11883
10030
1473
7481
7558
3945
9477
6265
5117
8586
9248
12622
5972
4648
5353
7967
10733
5246
2430
9932
4537
394
12037
11706
8183
10576
10673
3306
5417
5233
422
3051
12841
8461
1292
3501
135
7154
7973
12448
3279
1201
4387
3762
3671
9862
5992
5896
5624
9527
10764
4810
11759
12106
11787
10377
10944
5515
12093
10945
1859
2873
3195
9015
8309
2680
1477
3344
11553
5582
1987
11406
6409
7736
4643
9035
12768
6648
5985
3296
11591
11420
8557
3358
6903
6420
3623
11224
9171
12292
2458
5370
8776
2191
10450
6533
2640
8781
11483
844
2295
4988
12513
6774
6205
6108
10927
7198
4353
715
2412
4341
12263
10790
9494
12489
11125
1705
11893
6964
5858
7718
12304
12690
8086
11408
11635
10038
12857
7289
5834
12280
9170
7548
2152
3507
9737
1882
12795
2293
6838
5330
3559
5305
165
10602
5830
9341
6793
9723
11718
6860
11681
5748
9859
3777
1554
3433
4925
6412
11624
12087
12383
12217
10025
12550
3582
9465
1479
8517
11460
5491
5841
4094
9930
711
12756
10981
3309
11124
583
8095
11039
12636
12240
464
2242
3139
514
8458
10037
1426
9712
10460
3416
1407
8519
5877
1449
11531
2922
3291
7752
9087
7166
9528
7263
11859
8285
847
2472
7786
5627
7314
10665
4340
43
6058
1333
3681
115
6625
1350
5312
2506
10601
4789
4660
9408
3002
4380
6856
12259
2957
11881
4769
1136
7905
9293
8242
3278
10424
8953
4422
11643
6016
9987
10808
11879
8989
4228
3892
7785
5703
12529
5713
5354
8208
9414
12107
10919
8834
3587
7303
9507
7242
10386
12524
12664
9046
8548
9915
10867
1283
7891
10248
11284
2975
360
6697
4042
2761
12689
3152
6797
7432
4557
9147
1291
11850
2471
10372
5585
5120
1369
5069
9233
2360
10299
11167
11078
7545
2960
6559
12061
738
5610
7034
10888
2578
9307
9592
2671
6615
2660
7085
4249
5311
6517
11017
266
5147
11746
10016
6494
458
6336
6846
4363
3701
7164
7858
9223
12175
11912
11582
2940
1873
3784
1835
11627
10603
5857
9112
5899
10571
5558
7352
1613
5072
5323
56
9470
5214
11854
10636
4225
1869
12995
2652
2812
8088
8792
1915
10646
941
4904
4161
5643
6878
8639
6960
6495
12164
3301
2429
1605
12527
10312
2079
4077
9901
3298
11705
7612
7254
4935
364
6835
5737
3968
1910
3590
8027
11548
4941
7006
10153
11377
10369
6365
2181
142
6415
5744
11821
12626
5921
10845
7648
757
10314
263
2468
11118
7276
2961
9759
2837
1861
1135
12059
7915
10344
12332
2682
4956
7368
3490
12611
10171
7484
6753
7142
1405
7118
109
8991
12810
817
8436
551
4613
220
3655
2929
6720
8090
12738
1860
10965
7926
1322
12779
1147
10266
12465
3430
11446
7298
9368
89
9598
750
5534
6606
8825
4259
2993
8758
6277
7841
3109
8223
10853
3780
9222
8397
3026
5791
11980
1831
3362
2690
7766
3450
1569
8500
12821
1319
4203
12968
6861
6116
6475
6339
9421
12431
12269
12511
7795
8468
3211
10859
11049
4460
3668
3134
3222
7809
5672
11232
3335
10070
5594
12594
10568
9455
3130
11699
11785
11030
7810
4612
12732
5107
10443
12874
11141
11812
12446
12688
307
2746
10120
6634
6692
2854
6754
2083
6042
1022
10850
9066
12906
12868
7856
7523
10592
11690
6689
2476
5429
4880
3097
12674
3015
3236
8424
6201
75
2386
182
8857
3105
11900
8635
9284
6447
11007
5308
5764
12118
254
11250
3328
10192
8507
667
3540
427
8630
4433
1511
2567
6534
3687
9549
4221
4236
12925
11086
2406
7489
8129
12428
4666
4499
11202
11957
9994
3881
12770
12136
10381
9806
1522
2081
2153
9057
10828
7130
6139
4808
12635
5966
8120
11613
11022
4708
4580
712
6386
3941
4128
7078
7723
7350
12050
4598
6191
4068
7793
11074
10229
3373
9881
2091
5103
4846
315
11278
12708
2602
1440
10126
8388
10011
1386
10968
5925
10376
1523
4992
7473
7847
8038
11763
4410
10215
2004
8253
11713
7806
2738
9715
12379
2753
10597
10117
2340
9751
5056
3831
6842
4940
2918
716
2180
4305
7584
4697
12785
8901
6728
6853
10594
11061
8014
4108
2035
1358
8582
6259
10775
1474
5815
3155
8701
440
12010
3237
5456
8784
10431
1289
2767
5162
12214
7844
7789
7647
12137
4002
6185
4006
4799
12649
12273
9657
4237
9719
10820
12798
2950
7853
6980
7537
10771
3896
4870
3863
3461
11281
791
6515
11708
8308
5466
6590
7826
11620
860
11018
5003
6949
9335
7658
10365
10692
7022
6065
12639
1567
123
2822
2825
3632
10112
8749
10134
11833
3661
5272
7667
12864
7024
12666
1920
12844
7609
1633
1710
3429
5085
207
7529
10614
5088
10898
4465
5809
5779
12356
3953
1031
4139
3544
4487
7979
4707
10227
6896
4299
6493
6443
1946
8597
6776
11603
6075
9495
2740
10526
3987
7445
4285
7933
7984
1154
12279
3184
2639
11709
12974
7525
2801
3128
12312
7304
1042
8550
3949
11223
2216
413
5552
6906
11481
1054
447
8682
1454
6994
6040
6484
8538
2935
10206
7048
4576
3882
8190
5295
8907
9472
7476
4858
5055
11126
5571
1938
7149
7576
8584
3293
4860
8313
4271
9514
7805
8987
5284
9614
11991
11810
4506
4328
1152
6506
10781
11768
6398
6851
2199
11896
3626
12548
1751
7535
2320
11767
10566
7165
6468
4970
2809
11689
2333
7500
8252
7990
5391
8145
10803
42
7218
5252
12501
4657
7023
4725
1125
7961
12552
12825
6157
7626
9515
4685
11541
10793
4119
12987
10990
11818
7914
4275
411
3530
1719
5238
3226
11728
5496
11064
6779
10184
8761
12244
11653
7613
7480
3859
2110
4427
11341
8227
7440
5206
4279
3276
6097
6262
12713
520
5487
11906
12092
967
2171
12744
7620
4043
7930
12395
11701
7497
4026
5169
4107
1603
4435
6990
6829
3181
7978
124
1576
3716
5798
6362
2530
6952
2450
10563
8647
12604
9890
1241
10451
7796
9325
10856
718
11940
10481
8246
10979
3320
1228
8325
9264
4224
3750
3124
12251
8934
6263
795
765
2066
11035
1514
2221
313
9724
10943
6480
1774
12158
5267
6257
12133
1036
6152
7467
8488
5638
7436
11504
706
8419
7472
2514
12123
7069
8408
7177
7807
7325
8079
6499
819
3832
5804
8719
12184
1362
12526
7869
12557
1877
10819
7734
3022
11576
1023
2625
3536
1178
8812
7135
9388
3946
8394
2130
2616
3227
9675
4767
11016
11009
12917
11794
4053
5201
6806
8706
6747
2028
4244
52
2387
7564
6664
4226
2667
10177
6661
4015
7128
11788
12110
10095
7209
8205
5029
11535
4975
3839
4193
7691
3919
11407
9990
7552
2299
7268
1304
11430
3003
7161
7174
7741
12286
3471
12711
6603
12811
7611
3321
4235
5388
3338
8504
7470
8900
10237
9214
11514
10491
4544
4866
291
8435
5500
7629
7064
4215
11670
4473
8895
6223
8718
9176
7913
10097
7963
6167
11512
3854
9376
662
4556
5934
8174
12817
6246
12733
367
7897
4634
9061
4811
12561
11334
10746
7251
13007
5673
3127
10572
6422
9777
9352
2587
5510
1714
10496
12603
4755
11823
898
12680
4430
5914
4716
3475
3821
1195
5149
1832
5506
7666
3094
2934
4031
4425
4652
9315
9734
1583
11490
10268
8427
5060
11244
6895
491
12990
6374
12760
1365
7836
2403
12778
5470
11214
9950
12436
4738
6698
2322
10751
11117
5091
9509
10062
234
4304
2751
12195
332
10789
5276
10504
11625
275
3205
5797
10004
9151
8197
5493
3238
7066
12256
4845
1735
3494
9943
10552
2324
12141
1998
11046
553
12625
3252
3964
7903
7108
11807
9443
5580
5110
9742
6160
3281
524
7518
4265
8809
6966
11441
9709
12326
6676
4944
3084
7002
12148
11434
6306
7494
10493
12239
8629
9586
252
5108
6633
9831
8696
1430
4375
6655
6335
1393
2002
6646
11806
836
5070
6788
12011
4011
5977
8362
4148
9444
6477
6126
535
5023
7846
9024
5490
7028
7065
8837
6626
6550
8846
5447
6082
9258
12623
5531
3695
861
3099
10830
4809
7047
9857
2657
2548
2298
3465
9702
2727
12633
2628
6032
5116
7020
8062
10872
7076
752
12052
632
473
1933
2788
10322
7337
4036
6487
12067
8184
8263
3531
665
4682
529
10777
10641
10705
9309
5195
8787
11677
5998
6474
3372
3480
5289
1682
12991
513
8752
11282
10219
11319
12696
10640
6213
10012
9587
9365
9733
11652
6274
3815
2956
4764
5344
6174
6189
10809
10201
9423
920
10684
7395
1347
5397
10716
10249
7783
8974
11421
11703
3594
238
12814
5502
9437
2564
9025
7374
3585
11361
3792
4213
9942
10905
6557
9425
8098
6920
2645
1965
8863
1535
9466
6009
8599
2764
2321
1336
7232
10290
8869
6057
1741
8748
6343
9186
9029
83
3993
9854
7819
264
8563
11621
499
235
1513
1980
12570
11485
6911
10453
3693
5395
4757
10352
890
4144
4022
4398
8933
8919
10300
4987
11
5285
936
452
11159
617
9367
10395
995
12590
6134
7799
4884
5053
6251
2539
530
12612
9725
6427
6332
1247
5662
9194
245
11801
11558
743
4273
2883
2982
4838
8618
1073
12542
1341
12946
8683
11328
1214
4070
1375
3725
8598
1521
4939
175
1640
1174
10363
4701
4384
9753
10183
1739
4529
7753
5431
2012
7162
9687
8613
6001
2388
1351
2648
4197
11187
10262
1469
5751
6832
8302
4693
3984
8149
6156
12268
11749
5886
1512
3579
3115
8849
3413
11913
5897
11686
6317
486
5733
10938
7288
3270
6555
6463
57
8954
11935
4982
12080
1577
12899
7781
2316
2886
8110
11325
3192
3239
8929
5128
668
9650
12199
10142
6766
6377
11612
11755
2728
549
7710
2695
11992
11330
4454
12954
3935
168
3063
11492
7348
10675
3843
2598
12283
1118
10822
3691
7686
8319
9305
7299
0
10535
6106
3976
406
337
1266
9228
9363
453
8045
11494
4145
9953
12202
7536
9856
8391
11887
11835
8716
4185
6062
9161
6839
5054
12571
7861
4327
2714
10310
4600
8363
11711
10003
959
10941
9646
4286
4154
1489
8020
12258
3824
3751
4607
1908
4731
3638
10482
12453
6105
10612
2124
2810
2770
8906
3754
1013
1621
7392
1532
8830
9014
10885
7102
4198
5449
7993
2331
6640
973
12515
11680
11692
6124
11381
12984
11077
5077
9060
10728
11623
8770
9557
3067
11998
6237
7865
11291
3707
5629
2500
4443
1951
10123
1641
6008
9268
7657
7474
9674
5385
9150
1468
7873
1552
6916
1
2882
10814
2096
9499
12889
10075
5873
11647
11707
12709
12858
166
2227
528
1064
9812
8328
12673
170
8375
7293
7524
172
11272
3398
11546
174
7007
3785
913
10409
11820
4085
12103
12724
9796
3157
11404
3173
11305
6540
11990
5326
5640
8244
1501
5180
10915
3665
12309
6236
1334
4915
10709
3311
10824
1078
5167
12753
5282
10033
9511
5859
5303
9428
8240
1463
3146
2315
2432
12411
4075
10619
11882
10258
50
5399
8835
12743
9273
8665
12201
12122
9597
81
4977
4293
11932
11283
1267
1692
6072
11735
6997
10202
2726
2352
4016
4421
1015
11503
7499
5849
10780
8194
3244
2998
10052
5588
8574
8405
5707
6820
1810
11754
796
6467
9411
3560
10962
2887
9189
8636
11532
7027
1109
1346
9996
9878
63
1425
8778
5711
10682
10220
10988
6784
10418
9525
2781
1400
10455
1725
653
688
2611
4599
9971
9386
3599
3947
1541
2287
6811
8884
11543
12064
6852
10662
11119
8264
5316
10658
4774
5461
562
1104
8421
5661
4843
4997
6098
5243
8032
8025
914
8871
2030
7005
1105
3420
3129
10195
4794
9579
7490
5871
127
4979
3555
3352
3840
3374
414
3965
7188
2123
11254
12274
4527
8245
6010
7549
4239
6934
11135
12039
2808
12034
5956
4311
11359
7377
12469
9277
9463
8051
10407
506
1508
4973
1272
7342
4869
679
6575
10978
8340
3758
7287
10892
8211
12015
3605
2841
9962
1158
2303
8798
9230
194
2655
9633
11688
6825
9158
5094
5498
1657
1812
12271
2538
8732
3468
12843
12068
4288
3495
8670
11795
8327
7038
10019
11271
12541
12159
2569
10869
8359
8255
3268
8722
8518
11044
3869
8601
5633
12788
12763
3635
9886
6905
12892
10339
6919
11641
2187
2826
7746
2944
6063
12838
9491
5427
3570
842
3820
11238
5083
9037
11120
11927
3284
3505
459
8614
7654
8015
11248
515
8259
6680
9435
10340
8528
3119
1607
3449
5179
2137
10995
2396
8703
5560
7197
4867
300
5430
3674
1945
11877
11235
3924
4013
10627
8864
5777
1979
4486
3667
8513
1182
7533
6109
6987
10739
12450
4252
10189
9833
1061
8994
67
10400
7726
12932
8150
1566
8566
6030
243
1248
4694
11622
11020
5689
10257
1379
9535
4729
10379
6325
10679
5520
6959
9686
130
3210
1943
3363
5807
3282
7153
1875
10678
3380
12918
8888
3925
12341
8164
2971
1298
55
4673
12881
2399
7591
6289
11436
11088
3409
5174
2860
9714
8059
8006
2494
12551
1575
10613
5554
12313
12512
12966
1701
3931
6225
704
2519
1931
1278
868
10865
3553
12036
12783
7196
9639
9941
6764
5423
12427
8525
11651
10541
12153
10357
11145
5277
2607
7465
12482
866
4740
2203
4614
490
9416
4917
297
5856
12828
1530
8455
10743
5904
1752
1326
9321
12314
4049
1252
1001
6671
953
12422
1842
3649
2165
5938
1788
554
9127
318
12147
10894
3272
4087
9609
12585
11843
382
9705
11922
8730
8653
11800
7604
7727
10565
6385
2836
7632
11892
1010
4182
9164
4067
274
3056
9624
9848
1784
12073
958
8440
11256
11116
11938
5525
9236
183
4333
6208
6153
10985
4466
6813
10345
4146
7091
281
884
10710
9167
8398
10486
8311
6818
6144
12777
9769
10313
2816
599
5890
12654
4739
11449
9132
6003
11340
8485
1699
12761
4243
1624
2618
2116
7586
362
4406
2729
10992
6750
3713
2073
4409
4971
10397
12624
10653
3966
7614
3597
2656
6522
4216
4459
2823
10977
12554
12270
6755
7812
8010
3749
7121
7479
7681
10188
4065
881
11534
9420
4873
9012
215
10617
12391
12805
5766
6598
322
3096
5902
11029
9851
9319
5997
1069
6612
12750
5799
9474
4505
1962
1961
3113
6992
7498
1811
10989
8352
438
5887
6812
3548
10447
12144
11629
10604
3078
1967
4635
1726
7555
7595
9412
4492
5414
5207
7684
8339
5026
8982
4744
11457
9121
3574
6050
10910
4616
3168
7101
9966
10851
9787
645
1507
9545
6329
8713
8745
1985
1256
3393
12100
687
3912
7610
12053
3269
7221
7577
6381
4045
12380
12563
5789
6175
8698
6089
10106
10074
10807
4347
7211
323
4100
7496
1983
9148
10228
1618
13002
2898
1288
9213
9387
12234
6485
5141
5513
12934
12503
7206
3554
4051
71
2681
893
5152
1798
12848
2313
4863
11721
6942
763
1706
6956
3253
1685
5348
8322
8334
8026
12180
5332
8609
11572
10405
2210
9904
5242
7515
9588
3454
6976
1922
960
7202
10984
2327
3394
2115
6217
7517
12839
6354
9128
9175
145
7798
4358
3715
8119
12650
8976
739
8321
12032
7594
1555
3543
2771
10855
10005
10901
10141
11665
11090
9685
3072
3656
6410
9496
350
2905
5746
5324
4261
469
8681
9418
3954
4264
10949
6300
10179
3137
9738
11618
6545
10114
3224
9225
6088
7608
12986
7448
9419
10539
5999
8924
1801
5648
2902
6862
12488
4442
6222
8238
922
10089
2135
1357
11796
12325
6654
11108
8545
1932
12470
12509
2675
2768
6871
4142
4617
4336
5587
1693
5
964
1127
12687
1207
6064
955
7605
3390
7413
5763
1871
4110
11789
12562
11154
6569
13010
10674
3652
8576
12967
2016
9111
9749
12697
4102
10823
8952
11357
2748
5230
7561
12115
7974
8767
8661
9452
6130
1423
6890
12362
2561
8726
5028
7426
10006
4484
8220
4246
9210
12346
9998
4705
12993
7880
9634
5620
3759
2774
11805
4083
2964
2608
1282
3004
6762
1783
4306
12014
11318
10560
9847
2488
4905
1926
12157
1452
3877
12586
9560
7408
8777
4535
2394
6271
8993
6060
3522
11726
10914
5573
10073
1628
5780
9835
2198
12716
12246
770
7980
9873
3427
7248
9040
141
9272
6025
6502
5819
324
6601
8420
10930
7719
10559
7387
11602
12083
6328
7670
9209
82
8411
9082
12826
479
5923
11826
3366
9608
10755
867
3950
5222
12255
1568
9957
1534
3125
9430
6465
12553
12303
1803
11734
5087
3381
5683
12236
4190
3350
11314
3836
699
12659
5192
6368
5901
11946
5121
11351
8998
3123
9395
9117
649
6054
10393
8266
5564
9799
282
6394
9336
3535
12651
11547
9544
6898
7780
749
10609
9984
11556
8917
10087
11847
8568
9696
2015
3898
5301
12589
12420
10890
8932
5691
5876
10511
8750
9553
3033
9282
9785
11132
6791
2992
12566
7237
3957
813
4073
6939
11828
8141
4877
9036
5336
5968
10629
10110
191
5182
11275
11920
2043
9362
9613
4665
8487
11760
11290
404
3904
1712
187
1529
9927
4174
1324
8353
7507
2420
3775
11650
7650
6181
6876
8393
12775
4552
8202
12215
870
3660
6015
9958
2891
8452
12174
8490
1353
9960
4376
395
3208
10024
8841
11555
6437
11267
9948
9404
5089
4577
7868
11687
197
7840
5482
10745
12872
3797
8803
9539
10650
5755
11360
420
3389
4112
10366
6798
11469
12307
11289
10272
3724
446
3169
3161
3030
2529
8317
5782
10232
2026
1937
4623
4781
1122
40
12074
6854
11655
6482
5708
7310
12731
7269
6084
7141
12803
9727
6712
2641
9793
10584
2522
5521
9274
5646
11482
952
10391
11939
5601
4186
9326
5291
4999
3304
4783
10591
7672
18
10157
1472
4661
11252
10270
3971
12766
10508
9850
1220
4831
256
6571
1948
638
8928
10929
2612
9623
6643
5419
608
5224
3978
12218
11574
8622
11442
11848
5880
11362
9800
10827
6672
3104
12739
2423
4747
10586
8587
12833
11579
3223
12901
6623
629
2516
2847
482
11996
11732
10421
9101
7291
9072
1814
11781
7811
8874
5392
573
10467
8358
11570
4806
11207
4899
1894
7639
11380
11666
11825
467
11166
2821
6334
2739
3406
8789
10259
3368
11518
1857
5865
6143
7143
2783
9177
4918
594
12956
3640
12343
6393
8663
2772
7406
9260
9505
5894
3404
10634
2955
12466
2149
7113
8724
1161
12549
4297
5394
3308
8076
12935
8288
3745
12517
4088
7503
184
8815
6303
10536
829
9532
7275
6309
11989
7478
1517
10010
11059
4086
196
3048
2724
5296
7225
6884
4296
5555
9008
7966
3717
7414
1921
10135
12507
1658
12926
4946
2917
11193
11105
2164
4141
8136
4105
7050
10233
3407
10392
5637
5376
1258
8296
10342
3734
1918
9254
8104
8477
6653
11908
3610
12021
5338
563
229
11968
4800
7860
4642
6291
8239
1221
9977
11092
11242
8704
12178
4202
9185
12187
3633
1189
9332
4812
1155
3302
3682
1403
11599
6402
8492
6320
4150
122
8028
2069
7787
4609
10277
11140
2169
12267
9580
2668
10969
12989
1652
7026
6285
9011
7562
8571
9314
4887
723
8872
5389
12765
2070
4516
10574
1696
12170
11327
5319
5027
2054
8514
11175
4596
9538
11730
5710
11274
2867
2630
1639
4795
9823
9620
8258
268
1276
5208
10444
2503
7247
1890
7580
5339
11063
7361
4920
7606
4494
9133
6471
968
7737
7830
1794
6874
9951
5692
9493
10717
5565
470
5043
1553
4651
8249
7219
4856
2041
4134
10931
4138
2439
3460
708
1676
3902
1781
9825
5189
4309
4692
4788
12871
5614
6930
1747
48
1731
10291
4
3781
10900
10457
12162
7147
1344
12060
3234
12728
7456
8542
12226
8112
2952
1999
2890
9946
7319
5063
6577
7044
2938
10148
896
3592
7315
6351
10412
2143
6865
6624
6579
7744
9916
3625
7912
11710
12388
4955
2540
7682
7779
5151
2896
5008
10438
1303
9972
9655
6885
11472
3766
10798
9342
5983
5157
12502
12545
5333
5747
10848
3867
8481
11476
5885
8073
5432
10533
11742
421
5483
8474
9251
3923
5649
12231
2550
3870
3550
12645
2619
4343
9114
5511
12820
2317
2900
11146
3191
4948
10817
8318
7904
12392
4028
592
10422
3310
1399
3609
7625
721
321
6481
10485
8179
6743
1339
1211
4056
8532
294
5024
9578
9154
7114
7676
3936
2296
6684
12345
10020
9937
5473
8217
12333
1687
200
3658
990
3077
12233
7820
9906
837
2609
5812
118
1917
4055
1736
9099
792
10098
5164
2610
11776
2234
6442
10906
9651
8230
4231
190
11780
12402
7281
5002
7313
1844
9985
1027
11459
12780
388
10113
5670
10936
3058
823
1557
12072
5350
6155
9918
5984
12183
6193
12525
857
12940
3172
527
2942
4983
8370
1968
12964
1500
2804
10623
1311
5872
12514
36
5666
10933
11520
3474
7845
12921
7487
4080
1165
139
7715
10267
12243
3218
7634
11122
3942
1481
3261
7706
8365
1447
397
5462
1045
11417
2065
4255
5991
7403
12860
11845
6441
9007
5949
9265
9462
10231
4472
7918
11097
6687
2113
3138
7290
8254
12028
848
10947
10211
4778
2307
12832
7042
3263
8959
5743
12537
330
11901
2515
3672
8623
12415
509
12538
4176
8762
4337
8048
10174
11137
9426
9259
8170
2717
3752
3774
7250
8796
11878
7100
556
3235
5210
3878
3834
510
6869
5832
1597
12429
12894
10015
7261
3705
11937
4135
12952
5405
6629
6226
8101
11365
12627
4594
8946
3355
6093
1630
1800
121
10243
12835
8850
1411
305
9208
2939
11588
3837
8602
8103
1984
5479
7655
6711
8479
4950
10250
5958
9672
12177
10852
1773
1233
7863
9573
9328
11237
7394
5416
6526
12354
10368
6012
5175
6004
8442
4303
6503
766
8157
11685
6154
4010
1455
2300
4131
5741
2095
6056
8904
2185
12188
9867
11838
9280
5105
10298
1446
468
9911
7758
12390
10928
3975
3249
788
4481
3771
12403
12569
11562
1669
114
5005
457
10596
7824
13000
2930
12173
6679
3606
3500
5975
12546
9157
11419
5557
6355
9659
2892
4853
11536
12598
621
12547
9518
3028
1690
5275
3154
10437
8829
1703
7690
1626
2662
1838
6872
12605
5750
3744
5602
4579
10632
10950
3275
790
5947
5453
10873
11607
478
2224
7505
10480
6814
12322
11510
9638
12646
9869
5345
5609
12992
12261
5868
11165
7638
6580
12999
11219
5650
6888
8367
2736
7088
10558
1462
5621
5853
5369
11484
12698
12357
12890
7434
8414
3165
8774
12726
1936
10353
7366
7890
11239
8981
11542
8951
8171
11003
1718
9668
6998
4573
7351
7229
343
1223
4980
3901
7415
9975
8379
9097
9898
461
3041
10688
10835
6551
10543
4361
6079
11103
11928
6659
1734
10387
1383
10986
11929
12902
11488
12078
9909
2112
5507
9767
10338
12520
2869
9802
1973
11367
6170
1564
12499
7642
8768
6740
365
7504
4415
1638
2397
11491
7501
11156
9740
8160
6520
5944
7683
907
12873
10417
9344
11523
10027
12150
6472
248
5953
3325
5745
12706
7305
12908
4943
11513
4603
4550
11004
7416
8572
4240
12815
2862
5851
5714
835
11819
5042
7932
5687
4025
9312
1039
5976
5036
8173
1131
390
3525
8057
1076
8178
6537
7491
12764
8491
5616
2129
7205
387
12818
7322
7213
399
7668
7623
3034
492
3164
11216
3663
5127
4841
1775
10404
2111
2404
6902
11486
1981
1594
11343
11067
8592
5286
8300
6735
11515
6240
12950
1713
6660
3371
4514
1007
7551
6915
8967
4468
199
4691
10786
2705
1261
287
1972
7790
4030
12661
12855
8925
2583
10452
8275
3938
5171
9860
1275
601
1737
1644
2100
12653
10465
883
2415
5340
11694
1445
9438
5636
12907
5176
2851
1602
4720
1381
12885
8368
1206
8886
8030
12029
11259
5390
2757
386
1582
1988
9938
1466
4253
11234
11926
2197
6500
6113
401
7139
7944
8611
9195
6651
3074
433
4735
3805
9409
8484
12339
4166
9600
2108
3529
7145
7116
7039
6370
11741
11313
4696
8215
1746
1848
73
2689
3872
5403
2067
4706
9116
7055
5776
5387
11387
8446
3435
3643
8191
1296
10553
2507
5681
10105
11346
1302
2156
4785
8105
6969
10779
5181
3423
4786
2597
11605
7637
6115
3514
3448
5559
11924
2105
2037
329
9115
6995
11033
8556
8422
2745
2158
8662
372
10066
11401
7958
2976
2747
10388
9907
11263
8036
6450
12437
10879
3359
10028
2182
6051
697
1290
1145
3250
3958
8441
8916
1235
283
8937
4850
9611
2125
8949
2797
3071
7363
10783
450
12681
1596
5155
5258
6264
12736
12355
2866
12829
6107
2723
10017
5838
5778
301
1578
1845
7550
11626
9820
2036
6220
7743
3841
10805
3144
2233
5325
1137
6782
1637
8331
7158
5604
6280
3873
3024
9980
7593
10887
838
774
12129
12600
12350
12943
7546
12556
521
4508
4057
1942
9790
2229
4035
2990
7451
11336
732
7398
7200
3402
10406
5464
10160
2909
9517
7662
13008
12904
9648
12143
806
9361
8508
10607
6353
226
3334
7169
35
9561
8286
6038
1418
1982
10364
10967
10862
12822
1930
2967
1817
10371
8707
60
12424
2006
5647
2848
8084
3361
4548
5995
7294
4746
3928
7008
2780
8868
85
12866
11386
10714
11151
10223
10555
3524
7312
9327
1390
11021
8842
9123
1218
8997
1284
2647
3615
3853
7945
6243
3443
7080
4095
3001
9919
161
1929
11302
5457
3801
550
3106
47
9235
9618
405
6682
5806
6326
6657
10035
5939
1717
11180
2688
4079
6376
5446
11309
393
159
7851
1132
11428
2919
1673
3730
9762
4546
1642
5439
4184
10519
5792
5400
44
8855
11028
7227
485
11075
12980
11590
1412
9526
12965
8692
5607
4291
12179
8852
5771
4074
6724
212
2686
1121
10569
12070
2874
9144
12124
3618
4153
8751
2795
6122
8961
12149
12671
5465
1274
824
4528
3488
4420
11171
7021
3888
5905
7464
6162
11953
7724
1184
5237
9888
10753
4895
12079
12281
12455
4966
4815
8727
9524
7982
4878
8811
686
5093
12025
5676
8569
7923
11025
6635
4012
10456
831
8058
5911
4732
6278
9366
5884
11638
12471
222
12678
4390
11057
12949
9137
9647
6678
5159
3080
6979
7271
12319
5545
832
1052
11496
11727
7747
3247
1927
3789
4790
6052
11447
88
10671
12421
10124
887
10225
5486
3042
6103
3512
4127
1382
12891
602
9997
4256
6726
929
8669
12846
9914
12417
4448
8209
5145
9961
2897
7384
8634
2034
8049
5441
2045
6983
7615
257
11195
3062
6478
204
476
10086
3010
11260
2590
9104
5794
1975
379
2716
12192
2704
6777
7815
11995
5679
12886
591
11915
8913
1893
12409
12299
3299
9255
5574
2849
10083
8466
8024
9436
9821
8651
4268
3414
9086
3412
2881
1262
4149
7829
8162
7578
8641
8738
6940
2401
5184
3256
3959
12703
9552
2730
651
10528
1082
12022
12540
5656
155
4563
12849
11206
8865
5468
7094
12095
4294
3679
7633
11168
2842
1892
5572
8955
2958
2765
11081
8163
7928
703
1179
2800
8261
12669
5526
3013
3353
6252
8315
3336
11519
6110
6844
10773
3982
12577
10940
8273
3009
3893
5528
9191
9595
6330
6430
8383
8546
12797
12580
12983
2408
4219
7112
9540
4412
5367
8433
6933
10226
8633
9680
5546
448
236
5941
6349
7876
12126
7087
5265
7730
862
6808
8859
12396
4730
6184
11691
4553
7462
11356
9446
10100
3833
9653
110
7877
7938
11170
12063
12151
7090
3664
9899
3151
7949
8645
821
6947
4033
5879
6501
6658
2568
7701
1520
12397
5030
3017
1159
6608
3081
8912
3521
7816
3588
4277
1026
8329
4587
27
10831
355
5788
8926
7199
8875
6901
3977
8739
1497
3842
5111
10218
8142
1448
3727
4117
4541
7968
1707
9605
7572
6491
7189
10256
7190
1391
9982
12707
5436
8499
4436
5293
10534
980
6877
543
3401
1424
11087
6421
12638
7699
6188
7399
480
4772
7155
9045
12432
1231
8856
8293
1581
6716
5019
84
3045
5278
11844
3180
3851
439
7893
8056
737
12675
650
10735
666
11383
4046
2762
7245
6981
1032
7357
4408
10382
3136
4201
11775
10761
5342
1765
3315
6587
11791
1325
3400
4650
4518
674
9677
3341
2409
3603
11758
3452
9936
9384
5366
7709
2332
12026
10288
7056
5435
2923
10439
9693
8154
4064
2700
10413
344
209
9215
86
5808
9768
12387
3187
2407
12112
69
4947
1997
1016
6373
10796
430
783
11773
1138
8822
6492
8115
12359
10503
2575
11873
9317
2211
1612
5047
6333
5712
9792
6935
6378
8891
4019
12951
8231
8782
532
1694
2019
77
7072
10302
1636
9548
10432
9743
9089
6775
2595
12859
9662
5106
11521
4779
12998
111
8117
7093
10687
9992
5452
2289
6789
10034
3415
7349
10772
4549
4501
1824
2013
2444
3852
8650
10474
7879
5981
8355
4721
6281
1722
11456
3875
3551
8677
6695
4519
4567
11426
5725
3014
5442
2525
8168
3847
12454
7804
5460
7454
9874
10939
1727
9322
12632
4116
3765
8470
4585
4829
10721
12336
7453
12462
10993
9700
4638
10428
3179
280
11637
4663
4372
6508
3688
7756
5844
943
10269
7369
3960
5551
3257
9016
5727
3385
1028
9324
8460
5530
12490
12085
3314
10698
6696
10461
3348
6761
8480
7168
1631
373
10657
5699
3763
6411
102
6630
9330
3068
8708
4453
7150
3871
3364
10224
178
3937
736
8885
4847
10131
33
4179
1674
7767
886
12684
12977
7832
8671
8250
3857
11251
8649
6665
6647
5787
6248
5971
339
8243
11495
310
2058
377
2796
3666
4130
7587
7099
600
2193
3961
7051
10952
2031
9013
9988
3360
976
10433
12264
12816
8694
10479
185
8159
3719
12519
11393
5109
5982
9227
10122
1312
8833
6833
9184
10880
5217
4058
11762
1608
1285
9983
3478
4995
5239
3537
4332
5142
2586
10263
7137
12252
11190
12382
7296
11149
11797
12506
1340
8780
5709
11026
6621
9461
7212
7192
7571
4912
8281
2312
7708
9211
7986
1544
6053
7375
107
3038
9080
1005
4346
12189
4733
3432
11841
545
1092
4669
10449
9547
12568
5287
7157
1134
5698
10252
4891
7653
6318
8581
4876
5199
11615
7603
10116
7996
7346
709
1947
7272
8615
5158
7012
3133
92
2395
3573
590
1435
11967
6068
6514
11725
675
9891
1499
5373
4204
5756
8423
5420
11774
9636
680
1889
9091
5781
3379
10643
6078
969
6785
11813
10476
3483
3602
10676
643
3788
5878
8817
6087
5445
2517
756
5134
2541
10458
7311
217
12700
9427
3654
1966
6688
2384
740
3782
8061
3286
8700
10190
11228
4526
3517
9033
8551
11550
8323
10
12114
2766
5846
8667
11525
8122
8177
12914
5996
1079
5476
3230
3644
3735
5343
5642
2663
5570
12049
12641
7077
4320
3742
3970
4933
4312
385
2196
2385
8241
1959
8071
3608
6432
7763
12915
1969
10331
6288
10168
7173
7111
8575
3463
46
1087
7381
7713
1202
2446
6783
2584
9502
9819
9556
10672
5631
117
11587
8434
12290
164
12809
10209
6396
954
8903
3337
11068
2086
12969
1227
11723
12523
6887
10435
8832
11423
4029
11372
5058
11943
3829
369
9691
1827
5200
12456
1565
11102
7317
12305
2685
3317
6034
3614
4175
8123
2712
7057
6048
7506
4681
11936
4290
9879
10487
3431
11528
9554
7040
3598
11454
6600
4272
5196
6338
681
2039
12493
9945
8066
11905
12245
1896
5529
6666
1764
10051
4152
3347
6371
8369
7509
12262
5658
3481
11970
5855
6800
10398
10696
10318
2011
10281
4894
2694
11611
9468
1834
2697
12069
644
8200
6007
12758
5889
1625
2102
2470
3330
3578
3532
12241
1188
1397
7324
10713
210
12543
8116
4624
1668
1086
2336
6207
8705
147
536
6881
10858
3354
3646
3098
5937
9240
5383
10514
1723
2288
9861
1978
12132
2571
11273
4879
5772
7660
8279
8140
6159
7475
6925
6875
6929
10350
2007
2413
1055
9166
5721
3037
8810
3539
4316
1335
710
7331
9765
2148
10874
158
9780
6221
9278
11222
1002
727
4801
5488
3183
12185
5695
2803
12567
10337
8968
1771
575
2600
12578
8364
10007
149
4092
10697
9118
2271
7249
10271
2504
3289
5805
12131
11594
10608
4890
6497
6142
8335
2381
9551
3586
14
11150
8111
11497
10719
9351
11664
4342
10152
7178
6146
4976
4122
8867
2880
2802
3405
2372
7017
12729
10616
12077
11363
4313
3303
1301
5653
7855
7068
1203
9991
12919
4530
5738
5630
10708
9569
4114
7316
10308
483
10158
2828
2742
4820
1318
8820
9887
5665
9120
12334
2330
4749
5816
8146
11861
5566
2218
11868
5219
1518
10883
1476
11584
1197
11696
6794
2829
5674
4775
311
1971
338
1404
12565
6639
11640
7019
10049
5583
3440
8947
7622
11595
3246
2433
3174
8248
11658
5686
9043
5358
6746
12614
2485
9492
24
1354
104
6
1058
6005
11858
156
9190
4479
616
4173
6341
8265
4355
10328
12190
497
11704
3868
37
304
11566
6768
6618
2383
2479
8213
11870
9689
782
12771
933
3333
2212
9197
7910
12722
9292
5760
9979
7358
4391
7725
947
327
3557
3659
517
6828
12658
6133
8699
1198
10538
8493
9308
1019
2650
2279
7902
647
6721
7252
5119
4214
5773
12723
3996
12081
9667
4502
3066
9346
2963
7651
999
8376
9969
11270
6091
8619
8031
2278
3453
6340
767
6826
4405
6028
9389
7423
3787
1025
5247
3005
3346
5066
2223
4664
3565
8583
10355
11876
1689
3214
11740
5372
9244
9207
10008
3426
11350
8627
1992
11554
3636
6733
7689
9695
11899
9976
5328
742
4217
3600
3617
6923
1550
7041
5052
11101
1269
2524
10677
6886
12209
6996
12090
10742
6819
11537
8161
12398
1600
5038
2140
1300
5736
1977
9485
9512
9679
10178
8158
12044
9050
8788
1527
4017
4069
595
2756
3694
10826
3307
8950
1919
4590
9905
1330
2654
7122
5357
12668
3887
3624
7035
9603
7133
8473
9145
3254
3963
6446
11842
9926
11538
3974
12588
3422
816
4960
6863
12046
12109
1413
12265
12845
9808
3630
1787
6258
3677
6350
6375
7004
1589
11038
7929
10276
7814
11744
5177
7602
11852
12316
4066
376
12686
4826
10165
6364
2613
8821
2084
6731
6702
3107
10402
8923
2763
10659
11792
10647
4645
12922
2534
8109
3050
8465
8666
3170
2154
10578
445
11324
3981
59
4413
7920
2558
10683
1790
10306
2008
4284
12912
9739
4276
1629
10626
3439
12117
1490
2913
12842
9139
64
2089
3706
7306
3277
11112
1080
1715
1700
2309
12378
9232
11358
316
1963
10843
2885
3419
9729
11714
5863
5016
2177
7921
1070
1320
2491
8206
4674
7297
4686
4377
1208
11949
9243
10736
7680
3070
4827
1117
8896
11437
5623
1924
4254
11205
6151
32
6256
6315
5742
9754
9350
12647
5329
7510
7030
10545
1697
6117
7110
1342
6953
415
8094
3616
1856
416
12877
2109
3200
10260
12031
3800
21
11593
4419
8135
10156
3073
9153
10980
1239
9027
5273
707
10240
2473
11583
12582
6388
9109
10296
12853
5605
5875
1720
11631
9963
7687
5734
6926
6699
12098
11452
8130
4605
3889
2402
9356
7899
12518
9770
2380
3455
5281
7940
28
5783
8733
1592
4009
2421
2969
9920
11982
2995
2544
6391
12105
9607
11093
1363
221
12693
9270
4143
5130
11738
3251
5940
7635
3345
4008
2557
5408
585
10107
9989
12746
12741
6574
6963
4566
8000
4137
9473
1994
5861
8228
431
7079
2805
9173
10239
10585
259
11055
12812
7742
7656
5590
9076
12439
2580
1111
2247
3806
12574
1465
3043
5950
12019
7146
1051
3046
7867
5930
5424
5765
12134
815
5203
2831
12165
7109
4688
5495
636
4447
9763
5235
8483
7119
8207
2872
90
9090
4493
6652
10471
12601
10399
5100
132
2176
10358
2591
2904
11802
6756
2486
10577
9826
5599
2151
755
12361
2931
1593
7947
6802
5957
3583
12043
1460
2893
3683
12714
2010
10520
6857
8840
7083
843
19
5961
11829
3444
2032
474
12657
2926
8930
8004
8737
3121
6674
9964
9779
3718
9897
11203
5974
7362
1148
6345
6180
4886
12320
930
1953
8877
584
6605
11739
8083
5749
10964
11104
4431
5135
8204
2735
12012
8764
7530
11567
5639
11384
11804
673
2863
7983
6383
3561
3203
8277
5936
4109
396
5883
12433
5962
9628
112
1740
12672
1549
12457
7732
1852
7277
10139
9627
7731
3527
11196
3411
7776
4802
12406
432
714
12235
9267
1991
9019
201
1492
3906
5096
3487
3159
6140
5444
2696
4677
8775
2914
5680
244
9711
8366
11921
7607
4020
7695
3994
6910
2219
7803
10509
12438
6131
384
5101
4641
7630
961
8790
12331
840
12774
5341
