6962
5146
982
8908
8358
4679
12587
11110
10639
1446
6249
10670
1986
11878
12021
6568
11208
13002
5380
7790
6684
11024
3287
12944
2704
7553
1616
6489
587
1550
4324
11654
12775
4321
1857
1327
8261
3386
10724
6845
1293
11853
193
1747
12243
3916
5511
9110
356
639
2535
5253
3832
5084
3723
1312
2920
654
10207
5538
10063
5438
10737
3061
7132
12483
5162
5860
668
1167
11604
3464
2417
1218
8793
11803
12146
12344
7710
10275
12959
2733
2463
6290
11112
5719
9167
9223
6620
8262
10720
2059
12410
3484
7007
253
7955
6745
5984
11106
8359
1333
10214
7420
9338
2190
10385
337
4921
4757
1198
2224
6854
11015
9494
1765
10056
6179
8075
10651
7748
6588
9799
1369
1237
3504
1625
12926
7343
11162
12743
10635
4770
11724
7531
8773
2015
8229
5785
4966
9078
6254
7079
11979
3479
7547
6778
11038
8779
5606
8936
11897
5774
380
12637
4933
3456
10033
9484
11765
349
3867
6069
12325
5492
9576
12630
4581
3605
9347
4701
4574
8136
7818
6419
6753
12304
6
6683
3130
7646
6650
7508
8756
9189
3651
515
5185
10151
10329
12727
8854
4480
12962
477
12966
4432
867
2674
12416
9526
5383
10606
5079
8063
10527
2347
4063
4401
3026
5026
7678
11403
5482
8258
9410
6100
7934
9688
4790
7136
5132
7852
4894
12898
8135
7954
10282
10813
3105
10658
12825
11402
12585
6103
3156
5163
3424
9701
2253
10532
4567
12769
9124
10620
6449
855
1619
11564
3241
896
7020
3548
10566
3120
344
5854
11702
2926
6360
6674
2054
7661
12128
10188
1242
704
7641
10304
12883
9178
4014
9515
6275
8115
8539
11284
11102
6042
4713
6440
12573
3764
11425
3262
12306
8860
8232
2773
977
8454
10185
3539
1658
9501
3064
7217
10447
6234
12520
2
7907
9402
2105
6969
5129
9822
5497
4606
3861
5637
5232
3319
7519
9838
11846
5701
9872
6507
11475
5385
8361
2203
232
11420
4386
4817
4007
6961
6403
9455
7991
7246
8058
136
45
4893
7671
2730
6558
8332
4420
6441
2063
5423
5173
8304
9519
2334
7459
9329
1013
4765
3264
7577
10867
12542
2133
11426
10269
5908
2996
9583
3623
8658
6619
12258
7502
2469
10577
1720
1348
240
496
4753
12295
4070
7928
11974
1388
12523
7543
9512
9454
9577
3091
3053
5671
4129
394
5064
1840
5915
10198
11129
4426
4631
4658
12536
11927
8970
2864
7360
5421
12649
110
12123
4310
9229
8485
12225
2427
194
9458
11956
6718
3761
1043
9687
6218
2333
6202
5149
4996
4223
10265
6670
9296
9486
6380
10896
4569
486
8814
697
1489
9241
6807
12288
1897
10239
7974
10701
11863
2166
4756
1285
8523
12351
7958
11880
9298
6785
8273
11616
2267
778
7580
547
6527
10278
6486
8269
4675
5096
1670
1948
3467
1398
12311
8872
11339
3114
2459
8985
8377
10276
10118
10530
8661
2456
3703
3817
2073
7557
5670
12072
7405
12900
4534
9165
10192
2350
7460
5651
8684
5565
1244
1425
4716
5304
9922
12896
4169
11391
4394
7787
2128
8974
6742
2592
9836
1040
11781
7568
12595
2977
6372
8744
11333
1108
967
11934
10427
424
928
9885
3577
12213
4959
11641
1552
604
11850
4385
6704
8740
746
2200
12994
8675
10343
8189
3806
8042
6462
7283
5826
7194
2134
11740
10251
684
2477
7289
5752
6538
1023
7619
1468
8144
1864
1105
4860
6699
10060
2013
7458
3702
1903
3700
7521
5718
11646
6781
9393
9120
3363
4750
4660
4990
9142
2428
6711
7567
10645
2809
5803
726
8944
12064
9630
10728
144
3901
7896
10434
744
2430
850
10483
1885
3418
7905
4657
12652
430
12183
5046
10735
7524
6803
203
6250
11962
1966
848
12324
11466
5933
6968
8440
2276
10914
4586
5334
4238
9277
11421
11152
7285
3450
8910
10840
5013
4525
8043
1663
7572
6119
10922
5775
1251
11936
8331
4337
5739
7018
3921
5477
7952
6147
12110
7340
6885
6351
791
7960
10959
7992
425
12016
6861
3710
12761
9598
3926
4774
1641
7532
6959
3794
11464
9930
3985
8447
1176
9151
10480
10668
7424
2616
8478
12368
7213
2023
988
160
9604
2315
6194
5376
4146
8002
5944
9203
12679
8596
2089
1760
8176
991
23
10582
9233
12564
1159
10865
4688
9094
12958
7846
7972
11258
827
6999
4739
2445
11189
6274
11479
6948
6636
12702
6148
6599
2426
2436
11298
12684
6394
7437
4835
12739
9702
11026
2206
10921
9865
10225
4395
8422
12358
9778
7483
10926
7390
9326
6987
10765
3860
11300
6509
11950
5508
12152
2552
7407
12704
1778
6405
8211
10167
2194
8978
10808
4116
6307
265
4799
12672
10740
3948
7010
12568
12158
3507
9841
6863
6868
1039
2679
6331
2256
2706
1394
9772
4596
11066
3502
9542
10781
8412
2702
370
11199
10601
1749
3914
1954
12821
12918
12362
5227
5652
4989
11877
2603
8347
5997
8502
946
1399
1870
6970
5551
12490
11165
6981
3515
6869
6859
7886
2493
9270
9892
3741
11039
2845
102
11226
91
10963
5170
7890
1887
5036
4302
573
4121
249
9339
6298
1342
9602
1502
12755
4318
6707
124
1577
7507
11474
11674
1741
10135
7207
3226
4276
3563
6946
9434
6346
10715
4852
12227
1562
11947
1299
12947
7011
3039
9392
7841
596
9941
10643
12902
11238
4726
12133
2381
8390
1347
6252
11993
13009
5293
1644
3441
5000
517
11484
9853
2761
11268
5552
8472
3322
8668
11154
4182
5697
9299
8676
1229
6978
4712
12417
3307
10334
5988
9731
506
6821
7542
2395
241
4354
2251
11413
11410
79
1975
12230
5054
990
4955
290
12285
4976
7761
6041
12159
4759
11071
2959
6036
189
7238
12466
4200
3463
8534
11530
8917
12367
8895
7579
11511
5909
11355
4312
0
6535
4742
10731
6359
12890
10280
7693
2948
3775
9291
3868
7668
8085
823
1504
594
390
7100
948
10327
6039
8080
11685
1609
6013
3524
5932
12350
4518
2533
2124
9905
11212
5831
146
3391
1408
5330
7933
8407
8312
2004
6517
7183
4226
9596
2065
6107
8459
5321
6414
86
4180
12445
5692
6262
263
8975
3869
4170
601
5919
5108
566
950
10070
985
4488
4710
4126
7801
4948
6852
8103
2444
2877
7871
8401
12654
1142
11697
11997
7670
3533
6601
6304
4602
3598
9022
1416
10187
7064
10454
7175
250
7993
12699
5365
12555
10578
1450
4986
373
445
2521
6424
10053
3491
9765
8780
9990
7510
8996
10616
10718
9716
12923
1779
10796
2032
10755
8886
8703
1838
10441
9737
10908
10476
3343
12590
2520
5291
2647
2138
6312
195
3435
9337
6356
3780
4458
5289
1262
5543
8530
11213
5881
12175
10460
1676
2173
10040
5409
8170
4344
1094
2403
8221
6763
8074
4652
9242
12846
8064
636
10650
4779
2130
9694
10810
6950
1691
11146
6515
6872
10245
10563
3848
2758
12558
6438
9145
8573
12310
12790
5522
1588
8498
12734
11779
1326
3118
11671
2389
2657
7584
11494
2382
303
11182
10699
12628
5028
9343
12431
5990
4142
10299
7272
6522
11672
7566
10956
2549
12271
1652
8764
11386
5589
569
2437
2447
5298
10786
11043
452
495
7097
5616
3201
7075
11368
2061
163
2158
5943
10325
672
2414
1647
10477
776
8402
11188
274
11354
9794
10574
4685
11691
4838
11331
1571
12250
5669
12849
10965
6320
6804
11322
12477
6988
7393
3808
11496
6088
397
9808
8758
11501
4945
1613
2498
9251
9312
3813
1019
7581
2543
1934
12335
8604
7881
8673
5635
7329
1484
3554
6543
2752
9760
1006
5394
3271
8562
9686
7099
6973
347
7148
2189
9870
7900
12348
8134
8567
11761
9271
6469
12423
10166
891
11012
11977
5702
9587
11373
3862
279
3928
5251
2593
9199
478
7116
10101
11241
1686
8420
9004
5572
9003
12798
11889
6362
1798
5053
10504
7338
1193
2058
3288
2438
1610
8987
4672
10368
8068
9365
10624
2449
12721
6536
4497
7114
4363
6916
1309
3035
7151
1852
5500
1495
8760
6544
1536
9108
945
7237
5306
11631
1994
1410
8643
6764
6864
2232
11668
5202
7640
3791
10836
1204
10429
6352
11075
1797
2432
1561
1029
973
8580
11730
1655
9136
11940
12626
1362
2055
7259
2397
497
9739
2092
3519
5165
5887
5536
3204
8505
12777
4542
10712
4339
4887
8861
8789
7019
7882
2913
1585
6605
9594
12201
949
2810
8506
3152
11939
2106
2386
2846
6230
5023
2036
646
6495
728
9824
7286
12239
4216
9475
7770
8286
8428
675
12493
4479
7702
4186
4533
3581
7894
6294
757
2010
4247
1174
3857
270
4496
2452
8287
878
2509
12006
6690
5076
2729
11806
10158
3078
7791
666
7422
8410
5581
9080
3688
7672
2906
1581
7421
4780
6187
6461
2220
5352
7573
7060
8638
4127
3341
12975
7527
12327
7446
12247
2576
6563
8980
7161
1092
10570
4208
3565
6157
11080
7239
8671
5882
12907
8256
10290
7887
4832
11335
1138
3348
6673
8616
7456
5667
297
7722
12259
1129
6759
11275
6767
3798
6324
7989
11516
6256
4855
10474
8438
6774
11240
10814
4958
1590
924
5643
2163
1099
10948
10048
7052
4140
2841
4992
1178
1654
3936
9061
4466
4659
9100
6305
7988
4195
8981
12
12738
157
6460
6444
3893
4872
7412
1724
7994
9379
10003
3340
7858
879
3620
5045
6524
3081
10557
9192
2225
4135
5375
4998
9356
10041
2026
7864
4400
6680
10196
5834
854
12119
12001
7821
1116
5801
7872
4500
9859
258
8859
11157
2332
10767
824
543
7982
5830
799
9736
5396
2048
6644
7959
6639
1699
5961
5603
3024
4883
11137
9035
6547
12880
11323
8053
960
4132
2424
11145
12602
1555
5865
12982
701
5382
138
8931
6308
10661
5034
7163
2760
4002
12674
8013
11299
8769
6317
4261
3784
3068
7783
12343
9957
11371
974
9105
3911
6653
3919
11905
6929
11965
5593
7518
436
9663
5513
6971
1171
2418
2364
2911
10621
9050
12030
8888
5973
11975
516
3143
9083
8549
2671
11992
8215
4424
11508
1933
9566
11395
25
10784
7749
851
1843
10657
10611
2888
6975
11460
9804
5715
9487
98
11509
3699
6466
6786
9585
5241
1667
11849
1635
10910
3090
11121
6532
8094
2564
7997
8363
3497
6144
8618
1125
10383
9008
11002
1920
12583
8788
4221
3954
12480
5463
9086
8565
10255
4939
10776
4202
8883
1839
8711
12252
10801
1358
1103
5175
7199
11111
421
4562
6439
926
10598
9042
5502
7386
3031
9034
62
9072
4379
8863
2779
1742
5416
8193
5327
12066
12056
6165
10729
8289
5027
4873
10941
8092
8326
6867
7990
1605
4012
11279
5261
4263
6757
2739
11136
4256
6047
10216
12629
12617
2420
7318
5213
4644
12492
4118
6996
10652
3273
1233
4837
5111
7945
11721
9658
9655
4730
11477
11219
10770
2689
5218
10249
6625
2465
3748
7842
1795
5855
8018
12224
3977
3770
897
3019
2160
6369
6074
1272
3950
8697
2185
11585
3922
3712
2523
8599
553
12616
8795
11028
3518
8641
6192
11569
10795
2182
10957
1651
9370
8264
8533
8139
11633
11468
1756
9682
9896
4520
4035
533
3243
3988
11252
4917
5587
9288
5618
11293
3115
9840
6112
12298
2854
7381
552
5299
8725
11289
9457
3720
11809
4878
6433
6801
1113
12401
12828
6714
5451
7408
5740
3728
1955
499
8023
6075
3879
3760
6067
10492
3194
5491
9040
12535
3800
12764
7712
9916
2221
12688
4352
10036
4593
7813
11603
9146
11114
5601
7685
6494
8622
12307
8220
9459
12441
685
12795
5955
1826
9763
5144
9771
10463
9196
6952
7962
12670
11062
8993
3552
8376
7788
6994
4839
10576
7832
4380
10707
3650
5188
7857
4821
12647
12970
8330
12404
3451
8735
6070
10524
6472
8248
9599
9738
9421
11116
2683
8300
1068
2889
8266
4059
7438
2088
4920
10494
4417
6949
12099
12086
10716
2162
9063
8749
9503
5489
877
8382
8343
7664
12022
12011
5913
12309
582
5266
49
4949
11680
9557
6706
4994
11454
11291
4913
6032
9938
7495
8977
113
1051
11525
9556
7654
5399
8526
10129
741
7809
9766
3459
12017
10799
8250
423
8380
2973
6908
11286
12485
2707
2645
3505
7796
760
8437
8628
5720
12531
12202
10838
278
5244
3338
12877
4517
4561
10356
11777
12751
3107
2659
3752
12447
5817
11856
451
12237
365
1406
12803
319
2295
11138
3160
222
6940
10237
6384
1516
2703
4591
2415
7396
2218
11561
6482
11591
4095
9746
3178
444
1264
6918
10934
3161
2102
2794
12969
558
2909
11022
12126
4745
784
5994
8617
2690
5520
131
10039
2994
964
9740
11559
4291
11971
383
100
605
3725
12263
2798
3830
4495
8141
5880
500
12916
9888
6525
1860
12313
6819
8309
11236
11107
5613
226
5389
12014
2480
12300
4407
7201
3089
12781
2512
7923
1128
8487
8670
7617
9052
28
507
137
10733
9200
4528
8003
1415
10228
6951
902
1305
725
789
5338
3166
6493
8278
2240
11095
606
1404
2353
12395
8255
5918
10028
4331
11748
4795
1179
8943
11179
83
8336
4442
12315
11210
5729
9559
7273
2697
3110
3473
7359
7418
2270
2991
7160
6860
1222
8712
2147
7825
10754
345
1728
7361
1246
12161
2238
7001
6960
6769
3306
12125
2479
3719
2705
10108
11571
11139
10949
2987
2740
6413
6974
153
9820
141
8172
11362
284
4736
2784
5585
10150
10126
12801
872
5705
7589
7227
10168
1253
8950
6407
7540
9845
9754
9126
12349
11917
3335
4478
11835
230
9015
909
7016
12168
10673
4374
6219
11699
7210
11063
11507
4147
2131
10085
5062
8538
7655
12436
12118
937
8260
1674
2079
10998
1417
1294
7413
2722
6128
6632
1919
2433
1705
5496
3112
6490
10104
4136
7427
9141
7330
6083
8790
298
2306
6717
3368
11580
10501
717
1657
4589
2008
11942
2075
9156
7674
3994
2188
1280
4212
6081
12829
5494
10662
8491
3827
6099
7903
7134
9306
9539
12406
2887
12631
1538
5285
202
12450
9218
9981
12167
5802
6374
1123
7126
3126
7472
1783
5448
13011
747
6701
7234
4128
5360
8087
11762
443
8378
7798
2264
11125
1278
372
11445
2878
4950
6410
4220
10666
4667
9377
8299
4700
10842
11546
288
3569
5754
6451
588
3685
2628
6448
9621
9450
1825
1442
4666
9810
4543
9322
7193
11885
10996
4697
4474
3167
6401
8227
6954
8071
1799
6000
1731
544
4467
6086
9900
8161
12559
10883
5924
3713
8665
1784
8512
10664
12961
6338
3007
11592
905
7178
9735
7268
1300
1463
12081
9986
302
1963
7578
1884
6385
3425
10600
2393
4087
7081
8828
3658
12532
12438
10802
11082
3038
1177
10132
4051
1436
4475
7866
773
10676
4124
8707
11109
6096
3475
2296
11898
11052
2627
8237
2664
9088
11272
9932
3131
3757
1292
4361
6834
9876
8076
8348
3303
11550
2895
4930
7715
9225
833
5271
7430
4250
2450
1620
9416
221
3714
3551
11838
6715
4922
1866
8566
5042
2046
9157
10426
9741
11190
6520
4150
10909
10115
10076
4303
11184
9680
8588
3891
1627
6595
10553
9917
429
7804
11567
1842
3783
6138
10066
341
10182
4369
8449
1666
10540
5746
4052
9725
12586
3222
11753
11285
4905
3055
5104
5351
11970
5356
3125
3117
8362
7733
8162
9835
4477
2127
4311
4583
12943
5158
1754
2373
11780
491
7611
123
11799
2964
11151
7122
1304
10722
11340
8494
694
11200
2230
4840
12985
11103
10367
3472
9182
11536
447
5687
9053
8988
9651
3401
4323
11783
7322
11255
3768
7697
9752
4848
12085
4329
8468
7888
7284
2169
593
10499
7383
9562
7859
6614
10696
12514
3979
655
6174
9715
6151
10783
3907
7402
149
4191
9283
12812
9807
798
5575
6087
438
10536
5041
9115
3378
12476
185
8837
10541
10791
5083
1640
1634
3240
9348
6321
10846
5006
11555
12866
4412
3474
12799
563
6377
10323
6787
3796
6879
1904
5790
10424
12888
3663
5279
4804
7736
767
2635
780
10703
3454
10
10985
3632
8450
597
7878
140
7250
10395
6984
2031
12381
12673
1624
3174
4684
11613
9166
10599
5619
9385
3092
1168
12511
213
4864
11751
9325
8986
6325
12789
2893
5666
4595
9958
7145
7369
9546
8388
7961
7925
8375
11909
7970
3972
3128
8214
475
10734
7230
7636
3339
5430
6839
8571
3733
10050
97
6286
6983
1250
8284
3847
3865
6235
5009
8460
354
2396
1130
6030
2322
2952
1109
7624
1153
11251
2269
2989
7426
6942
2005
9415
6662
4982
5949
7588
11914
9422
9204
1163
10572
6402
11191
3779
3394
6505
1373
1853
1820
3018
10130
9364
3353
12035
9903
6880
1869
10400
9372
2356
1811
5809
5309
9180
6309
8093
12912
1715
2164
12792
1633
10339
7732
8404
11442
12978
12745
11650
10095
5370
2750
10500
4853
5805
6133
787
930
6905
7419
9188
2942
10562
904
1245
6933
5171
9633
3567
10315
7445
8119
3403
763
2716
3707
1733
8629
2897
731
979
9128
645
12987
10316
2129
12554
415
11867
19
5339
6381
6793
6095
12049
6830
7927
7144
8899
117
12027
7591
5325
8143
5835
10870
4654
4551
1722
2076
519
3812
2940
7562
9446
3462
2416
12911
5445
3863
9649
1909
3816
7845
3113
7104
5521
7571
31
7439
1776
2866
3846
4350
5472
1740
864
12783
4173
12576
4931
11259
1340
7303
8732
7271
9005
9628
9017
9789
2325
10774
11198
8110
9780
10954
5434
7799
8399
6326
8126
9261
12322
4983
9149
220
5362
9479
549
5474
793
1943
6422
12867
4326
2034
3695
10911
3466
5337
3296
2294
1207
7904
1987
4856
11045
5437
2016
6705
5662
7053
1505
1232
9228
8140
10856
5842
11342
12333
8476
9724
1688
7423
7623
1115
9985
4016
5906
1796
12136
1859
10044
5537
7526
5366
5922
8827
3406
6982
1717
10665
9662
11610
3726
11908
5852
6259
5051
12120
9368
2842
4181
12539
2113
10141
8902
12622
7634
975
6995
11025
7128
1429
766
1808
4911
1093
9361
11156
10585
6692
6570
852
12967
9498
4199
5574
9113
12515
4340
7606
4396
4152
7880
8513
6552
8357
3785
12453
7613
4085
8945
2126
2052
9726
12763
2924
10128
10727
8490
4198
7146
3314
9656
5458
4413
369
11267
8283
11453
9829
11605
8579
6856
6421
12364
9509
2080
11498
10005
10472
6838
12405
11874
12121
3858
29
1428
3138
4979
11537
10231
3735
10479
1921
5229
5033
12413
12409
7819
2183
254
9171
3960
2339
4489
10835
6917
6260
8117
4484
3788
6642
10517
6976
888
1918
4269
8252
3016
10745
5387
2482
8730
612
6693
10404
10318
7337
6191
1906
2114
9827
6732
4758
6353
1055
775
12079
9480
2096
12779
6323
437
3571
1805
6085
39
9039
11276
469
10881
6023
247
5048
2201
7058
7978
9770
6516
7909
1387
10326
11377
9210
9636
6228
7433
947
5975
12988
2585
2278
6178
9769
4268
47
9187
10140
1831
12053
5133
590
5597
6104
8906
11618
9637
9451
6303
9970
1106
2990
10363
7876
10484
688
7987
10777
11854
4171
11789
4476
969
2011
7215
2662
4524
6471
8652
325
1752
10874
5177
8045
12607
1060
11677
12608
11143
2686
3503
2501
8097
11132
7793
953
8274
11589
11648
6333
11623
1139
7115
6241
5311
2588
1427
3591
4711
933
10224
3236
8228
10302
4802
8989
6581
4814
9939
285
2431
5874
11630
2718
5178
367
10449
724
130
12234
8217
4080
11321
1706
10331
2458
472
375
9079
8052
9881
8020
3767
2563
3431
8947
1681
9426
1940
7829
2376
7601
4910
3000
5598
7449
3568
6921
4570
2104
6481
6877
11910
6213
6526
10163
10638
12979
6928
12510
4295
12193
3080
1400
5910
4355
3079
8072
10260
6843
12813
625
9777
11750
9125
11792
2081
12677
12129
841
5561
8154
10305
93
8102
12620
8169
10649
10062
1213
5772
5439
8368
216
3321
3864
10335
2252
2299
9762
6584
3959
6117
12378
4453
5566
5480
11432
2398
9703
11711
707
2365
10565
8011
12635
5082
2391
883
9574
4820
1201
280
10069
699
8904
3721
1466
5040
10506
4577
6458
5107
9057
10895
6379
7949
6966
9121
5226
9653
9112
11206
9179
2963
9194
12543
12665
4502
8185
1277
11370
2823
7047
11173
1268
2982
9947
10089
11598
8430
2199
2976
12479
8037
11759
2305
720
6678
8372
9230
11822
1461
7274
1937
5867
5877
11816
1886
6953
12614
5800
9821
3835
11562
733
5004
2035
2954
5225
12302
6341
8762
7666
2650
8589
10730
12028
4875
12089
11374
10748
9388
1261
7242
7924
10271
5942
10450
2049
2829
2001
9674
1252
908
10102
4439
3375
11431
8984
4373
5743
9428
1447
5397
5982
8734
12231
3208
7141
6142
11520
2753
1390
6876
2149
10691
3294
10503
9717
1097
6393
6296
147
4936
10287
10925
2677
8142
4449
1762
11601
5022
8125
1900
2833
10268
10750
10579
72
4330
7154
7349
9779
9318
4431
11728
8035
11957
3782
8736
12577
5829
1554
4213
7248
9389
6122
6629
8692
4544
4709
2198
5408
2100
732
11700
6475
1711
3010
5870
4829
9152
10014
8903
3842
12567
7017
16
3344
12148
1180
6015
3329
5119
12208
11031
1883
8351
9815
12756
1007
8122
2486
4610
876
11921
9730
2209
10759
9690
8474
8852
9030
3023
12927
3873
4038
845
9354
9335
11810
3346
530
12660
9252
1465
7397
12165
9227
6564
932
4469
1671
5294
3148
11183
501
11995
10016
461
8424
1591
7500
10090
3781
4115
5058
821
10021
10274
9374
11662
3392
3937
3383
8672
3606
3221
9538
994
12018
9615
4027
5716
6720
6796
4538
6822
7688
1615
9645
9082
2534
4153
11710
3662
8563
5795
10747
3506
6272
7214
3249
713
9757
4084
10876
3145
9855
4381
74
8528
5442
9834
269
2349
9265
8709
2454
614
619
9116
7795
10257
4870
1604
10428
567
2062
12871
8826
8005
1070
7602
2654
804
5055
12393
4831
3938
7759
10210
463
1145
2932
5515
1409
5685
7307
11887
7530
10377
11093
4227
6488
1653
4245
5094
1660
306
2288
2570
12893
9729
3903
10891
8610
1228
5640
11347
4556
12840
10743
6060
4265
3912
12932
5243
12548
11186
4880
4174
2135
9413
6899
5923
12491
12424
5723
11813
10923
9994
3218
10264
8338
7406
5336
12002
4560
1974
9507
5183
6506
5112
2806
4957
3799
1736
2995
8509
11059
142
7352
1017
6798
8305
11233
10568
4254
3409
7891
3969
4620
5150
7015
4915
5324
520
676
1146
2042
6447
1992
7622
12107
357
9476
670
10122
11599
12787
3140
6455
2584
11101
12527
7935
1155
8254
5318
8231
2211
11766
3149
5899
6200
8600
9135
2155
12657
9540
6643
4643
5455
10311
2710
11253
11192
12897
9032
2033
6503
3446
205
6873
9056
2903
248
7585
7951
8315
12082
8233
9775
1600
6898
9536
10973
6870
12038
4862
8583
8810
7410
5328
12197
13000
9461
2425
10350
9586
366
574
275
6364
7098
8515
10378
12726
1530
11438
8417
2292
1622
1365
3517
560
753
12461
8781
12444
9293
7353
11023
1166
1810
9549
1147
5153
2667
9140
2451
2069
10519
6293
9555
11204
8050
7549
1891
2041
12936
10631
9996
8529
10466
2184
391
1850
11482
8192
5250
4691
1928
6935
11489
7334
8909
8317
4734
11459
10886
358
2507
556
12005
3220
3370
4176
3101
11519
4332
10233
8516
5681
4844
10293
12380
6528
8292
8757
9331
4806
9967
1478
3804
8843
6024
2891
5220
2672
12078
10285
5214
3487
887
3966
6754
5888
90
5097
3542
4754
11944
11493
3838
7084
10057
6173
7299
1965
5506
9
12597
7392
9103
5751
1935
9666
12856
3407
874
3417
1964
5466
11223
10709
3753
1314
2243
2043
4559
10821
7096
7076
5156
12730
4972
9246
5303
6427
9791
6267
10515
6497
7302
2132
6470
4072
6998
2896
10548
7317
8051
6168
4272
5124
1027
7870
4164
3085
73
12653
5657
10653
10153
4611
3676
8551
12272
1184
4782
108
2804
11793
12659
9036
7936
511
7208
6534
2731
1764
540
66
5457
7537
12516
6825
3228
8755
12786
317
7586
11419
12723
11303
9297
2930
622
5541
271
5024
6609
4830
3513
12759
5283
9573
12528
12345
1487
5823
8716
3437
7341
10983
8296
2409
11540
12797
4599
3607
3108
3631
10877
1079
11976
7489
7012
9471
3349
2272
10046
10077
3040
2311
2291
6904
3320
920
1195
2045
3718
4044
3621
11424
9787
1488
2788
2154
3633
11320
3104
5936
10698
12995
8815
329
5316
10904
638
2485
1476
7839
12534
10124
2614
1434
7898
9707
3970
4826
1498
5977
5230
7358
7173
3986
4618
2762
3984
7267
5484
10364
8783
710
4258
10975
343
7946
3786
6431
12338
11805
10195
4015
3233
4448
1133
4367
11050
893
10512
11019
571
8196
5030
11661
2329
10945
3810
6349
3814
3365
9753
5900
6073
12676
3882
7779
12549
5319
2212
8646
5368
2505
5733
2754
6578
118
3013
5217
895
8033
2176
7803
10719
9934
4292
42
7501
11408
6302
9405
3982
8303
8892
11380
1575
9709
9959
55
10628
6102
1895
10929
9427
7604
3691
1518
2257
10660
11185
7817
8222
10974
6523
3870
4607
2692
5820
10148
9346
12457
10333
5600
4787
125
6166
6476
3500
9825
1871
212
11612
12062
7539
12482
9028
5341
3811
9332
12273
9848
10082
12169
3924
4066
1822
6199
10901
11749
629
3687
9711
11553
3282
5851
5075
7241
1192
1077
3362
12675
8728
11952
2912
2929
4869
490
1894
7777
2856
6404
255
9619
8230
9232
3956
2918
4858
8475
8174
11047
7232
1448
529
8633
9980
6136
1355
1545
1890
11037
3438
12955
8687
8973
754
608
11873
10175
4626
1649
5371
2867
1594
7576
931
7056
5264
252
12382
10760
9609
3048
910
1486
8759
10445
1700
2234
12870
5735
3333
154
6339
8705
722
971
8570
12386
2700
11558
3324
12643
1680
12889
3302
6282
5284
11890
8349
11465
11717
8324
12101
7983
12113
10420
11008
7984
2448
2789
179
7366
34
2280
5592
837
8480
8425
3978
457
796
12934
11243
10800
12865
1008
5767
1306
8352
7731
4693
8044
5444
11510
5869
10547
3678
2143
8558
11348
11768
11959
6607
3371
5456
7278
9185
1412
7384
11433
7843
10937
3897
10068
5873
11515
7854
2297
7729
1786
5916
8798
8333
1738
9278
11480
5092
9027
3706
4707
8874
4487
9253
5157
4934
8429
1235
6217
9793
1578
6554
2874
1570
1979
10924
11195
8433
1022
5115
6726
10386
4733
6637
12578
7297
2894
12579
6137
8514
5749
231
6594
1296
1248
2799
10619
535
11327
11262
3291
12758
12609
4825
6208
9355
3423
11060
3292
5151
3917
8767
5930
11876
12084
7627
11801
5275
9857
6555
12914
10884
11930
12191
10967
5315
8210
10931
2404
5141
2604
3176
7157
3050
161
9468
10751
5614
9093
2646
3377
465
10110
5052
2851
12318
1539
611
7506
5431
12455
12968
1584
11450
7279
3968
12240
10317
10116
2605
8396
10020
7828
1445
10637
8971
9565
12874
10212
11187
5783
11159
2323
3573
1902
11628
53
237
2526
1457
4724
12725
4093
10394
4178
4901
119
1856
6492
871
10178
12658
9319
12818
4512
9154
8750
5709
186
9644
7980
11330
12305
10258
7042
6687
2514
8504
8812
12770
6474
1827
1091
12464
6026
11441
1432
10170
4491
7093
12144
5138
5461
5481
1469
3544
6518
4055
9191
8956
1170
2950
4042
4845
3426
10100
3952
8582
10861
4572
1607
5467
11041
8090
5255
5268
5582
5534
433
9945
6335
6640
1016
10667
1497
8952
12662
7635
4433
12976
9366
6927
235
3203
3642
2967
11760
538
11310
9616
1197
6751
5286
9984
4511
7603
11664
1360
4974
9572
7538
5212
10200
377
3428
10681
9698
2327
3840
8371
8007
3357
462
9418
10414
6985
10103
11069
10869
6615
2504
5965
6046
9638
6120
6791
3980
9334
5549
12139
1949
6059
2532
64
1513
192
8555
9226
9883
1052
8150
5836
10863
6739
4793
9897
1969
1256
7771
1702
10379
1841
8223
3022
11961
1082
12737
5567
4
8419
2120
9625
9927
11220
6167
4638
5875
5510
9435
11044
8157
4841
3983
12369
8465
4548
9429
3931
326
4504
12196
12215
7431
3576
1847
364
10205
2992
6408
4619
5911
9677
4630
7385
3198
6806
10322
238
9014
4430
2151
8536
10879
653
610
7211
1611
10425
8663
1287
1684
1456
408
1531
7751
10413
7824
3043
4320
11916
3393
7912
5978
7657
6735
11619
3627
4327
7525
350
9357
2838
9925
10374
9823
12095
1420
5876
4991
7493
8108
4306
8792
9474
5992
2653
1698
5696
11499
6071
3072
8073
1697
4108
6368
402
1926
12180
176
715
9869
218
9307
3624
9898
4513
9170
11929
9936
9654
8680
7172
3715
3286
8456
2600
11594
1383
6886
1813
6189
2083
12951
6417
8302
8443
11245
6003
4584
9069
393
10520
3701
32
6273
5525
10177
1391
3045
9527
858
5418
101
5193
4946
5425
6671
4729
5550
4689
6383
10010
5014
4885
2038
3422
9290
4503
1580
2555
11318
12355
5065
11579
4964
3186
178
10354
11481
2759
4414
5300
10373
5390
11158
6344
5413
7625
1500
11081
8319
2348
11472
12172
7638
12732
2751
1851
9524
10461
8704
9333
4112
6541
5588
1823
4050
9983
3331
12377
6019
12112
7496
2984
3527
3890
9642
11581
11722
11989
3165
10442
8464
9301
7600
8914
5015
11955
7745
318
2815
3971
6626
3737
12633
8864
455
1266
8842
1411
1863
11294
2342
2239
6124
6164
11745
2097
4592
11990
9387
8612
12780
12852
3905
7400
11010
7738
4908
266
11864
5665
10779
12065
11126
995
8639
2919
9647
9624
7032
4064
5181
7275
10671
12442
6755
3856
11049
9049
12484
6842
4107
6725
10340
11000
10819
8099
2958
1758
10061
7008
2597
7291
5678
9755
8787
10338
884
8979
9806
11401
5018
11074
835
5135
3382
6828
4137
3028
4850
4642
5863
5401
9505
282
12294
12314
7444
12632
12151
9528
9867
7673
2688
5208
3910
7219
657
4914
6064
1512
4521
10669
6972
11345
4144
2508
1117
8991
4157
3731
7721
9281
10495
1059
4313
8457
6765
8151
5827
2287
3597
11941
6329
2562
450
3543
2024
11397
11642
12837
4680
7263
4206
10803
4809
4020
5872
21
9588
8967
3773
9055
8453
5063
2110
151
3277
9181
4106
4575
7155
6160
9247
2384
1565
11597
3246
1161
12655
3749
2195
6261
2801
6288
954
7346
6569
11467
3399
7861
8128
1982
8777
1834
7198
2755
8120
12707
781
1628
3419
3037
12778
211
3766
7319
4436
12747
8190
9747
3351
7124
2575
3471
4341
6749
6903
8191
10947
12899
1083
9442
2855
3944
3587
11334
4786
9948
8831
3237
9046
11831
7301
1046
8114
7288
12316
12973
12155
2483
11963
7476
8077
12522
7000
5629
752
4636
9875
12297
756
11518
2442
6907
5296
1812
6712
6123
10894
9826
3232
4114
1257
6792
1664
5216
6548
1474
11404
174
3405
8877
10955
1157
8337
7372
12872
4031
3708
9107
2153
7082
1915
401
2399
12296
1185
12553
1553
5419
8929
518
8199
9809
735
5007
9201
5429
8001
12992
12232
8847
7916
9099
10015
5103
4456
3458
352
5078
10468
1275
9933
7118
36
5695
3217
3059
4133
4536
6741
7348
1789
4973
12848
3263
5986
4398
10045
4854
2053
5627
8659
6835
10966
5714
1393
9114
4060
1001
7559
5215
12235
9323
4371
11901
7191
5372
7376
4435
11221
4143
1598
10513
6567
5810
10828
5453
348
12428
5947
595
10626
3278
12282
11469
20
11393
6646
9639
2693
8849
5204
471
2039
1375
8569
12905
3301
11527
6964
2086
7698
10962
12922
7724
8597
6677
7057
2068
2947
3923
11541
7351
4389
3974
3052
11174
368
1560
12221
11684
9659
11376
1098
2907
5816
3745
6638
9961
1102
10112
5736
11001
1913
1626
12289
2727
570
5254
10694
7513
8259
10695
8510
3444
432
6937
10952
9618
8839
5757
5402
11716
7300
4788
11981
11369
5730
2632
5223
12983
12960
5903
2141
4409
2775
3660
3242
3906
12642
11544
9453
12141
3722
10186
2587
2473
6761
825
5691
7541
3256
9018
182
1216
260
71
9864
127
3578
12251
10778
3963
4594
2694
7953
2712
2640
2554
6582
7932
12768
5207
3396
6080
4532
4836
8083
9525
521
4307
12823
7893
2012
7594
3337
387
167
9321
6934
9401
7417
9184
11428
3570
1586
12320
2637
1947
8564
736
5198
7162
2351
6132
3398
2289
4089
12807
8653
2695
10030
2728
4744
9477
8645
3829
2478
11234
6223
6817
5710
9744
9988
11506
1435
8201
11528
2767
9684
12589
4846
1876
1800
8835
10825
9106
1143
9866
1032
5493
12638
8028
9177
3429
7913
6779
9054
7800
11861
6434
3594
7205
12800
8195
6744
5960
12029
1000
4924
1707
1047
6127
11645
9774
8601
4980
8965
7039
8436
12266
617
3494
3574
2884
3276
6780
2578
9891
3953
11734
9419
6513
11470
927
11315
5584
8685
1583
11478
1076
11953
8706
8198
3750
416
8325
3769
1547
9302
5760
7428
12150
10161
5580
12162
12506
8387
7113
3833
6350
2167
8293
2969
8606
11097
10663
3885
5849
12686
11035
6212
1770
11316
3230
9456
554
12070
3586
4194
171
4026
10677
12521
3373
7679
8995
1297
10234
8824
8145
3964
1189
12588
8039
3364
5102
2824
9839
10971
1492
10230
1983
2812
10581
2612
12283
1215
6790
4149
7938
9067
12666
7908
4345
4000
8890
2858
9406
233
3077
3109
1861
9274
1618
8275
7939
9610
6459
2732
4749
11337
4069
13006
8591
3558
11611
2125
10456
9268
4640
10408
9953
1005
3696
12041
8395
4034
2318
5912
8496
1072
12854
1766
9805
5035
6079
9449
1453
4003
7484
3774
27
2168
9812
7632
8833
1158
3949
5148
9931
3523
10609
10630
1848
6931
1458
10473
12929
1395
12459
11712
7784
3009
1595
11747
7023
9089
8520
6209
10797
6743
6900
3742
862
6078
9995
8691
860
295
6586
6310
660
847
7615
8605
5786
103
6846
11488
12399
5357
8972
2953
9579
12268
9420
1829
12619
10080
7037
2247
10026
5759
3119
7101
292
9601
3239
4156
4083
4587
9369
1587
913
114
4041
9483
1337
9907
5017
12831
12383
5478
4230
2901
12544
4813
10043
659
1260
11980
5778
8802
12277
8598
3196
5707
10830
11302
7794
8823
10179
7704
12816
5527
12419
7311
3934
3751
9097
12706
12991
5400
1730
3918
7977
12094
7223
9215
5969
11770
9130
13004
7335
6510
9782
9761
12878
1567
5928
6597
11937
11296
11785
1970
10232
10742
3253
2392
6716
10446
2904
7401
11513
1574
6758
2518
11051
8834
7725
1024
1202
5664
1775
3158
6021
4370
11539
9263
6125
10789
6043
10880
11875
4347
1785
3136
2481
5896
7517
8461
2869
5828
2312
4676
11827
242
12806
712
10217
9854
5560
7780
145
9462
2222
5038
5392
812
8733
4290
10622
4617
8766
12494
1308
2565
6560
11656
8482
9614
2666
3535
7851
632
4865
3100
2139
6145
4024
10259
10498
7965
7860
603
10346
10762
4727
10279
894
11452
3465
4013
4899
8662
1018
12214
3942
4728
5093
449
398
6713
65
4522
2107
5968
3247
8088
12591
11790
11715
8403
12861
10683
5335
409
5161
7021
206
738
6268
4819
4357
2471
5931
7436
4241
7389
8932
3376
607
2174
10656
7848
1719
7523
1794
11727
1690
3929
22
5128
4298
6177
9161
8160
12024
122
863
3266
2489
10396
10741
5958
35
1214
4408
2022
11895
7716
12945
2749
10809
8434
7469
12474
7177
4537
13003
1423
6473
10642
10542
9285
2462
5465
936
2811
11931
6477
4547
6603
633
5564
11719
11949
10211
7774
296
7085
7814
10437
4725
663
5590
8340
1290
11411
43
4699
413
7298
10589
12668
8635
7889
7025
7121
1729
9650
4576
8353
822
8129
6205
10462
4752
7815
866
3058
2273
5904
11773
164
12844
9956
3093
8277
2816
2071
11056
10977
693
4900
5196
12518
3520
11415
6977
10860
656
10344
332
3669
1210
1384
5095
7326
5648
6375
4605
1573
10147
6562
5507
11385
2379
4325
1677
6149
1473
695
7773
6730
11932
4392
11490
12822
11196
8484
2899
7700
934
8406
4661
7035
3448
12434
6014
1385
889
4531
12384
6017
6396
4037
9535
8682
764
10523
4515
2558
5184
12615
4228
5361
9998
3553
1344
2945
2655
12137
12634
2638
5374
9877
3549
1438
6731
2849
9521
11094
2375
5788
10382
1127
5734
10169
12299
4766
10440
6022
328
11595
7028
8342
5446
2691
12847
4463
7252
5737
4421
10406
1196
9495
6105
4588
12337
2009
494
10713
8187
12353
2421
5443
12557
8806
10526
4784
9000
6034
10145
2682
11529
9720
10822
8297
11435
4403
10017
9012
5364
10248
2622
5798
10596
3795
12163
10341
10853
3818
5822
4005
6919
9560
9591
11787
11778
8531
4429
5039
10950
8893
7637
10301
2118
1374
256
11486
5689
5879
4603
8432
6591
9304
542
5131
6540
5744
11160
2524
12414
2822
7306
9818
9071
1452
7466
468
4886
1302
11858
3379
6051
355
1414
5164
1973
442
4368
1761
11231
3075
6091
11621
10392
5252
10247
166
1673
5770
548
4222
10155
916
386
10096
12400
2145
10560
8026
3455
2262
10953
7805
5340
1999
11915
8922
10421
4702
4919
12292
10768
11166
6760
5540
865
2618
68
8111
12793
5972
3821
2084
12222
1243
1067
4773
12593
1119
9123
2557
9843
3973
5001
4863
12718
11620
1727
8373
8997
12740
1494
3526
4305
6551
2956
11794
7182
5329
11483
8467
9580
3693
12612
12090
1479
6696
2917
7856
4281
2831
4926
12458
2196
5935
984
12805
3144
10567
2985
3004
324
10307
3268
3859
11832
2443
3245
8234
11738
703
8216
2720
7750
3820
5152
6587
9360
4314
7629
9543
7754
12044
4818
7290
10508
7552
3622
6139
9668
6990
680
3012
7212
4282
2724
10051
9842
8695
5426
1087
2670
12869
85
2972
7440
11879
8958
4123
10009
3580
12184
5475
2556
1490
8398
4807
10218
3698
12667
5901
5658
10244
11574
5307
10575
996
399
7316
10932
4546
9783
3510
10849
9570
2998
10369
466
52
9358
11288
692
9481
4078
8423
5450
983
7192
4601
11304
410
51
3634
11617
6938
11713
8272
11926
6556
783
8942
12092
9852
9129
1151
4468
980
3252
2122
1219
8953
7068
12811
5595
4874
4772
12862
12004
58
1675
3754
12433
4001
6897
1075
264
6500
5436
10008
7462
1662
1058
12067
8794
4962
10475
2316
4882
6932
11108
7499
3547
11261
5917
1941
11852
392
11814
360
6893
12088
8411
229
758
10361
5350
8245
12045
2680
3845
12130
2117
4209
8743
5464
1959
1439
6891
4004
4076
3279
12360
2140
644
7950
180
2802
9255
9353
4999
6628
4923
1931
12375
9719
12565
3017
11788
11772
5832
4995
2875
7257
10022
6389
10644
11834
4622
5769
5140
7265
999
2303
10143
8719
5787
10794
8451
5342
11350
8576
8096
6131
10074
8681
11512
3084
6315
4678
9051
12176
6054
1054
4785
2112
5344
12109
75
6697
6857
2281
2250
9750
11260
6322
12855
11899
5205
3468
2546
10496
819
5066
12997
12986
3556
6450
7461
7996
624
12760
5586
12223
1357
431
12200
7482
5690
3683
11733
3116
2933
4539
7522
8546
8171
650
12254
6947
8397
12903
6851
12352
1045
6072
3592
1533
5403
8047
10766
5176
6098
9176
6027
4632
11795
2910
8848
4692
11659
6464
4359
8481
9952
12117
8722
6890
7768
3342
1696
5620
5509
8690
5680
4160
12954
10262
5343
6011
12481
5576
3771
2560
5615
4304
6457
7138
9198
1821
12293
9155
3880
11912
3615
6092
12287
12267
6154
5562
9205
5811
11005
8281
2644
199
379
8951
6076
8782
11869
7918
12499
1643
10997
4597
1426
7233
1514
8030
12052
711
4663
3626
6598
2461
311
4297
1679
10006
1265
4985
788
956
6613
2119
10174
2708
9743
870
46
6214
12894
12814
10165
6649
6881
12611
10688
1187
8655
7690
6884
4437
9714
8517
11839
10133
8166
3792
11317
3787
3182
10907
901
6676
3076
5113
11570
3736
885
6313
12636
903
8619
8575
6756
12115
4293
10787
7792
2617
10261
5747
323
11726
2915
9944
10254
7744
5998
2390
1206
11033
5712
6728
1081
11265
9606
219
1944
8694
6337
305
5544
10267
11006
2937
541
8345
9163
9065
8918
7206
5812
816
8940
11640
6816
1289
7454
12031
7473
526
1359
6183
12999
5624
6395
10972
1437
10240
1576
8471
1341
577
3641
6265
8265
5345
9992
7164
11163
11257
10430
10641
6957
8926
2905
2422
5373
10614
2620
10407
12210
6519
10559
5797
12462
906
10868
12427
9382
6698
376
12013
12827
3689
6589
210
5981
5012
1768
1382
730
327
4485
9311
8650
7835
5263
1551
1090
7758
4375
8796
6737
5479
8615
7363
6550
9260
6682
10872
2971
7072
7362
4550
11535
12274
6695
6266
1942
2769
6280
115
9705
6289
4811
10543
3359
2400
10371
8748
3025
8389
4335
11422
4280
7520
1880
5604
9531
970
11254
4039
7516
11027
2589
5777
1889
3855
915
11708
1929
5143
6721
4664
385
9554
10917
8625
10347
11446
9058
10410
749
1298
3304
4233
2968
5495
12216
11239
5
8017
12748
5569
224
2821
6097
4336
9280
10806
11379
8585
11841
4410
7382
4229
3743
3614
5617
7231
11461
7947
9954
361
6771
7054
11181
1801
3067
6229
2300
89
10855
11447
2388
12238
869
9303
10411
5068
6679
8226
3121
9537
9971
1846
4362
2103
2780
11978
10571
3443
5631
10422
12879
5878
12043
2308
6366
5945
7941
4438
12212
2583
716
2246
9254
5821
11434
10900
9764
9496
9378
12746
12729
5476
12228
5130
3332
2872
9894
7323
4834
9966
7218
4103
8700
12087
10183
11667
1150
1114
10191
7450
12218
5682
11485
1194
2060
2567
6463
640
1364
5367
6478
2343
3469
8168
11067
3207
9858
9910
4889
11048
12757
7536
9314
2487
7185
12131
6169
3210
9915
761
3894
8642
12964
12808
9696
8173
5501
1807
11602
7005
10951
6220
7765
2362
5166
9025
479
3157
9383
7494
12156
2999
4705
631
9138
3582
5660
9661
11003
2923
6118
2832
3298
9077
10815
5529
6930
10919
8224
9786
10288
8463
420
11169
11665
3281
4704
2569
9168
10940
7202
7885
2377
109
2215
1953
8511
11538
106
12498
11149
8197
7940
5941
12716
9909
4053
1002
1951
13
4390
11925
8897
6198
10171
9884
11120
8339
6454
4455
12627
6818
4387
7204
5197
1431
5815
2766
9024
5694
5706
6255
3384
12059
8624
12470
4446
1708
5346
11985
7448
4155
12550
9447
6866
4815
9902
3354
4411
8933
1397
919
718
6287
10654
4185
132
935
2098
3470
446
10888
1050
1226
2007
9195
10052
7785
3309
2711
11476
7399
8811
59
12507
184
9795
11547
362
5393
592
9220
11164
378
9801
1370
2516
3336
925
7837
12122
978
268
9871
10336
1328
7344
209
3789
11823
1819
9982
8521
2101
7747
6827
2596
1183
559
6710
2275
7367
12036
10529
811
8651
1107
8640
5553
965
1121
4965
8636
128
842
2249
3809
11207
11209
8920
1511
11007
6412
581
1459
4289
2330
7755
12651
12467
12179
10098
10592
5650
7694
9173
10905
12692
11523
6391
6114
3930
307
6889
6347
5599
11344
12736
1523
11632
6077
3889
7094
2607
4100
1836
6306
7503
9721
10521
18
4461
9021
4218
2385
11675
9084
11881
940
9143
3562
1563
2474
4353
1572
9266
11649
4464
11735
11307
4649
5728
8751
1462
3564
4563
3538
11920
5470
7618
10277
4647
11399
9964
4627
12171
1642
6936
5239
8508
2880
7339
7873
2951
3584
10306
968
5607
4715
11522
12346
4283
4416
8560
5956
2542
2965
4366
11292
2180
7139
3297
1898
1279
5839
7119
7802
2713
564
12181
411
9851
6606
7254
8963
6236
11130
6989
7354
10782
524
5384
4033
3235
11866
2357
96
4193
10471
512
8574
613
12330
6065
7277
8532
10890
6193
246
8868
12503
9317
2925
1648
777
4067
1491
1199
6593
8912
120
262
12068
11679
10753
2502
9262
6040
1721
12147
6878
4177
10303
12838
3666
9578
5249
5673
6848
4635
4151
609
4723
8452
11092
1558
6066
551
2960
9193
10114
8623
8021
7968
8203
4805
7598
3404
10773
12733
539
8586
12860
7816
3334
10027
8990
907
10680
820
5267
11367
9597
1714
7050
9516
1031
8999
10309
10094
9441
4008
5297
99
9532
7807
11497
8696
3826
351
12241
1665
11042
5784
12925
10313
3486
6762
4648
10213
7919
12124
11061
7676
3501
1169
4529
9491
2883
11892
4365
1984
8104
1190
5868
7107
8857
8155
9603
2853
546
9469
6281
10035
10310
228
8112
2078
1773
12114
7479
1972
12940
5280
9118
3137
11825
8503
11804
11973
9700
9300
11283
5147
3653
10486
7892
5269
6561
10106
873
3967
9019
5272
2817
2407
3275
11311
12980
8448
6210
5996
6652
10296
3255
10206
993
1601
8473
12185
765
12767
7221
12942
9363
12143
7659
6442
11170
5850
2050
10862
10834
11836
2214
4285
2830
5951
10403
5636
2983
11543
11244
8267
4748
4628
1086
5962
7388
6814
10969
6010
7063
8887
9059
3111
2497
2175
4751
9568
6242
9943
10013
4585
10982
5404
1270
5145
7256
5010
6390
10510
5824
5649
11588
11739
4925
6657
4274
3489
3755
3602
6113
830
4459
7683
2025
2756
1321
844
7639
8524
4514
10897
10348
11741
10833
580
11248
4827
12644
2371
11695
5077
2540
9906
2559
11859
5959
3185
1924
3884
4523
6672
8346
9197
2490
5454
5796
1074
1386
309
8455
12618
4492
11563
3299
1405
3106
6156
12895
12209
7481
681
10358
1238
8838
12207
7811
12774
12496
10113
3913
11596
6068
1867
7929
1806
2193
8158
11053
12100
11638
10987
2916
6247
739
10489
4822
8785
7467
8148
2446
1701
12750
2439
8501
1421
2795
6270
11782
11817
5292
6153
8937
6033
8896
12785
12291
7013
8739
550
4376
8542
3006
7158
1041
7492
6195
2263
12928
9102
12742
6342
8607
3649
11842
4884
6734
6038
5535
6055
8206
5776
12321
5672
8239
6617
4763
1995
8381
3102
3739
10522
12058
8067
11282
10208
7041
634
12930
2412
5773
10159
3995
6631
8483
8031
1960
2077
1455
7398
7055
5656
3987
10272
10509
12754
6314
5011
5644
11798
3311
8889
2245
11068
7752
2082
3326
12974
9048
5764
10266
615
1781
10617
11652
165
674
12178
509
5818
11235
9284
5533
155
9466
9561
2237
7810
12868
7261
11532
10190
12621
1482
7276
5563
2091
9802
12691
7701
11578
5191
11687
1084
4351
2360
4703
12187
11237
12663
12682
7244
7548
12711
1723
11644
6196
4472
95
4967
9224
3541
11398
4010
11336
6943
1443
2979
7746
3572
9550
2029
4571
9837
1515
2210
7564
5378
859
7906
2268
8165
11011
1283
12026
11429
12919
11655
2786
5814
4783
1816
7973
10152
3932
9648
856
7235
7686
9547
1923
8489
12312
5432
8613
9425
4372
3717
7650
4356
3654
1172
9593
10452
12188
2165
1224
11923
11737
9567
1971
10149
2492
5134
8595
8921
12708
6420
2844
11090
2714
3154
6702
8060
10999
6155
6685
407
1259
2914
3993
2782
9316
1872
2090
5526
9276
5794
9758
6633
1645
3490
11505
1035
9631
6559
8497
677
6855
12584
10459
5099
7415
9275
3248
11907
1188
5612
480
12853
2354
12408
1135
8720
9011
3909
6243
6357
4564
4506
3073
2156
10804
3566
6238
7911
1389
3032
9236
3883
12166
8621
532
3134
485
4929
9137
3199
419
3163
7220
10899
5194
2574
5756
11943
700
7708
12502
227
3589
9511
12211
5727
181
7171
3251
10994
5894
8518
5136
11281
10549
3133
10139
8113
2783
476
3492
6437
7922
8006
1112
12328
4961
1916
9951
1241
4720
87
9407
8316
7112
4231
7742
2093
5050
12394
5519
11314
6660
6542
12074
474
5964
2566
4963
7453
8184
234
489
5174
6831
630
7680
9699
4029
1597
3014
4091
7763
2335
3516
7645
5655
7734
3074
6485
208
7129
1010
363
12851
4205
11742
9002
12170
10749
7728
9667
2466
3493
11718
2957
13008
2528
111
3915
2765
10636
8029
7976
3881
900
9433
9563
8469
8488
7027
10612
1568
5462
5516
3082
12836
8270
12478
11731
8946
691
6585
7226
3005
8004
6150
5386
7251
1122
9831
5209
3312
2488
10693
11211
8765
8611
2018
8106
1678
7036
11600
7853
528
11384
1977
8550
12387
12938
7535
7865
1792
239
4257
7849
7486
9305
3122
7190
9733
6689
1191
5398
6399
3003
5504
12956
10682
3530
831
9324
9245
5091
8008
2571
11996
10086
12971
8386
418
5276
5573
9403
1401
3635
9430
10554
2372
5621
8822
11014
8851
15
11449
12174
5405
7403
4555
5414
320
11573
3044
1470
4246
2796
4857
7080
772
6300
5738
10964
3585
6277
10555
3819
6355
7416
2825
6775
9174
8923
6311
6378
10958
5847
9901
8741
3746
6370
7110
3664
4391
3088
11326
5905
12541
5020
2709
9912
7689
7378
2148
11278
9595
1282
3215
11140
1817
11308
7775
4018
4698
5946
5989
4510
2538
7767
2355
8626
5126
7867
2649
3094
8
9239
9605
197
6647
5653
7224
4851
4419
3132
2944
8493
6176
9007
545
7365
662
11634
10453
1952
1631
2935
6052
12469
3805
6291
7282
5813
9381
9697
8290
10298
7681
962
5016
5089
4553
1549
6604
7769
10873
12937
12371
10079
9899
12426
6008
2938
1757
13010
9861
1062
2302
10946
5260
5608
7071
10516
11771
6452
10380
12392
9490
10785
4769
12329
11444
4207
10992
314
5142
3141
1980
11658
6895
7901
2367
10390
11998
3616
9222
6574
2764
304
6423
4130
10042
5703
5459
12440
1899
4184
12731
11882
12047
340
1276
3164
11928
8159
11894
8882
12372
11215
9796
3238
7046
11274
3874
10655
4798
7667
6371
1521
8365
1917
5914
2002
3955
2192
8065
12685
12153
510
11416
4056
6738
12145
11624
1739
426
8055
2205
11526
5987
11270
8138
502
11704
3610
6465
8674
10091
7781
12073
1255
4393
6430
12301
4498
11946
11085
7137
621
10889
10435
6163
8637
9889
1240
9414
4777
7004
10854
4888
287
11797
7497
11622
12055
2530
8181
1548
7305
5313
488
3705
12365
11128
11855
1914
8840
6057
3477
3900
12533
6813
9162
7168
4023
4358
12933
7
6269
759
4219
4148
9085
12857
10034
3540
6910
156
10746
4104
12374
3709
11356
4792
1693
2340
8507
1517
9400
2744
10775
599
10871
9520
5610
4154
5554
11784
11967
473
12965
11414
11329
1543
1339
6722
8799
5070
11230
10827
5233
3212
10031
11388
3447
5745
7786
5287
10388
12149
321
2244
5700
2285
8078
12205
8212
12366
12796
774
5577
5556
10552
2087
3258
4740
4277
6521
12931
3290
2258
6945
414
12640
6175
5440
1930
3975
4743
11309
10184
3532
11030
12592
4360
9564
3209
4541
9286
4653
2803
9279
3211
412
2440
1329
7917
7342
1
5019
7612
5127
3888
5688
2805
10546
2378
4214
12749
534
1454
7073
6836
4761
525
4867
10125
7944
750
4187
12963
12604
7740
9452
9336
10590
10470
11906
5240
11443
10328
10756
4315
1788
11902
8458
743
3327
987
384
5305
315
10136
3608
3958
8689
286
4045
10093
215
11557
11815
7228
8367
11686
12566
4288
6802
11021
6318
6158
4568
5845
5088
986
523
5032
664
11935
1315
11328
665
11341
4077
809
8059
3195
4871
938
12574
11723
4260
4036
6533
10220
12157
11118
1957
9070
1322
3184
10648
4273
3087
3285
5926
10761
7180
7897
9895
4457
11246
1535
8648
10073
14
3155
12323
6740
12765
8928
2321
12648
11504
11821
12244
6681
3600
648
4509
1380
7614
8118
4203
10569
3777
1026
917
698
9632
8964
2003
3374
3270
9878
7249
9626
7308
7687
12429
7647
30
8014
7152
2401
7743
5137
1704
11964
8285
11840
121
2941
5499
11072
6418
9617
8015
6491
8066
4566
7684
2028
12264
6545
6224
7170
3062
8213
10993
4843
9117
10241
10308
7478
6336
6508
5741
3153
1602
7942
10892
3898
8054
6141
9127
11554
9919
992
6546
2236
1225
4928
92
7943
3367
4670
2922
11796
5415
12206
11312
8121
5512
8310
9352
8276
6428
9349
1529
8049
422
10201
11698
10615
10758
4006
12182
12007
4030
4549
9465
7216
10324
4179
8040
7782
6295
9341
9330
9037
2271
4443
11436
2094
70
8019
9940
5411
7490
498
12641
5558
56
12075
5948
4993
4333
8308
12226
5531
2577
7705
9396
10793
2862
6227
4378
5109
6709
9553
8036
9657
4275
2988
4447
2719
6185
5957
9963
3086
9973
5974
11829
9640
846
12525
3807
9359
11703
3837
12391
3759
158
10744
6783
12817
11400
2721
7026
1901
3682
9623
1961
7660
8207
10433
9742
10502
797
8776
8409
4968
11904
5353
10065
1725
1791
11707
12505
2882
11017
8010
1440
4158
12102
10605
7133
6768
11983
3027
914
12051
4732
6789
5762
2725
11013
7877
3313
4418
4161
1227
2475
12098
9960
7921
9592
10927
10431
12782
8879
2636
6143
8400
12255
8137
3197
3259
8446
1804
1131
1274
273
686
6190
11848
2631
6244
10535
6152
12091
11077
9134
9691
2146
944
2259
6922
3734
8825
6111
6106
3183
6993
5412
2191
5548
11018
3042
5976
6894
5123
4266
5954
1824
10847
2936
9522
3316
2870
1020
3509
3920
8311
11862
10409
3747
9924
1878
929
12308
2537
8927
6094
6365
7051
12194
11763
8745
6496
10111
3415
3305
5086
1557
10189
9972
7411
4954
1053
4789
5056
1636
6616
12720
4251
2150
428
6675
5611
9216
8905
11352
10903
7642
10078
4054
4879
1865
4906
5332
3575
3433
12332
4057
3057
4242
2797
4473
1301
2900
849
9781
134
8941
2229
5602
8355
9673
4516
8263
7014
2265
4987
4646
8634
6239
4794
8727
8718
389
1732
8891
11666
886
9033
7409
395
941
4406
2642
9759
5731
3099
10283
12681
3697
333
8724
8968
3601
9380
1759
9391
2860
6752
8561
9208
9949
12489
12039
12904
3851
10721
10928
4849
9159
12623
9131
1546
7915
6883
9879
12339
1181
1236
4527
7253
3895
4909
12791
4364
6358
10978
3015
48
6406
6658
10539
4582
3481
4284
1325
8900
649
4718
5044
7971
1346
12340
9289
10360
1606
6181
555
6572
11127
8323
2634
2678
7468
3612
12361
10029
6529
12033
2661
12050
11651
4530
10961
12696
7247
12545
9132
2681
12524
786
4768
1881
2813
5980
8294
11670
2464
8109
10511
7029
11694
9620
1381
4956
1483
5676
5804
3613
1313
4984
3831
60
7266
8677
2852
11614
8657
1392
12656
11851
810
10423
1085
6694
10798
6892
6663
9529
9569
6188
8983
3284
7491
12248
11305
12683
12116
7480
9641
2496
10690
10092
12815
7812
5645
8797
10918
12203
11089
843
3716
148
8341
6618
7470
9993
8813
2290
4017
12104
9417
3636
11786
4714
6216
9031
7610
4552
2656
3179
3998
8630
942
11725
11637
8881
8089
7827
12260
11383
10913
10659
6343
10160
1528
1323
513
7006
4048
5859
3496
11911
4215
2441
12219
2974
2808
4259
3853
1234
727
11216
11301
3762
955
11131
9514
6484
4971
12646
1501
7455
10099
9749
12948
6363
6565
5711
7995
9504
4760
10507
3356
177
9006
3852
12412
4308
8800
4138
2966
10071
1136
10875
4941
3369
3652
7609
10943
1745
7855
7884
69
3402
12411
3939
198
10717
11194
2341
107
3828
10457
7245
2298
1877
12703
6829
4907
10936
5120
1477
11884
1777
3056
2741
8726
4904
12198
12873
3815
4557
7195
9950
7914
11984
4877
589
2613
10438
2568
8805
4322
11396
8477
8175
9991
6832
6332
4099
10757
8016
7658
11837
4681
11871
2338
1378
200
12530
6708
12008
11256
2359
11193
9541
10393
7556
3790
5819
7264
12390
7159
7505
10844
4441
11913
7002
9965
2067
5116
8100
2807
4944
4641
8105
10011
11387
12921
7083
7806
7546
7956
3030
7049
6237
316
8379
4717
10342
6182
2383
9728
7717
5236
299
1078
12430
5395
8982
10989
10593
7404
1319
3834
10402
12420
4043
3001
3260
5793
4545
12501
10692
1683
5555
12138
7778
8462
898
8721
3180
3772
12513
12220
11669
6162
2828
6226
1351
3499
6611
8778
126
1071
7682
7196
10640
11427
11325
10704
9523
1209
9710
3036
5993
6924
6246
6600
2792
8098
12996
3177
2254
8544
11222
2394
795
11587
12698
9231
5771
9095
8729
2551
4086
5326
7550
4540
11280
6211
9693
11933
6811
5190
11966
10173
6109
7739
10376
972
11058
7140
2226
7534
2601
853
11776
10131
12613
5952
1356
4440
11405
4098
9987
3763
4828
8594
951
9066
2946
6319
5841
8853
9860
7471
10202
2019
7108
7726
12504
12448
8486
2283
2457
7443
11203
11358
2545
6913
10885
10850
12359
3925
3671
9635
11360
11653
7077
3289
3593
8466
9272
9320
8679
10436
4088
9767
12495
1460
3046
8048
5228
2550
8152
1221
12864
10352
7515
8427
2066
12020
12190
8183
7187
2561
11141
2494
575
1009
12256
7067
3672
11845
9269
12841
1418
3244
139
9043
5349
3866
9904
5117
6279
5388
4068
794
4902
12473
5674
8808
335
2573
7656
2827
12713
2931
7269
10792
9847
1317
8878
12278
6667
1874
10197
4163
9212
5679
9209
11811
2108
3129
4651
3854
4110
251
4317
8328
3397
10817
3758
12569
5206
7174
1639
7040
7707
4623
2499
9243
4892
11394
12833
2121
3054
9258
6436
10047
1689
11756
10399
9310
12766
2715
9850
9816
7074
12625
3793
1922
11663
7295
8791
4823
5359
8249
3449
4694
4918
6258
12540
6669
1599
7583
11070
11083
7368
2277
7529
11824
3744
2227
3147
1621
9448
8253
8866
782
8364
6800
779
2369
10823
2993
1140
11586
586
643
8240
5781
9219
1254
11736
82
1336
5791
1104
10752
591
5622
3962
8632
12650
12217
1162
4382
1132
7034
2522
10144
10634
3047
7730
3206
9506
1430
3355
2961
7131
3730
3961
2608
12319
3839
3020
4833
1508
2202
2366
33
1012
5290
2470
12019
7003
9104
5433
12341
4287
2405
12376
24
1997
3427
12700
9444
11091
3595
8335
9073
6263
4932
10807
10986
10227
12135
2503
12722
9411
10980
12069
6592
11629
2491
11168
7948
2611
9445
12596
5235
8845
11958
448
2781
5363
4970
5473
1793
2876
1407
10478
12415
4969
8022
5934
12042
8867
3999
2434
8554
6221
12606
7597
8644
6955
7095
12023
1716
2161
7225
78
3300
7312
658
4554
6906
2085
3908
9424
11295
2629
4808
6664
6849
8431
7442
9584
459
2652
709
6575
11552
6997
12108
3224
2818
12581
10481
10252
7281
12830
4791
3350
12863
7153
11681
10920
5925
9327
6253
4812
4650
9977
9175
12835
3219
1141
6207
1630
5106
7760
12529
10444
9942
12839
7169
10209
10898
50
8850
4188
2814
5320
5247
5838
5369
2531
10882
11860
10528
11205
3360
5098
12957
5067
10608
771
9969
1854
9581
10706
8024
11100
12452
5237
742
740
12471
9788
8251
3150
12015
4062
8306
9240
3797
7043
11683
1687
11752
11568
2223
10633
4109
12906
12500
6531
9096
3395
2020
5902
2293
2515
5059
9443
11542
4896
4674
576
10607
5641
8327
3223
7620
8816
8747
6499
6398
10162
9497
11791
9111
12571
8557
12560
9692
10023
815
11903
12884
3692
912
1311
5301
10851
12671
10123
2228
5139
7695
4897
8804
1014
10594
7574
8855
12832
5806
11692
1566
84
9751
3083
439
3946
12547
10242
8522
11455
6061
8369
3850
10938
3557
40
1772
10117
12891
958
7926
3123
8370
6093
12990
201
2235
8041
3878
2099
7596
10032
10384
11202
5238
9499
3843
1506
7820
5583
10291
10545
9712
6579
5057
3146
5407
5605
8393
3498
1991
1858
9607
11073
11418
5424
1845
1230
11818
12678
3188
1612
12998
1269
1205
2352
7089
3361
12363
10632
4614
8182
832
6186
8907
2892
10222
8492
10448
7626
10837
1950
2639
5725
7065
9679
1703
9313
11888
9397
939
9979
2859
4224
9669
11775
12229
8930
7561
7964
12845
8208
5355
1713
2785
12603
1925
2274
12422
12284
2057
6651
8844
3647
4580
584
8862
1879
2380
11688
2736
6549
10337
1814
3896
11389
6049
1908
10362
9340
8444
3555
5101
7969
11988
1137
5895
1896
808
9250
10839
9473
1475
10487
5686
5983
661
9153
4816
9148
2115
8916
5274
2676
4695
12710
10537
10878
9139
2835
1737
4071
6004
11390
7863
12804
11755
6815
1080
7374
679
10018
2787
5684
2871
3175
9785
1368
2047
6016
923
4309
959
5547
4343
2370
12276
3667
291
4609
8913
9510
8708
6723
10625
9375
10019
9249
10732
6992
4719
12253
12719
6285
882
3951
11706
4175
10518
10485
6980
1875
2346
7669
5532
5995
8957
4891
3414
6648
10736
3625
5693
7125
1835
467
10933
8954
5420
3261
12776
1451
7331
1976
6445
3478
6914
4947
4451
10820
7229
792
8374
3049
1065
4938
4122
8955
6896
9773
37
10219
11117
308
7883
4721
12407
6037
2768
10332
12054
12261
1744
4196
11054
3756
6089
8163
371
10314
976
1520
3310
9534
1710
10121
3029
1182
9974
9075
8962
339
7981
11534
67
8856
7772
460
10603
5199
5200
12233
9776
1579
9439
10127
9652
4573
434
12331
4210
4613
3171
1120
159
11548
10049
406
10054
10832
2374
10405
11701
10238
8934
12270
8046
10024
4255
1990
10295
12556
5281
8314
3534
1569
7834
6245
3453
8547
2304
6161
10984
9362
1932
6284
868
3590
7258
12570
11545
7677
12552
12935
8415
10995
7776
6659
9622
5485
8880
768
578
1038
5856
3941
11297
5755
5967
10064
12303
12105
3205
10319
4450
8664
7544
7498
4159
3704
3066
2408
5985
7844
7371
8817
5753
2241
4868
7111
4655
7595
5748
6082
6805
5417
11228
3529
10004
6747
9830
5308
12468
12981
8537
8540
2179
10012
2328
11857
12950
11451
12280
6858
11987
8753
4346
1541
5862
12336
10551
2000
6795
7511
1402
11009
2747
7434
10714
4011
2279
1154
8731
6911
6746
7452
2014
7156
11224
1284
4264
5277
8683
7167
2737
1855
4234
11266
11249
10482
8723
7737
4022
3151
7607
11324
7838
7457
8772
6415
1063
7477
8969
7966
5049
2698
116
861
9873
12508
175
828
6841
3439
3034
10370
4113
3495
5072
2070
2625
4665
5381
2975
10788
6498
3630
2970
11572
10490
1978
6719
11079
6002
4778
11473
7741
10816
12752
4486
7130
6170
6101
9713
10025
5323
5991
8998
10678
11197
3216
7514
10465
12910
7105
11078
289
12077
7320
11150
6029
10514
696
1028
7209
7373
8499
1291
10564
453
4342
4388
1413
4708
2663
2544
3421
4092
12794
9234
7355
11375
5940
8631
1532
10292
12010
536
4881
12097
3060
483
2197
4422
3740
382
12953
8186
11115
10887
2770
11828
5833
5726
8095
12032
2207
8243
4111
3389
8127
7718
11462
9351
2419
5646
4624
522
1998
7033
10270
6511
11732
7243
4267
11471
7066
94
5890
7551
7280
598
7262
6566
9207
3876
3452
3690
11938
11969
8821
5003
12487
4722
427
11714
5061
12451
12486
3871
5884
10960
2021
6376
6184
6577
4847
8746
4633
1472
8846
10146
5428
10573
3618
11448
3560
7862
9186
2745
1037
10534
10001
2986
3457
10497
9081
5447
2510
217
4237
4637
6909
3886
12572
2178
5642
7487
3927
4134
4141
7150
5866
3033
456
8774
814
3588
11606
11381
5347
2513
4049
7764
11517
10726
7293
6700
5073
6297
6865
3892
641
8329
5159
10281
618
3190
12820
8247
628
745
3670
12443
10072
5966
2324
10772
652
8012
8577
4781
4444
12040
6283
9493
2217
6110
6504
6020
6456
8649
4755
12048
8123
5179
7631
6655
6056
3124
1989
9803
602
4046
2286
6837
3648
8966
9893
9629
9295
135
2599
4299
11134
9398
6553
8034
6887
9060
585
10556
9863
4483
12347
8693
9248
2027
11057
10229
10083
1338
7255
3604
7189
7789
5037
4316
3070
7188
4625
133
12402
3803
562
10916
12762
2836
10689
1015
129
10320
4240
10286
1755
6479
5219
6623
3645
8334
10357
5278
4090
12537
7313
12356
5471
1938
12460
2040
7425
3385
12693
1350
3315
7142
3638
5858
12580
11627
4081
7797
8737
3231
4706
2595
12694
10289
5087
2660
11807
10544
7711
2320
2423
8027
4975
3229
5765
10812
8829
6334
493
6453
5435
4481
11172
9975
10137
12465
11214
11524
4526
7756
9404
3127
11960
11647
7592
10351
10991
10705
6991
10215
2793
12286
9183
1422
2495
11576
7184
8057
7699
4047
1774
4978
10970
2776
6276
3097
6232
440
12717
9309
9817
10284
6782
6847
11593
12160
3200
3877
2074
7628
7986
12788
10558
223
4747
7847
2717
6923
1444
5568
8257
3051
7149
12000
10458
6882
4494
10221
1441
11865
10469
2336
12236
8421
2687
105
10120
12771
9202
12977
5844
10194
4677
3135
6345
11615
4404
8552
5262
1534
7203
3345
8070
12645
2307
5898
8268
1771
5663
11743
1668
10848
4988
9828
8678
4278
1371
5963
3488
9257
7464
8383
7102
5594
4895
6129
9968
10533
9962
11495
9026
8124
8146
2472
7808
5043
6222
5071
9634
840
8291
9732
1267
818
10764
6388
7967
9571
826
11040
10675
6278
918
11088
2111
11891
1239
2314
7902
10300
7123
9092
7474
10417
7328
3872
7675
3976
9923
12594
10203
11142
11560
2527
600
3933
7823
1559
9646
6736
2790
1164
5892
6925
6354
9676
834
6126
4217
2610
12886
484
4943
8836
8949
10416
11364
12418
12281
12397
10859
8654
5080
5452
12561
294
12290
5717
5893
10939
1540
7120
890
3729
3225
1496
10084
6435
6443
10979
7985
11113
12463
3508
104
1203
4951
9373
5891
6316
11440
8717
11167
10415
9575
5920
5441
9672
11020
12249
4190
5704
4662
800
3655
2186
6580
11423
8082
669
3617
3069
8318
12881
9660
6733
8786
8768
572
9390
4102
12810
2978
9438
11487
683
10604
4629
7127
3476
12398
11521
8602
11729
7570
1011
2123
7314
4120
44
1750
1888
6986
2402
10467
3943
3684
7024
81
9064
277
8209
2152
7533
5634
8086
1088
1100
8062
5570
8568
9675
1537
8280
3724
9090
8818
4065
9890
3358
839
9856
9612
7630
881
3432
5182
12858
6264
3390
6053
6912
2582
7651
7321
802
3629
9464
10587
2602
5081
2772
2621
143
957
5195
4767
2345
3679
12697
9482
11883
531
9394
5779
1544
7292
4940
12639
5354
8894
1802
5221
9582
620
4493
3619
11774
12741
5557
12509
8948
8584
6432
112
3265
2539
2927
11098
10672
5789
5031
396
9041
2742
5358
11409
10058
11004
7091
4296
857
4427
1165
10646
4741
8084
11225
9813
1830
12425
12728
11870
12661
2529
1044
2981
2861
1111
7826
6963
9921
5886
322
4294
5953
1433
330
1617
6915
5110
10647
1049
1981
8408
11643
272
9133
9745
3065
6958
5768
3628
6965
6386
6840
12842
8356
7565
6233
4249
1156
8647
9784
8032
12892
5498
9849
10418
11625
5231
8807
8495
12546
9643
1790
11999
5721
10685
12071
6630
12275
2633
5630
10976
6665
2208
336
12605
5792
12690
6686
4271
4236
2735
10597
2517
10829
5100
4105
8091
11844
5750
6468
4094
8288
4428
2095
3214
714
7545
2848
2699
4824
6596
10355
2819
7706
2997
11104
3372
806
9833
8000
671
9087
11124
9206
12403
2668
10584
11886
2337
8414
10538
5211
12680
565
12601
9408
4800
6777
11153
6766
7879
3442
4482
9819
6409
7022
10610
11099
1526
1564
8225
9955
3681
2231
7582
12454
5647
9727
11055
6979
9517
1945
8819
10138
4239
9678
11372
11820
3002
2826
3989
8384
2834
10588
3485
1939
10432
7103
9608
12192
10235
11582
6005
10353
5379
11178
9886
12154
1509
5486
8385
6387
12076
7270
9670
11430
11896
706
11366
1148
6812
5186
10389
1493
6656
5314
5257
9091
12551
6327
9062
9399
12901
3317
4028
6251
11306
12538
6063
10134
3673
388
5224
11269
3483
11016
5449
1907
2541
4764
3822
9160
1316
6654
3512
8442
12439
6257
1927
8559
1849
9098
8870
10387
10843
7294
2843
3778
10902
8593
10818
9797
4997
1751
1318
10164
5422
9367
911
9978
4166
9431
813
2476
9235
11696
5203
487
7899
4377
6820
6328
626
5114
11096
1629
11639
2109
2658
8590
11769
504
836
4687
3293
4616
3347
5579
13001
690
8543
2820
678
11250
9144
1424
1589
7435
2030
11986
8307
10172
2368
11287
7236
5524
4201
4225
4746
11754
245
8666
10627
1066
10156
1057
5154
7414
3168
2890
5333
1263
6225
2172
7309
6446
10679
10505
9798
9544
12334
7485
9478
1809
4462
8519
3366
6025
5201
10595
10087
8360
12106
4192
1345
11046
6367
9611
3170
11514
7555
2962
9437
9409
7910
1042
10109
6770
338
3096
334
12134
10204
1828
10550
492
1073
7713
8885
3991
12317
12025
10981
7345
1467
3531
7616
5460
838
5172
313
8321
9862
11549
12876
8301
3680
9169
5571
3611
7920
7703
7652
3609
4977
1307
1361
8901
7937
11800
10988
1247
5322
3639
6197
12012
7850
3283
3637
7465
7868
1862
2921
1669
11463
9342
9386
417
2669
3411
1936
2586
9880
6776
2726
6608
4235
3159
3686
12695
1956
7315
9689
4405
9122
10935
8246
10443
8775
6146
1354
6203
12354
11343
6050
11626
2594
12083
10841
6557
8244
2266
9376
6018
9844
10708
1623
4501
829
6271
12735
11338
7087
11533
8698
196
11122
12164
7357
11918
9158
1332
10088
6480
1220
6340
3677
267
1519
2763
10055
9009
4615
7031
3193
10439
8366
9384
12712
8194
8960
6703
5545
11954
4162
11872
5871
7304
9946
331
381
10561
5391
1036
12060
3675
9308
8763
5270
11437
8581
400
11242
6512
2406
5609
3657
9908
11802
5668
12949
9887
9267
651
5348
2590
8959
8688
10864
10580
12262
5927
10723
2651
9846
6502
1343
6140
5808
12449
12908
5546
1746
1464
5722
1968
3640
1367
4183
12189
8101
2044
11382
12744
12046
4167
5937
8935
12598
6361
7092
8669
6487
9920
7166
5302
11556
8738
11609
1095
6624
1021
8865
12357
785
2467
12472
11608
11361
3990
11119
9502
8699
1149
5168
1656
2413
9010
2738
1718
4009
1217
5840
719
9929
9533
1734
1911
1694
12689
3413
9190
8614
1295
12562
3550
10697
12715
7347
6621
6939
2410
4454
10845
10007
12687
6537
4383
9999
6583
7181
3325
1833
7621
12475
11531
12061
6397
7727
6844
8061
3732
1320
1542
9545
2771
10273
2881
6514
2037
1967
2615
6006
2484
6823
7875
2242
4671
11065
1485
5234
1661
2701
2411
10375
10769
9164
8609
11678
10181
1748
5514
7117
3904
12326
9811
6012
1592
7143
642
5189
12385
1709
2319
3445
790
374
11232
12195
9282
2839
12915
4172
4668
3254
5060
10246
537
9273
5897
207
312
5105
4801
1134
9440
11682
2187
8470
3841
7062
2757
4683
4074
6467
5596
6301
11406
3511
1379
508
12199
2624
2519
8500
11439
7608
4197
10618
1692
5883
6215
2857
12437
1996
5929
966
9548
5591
11365
7691
11176
7509
5633
8578
7324
12242
2344
6035
875
8871
5295
8205
6635
188
6645
8218
5530
12497
1376
4639
5846
8627
7874
11900
6204
10381
7260
12924
6888
10710
7088
11148
4253
6610
4338
9350
1603
458
10826
1033
10811
1682
1110
8298
10226
6666
7327
11590
2868
7364
2840
4465
3420
7644
4604
2626
4535
10107
11147
1632
4117
8527
405
12379
7038
1832
3008
12850
11086
4775
8025
5724
12724
353
3430
5766
6799
4762
1175
2623
4981
4810
7387
38
11105
11705
10702
1286
3875
11392
5732
4490
2886
9926
12127
9213
9412
481
5222
11922
2734
12103
12917
10037
2181
4731
4101
3202
1366
3400
1186
8820
12517
4912
3957
17
8710
5090
3849
9292
2746
1124
8238
5699
2233
10930
3537
10243
3269
8556
8344
7931
5713
6130
11032
9214
2643
10349
3643
6902
4876
5523
943
1352
2072
998
190
6967
10401
8445
7709
1330
8133
11833
2885
5518
11673
3765
6797
4866
10038
2778
359
8235
4286
5121
2064
11084
4803
11263
6115
11919
3992
3011
8553
12859
162
9723
1582
10893
7197
9518
3181
11144
6772
10700
6627
8177
11551
12714
8271
2553
3234
5857
7998
2435
8742
9074
1144
8131
3522
1069
4797
3352
12984
8608
7554
8770
5167
12920
6920
7332
4952
9664
10464
3330
2159
1231
7869
1419
5885
7380
2171
9467
10193
4937
6416
10002
12701
7333
6826
1403
7325
5258
6956
4397
12939
7048
1056
4696
2902
689
9044
7135
10831
11636
11201
10321
11660
5288
3887
3173
4861
10372
9706
8701
4470
12993
8572
3656
6853
8911
12885
10488
1372
10739
3162
9489
11332
8413
6501
3668
3514
9109
12435
3561
10119
3935
12563
2606
3536
11036
11972
4935
12753
2506
7370
11271
8961
6031
1271
12582
3098
880
5639
11407
2144
1695
6426
6794
10345
4097
9436
12488
8038
9627
7762
3227
10824
1173
3272
4328
5125
5069
4842
6668
6833
9294
12941
1912
9211
6808
10075
2939
9023
7356
1048
12142
2774
6058
4505
8130
2460
2204
7999
9237
5761
11982
1650
8919
8320
5675
9488
5889
11758
342
9722
12887
11218
3440
3599
708
9013
7757
5187
11830
4270
6941
6530
4621
1480
729
10738
1767
2500
7222
12279
7593
8219
6539
3823
3674
6392
4942
6382
10157
9485
7512
454
7240
9558
7061
8354
8241
2453
5698
10780
8426
8545
9460
5907
8439
1946
7379
3997
187
1324
8282
6691
6483
5742
403
5625
11357
11924
11177
8603
41
1905
3776
10858
2609
6048
568
3545
1353
9756
10330
7665
8313
3559
2879
2980
9147
647
11948
673
807
10629
54
7833
4300
12186
10297
11064
12388
2684
4669
12096
259
5825
7822
12946
7563
1743
7078
8667
817
8801
6788
1646
12080
11319
11029
12246
3095
1525
191
9704
9221
5160
2255
4384
5999
9101
2116
8809
11583
11746
183
7836
1212
11584
3410
1818
5659
4927
12512
10912
5623
10081
8167
261
7176
3844
10790
12824
3528
7975
8841
1118
11034
10583
6875
5085
11346
6116
2006
583
4096
9734
11575
10915
9665
5971
2928
11457
1396
10711
404
172
961
12773
11693
9681
5410
11819
4499
6809
8350
2177
7377
9371
2641
12819
6576
10990
6850
3063
9913
310
11359
9792
11868
4460
6159
4608
5939
4040
7831
5245
2619
7429
8754
11171
8713
8548
7504
4211
8441
3981
5807
9259
11764
6641
9500
8686
204
11500
9264
10687
10771
2665
11503
3257
6240
9047
9613
5528
3416
3172
8116
2536
623
1258
7720
4244
8660
2908
225
5503
12204
12063
3996
10763
464
11229
9395
5180
8939
5074
5169
770
10455
6634
11657
7723
5677
1962
7766
7009
5763
11175
9345
6135
6373
8832
803
11217
8875
6007
6121
2455
9790
301
8535
11290
4898
3940
2468
11123
12003
2837
2943
989
7475
4776
4348
9328
4738
5708
11161
7186
11076
1988
1061
7714
5517
9695
922
10493
702
8873
762
2777
9472
11893
3142
9868
300
579
10525
4890
7963
1377
276
11812
4578
9068
5505
7587
13007
10059
3412
7179
2313
1685
7633
1993
10491
7395
5488
9874
11847
2213
5487
12342
12784
3738
5861
9029
1672
6084
4349
2579
8714
561
3280
3274
8200
8405
9551
3187
7147
2284
5782
12389
1096
9937
6862
5025
8164
5029
2282
7069
10623
8149
2847
4796
7451
8147
441
5970
3603
4262
11
616
8242
5021
4471
11826
2170
1208
2511
3899
952
2051
6784
8656
1712
1034
7463
6180
4682
57
10942
10866
6612
7109
470
6824
4519
9238
2934
8830
6622
1249
1892
1089
3836
11313
8784
8394
12456
169
6090
7840
4673
9683
9918
1335
769
7310
3267
4145
4645
4656
2685
6901
6750
3380
5246
3388
12772
6773
7106
11180
6348
12519
8295
4916
10852
2317
8178
2248
9432
5273
168
9492
1753
9997
10906
3318
10586
4415
1003
1126
12664
10613
243
5632
63
3824
4960
3308
12446
8009
9590
482
88
8107
9832
8858
1510
1782
12599
11676
7558
7930
3482
11133
9800
170
5683
2850
11767
6062
6108
705
5843
4402
3434
10180
7044
892
293
9172
12709
514
527
2219
6748
3381
7560
4558
4771
4189
11264
503
1735
1868
11363
9256
8081
9748
7447
9001
5490
899
12843
7692
4334
3665
3727
435
4252
2630
10419
5837
12269
10223
8204
5661
10294
7653
4425
2673
6044
8435
4903
10253
2137
8202
4058
2157
11277
6573
10000
1614
3579
214
1025
8525
9315
7599
723
8715
9928
5864
4600
11690
1449
9718
11458
5331
4508
7030
2791
8592
12373
10366
236
11456
3103
12370
3323
2260
10591
10142
8915
2363
7663
7070
10236
5406
8236
6292
6871
3661
2696
2675
3460
8803
3
1522
2216
4634
11808
8884
12600
5312
2301
1303
7441
627
10398
9976
11491
5256
11577
4735
4204
1659
3711
9508
6201
3965
8898
3480
3192
9244
6944
10686
7375
4279
1985
10684
4590
2723
2863
3525
5317
3947
11247
7895
4032
805
10067
505
12396
2800
9882
11709
2525
3659
5979
2331
7086
3461
2309
3295
4125
1064
4073
8180
11155
7575
8761
26
4434
6571
12809
1596
12132
3021
4019
4690
9045
11227
2326
2865
4953
2261
12952
9685
921
5483
1101
150
1556
173
7165
7648
9552
1763
9119
6688
734
8869
1910
7696
1152
9150
2873
9935
2361
4445
3801
2598
1882
2648
2142
6661
12173
6001
9038
7590
5799
1349
1726
10451
11757
6134
10857
5539
12826
755
7090
10725
5377
8925
7432
1787
11843
8938
5005
1803
12875
5265
10176
10097
8188
10397
6729
5559
7296
635
10805
11087
3825
11135
6028
2136
1160
2310
4686
8924
9344
9470
2949
12882
281
6874
3583
8702
5282
9671
11635
12705
1780
9287
11417
1837
6248
7059
1524
12972
7979
5654
11994
12802
5118
6400
737
5848
7488
11566
2387
2017
4168
8752
10412
244
9423
8416
3139
5780
3546
9589
6429
3328
8392
748
8479
8876
9016
12913
8322
12610
7662
3189
9530
4598
4565
9914
5155
751
12624
4061
9911
1638
10391
1281
77
10531
12093
12245
11273
6330
13005
5248
1288
6045
12834
7719
4131
1200
8994
1893
5938
6590
12575
8279
5542
5626
10944
11968
11349
9814
4737
2743
10105
10199
257
5310
4232
5853
3169
7528
1503
7753
6425
11492
9768
7605
682
10968
4319
12140
1004
3213
1223
9708
4139
9989
6810
12421
1608
12909
5427
7830
3945
11991
12009
11744
12265
1331
5578
5210
5242
4243
981
152
8153
7391
1499
1363
12177
6231
5921
8992
9600
10602
3436
5122
3644
2591
1507
7643
4301
5469
10365
7394
7350
3521
2572
8132
6172
4248
5192
1593
11945
9463
11720
4165
2898
4579
11351
12526
3041
346
5047
8620
4612
5002
4399
11565
2429
8587
1527
4082
10674
11502
7569
2748
3596
1769
9076
11378
8079
1815
4021
1873
6009
11689
12111
6727
7287
7200
687
8156
7649
5008
9217
12057
557
10312
963
6206
7957
11353
8179
2056
1471
8976
5758
6926
6602
8541
10250
1481
12669
4452
12034
4075
11412
3694
8069
637
1958
2580
6411
4507
12989
1310
12257
7045
4025
4079
1334
5628
8391
10154
6299
667
8056
80
8771
2581
9020
3408
3802
11951
4859
2548
3071
1637
3191
12037
1030
5259
3387
997
3646
11607
801
6724
6171
3902
7735
10359
8418
721
2955
7336
9513
1211
283
76
5950
10256
5468
4423
1844
1273
61
2547
5638
3250
10263
2358
4119
12432
