983
5147
1987
6963
3387
4680
11472
8359
11111
2761
8455
5085
7554
12959
11655
10898
1551
8253
10671
12463
7133
12495
11340
3288
12311
8705
11209
253
2536
1858
8909
12944
12243
12584
12288
10583
8326
4657
8685
2705
11853
9204
588
12650
1014
2731
6149
7865
3062
10386
7548
5254
11724
12587
6753
1748
9266
5381
4531
10064
1007
9940
7791
12309
11605
9800
8658
7274
12405
6685
4829
2537
10247
7284
8362
6633
11846
6705
10189
9597
5638
12880
9839
5855
9339
11968
11691
5424
10837
2040
3947
11067
1686
5011
8391
4334
10725
5775
11280
5578
12637
9762
11897
10721
9348
10752
10692
5889
4705
1898
2185
12146
7019
897
5130
7679
5163
11512
3833
10212
12340
6104
4434
1447
6508
456
2693
9079
7612
1160
4526
6299
2484
6431
3144
12861
516
10722
8043
7610
6286
1328
6219
8004
6602
6189
12329
8263
6250
5482
4525
2016
2675
9075
6404
8896
12953
12344
12381
9456
10488
11403
12866
6828
7877
4207
4714
10960
9053
2252
4498
12641
6569
8257
12415
477
10395
7459
12630
11925
6846
5457
10923
1650
10570
1761
564
91
12595
12396
10060
8211
9907
3082
3621
3053
8218
10482
4967
12483
4435
11334
7195
6585
7509
11560
193
7460
3807
12290
859
2101
2233
8460
2520
12496
3637
1700
9689
1170
7956
7896
5614
9982
2564
11598
7872
12954
3457
12400
1692
2334
4923
12128
4740
11044
12263
1699
6675
2183
4338
4311
10008
3563
4075
1112
8815
10009
5861
9482
2928
4717
7520
10422
11263
5607
10256
4658
2494
4575
2060
4219
12193
10096
11634
4929
8669
11499
6958
1063
10537
4008
10335
9272
10646
4450
7065
3623
7026
10022
9702
4791
12651
8555
12016
10246
8136
5091
4676
3177
8059
5998
7342
12497
2777
12349
5362
2055
6718
6756
1785
9529
110
1766
7011
9152
9416
12702
10662
1469
1993
487
1361
10360
12863
3953
1190
2994
12062
11212
6681
2648
7123
9394
4183
8577
611
5526
2799
29
3157
4561
11088
3490
6566
140
4145
10700
2534
8935
1219
1257
10874
11401
7446
12709
10665
7759
2344
11269
10229
8972
6915
655
8018
1175
9054
7975
9327
4074
2857
605
9485
5909
2301
11060
7924
5920
10897
7344
3902
10966
12450
7374
6041
3492
8259
8570
4141
6325
4727
10893
3491
1209
6279
11241
8978
6601
5478
3126
5250
10201
4737
3308
6291
11390
11100
9102
11020
7581
3026
11777
5618
10778
4514
146
10448
10042
6474
8236
12966
12568
10716
372
9488
8694
5982
2068
6390
7341
11790
4325
10057
2921
9459
11425
1851
4128
9299
2820
11530
565
4743
1205
2478
6702
3682
10974
1721
6117
8360
5721
319
11169
8262
8237
11227
1077
12597
6862
3478
7574
2453
11237
232
9739
12336
3986
11103
2896
10275
10494
7965
12101
2707
6515
9631
1601
8235
8674
8473
2874
5189
3677
11517
4487
8872
10199
8333
12625
9137
10975
1468
851
8838
12902
11143
8861
6407
2365
1546
5053
1250
3793
5049
6974
1134
6481
6855
31
11478
1094
7549
3765
337
2219
1733
9227
12621
11411
5304
8270
3195
12462
6082
2658
3715
10643
10005
4997
11025
10225
7421
12811
2418
7945
5628
11421
6533
12239
6594
2817
2978
4760
10749
637
12578
9487
7090
1260
12631
7686
9587
11442
6486
9183
6245
12368
9632
4953
5961
7867
6176
4874
5756
6467
3007
5503
4597
2433
6453
980
5916
3894
8996
9479
11895
8585
7391
5446
10171
8456
1210
9249
9186
3394
4848
10612
3992
4283
5197
6472
148
2164
12660
7750
309
1327
1145
12763
11063
3131
7853
11620
9507
6973
5217
8474
6491
10562
2762
2326
7360
6306
186
6135
12919
5024
8072
2919
7558
10580
6703
1909
6462
7242
278
6329
5319
11254
3289
1688
5708
4003
2445
11117
10394
3912
380
7326
9815
100
2059
10636
10754
12237
6642
8440
5438
9418
5008
8516
5077
6102
6332
2165
4963
12294
10947
12838
12089
4930
5827
11745
11313
6377
10582
1453
11566
4324
6716
7320
10211
1385
1907
8976
5134
7511
5418
10104
12032
5788
10651
12727
7607
9403
7902
9743
12676
8486
2113
9584
6348
10018
7021
1180
4759
6546
9004
893
1156
9220
8642
1307
6864
1177
9692
4877
938
4147
634
5150
8370
3115
9123
8649
6951
7106
4096
423
4408
265
11470
640
9826
1426
6985
8975
6261
6109
9495
11188
5141
8780
3938
11277
8988
785
4656
9806
374
9704
546
11535
10058
7692
5279
8138
3872
8753
7433
9577
2406
8061
6867
5925
9464
10323
947
6276
9051
10461
5786
6537
2794
2859
907
8629
241
12724
4543
11565
6952
8675
11625
11053
11016
4132
10484
60
12433
182
3698
4644
12821
6988
10658
7788
11213
5335
8653
4873
12770
10828
11488
11381
11494
12173
3040
10708
11971
6725
5010
8429
8941
3054
7099
10858
997
12858
7561
9109
747
5416
6159
4399
9277
4485
6699
749
8065
2379
12125
8687
3739
5315
9763
1378
10521
13002
7512
150
12238
11921
12808
12901
8458
11186
2392
9481
2997
2988
9199
748
3552
3778
10641
6101
12934
9387
10450
2277
10956
2790
11532
3616
331
10391
5124
1886
8893
3995
12155
12894
5400
3704
424
4668
12513
3209
4377
7521
4746
12962
1261
12910
5397
12926
2053
12420
1652
9990
1427
12112
10803
1334
7160
11096
9578
9764
7473
7008
8692
4773
10511
8757
3553
11633
4460
10148
11878
1941
4959
639
11518
7351
5834
9527
775
1667
6760
10385
2470
10717
4302
5564
4447
2254
5108
9243
12741
11624
9108
12911
1181
3499
1870
1750
8852
3505
10532
270
4192
7889
12687
2419
9525
5755
5029
9718
9819
3418
9788
12416
12809
6771
1576
11055
5501
11574
9861
4875
9721
7429
4064
4754
12982
794
4151
8427
5174
1606
10430
12167
12365
12551
11766
648
10790
4076
5666
12090
506
12745
9892
7646
39
4826
5366
11820
3506
7661
12482
5741
8295
7158
10952
12448
3927
9918
6810
6538
1040
12885
999
1199
7216
1804
11694
3724
11281
4611
792
3092
1139
10797
7211
6181
5047
2104
5561
12254
4853
751
4534
8364
4478
12158
3626
10531
1215
689
2834
8274
12983
9745
3455
4243
5322
5605
1041
6238
7702
2695
2763
9508
9644
12830
3117
5325
9720
12000
10506
10088
8793
3908
8062
6850
8291
11781
8607
9366
8668
10030
11298
5365
3232
4182
10248
7131
5071
7126
2752
11511
1780
3426
6995
9699
937
3219
12163
12043
3179
6421
3234
7179
9670
9371
4568
4518
11498
3408
7855
4513
10812
4840
7214
9056
10366
5473
10535
1262
5871
11479
10564
895
7323
12963
2450
12438
4115
8183
6452
4952
11155
6786
11137
8550
7268
3531
9315
2791
8563
541
6006
12670
6406
10164
12028
8241
2851
1186
500
10119
8659
6298
10304
9564
12789
9313
11163
8410
8321
7616
7792
12599
10764
6270
6480
6392
9811
10106
753
2952
5895
11439
8903
5270
10208
4903
10468
3576
12484
6231
7413
2679
9121
11779
7085
7642
5351
9663
8560
9574
8413
5913
12657
10620
884
4856
12095
5713
11360
3290
7697
4857
12503
7718
5232
1770
5002
9143
11414
7850
2663
2589
8028
12110
718
143
8892
11190
3456
11374
335
195
4464
6027
3614
5727
11013
9698
8009
7135
8794
11157
7839
2056
524
2499
11135
1289
10792
10188
8686
3507
1935
4837
8966
8590
10839
5874
8672
8293
10755
6123
9150
1690
6430
5539
11631
9269
4036
11646
6711
7640
4425
7523
4682
7447
7336
12006
2524
11803
10342
2394
4277
8559
1743
9096
4742
6784
9960
12577
6255
7780
8054
5272
11002
178
9110
11029
1405
10455
1515
5985
7647
10588
10568
12341
3983
4878
4386
5330
5847
4728
2206
5758
7578
10516
6669
1130
10352
4771
6375
262
9205
6141
7174
10748
9502
8175
10237
3942
6210
12324
2221
12976
3966
12732
5581
6263
12224
3202
2595
10995
868
12964
6968
11075
9142
9516
3726
7915
12204
1243
9880
10663
5105
12106
7322
7563
11170
3141
1195
8439
9664
8710
7276
8378
6595
2287
9950
4171
1166
8540
10702
995
7406
11727
8866
10485
7086
11568
7818
11500
12782
11979
8019
3451
247
11583
9496
11435
1150
2119
6860
173
6954
11702
10719
7386
1051
12822
2257
4293
119
11606
5753
7556
1340
7566
250
805
10326
5140
7539
12573
5412
7504
4823
11798
4966
4356
8633
11881
5785
12498
2131
11877
6048
7916
3784
386
6885
3278
1001
10720
6637
10160
7378
11314
11836
1826
11763
7107
1263
3781
3510
4
3600
731
6
7695
8029
177
10381
11420
8777
6807
1238
8339
12537
10777
6991
3906
5080
11397
6326
5615
7939
5590
12197
4720
12428
10729
7893
2927
11205
9789
2264
7330
1615
11028
11153
4838
1796
1154
11889
6273
5601
488
3257
10332
6454
4934
3991
10578
5329
3498
11454
4573
5114
8330
1321
6523
7955
3976
5568
11527
11898
1859
935
11151
35
8953
11717
12608
3161
6923
3628
12818
5500
8562
5587
3341
1456
4798
71
12532
11829
3564
4793
7590
3108
6853
7147
11738
856
11902
2729
9092
7304
12380
12717
10808
12734
2474
1503
5055
9725
2907
3631
201
11792
5477
3404
10250
9633
10476
8955
5493
8643
5022
2594
7535
4926
7009
11673
659
1648
6409
2892
5208
10031
5098
1614
2800
7527
11855
9790
5214
185
2836
10209
2431
68
11078
916
4186
4468
2402
10121
2660
4278
8916
10916
6768
3044
6505
8290
11072
7961
9686
2613
9037
9453
2203
5804
10321
7151
11600
8769
12236
12379
5352
8006
6997
11467
8804
6139
4130
12680
11304
9474
9893
1881
965
5221
7327
4655
147
2466
7746
9881
5943
7972
5726
11318
2014
2034
10139
12304
3347
9354
10927
4943
8703
602
3679
9954
4731
1497
8712
11399
9483
5542
445
2986
9638
3734
11451
10627
1809
1812
1117
9136
12082
11647
3431
1276
2511
12350
1782
10805
3585
12057
5766
2593
3296
12152
7239
2878
9583
3154
10156
179
5216
686
5940
2576
11174
10615
51
4200
5251
12683
6489
7984
11617
1922
7739
10807
6388
255
3252
3489
12912
6287
5023
10301
12132
8066
7659
7079
4035
2467
7178
11531
11184
7120
3954
758
10655
3410
606
2969
1200
6953
7263
2390
9999
8476
10066
11731
10833
845
367
2376
7418
6451
9998
660
12266
240
2480
1333
11158
9477
5367
9175
3336
3459
10080
12122
8873
5545
58
9378
5490
11320
5133
11433
3393
2616
5455
11121
4718
7536
8608
10264
6804
10936
3187
622
3167
4590
2191
8313
12052
11262
5495
8106
10146
779
1082
11093
11164
2617
6217
8503
9714
5361
11434
10186
7669
12181
145
10380
1171
5637
12518
11959
54
3701
6874
646
9431
1198
2229
8306
5456
12815
6184
6556
10642
3851
11348
1514
239
4548
2437
8865
12825
8605
4430
11102
8146
12536
1589
1418
2981
12515
9119
3590
4053
9055
4556
3467
6830
12701
5483
8583
8805
1061
3215
5186
2220
12790
10059
455
10071
9768
11310
10810
7296
3043
12957
11847
10328
1294
9526
1862
6738
323
5496
10890
12364
263
8841
9733
3969
12250
2723
11529
6709
8399
1995
1730
4524
11032
3445
846
11886
3349
3667
2912
6527
8025
11549
10166
12131
6607
7508
7971
1460
5062
4084
4062
8766
992
1735
11705
10840
11653
6251
4732
3352
67
8011
10672
663
10491
5997
2440
12281
442
3283
11812
8494
7660
12847
9829
2132
4158
9710
10004
12561
12377
6564
1129
673
5253
6395
950
4766
5550
2585
9812
12013
7506
11034
4883
538
2368
6372
1827
4634
2577
1904
2225
5994
12
10150
5065
10460
10758
4904
1647
6972
5597
4885
12102
2161
4353
7613
9107
4949
11548
4521
4073
8379
10932
1202
3470
3520
5219
370
9650
7621
9770
5111
5914
214
8377
8858
1315
1777
4043
5421
1085
7667
11919
7570
2351
4496
4209
836
8416
3468
2766
10390
4774
8490
5317
6309
3760
7440
7990
11322
8332
10964
6806
2638
6750
3659
2194
6932
941
9063
5088
4855
4769
5151
11247
8617
11639
8879
6281
463
12914
6183
4046
12038
4490
11622
4667
9641
4755
2631
9810
7595
10370
5927
10727
3549
9103
3850
4427
11744
11305
12530
5435
9374
12758
5716
12841
402
7741
6752
8654
4958
6584
9308
8695
4824
2106
7993
8781
3027
5178
3606
11942
2237
1182
2343
3790
4751
1789
2308
4345
10309
452
1672
2189
8036
3376
2949
12753
12298
8875
2529
7589
12142
1293
5911
3267
8748
11852
4920
7012
5436
1323
6360
11175
6398
8234
7397
8173
6154
8819
2979
12667
1764
8361
364
12850
6933
11552
11618
5868
1336
5371
8811
6341
10596
369
8005
12544
7555
4533
2502
4501
6320
7442
4320
483
11058
6498
10311
6989
523
9282
3029
10481
7547
7253
3815
9621
12916
1808
4032
9386
8644
4636
9311
12126
64
297
6690
9887
4463
9166
2190
10682
4570
978
12491
4735
9586
12754
1163
3792
569
4351
4799
5246
2304
5142
9675
213
6780
9124
7723
7187
5393
8160
6496
9334
284
11992
5346
9090
9536
6797
1106
8466
7240
7580
4217
6673
3670
2093
11965
12014
6383
8568
6701
1621
9341
1841
10279
10934
9060
9920
3508
9101
1627
168
6241
2532
12534
5671
4887
9145
124
6507
691
9498
4563
11324
11874
2421
6743
2479
2843
4494
6627
7518
10602
11916
9068
2797
1306
10402
10270
10338
6520
12781
4476
271
4133
4405
4224
11248
6484
7994
2611
7644
6555
810
211
9741
8479
11486
2118
467
12119
9042
3910
3402
9480
3681
5343
408
10193
12952
1339
3511
2506
4222
12271
12260
10866
3477
6617
8107
10267
8706
8097
1538
12773
2245
5171
3975
3844
8349
10252
3638
2129
4991
175
4858
4626
11756
11214
1253
6029
6389
2846
6185
8859
7742
8867
10970
1484
7779
8557
2806
12259
12980
316
5678
10149
5744
683
7245
2996
1693
877
10310
4646
9888
1593
4893
12571
6740
12322
10438
2828
6735
9067
9932
11661
1279
11012
7426
5720
414
2333
3598
4455
12525
6207
7069
6887
441
3091
13010
3158
7408
12287
6914
3344
3106
2475
8704
3812
2401
8816
9648
7436
3237
11558
8597
3307
1836
5360
9434
4467
540
11981
10204
12427
11085
7016
11404
1078
10197
6237
11375
574
9802
1874
7063
12489
1623
2680
1829
6666
9582
5472
11146
539
11775
7890
7668
6896
6536
12656
10435
2420
12769
12965
2993
10398
7038
2844
9346
9534
2780
12222
9560
3543
7300
7782
9465
2704
12042
11772
3132
6038
11261
12442
8135
6646
2236
12351
3731
2212
6647
10473
8327
2779
2265
5229
11407
4785
10953
12913
4506
2448
4781
8662
5988
2922
1755
6548
3293
9240
4615
5423
3269
10599
4592
11370
1052
9475
3560
189
12666
10820
4599
4908
7277
6811
412
8517
7714
616
12765
9125
11018
12884
1299
544
1179
10935
789
6816
9850
8014
378
69
12070
1863
5308
4725
9695
12598
3009
12480
6736
4119
7672
8635
7845
8696
8426
5013
1553
8566
10574
3265
12669
9455
4308
5408
7906
363
6872
11387
2222
5981
3567
8581
534
3521
9014
10297
377
12653
11841
4579
6305
4995
5571
5681
7089
12206
9984
3163
3271
8461
11854
7740
7897
9905
1989
3065
5543
6140
7664
11077
4094
4978
11966
5714
8127
5212
7454
8876
2815
1948
4767
7076
6865
12979
9594
6370
9813
3422
9589
3721
10463
1726
5143
10184
6049
5426
7189
5685
6033
11095
43
11969
5469
9226
3534
11023
10327
8989
5144
1060
4993
5056
9870
9365
3801
10775
4061
7986
11751
10761
10571
908
9738
10514
9735
10987
12767
8957
10232
10243
2
7806
12338
8003
1728
3708
4249
1929
733
12005
7730
1932
3530
684
2174
2239
9532
3281
6696
11547
12301
5770
5907
10202
11944
10869
12611
2111
745
5001
1906
2449
12220
12719
8530
9934
9784
3464
12423
4741
6366
3227
12642
11265
6861
2627
1638
1167
10616
5205
12993
1617
6640
5067
12721
3133
1080
38
11219
9993
5305
8273
596
10036
12053
7736
5812
266
9848
1366
2849
1669
10638
8844
2468
3050
5901
4380
8930
2358
7760
5296
11469
274
3109
8754
1685
12138
12466
6023
6562
93
7784
9833
11315
4275
7793
8375
3155
4821
8835
3814
968
12645
5497
8420
8574
1677
1430
12748
12716
1067
3740
7703
3263
3345
3875
4421
7790
12485
10415
4172
1756
12839
1127
7819
1045
6479
12234
932
8400
5811
10339
12545
9349
2285
52
12574
11659
5960
1976
6570
352
9968
9399
7573
6085
5838
4637
1410
11850
12111
7911
3337
3392
2363
8229
12358
2971
11444
10194
7338
2120
787
5222
5702
4813
6919
8854
3651
6795
3330
218
2492
8044
5891
8572
12456
9948
2270
1619
5674
3937
8145
3207
6345
9640
11817
5651
5277
12647
7823
910
8845
5439
3881
12299
5904
11719
2057
2064
5839
6340
5952
5686
8012
4152
4756
11554
5778
10914
1501
1241
10163
3974
10740
6232
1955
12535
492
651
6271
1763
2975
9727
7097
921
1096
10470
11899
11936
2570
11991
6107
9301
2063
675
1599
8463
6034
7367
3435
7960
9965
10109
125
4282
729
9176
5698
1966
4950
931
11191
3913
10990
11446
9033
3039
5161
7560
940
12097
1828
657
2033
2438
2525
6214
6621
1934
8524
10343
9034
2856
6645
5350
10462
10108
6009
4028
1377
10483
9499
5971
8954
10924
12148
2552
11475
6998
10704
11952
5486
12363
7194
7494
7423
4310
3596
3772
1944
12662
11703
12626
6145
4352
7648
2369
3658
3339
527
6313
7286
7379
12549
533
2875
3497
4784
8299
4047
8787
4783
9868
13
10573
5860
3579
9963
403
8684
8537
8348
990
1026
2208
853
5227
6073
10073
10216
8431
2737
4965
10889
10305
10274
11563
3537
881
10260
2538
6441
6057
5273
920
6352
1663
2186
5119
11832
8010
2730
6553
2181
2895
4251
958
11525
10668
858
12079
5697
9751
8789
7813
11441
864
5461
8645
7175
1223
4001
10401
1404
6519
11331
6172
5095
6393
2666
9667
12678
701
4794
1370
11807
5314
10955
6094
9569
2231
8961
10905
5573
3538
5415
5192
4911
10650
10697
5792
12588
838
7259
1847
5585
7675
2603
9728
9104
530
3829
11497
6859
3097
411
1312
12797
9792
9927
9157
3354
6619
6904
11684
5165
1561
5822
3605
12320
10816
2683
2284
8021
3142
6796
4231
7805
6367
11621
4587
6203
7249
11750
7311
9772
6490
4428
3871
6439
11017
11825
10789
344
9877
4347
4436
4927
5680
12009
6636
10593
12725
6206
2744
8679
4763
890
7907
1495
8177
7243
9683
2831
5566
4814
11221
12044
5797
12521
10767
2944
8774
9484
11776
3292
9838
8222
3324
10550
5580
7583
11662
4477
3748
7398
6889
1659
12550
8048
6638
6574
871
4515
2476
1142
9180
4909
6122
9376
4088
649
10124
5669
7118
4355
6371
4651
12628
11345
12873
5656
6826
11437
2416
5375
1126
10614
11294
109
3925
9930
933
6244
5226
5586
6557
9599
2428
3863
4148
11187
8371
5076
9359
8884
6240
1423
9879
8401
9544
6427
2669
7715
10192
7372
1912
2459
8023
12436
1290
9851
5498
5844
12359
2062
5873
9379
3836
681
706
9872
12357
5966
7913
7655
1297
1278
1128
9084
10152
11225
7112
1123
7751
5814
967
875
9323
10518
8357
1053
2920
11523
12533
5021
12674
11249
2095
5875
2302
11183
11465
3221
831
6061
5027
8448
2215
10306
2458
3122
1288
7789
11970
5848
2545
49
7770
12376
6720
9117
12668
6322
3483
7562
3810
9064
8223
9128
123
8407
7724
2005
1914
6151
4819
9265
5894
796
7851
9271
5908
3924
2493
9038
10572
3944
11264
7235
11200
10217
5245
473
12020
7145
6267
3261
3176
1822
10347
4265
12994
4739
2626
4519
5991
6892
12652
11301
4117
4968
9967
1800
10639
12750
10519
11356
2565
10176
5867
8013
1783
7325
4466
1580
12049
12434
5815
12927
5348
11199
4504
10726
8655
12066
1300
1446
12426
10069
280
6032
1797
7132
4042
773
800
7694
8271
10295
9716
7409
972
2842
2610
12054
163
7544
11054
7457
6809
8174
8342
12145
4287
3173
6361
12147
11232
1806
466
11509
8421
2778
8987
597
1754
3911
4697
8636
3474
10126
5458
2462
7168
7952
8740
3978
6044
2090
12030
11319
12169
2501
10601
5167
10997
7653
12292
9219
7053
8492
4029
10919
9194
4982
6179
9192
4333
4336
10860
7904
6688
11743
11009
2515
11220
1329
144
5518
7355
761
4433
5519
1522
5401
7164
1696
2539
5897
6727
7055
10587
2862
4906
5357
4822
1438
6220
8630
5663
4227
9432
4034
9326
9976
9531
4912
5765
7321
11905
11228
4240
11130
12225
11064
4301
2486
11909
3205
12627
7363
5876
12361
3417
8915
4937
4830
4401
3010
2389
3673
11715
7755
5695
8053
12316
12579
8155
5620
6934
10544
2065
11496
7673
1109
11900
5653
6782
4017
7115
5364
7670
8052
8601
912
1757
3838
8959
468
4576
10549
8626
7912
10444
3586
11545
9331
7104
481
6563
1408
12088
10581
5802
2404
8614
2563
7496
7565
2331
3503
12523
12210
2002
8394
8186
7059
2084
5383
3472
1608
9557
3591
1760
10110
3622
4196
4069
1221
10669
5103
5547
8698
9065
8256
6613
11964
4520
10801
5662
7921
7883
2926
10001
11131
10824
275
2320
11178
2796
8002
8035
1173
4123
10595
6254
6022
1792
8993
7966
777
130
8676
2623
6249
6883
5441
8853
507
7248
10899
5999
357
12333
568
7252
7117
4738
3014
5919
10416
10941
11974
6739
7467
11216
12649
949
702
10821
11364
5712
5058
8030
6087
9665
475
1843
7992
10282
2728
3077
1633
1517
8196
5353
8083
3535
9885
9007
3771
5885
9426
2713
3475
5200
7761
8045
9524
10652
11418
11300
1568
1435
662
4218
4677
4134
6686
5261
8697
7691
5648
8848
10850
2897
6195
62
5768
3693
6256
12127
7881
236
10604
4289
5558
12264
4395
257
4346
1483
8637
8981
2938
4144
11367
10707
8980
198
1459
11842
7074
4803
9923
8450
9214
7587
6160
8109
11239
8798
1048
11317
10446
7829
5030
10340
11887
2792
12813
12499
11278
2864
9615
6805
5932
4566
3860
3828
1570
10097
11026
2528
7212
3448
4276
8402
2409
8664
6039
11681
5761
6631
9691
7859
8022
8031
11581
2812
7982
417
2385
1252
8596
9649
3112
4713
11539
347
3199
196
4551
1969
11607
3407
4129
6978
9300
9841
6949
1818
10363
10959
4264
2341
12293
3774
6353
5207
1738
6980
9854
2066
3008
11857
1296
8212
9711
11623
7125
3279
3342
11132
5968
9627
4869
5574
8123
8536
8992
3607
1280
12618
10849
12406
11975
10597
6836
1255
12915
5691
8319
4256
7942
6955
3719
8150
7202
318
23
1436
10090
10427
8671
9535
545
4167
6698
7124
12817
8891
12246
5184
5428
3443
9822
6415
12538
362
6191
9867
11252
2523
8784
9680
3487
3939
7075
12761
11749
713
10015
7503
1310
6790
4598
8618
12141
7280
5387
1049
1010
12973
4025
1837
10854
1485
6987
6765
3796
4379
7954
11468
7541
1272
7128
8298
10906
7762
9422
8140
7332
2785
11384
12564
6808
991
5537
5182
6182
10213
7472
7629
7443
8098
7162
2328
3433
3385
6396
2443
9891
4290
4078
11510
5673
4616
7662
8414
4049
5869
12692
1006
3842
11429
5833
6368
5643
7224
703
6173
4202
12447
12461
6310
5422
10759
5005
9656
4422
8690
982
3769
4263
12764
7783
7146
8746
2147
3895
3113
6351
7071
10312
283
8619
7873
12284
8621
1913
7846
444
3578
3058
6158
8908
973
6050
2902
10505
12465
11502
10414
4886
9179
8281
3686
928
2204
9847
1478
10656
3669
10127
6643
4529
10020
13000
3584
10129
8484
8620
6684
5880
12374
2959
1027
11730
7333
9620
12168
1018
7951
1594
2168
8396
11872
4304
9454
558
10567
4558
1597
7218
11211
5382
3688
8709
8576
11141
12746
4989
11542
11005
9759
9926
8316
2160
11938
8726
5332
5454
9979
3556
12592
10939
9884
8731
7362
3222
7138
1088
12451
3565
1562
9201
11033
3085
6962
7479
1556
295
9494
6975
3314
3400
7256
2241
9804
5443
7261
4400
12612
3452
1678
5942
9828
2644
2548
1550
9288
9736
11372
11642
6792
3107
10598
2408
12877
7269
6961
12487
10489
12778
1547
10114
7980
9264
10745
11806
10432
3383
11924
919
2546
6506
6422
11835
9897
873
1873
12856
6247
8515
1684
7559
3988
7339
8093
3718
12041
2573
7301
4261
8088
4212
11266
181
10122
6773
741
10330
5936
10879
7630
6436
244
1047
115
3204
1036
3999
349
9922
10771
5042
9229
1020
10253
11059
8632
3519
9149
11871
1992
12520
11729
7229
4901
5800
2003
4098
12334
9611
3034
82
5970
9391
4362
7439
338
9571
12735
7357
8902
4332
3424
1502
9118
7205
1102
5912
6708
3989
6150
11586
10711
5639
11546
1920
2606
7157
2261
8217
2698
8977
9262
9945
5206
1454
2151
8790
3813
8539
734
1017
10141
10085
3486
5950
1540
11735
12555
9859
5939
215
11580
4859
6922
6331
1042
11943
2702
10892
12384
5153
5934
3852
2012
10041
2405
4033
8320
6823
6967
3948
9570
7799
12458
9078
1207
7879
6327
5630
7119
11271
9057
12905
3276
9550
5732
9688
630
9863
10913
11303
1388
3680
5374
165
5645
2166
512
8623
10014
8258
2962
4565
6762
12893
2929
4632
9322
3359
11048
12060
6037
2251
1983
4629
1235
9562
3950
5086
11980
3727
3593
10782
8582
5271
12552
9115
5515
502
10566
12890
4244
3399
237
7108
1759
11540
2742
10625
3982
3429
4532
11413
1022
6113
11258
1518
3413
532
2886
8545
1917
12395
11665
10753
6717
10472
12007
10768
8497
6983
12804
629
3907
10453
7024
8017
1376
5977
8984
9261
9607
2352
12156
12227
6060
8078
2397
3504
8156
8552
4404
9290
7334
7188
1716
12389
12051
1024
2200
2465
11119
7083
3608
979
1973
10526
12928
10048
2035
2629
12065
7615
5427
2305
219
10083
10284
5480
12455
3482
1384
6957
5035
12744
10429
1245
4907
12805
9955
10180
9381
11344
7077
7815
9144
10240
2621
6201
12362
5849
2201
2741
5740
11537
5156
11389
6788
6105
8337
3956
12069
2108
4981
9016
4647
9404
5504
9303
6130
843
8417
11773
3612
8084
6187
11363
12675
12506
7262
6695
7434
4216
326
4031
8324
6394
666
3134
10909
11156
12026
5963
812
8015
2170
293
6461
256
9428
1043
4984
3849
3166
986
11148
927
12565
10103
2142
3249
7763
12777
776
5625
6895
7105
11336
11821
7925
7834
5588
6448
9552
7
4170
7250
8964
8076
6970
6358
2930
3449
6774
3233
3264
7604
5584
7930
6369
3648
9185
1192
1537
12634
10706
26
9337
2579
121
6858
1434
12235
10861
4437
2303
12289
5054
10257
12355
3172
10657
376
2750
11907
2336
9126
9168
10254
6188
5636
4066
11823
4948
3803
3066
12337
10836
9141
1114
643
1875
4153
3327
1504
4768
334
2069
407
6229
6903
12268
9801
3298
9030
10185
10040
975
5410
6742
12306
11932
4863
12404
795
7477
8721
5672
5995
6111
2461
11522
7317
7444
10734
5323
7000
5284
2425
7708
383
2076
5453
12192
6414
7171
3073
6132
3060
6026
5546
7182
379
9899
11021
2877
2598
11395
7246
1543
1189
9613
12386
8612
5194
1086
7525
5370
8228
5218
8578
3069
4867
9100
9623
2832
674
5154
9917
2232
8261
4194
2586
8151
11827
9602
9737
197
6036
3493
4159
478
3568
2854
9636
11950
4480
8305
7056
4578
12752
5544
2027
7611
6224
1940
159
7098
1093
8181
9778
7572
1493
5101
7279
8110
7899
12869
3876
7857
2398
12394
2162
2672
10783
6092
12943
6433
5527
2051
9106
8195
3518
4102
7102
8682
3864
10744
9198
2516
11930
8660
8303
7208
12604
11003
3820
12738
9405
3717
3139
1058
7953
10695
10884
11627
157
11630
12845
8641
7004
8213
1901
892
6845
8561
5040
3930
3473
8041
3019
1137
205
685
4230
6946
206
418
4373
12820
279
10539
7394
2764
4402
6534
12441
3656
4744
5734
6168
11215
2747
7794
3645
12023
435
10214
10231
5479
5512
10028
356
3405
12875
8310
6513
1229
12228
10556
9753
12791
2350
2044
5234
6031
4687
11748
6714
6687
3432
1110
12658
12345
2226
7507
5064
10086
3067
9289
5972
6402
2167
2640
6902
10373
10374
8505
10387
6317
889
381
5137
11166
11686
11722
4109
781
6908
12050
2207
4174
2140
7943
1709
10972
7082
4149
4307
1591
11226
11688
18
2968
10978
12091
4622
1926
5012
2687
1038
366
1665
4199
11222
9469
5028
7070
6630
5843
5864
11866
5905
7973
10167
5388
4458
2329
11780
9882
6824
8105
10785
6342
1558
3547
11958
12960
1740
3332
10078
11716
8522
12586
12277
6014
5793
8520
9167
5014
11047
12609
768
1662
7979
9933
6609
6343
12402
1471
7370
9398
10632
9723
10331
7822
2734
8037
341
11203
4606
10412
1374
4354
4540
11476
7431
10206
8610
9712
2963
4890
3848
5429
1572
41
725
7267
11726
12328
11946
3182
5265
6418
188
1131
6071
653
899
1723
1457
4699
11997
3926
760
2342
903
1421
3831
5037
4662
6424
6405
7319
7531
6218
8161
11708
436
6338
642
11312
5004
6758
7156
7579
6800
12511
12576
10348
1338
8434
11162
956
705
1397
3128
12606
7206
12646
8870
3377
12175
8897
9572
4081
6682
11650
7685
6749
12762
9604
3463
11366
12275
8419
1071
11567
6303
8728
2924
3226
6469
11757
2966
8823
8906
12272
8541
8115
10123
4850
5373
7705
3652
2578
4660
1910
11042
9083
1389
5289
9794
3194
8946
1767
8963
4483
12971
9628
6543
8373
9946
5474
1100
6755
9258
2082
11092
6170
11022
398
12812
5836
12843
4686
1607
6770
1373
12067
10002
5548
9452
1183
12024
1896
2159
7247
3728
9135
8786
2813
12501
3905
11941
8593
10498
3751
4288
12025
12100
11287
1588
7430
4180
8899
8250
2596
6626
11406
8408
4663
808
9936
10600
8525
4366
6269
2569
5484
7654
10982
10003
1472
10546
10732
1506
2918
7481
12120
8600
6292
9189
9754
878
9834
1091
1824
12593
2665
12757
8925
191
5015
885
5735
4281
4778
4137
8283
12950
6820
9814
5974
2083
10815
8613
1000
12635
7361
3610
7999
9846
5440
9642
4752
12723
3083
9161
9653
8752
11361
12214
5987
12422
12774
2566
12755
184
2460
5841
1313
12401
2373
2960
10025
9493
5459
10075
12240
12517
694
7241
282
10949
8185
2293
4918
1076
11112
7405
4582
2784
5155
1727
2353
2841
4340
5872
8315
8499
607
16
3941
6802
12596
1931
3309
4685
6318
12897
3821
11851
11693
10362
10661
4026
12161
9073
10787
5976
4107
2273
4365
12862
10100
1535
2223
2018
10756
1741
9820
9506
10673
5149
12779
12540
6067
12673
6333
11758
9338
5825
583
6511
1861
10576
2948
2869
3636
5851
6464
11007
2173
12099
4812
11660
8913
3266
11443
700
8118
9898
11882
11327
11097
5344
6986
4045
3536
7918
528
498
8193
2873
7981
833
12285
5310
1687
2086
5742
4896
11041
8531
301
8519
10393
11283
6110
8918
11038
10397
4154
1069
6391
4664
3368
4439
8478
1585
9003
4020
7905
5739
4387
822
4391
9409
10371
5431
898
7265
8512
11383
6745
7144
11762
10475
8714
11783
2386
6913
6272
5126
5688
3877
6476
7233
6644
12726
11644
8665
5559
3777
6847
8622
6530
9547
7586
9816
2580
976
10439
98
9843
8979
10553
12907
11843
355
11927
9672
6482
3297
11822
2138
5168
8121
6798
4544
12961
6900
5414
1598
2176
9497
8085
10937
425
8285
11260
2137
594
2313
7352
7420
2009
12262
1923
1101
7041
12978
5795
9046
6843
12585
3786
5129
2307
615
2091
10361
2364
10183
9257
7003
1256
12739
4608
9677
11027
4407
6248
8747
553
9284
6380
12375
6683
7626
2107
2852
6420
5877
12130
4640
7931
4865
3147
305
6572
10177
3918
5975
1222
4820
3242
10307
11402
9953
1736
11562
7748
57
10369
10508
2010
11666
6277
5041
12412
2633
302
9340
10292
2039
5162
10382
10364
2442
2866
834
2043
7343
2788
5832
11787
3997
3566
842
2717
6748
9645
6712
8677
12737
3098
7441
7892
1322
7577
525
5233
6551
11860
8354
12803
5507
8598
11961
4931
5598
1056
9026
8565
6264
5896
10660
12475
1821
2738
708
3051
12353
7687
4162
10496
3028
4955
2789
11136
5611
11870
10762
5683
11082
7498
306
3397
4922
5464
7633
1921
2884
443
2727
9517
1903
264
4314
4511
3211
10187
2602
1573
10654
5853
7110
12844
2156
10856
3755
8187
3024
10798
4213
4624
2682
10276
3423
5358
12504
988
2094
9268
1455
2933
12619
2463
8214
11543
6764
7922
3818
4403
802
8755
10882
1897
10063
10793
172
8200
8343
12296
788
1218
7671
6196
7534
772
801
9466
3730
10266
11701
1694
10873
6510
12113
1482
10223
3412
936
6215
2048
2913
11161
8101
12570
7006
4916
4653
8803
8864
2645
12509
12196
12261
9470
12718
272
11815
5499
11667
390
10739
7474
10479
3873
6438
11840
9421
5224
12392
12941
6443
5145
1539
6148
12710
5589
6560
5248
2495
6381
7830
5965
3186
3512
8806
10922
6259
7354
4643
117
10951
12527
12297
8308
1169
8376
7210
4280
5745
1552
10901
8425
9842
1308
11417
7884
2013
9036
339
4312
10087
2987
299
1811
11528
6565
3517
3858
12315
3365
4672
9287
1424
501
12708
11888
567
11377
8688
10162
818
5198
1937
9629
6447
11575
8673
10396
7272
5249
5031
6193
3436
6539
7785
2512
3076
3396
8294
1592
13011
11432
11129
11793
10503
1746
8807
4493
2276
4321
10238
8445
9471
11125
9043
7776
4807
12150
2547
3124
4262
12347
1224
1008
11856
8487
10723
6692
1107
13003
8289
11804
8990
5050
549
7198
5730
10976
693
6888
11626
10804
4962
1965
2953
6852
7637
9209
7622
6532
6879
4013
994
4711
3655
7476
11858
9173
1752
1857
6502
7609
249
7944
9585
8329
12446
9233
10094
1660
4418
4241
11683
5634
10173
12457
7712
12430
1188
4536
11869
10509
6316
3843
510
11365
7193
12295
238
7331
4828
8648
5990
9235
2316
11710
7368
2619
1715
2396
3710
3078
1751
9634
10010
12622
860
9651
3304
7720
8369
4456
998
410
7840
12868
8571
3162
4602
5196
9280
7598
2976
2599
12081
12833
3524
8558
7463
10089
12997
12688
8208
4297
1411
6266
12077
5007
2699
9554
10384
12432
12870
1664
5513
9230
9158
4127
1846
3016
1165
10151
791
11601
5538
7753
120
6051
6194
5264
11844
11256
4181
4797
1108
7081
8404
7758
7314
10848
10497
6815
3032
5826
303
7490
5139
12464
252
12975
7768
6164
4136
5647
11591
5057
4260
8628
12488
12800
46
1869
9350
9668
1951
1449
855
2015
2756
10986
5789
4329
11818
3454
11993
8862
9825
2710
7908
4910
5235
5195
12308
589
6707
5238
6156
4198
4440
7709
1938
721
8744
7910
7350
9351
464
2274
671
11341
242
10585
6202
10399
12722
2821
8713
3329
1676
688
160
1924
5657
149
9318
9522
6000
7034
8549
1152
5882
9216
10609
12019
8392
365
9364
11859
10841
2184
4142
5644
6346
2735
1379
5061
7871
839
10230
1878
7266
9395
5059
1012
7455
4623
8779
9388
11115
821
465
6124
4696
9696
613
5083
12305
10033
2759
4044
8347
3213
2941
7499
2973
10389
1416
9159
4975
7183
11391
12643
8340
9831
7617
10035
11947
11011
10594
10776
11926
2179
2377
10724
10037
6641
6323
12988
10540
4350
10842
1776
2989
8863
6899
8871
10478
12075
4762
3415
7403
8749
2893
6108
5690
6028
7614
5318
6197
11447
2357
3633
11233
6827
9263
8533
2830
6440
8919
4015
9035
2266
9335
3260
12198
7043
720
6882
5286
12583
5267
4795
5554
3150
7152
2618
1029
1266
2235
9111
5191
6297
7060
2542
12096
9785
6589
9679
3321
9837
1674
12909
5106
5980
3042
482
235
8591
799
10664
2403
2772
521
4292
8244
9546
826
8137
8650
2455
3661
12335
8683
9138
429
7567
11912
5665
12085
3733
2776
11948
517
3033
11982
4189
5078
631
10437
3646
12629
2749
5700
139
2061
7683
8498
3063
5715
4881
6778
11388
258
7618
3839
401
12369
9293
12409
2527
15
3574
4779
6981
9127
2715
3401
8579
9247
133
9082
8973
520
289
2310
3035
200
5563
12837
1656
7835
3200
3931
7136
11949
7601
581
6283
1358
12507
10999
2571
6731
4719
134
5658
6133
9545
6290
1719
5555
1990
6344
8058
5204
4361
2521
8302
9047
2250
2835
6898
10289
8126
9193
9986
5087
9864
7639
2290
8796
5553
10713
4022
1845
8365
11089
12784
1103
7734
12697
7657
4843
7254
11679
6880
12871
10224
12303
841
10626
9105
582
12078
9857
4860
7328
8387
951
12021
735
9780
11704
9207
6835
4994
11385
9221
4502
4344
4248
10888
431
7987
10826
786
7663
9310
6751
1892
8761
7725
1032
5621
7620
6875
1569
4631
1265
2297
1394
12848
8143
12559
12046
4335
9521
7366
7530
358
9873
9275
12942
2130
10271
7142
9906
4016
1611
311
2936
7958
368
7831
714
2925
12221
2535
7698
2639
1249
287
12419
9238
8226
10963
619
3532
7129
7096
6779
6938
4569
12933
5419
5099
9031
476
7727
9021
3364
6025
2332
1357
4215
7749
8775
7226
5557
4065
10577
209
3379
227
7389
9367
6083
9966
7270
162
10619
1643
11746
829
5659
7001
7015
8111
1979
5906
2550
3546
3629
9832
970
8483
6881
10943
470
9981
7844
3557
12104
6236
4442
5157
6911
10992
9853
11343
12834
7515
2253
3381
12452
11289
8252
12291
2651
4633
22
1013
3630
2374
3676
7608
10215
3138
1005
4005
8997
6706
5390
8246
1259
4946
1251
12566
5070
1406
5772
4284
3855
12003
11582
6567
2149
9830
7764
9228
1986
194
5989
9722
2951
9992
9662
7826
4027
3825
9401
939
2383
11802
11350
11311
9637
5449
6063
1542
6832
1890
8069
12684
3776
8932
3870
11637
2837
8723
2503
4210
6734
5823
11074
5738
3945
5069
7569
669
12283
11819
6399
4639
9302
4530
8163
7234
12474
2657
5172
6665
12360
9089
946
12639
5102
5551
10272
2456
8564
1220
7130
12887
9472
6142
343
6385
7820
5298
12589
5394
10677
2600
4077
11051
7007
3958
8701
9441
5978
11643
10378
3175
4484
10168
7371
4652
5437
3885
8910
636
12610
1016
7545
6940
1946
1431
7948
5288
2590
3899
9575
1765
171
4431
102
6839
11066
10136
12920
2473
11224
5468
11354
1258
5019
7917
9072
6935
1488
1498
9295
1710
11065
12370
1877
11321
1247
6300
11453
10822
6208
699
5276
11514
6747
7260
8491
3874
6355
4747
2833
12524
11615
8782
1135
11167
8171
1882
12385
10111
8323
4706
2903
6146
7704
6648
6397
9705
6412
187
9969
12121
10806
12878
9059
7526
6754
5930
485
2608
2543
9823
2719
7631
4593
10961
971
6942
11335
1982
12209
203
6691
4527
8809
12553
6359
7643
7591
7821
3216
6169
4917
11457
8742
2961
6114
11159
3355
7293
1122
6723
12787
2838
3713
6521
4535
3699
8588
11466
10733
10623
3830
8304
8380
7681
8554
298
8506
9446
8950
4330
12991
4659
9048
9217
9551
732
10868
3282
5164
7324
6542
12253
740
7721
10053
4921
2985
6500
6162
83
9009
3601
9513
2487
961
3229
8008
11770
11989
471
12665
9076
10635
2885
12129
1649
1298
9935
10350
11056
9500
190
770
3916
9991
8741
11201
2439
5622
5635
4143
10694
12182
3943
12958
10426
12137
2349
11649
2281
12273
4627
7810
314
12477
6171
12027
8532
6118
1494
2202
8190
3709
1947
2032
6504
12040
2533
9924
1915
9462
7909
8280
6088
11422
11279
1974
11286
7255
1316
9951
1513
9406
5269
556
5399
4862
10417
1304
6428
9894
11250
10070
11133
2965
6693
6314
1352
3495
12594
4091
4503
840
484
563
872
11904
12615
7926
3320
375
5754
8894
1816
10948
6435
6766
5830
12898
8724
11217
710
1146
11913
10233
222
3998
813
10249
1707
1833
9596
11306
5259
2105
1952
3120
6943
2075
5074
3338
8832
11035
11323
8551
5921
7807
3357
9352
7538
6700
4888
8395
7140
5293
216
9027
4508
722
2662
1891
11230
8594
5577
10207
8255
12955
11544
5406
8768
2423
7772
2150
6663
3390
3827
12569
12188
1477
9796
2074
11412
5116
952
1956
8720
9330
2716
9514
586
9195
327
12876
2709
6793
34
9438
1458
1895
7808
6460
5066
7066
7699
6678
10512
4317
2923
2855
1275
8047
7923
12280
2634
4285
7517
10471
2271
10268
8912
8489
9116
9184
3744
11462
11485
5392
9160
5784
7315
5888
3018
4782
617
8000
9191
10174
12191
7920
11760
6694
7516
6677
9910
2798
11696
4323
135
6587
11144
7486
3013
11424
5488
7292
11972
9541
6761
8951
9163
10038
7937
12603
8609
9798
7688
4605
3635
8851
2299
8356
10242
7651
3789
728
1559
6495
9234
8232
2210
9200
5152
5109
8468
10409
21
9793
2567
9255
957
5600
3125
6456
3317
1925
3527
11234
4800
10912
1933
7895
32
12205
9749
2942
6576
7275
6243
8745
12114
11107
9518
7375
7733
4050
1567
11533
3375
4305
199
1301
6005
9412
254
7228
4471
269
6541
3745
4381
11933
4661
2496
11243
12824
4396
7828
7244
12995
3191
11602
4491
7456
9114
5252
2559
6906
9052
3539
10904
4648
3649
1372
5138
4612
1197
11599
8920
9983
1314
11210
11145
926
11302
2020
5523
5300
7623
8730
11105
5782
10647
3920
9980
6069
11168
2472
360
1274
12072
11515
8801
5710
1176
3525
9757
9222
10228
964
12706
12867
10181
2429
9797
1369
2890
6689
1140
11431
7488
2315
5160
9563
8453
2072
1084
2263
8722
4698
2282
5679
6611
8544
4201
10679
5328
2510
5670
12895
10542
12672
2354
1712
180
8149
12519
5462
10710
6008
1970
2335
8883
11197
4112
8225
11208
6825
6959
9687
9420
11610
7382
9630
12714
1708
8887
10277
10039
4226
11917
10218
6649
909
2909
6106
6119
4553
11070
817
10558
3388
9242
12516
9427
3696
11699
12996
3923
3800
2676
12437
2446
8898
2098
905
9889
819
9601
3868
10377
12664
11071
12149
2023
7088
11270
9206
717
6799
7974
2109
1092
2178
9086
7833
2514
2624
2399
6020
12080
2967
2736
12711
9961
11720
10423
5125
12218
603
11086
107
6801
2753
11572
5377
9467
8449
6841
5190
12522
9501
7282
8799
8272
4444
12742
245
12931
59
7588
11308
4618
3380
10611
12814
4185
14
2700
2597
141
4715
8206
4271
8573
3291
10143
2686
511
2457
11120
11152
4414
8962
6854
12613
5299
1967
3102
12282
2583
2845
11697
2294
11908
9070
9565
12690
10442
10145
5567
9937
1055
8385
2825
2017
8219
10504
5809
8928
1178
3921
457
8960
224
5806
5188
1884
11709
3074
6593
7462
1731
3694
2760
10245
8355
9540
11083
645
6544
2814
10867
10896
5442
122
6178
1632
12160
448
8667
3897
2823
4040
399
5964
4707
308
8968
9489
10984
7991
5385
10794
8759
2787
5890
2739
3951
11934
7388
4635
11142
9911
5530
4255
8423
4547
12318
2322
11195
90
8451
5642
12249
7061
4443
5654
2103
5928
11445
2340
4364
6545
12602
5794
2481
6993
4164
12248
6591
3783
8900
2685
6335
4951
8040
8625
12740
128
65
9476
8812
12190
12816
6432
8599
3919
668
3440
3048
12232
11671
5334
10563
6097
8567
2915
4892
3663
9769
3369
2199
12938
4370
11339
4339
3318
4844
2970
10144
8974
3859
2298
2391
6429
11960
10500
6413
9445
2649
7998
4309
353
6225
12058
3611
11480
5363
11231
4512
6655
12681
9449
11330
923
8415
10251
1817
3446
7427
11172
5452
1578
4932
5514
9171
4818
8717
8469
6719
7428
7318
12180
5757
5693
3185
7674
2819
1620
2370
11914
4086
8743
6878
8548
10195
11179
12939
11493
9598
2195
11396
2110
5706
6416
7875
4954
12410
6166
2880
1065
10404
3465
5051
2381
496
8411
6821
1089
7100
6121
230
6337
310
1582
11700
1680
348
6483
8338
2286
7903
3802
10525
273
1214
5541
6475
11291
6284
12255
4457
7800
5281
4195
5291
12449
2378
12035
4146
6893
5633
7309
2931
8100
1509
1825
5850
5887
591
614
11951
8927
10830
5146
10346
12492
10318
10263
7095
142
9758
3959
5556
8205
8611
11589
11635
3104
7047
3940
6518
8204
5118
4021
3333
11918
1790
552
11031
4708
6070
7042
10098
6228
12144
8616
11677
7576
10817
7497
5900
1788
3917
9259
2196
7717
547
2247
12772
4936
12372
2681
1230
1125
811
8729
2008
5623
6350
11987
4097
2906
294
12581
9528
10147
10451
1337
1268
4233
12429
7767
10056
12064
10095
5075
10865
8203
825
557
6376
3071
3258
10012
8091
296
12233
2249
9181
7848
2641
7886
2026
12655
7513
490
3480
854
9384
9270
8113
4363
8926
1927
7603
2696
4617
11369
5854
2706
11449
4571
5060
1264
9239
10235
3220
3458
9676
3846
12904
11392
1981
1035
8732
12183
4726
2526
4495
1534
1626
3981
10885
9821
1194
5311
2361
883
11134
1590
2783
10855
10029
3706
11394
10447
4654
12881
1203
2490
5737
438
7032
12056
3427
531
385
8390
5320
4973
11594
101
5407
4295
1563
2725
12107
12694
6650
8128
9614
8828
2652
784
12826
2703
5801
12990
12852
9568
2553
7863
11698
2121
11956
6615
11196
3561
896
11761
3118
989
11116
10125
1227
84
9504
8776
11410
12201
7380
4780
7308
8905
5747
2677
10877
5136
7231
5487
3763
5463
11014
6089
6870
4841
11935
3084
3061
7735
2898
3049
571
4753
1683
11769
9380
1711
12226
1121
11578
9639
1702
1604
4555
9244
4585
2347
11127
6580
6216
4326
10130
11752
8510
1564
10796
12022
3005
9625
1801
12162
1138
9977
2024
4960
499
8843
2115
4674
5444
4689
1508
9747
4645
10190
7927
7510
8159
2338
9032
3890
1159
12981
11579
3691
9836
4011
11741
1511
1428
7283
4101
382
8046
11810
9389
3837
9196
5722
6921
7968
2630
2321
6174
11004
9674
12948
6776
5534
3280
7232
2387
10336
1953
11714
9761
6289
2721
7030
10198
10750
469
1371
9706
5131
1282
9210
5302
6077
9307
6578
3
7801
901
7636
9844
4082
1381
1854
4980
10747
5612
1095
4303
5262
4014
12068
9013
7940
5395
10784
12314
5632
9805
2380
739
1994
11438
11695
12203
4322
126
12184
2876
3570
1395
5575
7281
6856
9321
161
12481
12768
3225
9356
8034
56
6211
12857
9719
12600
10420
11036
10182
406
8603
8914
12300
10773
3136
2557
342
9417
8112
2324
6977
2775
943
3736
3548
4131
8547
4106
2972
3779
9414
960
922
1840
4150
10492
6062
9457
3189
6676
3757
595
9081
1512
12219
3749
2588
10586
8403
11108
1144
8931
870
4688
5090
10107
8702
913
3371
7811
2135
12354
2296
286
6924
2732
3742
5183
6910
1584
2998
9397
10261
8771
10814
1775
4610
3683
4787
11288
4700
600
880
9548
4542
6634
10154
11284
1768
3306
5962
9987
5945
2269
7134
917
2914
11976
8406
4572
10298
8855
9080
6909
5870
1237
4118
8358
690
12470
10847
4085
11357
6724
12792
8428
1749
10513
7778
12951
7154
1440
5063
6488
9555
4900
10287
3075
3891
5
10603
9865
5173
11645
2435
3031
2643
11588
8454
8529
5516
5762
6444
1164
12490
2227
1787
12199
4935
5176
3957
11325
3096
4839
7417
7744
7067
7305
1557
9729
5831
1668
2491
514
340
6221
814
11293
12391
9093
1382
10011
5193
6528
5326
12302
3762
10832
2581
5631
8482
5924
8647
9573
11
10730
7051
12265
5247
4004
4884
11046
5181
3970
13009
61
1902
8039
7209
914
8825
11608
5306
10851
8265
8276
8772
1133
1490
9203
6040
6450
3526
11393
8286
963
6473
10510
3738
9174
138
1267
6620
10116
7876
3723
2701
6982
6056
12399
8301
12045
11995
1704
48
4882
3168
8994
9297
10844
4105
2028
9941
2955
3228
4245
6730
624
11648
1600
10026
1544
4938
724
6315
8797
8147
11754
4970
664
3689
1962
8830
7465
9369
7632
1226
4392
11915
10908
12794
12231
9520
7297
9390
7532
4603
10388
9685
9939
1492
5613
6656
6295
2451
4294
6603
9443
4614
10291
432
12472
1999
11612
1401
7522
7690
8344
3617
4723
8934
656
6466
9069
6831
6884
11963
1111
9208
5359
2497
3766
7677
9561
2991
5655
2901
996
1624
10221
9744
2102
25
5865
3101
5148
174
6015
1367
2346
9241
11990
131
4156
10628
8739
692
1988
11597
1009
1848
9655
2319
439
505
7605
153
10280
11654
7029
13008
12178
3641
333
1691
12922
11448
3632
7745
5859
3572
10718
1784
5354
12478
5533
4486
2488
5569
4609
12686
1344
948
716
11891
7101
12172
1739
7962
2768
6013
12663
4591
8958
12094
9661
307
6336
5760
11920
711
9697
9049
3386
11049
2740
7666
3758
11778
5411
8639
4122
9509
6965
7627
11039
11628
4092
6463
9647
11906
2046
10091
73
2019
7217
8141
2733
158
4389
12177
6670
3806
12932
11091
9944
4620
9916
3442
9375
10406
7348
3087
2410
4880
9505
11080
8057
7159
9001
9225
8064
8956
9715
5640
8869
3847
5751
12223
11492
985
5805
12756
7722
8129
2157
3411
3188
1415
3363
8007
3151
1246
2605
1474
6857
3882
5840
1675
7169
4977
12704
12061
9112
7743
4528
7885
5917
2646
2840
7278
7303
4270
8086
3299
555
12445
6209
9931
12986
5946
1228
6233
12443
4750
8725
9581
12153
8446
5046
1637
6664
10288
12617
2881
2793
2751
8640
1118
6177
3256
3360
7258
10344
3409
4175
10359
1147
513
5509
80
12985
1587
3350
4811
7593
3218
7036
3025
807
3111
3752
6741
493
2482
3471
4625
1248
9077
8680
2551
6017
7271
3551
10891
7020
10351
12307
2089
8546
10557
6614
11834
10981
5491
5510
2011
4835
5158
1433
5470
12695
8592
2300
2712
6042
2193
433
8350
3664
1945
11923
8309
4385
9591
3878
2517
328
1286
2647
9610
11296
8735
3323
5187
1081
11733
5485
9713
10528
10989
4679
1097
7997
12998
400
10017
6600
7693
7514
9915
12414
9512
2826
2635
10220
10763
5733
4197
929
4397
9703
6321
8836
5947
1023
2977
4453
7204
7395
2795
9694
3575
8148
12605
12473
5893
106
4986
6054
10788
9139
11236
7766
11185
3236
824
3081
10852
3909
9165
4538
12098
3809
8033
10728
6592
6927
5759
559
10101
8634
4343
7288
9276
2036
5752
8938
1574
1281
2124
5791
10988
13007
10703
11040
10293
12937
815
7568
12512
8889
6596
10281
6894
7419
7781
5417
10403
9440
7432
11282
447
3832
12786
12508
9809
7127
5817
11246
820
8569
3021
1807
1467
4972
4179
12071
6588
11723
4220
7392
9978
11181
8179
10637
5135
4710
5773
4580
2312
10835
1233
7919
9011
8933
9962
5933
4060
1277
96
4549
4072
5231
11337
7087
8604
944
8398
8788
11154
1074
4776
7197
9776
1028
7540
5677
12327
5829
389
70
312
695
4166
2947
4203
4438
12001
10486
300
12356
4048
421
10259
6971
11795
1068
9947
11559
3146
9291
5476
4925
8965
9588
1722
3103
750
2995
6016
9700
3251
9866
11273
12424
2818
10161
5110
6829
1098
1521
8467
2561
5312
9377
10676
2654
10705
12788
4328
9734
9515
6583
11458
4996
5616
2417
1908
9188
7901
7014
7307
2946
3854
9707
3012
3675
11675
12408
3915
12471
12855
9530
1571
2745
5529
4864
114
12972
9458
2038
2058
9361
2244
9795
7401
679
4915
6296
10831
9347
5430
2726
1284
9251
9973
1439
3340
11147
7869
3914
8535
3550
12802
12987
1996
7678
9791
11150
12382
2544
10560
508
10172
1842
987
1795
7796
4861
8224
5783
10501
3889
764
6817
9746
4296
2935
11824
12827
12775
10965
12835
7221
359
12918
8027
906
3857
11957
1349
12047
45
4214
8971
8681
7596
8878
5807
2139
7882
5903
8104
13005
8418
10244
12989
7757
11641
243
454
3460
4155
9463
3450
827
132
2964
8481
8839
10621
587
430
11242
5475
3835
4507
4319
6052
6242
7502
4792
3201
12945
2454
1
11849
10688
8388
7934
8929
3241
3804
10262
5402
9740
9028
10648
4919
9783
10169
5769
11910
1491
4299
11864
3004
4834
2323
3609
2100
1772
9237
6658
9430
604
12766
7155
719
3819
7225
10258
4709
12378
10027
4758
7710
3300
4023
9592
6099
9373
9904
572
5711
8287
5107
1403
11495
5951
1346
4987
4809
5576
89
2867
8895
3668
9000
10324
2522
8314
7018
737
8820
10082
7963
8367
8475
2816
10551
9608
9902
2248
4030
5239
4257
3145
3746
5641
8738
10859
585
5433
12831
3367
12636
4796
8523
1815
10667
8699
9213
7150
12859
10408
7969
9040
9029
10917
1161
361
10683
12115
2871
8534
11553
3867
221
2154
5599
6746
3080
1586
5257
9411
12967
4384
4509
396
8737
10524
4315
766
1402
5331
9177
6285
6625
3747
8509
3052
3006
5746
3358
6577
5025
10358
10341
3348
1794
5026
661
3023
7025
12731
7448
2155
11669
1819
7045
7172
4681
12230
8092
11682
6629
8331
1417
8948
8120
10411
7894
3977
8840
2330
3625
11753
5506
1392
6408
2182
11629
10928
12118
1387
6608
5467
9328
1356
9942
11742
5043
882
6969
9938
8207
5944
3515
12444
7814
12312
8457
9755
5203
1745
2125
6362
7215
5707
8615
6445
12373
6364
9519
10118
2318
712
10670
9490
12828
9543
11632
2939
5763
5093
6604
5220
9491
9652
10853
5694
5837
9008
1950
12187
5699
5902
8689
1724
5595
8133
5862
6213
4729
9148
10980
6478
288
5073
6877
4093
11436
2489
4331
12562
5777
12093
7190
1605
1196
6301
3231
5852
1193
3642
8166
6886
11202
1151
291
10410
1462
10178
763
12924
9827
8199
2041
9717
4234
1998
8556
3583
6411
10007
2372
8595
7658
1867
9914
6423
4846
4945
268
5275
4806
9071
4942
2348
12682
966
11962
2388
3569
756
11611
1774
5959
8024
8760
7837
10846
1341
11831
12580
7935
2614
5309
12031
6328
4274
11177
4479
10565
5608
11571
10827
6529
419
9952
7493
11428
7468
12793
4879
11805
1305
10742
11536
12213
7149
5728
10527
2758
8847
9503
6639
11985
1943
152
4786
7200
3853
911
8374
6979
1479
1653
3362
9345
6597
12776
3198
4940
7445
6227
1162
9970
1641
3619
894
9684
11797
1636
3687
1705
3485
5018
1645
4039
7756
8080
12771
10210
6785
9964
9017
3123
3208
849
3334
4876
4905
9273
6115
3501
8606
11081
4237
1187
7950
3862
12267
12371
3406
3823
6200
12398
11192
6960
7795
3070
12135
847
5667
7716
5687
620
10938
1104
3697
1285
4298
9113
1769
10613
861
1432
10640
7775
3255
9281
10445
11090
1651
1066
6794
4205
2674
5660
9871
3773
7891
566
3447
10575
8182
8670
647
8409
1465
3438
474
4817
503
1291
28
790
5808
3303
10072
6996
7928
6575
4111
10605
3780
1273
730
4018
2258
4854
3275
11879
1486
5230
9091
4704
765
9020
8239
5787
3164
2073
7684
6517
7022
12034
10954
3093
9314
11988
6068
9852
8032
6772
10552
7416
4394
10419
11640
2827
12560
3030
2694
9919
11638
723
4702
86
9155
2865
6330
12411
10092
6931
11826
4079
11786
1396
6268
11124
7650
7887
12823
4894
12136
6127
4184
11519
5034
8089
9549
3439
5241
10428
6365
7524
10368
7967
7505
2400
727
108
397
7777
202
8538
726
6058
4770
8322
1240
6590
2983
1141
535
10469
2708
11405
1487
4211
2811
4067
5583
1654
12715
12207
2218
9094
3768
7519
11194
2097
8514
1124
12640
6586
6354
10864
5521
4369
3127
3203
2133
7696
434
7199
11928
2279
8168
10315
136
3079
4692
11332
6992
1158
10049
5237
4805
3259
6956
9605
12011
5117
8763
2004
8584
3841
3618
3295
3149
4406
9657
11604
4110
3328
9959
3119
11739
2609
24
3331
1489
6072
1658
2123
2117
3214
2807
4441
7390
5033
1174
1720
2424
4847
2080
10617
7600
9900
9170
5215
10590
220
9752
8215
1831
6524
12326
20
3595
10579
5349
5676
8657
5389
11767
10802
10431
10618
8542
8942
6246
5549
3808
9724
12211
3316
8826
1105
5724
8169
6347
11173
12546
392
5579
1242
7207
2077
4459
9010
10737
10559
5661
10862
8300
11193
2748
8102
10068
2769
10760
10117
10929
3326
12460
1853
12691
6455
192
5701
1120
704
5929
12139
6096
12154
6457
10606
6030
1270
5096
6812
4038
12514
11409
5113
10239
1062
10757
6679
11656
5918
9807
10541
8462
11838
7385
4764
6849
7529
4669
7048
12659
10313
5689
2801
72
11450
11346
10930
8405
4546
4630
11138
9579
1185
1409
2325
4253
12439
11461
10994
7313
5345
8284
6660
8770
8139
9267
11000
1476
7238
1422
7316
8397
1523
11491
4374
5372
7959
8119
3089
5619
10880
3248
1565
6667
11707
9172
9690
2555
5652
11122
2773
2047
5376
7094
715
2447
10689
2230
12864
3662
2899
1363
2432
3984
9808
9015
7031
10607
7988
3640
12865
6897
4007
6671
3235
9130
8868
4472
9248
8389
11267
10545
3964
1116
413
6928
8070
573
2224
5048
9693
7543
12572
1148
9231
5973
4851
12591
1090
3153
590
8269
9444
1332
3302
11045
5624
5211
12699
8081
5268
981
803
290
12886
10883
10159
6053
12526
3196
6947
3880
2957
12700
4204
11052
9624
9626
12467
3929
12276
3753
1004
1602
6055
11520
1425
2382
1911
8527
346
11223
7010
4120
3866
5052
5492
12245
4160
9856
10715
4897
11585
5957
6999
3294
11711
5899
1885
3647
12620
1860
9436
7329
7121
5447
3419
11983
8821
9492
9896
4446
6065
11507
1211
5038
8943
5520
11238
8998
7180
3613
12390
5799
4497
3121
561
440
3254
2242
9593
4114
7387
1639
6941
7411
4190
542
3116
6001
10345
3212
2632
962
9169
4716
6095
9989
7148
3181
9890
10863
8096
5540
1681
2001
2582
1928
5170
6950
2317
9283
4748
654
4557
5242
3729
3114
44
3654
8850
10674
1201
9433
2883
9542
7264
7786
11206
30
2636
6356
6531
4650
2755
9709
5696
1918
7039
8087
11765
7377
9799
10523
12397
4988
6833
3322
8056
6035
8020
4291
9949
7649
9895
6047
8967
11816
7624
11885
6512
6161
12760
12229
11109
3674
8814
1695
6984
8353
3148
7812
7856
1072
1850
10021
1271
7257
7364
11718
10781
9523
3022
10780
8624
2260
10779
11875
10131
754
5081
7422
4372
5993
9304
1414
9538
10911
7109
1596
2367
10675
9278
5009
1064
1359
11362
3178
12083
12286
5228
8307
3987
3994
12403
77
3594
6010
10480
12743
4254
12984
10286
3193
1524
1964
5508
4012
11876
4827
6275
4957
1634
3217
1353
210
5378
1703
8238
6120
9147
12677
4169
92
8587
4451
11526
8502
1054
9122
769
8162
3541
11182
12388
137
12074
10495
11513
5313
6012
9296
6661
8785
5535
12366
10077
5243
782
11098
10813
8170
9336
9024
5502
7478
6235
1961
4730
7017
1532
1753
5941
1530
10589
7847
8589
3695
12440
4376
974
12929
4574
11309
8131
7575
3277
3722
6144
3588
8663
11713
8220
6442
8792
472
6373
6916
6599
7747
6403
1889
2079
75
7058
1234
10829
11692
1184
7843
4554
1519
11538
9294
5307
4733
1609
3979
11477
4232
12693
5132
11207
6547
2464
8441
5020
10968
5451
5112
3602
934
10044
752
823
3247
3002
10325
10413
5736
6704
8727
12531
1554
7528
1473
7365
10624
7163
6458
6873
5606
1057
7483
10236
446
1820
3782
6180
9252
3047
4947
4378
7273
9619
1059
2441
6302
1883
4474
3990
8477
9134
1039
1954
3798
2172
10418
2656
6623
4383
4628
12256
9972
11505
9085
682
10379
2558
7400
6205
2689
4140
6937
3707
2870
4419
12510
6822
6926
635
3094
10969
8438
2134
1791
8068
11084
11165
4607
1799
8210
8063
5356
9595
4272
12891
8116
9131
7634
3785
4985
7181
2509
10857
12476
12186
5881
2128
11189
6293
12759
5953
3542
4327
10079
9732
3522
7970
6936
8202
10967
4871
6278
5593
3272
780
1419
4178
12882
3160
7938
12730
12542
10685
6579
3750
4139
4802
6152
8511
7482
12888
2025
8504
2211
628
8444
8180
4808
1216
156
4941
9153
2802
618
2071
11785
7425
9298
3224
9292
10490
11587
2471
1613
9929
8508
3373
2879
7173
3922
9886
4913
7291
11678
1390
12105
5321
6465
103
12165
12418
4559
8282
3971
10316
9190
10205
1642
10666
10076
3933
78
2205
12279
12252
12413
5878
2540
321
6554
9197
1450
1872
8666
10157
3770
2085
1443
3705
6116
3382
11994
11452
6891
4836
8077
2292
5104
9461
4286
9044
10421
12319
9325
332
7858
5432
8095
8050
7804
6598
9187
3140
11094
8157
9218
767
4581
2158
8465
4757
10191
7868
7878
2042
9178
79
7161
10644
8345
865
774
1732
8055
12383
8381
10179
7353
10991
4206
10534
3692
11890
2519
11481
8153
2692
8178
2275
3015
2615
11521
166
529
869
3794
12624
2393
4054
4258
6046
7002
6651
7028
12908
5938
7765
7298
4360
8067
8154
697
4701
10113
8691
2153
3603
6410
234
2145
11809
1545
8969
3100
5560
4523
10945
8991
2911
4621
6840
8432
4594
10977
4051
9018
2067
5445
1050
1149
4371
3285
415
2530
7383
10765
7176
900
7752
1350
4560
329
522
11593
4842
945
4641
3690
12241
5409
4100
9254
2556
12200
3620
8802
10971
4177
3540
12554
4268
5127
1622
10795
7769
12689
3159
6819
11347
10502
2661
8248
371
9957
7449
11557
3884
6710
11801
11999
9878
5731
1208
3703
10894
5294
2518
11901
2337
7773
3797
8099
10112
11734
3099
3961
3759
7068
10115
5956
7407
9355
8447
8952
1673
2216
4229
12729
7771
2411
1781
8718
8656
7719
8165
4250
11939
866
1407
5954
8507
7641
4992
7976
793
8152
6199
9316
2562
5803
12679
226
9450
3319
3068
12883
12425
2848
494
7062
4413
5092
4221
4087
7484
9782
3086
6976
3420
2246
3865
580
4889
151
8124
5525
6155
4899
3892
3398
2507
10633
6559
2126
9603
6757
9486
7585
670
4772
1087
3901
5718
10592
3389
1015
9928
10800
1319
3494
3888
8184
10294
9002
5405
4239
12002
3011
9320
5609
11423
8496
12346
11015
2860
7220
7864
4238
4010
5646
5856
5776
462
11068
6775
707
3952
3244
8122
7946
4191
3496
852
609
2081
2356
7356
12494
3972
6722
3597
10099
2469
9681
2882
87
8198
7167
9022
1172
387
11799
12703
10903
1855
7546
8983
8627
9786
1630
4956
4870
1451
2786
12417
10631
3416
12936
3046
5175
9567
11427
1303
10424
8233
129
36
8911
1391
7046
7680
1342
6499
1037
12563
8336
12705
8922
2990
1115
12541
9236
3135
3064
8071
2070
7191
2054
94
9553
4600
3045
4492
1348
6080
650
10372
212
12468
4095
11297
8631
8216
6732
164
1019
10043
9617
8164
12796
7489
6744
3799
548
5337
12055
1335
2163
4690
9362
8543
10769
5180
12008
1317
5863
10433
6763
6866
12317
33
806
9256
12189
6759
1420
7861
10772
592
10474
1351
2407
10699
10466
11674
9855
3678
1581
12923
4825
7480
5816
8422
11069
3528
6002
12903
4454
10290
3378
11865
6419
6252
12968
1657
8430
9357
3000
2670
2327
4116
2601
3001
6522
10622
11160
11463
223
1034
9286
11893
5764
6939
4788
5582
12999
1399
1360
4586
1075
4765
5531
9097
2152
2228
9344
12247
8937
1441
10196
5886
10547
11863
3223
1326
3462
12348
2366
830
12073
11814
7166
2872
7619
904
6659
7638
5627
863
10337
8249
12179
9511
1718
3129
9370
11268
480
5562
12469
8221
11584
8125
9368
4424
7114
3861
5199
1354
8970
12707
37
251
2655
8750
4269
8001
8470
9975
11828
9600
1132
12906
5094
320
10536
10741
953
1113
3985
9682
7111
1480
7223
8553
330
2765
8192
5650
4790
8808
5743
1031
10653
10957
3604
10895
12325
1865
416
9164
10376
1778
4273
6294
10751
1729
6635
3190
576
7471
154
2295
7737
2052
5003
12661
3960
2574
12795
453
2604
479
2839
2781
10120
7227
3791
6729
598
12323
5719
593
6550
10375
10878
11235
3657
6662
9618
3130
7914
8940
8810
170
1206
11430
4002
954
4452
7849
1475
9635
8472
3284
9874
12614
1318
5466
4816
1810
12270
428
12648
10931
6386
4473
10317
12421
2288
5039
1311
6192
5460
9646
12935
336
4083
2637
12004
6582
9774
11534
1747
4411
10770
12313
5082
4775
3775
4482
11813
5340
8
6198
6074
12059
11358
9132
5403
832
5301
7153
9537
325
10061
2498
1984
3716
9274
7738
10809
11379
276
3366
4914
9253
1212
10681
12486
8817
5185
6090
1466
10165
1507
550
7592
536
6226
11687
11880
5883
11139
9099
1679
7393
8424
1448
757
3374
11903
324
11978
3805
5324
6007
8334
11240
3384
9410
2940
7827
7358
744
11245
12140
5796
8575
1541
6525
2136
4562
285
6021
6401
11114
2887
4564
7862
4469
1526
5327
1868
6066
12033
8528
8384
797
12063
876
5592
10630
837
10354
6568
3461
4595
10714
4063
7983
6901
4961
10872
8016
1957
2187
10649
4037
8277
5260
2238
509
1413
11922
4103
10065
228
10137
2483
1779
955
8254
9996
10845
12956
3090
6837
6509
7347
9818
4449
4125
3403
3469
10067
11338
8242
6339
736
8733
2088
9358
698
2169
3761
4990
3949
11398
8707
5471
2684
7203
4673
2743
7635
10334
5121
10946
11019
6558
10322
2192
3592
2217
12454
10203
959
7464
5303
5522
8719
5240
8311
1689
6869
10158
5729
12698
2774
5006
395
676
5511
3165
2415
10135
8188
2513
9701
1283
2889
3711
4974
10962
8386
1309
6446
6848
3037
4777
5225
9460
354
2722
11663
1520
3514
5339
10314
7964
5169
7402
11670
2809
11285
2099
3287
3764
2982
12015
2697
7054
4964
11973
3243
2999
6019
2992
2259
1655
8693
10746
638
9146
3712
7628
3562
6657
4638
9756
8318
608
9903
1365
7450
9765
8443
8791
4517
4432
12783
11616
8488
4019
176
3240
1698
10950
4024
7728
7803
7996
6280
7888
1254
3425
12166
2092
5016
12798
12171
7335
9019
12671
11351
12785
4537
6157
1525
9876
183
2746
8132
1644
10517
3743
0
2541
5923
2868
2272
4161
2256
6494
924
1527
9767
11253
4666
8762
1575
11229
7287
1025
7900
1958
11837
1919
1044
1985
1292
10273
3152
9708
6834
3509
11257
3453
2500
3883
11010
599
10915
2359
612
2214
5596
10743
9424
8351
12367
12733
584
1345
11255
7485
3811
5369
11276
12977
11811
6260
6075
1879
12872
3672
5202
1798
6912
4703
10610
10738
4789
2395
6093
10440
10645
6624
11464
6733
5177
104
11788
3533
7824
5915
1959
5494
672
11104
3137
925
3795
3444
7936
6767
3041
5258
1375
10357
4852
11106
8328
7438
10046
9324
7495
10367
6571
4928
7037
5368
6668
8827
9840
7345
11487
11736
5489
167
11456
17
5958
1021
11728
9413
11349
2114
6838
7289
6175
10436
7064
4318
7836
6612
8917
9382
3516
9985
9133
2714
10265
10278
1697
1813
1380
1577
8501
6514
12819
12806
10084
1083
11380
10659
7838
7285
4866
1536
4188
4999
11400
12747
8435
88
2659
2549
4461
10434
8247
9087
9039
12849
6425
4090
7185
5629
621
1971
3500
10686
3599
169
11595
8317
304
6605
3973
5420
459
5821
10175
9994
3311
113
12623
9673
1701
7312
9408
5380
1302
5347
2803
5604
10457
5036
2607
4252
1463
5505
3558
7399
2668
9912
1616
8382
12590
551
601
1888
12644
12807
3826
6262
10569
11251
8947
11030
1232
3581
10226
1470
4367
3356
1236
3903
798
81
10392
12947
6349
687
2087
3767
2360
10019
10045
3346
10133
9913
10701
1960
9224
8767
3441
2757
4499
9643
1629
6789
9901
874
783
7139
6459
6581
8513
6378
7582
1713
6086
9182
4138
12846
6783
12736
7143
4348
13001
5084
10140
4675
6324
1742
2950
2477
2980
8363
9654
11676
3391
7842
11459
9319
233
9392
12654
3020
4099
8442
5336
11001
7461
1734
5824
5828
12194
2810
4488
12387
9442
3856
9781
8999
9869
9095
10052
11171
7557
450
11657
7306
5166
3197
11561
10875
9824
7501
11873
388
9
891
3700
12134
9074
1640
1977
1963
3928
11664
7044
12164
2000
7302
5705
7550
4236
5723
7023
2339
1516
4604
7860
6715
1864
1793
8049
11550
6930
7040
9050
1832
8240
8296
8880
1773
11024
260
9956
3735
1213
1646
2355
9306
6918
4420
1949
8822
5274
12974
4068
12124
11764
5256
317
2171
3484
4225
1324
8279
10283
1880
4157
12616
11839
9435
3754
2916
11408
1533
4588
4341
322
10942
3684
10006
844
4971
7137
1666
1866
8890
5771
118
1628
5570
3963
7542
9849
420
4539
11940
9232
5287
1030
11737
3143
10400
9151
10425
10554
1579
7052
3434
4163
12217
10000
4358
3174
1972
10684
259
11473
8335
5425
12728
8756
7340
4671
12638
11373
11244
8142
9958
10985
1398
641
867
9363
7451
10691
10467
543
11725
8108
8267
3904
4055
1429
4247
231
5097
7035
9419
11652
993
8194
10405
7701
7475
1510
7665
6437
5892
5528
6863
9908
4462
8325
6628
5709
1143
6024
3962
2984
9317
11489
10887
4475
10819
11087
7092
11352
4375
1168
345
7237
11371
7213
5949
4872
7599
9995
11768
9360
1330
12431
4070
6190
2116
5000
6374
40
12946
6471
1549
1625
4058
11796
8646
10269
7184
9202
888
3315
4933
7537
7346
5813
4113
9098
10979
8985
2426
12582
10907
3312
12853
1343
2314
5338
2306
8986
3582
3993
10629
4121
9061
4939
53
2974
3305
10543
3571
8818
7995
3660
2667
4104
7500
8176
6492
4601
1548
8778
217
1442
10838
4417
12242
10533
8278
12529
11613
11329
3351
7947
10996
11685
6966
4589
207
5285
7491
2112
3671
9372
9678
7437
3573
10302
5668
9726
9129
6726
2808
7656
6165
6098
6787
4359
4445
10132
10032
5179
10973
12720
862
9332
10799
8372
1136
1942
7359
4577
5664
116
4481
6964
6907
12076
9766
10933
404
2782
3372
4891
10102
11275
3996
4412
9333
10308
8114
8824
11911
4259
7349
1830
5079
12170
5649
10047
12087
8268
8189
6126
9058
10319
11359
11774
8480
4832
10881
11128
3488
10918
1393
12575
12799
8638
9974
6929
5748
3644
10155
2910
458
3270
4691
3156
351
4489
3056
6728
8518
1610
2127
7571
2375
10454
55
12854
11328
12208
12185
1529
5398
12037
12195
518
7625
11830
2560
5120
1725
3395
2956
1011
6844
1838
1583
1852
11712
393
2444
7732
4089
451
10736
313
1400
489
6137
12810
2030
4613
12407
12258
4465
4246
3268
10
9988
11149
4398
3192
12851
9012
5266
10055
12453
5779
667
1153
10153
12502
4235
2691
10464
8678
12310
11937
10591
4924
1856
12159
665
4665
4306
3466
7676
5984
10013
7870
225
3650
12133
5244
12557
9921
112
9041
12215
742
8090
10081
10458
10487
3169
11896
3421
8074
12212
11176
7073
4736
9760
4242
9742
1079
11672
1555
5536
2430
427
10477
3310
11382
8433
9566
11506
7369
8094
12017
9120
8346
6493
8341
5845
11524
3430
11862
11986
11503
2422
6561
12940
12343
10134
2829
1603
4831
2243
8172
4080
1900
4415
12342
5820
12143
9943
746
4693
4208
426
6781
1325
4619
8352
7376
4721
10093
2283
9385
11556
658
11076
4734
3624
12012
1239
1331
12528
5842
7452
5255
12801
6813
9883
3245
9305
1805
2309
10452
2262
2572
7866
1997
4173
8312
3559
1362
7985
6103
10299
537
497
3206
1386
4057
7033
11784
8846
902
8783
7841
11099
9309
8197
2007
10634
2861
7852
5413
11651
8711
11569
9468
3361
10222
5858
3725
7726
3239
8715
7817
3589
11619
10870
1980
3737
6618
2805
5128
10456
4684
8773
5610
12018
12216
1444
5790
2850
11721
5263
4833
11732
2384
5210
5524
12269
2188
9539
7825
1464
11292
2198
3055
3335
1412
229
3893
7084
10023
3343
1717
8586
437
373
9006
8158
5384
2144
11440
10900
6253
8904
11984
9245
1287
3110
2592
1595
7050
9558
6011
6672
12829
2141
12539
7711
11110
2371
5818
10234
3577
11668
6868
6134
771
9425
3555
9590
7404
4009
578
1073
1899
2767
4969
4694
9803
11977
5292
7091
1355
5591
12048
12685
248
1618
4712
1737
2146
4409
4749
4545
1046
4976
11996
3414
208
10834
5617
5835
11140
4126
3869
3513
7832
2888
5884
10731
2908
1500
762
9211
8264
11460
7469
3932
6516
9154
2863
12840
6674
7689
1823
8130
8042
6622
42
8134
10443
8764
3353
9858
11592
7290
12712
8260
2891
10584
4165
3887
10074
9429
6851
2197
3003
7435
4567
6222
6468
9779
11570
5749
3639
2291
3935
6064
8073
7798
3653
6680
8231
1528
12157
4041
10034
7093
5704
4168
11333
8949
10940
918
422
11123
1191
10993
526
6223
9559
915
11689
623
11614
680
632
6803
6128
3428
2143
4670
5594
4552
4815
7299
11867
7415
3886
1099
9162
10355
3313
11118
9669
1295
2022
8921
3587
2078
6501
4108
6990
2858
5223
6239
2847
755
8860
6549
6737
2045
12842
4804
5089
12459
6526
3545
8485
1849
7933
5931
4135
3088
8060
1003
8945
4695
11590
5201
11555
7458
5935
12889
12244
879
2853
8245
5967
7816
3955
3171
12556
835
1834
8901
8849
2554
9750
10170
2362
10383
1496
2414
12176
2943
10902
3072
4522
3273
10507
4313
887
11290
2671
5948
3720
3523
8459
1762
4393
9066
74
7932
8436
12321
8651
9342
9393
11759
759
8051
5798
2180
8580
8209
5465
7929
4267
9580
2280
1744
560
1204
2620
8230
1635
6871
5448
6186
12607
7874
12633
1347
2209
2584
678
11006
1437
8939
3898
2770
315
7453
5750
2622
3702
11180
8292
7412
9223
9439
11113
738
3967
4368
4416
5717
11316
3238
8366
4059
8493
7470
5044
10871
12086
3643
677
7186
1155
11471
3057
7553
7707
4193
2822
7078
8800
8275
4510
6487
97
8857
6905
9616
12601
7013
11603
2031
12567
8886
6204
7700
10998
828
9730
3370
3017
10050
11861
9260
11307
10142
7027
1002
5316
11419
9088
5123
8758
11198
10227
9407
6308
8393
10818
8923
8471
3479
519
11845
4426
3845
8944
1894
12117
66
6274
7201
4724
8521
5379
9402
8464
6163
5969
8383
10944
1876
4176
5926
11073
11376
10255
3822
554
6994
7977
12900
10693
2508
6434
6917
8038
1445
8500
11378
246
2575
10407
4898
2177
6485
12116
76
5996
8874
11967
7606
7230
9576
8881
6004
4584
5898
3170
6147
10910
10825
12108
3817
10285
4583
8368
3741
4849
5781
2711
9658
984
4801
11609
4390
8437
11791
11501
1452
6503
7219
8117
9246
281
3286
4429
3732
4342
9437
2255
6944
9423
12749
4810
809
10766
10320
292
9731
8288
12109
8882
1758
8103
1383
2289
1887
3936
267
6925
11747
7196
2954
7103
6449
6304
6084
1217
2724
10128
47
5819
10529
4649
6003
579
8191
10296
2650
930
409
2612
515
11516
969
2591
5280
11483
7652
391
13006
12969
1531
5692
6616
7165
11126
10219
504
4410
7384
350
8856
10300
10054
10811
8751
12780
12479
10791
9140
9909
2905
6212
7774
1916
394
850
12836
10843
5675
11755
4056
6632
5565
12084
11455
4596
3627
2754
4223
1930
12103
11868
6713
50
7414
5159
12393
9215
8813
5602
5857
610
2050
7533
4845
804
6312
12257
10241
11272
9025
3787
2412
4983
11008
743
9396
4868
8144
5297
11954
5068
5572
12632
12331
12339
2771
3036
4337
7551
449
3437
4423
2587
3980
1505
1968
9775
5846
2148
11800
7072
4722
6125
3934
2531
9343
9748
12543
8452
9875
5481
11050
2505
4349
2436
2904
11426
12917
11892
5213
575
2824
105
4745
10465
1225
4071
10353
2427
3544
5450
2037
7584
10696
10690
12505
6400
8082
5341
8495
2413
9062
8795
8936
6143
4357
8251
10538
11636
7797
10561
7729
2240
7466
12547
7410
4000
6426
10983
2096
7602
6334
8924
6876
8907
11274
7080
5290
13004
11259
8167
5684
11061
1771
10687
11740
1364
1157
6573
10786
4448
12548
5517
4541
6258
10329
10709
10823
7192
2278
4006
11353
5391
5986
7381
1893
2720
7809
3840
12860
12992
3900
6363
7337
1244
9925
10958
5532
9285
12832
3059
6129
1612
6497
11079
405
11848
5937
4382
6112
6138
6167
7396
7754
9777
7854
11043
6257
7170
6136
12713
10062
6470
1871
7706
5122
2234
3685
5682
3965
6319
11998
7222
10921
12330
1033
10441
6654
9451
9612
10303
5992
3038
9659
6610
460
5282
6948
8736
9250
461
1670
577
5283
10530
10105
7564
85
127
6311
7941
8201
10522
696
1975
12970
8995
10449
27
9971
3180
8765
11416
11883
7552
1566
7122
7424
9862
6081
11680
8026
10493
9353
10459
9023
9609
1661
10548
2664
3834
1320
7880
9510
11484
7310
4505
5355
2673
11062
7057
6100
652
11355
7597
6076
5922
8982
6079
5910
11596
4516
5278
6653
3325
2049
9212
3230
9845
778
11794
11782
7989
2945
9606
7682
9671
12558
2021
3274
204
4895
5725
5979
2267
11386
10735
5879
6288
562
12493
1803
7802
6818
9383
11658
2311
11218
5404
12352
11833
6265
1481
5983
6307
11508
4266
5626
12899
10333
9005
1631
6357
3095
495
7898
10356
3788
11299
3665
6078
11564
4500
3301
7787
1368
9860
2175
4124
4550
11482
12751
12874
10024
12251
6535
7236
11490
7116
5552
2628
10920
7177
8661
2718
1786
95
11894
10051
11504
2268
5017
12500
8243
2688
10925
7492
644
11808
7949
4388
9817
10886
10698
11931
9448
10515
3554
11573
9773
5342
8716
11415
5780
10365
1844
2006
5295
11955
2642
11057
10138
9478
12029
848
5209
486
12278
2625
2932
4944
4683
6477
12092
5045
9771
3756
2213
12921
11771
5236
1560
10016
9997
7113
1706
8266
6234
10680
6059
6791
3580
155
11474
11342
12930
11706
8734
11326
2934
5866
625
10712
709
11576
6697
1802
6153
6379
3262
5434
9835
10349
7373
11295
3615
7978
1905
12151
1991
6769
9045
8227
10520
12435
8297
7294
6777
6043
5396
1835
8831
5115
1671
9447
19
7713
8526
6384
7645
8708
9666
1978
8079
1714
6131
8837
12274
5767
3105
2653
1461
8842
4279
12332
6091
3253
3246
942
3634
4228
8877
2894
5774
12879
10678
5072
6417
9660
6552
12123
3824
3666
4470
4902
5955
570
9279
8700
277
9156
5810
99
2937
4678
10774
9533
2900
2678
7141
12896
12925
6814
5032
2504
1070
5603
5100
857
9329
12202
3946
10555
9312
3250
4642
10608
2345
12892
6945
8412
8888
8885
5386
977
6920
4300
2434
9400
626
9556
7049
816
11945
1269
3476
9787
7005
6387
6382
1839
10876
3968
11929
4998
3184
3183
8652
2029
9473
2568
1499
11884
627
6540
8602
7251
11577
3481
6282
6652
2917
6018
10499
4316
3529
2958
6721
384
886
12949
5703
9622
12174
8833
11551
4187
2485
6230
12696
1814
6606
11690
633
6045
7594
3896
4979
10926
4761
3210
261
111
1939
63
9415
491
11953
3816
7957
6890
7487
12039
3714
11101
12010
8075
11204
7295
6842
1936
4052
1231
8829
11368
5333
2452
1119
7731
2690
2122
2804
11037
8834
3502
11541
1682
10200
12036
11789
3879
