983
6962
5147
1748
4485
11471
2675
12650
10701
11208
640
12587
6565
6568
2705
6390
11080
6686
8262
3288
9110
9906
8936
11853
12959
3616
253
12463
7955
5786
11420
5362
10896
11925
7553
7210
7701
5381
6804
13002
6680
10645
8934
3894
2406
1358
6684
193
8908
4874
1858
1027
8136
3833
10639
10334
10245
5029
1328
11043
9576
8194
11690
8596
10737
3091
10670
747
12813
5254
8390
5163
5085
7211
12021
7805
5227
3623
10748
12089
4680
2978
11038
10385
11846
8789
1687
2921
4771
10191
2257
9655
2464
11410
11742
140
4922
11110
1307
5008
2702
11453
11702
12434
7458
10735
5960
12781
851
131
589
2907
5913
478
8567
7871
1733
12243
8358
12809
12595
12311
1238
9494
9528
5027
5711
1750
6998
2174
9508
7907
3250
1014
12244
7010
1884
1363
10434
7373
6578
4008
8846
3049
9219
1907
5055
12351
8773
5233
7062
3093
5318
12682
6674
2731
5940
4093
8673
12962
5716
3132
4322
12584
10056
11949
12085
10548
8443
12963
6752
9062
12688
8733
5108
10066
4192
11855
12572
4325
10683
12651
10536
1093
8582
4775
8874
12898
4224
12902
615
9717
6179
5077
8831
4600
2256
12488
10034
2060
7678
5140
4308
4766
2537
11749
9179
9094
7502
3778
3485
5512
9827
11226
2896
1806
9165
11177
3247
7514
12515
11066
1851
1290
9078
4647
7106
3131
7864
10762
463
5920
9377
9778
8498
2246
9761
1257
8971
12483
7295
9174
4655
6380
2756
2254
8944
10836
6148
877
2898
5834
2842
263
7286
9385
10965
265
978
1433
7741
1247
5904
10786
7557
1904
5909
11606
7044
2433
8017
5493
4587
186
10493
1080
9559
7242
4947
5127
11374
7518
8420
3898
4412
3115
1580
9524
6430
12829
1496
8530
776
1643
7710
11212
11151
9197
2500
3763
8221
1366
1817
2733
7432
9799
9415
4818
4687
9969
5742
1124
130
9242
6542
8410
6109
655
10776
5943
8428
5090
676
2831
10720
858
274
4293
9502
10626
6379
12459
12155
11261
10921
4797
6704
12926
1551
7547
9596
1595
10671
7511
1057
2734
6078
2252
2479
11101
10087
10002
12161
8475
9218
11268
144
12737
11497
8273
10329
4319
9515
10829
11179
7035
12995
3054
5773
9841
12520
3765
6861
8002
3711
10680
5091
618
6722
5080
5788
11766
5376
12168
1017
11889
3701
1620
12031
6425
1987
10881
9400
7340
6783
5024
2024
5350
3505
256
9337
10079
8647
424
8992
5989
1143
8752
6942
5410
5001
3061
4888
10322
1808
5483
1766
11089
11877
8255
12532
7055
1456
11483
8260
11940
7389
6285
12408
10768
11371
6845
8696
9832
7098
6769
4017
7812
838
10033
9209
2889
6681
10224
4713
11455
4857
6
3683
2986
5614
11256
10407
3862
8269
1906
5872
10736
9014
9042
9196
11071
700
6588
8154
7007
8347
4632
10070
2903
9433
2265
7318
2480
6474
11591
9660
4875
8686
12258
2027
10824
9048
1779
5985
7020
8545
7839
1300
6784
10628
6403
8860
4984
6451
785
9818
5587
11081
10541
12994
10777
6854
2076
12769
9422
914
3466
7985
8261
10386
3416
3703
6933
3399
5544
5047
10907
4366
2585
10878
1966
10715
6683
2844
6849
12720
8852
8652
4065
11750
10063
1783
6139
1030
9405
997
6406
10337
4791
2558
6014
3408
8409
7407
10517
12861
4920
8211
5719
3820
2166
10150
5443
6712
334
8231
2502
2353
284
1172
7259
4000
2201
10719
1594
10287
8780
12490
1615
9378
6214
10959
4799
4408
5543
2892
1126
10379
5328
12364
570
11905
824
9695
9361
11276
423
8473
1134
864
10808
12237
8691
11551
10429
2113
11659
1166
7182
9981
7107
3498
148
6746
5889
11176
964
12288
83
910
2800
3043
12736
10053
6107
8648
4561
12204
12395
232
5422
3757
1324
831
9810
6469
846
4386
10138
10661
12922
8792
1447
8515
2394
10059
10278
8058
1619
6391
6027
2344
9599
11646
4478
8859
10664
7244
9583
6840
12711
4884
1853
2594
8254
10328
5174
9301
10781
11015
4243
11909
2834
3793
9016
10937
11600
5862
9876
9008
11959
5548
4053
5205
10364
2077
7576
2897
7858
8500
11221
4430
12078
9088
6305
11002
1735
12866
1825
7238
3742
7888
2878
1205
10447
3880
8526
4228
9285
2428
8152
2264
4639
49
12777
5850
1034
8415
2167
7584
7942
6205
7079
11509
1910
7341
2195
1085
10449
10495
8565
102
4602
9540
308
1898
4538
3621
691
4837
7396
2374
3141
1719
6705
6672
4853
919
2841
5331
8315
6210
2055
8886
12445
7145
6918
2089
12551
7512
7066
1821
1849
240
12911
12694
12392
3819
7254
6620
12430
11022
6470
7151
12825
3781
7214
5200
2505
10421
6302
8439
7337
10187
7183
12816
11630
5832
10380
4742
6377
10390
2616
9711
6087
2695
7588
4861
11790
6298
5277
7830
8995
11024
12053
2202
5478
12487
1439
7466
3975
12944
8697
9556
10108
12743
6632
8429
8868
1390
9501
8337
9175
2129
673
6080
4968
8956
5149
4763
4568
6698
8968
112
725
12368
4603
9347
1059
7641
2953
3563
11687
12302
12255
11323
9145
7385
506
12542
8126
6976
3349
8454
10996
12991
99
4191
7749
870
11577
5016
667
10721
3939
8613
3438
4652
5211
12166
1369
10993
9710
12409
5198
11608
6101
3265
5175
1901
7228
6344
11452
9867
9276
10699
11054
1571
9738
9900
10462
12641
3177
3139
10509
3202
6639
3062
3693
3067
10635
12183
8027
11871
7508
6275
8068
10128
5973
2535
5210
7522
9631
11638
10822
1829
7938
10908
8749
4309
180
12811
12394
2250
3972
1816
4127
11165
4836
12546
1421
1588
670
2118
3986
10754
1803
6757
11511
6393
5928
1181
7398
10582
3914
6595
5590
9577
9838
2645
12981
2316
3652
1791
12123
5335
6444
1864
949
5581
12107
10188
5214
8818
4897
11380
12612
6443
12667
11530
4364
12919
3919
6324
4418
6438
3400
4789
2005
4521
9356
2607
9770
9330
5240
11554
5094
5267
11175
2402
5430
9720
4355
4637
141
3267
281
10649
938
10395
10212
72
2606
6753
10325
2630
1782
430
8978
7241
11474
10611
1770
7275
9063
8042
12535
7208
11156
5176
7361
9340
3215
2763
2106
9105
1759
10718
11106
2875
1610
6601
10006
5186
5986
5750
10574
7760
9437
1773
5547
3285
7014
2777
6966
3491
4032
2284
1417
631
8426
9662
1440
10207
12301
4834
3234
5998
11142
845
4543
12282
10167
4563
8043
3133
1098
5900
8236
11772
1722
4311
5457
7126
10048
10755
6017
7290
6634
5853
2379
8663
7132
11992
4489
7005
3025
7268
12796
6535
3065
7923
10190
6211
6009
9507
9074
3586
2818
8063
6714
9436
12976
1373
11697
1063
5747
6453
10650
11154
6309
1648
7363
11235
195
3868
1089
2760
1795
2648
1885
9830
1692
10897
10713
8176
6688
8196
1272
329
6381
7695
9694
10989
5139
7934
9642
1873
2131
9885
2857
1563
11264
342
3989
3724
10950
5765
2902
4425
2004
547
7082
7926
9125
7848
10254
10580
566
7215
8229
1468
1305
6914
11182
9028
8883
9195
1102
10834
3455
4450
11652
7880
4990
5349
11614
3784
10288
6033
4212
11721
456
6317
3354
9187
8668
2542
4977
7577
819
6857
1457
4374
10083
664
4599
5401
3094
6846
12707
12121
3344
4612
5539
3135
8213
3667
3320
8313
6763
10036
10118
441
11440
10316
5713
3610
702
6421
11069
8304
3327
11521
7360
9409
4261
947
10295
2287
2662
1108
11706
991
11947
9896
10902
10217
5990
1215
11624
3418
9529
11098
6261
8568
8497
5427
8961
2693
9825
6799
12983
6382
5082
2263
6530
6665
3407
165
8832
3469
8125
5678
3983
5217
255
6863
8189
10999
11980
10269
9136
9897
4898
8658
12673
9044
6378
6007
8724
5296
6788
3426
1168
8519
10315
619
9797
1131
4815
2895
1876
3970
4498
9742
4268
5213
3370
4725
9358
11364
7594
6446
2949
12118
470
8507
10526
7696
11619
259
6797
8300
748
443
7974
3364
5099
8330
12739
2704
1793
3134
11713
9182
323
7972
10008
8776
7172
8932
568
7562
38
117
2266
3861
4832
6077
9373
3381
6983
12042
3607
238
2001
10862
12539
10918
2524
12306
8987
12828
7064
93
5167
7798
11085
6124
147
3869
311
4013
9129
11499
3961
7122
12541
9497
145
4998
12205
3079
10703
1081
4389
12315
4617
10310
3567
4020
6304
8977
11565
12870
135
4315
1909
8197
3635
2577
6240
9273
3492
649
7905
1859
10504
1155
12462
1843
2191
5861
548
9721
6231
12499
7818
10926
2462
7969
7230
11987
5469
833
9109
527
11722
6744
4477
11309
3964
5171
8181
11426
12379
8459
6115
689
4221
1815
7895
2003
12957
6328
1171
9826
2579
7257
6779
10967
6715
9416
1106
2672
10932
1622
2412
3696
10143
1855
4015
613
4671
12362
5400
5361
8397
3841
7959
9205
7661
9499
5290
989
4616
9641
1691
9003
3480
9091
12268
890
3811
7416
569
6269
9481
1430
4030
4576
7406
10774
9549
11546
7192
9542
8930
12241
1225
12979
4235
11405
4611
4125
3992
9149
6236
6782
4996
3643
666
1268
10477
4334
8853
12425
2864
5440
7495
6349
7815
1339
5991
2699
5585
399
9049
9817
5017
6460
4208
2994
204
2833
5391
843
10393
2516
7248
8011
10688
6308
2233
2651
1053
10972
1630
498
12766
9002
6510
8803
203
10442
2026
5178
3938
8714
5351
7908
5357
9291
2159
7738
11773
12014
12680
5695
12448
2283
4116
2183
11753
1195
11373
8182
4034
10728
12270
12259
318
11075
2859
12875
9052
7770
10956
10210
1704
6774
2509
759
2993
9762
9092
9345
8984
1416
6325
9788
9419
2885
5485
7072
12221
8460
8990
4381
1492
2069
12370
11077
1658
7611
11731
1335
2869
1490
8610
2964
6981
4130
3465
11397
7698
10806
5437
7384
1611
12120
11838
6455
5842
3368
10915
10220
1160
6594
2685
4272
11751
3761
4868
3003
4203
1744
2488
12797
378
1820
7589
8967
440
11395
4285
12968
5610
1804
553
10453
12787
5886
1591
3016
10271
7003
610
269
3648
9809
4807
12510
10239
7896
3269
5438
6577
7650
2872
11705
11116
4758
1555
7794
4028
4156
5820
9430
4524
9198
7368
12052
3471
11155
2636
5472
6996
10272
297
8512
4916
9628
986
12573
12770
9767
11456
5537
6768
4841
6025
8607
2745
11299
294
11699
10914
4095
6916
12848
10285
6793
1112
2608
11843
8485
8077
8170
10730
174
8311
11129
7694
4395
5721
7601
8137
7011
8250
9343
12271
5265
8528
1672
1973
936
138
10292
2068
5089
12746
6659
4689
152
11527
426
65
7483
4443
9468
2107
1344
1653
2072
416
7654
2988
9263
215
1313
10384
3470
11685
12642
12410
7773
9475
4494
7911
4270
146
1715
5110
11001
12654
4468
2677
5702
8284
5305
8645
4940
7364
12907
3826
8643
9444
8907
10388
2241
10557
9281
8368
1768
7823
1396
3995
821
12678
10301
438
1741
1656
7158
2427
2979
6318
3835
1621
1840
12704
3410
12428
7733
3923
8890
8917
2939
4010
11901
5619
7977
11011
11979
8573
2239
8913
12001
3058
1443
3387
11656
7008
2422
10213
9506
8183
12664
9993
10275
1007
159
11897
7123
1072
653
7831
4796
11916
11715
6545
1105
12880
7347
950
5925
1826
12489
10751
6970
2225
1841
12767
468
4137
2227
2446
3238
10501
11564
12102
6817
10946
4773
2356
6646
12454
9206
12989
7163
6103
9666
7545
801
6883
12837
7299
6351
12452
2033
6703
11968
110
11362
8502
4730
1862
10583
2836
516
6095
6670
5150
5851
10192
11074
11580
4455
9414
4333
11477
6587
1685
1315
9322
3029
6479
7049
9661
11803
5676
11844
1730
10249
918
8333
12112
10433
1341
1682
628
1523
10428
4778
5490
923
4094
12723
1452
7335
12380
8889
7141
6057
12605
211
11094
1813
8032
11756
11298
11348
11166
5230
5871
9858
12973
12417
12037
3356
3628
4820
8999
12577
3489
11620
11393
5124
7827
7903
9793
9715
1445
11241
483
8962
7277
6389
6201
1903
6173
6250
12977
921
12712
11654
8173
1649
7280
12279
9598
60
10136
9331
8612
12162
543
2692
9706
7801
5767
10454
10368
5927
2230
10928
4575
9688
4598
2658
7870
2100
292
8576
7702
2941
6105
4514
12304
12972
11859
6320
514
3818
10230
3257
4473
11427
8935
12917
595
6908
10046
4158
12111
9089
6954
9408
10094
1852
7415
3187
2792
11757
10313
6323
932
8753
12910
11540
8888
2934
9668
7821
293
4798
2431
9294
8926
1377
5988
9137
11510
12502
6700
10494
5037
9114
11173
11365
8983
2776
11104
11655
1140
9295
2786
1326
10247
4488
12033
3719
7034
302
12607
11153
5408
5804
2334
12701
6440
8847
11112
7572
2223
7125
11097
11233
9441
5776
5379
6213
4283
10566
8215
1842
2351
8308
9157
3544
91
7845
4676
4495
4761
9541
4662
2453
10273
9701
9940
11798
1828
11723
2036
12812
10827
10223
4765
7137
13000
5743
9223
3251
3127
4266
1162
4183
3722
7350
9025
1150
10203
12916
1664
1245
9431
4634
9968
12937
2304
12265
7355
12097
4581
1219
2589
11047
5982
3197
1208
8626
3080
11936
4043
1110
12657
6273
12420
10934
3295
12388
10441
3729
6889
3010
5921
502
9652
9671
12964
12516
3013
726
8174
5153
9807
7526
4490
278
10481
10722
1212
8734
4985
9151
8621
10228
11052
7390
10945
9650
5292
12792
10969
10629
12578
7790
9270
2960
4399
9766
7293
8570
11845
10455
9645
11911
9617
8166
2912
7426
4621
11584
10550
1334
12361
198
11224
10890
1047
7040
2647
4899
6402
10470
4142
11303
2494
3852
12218
892
5670
1510
11957
4254
6461
366
1156
10262
12127
12519
10593
487
6959
4921
5154
2663
4516
2670
10114
6113
3674
11475
10296
160
499
4709
7558
2295
9936
11045
11479
5829
7099
7873
9676
611
10931
11152
8711
2590
2232
12317
8240
2711
908
8549
9256
2886
451
2416
6128
3627
6952
444
7640
11666
5740
3170
12550
12050
6961
6150
8970
4830
9325
5122
3273
8641
3839
12791
285
558
7124
12156
2962
2348
10409
3910
2277
12618
9090
1179
6142
4067
370
11017
10927
9329
2222
6191
7329
11813
8164
11330
2401
9731
3310
10467
9232
8149
515
6040
1032
3044
2762
4128
11012
8854
7536
1902
7825
5236
634
7171
2729
3980
12722
11178
4682
4251
6807
6728
3578
7722
5994
1772
9076
66
6289
6605
6956
8102
10361
4590
8192
2439
9916
588
1263
10764
11933
3535
8116
5919
4838
4135
8008
10695
11137
3955
12492
2301
8065
11678
12466
7935
7234
12143
6286
10604
4938
3516
4970
7797
9463
9853
4739
3510
7371
10259
5840
5971
11465
6801
5968
3753
10840
4565
5359
1578
3293
7135
12290
8057
11601
6513
4747
4580
6701
4393
10326
7591
4501
6164
11376
2790
9348
8227
6387
12525
9970
12146
4437
2559
809
10857
807
8619
5131
5396
485
7981
5903
6571
2168
12845
10957
3376
12469
9639
2081
4669
3236
10112
275
4220
1178
2507
1002
1188
7453
7101
5374
9128
10184
6950
9964
1165
10246
4253
307
7989
8440
9333
7766
10121
7902
4388
9849
6829
3229
2467
3060
6618
8900
5908
6760
7085
2904
272
7963
12628
3762
5358
8914
11805
12985
12627
5681
1574
6104
11815
11970
14
5516
7056
6876
5855
2922
7527
8755
5054
11143
6079
3027
1261
11616
3901
6697
8593
2207
10694
1659
3118
4244
7516
11594
162
7504
5315
6555
9286
96
358
12665
5479
4484
12134
614
8375
2970
8622
6930
1451
1663
8779
5783
1109
3092
2248
7392
10656
1801
9500
4184
250
11102
306
2006
1914
12406
262
6644
8574
8007
11332
12133
1513
8139
12782
11425
3968
958
8969
574
924
6694
980
5343
7579
2976
9904
7649
8419
6156
3431
4368
3858
6454
1418
11119
1790
9547
35
3457
9287
6906
357
6953
1095
8278
5420
7202
5779
1322
9321
4744
4949
3231
541
6834
9188
7501
8030
5344
392
4133
4955
3347
2115
8161
9947
11952
10394
10951
10716
6827
0
11162
7566
3973
11595
121
7142
11974
1045
10624
5623
2322
2182
12128
7916
11134
8067
1385
2881
12600
6244
5856
12283
7334
10232
10767
7153
12274
686
4256
3554
3864
7778
3473
11289
11814
10858
2102
9233
2826
2796
8449
783
7116
9253
3941
1543
1812
11048
2057
10976
5375
3478
8138
10773
2251
9995
6767
2307
3605
5444
4588
9482
12892
7120
9751
1606
12060
10882
5703
7265
6896
12656
11864
313
10917
763
7507
18
5088
4339
11680
6725
4735
12862
581
2333
7703
7410
8218
5667
5546
3974
12975
8989
2016
6543
8387
64
12441
4245
10823
6217
6287
7408
471
3057
9462
8496
383
12022
6022
12630
8973
5638
1589
10152
6938
5671
10867
4400
5246
5794
2846
4446
3949
214
4539
11168
550
2855
9484
9932
8632
11447
3395
2292
11111
7685
61
11246
11248
10807
8142
8020
2719
10029
9389
2725
8469
12433
7565
2211
2340
6141
12526
4534
12915
3732
10148
7758
7237
11363
9420
5956
11878
1886
3556
10636
7639
8247
2040
45
3046
10075
5253
11317
5518
7824
12945
1244
12104
12716
1149
6070
855
8851
1220
12652
5664
2618
11014
10401
739
8692
12818
7438
572
3936
136
11443
8258
6420
10510
1723
4432
5308
8203
6860
11391
11203
638
6506
1132
6957
3486
3507
11190
9374
12378
7674
12740
8266
1407
4839
11793
11613
7470
1867
8037
1650
8199
1573
11334
2671
779
10430
5041
4934
3254
9005
5699
7609
6781
12470
2972
4692
2665
12703
8893
6343
411
12965
10935
4827
8097
9267
7998
10404
5579
2534
591
862
9764
4416
10367
5628
11271
4029
12095
6215
3009
5390
2926
4880
573
941
11718
8505
12918
753
6257
11950
8312
10327
289
4022
9293
6987
7612
12790
10365
9769
10964
10095
7146
3836
1763
7194
8563
9633
11637
2901
7484
4784
8438
6329
6751
2775
12521
1531
583
508
768
6898
7997
2426
4607
2350
188
6414
11210
13004
6339
849
12072
9823
8732
12036
10531
9637
2639
9997
12615
2184
11780
42
6290
6239
6066
4260
6449
4882
7393
7454
10606
8707
6195
7777
4515
6519
12366
3024
3336
10113
9200
2593
4816
10813
4039
12375
12414
5536
9607
5883
6909
11194
7503
5197
6977
6413
10702
5745
10240
10111
5995
5935
2074
3340
365
5941
10298
1995
4324
4907
12171
6432
10809
4595
9202
10436
2430
9884
1470
10854
7103
5515
10101
8861
8249
10482
11541
429
12961
9651
6808
6094
6464
11961
4509
10746
8010
9312
10400
5929
5322
11534
12137
12706
3394
6249
6699
8509
6647
4049
9937
9455
962
9022
10760
1086
2370
9434
6695
6837
12212
3484
11382
6810
1043
8710
8396
6943
4862
6539
8830
12744
12996
128
1952
1159
8117
8482
8614
6074
9829
2099
2510
2640
12555
495
10244
260
9451
1237
9730
9237
8635
81
6212
3102
12006
3902
1889
4770
9924
959
1130
1894
6872
10486
11150
11899
8865
4216
11826
9452
12340
8940
10987
12879
10594
6627
11841
5102
1464
872
8588
2130
9910
1699
7084
1602
11604
9073
12583
11585
7860
268
10913
77
6052
1070
8580
8972
9424
836
6761
7806
7505
6347
7799
8887
1592
12232
9387
9479
8083
7993
10571
501
6299
1360
4683
12376
791
8834
7440
2282
4194
2741
3291
10900
9077
10068
1427
2456
1959
11277
7213
3728
3022
9217
6882
5930
2145
5466
9391
12426
4976
4233
2189
4851
8655
2622
10586
3637
3155
8193
1503
290
3144
10520
10799
8872
2908
901
3669
11962
3490
5424
5309
5914
2296
11550
11561
1786
10734
10007
5891
8022
7544
10159
8988
10555
6754
10609
9083
11734
8246
3588
12793
7915
12581
6366
11714
1199
10342
10341
12192
10733
8016
4540
2900
592
3494
4843
2198
5119
10176
2125
8532
1489
6707
479
9407
10456
9792
2515
3158
2508
5688
12631
714
3580
8133
11662
12098
5028
10208
11865
1467
4081
2968
975
2343
7028
11672
1020
8045
8638
12480
1716
8628
408
10512
4263
5863
9539
12002
11856
7437
11258
1832
4119
10859
9588
2523
12606
5126
10356
7307
11629
8870
88
7412
5635
12038
9375
9646
5495
12203
6274
12504
718
1031
12752
8100
11627
11057
12485
9677
11272
9773
1485
10974
6730
7964
518
6376
1432
9926
6940
12045
3771
2718
9453
6338
2563
11501
477
9741
3725
5435
2821
6263
11964
1438
4721
4496
1566
9224
7960
1572
661
3497
11067
3788
5397
2104
12084
3631
2713
7358
4328
5907
10795
9605
11349
10891
8079
11263
2739
5071
1956
6626
10297
8578
1194
1073
3086
3927
893
28
8516
10274
6615
2679
6394
4463
8657
7625
11344
10811
12016
2587
11683
12958
59
5809
226
5056
2404
2105
10577
4
54
10010
3906
7278
11708
3157
9054
3751
6112
3087
3859
4086
336
6787
9946
896
3396
10323
7157
12982
7651
1794
7357
10458
9692
7764
7883
7953
5092
7742
11415
11827
11533
352
11096
2728
2383
6336
660
5238
5815
8726
9464
3830
172
2652
873
5023
3319
1465
7838
6102
3792
5811
7671
3533
5807
2513
4129
1406
6431
1101
6969
1701
4227
5412
8220
4084
2240
7731
10599
10324
8242
3136
10185
11781
5802
9601
4859
6737
7958
9697
3168
1605
2213
12202
12930
12004
9714
937
7560
6110
3559
5399
1177
1135
1500
5553
6522
7446
7881
10013
5100
2983
8491
6855
511
10660
3020
3059
8054
4941
5325
2025
10800
7378
1536
11993
3531
10126
11743
7022
12748
7455
4217
1283
3584
2245
8153
6678
3967
4427
9684
6841
3965
1061
8786
3981
3704
2244
5324
7586
2398
8766
11148
4329
7729
6049
9370
3589
11994
7198
8683
4189
4045
10975
3999
9961
6791
7783
7160
1920
9835
4347
10546
2363
1216
1514
8649
8996
1190
12170
4625
4353
3895
12373
1250
287
5762
3385
2967
12484
6868
4906
12260
9665
5692
4107
1887
261
143
41
9027
10860
4738
4361
4760
11634
2766
9057
3323
4373
7291
2419
10789
8208
11582
11418
9215
9894
2503
4187
12644
9180
210
12242
8793
2843
3764
856
9302
630
4419
7852
7948
9699
6048
2481
1069
9474
2969
9881
3758
3303
11219
4481
11890
3475
3538
3727
5209
5445
10106
1834
7878
4999
2137
10266
9562
3735
10871
9066
150
1419
6974
2905
10132
2812
11065
1060
7980
4331
3028
3357
7523
1259
3520
4052
7946
407
12350
6176
12830
11850
7144
6540
757
3572
11641
3445
3262
4338
1357
7119
841
8233
8553
3849
10872
11555
594
12460
7019
4779
3434
2853
4553
4746
647
6921
11239
7029
12789
8275
9297
5760
11598
10820
10723
5785
6028
4992
9102
2547
10850
10463
1912
6984
1469
207
12906
1674
9277
4705
7732
2601
7844
2536
11
7089
6034
6137
7323
395
4978
9908
3863
9402
12
380
6165
106
2387
7575
5441
6116
3405
2920
12987
7216
3553
9972
5134
3463
8463
11396
4795
6828
9543
11944
1721
2569
4207
12869
1065
11251
8735
7962
7262
10500
11948
7231
8511
7469
11578
2018
5682
2237
239
9335
5234
12496
3348
3922
8672
4824
376
9318
7630
1822
10796
5933
5286
1949
7223
4541
12065
2890
5173
10922
11975
10357
2424
10466
985
10140
10758
8359
10410
1234
9059
12844
11413
8280
10984
4483
2466
2038
3590
7521
6306
7944
6859
8918
3543
517
9657
8362
2598
6219
4633
11126
12214
11158
12687
5467
5373
11029
8604
4659
12307
9941
8817
8589
4209
3903
9600
12508
4321
9162
9093
7078
10011
2605
4085
8849
2197
3114
5299
3524
6852
721
3311
212
1119
12227
12569
1988
4518
9700
10362
4003
52
331
5939
1614
7932
9966
2633
7060
3324
1331
6483
6526
4512
10889
11318
8866
5064
11860
879
350
12590
79
11399
9771
4072
1529
2999
11411
1789
2035
3315
9113
5880
5752
10852
10801
11817
5675
3148
11388
8320
6372
5262
3619
490
12953
11868
6971
8838
9564
12506
9733
7251
11131
9934
71
5417
2444
5465
6374
7598
1200
4663
5086
7352
2913
1115
4117
10938
425
11218
12729
5431
6675
11480
10515
6300
11668
6569
4609
1506
4415
55
11778
10227
6140
9158
6185
4873
7111
2664
2687
1454
6596
6383
6208
5584
2063
5706
6925
2990
12643
10873
125
5151
3447
1473
1077
9155
1301
3668
5797
12814
9257
12522
9193
8664
507
104
8769
7351
5321
8121
6978
8447
906
7717
10654
271
4712
8407
8096
4345
6636
2840
9141
7782
8881
6226
2391
12113
1401
1164
2582
5416
9459
12713
4148
7563
11937
3870
3178
7606
4284
9878
8721
2090
6893
6623
1556
4287
10835
10909
3097
3330
9498
10554
10819
11581
9857
1185
2839
2746
11495
6496
12187
7957
7204
1778
9103
2599
7693
4356
7397
9418
4900
1944
8167
9478
1189
4457
6552
12579
10988
743
9597
7842
7668
241
8090
12772
1984
7236
10050
12698
5458
1568
3881
8754
10877
4165
10893
9740
6901
431
8676
6567
8105
3962
656
2773
6919
12126
6397
1382
6748
8363
7255
9905
6035
5225
12695
3204
10905
9581
8636
4958
1797
10051
356
3506
3680
1546
1388
7843
3982
8129
7229
1094
12245
2094
1118
4057
2807
11401
9743
533
3851
12754
12760
1248
8046
5563
9822
3424
1241
3785
5568
3423
5268
11717
11468
5229
10597
9084
8895
1675
9214
19
9029
8377
4299
5524
559
2923
9100
11941
6155
2436
2811
4964
3482
9313
4806
373
492
1054
6867
8682
11626
4973
12101
1271
6789
3307
3854
11675
2470
3829
8594
1633
1012
2529
5270
7978
382
5133
2617
9
12745
6330
4114
6669
8289
8257
5582
1424
939
11770
8939
4152
8000
12891
8430
12272
11217
7451
10561
10657
414
4026
915
4064
12091
11703
549
4277
57
472
5876
5263
8115
2973
11478
6881
13003
11898
3779
6874
5034
2761
2576
8625
8038
11061
4247
12075
9050
7152
10103
1913
935
12507
4223
972
8217
4296
10487
9935
11973
12863
9033
9824
2532
9134
6108
6968
2837
11357
4466
12228
11880
8572
30
5890
7767
7982
2270
4582
9865
10389
2293
12899
8076
7127
12735
854
5983
12486
2712
7187
8700
11553
6370
2656
7894
5475
9954
12990
12801
2482
6975
1827
7383
12200
6151
12495
9065
2623
1775
8670
2088
5279
1764
1303
12193
10189
4491
11840
475
12602
6631
2747
3332
12914
7288
7956
675
10503
1446
3994
4918
5432
9942
4423
8120
12874
7428
6922
6321
6743
5864
12165
11976
6745
9808
6630
11238
9210
9753
8085
8480
10071
2638
9396
1006
170
4367
7159
6472
7662
2936
10422
7762
11857
7175
5953
7087
9227
480
11079
884
705
348
5514
4201
9058
11095
7322
181
11908
3780
12843
10042
8301
3069
230
6015
2097
4754
8829
3636
9121
2520
3617
2393
4983
11472
2501
3737
4694
4434
10567
12266
2867
5404
5962
10488
8748
6951
3823
1187
8052
540
7841
9013
7854
10145
4303
5191
8399
4230
12334
6708
601
6307
6923
4615
8252
928
12585
1267
2392
10147
8964
6485
3528
6227
9837
10530
8661
9183
9687
5542
7053
2014
219
3752
126
5648
5969
8458
11163
4342
5298
12305
8945
12385
11383
5312
7659
11170
3316
7128
10451
7243
4840
5377
10846
8527
10175
5777
552
3402
9169
6076
11736
3960
6780
4646
7305
8367
5204
8306
1545
7567
12730
3940
5049
13001
2984
6149
12080
12341
6602
5884
5398
6990
2053
3812
2281
1058
349
7866
4525
8560
10202
2814
7395
4276
9980
3618
2850
6541
4688
2029
6352
12497
9855
11610
6246
8288
2958
3810
10317
823
11966
1986
1809
8762
11370
2600
4986
5656
12309
8156
2285
295
2067
9913
7138
12224
12355
10211
9336
9619
4290
1559
5219
5606
3200
11513
6904
5367
422
1327
9428
3256
10472
7813
727
11883
9095
5538
2200
6585
56
7336
11222
189
11454
5911
3670
11294
3865
4932
4402
2804
8223
10286
9831
1260
11187
5044
10027
793
12679
7802
5283
12276
2437
12647
1404
4110
9520
4728
12674
12692
11006
5574
3840
2133
4196
7150
10423
571
7191
3222
5507
9037
8561
1038
6209
10469
5494
2956
12025
2468
11273
10678
2364
10545
8857
11291
4727
837
2229
6054
3622
6458
4835
12571
685
2438
5712
8435
5744
3579
7533
4535
6428
7492
6234
8794
12188
8492
10787
6772
6154
1520
11792
44
9957
2997
10791
4126
4442
2595
2504
11417
5162
12564
1769
2341
6527
8026
5087
1647
11189
2176
5078
4078
11286
12912
4877
9525
12064
9056
11164
9115
8844
6645
10097
6706
940
324
11737
1280
3406
11771
6445
9225
5873
4583
8256
6292
1905
327
6773
1488
7409
5304
6960
4866
669
4448
4262
1437
3007
7712
4821
247
10124
11290
1710
5625
12556
2667
4426
3828
5826
1393
4570
5793
2620
9144
9380
12592
10330
9763
5177
2690
3577
10303
457
2354
12820
4665
4997
1943
11593
2345
11147
9303
3180
7795
1222
8552
11784
7580
12239
9184
6563
7046
12768
5757
5875
8271
10163
11927
7947
7023
3630
10032
4549
1976
6169
11225
6265
6806
4963
12543
8494
1810
5243
1752
9911
6967
7112
8239
5658
12885
643
12518
9886
12082
4103
4564
5738
6134
8606
10340
8623
5369
11306
5501
12998
1919
2002
6495
5854
5366
9442
1640
12382
8075
1878
1771
10431
1985
4924
5442
1258
11525
10652
7080
114
4520
9754
273
9190
798
2193
12980
9354
7156
9021
1911
6734
8827
3629
7669
12150
9271
3030
4358
11869
9326
597
6764
7370
889
6337
551
12130
1698
4449
5835
891
1291
3513
7616
10668
4204
10998
4942
9417
10346
8224
6184
5509
816
8328
4902
10906
12138
452
5190
9971
5339
1175
12011
2914
4584
8892
7459
2780
2360
8286
9268
8029
5019
4867
4069
5259
12399
2701
7840
7804
7240
4226
4596
5497
5967
6822
12984
6792
3633
11120
8562
8272
6732
4613
9024
5963
6435
5353
3850
6408
1277
200
7419
10634
12013
3120
7041
11132
729
2866
3606
2789
6988
7133
9820
8937
1819
9244
5196
11518
9123
11201
9371
6554
12798
4594
4979
6749
12810
12826
12132
12909
3145
10445
12131
1374
2031
4831
4654
805
5025
12638
1491
11633
9026
3748
133
8404
2278
3451
11019
4252
4740
8298
1276
6973
3911
12591
7538
11537
7996
10182
1103
7868
3270
7110
3223
9264
9401
3783
6131
5607
3372
3103
10496
2710
5588
11622
12986
4417
6018
10279
6452
1623
7872
4819
6913
362
2199
9338
7297
3268
9705
5449
4060
4844
4214
5333
7726
11599
3053
8731
1646
8744
7983
3390
7570
12421
9071
912
6238
3047
3130
7519
11786
10535
6367
11972
12461
5984
7600
5705
3346
1838
6720
11307
7086
4433
6072
11507
5372
6637
5561
10785
7429
11003
6641
6823
6088
12726
9696
12455
5680
9111
11193
11424
8314
1365
8986
5385
4895
882
213
10763
3258
2044
12932
9266
9124
2759
509
979
9316
3278
6928
948
119
1915
3573
4715
5950
3929
4007
875
9828
8168
4404
12449
1916
3775
663
10991
7349
8910
10612
5224
7164
5847
1325
8448
2560
8946
8157
6126
7200
9211
542
7445
5525
11709
3587
3686
6385
7356
11915
8388
9527
7129
9912
11632
716
26
9612
2305
6511
8104
11369
10663
1554
3163
10519
6994
621
4011
4210
5276
10788
2596
2339
1343
12697
5285
11198
2185
4398
4259
7672
2517
10775
7676
8222
6888
12230
447
11762
437
1725
8730
4058
8650
8092
880
3807
2271
758
6610
5769
5810
12511
1753
8069
1064
11188
11460
12804
5297
6100
8765
10672
11367
4606
524
8369
4571
12517
2395
810
2109
8412
6755
5310
5751
11913
11569
4497
4850
9986
4925
3421
1227
12523
8950
11928
13005
11461
10940
279
3189
4405
82
4833
12000
9518
11090
2397
3449
4141
6405
9226
10779
12755
2486
1084
5413
7517
12185
5523
3496
5066
2873
5677
228
5040
8928
11255
11259
11117
3625
7976
7665
3769
12939
11181
3915
11245
9983
9394
6939
3074
5910
5987
8360
1975
9814
10153
12147
4852
4157
10289
6158
2694
3259
5870
11197
11377
6342
7250
10691
8640
5464
1807
8476
1695
5924
2043
12530
5300
1567
9593
7569
5070
10518
4105
3526
6795
4826
4764
4757
3452
4195
4012
7065
3140
4460
4718
6794
8005
12027
1655
12468
9288
3900
8336
4556
4151
10399
11893
9602
3373
6059
8006
8662
5076
8175
6123
11711
2347
12374
3461
10711
12321
5291
4042
12438
3161
1370
4239
1255
11435
5617
12877
10506
10387
1524
7775
9367
9323
10740
1050
8504
1296
10171
7814
4439
6365
3353
8325
4160
11921
12559
3598
3002
5931
9229
8490
7619
12832
4014
1009
10067
11592
2743
3367
11549
1281
5603
12316
12324
1616
10690
4741
9248
8546
5652
1117
4542
3143
2998
7205
7677
9802
12332
8713
2366
8927
7245
2632
2750
3289
2683
2186
4038
12666
3300
75
576
3959
2971
5183
2445
11918
10242
12904
7791
635
12728
5316
6566
5123
4206
4027
4685
9473
8739
8807
8351
10640
5576
6575
11157
5409
10830
9368
7274
6319
3661
10676
2214
4306
6915
5905
8798
2951
12412
6471
5216
9493
11965
11205
3188
11408
8680
3071
1096
8867
7232
10499
7919
2234
7715
9752
5403
3739
8842
5083
8727
5787
12163
4988
2093
6221
2143
4776
4166
6283
10115
7525
7188
12705
5093
3235
6346
1969
10226
5827
7684
2087
4911
6037
4505
6170
4714
10476
8841
10218
9526
8690
8774
777
1174
9984
10265
4885
9108
8529
5761
10710
7435
178
3210
6912
1173
12718
1359
1213
9907
6412
8453
7284
9275
5798
12601
2954
3899
1442
1289
765
3511
11439
1478
3334
8436
10352
9176
3866
12846
12320
5604
8188
10752
6194
3309
10157
11520
7748
5104
484
7984
2603
11333
7753
521
2835
1634
12083
11854
1198
11674
12181
12854
2275
8836
12683
12534
10035
11679
7930
9067
1774
934
5346
4294
2235
4155
2627
11496
1824
1847
10268
5754
6648
1955
11099
12580
4465
11082
12887
9869
4413
6934
1707
8232
8056
10848
8350
3456
11558
11628
3549
11319
5482
7457
3930
10084
6243
10181
736
6353
7910
7463
8316
3038
7402
12070
863
7491
9698
8611
8835
6114
1509
11774
8141
5818
10839
5608
3822
12529
10637
6241
1686
3014
436
11398
6880
7042
6985
10802
8506
6345
11625
5666
7321
8751
6039
6441
12858
7952
3675
3208
9783
4482
7054
9505
9284
2653
9693
7298
9531
3620
2935
9036
2860
5778
12681
3226
439
10291
11744
11139
12693
4392
6724
11667
1660
731
5878
8758
3169
7258
10804
2459
4055
4182
10366
4703
12824
2262
12450
11939
6331
7686
5164
12476
11183
4530
6478
11387
12808
12119
9349
4780
5245
639
11884
971
8548
11649
12738
6200
9892
2297
5647
1453
2011
1321
4812
1111
7327
12186
9544
12689
7747
12821
4172
4048
5203
10461
8457
733
4952
12437
86
2268
4091
4040
11894
9709
2204
10205
2051
9199
742
6910
10579
814
9143
8413
7414
4301
12381
564
7180
2930
12086
9691
10576
10038
2566
1711
1950
4234
11942
3692
2732
3570
5341
7325
3458
12756
11445
11421
1243
6106
3760
12219
1346
264
5618
6941
789
5504
802
4597
3352
2158
2959
8745
1652
12253
11228
11523
8651
2631
10930
1310
2181
2259
251
10123
7853
7433
2767
10551
2346
6417
6188
6466
2376
3883
1835
2325
10281
5837
9359
10679
8585
12699
2883
5611
3777
5557
2805
11799
5689
1519
11431
5657
8356
12900
8616
4174
3339
6517
9891
6280
11954
3687
12135
3558
8991
6905
10080
10853
5669
4510
931
8740
4591
2157
11547
7114
7761
12059
2425
8555
8471
5555
9040
421
6326
461
2798
8631
7498
10982
11990
10816
720
12786
12938
1992
10601
1954
9756
6012
4320
7857
9334
9719
10468
11504
6480
8514
4275
10419
827
149
8704
1398
11202
4464
24
4734
6619
11631
9456
8323
3990
9563
1005
9933
7876
3500
596
7680
9514
2286
6084
6790
7051
10869
5741
11888
8291
12140
8903
960
5839
2496
10622
2314
8348
2801
4743
6193
11169
7772
8678
2856
3537
10200
3241
10072
2528
5737
5145
8816
4994
12857
12594
1367
10689
2313
11572
2228
300
6311
10821
6887
5562
6310
5487
9949
1788
8326
760
4295
1888
1191
11000
10125
10375
10619
5748
7353
7342
3976
8064
8265
10815
1776
4649
410
750
8809
1934
1262
3561
4814
1402
12860
3640
12296
2571
8675
8539
1676
8536
12733
12077
6055
12094
8302
12978
10446
1003
8442
11297
11416
7849
3754
32
12061
10559
5849
5152
5822
8575
11590
10484
118
9015
10037
5838
6468
7496
347
7225
3362
12658
8963
5165
12402
9460
6666
3435
8106
6063
9635
1823
11199
4975
5772
1961
961
2059
6532
8172
1923
2066
8441
5434
11945
10587
3279
853
6437
7465
4225
2753
4112
11665
9122
11260
7666
12586
10452
1147
7199
8689
11851
11282
774
9606
4929
10354
3453
2352
8845
13008
10261
1040
5237
11724
338
3164
5643
346
3545
11360
5720
7539
7021
11223
1542
390
1561
7535
6487
7177
5763
692
1846
7139
3436
868
7047
5317
557
10214
6747
11951
3891
2047
5700
11532
8543
1196
7366
11115
2737
8736
5168
1607
12538
794
1665
2916
5337
11422
8717
2810
6739
8376
12365
6679
1483
5338
6600
9119
12894
5961
11028
5550
7906
9975
11788
12839
6671
12734
6873
1318
3697
6653
2625
10471
10028
1861
9610
4143
9938
5287
4619
11822
12669
5007
3298
8345
7162
12109
4956
8624
2317
3221
4021
10370
9902
7721
12145
5836
7017
1576
4526
7479
11732
11539
5708
11867
5597
8400
2276
4036
2689
2418
6166
9315
10311
7165
6229
2549
6111
10231
2779
2477
10756
3896
9574
10137
12512
12336
3377
7822
4889
4380
10339
197
12289
5992
5249
2845
6499
9357
865
11404
2933
6544
10887
11464
6871
12514
10119
6251
7185
11059
9988
10549
10575
5264
3277
11352
4569
3448
4650
9758
363
12103
13
12457
648
4711
7613
5383
4211
5966
11269
1540
5477
7071
12479
320
565
5566
4896
6877
3656
2290
5814
12215
7647
4829
6172
11833
12974
12896
12640
9647
7800
3239
4751
7201
8433
6312
10765
12386
5329
12663
9959
1900
609
5395
10558
12724
6523
11538
10347
341
7425
2253
2961
11068
1724
9781
1299
2021
8489
5997
11831
10015
6174
12236
3838
10769
9703
4801
11694
4620
2255
5288
9553
9445
4701
11719
6907
4550
7430
3107
12481
1206
4410
7063
9595
7058
8783
8050
10570
9613
5206
12071
11618
5002
7663
4622
7638
11617
11265
1231
316
12318
12360
7061
12267
9930
4726
771
12439
8949
11812
1747
173
7807
12048
5026
12338
3797
4486
1292
7826
4257
12971
1661
4002
6245
4365
1596
5426
8965
9883
4147
9510
9796
6628
6046
10960
1001
4162
12626
5980
6388
5038
9254
12905
233
3290
11113
1284
10618
1493
10556
782
11329
10392
8615
2966
11791
11758
7768
9535
12684
1960
9235
12432
11587
11243
5222
8825
2484
1642
7582
10350
6247
6741
703
6598
1355
6136
1294
10196
6584
6434
3718
8666
10122
766
982
6267
6520
5796
10766
7531
9963
2030
248
4681
3547
1278
7140
9675
10621
6721
11816
9306
3342
10980
196
2399
7173
12055
9406
4560
6168
9080
11326
1145
3600
3477
1626
1896
2825
10105
930
12467
1441
8634
7597
8366
1629
10073
4061
11296
1942
5036
4219
12482
8147
12759
778
6525
1638
11211
1538
10338
6411
12074
9471
7088
8510
12106
1583
1123
9201
9426
529
10818
11281
175
11494
5758
12286
10405
7444
10502
2697
1336
7786
8338
6091
4382
3160
4281
6433
8132
10613
179
12855
10623
5598
6064
12238
249
598
1025
5624
8720
6758
3304
1309
790
9686
10173
8023
9035
7670
2432
996
7590
11107
1515
5170
8618
8159
372
9483
1104
6041
11325
6005
9086
12251
2378
12158
2315
12339
9960
5947
8044
1201
11469
6004
2806
5865
20
11684
1635
6624
3104
9836
5031
724
11083
4699
153
7510
12312
7785
4507
6436
2489
5869
4529
12685
9860
9438
8656
1624
8812
6891
10892
9958
3791
10631
600
7970
3051
8742
825
6505
4360
6117
1209
6606
11484
12108
1071
9031
11394
7281
11932
11726
12940
5735
12675
2944
9470
10936
1036
9630
1482
8840
5775
9789
7405
4100
5800
8916
11350
12676
4314
9682
8685
10417
5355
9393
11039
11917
1100
1971
5072
8788
7796
7716
6484
12954
651
11009
10294
10731
6206
10045
6935
12717
11336
4589
4668
7928
7884
10901
5455
10522
6528
298
5411
1964
11275
4289
8033
11852
3165
11922
8898
8902
8875
6558
7636
8975
5115
2267
8108
9019
11835
9364
6224
1781
1021
3382
9332
11196
12649
8084
7424
7898
6363
907
8421
1431
7653
11076
7524
8605
276
4179
1387
2280
12593
1256
9395
6475
8929
10206
11896
1230
6650
1856
10749
4782
3271
6786
6917
7186
3932
332
5250
12895
2308
2409
3433
10698
3193
1644
9234
10674
12197
12778
11267
12231
6314
6426
11907
2289
7746
6398
9901
5332
10970
11571
3172
3283
7016
5609
7793
12277
11244
7221
12043
5415
2079
2707
7711
3314
5368
5406
9994
6999
9517
12553
3337
6322
9813
7918
6327
7578
5116
2928
3768
1533
1587
6204
7376
10307
1947
4297
8864
3392
8551
1249
5565
12596
6735
3205
5724
8687
9707
1679
12547
7494
3150
5141
2010
1628
2882
2249
1678
5212
8824
6375
2511
8737
4246
8422
5520
6157
5208
5792
9274
4258
9457
5129
10941
786
3597
9702
11596
6549
9532
6548
12859
6936
10565
4557
7682
9626
3040
10516
4476
6130
5696
10351
970
8414
1917
8307
8804
6354
10958
8703
1890
10335
6223
2171
9126
4377
493
1683
1279
1681
9307
12139
7261
9663
6256
5616
9592
103
2991
12565
8245
1239
6895
5109
4903
3035
3993
11663
4813
1654
10708
9404
11716
25
1565
9107
5474
12169
11209
6995
1152
11171
5789
4202
7131
4504
2330
8518
1702
2981
4817
7411
8821
9974
10260
8424
12151
3365
2657
10178
7646
10803
12148
12213
9101
684
10415
4278
10052
7528
4930
2092
5993
2385
5848
5081
562
6255
5241
11379
12329
11470
8966
10838
11823
2740
1694
6498
12026
401
4953
8957
7620
11315
11247
7792
10234
7811
10828
10507
5468
10076
9341
3322
916
3644
6819
5665
8508
5915
8719
4635
3873
1361
2009
2384
1926
1055
7605
7990
7537
5095
9381
12803
9238
2231
9051
6903
10948
1008
8534
6252
10355
10700
12069
10378
216
2318
11982
8782
12451
3956
2809
5717
3266
3351
270
1931
755
4241
11340
7951
4051
7253
7920
3317
11087
7745
11986
6762
8003
12172
3389
3142
3717
258
9495
2134
9072
2160
5642
12774
1767
8693
8488
6536
9046
1455
1218
8646
11234
10348
1830
12888
3375
1941
6844
11438
12068
10603
4808
7431
5645
9429
12019
5046
2052
11195
9140
1625
7316
2668
1982
12753
3023
10794
4982
11342
10814
9920
7901
10160
881
3816
9627
4937
6512
12554
5596
10074
10539
5476
12206
2179
3552
11458
11058
3708
254
5892
11755
7893
2565
9355
9632
680
11485
3738
8264
1056
314
2540
1579
2906
4121
1600
3476
6685
6553
951
5714
168
5363
8018
4508
8630
10306
11730
4577
1010
8943
4150
7354
4169
5005
2440
4737
1796
5419
10812
5062
10064
11573
8761
1880
10383
8122
1392
1186
7688
612
2272
11060
9746
11787
12765
8073
5972
11230
12623
5012
2940
12715
11696
512
5193
12383
9439
1958
109
6963
7808
3217
637
10304
7320
2455
1541
6509
7961
7899
398
3925
5201
7300
7622
8557
11293
1617
9230
12537
8394
1329
4396
6892
5439
9991
9018
9859
9516
11609
10290
9967
8165
10560
9846
335
9557
3159
5636
3479
10376
11839
2224
10542
5817
2531
9609
8341
7197
9203
5103
682
9523
12209
9565
5575
4493
4076
7971
3979
9554
7441
6248
12404
9978
1512
5271
6081
1593
10693
3384
12178
8405
1386
6599
523
8040
3611
3230
7988
4965
995
1689
1927
3227
3825
3913
3075
8922
4282
5852
690
3039
11249
10406
7015
12142
5448
9446
8554
8556
9530
5999
3726
2497
1193
6418
3885
62
9890
4173
7427
12856
205
7833
12710
11984
7059
1015
4995
7155
11829
11650
2362
1246
10235
9573
6847
9204
10041
7587
2405
11403
8729
5573
2326
9104
5505
2849
12198
4706
459
4351
8118
12323
7477
1076
4346
3984
2948
11337
8200
12493
8931
2709
11207
10082
303
12835
683
6616
6802
9852
4698
5613
7828
10257
7520
6023
10377
3809
6358
11738
5371
12475
10408
2187
1192
11875
4523
8897
100
4849
8681
6232
2050
9106
11128
9300
11824
164
2573
2669
4106
343
3108
3078
5503
9882
4459
3664
10617
7912
6178
713
10233
10457
11552
4707
3804
6798
9678
5459
2726
6832
4805
409
1136
1129
9269
1882
4745
8437
2329
11789
999
5938
10263
7097
2008
6259
6726
12396
1113
10643
4131
120
6253
10022
1552
5668
12196
9919
8048
9537
9164
3083
4185
9861
11809
10883
876
813
1422
1210
9575
3096
12597
752
6045
5450
10845
12853
2918
8941
8695
9170
12620
5893
8185
5223
4101
9249
9744
12401
101
7235
4910
9580
6625
2797
5526
8474
11140
8466
3275
7756
8586
3383
10514
7266
6556
546
8911
4915
4471
3012
6061
3912
3638
12141
8451
8801
4453
5387
6693
12092
9392
5293
4122
5630
12788
3733
2637
2791
9866
2765
3947
1742
6361
4159
46
12278
11611
7615
1526
1356
11437
3776
2952
8361
929
12372
9007
5569
1330
1732
2894
2609
6482
4438
7887
5857
2748
5774
1391
8712
5059
5917
12557
9629
1349
11919
9648
4422
3472
403
1627
8822
12319
1798
6858
7581
10783
5239
8705
2977
8035
4050
1066
966
9178
9736
8960
5011
10658
2101
10127
2142
5974
11882
1860
12384
12377
5496
4720
3174
9186
7006
10726
3355
6065
3770
6738
6900
9194
11707
4559
8558
5166
1818
3702
2499
4350
7167
11056
2073
10589
1033
2879
7369
11103
11204
4842
218
396
5003
645
1308
3817
29
4229
11462
8074
11270
4548
7704
2463
2611
3420
405
9782
3515
12795
7212
867
10831
2827
3417
7285
8763
8587
1235
4923
6955
11912
12886
12558
12313
4436
2674
8373
12326
6614
5307
8571
5944
33
1895
7700
7707
1668
7851
2261
1486
5010
3920
9659
8660
6138
8592
4326
11651
4881
4537
6830
2829
4675
12568
1712
5898
3179
11428
8741
6660
10426
2156
12105
5781
1425
12589
818
6690
9159
6233
7771
9757
8495
4673
11016
37
10168
2527
5220
6831
6818
7645
2945
3245
4082
4033
6371
6260
9133
3948
415
8465
10782
3889
4608
7012
11192
2108
1436
10062
5347
2123
7549
458
10427
9055
377
6514
12298
3639
5130
3945
5615
8287
10004
5275
6056
3749
4178
887
6152
9670
12936
4803
3194
3815
10952
8980
3842
4601
12034
5519
9727
8053
11691
12622
4697
3185
9290
5970
4344
9716
12337
10183
10607
6657
6038
1981
12284
3068
4375
491
354
2666
2880
4340
8393
10117
1738
7121
3808
11078
6067
9811
2331
2778
9366
1285
3462
3562
4079
894
10943
2096
11969
8321
4056
11536
11186
1274
12999
11502
775
3651
8998
7252
12262
8186
8468
1266
5407
10532
11035
2564
9999
7568
11991
12240
8319
8523
12473
11287
7499
722
8062
1940
1762
832
7718
9551
11891
3428
848
10714
6177
7287
8332
9587
11322
12934
7679
7999
12407
6288
9150
2546
1991
6031
12117
2396
10739
1549
11434
12624
11368
11910
6276
12513
5053
2852
3468
11570
63
11136
445
6965
8702
8135
2735
7874
6147
2676
8802
4431
994
6989
4369
5731
5949
12924
4793
2578
1575
5433
2787
9874
3219
11389
6612
12725
6051
1590
7018
9649
5599
7891
2042
9131
9658
6348
11887
1746
9070
11419
2919
4304
9421
963
9615
1877
1167
5266
7474
820
8110
10553
123
11498
11146
9965
5874
12867
1979
1645
6501
11635
9683
12144
2764
4080
10842
4149
5601
6180
4441
3149
1667
2736
9023
7024
4444
1197
6759
8370
6621
9311
11692
2947
11782
5729
2567
10142
7273
11036
1534
1547
7644
3653
3052
2007
11314
6473
10331
6459
4136
580
12017
10349
234
267
3946
3937
8820
7094
3106
3614
8896
3934
8777
10770
3240
5964
10826
6673
1075
494
11904
7256
10293
9616
9127
6533
6609
10256
11135
756
6146
2221
12344
1831
4657
12129
11384
7886
4628
7774
10899
9729
6534
386
1677
9558
10440
7377
7443
2274
5662
6862
9880
829
2243
1122
8994
7069
5498
3997
10332
6531
12671
9803
4860
7637
4071
3682
4167
4950
10130
2458
520
828
12453
2815
7757
12850
9888
364
223
3260
9590
9098
842
5771
8041
231
11283
12353
10134
897
9362
6642
5801
10154
3844
4972
8160
7421
7486
11563
3585
11347
3363
6144
11575
2153
10236
4653
2506
3609
8331
4648
5486
7045
3292
5633
8671
1928
12424
11355
1760
4644
10057
6529
4376
3963
6521
6301
6570
4454
10712
11312
1399
6024
4317
3312
1275
9041
4551
11459
11783
6135
12191
2783
8522
4642
3691
6357
5602
220
12310
8276
712
7847
7994
12154
6742
2382
3211
9594
5570
1378
7763
7865
1458
7249
6718
8372
12345
11227
6271
397
10602
10681
11149
10979
9726
6516
4411
7689
3391
12949
1039
6192
113
12413
11339
10608
4693
12570
751
5057
12423
5157
6878
11516
12950
8722
5144
6396
1839
11739
10321
7404
3474
5846
11073
11728
10995
3100
3176
2525
2808
7657
7973
12359
7540
5463
8486
8997
6550
10847
8299
6663
12588
252
3011
9181
4083
10966
544
3414
8467
10165
3921
2012
3321
107
345
10949
6590
6851
9412
12369
11688
4593
7272
7610
625
9776
12884
2813
8550
1183
10962
6497
4312
12040
3731
3129
12275
11232
3031
2414
10459
8293
5452
6282
10412
8379
3446
9608
7482
11712
800
12400
11138
6515
9167
3747
2720
701
11583
1537
2085
1604
7096
4891
7168
1550
5651
10511
1273
4280
10747
4286
12343
6020
8677
10529
7095
5107
5136
7725
850
7460
11144
11213
9998
12800
2367
3281
4702
3419
7471
2420
1521
8178
2017
1026
1163
1376
2799
5160
6593
8342
326
11018
402
8942
1414
420
1180
898
3978
9833
10005
11605
6551
7189
7001
1226
9779
7913
11253
6395
1993
8800
8715
2192
3297
11914
7529
12636
11847
3871
3037
1539
7699
3877
7602
1557
5895
2730
12955
3529
3730
11351
528
3890
3536
1800
2217
7555
2628
4144
5821
12005
9570
2056
3755
3032
5161
7900
182
5845
10314
1028
11567
6092
2925
8455
5063
9397
4298
2408
2581
577
8885
476
4391
1836
9135
11331
4188
10797
6586
12256
9569
1657
11185
9989
6729
9166
2473
1223
5528
5261
3626
2451
744
2785
12903
10568
8411
3282
5235
2533
1897
4848
6477
4070
10219
11300
7418
317
998
12390
51
3209
4854
6190
97
1857
10973
4700
11821
12175
4019
5179
7136
5882
10743
5830
9538
5009
6488
4811
12566
3088
8091
4555
4790
11345
3206
10513
6848
8598
4974
3359
12125
3856
3488
12184
11432
7921
8912
235
11280
12250
9795
5128
5655
4215
7302
1384
5192
1850
607
58
9572
8353
917
11956
10865
5114
9737
2461
8813
8103
5580
11765
460
222
2522
3427
469
9038
10460
1475
1837
9489
446
7832
4193
6733
2238
7488
4407
1403
803
8871
9840
9928
2247
4531
5936
11574
455
7603
2177
5181
3831
6167
1833
7100
746
3603
1011
9043
13007
1501
12029
8327
7621
7422
10186
4242
2413
4074
4759
2400
5
1745
5640
11167
11505
5481
1918
4948
1518
2917
911
12806
8398
8339
12405
236
6368
8850
12876
2122
8226
9863
6991
9480
4533
1338
5948
6524
5172
6518
10483
1459
927
6279
11920
5320
2478
11589
9801
4016
1499
12159
12247
10000
1708
11402
10953
8216
3593
7787
11863
11764
1253
3723
10880
6655
6902
11130
10017
8828
69
10174
8958
8814
4666
3709
5207
1970
8001
68
10058
6937
7149
12841
244
4672
3175
1487
1151
3666
4716
6583
4768
9246
10180
10682
556
11804
10525
9097
10925
9760
4041
12807
7333
3924
12833
9879
11698
166
12719
11381
6820
10745
3191
12942
7673
9001
9784
10742
7081
2136
4249
12505
6489
9748
9082
9344
3918
242
4536
2538
10978
6879
12779
1023
3331
12015
11639
10353
2574
6682
7394
10564
7091
10464
688
1423
12799
7447
7683
1709
5545
5831
5138
6993
9611
454
3790
3105
545
12933
10141
7967
12883
10772
11800
2828
11231
4585
1494
8277
1996
12878
5923
12549
8423
9931
3082
6254
4023
7541
2361
10709
1484
9099
4636
8055
4777
9411
2291
6992
11926
12889
2863
12935
10345
6384
2771
1848
627
12058
8654
4164
8837
510
632
11588
4912
9360
2152
8810
2320
9680
2884
2150
11321
12356
4731
2260
4670
465
10284
6890
389
5653
8909
537
12611
10109
11886
6047
12418
7102
984
2135
3499
10600
10544
8899
9120
11701
7561
10837
3430
1
1739
988
7706
5155
9673
12099
12929
12992
5901
3888
10898
7294
10644
7642
4945
3794
2146
2985
9915
6640
1787
3195
3138
8590
7705
4394
1930
3987
5654
3066
7217
5790
12548
6145
4845
5571
15
7345
6291
11729
4059
723
4480
2037
11671
796
10151
3695
593
5323
7924
6490
10706
9064
4643
1264
375
11529
12079
9213
10193
1581
1758
12216
3796
10524
969
9039
11710
6036
8094
53
4138
127
4756
11030
1784
2848
9314
7720
7154
7207
9153
3116
12246
7449
6316
10771
3333
1078
6359
7313
10596
12464
4372
9768
620
11673
12201
9862
11064
9085
2580
2838
12028
11760
6071
8976
8093
9236
7692
10653
4035
12966
2147
2932
12044
5540
12865
4724
6456
12416
1522
12751
7181
4749
522
8499
6491
12842
2019
5819
3224
5272
3566
10798
3954
7118
1090
3369
616
3077
8281
10592
3228
8340
4752
6404
5951
10096
12314
7068
12881
6098
10003
3284
2650
3329
3272
5491
4175
2781
1340
4445
1408
2691
2442
9868
695
526
5018
6750
10971
11214
12946
2023
6284
9704
4300
6713
2298
1631
6824
6016
12229
10738
6865
6303
7174
654
3072
10133
1666
555
7751
10870
3286
1507
9533
12371
11769
7737
2028
12533
6003
9272
9871
50
2086
3113
3101
3875
4936
312
2163
4684
8134
1844
11302
677
4626
5280
7209
5733
8089
6493
1669
10225
704
5111
900
5303
7365
12923
1232
12668
12367
6447
7846
5541
4199
3943
2149
7206
3689
2082
4435
10780
5356
12264
3041
339
8933
1426
869
1761
10505
4265
3977
9467
11670
3276
6592
10875
8034
11041
6407
9536
11229
2242
6717
10793
8282
1051
9798
7330
8952
10981
8294
10156
1233
6766
7604
6710
4987
9447
1184
3672
5957
11092
11184
11676
4429
834
4991
6198
12010
6197
12032
12847
3821
650
12851
5226
1461
1845
12081
4004
11279
4222
1908
2215
4879
7030
7727
9790
9922
2858
622
2429
644
7936
8344
31
10825
9625
8462
7246
9755
2091
8843
8764
5698
7303
4878
10283
1780
11828
12775
12012
7073
8292
6617
8633
7635
8112
10448
5730
2421
605
4401
3084
11779
5531
2083
9735
225
9278
11180
12951
8318
12925
3659
10012
1705
7724
7780
9112
11689
6043
2721
12545
1570
10077
6756
12182
9794
12646
2380
6643
5506
4732
11400
4786
11031
1936
9485
5282
6608
953
3413
2161
2660
11752
9669
2551
11807
2871
12500
10104
3917
1405
10947
9589
12882
6816
11681
4892
6457
5340
2141
3048
1599
9118
5704
2435
12677
3928
10020
6785
466
11517
9448
4679
1211
8130
2041
246
8
946
6843
9017
3867
2321
1749
2138
10666
2942
12035
10243
3897
6870
7222
2103
804
2541
9163
5690
3591
3548
2646
12625
5558
12947
4522
3509
10687
4893
9148
282
8140
652
9403
2715
7269
12149
11407
8679
10023
3678
8237
3624
9465
80
3199
10309
4099
419
12046
9775
433
7247
903
12604
5258
772
6159
12346
12762
5256
2530
12220
2899
11467
11746
9759
9571
10169
12822
12921
1582
7723
48
7263
12763
8608
2144
4645
9681
8406
3122
9486
4935
9552
2584
8778
10194
11108
129
4578
10146
8806
7326
3313
6557
12393
4269
6296
11257
4783
973
6576
453
8597
3713
2915
4686
10381
3658
4864
7583
11023
122
1480
2816
4909
3121
8701
7914
6731
13010
2342
8456
10358
6242
8013
2372
3018
761
12325
6538
10480
5867
11989
11559
8059
11361
745
9914
2782
2132
967
2929
7975
9644
11025
11500
11531
4421
163
5594
464
2465
1703
12273
1333
9369
8309
10963
2388
2619
4722
5595
8665
3942
2226
8581
11324
1139
8694
11353
5976
945
8352
7027
11727
3705
10844
9787
12873
4736
12660
11311
817
12348
1221
10490
4232
2819
10391
11645
11086
12349
4890
8225
7448
1932
3481
10479
10369
12690
10025
657
7038
3848
2476
9774
5697
385
2155
8884
672
2877
1297
3676
7781
1157
1939
8214
799
10221
7618
10778
5823
4552
40
2371
1207
11216
12648
4503
8904
3483
11903
8880
4063
3521
7050
8274
7057
3306
2121
9728
2621
11161
957
2061
7271
10727
10308
7399
538
2629
8128
12864
4605
7380
812
12948
10222
7176
5021
10929
2755
11879
8071
5530
8493
11191
8296
11849
368
11543
10724
5121
9252
3857
2909
3916
8947
11568
3575
7736
10651
11747
7629
1127
1951
6537
11977
3673
2963
12330
74
10547
6448
6011
5533
6997
4108
3378
3299
6030
3156
5394
9012
1204
8784
12047
6118
9534
11660
12292
12528
6776
773
3933
5456
2495
974
10725
762
351
740
10851
2654
1937
4704
11643
10655
7367
6450
7009
4513
3213
9640
7026
7542
2117
12217
47
11436
10170
981
3876
1736
9977
11240
3008
10432
575
9047
4248
2868
11503
4696
3151
909
11160
11602
2751
5502
34
5117
3684
5577
8591
8503
9504
3700
7573
2624
8380
1286
105
11284
3196
8243
2758
826
1495
9845
4348
8728
10397
5932
7592
708
12443
604
5768
7184
3493
9895
4886
4664
1079
8374
9509
1690
10336
7
12952
2870
12300
7461
3305
532
10090
8564
3386
8047
7077
9749
11693
10876
8082
12836
6711
11013
1684
12928
6439
12742
3688
1302
6026
1269
8324
12610
3203
177
4470
9804
11378
7779
5251
5484
3530
10411
9487
1345
6392
8723
3594
5567
7909
2924
8795
4981
6638
11848
8708
9220
4802
9513
6044
9839
5726
1420
3181
10198
10894
1471
10992
5952
8993
10069
9423
9945
8078
8797
6293
6875
1562
4200
467
8855
1989
8921
9177
9454
10625
299
6120
734
11358
668
885
1397
11657
8953
5098
3422
11005
3599
9623
1067
7658
1348
2022
2817
2070
5739
1170
5388
6946
3063
6333
8869
2084
10704
11127
9872
12691
7497
9383
11051
561
3318
10642
12303
3371
4089
6313
8879
1144
7979
8207
5926
11285
7036
8938
3744
10904
2434
4120
3328
12761
462
2655
5641
8688
10450
9584
5559
7487
9440
3301
6982
12322
8785
9384
481
1228
5532
3343
1133
78
12041
2328
8620
8954
2357
2784
8015
7462
1240
8205
9889
2483
1924
2659
10817
9819
3596
993
7829
10131
4810
2
1641
8452
2557
7403
7608
2548
11093
7413
6864
5488
22
8009
4762
12747
3541
9262
3184
2034
1000
883
1994
1306
5860
1777
6069
8202
1651
9545
6163
7564
7713
4695
257
3805
139
10944
8295
11450
567
6467
8434
6836
4781
5858
6162
187
7400
4869
12531
977
2209
8151
7534
10026
7835
9045
43
5946
12920
5418
1415
9873
1252
10060
1727
13006
787
4168
9950
4390
5958
10120
2491
185
2046
10498
709
4519
6866
8187
2512
3743
6465
3006
7631
7945
10874
6132
9712
3404
194
7992
5301
7048
6262
1400
5693
7309
8163
10280
3255
7193
442
9765
393
9722
2682
2680
3681
6218
5252
6424
7917
2365
5877
8479
9634
4658
7574
474
3248
1125
11262
10590
679
629
1963
11735
5649
681
2095
11996
7130
4800
2386
12210
497
11493
3853
7092
12617
5281
13011
5583
2937
10684
8124
9877
5808
9469
5182
4993
9239
5365
1074
6086
3801
5306
6189
3325
6492
2487
9887
1270
1935
8127
4197
5446
2592
6869
6058
12261
6856
9398
2749
2613
381
7850
286
1116
3201
12897
8179
486
2931
5885
6341
12708
857
6161
11895
8513
321
5799
288
5686
9591
9053
12435
2032
9292
11145
4044
7456
4153
1169
7450
8024
12177
3345
3249
11316
7991
3677
3454
9299
7113
5632
4088
6089
2128
3034
3795
10241
1153
4474
6611
5549
6777
5825
5096
11141
11695
10098
5336
4406
10475
2071
12173
5043
9231
730
11442
8195
4980
371
5612
711
9386
1224
7554
3879
11026
11902
12509
10054
8425
2996
3798
7348
4240
6559
1004
4096
11124
5074
10492
9503
7381
4371
11934
11288
5622
11313
2151
11777
1737
6419
1544
8919
7331
503
11206
10581
12582
9251
8787
8060
7485
2526
9870
5715
3090
11997
8863
7031
10177
9636
3766
6258
108
4073
2910
7788
6062
4271
1138
2861
7314
3741
12458
7927
11008
7000
10750
3707
7104
11615
1743
6574
12039
12686
10179
2381
7937
5414
780
9777
4962
4719
3501
1717
6727
12491
2752
1883
6508
3969
11999
7276
1632
505
6203
12403
12629
5084
7338
12447
5295
1137
12164
7083
7879
8524
1517
2078
450
10252
12446
3004
10843
5560
7817
7744
5513
3192
10885
10418
2403
871
7739
3167
12331
12054
3950
9496
1962
6160
8244
12263
5918
5722
12773
67
1479
11063
11648
6803
11451
6427
5015
12285
6778
11669
11597
8191
11548
3583
11842
6948
9939
3064
2518
9844
8559
9339
1680
955
3750
8603
10398
191
8086
280
10534
9132
1740
85
12635
9620
7490
2165
6932
12931
11929
11118
1410
7810
12536
11125
3905
5061
9245
12160
8386
7013
7420
10373
6809
12233
3095
7289
5660
10805
1714
12633
11566
4638
10199
6093
9185
12328
5996
227
8951
10968
11105
5118
8303
2519
10253
5188
10977
990
3442
4951
5766
784
1024
7093
8334
11070
1718
8155
12997
8791
5661
3665
1997
4451
3641
5626
5500
12087
171
12419
9723
8144
1785
2794
2553
3246
10478
4288
5135
10903
2172
8684
6153
9282
9899
4352
3931
10563
942
8107
8876
3280
7039
2120
1462
8177
8206
6182
8036
9850
952
8579
208
10552
1922
2062
10997
9548
2111
11037
3233
12988
3542
10620
6897
4863
4855
4378
5902
7633
10019
1891
2768
4574
10497
2219
5746
11441
7530
6689
1128
6815
5646
6085
2358
2154
5294
699
5423
767
12575
7439
2543
8095
12358
3242
8577
10662
5508
3253
10527
9317
12208
7776
1731
10201
2583
3655
1158
1688
10372
11785
624
1319
11837
11278
2216
151
3650
12444
7869
6335
12477
9734
12391
6013
1044
1875
10065
8569
2803
10044
2727
12067
12941
5589
6264
4310
4092
6207
1757
5749
10741
11466
1734
12672
3721
5402
2754
3715
5101
5158
12269
9805
2064
2460
8004
7943
5364
11763
1921
3654
5816
11866
2911
2049
3123
7885
4586
5631
12465
11621
8627
7765
5429
835
5894
1869
6494
6029
8066
11429
606
5922
8113
2591
11931
11215
10615
3212
671
315
12429
6629
8609
5052
6423
6401
4823
6692
6662
4946
12960
7328
6691
2572
9667
10855
9843
4847
3550
2203
9258
2847
11544
157
8389
8772
11327
10707
2279
976
1141
224
10856
11050
6561
8212
11386
1413
4205
7043
2474
7890
9413
7481
12387
7904
9948
6400
12696
4062
10049
3602
11409
3287
7834
3017
10569
5384
11861
7548
6476
5065
296
2390
12780
11720
8098
1389
319
12634
6944
1435
3647
9561
8484
525
1022
4989
5425
10360
3698
11100
3909
4717
12347
9944
8770
6181
6503
811
5020
12834
9745
5022
6082
4170
6332
2989
9259
4467
9265
12498
9212
206
2965
39
9921
4767
4264
7708
6719
2196
11819
12472
822
8329
9522
2417
3076
337
2452
8101
5981
9138
2335
3532
7472
10924
1608
10100
3237
10413
3908
12281
12598
11295
6362
8028
1088
73
7755
3112
10717
1636
7820
2955
12167
11341
9147
519
7090
7607
6931
2065
229
1720
2368
11900
1637
5824
3878
11010
6125
3117
7401
10267
417
8371
4118
5231
5527
8285
9449
1601
11745
12003
1754
11832
7863
1598
7319
3998
2820
11946
8767
6463
4960
4018
5184
2415
5709
2769
6386
6410
5859
5273
5330
11522
12248
2148
4748
4492
3846
8088
5672
886
11960
6235
1945
11354
8716
7660
10197
5342
5534
7279
10031
3767
3592
1371
3361
9992
1870
1161
8150
10144
11607
5284
4610
9747
6911
9929
4163
11320
4865
5461
11586
1999
4349
5242
2327
12670
7170
8259
8402
3546
6429
9614
1411
2802
3887
5042
4087
1304
5159
4075
10172
12908
7493
5255
9856
5244
11301
8080
12297
4957
277
8747
5937
2610
7939
710
5725
4887
8446
9032
535
4772
374
2717
11446
5289
8310
11274
11356
3892
4708
7343
7324
10319
11304
3183
5888
1477
5221
2220
12110
4547
6947
11328
8235
4190
7789
4397
11642
5521
12562
1352
7260
2212
4332
3571
7862
3111
8087
9207
12194
9990
9909
5195
4177
2454
1560
6886
4544
10277
9780
4828
6010
10078
7179
4357
4928
4111
2389
3411
5499
8823
2927
9864
6667
830
8228
9304
10081
9923
9604
8894
3085
9425
344
12608
1316
12100
12249
8659
8238
10030
434
12913
7532
5605
4414
7626
10443
183
4387
806
10942
2098
8401
3504
3699
4123
3415
1528
10229
12709
116
6765
9154
5673
10759
2987
9156
2615
11981
9461
7075
11576
90
1968
6373
795
7861
8470
12927
8781
1553
11254
6597
1351
2210
6702
7690
11122
11032
7143
6053
11236
4031
3137
2000
9875
9034
10318
5137
4354
6547
5142
6964
124
5679
11542
6656
98
3005
10102
2688
9851
4359
5685
10614
3720
10669
3988
4336
3966
4198
11310
12661
6278
10961
5067
662
3534
11545
7803
2992
11084
304
4794
2039
1381
8343
5881
5030
11776
1029
2332
6090
6894
2644
4113
12727
10110
602
7108
8948
7464
8384
8385
9379
3243
8811
9280
6591
9004
1693
7417
8234
6668
5180
3207
7375
8743
9791
10533
3514
3487
6422
8920
8146
4499
4528
2164
8019
10705
7067
4926
7227
8219
10955
2772
6835
5311
4024
158
12223
4098
8891
6560
888
2634
5572
4804
9472
1977
10437
8201
3613
305
309
11133
5004
1872
6399
5405
84
6805
2312
2635
12967
9477
11794
8796
2822
10985
7452
4901
10954
8698
2824
12871
4316
394
8253
12784
3380
2457
1603
10633
1449
3787
5707
92
5734
310
8418
8478
4452
8517
7169
12574
5637
1983
10523
5473
5687
9842
2684
95
3953
11242
6613
3519
76
11506
369
1016
4917
1978
6676
4870
4871
11560
7002
10359
8906
7599
1342
4905
9586
1202
7292
1974
9060
587
5978
3608
4068
9492
10841
905
10
9956
2681
4077
8642
5554
6929
2575
3759
3055
7480
11825
10673
9982
11686
769
11463
2521
6143
5112
1892
6945
2980
3525
8541
2744
3991
12613
5189
12560
7655
11995
328
10866
11938
11612
5965
12195
3412
12007
3350
579
9172
6021
2302
12327
1527
12785
11027
11385
8547
5806
190
8746
12024
137
3527
6462
87
3601
5975
8873
12440
3926
2449
687
3679
11874
665
8012
11088
12616
12397
11046
2722
10647
3015
9208
3403
2359
9739
674
11020
10093
10061
10562
8709
11644
3432
3042
3772
5732
3814
5278
7226
6821
4914
9579
11923
754
4318
8365
2561
536
9363
11042
10215
9296
5069
3503
2555
5156
12073
8268
2355
2874
2982
7374
11476
3440
3508
11055
5360
11053
6507
10039
6350
2124
5462
4566
6281
3154
4327
3124
9521
10595
7965
209
4967
9255
7656
6579
10043
5269
9821
6277
9622
1874
10092
4238
12222
9476
4691
5113
11985
3001
17
6740
9708
7196
7332
12436
4631
12815
697
6068
2015
4447
7301
859
9010
8241
4511
184
3551
5977
11603
11292
7500
2299
737
8521
1871
10164
10605
6926
717
10416
1472
5627
8525
797
4579
5782
8639
4104
3904
5194
3539
10216
2514
8049
9075
3615
4627
7759
12093
10584
6006
5079
11834
5813
1182
10939
202
7816
7220
1948
10686
4307
10444
4558
9772
7836
1448
3958
7632
10255
10264
6268
7855
7105
7509
9519
10055
4424
1865
5073
8537
2757
9656
10363
6562
6416
7734
6199
418
10300
11486
10312
4180
4097
9228
6042
359
7388
7387
4674
3837
6099
2830
1965
6060
11172
2716
8169
7949
4872
1868
3294
7115
4809
9815
5621
4825
8263
10474
10403
9171
4723
10024
3098
3517
5843
9410
10270
4176
5453
11806
7052
7933
496
8290
10414
11114
5759
6050
1364
6811
2626
10983
10630
12088
9372
3604
3685
2724
7652
2140
6409
115
5753
379
9216
6546
9566
7875
10646
8775
7304
943
5784
8674
7954
623
6096
5866
6709
9305
12254
8427
8599
10868
9142
6958
7719
291
5954
5896
11924
926
4690
11044
8450
10473
3985
3874
3847
1265
2823
12893
8901
3081
4479
1516
2604
2888
2311
10665
3110
9435
6842
2643
6677
1087
5586
4335
10810
12057
3832
8750
4502
6850
10543
4532
10299
7730
1154
738
21
3308
3171
4274
2570
12051
11174
9173
3645
12653
8718
7190
353
2169
3128
1792
2190
2306
10849
4678
10237
5035
530
6504
11392
3642
1251
2180
2407
3540
8417
8382
1242
6838
9567
489
1429
7714
8204
1409
1893
8520
9550
3153
10001
1229
11562
5045
2288
5058
7134
3021
585
4904
8955
11448
641
7312
10129
5146
5979
7889
8148
1728
5728
11935
3996
642
1148
11515
7147
6334
1380
6295
7033
9973
3296
7596
6589
10282
11220
3756
11343
2770
4506
4954
11953
2539
8431
6000
5552
4456
2893
4660
9192
12817
11700
12090
12294
5348
10204
2139
12153
2258
10086
2369
7950
1035
9953
5841
8699
12731
11366
9139
678
1068
4384
8805
11414
8667
7344
432
11308
781
8706
8171
1609
3634
2851
4856
5120
7315
8267
534
3576
8725
5051
9222
6770
12009
11159
3220
12190
5899
4124
6826
10986
6220
3657
5143
9621
3893
2493
4428
12189
7478
12794
3789
3186
8759
2614
1504
2957
7837
10792
8279
2013
8481
4545
904
5327
2373
5218
4305
2714
5639
7740
11524
956
8305
9161
12252
5451
3523
12764
8378
1990
9800
6927
8982
10753
7473
12226
12494
7940
6607
155
3843
9319
707
3581
6083
1099
5694
9443
1618
4769
5934
2300
201
9279
8487
12020
2324
10251
6622
10627
10439
2943
8039
3495
6687
6008
9725
7359
2170
11943
8317
9943
10861
12757
6651
11338
7784
861
1395
7809
11557
10697
5454
8392
8878
10320
11748
6315
8985
12124
12563
5906
5392
11390
11007
10238
7296
3951
7362
12637
4273
1434
1236
7687
11725
9096
6564
4939
3443
1946
12293
3190
12943
12838
968
2862
2995
9718
7543
1049
12614
1612
8669
4140
3813
2194
3409
8882
11775
5718
10344
1332
6122
5313
1569
2319
8416
1052
7178
7037
5663
9068
10744
7515
9624
8031
384
169
3019
8357
5764
603
12335
10632
4822
10161
1037
4302
944
4969
3444
10585
7856
2738
8483
367
94
7769
6661
12714
6075
10784
1142
7070
1375
2048
913
12415
8123
10489
6800
10040
4420
4343
11682
3173
1980
9785
2377
5897
3401
11423
10139
8833
3649
11514
5378
5274
11740
12152
5828
5592
2865
2946
7224
9512
8959
4959
6979
2450
2471
6355
8974
10729
11658
2562
1176
12207
3706
12431
7664
3
4876
3374
7675
3884
1497
1584
3944
9191
8533
2054
10149
10425
12840
11930
7593
8209
11906
6270
10732
878
10014
10085
500
617
11967
1217
5460
12357
11121
9382
6001
11200
8381
7239
8109
5723
2568
5770
2950
4755
9568
5228
11491
874
4145
4461
2550
3746
1972
5564
10107
2273
728
3425
7754
7391
12096
5006
11876
9116
3360
6294
4966
12890
4109
4677
1317
3393
1697
2323
3574
4661
333
6885
1312
11759
4933
12235
2686
11433
6225
8644
11579
2545
1041
11040
12049
11797
8025
2832
6949
9664
1751
6121
7025
6442
7617
2126
3714
8081
1368
2178
6839
6097
7339
12474
1639
8472
9812
9243
3056
154
7556
5756
1597
1532
3595
6196
8915
3952
7476
3557
9674
12776
5535
9189
7585
23
2236
6980
9427
4618
428
2173
11818
132
3694
6486
5436
11488
3522
6723
12030
5106
7436
322
10538
10382
3459
11971
10864
4005
10659
9848
8184
5370
3824
659
8099
237
2309
4944
9560
9511
4409
8322
11640
2492
9847
6649
9491
2303
1933
1314
3441
12741
9903
10685
4066
9352
3146
3632
10209
4774
11489
2162
2678
3663
6216
12062
2703
10916
9927
1726
8790
5260
4858
1288
1042
732
7728
5684
3518
2642
12619
7877
10692
3464
8839
9221
3834
1107
9390
2336
10990
2175
5014
1548
6019
11519
3660
5710
12599
9951
1466
11528
5955
1502
840
427
4047
167
3860
12308
584
5380
3710
10757
11508
9353
217
7203
4641
11526
7628
11802
10863
2673
9432
11473
9689
4181
6771
5097
9834
7372
7571
4362
6202
8349
1953
1282
388
933
1383
9672
176
808
10396
5674
7931
10912
8408
9020
2795
10886
5075
847
3216
9685
2338
2441
8061
6297
539
12342
9585
4572
9898
8542
3555
2554
987
6736
6775
7551
11481
504
839
1802
16
5529
1295
5032
9713
693
4385
7489
8925
12872
8858
11873
12076
7317
6664
8848
11034
1347
7941
9320
5352
11021
9309
7882
2475
245
8819
5382
192
9250
7379
5517
6187
10009
11305
2793
4500
4313
3671
6812
7819
7859
11359
925
8566
12199
1394
8354
12063
11810
412
2447
8602
6073
10528
4186
3398
5736
852
10099
10833
10047
920
1476
741
12750
6186
9618
8862
3799
1530
11767
5185
3099
1298
3512
8981
4134
9816
9490
9918
954
4573
10610
3568
5510
7161
4291
6340
283
1498
4624
6272
4788
2552
2597
10333
12827
8815
2708
3070
449
6581
2411
8760
7922
735
1120
6175
1671
4330
2938
3712
8464
9009
2349
5447
3450
1320
7109
6002
4562
7218
10933
10911
9006
12662
10648
9893
3263
5659
3335
7648
11870
6813
8070
3612
5421
221
89
6230
3957
7074
8924
3045
2556
1938
895
11406
4846
11123
5389
6658
2588
5033
1013
8544
12287
9786
3872
1460
5013
1362
8051
6796
10884
4146
7382
1879
6369
9979
4009
413
12354
8738
12831
9069
7219
3162
161
3326
5247
1450
5199
4458
1957
5591
2696
4614
7925
7264
9638
5887
1863
12609
1481
11801
6814
8283
11796
5132
4025
5492
1097
8114
4710
7987
6635
7267
1428
12174
1412
5691
8461
4154
10088
111
1967
7966
3882
9724
5169
12280
1114
9690
10641
9328
11033
5471
11457
1508
12732
3745
6573
3026
3198
12849
10135
11482
1323
1214
2774
11375
10485
8119
6119
3341
4292
5791
7032
10895
5593
3109
1048
8111
7283
7475
5551
11062
4592
5780
1558
6652
7929
11335
12066
2612
1091
9247
5959
2700
5060
8653
8808
3274
815
8346
10155
11490
2490
599
391
1696
3971
5326
3147
2788
7308
3569
9365
7434
3366
4919
10438
1511
10195
11811
11983
1535
5701
6580
9466
7468
5755
4139
9996
10258
488
3502
7867
3379
12655
6481
2337
8923
3439
2080
4279
4656
8538
482
9654
5650
3560
9260
1706
6133
7667
12524
9917
5125
10343
340
11704
560
7892
9987
5039
70
7681
27
7634
706
9351
563
4341
11004
10540
2116
2649
866
6364
6633
10116
7233
11049
7995
2586
5302
10919
7195
3429
142
694
3252
9240
11808
9350
8270
1121
9806
9168
11556
7513
4785
1765
3218
4370
4161
12211
3036
11252
12758
9324
8210
12180
4037
9976
3232
1805
7697
9081
2887
2472
9289
7546
6228
860
8364
3182
2218
7743
6500
7897
12056
7735
5620
4006
9450
5803
1899
12116
10910
3126
7004
5202
899
3802
3734
11653
5489
360
3716
4567
10667
12527
6604
2294
2974
10420
4623
12333
6222
3806
8432
12576
4383
9160
4971
2114
715
10879
1379
3125
12632
7559
7117
8531
8403
12501
12552
2423
11072
8583
1203
8799
8756
12398
3244
5232
10371
1146
6183
12427
5644
199
12702
8180
9955
626
5511
5522
6833
6237
4001
1881
4054
10832
4255
5105
8444
582
9087
844
12823
12478
1092
3358
5048
5000
9388
9750
1577
3935
1585
578
5068
5727
1929
12363
2045
1854
12456
7282
12442
11733
12008
1866
9952
10790
9732
9603
3152
9582
12956
4236
6582
4267
8021
10761
3565
10923
5795
2485
12659
7311
5148
7310
11820
6129
11661
1564
11487
1254
7386
10888
3736
5257
12645
2661
10018
6716
243
10598
1814
6825
3782
6032
12805
11109
788
4894
792
1463
4629
406
6356
6572
8230
12969
2498
4475
473
9030
8072
3786
3855
4472
2544
10250
3827
3166
5945
2269
7623
3845
11250
698
7627
5629
10374
36
7306
1925
12176
12179
8979
10616
1525
5912
10302
11664
4913
448
5942
8600
3261
658
12352
5578
12802
6654
12122
3388
5683
2448
6853
11963
10675
7270
10994
9130
12639
1350
10166
6171
11647
922
12561
11761
9079
3119
3073
1505
4046
1062
8501
8158
11512
6360
11978
1799
12115
4943
8768
9854
9117
2854
3089
4379
12225
11492
1019
7550
1337
7166
11988
3467
9308
4651
2876
8629
9653
12771
3646
7346
12023
8617
11636
355
7423
8355
1311
11449
1444
11795
12157
3907
5879
10305
5319
325
9578
9310
902
7709
266
6603
8905
12700
2058
3582
12852
3740
4961
8445
2110
9261
8145
7506
9679
10508
8826
10016
9298
1662
11830
3690
12970
8297
3000
1046
4462
6127
10162
1354
12257
7643
8014
12295
11858
513
9458
10465
387
11677
9000
11836
6924
3662
5556
10537
8856
11372
2742
2205
764
2310
2698
10696
5248
5844
586
1998
8601
10089
8584
11091
4527
9342
10591
2112
12389
5812
9555
7986
4931
2206
2443
4630
1018
5833
2723
11955
3803
12721
5916
4517
11892
4132
4908
11623
5634
4927
12422
1756
4337
11958
2410
11237
1713
4546
10248
8540
10578
4729
6972
8637
5215
9283
3886
4237
435
301
12567
5187
3774
12783
1811
3264
1586
6899
6696
12234
12411
10402
8383
3460
12114
12503
12471
11998
4115
8535
2020
8391
1755
7552
4487
6986
4667
9985
10588
12018
12299
12621
4218
2119
4554
4102
9011
4792
2641
9925
5354
13009
1293
11885
9399
7595
8162
8595
696
6884
2208
2975
1083
1372
8877
4171
8757
7752
11430
12136
7614
9376
992
10491
3225
330
11862
404
5480
11741
2127
4787
7442
8248
4640
9346
8477
4323
11266
9146
9241
5334
8131
749
5868
633
12544
4440
6502
4733
12868
3437
10424
12540
10573
11754
3214
8190
3773
11346
5805
7148
646
10091
12819
2075
134
11444
3564
770
11872
8771
9962
6920
10158
531
7624
3800
4604
8251
965
719
12901
2375
400
11535
7968
5393
554
1729
1613
4883
2891
1082
10521
12291
9643
10638
2188
9152
9546
11412
12603
10276
11768
1700
3033
156
1287
3397
3302
8198
12749
636
1474
1670
10920
6266
3050
12993
10572
4213
4363
7076
5050
4090
5428
3338
4231
9488
2602
7750
608
7691
11881
4250
4469
8395
8335
1673
5314
5470
361
10435
5386
590
8143
7467
5345
1353
2706
2469
10021
4750
9327
5600
9061
4753
10677
6415
4403
